478745910,101,96,9609,1051862757,88199,2012-08-25,0,,1,-1
478745910,101,51,5131,104227242,648,2012-09-19,9,OZ,1,2.99
478751572,101,40,4004,107765272,17309,2012-08-03,1.1,OZ,1,2.5
478752718,101,8,816,1064034464,6731,2012-04-22,16,OZ,1,3.99
478752718,101,9,914,107343575,9705,2012-10-30,4.4,OZ,1,1.19
478752718,101,6,610,1071941070,24978,2013-04-07,1.93,OZ,1,2.69
478758043,101,56,5615,107835474,2675,2013-01-20,8,OZ,1,2.44
478758043,101,53,5307,1068826767,7173,2013-03-10,12,OZ,1,1.5
478761312,101,28,2803,1068826767,81691,2012-04-17,9,OZ,1,1.35
478761312,101,5,519,103000030,14760,2013-02-08,11.8,OZ,1,2.5
478762474,101,35,3509,107261373,401,2012-10-23,50,OZ,1,2.99
478762474,101,14,1415,1068826767,81691,2012-11-15,11,OZ,1,0.79
478767115,101,53,5307,101450010,20864,2012-03-15,14.4,OZ,1,2
478767115,101,72,7205,103700030,4294,2013-01-05,6.2,OZ,1,3.49
478767115,101,57,5703,1068826767,81691,2013-03-23,6,OZ,5,2
478781028,101,53,5305,1068826767,81691,2012-10-03,10,OZ,2,2.18
478781028,101,97,9753,1020401121,0,2013-02-03,1,CT,1,1.44
478781028,101,10,1013,103890030,5072,2013-04-07,16,OZ,1,2
478793332,101,9,907,1068826767,81691,2012-06-09,15,OZ,1,2.19
478793332,101,41,4107,102400020,4704,2012-10-13,15.25,OZ,2,1.56
478793332,101,24,2401,103760030,4979,2012-11-03,38,OZ,1,4.29
478794077,101,99,9904,103338333,33170,2012-12-21,16,OZ,1,4.99
478794077,101,9,902,104400040,18775,2013-05-13,9,OZ,2,5
478794077,101,96,9609,1057274555,88199,2013-06-05,0,,1,-1
478801740,101,41,4107,1068826767,81691,2013-03-28,15.25,OZ,3,2
478801740,101,53,5305,1068826767,7173,2013-06-08,9,OZ,2,3
478801740,101,0,0,10000,20405,2013-07-19,0,,1,-0.54
478804061,101,9,902,104400040,15335,2012-12-18,15.1,OZ,2,5.78
478808485,101,37,3706,104119646,14582,2012-04-25,19,OZ,1,1.79
478808485,101,97,9753,1020315121,0,2012-07-12,1,CT,1,1.67
478822461,101,96,9609,1053700050,88199,2012-12-09,0,,1,-1
478822461,101,14,1411,103890030,5072,2013-01-04,20,OZ,1,1.25
478822461,101,2,201,101600010,1756,2013-02-13,16,OZ,1,2.19
478822871,101,97,9753,1020416626,0,2012-04-10,1,CT,210,3.55
478822871,101,22,2207,104650040,16355,2012-07-19,60,OZ,1,4.59
478822871,101,9,913,1068826767,81691,2013-02-11,12,OZ,1,1.59
478823668,77,6,610,1061126969,15041,2012-07-13,16,OZ,1,3.69
478823668,77,97,9781,10000,8255,2012-11-01,1,CT,1,-0.13
478827318,101,9,902,102410020,44209,2013-03-27,13.7,OZ,1,1.99
478829935,101,63,6320,1068826767,81691,2012-04-18,12,CT,1,1.49
478833905,101,5,501,103000030,45635,2012-03-04,18,OZ,1,3.49
478833905,101,9,906,103915636,100216,2012-10-07,9,OZ,2,3.58
478839787,101,33,3307,102900020,14112,2013-06-23,2,OZ,1,1.5
478843428,101,58,5812,104470040,13310,2013-05-21,16,OZ,2,4.99
478844128,101,59,5902,1068826767,81691,2012-09-14,16,OZ,1,2.99
478844128,101,33,3307,104152040,7173,2012-09-14,48,OZ,1,4.99
478844128,101,9,902,103010030,47346,2012-12-20,11.7,OZ,1,2.5
478844128,101,2,201,105150050,14029,2013-01-01,15.25,OZ,1,0.62
478844128,101,33,3303,102300020,29284,2013-01-03,10,OZ,5,19.95
478844128,101,27,2707,101780010,14717,2013-01-31,6,LB,1,10.99
478851100,101,22,2207,1075703777,13386,2012-07-30,21.5,OZ,1,3.69
478851502,101,9,907,107341070,13291,2012-08-26,12,OZ,2,3.99
478851502,101,33,3307,104157040,2017,2012-09-08,6,OZ,1,3.49
478851502,101,57,5704,103663232,4568,2012-11-25,16,OZ,1,2.99
478851502,101,23,2310,1068826767,7173,2013-02-02,19,OZ,1,3.49
478852579,101,63,6315,107999777,15502,2013-03-21,32,OZ,1,1.19
478852579,101,26,2634,103700030,3293,2013-05-24,6,RL,1,3.99
478853857,101,5,519,103000030,14760,2012-10-02,12.3,OZ,2,5
478856900,77,9,915,107750777,9469,2012-08-13,8,OZ,1,2.59
478857560,101,58,5899,104136646,21583,2012-06-10,16,OZ,1,3.29
478858000,101,32,3203,106414464,13474,2012-11-20,5,OZ,1,2.79
478861482,101,63,6319,102073525,18893,2012-05-23,128,OZ,1,2
478861482,101,9,901,106305464,96379,2012-11-28,7,OZ,1,4.99
478867232,101,99,9904,103338333,33170,2012-04-02,16,OZ,1,3.99
478867232,101,9,907,107341070,888,2012-06-25,12,OZ,1,2.5
478867232,101,58,5899,107232272,27348,2012-10-30,20.8,OZ,1,3.99
478867232,101,57,5705,103663232,4568,2012-11-05,6,OZ,2,1.2
478867232,101,71,7106,103700030,8047,2013-01-06,23.7,OZ,1,6.99
478867925,101,72,7205,103500030,3830,2012-03-16,6,OZ,1,2.99
478867925,101,63,6323,1068826767,81691,2012-05-11,128,OZ,1,4.29
478867925,101,50,5002,103100030,1358,2012-08-25,7,OZ,6,6
478867925,101,54,5401,1067984464,68282,2013-03-22,4.5,OZ,3,4.43
478873331,101,36,3611,1068826767,158,2012-12-31,405.6,OZ,1,3.99
478877784,101,51,5134,1068826767,81691,2012-06-16,11,OZ,2,5
478877784,101,25,2507,107235070,68047,2012-09-29,65,OZ,2,6
478877784,101,9,908,107203070,5812,2013-05-10,16,OZ,1,6.69
478880819,101,96,9609,1053400050,88199,2012-10-02,0,,1,-1
478884623,101,30,3008,1068826767,7173,2012-12-10,16,OZ,1,2.49
478884623,101,63,6311,108259282,12297,2013-02-25,15.2,OZ,2,6.98
478884623,101,99,9904,1071575676,5278,2013-05-19,16,OZ,2,4.99
478888141,77,33,3305,102840020,18584,2012-06-26,9.75,OZ,1,3.34
478889353,101,71,7113,104152040,2963,2012-04-22,12,OZ,2,5
478890688,101,5,501,1068826767,81691,2013-02-08,14.5,OZ,1,2.24
478891413,101,21,2105,105200050,7054,2012-03-11,32,OZ,1,1
478891413,101,9,907,1068826767,81691,2012-03-11,20,OZ,2,2.18
478891413,101,63,6315,1068826767,81691,2013-01-23,128,OZ,1,3.62
478891413,101,26,2609,1068826767,7740,2013-01-26,70,CT,1,1.25
478891413,101,21,2106,1068826767,81691,2013-02-24,64,OZ,1,1.99
478897327,101,26,2622,102570020,20361,2012-07-15,10,CT,1,2.19
478897327,101,73,7304,1030003131,15393,2012-10-14,4,OZ,1,5.89
478897327,101,79,7902,1081349383,47259,2013-01-20,0,,1,2
478902941,101,5,501,101600010,3331,2012-07-21,11.25,OZ,2,5.58
478919182,101,9,922,103800030,17050,2013-02-07,4.4,OZ,1,2.5
478921979,77,63,6320,1071514171,25530,2012-10-19,12,CT,1,2.5
478924423,101,9,907,1068826767,81691,2012-04-15,16,OZ,1,2.39
478924423,101,99,9904,103338333,33170,2012-11-09,80,OZ,1,6.99
478924423,101,30,3008,102066222,12598,2013-01-30,16,OZ,1,2.99
478924872,101,99,9908,103338333,33170,2012-04-09,48,OZ,1,3.99
478932923,101,59,5905,1079645171,13101,2012-07-14,8,OZ,2,3.78
478932923,101,56,5615,1068826767,7173,2012-12-13,16,OZ,1,4.99
478938978,101,58,5812,1063690666,12339,2012-03-17,14,OZ,2,5.99
478938978,101,25,2506,104127141,26189,2012-06-27,32,OZ,4,11.16
478940171,101,29,2927,107225171,12502,2012-03-05,5.8,OZ,1,1.99
478941317,101,19,1905,105150050,16728,2012-06-07,12,OZ,1,2.79
478941317,101,57,5704,107047070,20230,2012-10-19,6,OZ,2,1.34
478943122,101,96,9609,1057357050,88199,2012-05-25,0,,1,-1
478943122,101,51,5126,101380010,27474,2012-06-13,12,OZ,1,2
478943122,101,36,3638,1073951070,16807,2012-07-23,20,OZ,2,2.25
478951855,101,33,3350,102620020,16611,2012-07-13,1.94,OZ,3,5.07
478951855,101,9,907,107102575,25632,2012-07-22,20,OZ,2,3.29
478951855,101,63,6315,102719525,55078,2012-10-04,64,OZ,1,2.89
478952355,101,9,907,102533727,34175,2012-09-12,8,OZ,1,1.55
478953163,77,17,1703,104460040,3718,2012-03-29,32,OZ,2,5.99
478953163,77,29,2903,105100050,72482,2012-10-28,15,OZ,4,4
478959129,101,33,3303,104120040,9914,2012-07-10,8,OZ,1,3.79
478961701,101,5,517,103574232,8081,2012-05-06,8.5,OZ,1,3
478961701,101,99,9904,1071575676,5278,2012-05-11,16,OZ,1,3.99
478961701,101,17,1703,109867393,17577,2012-05-25,22,OZ,2,4.7
478961701,101,9,902,101356212,713,2012-09-01,7.5,OZ,2,6.98
478961701,101,33,3307,1065585262,1074,2012-10-15,9,OZ,1,7.49
478966403,101,9,912,104812141,18322,2012-05-20,20,OZ,2,4.69
478966403,101,15,1504,104114343,17593,2013-02-24,6,OZ,1,2.39
478976397,101,26,2611,103600030,14191,2012-10-02,54,CT,1,10.99
478980921,101,17,1709,101920010,10882,2013-04-27,24,OZ,2,3.98
478996812,101,10,1011,102400020,4704,2012-11-17,6.5,OZ,4,6.76
478996812,101,63,6314,102100020,2321,2012-12-28,16,OZ,2,3.34
478998096,101,3,302,102800020,30272,2012-07-08,12,OZ,1,2.79
478998096,101,10,1010,105150050,16728,2012-09-03,20,OZ,1,2
478999605,101,21,2106,104180040,19713,2012-05-19,25.4,OZ,4,10
478999605,101,25,2509,1068826767,81691,2013-03-03,32,OZ,1,2.49
479005517,101,23,2301,103340030,15802,2012-04-02,16,OZ,1,1
479005517,101,21,2106,1068826767,81691,2012-04-16,64,OZ,1,2.19
479005517,101,8,803,104150040,6714,2012-08-27,20,OZ,1,1.5
479005517,101,0,0,10000,20405,2013-02-24,0,,1,-0.99
479005517,101,63,6315,1068826767,81691,2013-03-05,64,OZ,1,1.95
479005517,101,63,6316,107342070,4529,2013-06-16,16,OZ,2,4
479005517,101,29,2914,102100020,9886,2013-06-16,14,OZ,1,2.29
479017615,101,9,907,107518575,11221,2012-06-10,15,OZ,1,3.49
479020739,101,36,3612,1068826767,158,2012-03-17,128,OZ,3,2.67
479020739,101,97,9753,1020475929,0,2012-06-23,1,CT,1,2.88
479020739,101,9,907,1078142171,21825,2013-02-03,14.5,OZ,1,4.49
479020770,101,72,7214,101254616,18738,2012-09-30,18,CT,1,1.09
479027051,101,70,7002,104152040,2963,2012-12-24,10,CT,3,4.77
479027051,101,41,4105,102700020,8612,2013-02-17,28,OZ,1,1.99
479040793,77,49,4901,101312010,26885,2013-01-07,28,OZ,1,3.29
479042395,77,0,0,10000,20405,2012-09-24,0,,3,-54.44
479042395,77,99,9908,101833717,26028,2013-01-21,8,OZ,2,7.98
479050277,101,26,2609,104200040,5016,2013-05-16,45,CT,1,3.15
479051942,101,99,9908,103338333,33170,2012-09-10,8,OZ,1,1.99
479053996,101,56,5621,1068826767,81691,2012-10-05,8,OZ,1,2.09
479053996,101,4,416,103400030,15113,2013-02-08,1.2,OZ,1,0.99
479054381,101,63,6319,107654575,17876,2012-07-15,64,OZ,1,0.89
479054381,101,14,1404,1068826767,81691,2012-12-14,23,OZ,1,1.79
479056607,101,82,8201,1070935171,5534,2012-05-18,1,CT,1,7.99
479056607,101,21,2105,105200050,7054,2012-12-07,72,OZ,1,3.75
479056607,101,25,2506,104410040,8481,2013-06-08,16,OZ,2,2.98
479059608,101,63,6319,102073525,18893,2013-01-28,20,OZ,3,3.57
479064000,101,9,912,104812141,18322,2012-12-16,13,OZ,1,3.99
479064042,101,18,1802,104316848,25919,2013-01-26,1,CT,2,6.98
479071060,101,27,2705,105000050,6775,2012-09-28,132,OZ,1,12.39
479071060,101,23,2310,104116444,27731,2012-10-24,32,OZ,1,4.49
479071060,101,41,4107,102000020,7655,2012-11-20,15.25,OZ,2,1
479071060,101,4,418,103400030,2689,2013-04-03,4.8,OZ,2,3.28
479072221,101,96,9609,1052550050,88199,2012-04-15,0,,1,-1
479076148,101,23,2301,107680878,1393,2012-07-16,12,OZ,1,4.39
479076148,101,63,6315,1068826767,81691,2012-12-28,128,OZ,1,3.39
479080562,101,26,2633,105400050,16048,2012-07-07,1,RL,1,0.85
479080562,101,0,0,10000,20405,2013-04-25,0,,1,-1.21
479082357,101,26,2614,103700030,514,2013-04-01,48,CT,1,6.29
479085457,101,33,3305,102840020,18584,2013-06-09,10,OZ,1,4.29
479088217,101,9,912,1068826767,81691,2012-09-01,20,OZ,1,2.39
479088217,101,8,811,104112949,3635,2012-11-03,24,OZ,2,5
479089161,101,30,3008,107110070,8280,2012-03-30,16,OZ,1,2.79
479089161,101,45,4511,107274575,13804,2012-08-12,22,OZ,1,5.99
479089161,101,5,501,101600010,3331,2012-09-16,12.8,OZ,1,2.69
479089161,101,29,2926,1068826767,7173,2012-12-13,160,OZ,1,6.29
479089161,101,27,2702,1075764575,12598,2013-04-10,4,LB,1,6.79
479092366,77,9,907,107078474,18552,2012-11-25,15,OZ,2,3
479092366,77,63,6320,107078474,18552,2013-01-23,18,CT,1,2.89
479102960,77,37,3707,103680030,6866,2012-05-10,32,OZ,2,5.98
479102960,77,9,907,1068833969,6434,2012-05-17,14,OZ,1,3.49
479102960,77,99,9904,103338333,33170,2012-05-19,16,OZ,2,4.99
479102960,77,53,5307,107078474,18552,2012-11-05,16,OZ,1,1
479110217,101,19,1905,105150050,16728,2012-08-30,12,OZ,1,1.99
479110217,101,27,2704,1068826767,3931,2012-10-02,5.6,OZ,2,4.78
479115800,101,63,6315,1068826767,81691,2013-02-06,64,OZ,1,1.81
479120372,101,29,2924,101740010,11748,2013-03-16,14,OZ,1,1.99
479122462,101,20,2002,1068826767,7173,2012-03-29,64,OZ,1,2.49
479122462,101,51,5125,102580020,16668,2012-10-18,9,OZ,1,2
479125944,101,99,9901,1076857373,53091,2012-09-29,0.75,OZ,1,1.99
479131992,101,55,5552,102983929,6763,2013-05-05,48,OZ,1,2.5
479132577,101,99,9908,1074941070,52757,2013-02-04,20,OZ,1,2.49
479136417,101,96,9609,1054800151,88199,2012-06-17,0,,1,-1
479136417,101,57,5707,107047070,20230,2012-08-05,16,OZ,2,3.78
479136417,101,33,3303,104178040,19154,2012-09-23,10,OZ,1,3
479137216,101,36,3612,1068826767,158,2012-03-03,128,OZ,2,1.78
479137216,101,22,2207,103700030,18371,2012-08-05,0.34,OZ,1,2.39
479137216,101,8,810,105210050,11382,2013-02-18,1.25,OZ,4,4
479137427,101,5,501,1068826767,81691,2013-02-15,20,OZ,3,6
479137427,101,79,7901,107447070,44662,2013-03-01,1,CT,1,3.99
479142465,101,9,907,107130575,11013,2012-04-26,20,OZ,2,3.79
479142465,101,9,901,106731262,19527,2012-05-31,12.3,OZ,1,2.5
479142465,101,9,913,104812141,18322,2013-03-07,13,OZ,1,4.19
479142465,101,26,2628,103700030,2248,2013-04-04,6,RL,1,6.47
479147777,101,55,5552,102073525,18893,2013-06-16,48,OZ,2,5.58
479150235,101,63,6315,1068826767,81691,2012-05-12,128,OZ,1,3.67
479150235,101,10,1004,1068826767,81691,2012-12-09,3.9,OZ,4,3
479161631,101,49,4901,101312010,26885,2012-05-25,30,OZ,1,3
479161631,101,51,5130,101380010,27474,2012-12-27,10.38,OZ,1,3.89
479161631,101,29,2928,107142979,20299,2013-01-31,8,OZ,1,1.5
479166149,101,25,2504,1068826767,81691,2012-07-26,12,OZ,2,1.58
479170614,101,99,9909,107143070,5072,2012-06-23,5,OZ,2,3.69
479173023,101,96,9609,1057301050,88199,2012-03-13,0,,1,-1
479176334,101,8,811,104112949,3635,2012-12-26,24,OZ,2,4
479189586,101,9,901,104400040,13243,2012-03-23,15.5,OZ,1,3.49
479189586,101,26,2633,1068826767,20616,2012-06-04,1,RL,3,2
479189586,101,33,3318,1068826767,7173,2013-01-14,14,OZ,1,1.25
479198790,101,5,501,101600010,3331,2012-05-23,12.8,OZ,1,3.19
479198790,101,23,2301,107680878,1393,2013-01-06,13.25,OZ,2,2.7
479204346,101,26,2628,103700030,2248,2012-04-24,1,RL,1,2.05
479209213,101,63,6329,1085490686,2218,2012-03-17,10,OZ,1,2.99
479209213,101,33,3310,1089758080,36411,2013-05-24,7.5,OZ,3,13.47
479217080,101,26,2630,103600030,9787,2013-02-21,240,CT,2,4.78
479220375,77,23,2301,102682525,7171,2012-11-12,16,OZ,1,2.5
479220375,77,63,6315,107078474,18552,2012-12-09,128,OZ,1,2.99
479225472,77,99,9908,103338333,33170,2012-10-13,16,OZ,2,3.98
479229534,101,57,5705,103663232,4568,2012-08-05,6,OZ,6,3.6
479229534,101,1,106,101500010,7142,2012-08-19,6,OZ,8,5.84
479229534,101,5,521,101313010,4253,2013-01-20,12.3,OZ,1,3.29
479235514,101,36,3627,101200010,16391,2012-03-10,67.6,OZ,1,1.34
479235514,101,26,2633,1068826767,20616,2012-05-22,4,RL,1,2.45
479235514,101,26,2629,1068826767,7740,2012-10-07,120,CT,1,1
479238896,101,9,907,105040050,95440,2013-01-23,12,OZ,2,5
479238896,101,56,5610,1068826767,81691,2013-05-26,3,OZ,1,1.1
479240862,101,33,3303,102840020,10241,2012-03-29,8.5,OZ,2,6
479240862,101,9,901,103010030,19370,2012-06-19,14.2,OZ,1,3.45
479240862,101,97,9753,1020401121,0,2012-07-15,1,CT,1,1.35
479258322,101,1,105,107007474,16452,2012-03-14,32,OZ,1,9.69
479258322,101,26,2613,103700030,13481,2012-07-02,23,CT,1,9.49
479258322,101,1,106,101500010,29555,2013-02-15,1.75,OZ,1,2.49
479258322,101,36,3630,104900040,23359,2013-07-03,67.6,OZ,1,1.49
479282864,101,99,9908,1068826767,7740,2013-01-05,80,OZ,1,3.49
479293350,101,63,6315,1068826767,81691,2012-11-07,64,OZ,1,3.09
479293350,101,99,9908,1068826767,7740,2013-03-24,160,OZ,1,3.99
479316742,77,26,2609,107078474,18552,2012-08-04,45,CT,2,4
479316742,77,36,3601,101200010,13794,2012-08-06,144,OZ,2,11.98
479316742,77,29,2906,107066272,12673,2012-09-08,4,OZ,1,1
479316742,77,36,3630,107800070,5208,2012-10-02,144,OZ,2,11.98
479325025,101,57,5705,103663232,4568,2012-09-26,16,OZ,2,4
479325025,101,53,5307,101450010,20864,2012-11-18,16,OZ,2,2
479325025,101,7,702,102800020,18041,2013-01-09,7,OZ,1,7.99
479325025,101,8,810,105210050,11382,2013-03-27,0.87,OZ,1,1
479334022,101,26,2630,1068826767,7173,2012-06-13,255,CT,1,2.74
479334022,101,18,1898,104152040,81691,2012-09-12,8,CT,2,11.98
479334022,101,53,5307,1068826767,7173,2013-03-19,12,OZ,1,1.25
479334527,101,74,7407,107033070,1783,2012-09-30,5,CT,1,6.99
479334527,101,36,3614,101390010,1423,2013-02-02,4.7,OZ,2,5.18
479336442,101,0,0,10000,20405,2012-07-07,0,,1,-2.77
479356125,101,33,3318,1067852363,7326,2012-05-05,8,OZ,2,7.98
479356125,101,9,913,104812141,18322,2013-02-23,12,OZ,1,4.49
479359414,101,57,5710,1089470080,21065,2013-06-09,5.3,OZ,5,5
479364071,101,9,902,104400040,15335,2013-04-06,11.3,OZ,1,3.39
479364071,101,26,2634,103700030,3293,2013-04-16,6,RL,1,4.35
479364071,101,35,3506,103700030,3068,2013-06-09,75,OZ,1,5.65
479372220,101,7,706,101200010,17286,2013-04-20,9.5,OZ,1,1.99
479372444,101,33,3303,104178040,19154,2012-12-08,10,OZ,1,3
479372444,101,97,9753,10978006191,0,2013-01-19,1,CT,1,7.99
479378023,101,75,7520,104152040,2963,2013-03-01,375,CT,1,1.99
479380488,101,28,2805,107299979,98643,2012-05-15,6.5,OZ,1,1.59
479390507,101,60,6001,101800010,14029,2012-03-21,16,OZ,4,10.76
479392135,101,99,9904,1071575676,5278,2012-06-02,16,OZ,1,2.99
479392135,101,41,4107,1068826767,81691,2012-07-12,15,OZ,1,0.79
479392135,101,71,7114,107940070,17521,2012-09-06,11,OZ,1,2.29
479419059,101,9,907,107167373,17480,2013-01-27,22,OZ,2,3.99
479419059,101,36,3603,104300040,26420,2013-05-29,64,OZ,16,2
479435822,101,97,9753,1076163575,0,2012-05-22,1,CT,1,3.99
479435822,101,26,2633,1068826767,33170,2012-12-09,24,RL,2,20.98
479435822,101,60,6001,101800010,14029,2012-12-23,16,OZ,1,2.42
479435822,101,0,0,10000,0,2013-05-13,0,,1,2.79
479442541,101,26,2633,1068826767,14702,2012-03-22,12,RL,1,5.48
479445226,77,9,901,104400040,8463,2012-03-11,10,OZ,1,2.3
479445226,77,33,3303,102840020,10241,2012-09-09,10,OZ,1,3.5
479445226,77,36,3630,101200010,23361,2012-09-23,144,OZ,3,13.5
479452655,101,26,2617,101090010,15232,2012-07-01,1,CT,1,6.59
479460929,101,0,0,10000,20405,2013-02-16,0,,1,-2.08
479460929,101,9,901,104400040,13243,2013-02-16,13.2,OZ,1,3
479490578,101,58,5814,104470040,10837,2012-07-29,3.66,OZ,1,1.99
479490578,101,97,9753,1023230424,0,2012-10-11,1,CT,1,2.48
479498105,101,26,2628,103700030,2248,2012-04-15,8,RL,1,6.85
479498105,101,4,418,103400030,15449,2012-06-17,12,OZ,1,4.19
479498105,101,10,1011,104300040,26232,2012-09-03,15.5,OZ,2,4.38
479498105,101,9,922,102560020,18051,2013-01-13,8,OZ,2,6.98
479499124,101,9,907,103769232,33345,2012-05-23,8,OZ,1,2.09
479499124,101,9,922,102560020,18051,2012-08-06,8,OZ,1,2.99
479500574,101,29,2904,101600010,19597,2012-04-10,23.3,OZ,1,2.81
479500574,101,21,2109,102800020,56490,2012-04-16,64,OZ,2,6
479500574,101,19,1908,102900020,14112,2013-05-13,16.3,OZ,2,5.29
479503689,101,97,9753,1023003525,0,2012-12-22,1,CT,1,3.49
479519139,101,96,9609,1051600050,88199,2012-10-17,0,,1,-1
479520932,101,37,3707,102400020,3843,2012-11-30,32,OZ,1,1.79
479524848,77,25,2509,107078474,18552,2012-08-16,16,OZ,1,1.59
479529819,101,58,5823,102055929,16173,2012-08-20,16,OZ,1,4.99
479529819,101,26,2630,1068826767,81691,2013-01-20,80,CT,5,5
479537658,77,27,2710,1076437575,6241,2012-05-31,20,LB,2,21.98
479538587,101,2,211,104010040,6455,2012-03-28,14,OZ,1,2
479538587,101,7,709,107510171,11713,2012-12-03,3.81,OZ,2,13.98
479539964,77,36,3604,107800070,2829,2012-07-30,33.8,OZ,1,1.11
479542685,77,9,913,104812141,18322,2013-04-08,12,OZ,1,2.5
479551421,101,33,3308,103304939,11221,2012-05-24,13,OZ,1,2.5
479561901,101,9,907,107167373,17614,2012-04-13,13,OZ,1,1.99
479561901,101,55,5558,1068826767,81691,2013-04-22,16.5,OZ,1,2.99
479582937,101,33,3307,104152040,7173,2012-03-13,48,OZ,2,9.98
479582937,101,29,2920,101114010,8709,2012-05-06,13.3,OZ,1,1.59
479582937,101,5,518,1085352282,5803,2012-07-13,5,OZ,1,3.69
479601597,101,9,901,104400040,13243,2012-05-13,15.35,OZ,1,2.99
479604978,101,58,5812,107629575,1682,2012-09-03,16,OZ,1,2.5
479609617,101,56,5614,1068826767,81691,2012-05-02,16,OZ,1,4.49
479610557,101,9,908,102430020,10577,2012-09-13,11.39,OZ,2,5.18
479622441,101,4,416,104000040,26517,2012-12-08,1.69,OZ,3,2.97
479635321,77,36,3638,107078474,18552,2012-09-07,101.4,OZ,2,5
479635968,101,30,3008,107147575,2953,2012-04-22,12,OZ,1,3.19
479635968,101,5,504,1066072666,12204,2012-07-25,1.6,OZ,2,2.98
479635968,101,8,807,102100020,9886,2012-08-12,18,OZ,1,1
479635968,101,99,9909,107143070,5072,2012-09-02,6,OZ,1,2.5
479635968,101,63,6330,1068826767,81691,2013-03-28,16,OZ,1,1.49
479658196,77,79,7901,109256797,45552,2012-07-10,1,CT,1,2.49
479667929,101,57,5704,104667545,20216,2012-08-12,16,OZ,1,2.69
479679204,101,22,2211,103700030,2246,2013-04-22,120,CT,2,11.78
479679204,101,10,1010,1060069969,55864,2013-06-09,7,OZ,1,1.59
479679372,101,14,1404,101480010,12021,2013-03-19,12.7,OZ,1,2.99
479680025,101,97,9753,1073231373,0,2012-12-15,1,CT,1,1.29
479681597,101,9,911,1068826767,4011,2012-09-29,2.75,OZ,1,1.55
479681597,101,41,4121,1068826767,12475,2012-10-11,15,OZ,2,3.18
479681597,101,9,902,1075928373,1243,2013-01-27,4,OZ,1,3.29
479687038,101,36,3635,1068826767,81691,2012-08-20,33.8,OZ,1,0.59
479687038,101,38,3801,104920040,5098,2012-12-03,4,LB,2,5
479690269,101,24,2406,1078999070,11708,2013-02-02,16,OZ,1,5.49
479694027,77,36,3601,101200010,13794,2013-02-27,20,OZ,1,1.79
479696008,101,32,3202,102700020,19737,2012-04-29,48,OZ,1,4.99
479696164,101,56,5619,1063362262,27999,2013-01-17,7.6,OZ,1,5.99
479698813,101,23,2301,107130070,15474,2013-01-26,12,OZ,2,2.98
479700114,101,21,2106,1068826767,81691,2012-03-23,64,OZ,2,4
479700114,101,30,3001,1068826767,7740,2013-04-13,30,OZ,2,4
479707154,101,29,2925,1068826767,81691,2012-08-19,32,OZ,1,2.05
479716441,101,26,2632,103700030,13481,2012-11-21,72,CT,1,2.19
479721884,101,55,5567,107064070,19704,2012-06-08,18,OZ,1,4.5
479721884,101,63,6311,102500020,16474,2012-10-26,13.5,OZ,2,3.18
479721884,101,29,2914,102100020,9886,2013-02-13,14,OZ,2,4.78
479721884,101,47,4701,102500020,11749,2013-02-24,12,OZ,2,3.98
479737481,101,36,3632,1068826767,33170,2013-03-07,144,OZ,1,2.75
479741175,101,19,1908,105150050,9189,2012-05-12,18,OZ,1,3.29
479741175,101,26,2634,103700030,3293,2013-01-13,6,RL,1,4.39
479742903,77,96,9609,1052840050,88199,2012-10-17,0,,1,-1
479747358,101,9,901,103010030,3454,2012-05-31,14.5,OZ,1,3.45
479774240,101,55,5552,107756777,2347,2012-06-13,48,OZ,4,10
479774240,101,25,2508,102529323,16410,2012-10-18,128,OZ,1,5.99
479774240,101,57,5703,105215959,41981,2012-10-18,6,OZ,2,1.2
479776307,101,23,2301,107130070,15474,2012-03-25,12,OZ,4,5.48
479776307,101,33,3318,104178040,19154,2012-11-13,16,OZ,1,3.29
479792403,101,37,3707,105260353,13414,2013-02-03,32,OZ,2,7.18
479801333,101,97,9753,1020401525,0,2012-12-20,1,CT,1,3.26
479801333,101,60,6011,101800010,14029,2013-02-25,16.3,OZ,3,6.57
479807164,101,9,907,1068826767,81691,2012-08-28,20,OZ,1,1.29
479807597,101,96,9609,1057342050,88199,2013-02-15,0,,2,-1.1
479819377,101,40,4004,107017777,18928,2012-08-07,3.53,OZ,1,6.49
479823686,101,27,2712,1068826767,7173,2012-05-29,320,OZ,1,9.49
479823686,101,17,1709,101920010,10882,2012-06-07,24,OZ,1,1.99
479827795,101,73,7358,103160434,12423,2012-05-05,180,CT,2,11.99
479827795,101,57,5710,107047070,20230,2012-12-22,5.3,OZ,2,2.08
479827795,101,51,5125,107265575,8089,2013-03-24,10.6,OZ,3,6
479852221,101,36,3635,1068826767,81691,2012-09-25,33.8,OZ,2,1.38
479852221,101,53,5307,102000020,7655,2013-01-12,12,OZ,1,1.89
479852221,101,26,2629,1068826767,7740,2013-05-16,120,CT,1,1
479852686,101,41,4107,1068826767,7173,2012-10-10,16,OZ,2,3.32
479852848,77,9,901,103010030,9530,2012-04-17,9.5,OZ,1,3
479852848,77,29,2926,104133141,2862,2012-07-07,320,OZ,1,12.99
479852848,77,36,3632,101122515,19197,2012-10-29,101.4,OZ,1,0.95
479869138,101,73,7309,104110040,32041,2012-12-22,8.3,OZ,1,10.29
479875090,101,21,2119,1061300868,867,2013-05-12,128,OZ,1,2.5
479883425,77,22,2210,109451494,69239,2012-05-11,68.75,OZ,1,2.99
479883425,77,26,2620,104116545,16879,2012-07-14,30,CT,1,2.5
479884213,77,56,5609,107170070,4333,2012-10-29,16,OZ,1,2.5
479884213,77,0,0,10000,20405,2013-02-02,0,,1,-11.54
479892636,101,41,4105,102700020,8612,2012-05-07,14.5,OZ,2,2
479892636,101,53,5307,102000020,7655,2012-06-23,24,OZ,1,3
479892636,101,41,4110,103940030,71386,2013-04-14,28,OZ,1,2.35
479894797,101,9,907,107167373,17480,2012-05-10,24,OZ,1,3.69
479894797,101,44,4405,1067667060,4746,2012-12-22,13.2,OZ,1,4.69
479894797,101,5,501,1068826767,81691,2013-05-04,16,OZ,2,5.98
479894797,101,23,2310,104154949,15506,2013-06-03,24,OZ,1,3.69
479895619,101,18,1828,101980010,15181,2012-07-22,7.5,OZ,2,2
479895619,101,2,202,101600010,1756,2012-08-06,19.5,OZ,1,2.5
479902157,101,96,9609,1057261353,88199,2012-03-12,0,,1,-1
479904996,101,14,1411,1068826767,81691,2012-10-26,20,OZ,1,1.09
479909917,101,9,917,104411545,3167,2012-06-05,10,OZ,1,2.29
479909917,101,55,5560,104154848,5603,2012-09-24,16.1,OZ,1,4.19
479909917,101,73,7302,1031284333,1500,2012-12-14,32,CT,1,2.59
479919947,101,51,5126,104164141,7378,2012-03-31,10.6,OZ,1,2.99
479919947,101,45,4511,1068826767,12475,2012-05-13,21,OZ,1,7.99
479919947,101,99,9904,1071575676,5278,2012-06-07,6,OZ,1,2.99
479919947,101,33,3307,104157040,2017,2012-09-07,8,OZ,1,3
479919947,101,56,5614,107104070,76668,2013-01-05,24,OZ,1,7.99
479919947,101,56,5614,107104070,76668,2013-01-05,9,OZ,1,1.59
479924181,101,96,9609,1052277656,88199,2013-01-08,0,,1,-1.5
479934557,77,5,501,1088491282,8459,2013-02-16,13,OZ,1,3.59
479937988,101,56,5609,107253070,13753,2012-07-22,16,OZ,1,1.89
479937988,101,97,9781,10000,8255,2013-03-17,1,CT,1,-0.75
479941167,101,99,9908,1081509888,13686,2012-03-16,8,OZ,1,1.99
479941167,101,73,7309,1034152030,2963,2012-06-03,25,CT,1,4.45
479945232,101,21,2119,101200010,10522,2013-03-08,202.8,OZ,1,4.99
479946902,101,0,0,10000,20405,2012-11-18,0,,1,-3.43
479946902,101,97,9753,1020402222,0,2013-04-28,1,CT,1,5.59
479954728,77,0,0,10000,20405,2012-09-08,0,,1,-0.25
479954728,77,30,3002,104800141,8178,2013-03-17,30,OZ,1,3
479968046,101,63,6328,1068826767,81691,2012-09-23,20,OZ,2,5
479970607,101,25,2505,105000050,32115,2012-10-24,32,OZ,2,5.98
479970607,101,33,3315,102363727,42939,2013-01-22,12,OZ,1,3.99
479975236,77,51,5115,102066222,12598,2012-04-06,13.2,OZ,1,5.99
479978407,101,56,5604,1061980161,10066,2012-08-17,12,OZ,1,3.99
479978407,101,73,7356,1030000535,3201,2012-09-24,100,CT,1,7.87
479995649,101,26,2620,1068826767,20616,2012-12-31,50,CT,1,2
479995649,101,26,2622,102570020,20361,2013-03-11,30,CT,1,2.19
480000211,101,58,5823,102730020,5898,2012-04-29,3,OZ,1,2.5
480000211,101,60,6011,1068826767,81691,2012-09-07,16,OZ,1,1.39
480001364,101,99,9904,1071575676,5278,2013-01-28,32,OZ,1,4.99
480001364,101,11,1111,101862717,9496,2013-04-22,1.76,OZ,2,2.5
480030753,101,5,501,101600010,4009,2012-05-01,11.25,OZ,1,2.69
480030753,101,9,970,103800030,62065,2012-10-02,15.2,OZ,1,2.29
480036229,101,8,802,104150040,6667,2012-05-06,12,OZ,1,2.69
480036229,101,74,7407,107033070,1783,2012-05-06,4,CT,1,4.87
480048229,101,18,1850,105113151,16044,2013-06-30,6,CT,1,5.99
480050869,101,9,913,104812141,18322,2013-03-05,13,OZ,1,0
480050869,101,97,9753,1020308222,0,2013-03-06,1,CT,1,1.87
480074525,101,9,902,104400040,12279,2012-08-30,16.5,OZ,1,2.85
480074525,101,73,7309,104110040,32041,2013-02-15,8.3,OZ,1,9.99
480090496,101,69,6901,107940070,17521,2013-06-11,6,OZ,1,2.99
480096782,101,63,6317,104157040,2017,2013-01-03,64,OZ,1,3.39
480102019,101,36,3601,104900040,3809,2012-06-23,101.4,OZ,5,14.95
480104826,101,28,2803,10930090,12157,2012-06-24,10,OZ,1,1.89
480104826,101,51,5127,103100030,1358,2012-09-16,7.1,OZ,2,2
480104826,101,29,2906,104178949,11224,2012-12-02,4,OZ,2,1
480104826,101,9,922,102430020,10577,2013-06-24,25.2,OZ,1,3.5
480114288,101,57,5710,1089470080,21065,2012-09-14,5.3,OZ,3,3.57
480114288,101,63,6315,104138343,10091,2012-11-16,64,OZ,1,3.39
480114288,101,35,3507,105170050,6335,2013-02-08,14,OZ,1,5.19
480118267,101,53,5307,1068826767,7173,2012-12-23,12,OZ,1,1.67
480118267,101,29,2924,101740010,11748,2013-01-20,28,OZ,1,3.89
480118267,101,57,5704,104667545,20216,2013-05-31,16,OZ,1,2.59
480134439,101,27,2709,101780010,19793,2012-06-11,3,OZ,1,1.29
480134439,101,33,3309,1068826767,12475,2012-10-24,9,OZ,2,5
480134439,101,73,7309,1034152030,2963,2012-10-24,24,CT,1,4.39
480139031,101,33,3350,101708212,9033,2012-03-14,6.2,OZ,1,10.39
480140884,101,41,4110,103940030,71386,2012-03-14,16,OZ,1,1.55
480140884,101,36,3601,101200010,13794,2012-10-20,96,OZ,1,3.67
480140884,101,36,3601,101200010,13794,2012-11-23,101.4,OZ,1,3.34
480197141,101,4,417,103400030,15113,2013-06-23,2.5,OZ,3,4
480208904,101,63,6319,1072243070,64627,2013-06-02,16,OZ,2,7.18
480208904,101,55,5558,1068826767,81691,2013-06-07,16.5,OZ,1,2.5
480219772,101,63,6330,1068826767,81691,2012-06-19,16,OZ,1,2.69
480219772,101,9,907,107130575,11013,2012-08-29,20,OZ,2,7.98
480235306,101,42,4220,104133141,7531,2012-03-02,16,OZ,1,1.35
480235306,101,9,901,103010030,85957,2013-01-21,8.5,OZ,1,3.69
480261882,77,56,5613,103114232,25202,2012-03-06,16,OZ,5,19.98
480261882,77,19,1908,105150050,9189,2013-01-21,12,OZ,2,6
480281694,77,29,2904,101600010,7860,2012-08-25,5.1,OZ,1,2.19
480281694,77,9,907,107078474,18552,2012-09-23,20,OZ,1,1.99
480281694,77,33,3312,103700030,14494,2012-09-28,6.38,OZ,1,1.67
480281694,77,5,502,101600010,107416,2012-11-11,4.5,OZ,1,2.99
480291332,101,72,7205,103500030,3830,2013-01-12,5.8,OZ,1,3.59
480291332,101,26,2609,1068826767,20616,2013-01-23,100,CT,1,2.25
480308565,101,63,6305,102500020,16489,2012-04-07,59,OZ,1,3
480308565,101,9,902,104400040,18775,2012-08-18,9,OZ,1,3.59
480308565,101,10,1011,104300040,26232,2012-10-31,14.5,OZ,1,2.79
480308565,101,26,2609,1068826767,81691,2013-05-26,40,CT,1,4.35
480320748,77,63,6312,102500020,11749,2013-06-09,59,OZ,1,2
480325288,101,26,2615,107301070,17990,2013-06-13,18,CT,2,7.98
480358039,101,26,2614,103600030,9878,2012-09-21,18,CT,1,2.5
480358039,101,18,1828,102340020,15181,2013-04-14,22.5,OZ,1,2.39
480358039,101,36,3629,101200010,23360,2013-04-14,67.6,OZ,2,3
480399162,101,95,9518,1072047373,7848,2012-04-07,1,CT,2,5.38
480431799,101,49,4903,1083418383,385,2012-05-27,20,OZ,1,2.99
480436243,101,3,302,103400030,8247,2012-06-08,10,OZ,1,2.49
480439644,101,51,5126,101380010,27474,2012-08-27,12,OZ,1,3
480450934,101,0,0,10000,20405,2013-01-20,0,,2,-5.99
480450934,101,51,5131,104227242,648,2013-03-03,10.3,OZ,2,9.98
480455181,101,9,907,101410010,13791,2012-07-22,16,OZ,1,3.99
480455181,101,75,7501,101910010,9158,2012-11-24,26.5,OZ,1,6.99
480455181,101,57,5710,1089470080,21065,2013-04-28,16,OZ,1,2.54
480477460,101,9,902,104400040,15335,2012-04-25,15.1,OZ,1,2.99
480477460,101,97,9753,1020416626,0,2012-10-08,1,CT,1,1.32
480495061,101,74,7402,105100959,14701,2012-07-11,8,OZ,2,3
480495061,101,5,501,101600010,3331,2012-07-31,17,OZ,1,3.79
480540568,101,1,106,1084590181,20484,2012-10-21,4.5,OZ,1,2.49
480540568,101,33,3350,101708212,9033,2012-11-25,3.25,OZ,1,4.99
480540568,101,56,5620,1068826767,81691,2013-03-24,8,OZ,1,2.39
480644810,101,63,6315,1068826767,81691,2013-03-16,128,OZ,1,3.61
480686147,77,99,9908,103338333,33170,2012-11-11,16,OZ,1,1.69
480686147,77,20,2002,105100050,27873,2013-03-17,54,OZ,2,5
480699202,101,63,6320,1071514171,25530,2012-04-20,12,CT,2,3.76
480699202,101,31,3110,103760030,8501,2012-08-24,2.8,OZ,1,2
480699202,101,97,9753,1076163575,0,2012-11-10,1,CT,2,5
480715516,101,97,9753,1023230424,0,2013-03-19,1,CT,2,3.72
480719883,101,96,9609,1057020050,88199,2012-05-17,0,,1,-1
480719883,101,99,9909,107143070,5072,2012-06-21,14,OZ,4,7.96
480719883,101,0,0,10000,20405,2012-12-13,0,,1,-1.2
480719883,101,8,835,104133545,43106,2013-03-28,16,OZ,2,2.99
480725070,101,74,7405,1084105888,15983,2013-01-01,4,CT,1,10.99
480728301,101,31,3101,105210050,11382,2012-03-26,2.62,OZ,1,3.29
480728301,101,8,818,105100050,14403,2012-11-25,24,OZ,2,3.34
480749136,101,55,5558,1068826767,7173,2012-07-15,38.4,OZ,1,2.5
480749136,101,58,5827,104470040,13310,2012-08-08,16,OZ,1,6.69
480781142,101,25,2506,105000050,32115,2012-09-06,32,OZ,1,3.09
480781142,101,33,3301,103304939,11221,2012-12-05,4,OZ,3,3
480781142,101,33,3301,103304939,11221,2013-02-27,4.5,OZ,2,2
480800824,101,54,5401,103800030,5618,2012-04-01,12.3,OZ,1,2.29
480800824,101,63,6319,107999777,15502,2012-04-29,128,OZ,1,2.39
480800824,101,33,3305,102840020,18584,2012-05-07,10,OZ,1,3.89
480800824,101,0,0,10000,20405,2012-07-14,0,,1,-10.49
480800824,101,23,2301,107680878,1393,2012-09-27,13.25,OZ,1,1
480800824,101,33,3318,102840020,15441,2013-01-05,16,OZ,1,3
480893095,101,53,5307,1068826767,81691,2012-04-04,12,OZ,2,3.34
480893095,101,58,5812,105450050,1322,2012-07-03,16,OZ,1,5.49
480906128,101,37,3704,103360030,8209,2012-10-14,4,OZ,1,2.29
480930923,101,33,3314,1068826767,7173,2012-03-23,6.06,OZ,1,2.09
480930923,101,73,7302,1030057333,250,2012-06-27,50,CT,1,4.49
480930923,101,9,907,107101070,15998,2012-09-18,16,OZ,1,3.49
480938795,101,26,2628,103700030,2248,2012-06-30,8,RL,1,5.99
480938795,101,26,2610,104152040,16665,2012-09-18,100,CT,2,5.98
480938795,101,21,2105,105200050,7054,2012-10-04,32,OZ,1,1
480938795,101,26,2609,104200040,5016,2012-10-27,95,CT,2,9.3
480938795,101,9,901,104400040,12600,2013-04-28,25.2,OZ,1,5.99
480938795,101,5,501,101600010,15114,2013-07-21,18,OZ,1,3.99
480967109,77,99,9904,103338333,33170,2012-05-04,48,OZ,1,3.49
480967109,77,35,3504,103700030,4628,2012-12-14,20,OZ,1,-4.99
480967109,77,31,3110,107078474,18552,2013-01-18,4.1,OZ,1,1.69
480967109,77,35,3508,107261373,19976,2013-01-25,50,OZ,1,4.99
480967109,77,41,4106,107078474,18552,2013-03-15,6.5,OZ,1,0.79
480967109,77,8,818,105100050,14403,2013-03-22,23.5,OZ,1,2.59
480975045,101,9,920,107641070,10160,2012-11-09,11,OZ,1,2.5
480975045,101,26,2628,103700030,2248,2012-12-30,6,RL,1,11.99
