1810895505,14,63,6305,102500020,11749,2012-03-29,59,OZ,1,3.29
1810895505,14,18,1835,104460040,9709,2012-09-28,15.7,LB,1,8.99
1810899484,88,5,501,103000030,58434,2012-04-12,20,OZ,1,2.99
1810899484,88,36,3603,104300040,26420,2012-08-09,64,OZ,21,3.92
1810919882,18,33,3308,102840020,3336,2012-08-09,9.75,OZ,1,2.5
1810922342,18,12,1206,108660080,2559,2012-09-12,5,OZ,1,1.5
1810948894,20,29,2906,104430040,9977,2013-02-23,12,OZ,1,2.69
1810950052,20,26,2622,107989373,2368,2012-11-23,50,CT,1,2.49
1810950052,20,19,1908,105150050,216,2013-03-01,26,OZ,1,6.49
1810950052,20,57,5710,103663232,4568,2013-06-08,32,OZ,1,5.79
1810960311,4,97,9753,1021010323,0,2012-08-01,1,CT,2,3.98
1810966307,15,63,6305,104850040,18799,2012-07-13,59,OZ,1,3
1810966307,15,32,3204,104173646,6305,2012-09-06,25.3,OZ,2,9.99
1810968399,15,9,912,104812141,18322,2012-09-19,20,OZ,1,3
1810968399,15,63,6315,1074236575,8499,2012-12-27,64,OZ,1,4.39
1810968399,15,63,6320,1064806565,58731,2013-03-03,12,CT,1,3.99
1811606292,233,63,6305,102500020,11749,2012-05-16,59,OZ,1,1.98
1811606292,233,55,5556,104148343,9547,2012-09-14,132,OZ,1,5.99
1811606292,233,36,3618,101200010,23361,2013-01-06,144,OZ,1,3.99
1811606292,233,31,3101,105210050,11382,2013-02-18,0.12,OZ,1,3.37
1811608146,233,9,907,104113040,28174,2012-04-29,24,OZ,1,1.25
1811608146,233,36,3628,101200010,12029,2012-05-06,144,OZ,2,6.66
1811608146,233,34,3411,107704373,17223,2012-12-16,13.5,OZ,1,2.99
1811608146,233,45,4511,103100030,1358,2012-12-22,24,OZ,1,3.99
1811622638,205,51,5129,103620030,1698,2012-05-09,24,OZ,1,7.29
1811622638,205,97,9753,1020017727,0,2012-10-12,1,CT,1,94.64
1811623314,205,28,2806,101116616,15266,2012-04-23,16,OZ,1,2.65
1811623314,205,4,418,103400030,20231,2012-05-01,12,OZ,1,3.79
1811623314,205,34,3411,107940070,17521,2012-07-08,18,OZ,1,2.55
1811623314,205,9,922,102560020,18051,2012-09-23,9,OZ,1,3.5
1811626915,205,55,5552,102073525,18893,2012-03-06,48,OZ,1,2.5
1811631279,205,97,9753,10000,0,2012-07-21,1,CT,1,1.08
1811631279,205,30,3010,10815585,7062,2012-08-18,16,OZ,1,3.19
1811631413,205,38,3801,104920040,5098,2012-04-21,1,LB,1,1.39
1811631413,205,9,906,104300040,16249,2012-08-31,7,OZ,1,2.35
1811633145,205,27,2704,1080702080,14717,2012-03-07,4.6,OZ,1,3.15
1811633145,205,21,2103,103120030,12957,2013-01-03,64,OZ,2,3.98
1811633385,205,63,6315,107654575,17876,2012-05-13,64,OZ,1,1.83
1811633679,205,56,5615,107357070,8185,2012-03-27,8,OZ,2,5
1811633679,205,9,902,104400040,19783,2012-06-03,8.1,OZ,1,3.29
1811633679,205,54,5401,104130343,38922,2013-02-02,13.75,OZ,1,1.5
1811789194,293,29,2914,102100020,9886,2012-08-26,3.9,OZ,1,2.34
1811789194,293,10,1011,104300040,26232,2012-09-22,13.4,OZ,1,2.29
1811789594,285,30,3001,102100020,11761,2012-08-31,30,OZ,1,2.99
1811790309,285,63,6320,1071514171,25530,2012-06-12,12,CT,1,2.59
1811791913,293,26,2617,101115010,15530,2012-05-03,1,CT,1,3.29
1811791913,293,9,922,102430020,10577,2012-05-05,13.1,OZ,1,1.79
1811791913,293,29,2914,102100020,9886,2012-08-17,3.9,OZ,1,2.34
1811791913,293,33,3350,104490040,10769,2012-10-05,4.16,OZ,1,4.75
1811791913,293,19,1908,104800141,16564,2012-12-21,16.3,OZ,1,2.99
1811791913,293,26,2628,101115010,15530,2012-12-23,1,RL,2,3
1811798950,106,27,2713,1075480777,610,2013-03-30,3.5,OZ,3,2.07
1811798950,106,27,2712,107723474,17148,2013-05-03,1,CT,8,26.92
1811830046,224,14,1410,102850020,10802,2012-03-06,21,OZ,2,5.58
1811830046,224,55,5552,107144171,7675,2012-08-06,48,OZ,2,5
1811830046,224,99,9908,103338333,33170,2012-12-24,4,OZ,1,1.78
1812138205,24,30,3002,102100020,9886,2012-04-28,12,OZ,1,3.29
1812268640,16,18,1890,1075480777,610,2013-01-12,1,CT,2,1.98
1812280243,21,33,3303,104178040,19154,2012-04-13,10,OZ,1,2.99
1812280243,21,99,9909,107143070,5072,2012-12-05,9.7,OZ,1,1.67
1812280961,21,36,3601,104119040,16347,2012-10-15,12,OZ,3,0.99
1812281890,240,4,405,1060069969,55864,2013-02-10,10,OZ,1,1.69
1812282746,240,8,801,101300010,8164,2012-07-04,40,OZ,1,2
1812282746,240,9,907,102591121,67828,2012-07-10,20,OZ,1,4.39
1812282746,240,56,5615,1073654777,15520,2012-11-25,4,OZ,1,2.99
1812282746,240,63,6305,104567444,16284,2012-12-21,32,OZ,1,1.79
1812282746,240,11,1102,101360010,18845,2013-03-04,160,CT,1,5.99
1812303091,101,96,9609,1051113252,88199,2013-06-06,0,,1,-2
1812303103,101,26,2634,103600030,4139,2012-09-19,12,RL,2,16.98
1812304320,101,7,706,101200010,17286,2012-11-24,38,OZ,1,5.99
1812304910,101,51,5126,103736333,11602,2012-03-14,10,OZ,1,2.99
1812304910,101,5,516,1068826767,81691,2012-08-25,8.4,OZ,1,2.29
1812304910,101,33,3303,107701979,7485,2012-09-03,20,OZ,1,4.19
1812304910,101,5,516,1068826767,81691,2012-11-11,8.4,OZ,1,2
1812304910,101,8,801,1068826767,81691,2012-11-14,64,OZ,1,3.29
1812305258,101,9,902,104400040,18775,2012-11-19,8,OZ,1,2.5
1812316791,65,41,4105,102700020,8612,2013-01-24,14.5,OZ,5,5
1812337491,165,97,9781,10000,8255,2012-05-13,1,CT,1,-1.05
1812337491,165,97,9781,10000,8255,2012-05-16,1,CT,1,-1.05
1812337491,165,96,9609,1053700050,88199,2012-08-08,0,,6,-9
1812337491,165,97,9781,10000,8255,2012-11-04,1,CT,1,-1.05
1812338926,165,56,5607,104175747,10216,2012-04-18,6,OZ,1,2.99
1812341688,83,99,9908,103338333,287,2012-04-21,48,OZ,1,3.79
1812341688,83,75,7501,107560979,13012,2012-05-19,4,OZ,2,14.74
1812341688,83,63,6319,102073525,18893,2012-11-17,64,OZ,2,4.38
1812342053,83,36,3636,104300040,29501,2012-09-12,144,OZ,2,7.98
1812342053,83,38,3802,101111010,9907,2012-11-16,2,LB,1,1.8
1812342053,83,26,2630,101111010,9907,2013-06-20,120,CT,1,1.43
1812343624,143,56,5607,102100020,13967,2012-08-11,8,OZ,1,2
1812343624,143,58,5837,103760030,8501,2012-10-13,2.52,OZ,1,3
1812346584,211,9,907,107225070,12465,2013-01-02,20,OZ,1,1.67
1812346584,211,63,6323,101111010,9907,2013-01-29,64,OZ,1,2.49
1812346584,211,5,501,103800030,11732,2013-03-07,18,OZ,1,3.49
1812352257,89,25,2506,104410040,8481,2012-11-10,16,OZ,1,2.29
1812352257,89,75,7501,1030052131,19243,2013-02-15,20.3,OZ,1,4.99
1812360121,151,9,902,104400040,19783,2012-04-29,8.1,OZ,1,3.69
1812360121,151,26,2622,101111010,9907,2012-07-16,20,CT,1,1.09
1812360121,151,63,6314,107342070,4529,2012-07-18,16,OZ,1,1.65
1812367110,12,57,5705,107047070,20230,2012-08-04,6,OZ,11,6.6
1812371745,63,58,5833,101111010,6848,2012-09-07,32,OZ,1,9.98
1812371745,63,27,2707,105000050,6775,2012-09-18,3.15,LB,1,4.17
1812376758,2,9,907,107829676,14907,2012-09-12,16,OZ,1,1.47
1812384398,2,26,2622,107084878,53119,2012-11-19,24,CT,2,5.98
1812388912,191,2,202,104144949,7168,2012-08-25,20,OZ,2,6.76
1812388912,191,0,0,10000,0,2013-04-25,0,,1,0
1812389368,191,46,4606,101111010,9907,2013-05-20,10,OZ,1,2.69
1812410605,96,36,3626,101200010,16391,2012-08-27,20,OZ,1,0.99
1812422893,214,31,3101,105210050,11382,2012-11-08,0.37,OZ,1,2.28
1812431641,214,51,5130,101380010,27474,2012-11-26,11.25,OZ,1,2.5
1812431641,214,64,6401,101820010,12358,2013-01-02,144,OZ,1,8.25
1812434758,214,63,6320,104122040,20514,2012-04-27,12,CT,1,1.71
1812435316,214,5,501,104240040,40317,2012-06-02,36,OZ,1,5.34
1812439279,214,51,5134,1078500272,6306,2012-03-30,8.75,OZ,1,6.58
1812439279,214,11,1112,102898929,26666,2012-07-24,10.5,OZ,2,6.54
1812439279,214,10,1004,104122040,20514,2013-03-03,5.85,OZ,1,0.82
1812462101,46,8,801,101300010,8164,2012-06-17,10,OZ,1,0.99
1812527126,46,33,3305,102840020,5141,2012-07-10,11.5,OZ,1,3
1812527126,46,56,5621,104610040,15889,2012-08-02,8,OZ,1,2
1812527126,46,58,5835,107590070,2073,2012-09-22,16,OZ,1,2.79
1812527126,46,17,1707,107616878,5005,2012-10-06,4.9,OZ,1,2.79
1812527808,46,26,2633,1071373373,11473,2012-09-08,12,RL,1,5.99
1812538127,46,5,501,101600010,3331,2012-12-14,12.9,OZ,1,3.29
1812538127,46,75,7503,1079285070,2593,2012-12-14,0.15,OZ,1,2.99
1812558977,3,63,6320,102113020,10786,2013-03-12,12,CT,1,2.29
1812581089,18,26,2631,103600030,4139,2012-05-23,72,CT,1,3.99
1812581089,18,26,2628,102113020,15704,2013-04-12,6,RL,1,5.13
1812581462,18,35,3509,103320030,875,2013-02-05,60.5,OZ,1,4.99
1812587159,15,31,3101,104760040,19679,2012-08-16,5,OZ,2,1.39
1812884674,233,41,4107,102000020,7655,2012-12-16,15.25,OZ,1,0.48
1812884674,233,27,2702,101780010,95301,2013-04-20,16.5,LB,1,21.49
1812884674,233,99,9909,107143070,5072,2013-07-18,8,OZ,1,1.69
1812892935,205,51,5130,101380010,27474,2012-03-18,12.38,OZ,1,2.79
1812892935,205,33,3309,107260070,8245,2012-05-27,13,OZ,1,2.69
1812892935,205,58,5812,107629575,1682,2012-07-08,16,OZ,1,3.99
1812895286,205,33,3308,102840020,3387,2012-07-17,4.5,OZ,1,2
1812967553,285,9,912,104812141,18322,2012-07-03,13,OZ,1,3.59
1812967553,285,5,501,103000030,58434,2012-09-19,13,OZ,1,1.99
1812967553,285,99,9909,107127979,6732,2012-10-07,9,OZ,1,2.19
1812967553,285,33,3307,103680030,3679,2012-10-09,9,OZ,1,1.65
1812968029,293,56,5616,101115010,15530,2012-05-20,8,OZ,1,1.99
1812968029,293,69,6901,101700010,15288,2012-07-18,2.6,OZ,2,5
1812968029,293,14,1410,103900030,10383,2012-11-16,29,OZ,2,5.98
1812968051,293,36,3611,108304686,8688,2012-05-10,405.6,OZ,3,11.97
1812968051,293,33,3303,102840020,10241,2012-05-10,10,OZ,1,4.29
1812968051,293,5,501,103000030,45635,2012-07-19,18,OZ,1,4.85
1812968051,293,99,9904,1071575676,5278,2012-07-24,6,OZ,1,2.99
1812968051,293,41,4110,103940030,71386,2012-08-18,16,OZ,1,1.19
1812968051,293,99,9909,107127979,6732,2012-12-03,4.5,OZ,1,2.5
1812968051,293,33,3305,102840020,5141,2013-01-17,11.5,OZ,1,4.29
1812991178,224,36,3635,1063671161,3070,2013-01-04,17.2,OZ,2,1.6
1812991178,224,63,6319,102073525,18893,2013-01-10,128,OZ,2,4
1812991178,224,51,5119,102370020,78850,2013-01-19,25.5,OZ,1,8.98
1812991178,224,63,6317,104157040,2017,2013-01-31,64,OZ,1,2.89
1812991178,224,72,7205,103320030,305,2013-06-29,6,OZ,1,1.09
1813117950,306,51,5132,101125111,3526,2013-04-03,12,OZ,2,7.14
1813244419,240,8,838,104174040,7430,2012-04-20,6,OZ,1,2.49
1813244894,240,96,9609,1051600050,88199,2012-12-08,0,,1,-0.5
1813245273,240,55,5558,102983929,6763,2012-06-29,5.3,OZ,2,2
1813245273,240,26,2619,104116343,8435,2012-07-06,25,CT,1,6.29
1813245654,240,35,3506,104130343,38922,2012-06-23,75,OZ,1,3.65
1813245933,240,63,6315,104567444,16284,2012-05-18,64,OZ,1,2.49
1813246048,240,45,4508,104440040,7504,2012-08-11,24.5,OZ,1,6.99
1813246048,240,26,2614,104116343,5845,2012-10-02,22,CT,3,1.78
1813246048,240,41,4110,103940030,71386,2013-02-12,16,OZ,1,1.99
1813260085,104,51,5131,104227242,648,2012-12-05,4.5,OZ,2,5.58
1813262214,240,56,5615,107835474,2675,2012-12-23,8,OZ,1,2.5
1813263527,101,36,3614,107049171,62474,2012-07-18,33.8,OZ,1,3
1813263627,101,41,4105,1068826767,81691,2012-04-01,14.5,OZ,1,0.75
1813263669,101,51,5126,107590070,2073,2012-10-10,10,OZ,1,3.69
1813264220,101,6,610,107084777,11910,2012-10-02,64,OZ,1,7.49
1813264220,101,5,501,103800030,17050,2012-10-24,12.8,OZ,1,2.99
1813264871,101,37,3707,105100050,17812,2013-02-10,32,OZ,2,5.98
1813264871,101,99,9904,1068826767,12475,2013-02-10,48,OZ,2,11.98
1813273712,70,26,2614,1030800434,17323,2012-12-04,48,CT,2,13.98
1813273712,70,14,1415,102400020,4704,2013-03-21,15.25,OZ,2,3.98
1813273712,70,63,6315,1072543979,40679,2013-03-21,64,OZ,1,2.07
1813276403,65,24,2403,102370020,18969,2012-04-10,12.5,OZ,1,4.64
1813276403,65,58,5823,105190050,26456,2012-08-20,16,OZ,2,7
1813276403,65,63,6315,1072543979,40679,2012-11-21,128,OZ,1,3.99
1813276403,65,29,2903,106414464,3342,2012-11-29,15,OZ,4,4.95
1813276403,65,59,5907,102740020,16291,2012-12-09,45,OZ,1,3.39
1813276403,65,38,3801,1072543979,40679,2013-01-07,5,LB,1,3.07
1813276403,65,53,5307,101450010,20864,2013-02-23,12,OZ,1,2.39
1813276403,65,56,5616,104610040,15889,2013-03-09,8,OZ,1,3.29
1813283581,64,9,901,103010030,3454,2012-11-02,16.8,OZ,1,5.99
1813284060,64,41,4107,1072543979,40679,2012-06-01,14.5,OZ,4,1.45
1813284227,64,99,9909,107143070,5072,2012-09-04,5,OZ,1,2.6
1813298656,143,9,901,104400040,3453,2012-09-14,13.72,OZ,1,2.77
1813298656,143,41,4107,101111010,9907,2012-10-07,8.5,OZ,1,0.51
1813298656,143,0,0,10000,0,2012-11-29,0,,1,0
1813299510,89,99,9904,1071575676,5278,2012-03-03,16,OZ,1,2.5
1813299510,89,26,2614,1030800434,2964,2012-05-05,36,CT,1,3.29
1813299510,89,5,517,101111010,9907,2012-07-01,10.4,OZ,1,2.19
1813299510,89,26,2628,101111010,9907,2012-09-16,1,RL,1,1
1813302430,98,0,0,10000,0,2012-07-18,0,,1,0
1813302430,98,36,3629,101200010,23360,2013-03-05,67.6,OZ,1,1.5
1813304533,431,0,0,10000,0,2012-07-09,0,,1,0
1813306782,211,41,4107,1073639373,7308,2012-10-14,15,OZ,2,3.1
1813309260,58,41,4108,102300020,2420,2012-06-30,40,OZ,1,3.19
1813309260,58,58,5823,101111010,9907,2013-04-20,9,OZ,2,5.38
1813332296,2,31,3108,102150020,10238,2012-08-20,4,OZ,1,2.49
1813332296,2,9,907,104500040,8421,2012-08-31,20,OZ,1,4.29
1813332296,2,55,5557,107457070,26051,2012-10-31,3.6,OZ,7,10.5
1813332296,2,33,3303,102840020,10241,2013-02-16,10,OZ,1,2.99
1813346895,166,97,9753,1022062020,0,2013-02-08,1,CT,3,2.25
1813357960,96,45,4515,107254575,61490,2012-04-07,9,OZ,2,10.36
1813357960,96,53,5307,107056070,14005,2012-11-20,12,OZ,3,6.87
1813357960,96,13,1306,101122515,19197,2012-12-21,5,LB,1,1.99
1813357960,96,63,6315,103003434,7175,2013-02-10,64,OZ,1,2.45
1813357995,96,30,3002,104800141,8178,2013-02-28,15,OZ,1,3.39
1813375728,214,5,501,101600010,3331,2012-09-26,14,OZ,1,2.68
1813399183,46,21,2119,107336070,867,2012-03-28,128,OZ,2,6.58
1813399183,46,73,7304,1032390030,104907,2012-08-25,12,OZ,1,7.43
1813403631,46,63,6317,102529323,16410,2013-03-16,64,OZ,1,3.09
1813404402,46,75,7507,107214070,1448,2012-05-04,4,OZ,1,2.09
1813406288,46,0,0,10000,0,2013-02-27,0,,2,4.89
1813476798,95,29,2904,101600010,7860,2012-12-18,5.8,OZ,2,2.19
1813476798,95,36,3601,101200010,13794,2013-06-13,144,OZ,1,4.99
1813486344,4,33,3315,102840020,15441,2012-12-14,7,OZ,3,5.27
1813486344,4,5,501,103000030,45635,2012-12-27,18,OZ,1,5.49
1813486344,4,28,2806,102113020,15704,2013-01-04,24,OZ,1,3.99
1813501874,15,73,7344,1030076636,18877,2012-08-26,50,CT,1,4.29
1813501874,15,18,1828,106233868,319,2013-04-18,1.34,OZ,1,4.99
1813515707,360,2,202,101600010,1756,2013-04-17,10.25,OZ,1,1.39
1813817597,233,5,520,104240040,11881,2013-03-18,16,OZ,1,1.59
1813821753,233,36,3626,107800070,16223,2012-04-20,67.6,OZ,1,1.79
1813889345,285,30,3010,104133545,43106,2012-03-02,16,OZ,2,7.18
1813896400,108,96,9609,1057241252,88199,2012-11-29,0,,1,-1
1814009437,306,22,2211,104116343,8435,2012-07-18,80,CT,1,3.99
1814086541,31,33,3303,102114020,19950,2012-03-29,5,OZ,2,3
1814086541,31,56,5613,102114020,19950,2012-03-31,16,OZ,1,5.99
1814086541,31,29,2904,101600010,7860,2012-04-10,5.2,OZ,2,4
1814086541,31,37,3709,107066272,12673,2012-04-13,3.32,OZ,1,1
1814086541,31,9,901,104400040,3453,2012-05-10,10,OZ,1,3.69
1814086541,31,29,2926,104133141,2862,2012-06-22,320,OZ,1,16.49
1814086541,31,21,2121,1081614383,10383,2012-08-04,32,OZ,1,1.49
1814086541,31,36,3628,101200010,12029,2012-08-08,67.6,OZ,1,1.99
1814086541,31,19,1905,103680030,3679,2012-08-19,32,OZ,1,1.67
1814086541,31,3,311,1064420969,5345,2012-09-16,16,OZ,1,2.29
1814086541,31,36,3611,107343070,20325,2012-09-17,405.6,OZ,1,5.49
1814086541,31,58,5813,1078533171,7796,2012-09-29,48,OZ,1,5.59
1814086541,31,56,5615,102114020,19950,2012-09-30,8,OZ,1,3.59
1814086541,31,36,3626,104900040,17186,2012-10-06,67.6,OZ,1,1.79
1814086541,31,28,2804,107639777,9982,2012-10-11,7,OZ,2,1.58
1814086541,31,9,907,102114020,19950,2012-11-02,20,OZ,2,3.78
1814086541,31,8,826,102114020,19950,2012-11-04,6,OZ,1,0.69
1814086541,31,36,3628,107800070,17203,2012-11-18,67.6,OZ,1,1.99
1814086541,31,27,2706,101780010,95301,2012-11-18,3,OZ,5,4.5
1814086541,31,53,5307,101450010,20864,2012-11-21,12,OZ,1,2.79
1814086541,31,51,5127,103100030,1358,2012-11-23,8,OZ,3,3.75
1814086541,31,26,2633,103680030,3679,2012-12-08,4,RL,1,0.97
1814086541,31,9,907,107225070,12465,2012-12-10,16,OZ,2,7.18
1814086541,31,14,1410,102850020,10802,2012-12-23,21,OZ,2,8.98
1814086541,31,18,1890,105209252,43069,2012-12-30,3,CT,2,6.78
1814086541,31,33,3313,102840020,10241,2013-01-01,15,OZ,1,3.79
1814086541,31,31,3101,103384434,1257,2013-01-04,9.5,OZ,1,3.49
1814086541,31,56,5617,103680030,3679,2013-01-06,8,OZ,1,0.94
1814086541,31,1,105,105000050,7142,2013-01-08,12.7,OZ,2,28.58
1814086541,31,36,3628,101200010,12029,2013-01-14,67.6,OZ,1,1.99
1814086541,31,60,6011,102114020,19950,2013-01-15,16,OZ,3,6.57
1814086541,31,29,2926,102114020,19950,2013-01-27,320,OZ,1,8.99
1814086541,31,45,4509,102114020,28428,2013-02-09,16,OZ,4,35.96
1814086541,31,51,5124,107100777,5656,2013-02-17,32,OZ,1,4.89
1814086541,31,4,412,101900010,10421,2013-02-21,13,OZ,1,3.29
1814086541,31,59,5905,103450030,10165,2013-03-09,16,OZ,1,2.29
1814086541,31,63,6315,102114020,19950,2013-03-17,128,OZ,5,19.95
1814086541,31,57,5704,107047070,20230,2013-03-17,6,OZ,8,6
1814086541,31,58,5836,107778272,9260,2013-04-06,12,OZ,2,7.98
1814086541,31,36,3629,101200010,23360,2013-04-06,20,OZ,1,1.69
1814086541,31,29,2926,107566979,8671,2013-04-12,160,OZ,1,6.99
1814086541,31,56,5620,107592575,4368,2013-05-03,8,OZ,1,3.89
1814086541,31,45,4509,102114020,28428,2013-05-04,16,OZ,3,22.97
1814086541,31,64,6402,108155383,26274,2013-05-05,42,OZ,2,5.98
1814086541,31,51,5127,103100030,1358,2013-05-06,10,OZ,1,1.25
1814086541,31,99,9908,107878373,26033,2013-05-14,16,OZ,1,2.29
1814086541,31,8,822,104133141,7531,2013-06-04,6,OZ,2,3.38
1814086541,31,4,417,103400030,15113,2013-06-09,2.5,OZ,1,1.69
1814086541,31,8,811,104112949,3635,2013-06-12,24,OZ,4,11.96
1814086541,31,21,2117,107480676,10585,2013-06-12,160,OZ,1,3.99
1814123558,21,63,6305,104850040,18799,2012-06-17,59,OZ,1,3.99
1814123558,21,5,519,104119040,16347,2012-08-29,12.4,OZ,1,1.69
1814123558,21,26,2614,103700030,514,2012-09-03,20,CT,1,0.99
1814127529,240,56,5614,107403070,16922,2012-06-19,12,OZ,1,4.79
1814127529,240,36,3601,101200010,13794,2012-11-28,144,OZ,1,4
1814151273,65,64,6401,107199070,4043,2013-02-12,216,OZ,1,10.99
1814175431,83,9,907,101111010,9907,2012-09-27,12,OZ,1,1
1814175431,83,96,9609,1057341050,88199,2013-02-17,0,,1,-1
1814175431,83,33,3316,101111010,9907,2013-03-10,8.75,OZ,1,1.89
1814176256,89,8,826,104150040,6667,2012-05-16,5,OZ,1,1.29
1814176256,89,4,418,103400030,15113,2012-06-12,9,OZ,1,3.49
1814176256,89,9,907,101111010,9907,2012-07-07,20,OZ,1,1
1814176256,89,58,5835,107590070,2073,2012-07-24,16,OZ,1,2.99
1814176256,89,36,3626,104900040,17186,2012-08-13,144,OZ,1,4
1814176646,26,1,106,105220050,1569,2012-03-04,4,OZ,8,3.68
1814176646,26,96,9609,1053700050,88199,2012-12-23,0,,3,-1.5
1814177374,26,41,4106,107159272,27014,2012-03-28,8,OZ,1,1.99
1814177374,26,64,6408,108143484,22447,2012-08-28,1.5,LT,1,10.99
1814177374,26,26,2620,101117919,19084,2012-09-06,8,CT,1,3.99
1814177374,26,44,4402,1061278161,11151,2012-11-17,45,OZ,1,5.99
1814179515,143,9,901,103010030,3454,2013-01-06,14.5,OZ,1,2.99
1814179515,143,9,902,103010030,3744,2013-01-06,14,OZ,2,7.98
1814179515,143,6,610,1061126969,15041,2013-07-02,16,OZ,4,14.76
1814181828,431,0,0,10000,0,2012-08-30,0,,2,0
1814181828,431,41,4107,102000020,7655,2012-11-10,15.25,OZ,1,0.49
1814181828,431,29,2923,104100040,9814,2012-12-30,4.7,OZ,1,1
1814182888,431,71,7113,107940070,17521,2013-06-09,12,OZ,1,0.99
1814194781,63,31,3108,101111010,9907,2013-06-08,26,OZ,1,0.47
1814210778,2,14,1416,102400020,4704,2013-03-29,15,OZ,3,5.37
1814213180,2,63,6330,101111010,14907,2012-06-16,16,OZ,1,3.19
1814213180,2,33,3307,104157040,2017,2012-08-31,8,OZ,1,5.49
1814213180,2,26,2629,101111010,14907,2012-09-21,60,CT,1,0.99
1814217334,215,29,2903,105100050,72482,2012-08-11,15,OZ,2,2.38
1814217334,215,56,5620,103680030,6561,2012-11-14,8,OZ,2,4
1814235243,96,9,908,104500040,8511,2012-04-01,3.25,OZ,1,1.45
1814235243,96,95,9518,1072047373,7848,2012-06-07,1,CT,1,3.69
1814235243,96,9,901,107232070,17320,2012-11-25,12,OZ,1,2.5
1814235243,96,73,7302,1035497333,8650,2013-02-04,50,CT,1,5.99
1814235243,96,4,417,101070010,11692,2013-03-17,5,OZ,1,1
1814235405,96,58,5812,105450050,1322,2012-04-13,16,OZ,2,12.78
1814235405,96,79,7902,1060813666,46405,2012-07-29,0,,1,1.5
1814236431,96,38,3802,104920040,5098,2012-11-18,2,LB,2,4.78
1814243027,214,63,6320,104122040,20514,2012-08-18,12,CT,1,1.78
1814262803,214,56,5616,104122040,23511,2012-03-31,16,OZ,1,2.58
1814262803,214,21,2106,104122040,20514,2012-04-14,64,OZ,1,1.89
1814262803,214,2,212,107596878,11151,2013-01-27,16,OZ,1,1.58
1814271244,214,39,3903,103905939,17176,2012-07-16,12.5,OZ,1,7.38
1814272502,206,57,5705,107047070,20230,2013-04-07,24,OZ,1,2.78
1814273250,206,9,907,108685484,10218,2012-09-26,11,OZ,1,1.18
1814273250,206,9,902,108685484,10218,2012-10-01,16,OZ,1,1.68
1814273250,206,16,1604,101254616,17473,2013-01-27,14,CT,1,1.48
1814291325,46,67,6708,1074677575,6388,2012-06-23,1,CT,2,10.48
1814291325,46,27,2712,107185979,9517,2013-02-23,224,OZ,1,19.49
1814317146,46,5,520,1070882070,11473,2012-03-04,18,OZ,1,2
1814325564,46,69,6901,101204414,13056,2012-10-04,3,OZ,1,3.97
1814325786,46,4,407,103400030,18947,2013-02-09,24,OZ,1,2.79
1814325786,46,9,922,101600010,6283,2013-03-29,5.34,OZ,1,3
1814338464,46,96,9609,1052586656,88199,2012-08-04,0,,1,-2
1814338464,46,29,2904,101530010,13610,2012-09-15,5.1,OZ,1,0.99
1814357222,20,9,907,102113020,15704,2012-08-14,12,OZ,1,1.69
1814357222,20,97,9753,1022127020,0,2013-05-24,1,CT,1,5
1814359383,20,56,5620,104610040,15889,2012-09-18,16,OZ,1,6.49
1814365203,18,33,3305,102840020,5141,2012-06-25,11.5,OZ,1,2.75
1814365669,18,97,9753,1021900424,0,2012-06-20,1,CT,1,0.99
1814365669,18,18,1898,104133343,5379,2012-08-25,4,CT,1,4.99
1814365669,18,9,907,102113020,13362,2012-10-20,22,OZ,1,-1.01
1814365669,18,26,2604,102113020,15704,2013-01-27,50,CT,1,1.79
1814365669,18,5,501,101862717,9496,2013-04-18,14,OZ,1,3.49
1814777597,285,29,2928,101530010,58299,2012-09-18,6.8,OZ,1,1.19
1814846070,307,81,8101,102610020,11320,2012-12-28,1,CT,1,4.85
1815012451,21,91,9101,108066080,11923,2012-08-25,0.75,LT,1,24.99
1815012451,21,33,3307,101411313,23033,2013-02-07,16,OZ,1,6.99
1815012451,21,63,6315,107045272,6176,2013-03-08,64,OZ,1,2.99
1815015205,21,35,3509,1088596787,330,2012-04-11,50,OZ,3,8.64
1815015205,21,35,3504,103500030,13470,2012-10-03,25,OZ,1,2.99
1815015743,240,9,901,104114444,16284,2013-02-07,28,OZ,1,5.49
1815015930,240,26,2628,103600030,9787,2012-09-30,60,CT,2,5.98
1815015930,240,81,8101,102610020,12599,2013-01-10,1,CT,2,14.48
1815015996,240,41,4107,102000020,7655,2012-06-22,14.5,OZ,1,1.39
1815015996,240,9,907,1078142171,21825,2012-12-10,16,OZ,1,4.99
1815016009,240,26,2622,104116343,8435,2012-04-15,30,CT,1,2.99
1815016009,240,5,517,104130343,38922,2012-09-29,10.4,OZ,1,2.29
1815016009,240,9,901,103010030,9530,2012-10-07,12.6,OZ,1,4.49
1815016009,240,57,5707,107047070,20230,2013-02-02,18,OZ,1,2.99
1815016231,240,9,907,104567444,16284,2012-03-22,24,OZ,1,2.99
1815016318,240,4,407,103400030,18947,2012-04-24,16,OZ,1,2
1815016318,240,36,3611,107572070,14196,2012-10-27,101.4,OZ,1,1
1815016318,240,36,3611,107572070,14196,2012-12-13,101.4,OZ,1,1
1815016318,240,57,5710,107047070,20230,2013-02-26,5.3,OZ,3,4.17
1815016468,240,36,3601,101200010,13794,2012-03-08,144,OZ,2,8.82
1815016790,240,96,9609,1053500050,88199,2012-06-26,0,,1,-1
1815016790,240,99,9904,1071575676,5278,2012-11-17,6,OZ,4,11.96
1815017299,240,36,3604,104113040,17690,2012-03-14,144,OZ,1,2.75
1815017299,240,0,0,10000,0,2012-07-13,0,,-2,-1.5
1815017300,240,99,9904,1071575676,5278,2012-10-20,6,OZ,1,2.5
1815018358,240,9,907,107341070,13291,2012-06-01,12,OZ,1,3.99
1815018358,240,9,901,104400040,13243,2012-11-19,13.1,OZ,1,2.99
1815018588,240,96,9609,1057597151,88199,2012-03-19,0,,1,-1
1815018588,240,97,9753,1022563626,0,2013-03-05,1,CT,1,4.07
1815033704,240,55,5556,104410040,8481,2012-06-25,48,OZ,1,2.99
1815042985,64,63,6320,1072543979,40679,2012-12-24,12,CT,1,1.89
1815044577,70,0,0,10000,0,2012-07-31,0,,1,0
1815044577,70,9,920,107641070,10160,2012-12-15,1.5,OZ,1,0.59
1815044577,70,51,5133,107100777,5656,2012-12-18,24,OZ,1,5.59
1815044577,70,54,5403,101800010,14029,2012-12-18,11.5,OZ,2,4.6
1815044577,70,63,6320,1071514171,25530,2013-01-10,18,CT,1,3.99
1815044577,70,36,3628,101200010,12029,2013-03-19,67.6,OZ,4,6.93
1815049770,68,57,5710,103663232,4568,2012-03-08,5.3,OZ,3,2.87
1815049770,68,9,913,107101070,22198,2013-03-28,12,OZ,1,1
1815055815,64,41,4105,103582636,6564,2012-04-04,14.5,OZ,1,0.34
1815066997,143,0,0,10000,0,2012-07-13,0,,2,0
1815066997,143,59,5906,102900020,13564,2012-11-16,16,OZ,1,1.89
1815066997,143,96,9609,1051800050,88199,2012-12-14,0,,2,-0.8
1815066997,143,0,0,10000,0,2012-12-15,0,,4,0
1815066997,143,56,5604,101111010,20588,2013-02-20,4,OZ,1,2.15
1815069212,143,9,907,101111010,9907,2013-07-22,11,OZ,1,1
1815069908,89,26,2609,101111010,9907,2013-05-18,24,CT,1,2.19
1815069958,126,26,2628,101111010,9907,2012-04-11,8,RL,1,7.99
1815069958,126,20,2002,105100050,27873,2012-11-07,46,OZ,1,2.49
1815072148,211,0,0,10000,0,2012-08-13,0,,2,0
1815072687,211,21,2105,104900040,14357,2013-03-17,32,OZ,20,13.8
1815072687,211,36,3632,107181777,73881,2013-04-03,101.4,OZ,2,5.5
1815074202,126,57,5704,101111010,9907,2012-11-18,6,OZ,1,0.89
1815074202,126,9,907,107225070,12465,2013-03-24,20,OZ,1,3.69
1815075526,58,51,5121,104369545,8522,2012-03-31,9,OZ,4,9.56
1815075526,58,62,6201,101111010,9907,2012-04-26,16,OZ,2,4.58
1815085371,140,64,6401,107199070,2034,2012-08-22,72,OZ,1,8.49
1815089773,2,29,2902,107110676,17253,2012-03-18,15,OZ,1,2.69
1815091427,63,56,5616,101111010,9907,2012-09-21,6,OZ,1,1.88
1815091427,63,5,501,101600010,18781,2013-01-21,10.7,OZ,1,2.5
1815094733,2,53,5307,101111010,14907,2012-03-22,12,OZ,1,1.49
1815094733,2,99,9908,103338333,33170,2012-06-06,16,OZ,1,2.77
1815094733,2,63,6315,107039979,497,2012-07-07,128,OZ,1,4.99
1815096376,12,18,1898,103980030,5782,2012-08-05,1,CT,1,2.99
1815096376,12,22,2201,101111010,9907,2012-08-24,64,OZ,1,1.79
1815096376,12,73,7307,104126040,9907,2013-03-11,24,CT,1,3.59
1815105723,191,11,1113,104345444,10440,2012-08-02,13.5,OZ,1,3.99
1815124255,96,99,9909,103003434,28496,2012-08-08,11,OZ,1,2.49
1815124255,96,73,7302,103680030,18533,2012-08-14,24,CT,1,2.49
1815124571,96,53,5305,102000020,7655,2012-05-05,17,OZ,1,3.99
1815124571,96,9,907,1018377111,11070,2013-02-28,16,OZ,1,2.89
1815133591,214,9,970,103800030,62065,2012-08-30,22,OZ,1,2.85
1815133591,214,27,2701,101113212,491,2012-12-06,13.2,OZ,6,3.6
1815140502,214,1,106,101500010,7142,2013-03-15,3.5,OZ,10,13.6
1815163611,206,97,9753,1020103121,0,2012-07-09,1,CT,1,4.56
1815163611,206,63,6320,1071514171,25530,2013-01-18,12,CT,1,2.78
1815196347,46,36,3630,104900040,3809,2012-06-25,20,OZ,1,1.59
1815200190,46,63,6315,104125040,11473,2013-03-20,128,OZ,1,2.59
1815211126,46,18,1898,104133343,5379,2012-08-04,8,CT,1,11.99
1815211126,46,23,2301,104125040,11473,2012-09-11,16,OZ,2,2.38
1815211126,46,26,2622,102570020,20361,2013-05-11,100,CT,1,2.5
1815211126,46,75,7503,108307888,2997,2013-06-06,0.15,OZ,2,2.08
1815241185,88,36,3625,104900040,23359,2012-09-15,144,OZ,2,12.58
1815255269,4,26,2609,104200040,5016,2012-05-31,24,CT,1,3.49
1815255269,4,26,2628,102113020,15704,2012-07-19,8,RL,1,5.99
1815255269,4,28,2801,104470040,3640,2012-07-26,20,OZ,1,3.49
1815257325,95,16,1604,102200020,13228,2012-03-08,42,CT,1,2.99
1815257325,95,26,2622,102570020,20361,2013-02-26,30,CT,1,4.79
1815612235,233,63,6323,104148343,9547,2012-04-14,64,OZ,1,1.49
1815683140,293,57,5710,1089470080,21065,2012-08-14,16,OZ,2,6.58
1815683165,293,51,5116,107192171,25673,2012-03-18,26.4,OZ,1,6.49
1815683682,293,33,3319,102840020,5141,2012-06-28,11.5,OZ,1,3.29
1815917712,21,23,2301,107130070,15474,2012-07-17,16,OZ,1,1.49
1815920101,21,44,4404,107045979,12587,2012-12-03,7.3,OZ,1,2.99
1815921906,240,64,6408,108143484,22447,2012-03-14,0.75,LT,1,5.99
1815921906,240,7,707,104116343,21734,2012-09-11,12,OZ,1,5.99
1815922721,240,64,6408,108500080,26494,2012-08-31,1.5,LT,2,13.98
1815922721,240,9,904,104130343,38922,2012-11-07,5,OZ,1,1
1815922754,240,51,5126,102113121,11151,2012-11-16,14,OZ,2,7.18
1815922754,240,2,214,105150050,8604,2013-02-07,32,OZ,1,2.5
1815923949,240,9,901,104113040,28204,2012-10-09,25,OZ,1,2.39
1815924009,240,29,2923,104100040,9814,2012-03-15,4.2,OZ,1,1.29
1815924009,240,5,521,101313010,4253,2012-05-31,12.5,OZ,1,3.99
1815940022,101,9,901,104400040,12661,2012-05-01,11,OZ,1,3.85
1815940022,101,97,9753,1023230424,0,2012-05-01,1,CT,1,10.79
1815940022,101,8,807,102100020,9886,2012-05-30,17.5,OZ,2,2
1815940022,101,99,9908,107464171,53752,2012-05-30,8,OZ,1,2.99
1815940022,101,25,2506,105000050,32115,2013-03-21,16,OZ,8,15.72
1815940318,101,9,907,1068826767,81691,2012-09-30,16,OZ,1,2.29
1815940854,101,99,9909,107143070,5072,2012-05-15,14,OZ,2,2
1815940854,101,23,2301,107270070,11079,2012-09-18,12,OZ,2,2
1815941116,101,9,907,1068826767,81691,2012-06-09,12,OZ,2,2
1815941116,101,7,709,109955595,25747,2012-12-21,4.1,OZ,1,6.49
1815958071,64,23,2301,103582636,6564,2012-07-15,13.25,OZ,1,0.39
1815976043,126,27,2703,103810030,34324,2013-04-03,72,OZ,1,6.69
1815981647,126,1,106,104126040,9907,2012-09-13,1.48,OZ,2,3.28
1815981647,126,4,418,104126949,13467,2012-12-18,10,OZ,1,1.49
1815981647,126,26,2619,101370010,8154,2013-04-13,45,CT,1,7.89
1815981935,89,63,6315,101111010,9907,2012-07-08,128,OZ,1,2.89
1815981935,89,63,6315,101111010,9907,2012-09-02,128,OZ,1,2.89
1815981935,89,11,1112,102898929,26666,2012-09-21,10,OZ,1,2.99
1816000337,140,37,3703,105100050,2820,2013-01-27,11.5,OZ,1,1
1816004935,2,56,5615,101111010,14907,2012-12-17,16,OZ,1,4.49
1816048058,214,32,3204,104122040,23511,2012-12-18,16.9,OZ,1,4.99
1816050595,214,63,6319,107024272,15045,2012-09-25,128,OZ,1,1.98
1816050595,214,29,2920,102970020,8711,2012-10-14,2,OZ,2,0.88
1816055656,214,0,0,10000,0,2012-09-30,0,,3,-7.28
1816087547,46,9,902,104125040,11473,2012-03-24,13.7,OZ,1,2.29
1816087547,46,5,516,101600010,12426,2012-08-13,27,OZ,1,7.79
1816087547,46,14,1404,1071928373,11473,2012-08-23,24,OZ,1,1.99
1816087547,46,8,801,1071928373,11473,2012-11-11,20,OZ,1,2.15
1816097260,46,26,2630,103600030,9787,2012-10-15,120,CT,2,3.14
1816122516,46,63,6320,104125040,11473,2012-04-27,12,CT,4,5
1816157665,17,5,501,103800030,4308,2012-06-21,12,OZ,1,3.99
1816174052,14,53,5307,101450010,20864,2012-12-02,12,OZ,3,7.5
1816174451,4,36,3626,101200010,16391,2012-05-20,144,OZ,1,6.29
1816174451,4,58,5824,107778272,9260,2012-09-15,13.5,OZ,1,3
1816195766,15,11,1102,102113020,15704,2012-12-06,200,CT,1,4.99
1816195766,15,51,5125,102580020,16668,2012-12-31,9,OZ,2,3.6
1816234135,48,43,4302,104300040,4030,2012-12-21,8,OZ,1,1.25
1816592233,233,21,2119,101200010,10522,2012-08-29,20,OZ,1,1.59
1816592233,233,63,6321,104082242,15667,2013-02-25,10,OZ,1,3.99
1816670581,285,7,707,107103878,25424,2012-03-04,26,OZ,1,6.68
1816670653,293,34,3410,107418272,16853,2012-07-23,11.25,OZ,1,1.79
1816672865,293,27,2712,103270030,7966,2012-06-25,9.5,OZ,1,4.99
1816673876,293,37,3703,105100050,2820,2012-09-17,10.5,OZ,1,1.75
1816673876,293,49,4901,107271474,11375,2013-01-17,26,OZ,1,3
1816673876,293,99,9909,107127979,6732,2013-01-24,12,OZ,2,4.78
1816673876,293,18,1890,1081275181,34064,2013-02-21,1,CT,2,2
1816675901,106,33,3305,102840020,18584,2012-05-07,9.75,OZ,1,3.99
1816675901,106,4,418,103400030,15113,2012-08-15,10.5,OZ,1,4.99
1816675901,106,36,3631,104900040,1414,2013-02-21,67.6,OZ,1,1.89
1817003054,85,9,902,103010030,47346,2012-03-22,11.7,OZ,1,3.99
1817013459,240,29,2923,104100040,9814,2012-12-26,4.5,OZ,1,1
1817013518,240,26,2628,103700030,2248,2012-03-08,12,RL,1,17.99
1817013518,240,97,9753,1023170424,0,2012-11-21,1,CT,1,5.58
1817014070,240,54,5401,103800030,5618,2012-07-20,12.3,OZ,1,2.79
1817014070,240,8,826,104150040,6667,2012-09-06,12,OZ,1,2
1817014644,240,57,5703,105215959,41981,2013-03-14,6,OZ,7,4.2
1817015040,240,56,5604,107580575,17344,2012-11-07,5,OZ,1,3.88
1817015386,240,58,5823,103150636,4946,2012-06-14,7,OZ,1,3.99
1817015386,240,36,3601,104900040,3809,2012-08-12,144,OZ,1,3
1817015398,240,56,5613,107403070,16922,2012-06-17,15,OZ,1,4.49
1817015398,240,63,6328,102016929,16492,2012-08-08,24,OZ,1,3.99
1817015398,240,9,907,104114444,16284,2012-08-08,12,OZ,1,2.99
1817015605,240,97,9799,104130343,38922,2013-02-25,4,CT,2,2.5
1817016180,240,56,5610,107580575,17344,2012-09-06,5,OZ,1,2.99
1817017020,240,92,9214,104116343,5845,2012-08-12,5.5,OZ,1,2.59
1817017020,240,63,6311,103425636,20309,2012-08-17,64,OZ,1,3.99
1817017304,240,56,5614,103090030,19704,2012-03-08,10,OZ,1,4.79
1817017304,240,99,9908,103338333,33170,2012-07-05,32,OZ,1,1.79
1817017304,240,35,3509,102420020,14716,2012-10-18,72,OZ,2,11.98
1817017459,240,63,6315,107343878,12933,2012-03-09,32,OZ,1,1.89
1817017459,240,64,6401,108769282,15787,2012-04-06,144,OZ,1,14.99
1817017459,240,54,5401,103800030,5618,2012-08-10,12.3,OZ,1,2
1817017459,240,99,9904,1071575676,5278,2012-11-18,16,OZ,1,3.99
1817017459,240,64,6409,108210080,14951,2013-02-02,0.75,LT,1,8.99
1817017459,240,32,3202,102700020,19737,2013-02-19,24,OZ,1,3.39
1817036849,104,9,901,104114444,365,2012-11-16,15,OZ,1,2.99
1817037472,240,5,501,103800030,9891,2012-08-02,11.4,OZ,2,4.98
1817037817,240,26,2633,104116343,8435,2012-08-27,20,RL,1,12.99
1817038466,240,26,2606,104130343,38922,2012-12-29,100,CT,1,2.99
1817038628,240,99,9909,107127979,6732,2012-11-04,9,OZ,2,5.98
1817063641,240,63,6320,104567444,16284,2012-03-06,12,CT,1,1.69
1817064455,240,99,9909,104567444,16284,2012-12-01,7,OZ,1,2.99
1817064455,240,56,5611,104175747,19978,2013-01-29,8,OZ,2,7.98
1817064455,240,63,6315,107343878,12933,2013-03-09,64,OZ,1,2.89
1817064587,240,99,9909,107127979,6732,2013-02-02,8,OZ,1,1.49
1817066178,101,14,1411,1068826767,81691,2013-03-25,20,OZ,1,1
1817073590,101,27,2704,107910070,30096,2012-07-13,24,OZ,1,2.67
1817083899,70,12,1205,108000080,17292,2013-01-25,12,OZ,2,4.96
1817083899,70,27,2704,101113212,491,2013-02-08,16,OZ,1,2.59
1817099869,64,9,914,107102575,2570,2012-12-21,24,OZ,3,9.27
1817100565,64,0,0,10000,20405,2012-05-28,0,,1,-5.92
1817100565,64,9,907,107341070,2437,2012-07-14,20,OZ,1,1.99
1817100565,64,45,4508,104440040,7504,2012-08-18,11,OZ,1,3.99
1817106021,65,58,5826,103582636,6564,2012-08-14,12,OZ,1,2.19
1817106021,65,32,3202,102700020,57417,2012-08-19,16,OZ,1,2.5
1817106021,65,34,3406,101111111,73313,2012-12-29,32,OZ,1,5.99
1817106021,65,36,3611,1072543979,40679,2013-06-13,192,OZ,1,2.6
1817107227,70,34,3411,107214070,12679,2012-07-30,16.9,OZ,1,4.79
1817109421,65,19,1904,103582636,6564,2012-07-27,12,OZ,1,3.6
1817109421,65,33,3302,102700020,57417,2013-01-26,17.4,OZ,1,2.64
1817112408,64,9,907,1072543979,40679,2012-06-15,12,OZ,1,-0.05
1817121327,65,63,6305,1072543979,40679,2012-09-08,128,OZ,1,4.49
1817121327,65,58,5827,1078533171,7796,2013-02-08,12,OZ,1,3.39
1817121327,65,26,2622,102570020,20361,2013-02-11,100,CT,1,3.49
1817135287,165,63,6399,102301222,27492,2012-07-20,8,OZ,1,7.99
1817135408,165,14,1404,1089000080,11289,2012-11-12,38.4,OZ,1,7.99
1817135632,165,36,3628,101200010,12029,2013-01-21,20,OZ,1,1.59
1817140868,26,34,3403,103700030,15697,2012-05-17,6.3,OZ,1,1.59
1817150287,431,56,5615,101111010,9907,2012-10-31,8,OZ,2,4.98
1817157950,126,58,5813,105450050,1322,2013-04-03,16,OZ,1,1.67
1817160579,63,33,3314,103000030,14760,2012-04-03,3.52,OZ,1,1.59
1817195367,431,63,6317,102529323,16410,2012-07-17,64,OZ,2,5.98
1817196535,26,51,5131,101862717,9496,2012-07-20,9.5,OZ,2,5.58
1817196535,26,5,504,101111010,85048,2012-08-17,1.76,OZ,3,2.37
1817196535,26,58,5824,107778272,9260,2012-09-07,12,OZ,1,3.99
1817196535,26,11,1114,101111010,9907,2012-09-07,16,OZ,2,3.78
1817196535,26,63,6315,101111010,9907,2013-02-23,64,OZ,2,2.5
1817196535,26,63,6305,104850040,18799,2013-06-11,59,OZ,1,2.49
1817196535,26,45,4511,107527878,6625,2013-06-11,32,OZ,1,7.99
1817197955,83,23,2301,101111010,9907,2012-08-04,16,OZ,1,1
1817197955,83,56,5616,104610040,15889,2013-03-09,7.5,OZ,1,3.49
1817198914,26,97,9731,1065356969,28185,2012-03-25,1,CT,1,21.99
1817198914,26,9,907,1078142171,21825,2012-06-30,16,OZ,1,3.99
