559982151,21,96,9609,1051090050,88199,2012-03-04,0,,2,-1.5
559982151,21,26,2604,107089676,19921,2012-06-12,75,CT,1,1.99
559982151,21,58,5836,107778272,9260,2012-06-12,12,OZ,2,6.98
559982151,21,30,3007,107020070,11244,2012-08-27,12,OZ,1,3.29
559982151,21,25,2506,104127141,26189,2012-09-04,32,OZ,1,3.36
559982151,21,9,907,107133070,25887,2013-01-13,24,OZ,1,2.49
559982980,21,33,3310,1082951585,27766,2012-04-04,7,OZ,1,2.5
559984525,278,53,5307,104116343,365,2013-03-05,16,OZ,1,2.29
559984525,278,33,3309,107373171,11786,2013-04-09,18,OZ,1,3.99
559992513,21,97,9753,1020120020,0,2013-04-19,1,CT,1,5.04
559992549,21,26,2633,103040030,683,2012-03-06,12,RL,1,6.99
559995995,21,51,5125,101380010,10271,2012-09-07,8.5,OZ,1,3.5
560050183,21,7,708,107447171,31265,2012-03-04,11,OZ,1,4.99
560050183,21,97,9753,1020060121,0,2012-10-14,1,CT,1,5.03
560050183,21,9,907,107341070,888,2012-10-23,16,OZ,1,3.79
560050183,21,23,2301,107130070,15474,2013-01-08,16,OZ,4,5.2
560051081,21,55,5552,102983929,6763,2012-10-08,48,OZ,1,2.99
560051081,21,22,2201,104119040,16347,2012-10-22,174,OZ,1,3.69
560051081,21,75,7501,101904515,4422,2012-12-02,16.25,OZ,1,6.49
560058955,21,36,3612,104119040,16347,2012-03-15,128,OZ,2,1.58
560061529,21,9,908,107203070,5812,2012-04-22,18,OZ,1,2.99
560061529,21,29,2925,101740010,3008,2012-07-06,80,OZ,1,4.99
560061529,21,9,920,104400040,15335,2012-09-27,12,OZ,1,5.99
560078560,21,58,5823,102531727,763,2013-02-11,6,OZ,2,13.98
560091628,21,18,1890,105209252,43069,2012-11-20,1,CT,2,1.98
560105346,21,35,3509,102420020,14716,2012-12-09,50,OZ,3,8.97
560105346,21,57,5705,104667545,20216,2013-02-12,15,OZ,1,3.29
560121810,21,22,2207,104650040,16355,2012-03-29,2.4,OZ,1,4.49
560152832,21,41,4108,104119040,16347,2012-07-16,15,OZ,2,1.36
560161366,21,96,9609,1053663252,88199,2012-03-05,0,,2,-1.5
560161366,21,8,801,102700020,8612,2012-04-13,24,OZ,1,1.49
560161366,21,70,7001,1030008131,12531,2012-05-11,0.5,OZ,1,4.19
560161366,21,33,3319,104178040,19154,2012-05-13,8.5,OZ,1,2.79
560161366,21,36,3618,101200010,23361,2012-05-13,144,OZ,1,4.99
560161366,21,56,5615,102100020,4218,2012-05-26,7,OZ,1,2.5
560161366,21,27,2706,105000050,6132,2012-07-13,3,OZ,20,12
560161366,21,63,6320,104119040,16347,2012-07-28,30,CT,3,10.37
560161366,21,9,922,101600010,6283,2012-07-31,5.34,OZ,2,7.38
560161366,21,8,810,104600040,13023,2012-08-29,1,OZ,1,1.19
560161366,21,60,6010,104119040,16347,2012-09-02,7.5,OZ,1,0.5
560161366,21,97,9748,107164171,26982,2012-09-05,8,CT,1,1.99
560161366,21,56,5614,104171646,6769,2012-09-10,12,OZ,4,15.96
560161366,21,23,2301,104119040,16347,2012-09-13,48,OZ,1,3.49
560161366,21,9,907,107347272,6562,2012-09-22,24,OZ,1,4.99
560161366,21,9,907,1069899767,18981,2012-10-25,12.9,OZ,1,4.69
560161366,21,8,817,102700020,8612,2012-11-10,26.5,OZ,1,1
560161366,21,18,1842,101117111,2615,2012-11-14,1,CT,1,1.25
560161366,21,37,3708,104100040,10522,2012-12-20,2,OZ,1,1.49
560161366,21,41,4107,1060862363,20623,2012-12-27,14.5,OZ,2,1.98
560161366,21,5,516,101600010,12426,2013-01-11,8.94,OZ,1,3.69
560161366,21,9,917,102514727,18874,2013-01-14,13.75,OZ,1,4.99
560161366,21,5,516,101862717,9496,2013-01-19,8.4,OZ,2,7.78
560161366,21,18,1828,103700030,6236,2013-02-18,1,CT,1,3
560161366,21,8,801,104119040,16347,2013-02-21,20,OZ,1,1
560161366,21,74,7407,107033070,1783,2013-04-14,7,CT,1,5.99
560165723,21,9,901,107232070,17320,2012-06-12,14.5,OZ,1,1.99
560165776,21,30,3008,104100040,19975,2012-04-06,16,OZ,1,3.49
560165776,21,1,106,101500010,29555,2012-04-26,6.6,OZ,1,2.29
560165776,21,54,5401,103800030,5618,2012-08-31,12.3,OZ,1,2.09
560165776,21,56,5604,104119040,16347,2012-11-11,4,OZ,2,3.98
560165776,21,19,1905,107402777,14200,2012-11-15,8.5,OZ,1,1
560165776,21,26,2622,101370010,8154,2012-11-29,18,CT,1,2.69
560165776,21,9,902,101410010,45039,2012-12-22,6.6,OZ,1,2.39
560165776,21,44,4404,105963555,29023,2013-01-05,8.46,OZ,1,1.39
560172670,21,33,3303,102840020,10241,2012-04-12,10.5,OZ,2,4.67
560172670,21,53,5307,104119040,16347,2012-05-15,24,OZ,1,2.29
560172670,21,58,5827,104470040,13310,2012-06-01,12,OZ,1,4.55
560175305,21,36,3611,107572070,14196,2012-03-02,405.6,OZ,2,10.98
560175305,21,72,7205,105310050,804,2012-03-31,8.2,OZ,1,1.88
560178753,21,63,6315,104119040,16347,2012-04-03,128,OZ,1,3.54
560178753,21,37,3705,105100050,2820,2012-06-30,18.6,OZ,3,7.77
560181318,21,16,1604,101254616,17473,2012-07-13,14,CT,1,1.19
560181318,21,56,5607,102100020,13967,2013-01-31,8,OZ,2,4.38
560185549,21,96,9609,1057301050,88199,2012-03-30,0,,1,-1
560185549,21,8,830,107461575,65031,2012-10-10,7,OZ,1,2.39
560185549,21,56,5614,104119040,16347,2013-01-29,12,OZ,1,3.39
560194199,21,4,419,103746636,10488,2012-06-18,5.1,OZ,1,4.29
560194199,21,4,418,107022171,18181,2012-11-29,6.17,OZ,2,5.98
560194199,21,3,304,105210050,11382,2013-01-15,1,OZ,1,2.79
560205318,21,41,4110,104780040,33381,2013-01-19,16,OZ,2,2
560207999,21,26,2609,101370010,8154,2012-06-02,40,CT,1,2.79
560219102,21,54,5402,107374474,12201,2012-10-14,16,OZ,2,5.98
560222563,21,37,3705,105100050,2820,2012-10-10,18.8,OZ,3,5.67
560222606,21,26,2628,1081697080,16473,2012-03-10,1,RL,2,1.78
560222606,21,45,4511,107346171,1376,2012-06-16,10,OZ,1,5.49
560222606,21,63,6312,102500020,11749,2013-01-12,59,OZ,1,1.99
560222692,21,28,2806,10930090,12157,2013-01-13,24,OZ,1,3.69
560233837,21,26,2622,102570020,20361,2012-05-27,30,CT,1,3.49
560233837,21,21,2108,101480010,12021,2012-12-04,64,OZ,1,2.79
560239197,278,5,516,104130343,38922,2012-05-29,7,OZ,1,2.79
560239197,278,26,2622,104116343,8435,2012-06-06,40,CT,2,1.74
560239197,278,10,1011,104116343,365,2012-07-12,24,OZ,2,1.98
560239197,278,64,6401,103410030,11704,2012-10-14,216,OZ,1,14.99
560239197,278,51,5116,104113040,21174,2013-01-16,33.5,OZ,1,5
560239197,278,33,3305,102840020,5141,2013-01-20,11.5,OZ,1,2.5
560250205,21,31,3101,107457474,25426,2012-04-30,4.25,OZ,1,2.49
560250338,21,9,922,102560020,18051,2012-09-13,13.5,OZ,1,2.73
560256383,21,23,2301,107680878,1393,2012-07-04,16,OZ,1,1.4
560256383,21,25,2509,104119040,16347,2012-08-09,32,OZ,1,2.49
560256383,21,37,3703,105100050,2820,2012-12-16,10.75,OZ,2,1.7
560256383,21,63,6323,104119040,16347,2012-12-27,64,OZ,2,5.98
560258040,21,26,2609,104116545,16879,2012-05-26,48,CT,1,3.39
560258040,21,5,501,103800030,14900,2012-06-19,18.7,OZ,1,3.49
560258040,21,51,5119,102370020,78850,2012-11-26,28.05,OZ,1,8.99
560259727,21,25,2509,103450030,10165,2012-04-07,32,OZ,1,2.89
560259727,21,36,3629,101200010,23360,2012-11-16,67.6,OZ,1,1.89
560261536,21,57,5705,103663232,4568,2012-09-23,24,OZ,1,2.29
560262376,21,55,5552,102073525,18893,2012-04-03,48,OZ,1,3.29
560267517,21,60,6001,105000050,30272,2013-02-10,16.5,OZ,1,3.59
560269233,21,41,4107,103470030,14488,2012-11-13,40,OZ,1,1.89
560270798,21,1,106,101500010,29555,2012-08-06,1,OZ,1,2.99
560279508,21,99,9909,107127979,6732,2013-01-16,12,OZ,1,2
560280371,21,5,516,103000030,14760,2012-08-08,6.5,OZ,1,2.5
560289011,21,55,5552,102073525,18893,2012-03-03,48,OZ,1,3.29
560296749,21,21,2108,104119040,16347,2012-06-28,64,OZ,1,1.99
560296749,21,21,2105,105200050,7054,2012-10-04,32,OZ,1,1
560296749,21,56,5620,104119040,16347,2012-12-24,8,OZ,2,4.76
560296765,21,55,5552,102983929,6763,2012-07-23,48,OZ,1,2.99
560300192,21,99,9908,1078670575,33170,2013-03-24,80,OZ,1,2.99
560305451,21,23,2310,104116444,27731,2012-09-19,16,OZ,2,3.98
560311471,21,59,5902,104119040,16347,2012-05-07,16,OZ,1,2.19
560311471,21,26,2606,105543757,11482,2012-05-15,200,CT,1,1.69
560311471,21,36,3635,107297979,16095,2013-04-19,33.8,OZ,1,0.99
560316707,21,41,4108,104133141,7531,2012-05-03,15.5,OZ,1,0.75
560316707,21,51,5115,104111848,11376,2012-08-22,18.3,OZ,1,2.59
560316707,21,4,418,107279979,15285,2012-09-21,10,OZ,1,3.29
560321826,21,11,1112,102898929,26666,2012-08-02,16,OZ,1,6.99
560321826,21,41,4121,102400020,3988,2012-08-28,15,OZ,3,3.57
560327838,21,9,902,103010030,18457,2012-11-14,8,OZ,2,6.38
560332157,21,31,3101,105210050,11382,2013-03-13,0.62,OZ,1,4.29
560344165,21,5,501,101600010,3331,2013-01-05,12.25,OZ,1,3
560351888,21,63,6315,107060070,29609,2012-06-16,64,OZ,2,6.98
560351949,21,33,3318,104119040,16347,2012-05-06,16,OZ,1,1.59
560351949,21,56,5620,103651434,7627,2012-07-30,80,OZ,1,10.99
560351949,21,2,214,103000030,1058,2013-01-17,80,OZ,1,5.39
560351949,21,25,2509,103450030,10165,2013-02-14,16,OZ,1,1.99
560355359,21,63,6319,102073525,18893,2012-04-26,64,OZ,1,1.79
560355359,21,63,6315,107045272,6176,2012-08-04,64,OZ,1,3.49
560355359,21,9,915,107312474,18613,2012-08-04,7,OZ,1,2.79
560356305,21,30,3002,104800141,8178,2012-05-15,30,OZ,1,4.79
560356305,21,8,818,103620030,14868,2013-03-22,23.9,OZ,1,1.99
560359765,21,36,3630,104119040,16347,2012-09-19,101.4,OZ,1,0.99
560363125,21,9,918,107351070,17346,2012-11-25,8,OZ,1,2.4
560365708,21,51,5125,107265575,8089,2012-10-23,9.2,OZ,1,2.5
560365708,21,20,2002,105100050,27873,2013-05-14,46,OZ,1,3.19
560366587,21,33,3350,102620020,16611,2012-04-12,1.12,OZ,1,1
560366587,21,18,1890,105209252,43069,2012-09-25,1,CT,1,2.49
560366587,21,39,3903,104119040,16347,2012-10-01,24,OZ,1,1.99
560366587,21,29,2928,104100040,9814,2012-11-14,5.7,OZ,6,7.5
560366587,21,5,501,104119040,16347,2012-12-16,16,OZ,1,2.69
560376975,21,58,5824,107778272,9260,2012-11-02,14,OZ,1,3.99
560376975,21,58,5815,103861636,11137,2013-01-07,8,OZ,1,3.99
560380478,21,55,5558,104119040,16347,2012-08-21,42,OZ,1,3.99
560380478,21,23,2301,104119040,16347,2013-03-06,16,OZ,1,1.69
560382128,21,36,3618,101200010,23361,2012-04-07,67.6,OZ,1,1.35
560391697,21,58,5813,107175575,9933,2012-03-31,48,OZ,1,3.99
560401944,21,9,901,104400040,3453,2012-04-09,13,OZ,1,3.69
560413173,21,9,907,109247494,94794,2012-11-21,21,OZ,1,4.19
560414045,21,21,2111,103120030,12957,2013-04-08,64,OZ,2,4
560414045,21,36,3618,104900040,23359,2013-04-21,144,OZ,1,4.69
560414062,21,9,907,107518575,11221,2012-07-03,15,OZ,1,3.49
560414062,21,23,2301,107130070,15474,2013-01-07,12,OZ,3,3.9
560419133,21,53,5305,102000020,7655,2012-11-11,9,OZ,1,1.43
560421804,21,51,5134,104280040,18599,2012-08-15,19.8,OZ,1,3.99
560421804,21,27,2705,107910070,85,2012-10-13,22,OZ,8,14.16
560422683,21,43,4302,104119040,16347,2012-03-20,16,OZ,1,2.5
560422683,21,73,7302,1030057333,250,2013-03-05,24,CT,1,3.49
560426052,21,36,3635,104150848,27294,2012-04-24,405.6,OZ,1,19.99
560428700,21,9,912,104119040,16347,2012-08-17,20,OZ,1,1.99
560432940,21,26,2619,102990020,7468,2012-12-13,45,CT,1,3.69
560441703,21,33,3310,1085643585,51615,2012-06-09,4.5,OZ,2,3.68
560441703,21,99,9908,104119040,33170,2012-07-07,32,OZ,1,2.99
560441703,21,11,1112,102898929,26666,2012-10-07,8,OZ,1,4.69
560441703,21,6,607,1063810262,20375,2012-10-12,8.8,OZ,1,5.99
560441703,21,26,2607,101090010,15232,2012-10-26,1,CT,1,1.49
560451202,21,63,6305,104850040,18799,2012-12-03,59,OZ,1,3
560453711,21,62,6201,1063000363,25246,2012-07-14,16,OZ,1,2.49
560453711,21,33,3303,102840020,10241,2012-11-24,10,OZ,1,2.14
560461570,21,26,2621,104119040,16347,2012-05-01,100,CT,1,2.59
560461570,21,41,4110,103940030,71386,2012-05-10,16,OZ,1,1.39
560461570,21,63,6316,107148171,6765,2012-08-31,16,OZ,1,1.34
560467445,21,53,5307,103470030,423,2012-06-13,12,OZ,2,2.28
560467445,21,2,213,101600010,1756,2012-08-26,18.25,OZ,1,3.19
560467445,21,8,809,101300010,8164,2013-03-19,18,OZ,2,4
560478719,21,57,5704,105360050,10074,2012-07-16,6,OZ,3,1.5
560482058,21,41,4106,107050676,3860,2012-12-03,6.5,OZ,2,3.98
560483084,278,21,2105,105200050,7054,2012-04-10,160,OZ,1,5.5
560483084,278,63,6315,102640020,4584,2012-10-09,64,OZ,2,5.98
560483084,278,9,907,104113040,21174,2012-12-28,16,OZ,1,3.99
560483084,278,59,5902,102640020,4584,2013-03-15,16,OZ,1,3.99
560485577,21,18,1828,106233868,319,2012-03-17,6.17,OZ,2,9.98
560485577,21,99,9908,103338333,33170,2012-12-04,48,OZ,1,1.99
560485577,21,9,970,103800030,62065,2013-04-18,14.7,OZ,2,3.76
560489866,21,63,6315,105215959,41981,2012-05-10,64,OZ,1,4.19
560489866,21,18,1802,104613545,17898,2012-09-09,4,CT,3,8.97
560489866,21,63,6399,107049272,6621,2013-02-21,7.38,OZ,2,3
560490689,21,58,5827,103760030,8501,2013-01-03,12,OZ,1,6.79
560491590,21,38,3802,104920040,5098,2012-11-16,1,LB,1,1.19
560495056,21,28,2806,104119040,16347,2013-04-07,16,OZ,1,1.69
560495056,21,9,907,1081075787,15976,2013-04-15,14.1,OZ,1,5.49
560502812,21,41,4107,104119040,16347,2013-01-10,15.25,OZ,2,0.98
560510681,21,0,0,10000,0,2013-01-10,0,,1,5.51
560512322,21,33,3310,103068434,41540,2013-01-25,4,OZ,3,3.87
560514971,21,31,3101,107457474,25426,2012-09-05,4.25,OZ,1,1.99
560515826,21,9,970,104119040,16347,2012-03-04,14.6,OZ,2,3.58
560515826,21,63,6315,104119040,16347,2012-05-27,128,OZ,1,5.69
560515826,21,35,3509,102420020,14716,2012-06-30,50,OZ,1,3.99
560515826,21,23,2301,104119040,16347,2012-08-16,16,OZ,3,4.77
560515826,21,36,3604,107800070,16023,2012-09-29,67.6,OZ,1,1.79
560515826,21,38,3801,104920040,5098,2012-11-09,4,LB,1,2.79
560515843,21,33,3312,103700030,14494,2012-11-17,6.41,OZ,1,1.99
560516609,21,25,2504,104119040,16347,2012-05-24,12,OZ,1,0.89
560516609,21,29,2930,103760030,8501,2013-02-14,7.75,OZ,1,1.19
560519300,21,25,2506,104127141,26189,2012-08-03,32,OZ,1,3.31
560519300,21,26,2610,1088632383,33170,2012-08-24,200,CT,1,1.29
560528839,21,57,5704,103663232,4568,2012-03-10,16,OZ,1,2.99
560528839,21,33,3305,102840020,5141,2012-06-10,11.5,OZ,1,2.14
560528839,21,9,907,107167373,17480,2013-03-06,22,OZ,1,2.09
560534681,21,44,4404,105100050,13791,2012-06-29,10,OZ,1,2.99
560536334,21,26,2626,104119040,16347,2012-09-23,1,CT,1,1.59
560537273,21,99,9908,103338333,33170,2012-11-17,48,OZ,1,1.99
560537307,21,9,903,104138747,60,2012-11-23,15,OZ,1,1.44
560551136,21,22,2201,104460040,3718,2012-11-18,96,OZ,2,3.98
560551136,21,26,2632,103600030,8583,2012-11-25,320,CT,1,9.24
560562345,21,35,3509,1088596787,5428,2012-11-04,50,OZ,1,2.98
560565821,21,57,5704,105360050,10074,2013-02-01,6,OZ,4,1.76
560568365,21,56,5604,1076165777,11921,2012-08-13,4,OZ,1,3.99
560568365,21,45,4508,102802929,18738,2012-08-23,12,OZ,1,5.99
560568365,21,51,5126,101380010,27474,2012-10-06,19,OZ,1,3.5
560573562,21,9,903,104138747,60,2013-04-21,46,OZ,1,3.69
560585601,21,63,6320,104119040,16347,2013-02-22,12,CT,1,2.39
560601894,21,63,6320,104119040,16347,2012-03-04,12,CT,1,1.29
560601894,21,55,5556,102983929,6763,2012-06-10,48,OZ,1,3.09
560614020,21,59,5902,104119040,16347,2012-11-30,8,OZ,1,1.99
560617539,21,53,5307,101450010,20864,2012-10-26,11,OZ,1,1.79
560619206,21,56,5620,104119040,16347,2012-03-27,16,OZ,1,4.49
560619206,21,53,5307,104119040,16347,2012-11-30,12,OZ,4,5
560619206,21,5,519,103000030,14760,2013-04-22,11.9,OZ,1,3.99
560630497,21,27,2709,102310020,18139,2012-07-20,2.47,OZ,2,3.58
560635668,21,2,202,101600010,1756,2012-04-14,17.5,OZ,2,5.78
560644201,21,41,4107,103470030,14488,2012-11-16,40,OZ,1,1.89
560648011,100,63,6315,107509070,182,2012-09-10,32,OZ,1,1.65
560653697,21,5,519,103000030,14760,2012-10-28,2.46,OZ,1,1.59
560653697,21,23,2301,104119040,16347,2012-12-23,16,OZ,1,0.88
560657222,21,99,9904,103338333,33170,2012-04-27,16,OZ,1,2.99
560657222,21,99,9908,104119040,16347,2012-08-14,16,OZ,1,1.5
560657222,21,34,3403,103500030,8919,2012-12-20,11.25,OZ,1,2.69
560658902,21,8,835,1073475676,17491,2012-03-10,12,OZ,1,3.79
560658920,21,72,7205,103500030,3830,2012-08-06,4,OZ,2,1.88
560670042,21,53,5307,101450010,20864,2012-09-30,10,OZ,1,1.85
560689906,21,57,5705,104667545,20216,2012-04-16,15,OZ,1,2.99
560689906,21,99,9908,103338333,33170,2013-03-13,16,OZ,2,3
560705526,21,18,1829,104119040,16347,2012-11-03,1,CT,1,1.99
560705526,21,39,3903,1064420969,10654,2013-01-05,24,OZ,1,2.99
560706323,21,55,5555,107457070,26051,2013-02-14,14,OZ,1,3.29
560713185,21,56,5607,102100020,13967,2012-06-24,8,OZ,2,5
560716654,21,9,908,107203070,5812,2012-03-06,15,OZ,1,2.49
560716654,21,37,3708,104119040,16347,2012-07-31,1.8,OZ,1,0.99
560716654,21,53,5307,107056070,14005,2012-09-25,10,OZ,2,2.98
560716716,21,53,5307,101450010,20864,2012-03-31,12,OZ,2,3.58
560720107,21,45,4512,101120010,19675,2012-09-05,20,OZ,1,3.99
560720107,21,95,9518,1072047373,7848,2013-03-11,1,CT,1,0.99
560720968,21,17,1704,1075703777,9439,2013-02-02,32,OZ,1,3.99
560720968,21,5,501,101600010,10797,2013-03-10,16,OZ,1,4.39
560733802,21,8,818,107764474,64256,2012-03-16,45,OZ,2,5
560733802,21,81,8101,102820020,13573,2012-07-27,1,CT,1,7.68
560734629,21,63,6315,104119040,16347,2012-06-23,128,OZ,1,3.59
560734629,21,4,410,104111646,18550,2012-08-26,0.92,OZ,2,2.78
560739852,21,57,5705,103663232,4568,2012-09-13,24,OZ,4,9.16
560745034,21,57,5710,108114686,3069,2012-09-05,6,OZ,1,0.99
560745034,21,56,5613,1076267575,72748,2012-09-22,16,OZ,1,6.99
560745034,21,63,6330,104119040,16347,2012-12-14,16,OZ,1,1.79
560745034,21,33,3318,107797575,27417,2013-04-14,16,OZ,1,3
560751070,21,56,5613,107403070,16922,2012-10-04,32,OZ,1,4.29
560751070,21,97,9753,1020111121,0,2013-01-10,1,CT,1,8.94
560752032,21,4,419,104000040,5168,2013-01-23,9.5,OZ,2,5.98
560770928,21,73,7356,1030000535,3201,2012-11-27,100,CT,1,12.49
560770928,21,26,2630,104119040,16347,2012-12-04,65,CT,2,1.98
560770928,21,57,5704,103663232,4568,2013-01-22,6,OZ,4,3.56
560772648,21,21,2108,104119040,16347,2012-03-19,64,OZ,3,5.97
560772648,21,26,2628,103700030,2248,2012-06-03,15,RL,1,17.63
560772657,21,41,4107,104119040,16347,2012-07-17,15,OZ,1,0.68
560772657,21,35,3504,103500030,13470,2012-10-09,10,OZ,1,1.69
560773622,21,29,2914,102100020,9886,2012-03-27,7.25,OZ,1,1.04
560773622,21,9,902,103010030,47346,2012-05-31,16,OZ,1,3.39
560773622,21,21,2105,105200050,7054,2012-10-18,32,OZ,3,3
560773622,21,55,5559,107756777,14286,2013-03-09,29.7,OZ,1,3.99
560778286,278,37,3707,105100050,17812,2013-02-01,26,OZ,1,3.49
560778784,21,51,5125,101380010,10271,2013-02-03,8.25,OZ,1,3.29
560780429,21,4,416,104000040,16765,2012-07-19,1.78,OZ,2,1.58
560780429,21,63,6319,102073525,18893,2012-11-23,64,OZ,1,1.99
560780429,21,59,5907,101111515,8760,2012-12-29,16,OZ,1,0.99
560783012,21,29,2928,101530010,58299,2012-04-01,5.9,OZ,1,1.25
560783012,21,5,501,101600010,3331,2012-05-21,12.25,OZ,1,3.49
560783012,21,23,2301,107130070,15474,2012-09-23,16,OZ,2,2.98
560783012,21,37,3709,107066272,12673,2013-01-06,13.5,OZ,1,1.99
560783012,21,37,3703,105100050,2820,2013-01-20,10.75,OZ,2,1.58
560795066,21,57,5707,105215959,41981,2012-04-17,16,OZ,2,5.38
560795929,21,21,2119,1061300868,867,2012-04-10,128,OZ,2,4.38
560795929,21,5,501,103800030,15251,2012-11-11,9,OZ,1,3.49
560801019,21,29,2907,104600040,13023,2012-09-03,4.7,OZ,1,2.39
560801019,21,54,5401,103800030,5618,2013-03-10,10.9,OZ,1,2.65
560811401,21,71,7113,102240020,25033,2013-01-14,15,OZ,2,1.76
560812299,21,21,2121,103642636,11751,2012-09-02,33.8,OZ,1,2.99
560812299,21,33,3318,107797575,27417,2013-06-17,12,OZ,2,5.58
560820083,21,53,5305,101450010,20864,2012-04-01,10,OZ,2,2.9
560820083,21,37,3705,105100050,2820,2012-11-05,18.8,OZ,2,3.58
560820083,21,9,907,104119040,16347,2012-12-15,20,OZ,1,1.27
560820083,21,26,2614,103700030,514,2013-01-27,14,CT,1,3.29
560822711,21,19,1905,104119040,16347,2012-04-18,12,OZ,1,2.49
560822711,21,72,7205,103700030,4294,2012-12-05,3.5,OZ,1,0.99
560828782,21,34,3410,107418272,16853,2012-09-29,56,OZ,2,11.52
560828782,21,31,3101,105210050,11382,2013-01-05,1.24,OZ,1,1.59
560854675,21,63,6315,104119040,16347,2012-06-04,128,OZ,5,24.95
560854675,21,23,2301,107130070,15474,2012-07-16,16,OZ,1,1.49
560854675,21,46,4606,104119040,16347,2013-02-16,12,OZ,2,7
560854675,21,9,917,107885878,57184,2013-04-02,13,OZ,1,4.49
560856329,21,36,3612,108265787,4687,2012-12-11,128,OZ,1,1
560889942,21,30,3009,104100040,19975,2012-07-06,8,OZ,1,1.59
560889942,21,26,2609,101370010,8154,2012-08-20,24,CT,1,2.79
560889942,21,57,5704,103663232,4568,2012-12-03,16,OZ,1,2.5
560889942,21,99,9908,103338333,33170,2013-03-28,80,OZ,1,2.99
560891665,21,53,5307,104119040,16347,2012-07-27,24,OZ,1,2.29
560891665,21,9,907,101410010,13791,2012-12-07,16,OZ,2,4.28
560891710,21,25,2509,103450030,10165,2012-12-21,16,OZ,1,1.99
560891710,21,21,2117,102500020,26108,2012-12-24,67.5,OZ,1,2
560899476,21,53,5307,101450010,20864,2012-11-14,12,OZ,2,3.18
560905522,21,26,2630,106343565,16050,2012-12-02,360,CT,1,4.49
560905522,21,8,826,104150040,6667,2012-12-16,12,OZ,1,2.59
560905539,21,36,3631,107169878,19563,2012-03-08,144,OZ,1,2.99
560905539,21,8,801,104119040,16347,2012-06-25,24,OZ,1,1
560905539,21,53,5305,101450010,20864,2012-09-07,9.5,OZ,2,2.7
560908086,21,23,2301,103915333,3811,2013-01-12,16,OZ,1,0.99
560908086,21,63,6305,104850040,18799,2013-01-12,128,OZ,1,6.49
560910725,21,14,1411,103890030,5072,2013-03-19,20,OZ,2,2.76
560928654,21,56,5609,107170070,1142,2012-08-17,16,OZ,1,1.74
560947618,21,19,1908,105150050,9189,2012-09-06,18,OZ,1,3.39
560965877,21,63,6321,102540020,1008,2012-04-13,14,OZ,1,3.99
560971001,21,45,4511,104542141,728,2012-09-08,22,OZ,1,5.99
560971001,21,26,2628,104119040,16347,2012-11-01,1,RL,1,1.79
560974012,8,79,7903,109256797,13776,2012-08-24,1,CT,1,3.99
560974012,8,49,4901,104130343,38922,2013-01-04,28,OZ,1,3.79
561001059,21,18,1828,103700030,6236,2012-07-08,0.18,OZ,1,3.39
561001059,21,4,418,102800020,54992,2012-07-29,11,OZ,1,3.39
561001059,21,57,5710,1068954464,6086,2013-01-19,5.3,OZ,3,5.07
561007145,21,27,2704,101821414,12900,2012-07-26,8,CT,1,8.99
561007165,21,5,520,103000030,14760,2012-05-19,18,OZ,1,2.99
561010632,21,99,9904,103338333,33170,2012-04-16,16,OZ,1,2.49
561031267,21,9,902,103800030,17050,2012-03-27,4,OZ,1,2.99
561031267,21,9,908,102560020,18051,2012-10-04,15,OZ,1,2.84
561037422,21,63,6320,104119040,16347,2012-11-17,12,CT,1,2.89
561037422,21,99,9904,103338333,33170,2013-01-18,16,OZ,1,2.99
561046011,21,95,9518,1061029060,7848,2012-07-18,1,CT,1,3.99
561046011,21,59,5910,103377636,16650,2012-10-16,13,OZ,1,3.99
561046011,21,56,5615,102100020,4218,2012-11-11,8,OZ,1,2.49
561050304,21,31,3101,104119040,16347,2012-12-03,5.37,OZ,1,4.59
561050304,21,26,2632,104119040,16347,2013-01-27,176,CT,1,3.99
561070115,21,18,1850,102120020,16044,2012-06-17,3,CT,1,1.84
561070115,21,58,5824,107080070,16704,2013-02-08,14,OZ,1,2.99
561070115,21,72,7203,104858242,1893,2013-02-19,33.8,OZ,1,10.89
561079568,21,21,2117,108768484,2903,2012-05-21,60,OZ,2,5.18
561079568,21,9,901,104400040,3453,2012-07-22,13.72,OZ,2,6.98
561079568,21,4,418,102800020,55321,2012-10-01,12.5,OZ,1,2.5
561079568,21,19,1905,105150050,16728,2013-04-01,12,OZ,1,2.49
561085715,21,21,2118,108079383,6926,2012-08-11,16.9,OZ,4,4
561085715,21,33,3305,102840020,18584,2013-04-20,10,OZ,1,3.49
561085715,21,8,814,103900030,13296,2013-07-13,16,OZ,2,5.58
561087444,21,4,418,104000040,26517,2012-10-03,12,OZ,3,8.97
561088290,21,33,3302,107615070,194,2012-08-14,8.25,OZ,2,4
561088290,21,9,901,103010030,3454,2012-12-05,4.44,OZ,1,2.99
561091610,21,9,907,101410010,13791,2012-09-06,16,OZ,1,4.29
561097048,21,51,5126,101380010,27474,2012-10-07,12,OZ,2,5.58
561097048,21,36,3612,104119040,16347,2012-10-30,128,OZ,8,6.32
561101215,21,5,501,101600010,3331,2012-06-28,17,OZ,1,2.74
561101215,21,63,6320,104119040,16347,2012-11-19,30,CT,1,4.99
561112278,100,5,501,101600010,3331,2012-12-22,14,OZ,2,7.18
561112278,100,95,9518,1064541666,25075,2013-04-24,1,CT,1,3.49
561116753,21,99,9909,103260131,5489,2012-03-03,5,OZ,1,2.99
561116753,21,51,5131,104227242,648,2012-06-04,9,OZ,1,3.59
561116789,21,36,3611,104119040,16347,2013-02-02,405.6,OZ,1,2.99
561118773,21,15,1506,1079042979,22943,2012-03-03,9,OZ,1,2.99
561118773,21,4,412,101900010,10421,2012-09-26,6.25,OZ,1,1.79
561118773,21,30,3008,104133545,43106,2013-01-07,16,OZ,1,3.29
561118773,21,33,3310,101566515,22310,2013-04-20,7,OZ,1,2.99
561122584,21,63,6305,102500020,11749,2012-05-12,59,OZ,2,3.98
561122584,21,17,1721,106233868,13024,2012-09-19,12.5,OZ,1,3.99
561122584,21,55,5556,102073525,18893,2013-04-20,48,OZ,1,3.29
561122584,21,56,5610,1063000363,25246,2013-06-18,8,OZ,1,5.99
561124322,21,57,5704,105360050,10074,2012-10-20,6,OZ,10,3.5
561124357,21,32,3202,102700020,19737,2012-04-04,64,OZ,1,5.99
561124357,21,62,6201,1063000363,25246,2012-07-14,16,OZ,1,2.49
561124357,21,22,2207,1075703777,13386,2012-12-16,6.2,OZ,1,3.99
561124357,21,29,2928,101530010,58299,2013-01-20,6.9,OZ,4,4
561134795,21,99,9909,107774575,14997,2012-11-04,5,OZ,1,2.5
561134795,21,57,5703,104119040,16347,2013-03-21,6,OZ,5,2.2
561149715,100,28,2806,10930090,12157,2013-05-02,24,OZ,1,2.99
561155417,21,60,6001,105000050,30272,2012-11-26,16.5,OZ,1,3.39
561159718,21,9,907,104500040,20016,2012-11-08,24,OZ,1,3.69
561159725,21,38,3802,104119040,16347,2012-11-15,2,LB,1,1.79
561163205,21,63,6305,101630010,6509,2012-05-13,89,OZ,1,4.99
561163205,21,34,3405,101111111,5168,2013-04-01,24,OZ,1,7.89
561186867,100,14,1405,103120030,12957,2012-04-10,14,OZ,1,1.25
561186867,100,41,4121,102400020,3988,2012-08-07,15,OZ,1,1.25
561188262,21,63,6399,107430171,25145,2012-06-07,32,OZ,2,5.98
561188262,21,63,6319,108390080,7368,2012-08-16,59,OZ,2,5
561190131,21,4,418,103400030,8247,2013-03-02,8,OZ,1,3.49
561190953,21,56,5616,102531727,763,2012-07-22,8,OZ,1,5.49
561190953,21,9,901,104400040,16738,2012-12-29,7.75,OZ,1,2.99
561192487,21,99,9908,103338333,33170,2012-11-13,32,OZ,1,1.5
561197529,21,56,5614,107104070,76668,2013-03-05,9,OZ,1,4.79
561201635,21,26,2617,104119040,16347,2012-03-04,1,CT,1,1.69
561201635,21,9,907,107133070,25887,2012-11-20,20,OZ,1,1.99
561205443,21,44,4404,101960010,3174,2012-08-09,4.4,OZ,2,2
561205443,21,3,302,102800020,30272,2012-09-09,11.5,OZ,1,3.29
561205443,21,1,106,101500010,29555,2012-12-12,6,OZ,8,9.52
561206321,21,9,907,104500040,20016,2012-05-29,20,OZ,1,2.99
561206321,21,36,3614,107065575,73385,2012-05-29,59.2,OZ,1,4.99
561206321,21,9,907,104500040,20016,2012-08-07,20,OZ,1,1.99
561206321,21,35,3509,109451494,20153,2012-09-07,75,OZ,2,4.78
561206321,21,63,6315,104119040,16347,2012-12-03,128,OZ,1,4.21
561206321,21,51,5123,107057575,60780,2013-01-22,28,OZ,2,4.42
561208009,21,96,9609,1055400050,88199,2013-04-24,0,,1,-0.75
561212386,21,79,7903,107244070,27869,2012-05-15,1,CT,1,3.99
561212386,21,57,5707,103663232,4568,2012-12-24,18.6,OZ,2,6.38
561214123,21,36,3635,1063671161,3070,2012-09-14,17.2,OZ,4,3.52
561214123,21,35,3506,105170050,6335,2012-09-15,5.8,OZ,2,7.38
561216644,21,63,6305,105360050,18699,2012-06-10,59,OZ,1,2.99
561236485,21,58,5827,104470040,13310,2012-08-14,8,OZ,1,3.39
561237468,21,23,2301,107680878,1393,2012-06-30,16,OZ,1,1.4
561242039,21,74,7402,1084105888,16559,2012-06-29,10,OZ,1,2.29
561242572,21,30,3001,104800141,8178,2013-03-19,30,OZ,1,3.99
561245841,21,12,1206,104119040,16347,2012-03-11,5,OZ,3,3.75
561245841,21,54,5401,103800030,5618,2012-12-23,9.8,OZ,1,2.5
561245841,21,56,5610,108430282,14275,2013-02-01,8,OZ,1,2.99
561257695,21,56,5621,107835474,2675,2012-05-05,8,OZ,1,3.49
561257695,21,55,5555,107457070,26051,2012-11-17,14,OZ,2,6.67
561257743,21,63,6323,102830020,16257,2012-12-09,12,OZ,2,2
561262364,21,33,3307,104119040,16347,2012-04-25,32,OZ,1,3.49
561262364,21,33,3303,104126242,19971,2012-05-02,8.75,OZ,1,1.99
561264728,21,33,3315,101030010,5740,2012-12-19,7.5,OZ,3,8.97
561268106,21,6,607,107007474,5810,2012-03-20,56,OZ,2,19.98
561268106,21,7,708,1076211171,17286,2012-05-11,12,OZ,2,19.98
561268106,21,26,2606,104119040,16347,2012-06-29,40,CT,1,1.49
561268106,21,31,3101,105210050,11382,2013-01-30,1.7,OZ,1,4.29
561269906,21,9,908,104126141,5244,2012-05-10,11.5,OZ,1,4.29
561270195,21,79,7901,107148676,81242,2012-07-16,1,CT,1,4.99
561270195,21,41,4121,104119040,16347,2012-12-17,15,OZ,1,0.6
561270195,21,56,5607,102100020,2321,2013-02-18,11.5,OZ,1,3.49
561276164,21,9,907,107167373,17480,2012-06-30,22,OZ,1,1.99
561276164,21,21,2119,1061300868,867,2012-11-23,192,OZ,1,4.99
561276164,21,97,9705,107217979,12072,2013-02-15,1,CT,1,34.99
561281367,21,19,1908,105150050,9189,2012-09-14,18,OZ,6,20.34
561281367,21,36,3626,104900040,17186,2012-12-22,144,OZ,2,9
561281515,21,58,5827,107080070,16704,2012-12-06,16,OZ,1,3.49
561281515,21,4,418,103400030,45489,2013-02-13,18.5,OZ,1,5.99
561285467,21,9,918,101410010,13791,2013-02-14,7.5,OZ,1,3.1
561285587,21,4,412,104119040,16347,2013-01-15,10,OZ,1,0.99
561287944,21,18,1823,104173747,3020,2012-11-18,10.5,OZ,1,2.99
561287944,21,74,7402,105100959,1372,2013-02-24,10,OZ,1,1.39
561290544,21,45,4509,1088147080,9282,2012-07-07,16,OZ,1,9.98
561291731,21,69,6901,101700010,15288,2012-03-17,1.8,OZ,1,1.29
561291731,21,32,3202,102700020,19737,2012-06-16,128,OZ,1,9.99
561292226,21,56,5616,102100020,4218,2012-07-18,7,OZ,3,8.97
561292226,21,97,9753,1085395181,0,2013-03-10,1,CT,1,2.99
561294605,21,56,5620,104119040,16347,2012-09-17,8,OZ,1,1.49
561294605,21,99,9904,103338333,33170,2013-05-27,16,OZ,1,1.99
561295118,21,36,3611,107572070,14196,2012-03-16,405.6,OZ,4,17.96
561295118,21,56,5609,107148171,6765,2012-08-09,16,OZ,3,4.5
561295118,21,19,1906,107240070,14199,2012-11-24,10,OZ,1,2.79
561302150,21,64,6408,101834111,1387,2012-03-24,1.5,LT,1,9.99
561302150,21,97,9753,1087489686,0,2013-06-05,1,CT,1,5.49
561303751,21,35,3509,1088596787,330,2012-04-12,50,OZ,3,8.64
561307244,21,63,6305,104850040,18799,2012-10-21,89,OZ,1,5.31
561310057,21,33,3305,107797575,21299,2012-05-01,10,OZ,1,3.5
561310544,21,51,5133,101380010,10271,2012-07-11,5,OZ,2,6
561310544,21,58,5831,102265525,2626,2013-01-04,48,OZ,1,7.99
561312067,21,37,3708,104100040,10522,2012-04-11,1.8,OZ,1,1.5
561312067,21,29,2903,104119040,16347,2012-08-08,14.75,OZ,2,1.76
561312067,21,27,2709,101780010,19793,2012-12-20,3,OZ,1,1.49
561312067,21,30,3001,104800141,8178,2013-02-06,30,OZ,1,3.99
561313135,21,8,836,104119040,16347,2012-03-03,32,OZ,1,0.99
561315023,21,33,3314,103000030,14760,2012-06-24,6.56,OZ,1,2.5
561315077,21,73,7308,109110898,3813,2013-01-18,18,CT,1,4.89
561315077,21,35,3509,107261373,16879,2013-02-01,50,OZ,2,3.98
561315077,21,21,2106,103120030,12957,2013-02-01,64,OZ,2,5.98
561316756,21,14,1404,104119040,16347,2012-06-07,24,OZ,1,1.66
561316756,21,41,4107,103710030,10383,2012-08-02,14.75,OZ,1,0.89
561323388,21,9,913,104812141,18322,2012-03-26,12,OZ,1,1.99
561323767,21,26,2628,103700030,2248,2012-09-23,6,RL,1,7.29
561323767,21,9,907,104119040,16347,2013-01-13,20,OZ,1,1.27
561324965,21,71,7112,107940070,17521,2012-03-13,22.5,OZ,1,3.29
561325186,21,63,6323,104119040,16347,2013-01-07,64,OZ,1,2.89
561327896,21,9,907,107167373,17480,2012-11-21,13,OZ,1,1.99
561327896,21,63,6314,107148171,6765,2013-03-26,16,OZ,1,1.49
561329864,21,60,6001,105000050,30272,2012-04-14,16.5,OZ,1,3.49
561329864,21,51,5125,101380010,10271,2012-05-12,6,OZ,4,11.96
561329864,21,27,2710,104133444,9293,2012-07-23,20,LB,1,4.29
561332477,21,56,5613,107104070,76668,2012-04-30,15,OZ,1,3.99
561332477,21,16,1604,102200020,20100,2012-10-14,15,CT,2,2.98
561337666,21,63,6315,104119040,16347,2012-04-20,64,OZ,1,2.39
561337666,21,53,5307,104119040,16347,2012-11-26,20,OZ,2,4.58
561337666,21,41,4109,105100050,2820,2013-04-06,11,OZ,1,0.67
561342519,21,21,2111,102800020,56490,2012-07-15,64,OZ,0,0
561342519,21,99,9908,103338333,33170,2012-08-05,8,OZ,1,1.99
561347766,21,99,9909,107143070,5072,2012-04-03,6,OZ,3,6
561356220,21,73,7302,1031284333,11661,2012-08-29,50,CT,1,7.29
561356879,21,3,302,1074759979,7168,2012-12-15,10,OZ,1,2.99
561366744,21,36,3634,105200050,14597,2012-06-03,101.4,OZ,1,2.99
561366744,21,21,2119,1061300868,867,2012-08-19,42,OZ,5,4.95
561366774,21,63,6305,102500020,11749,2012-10-14,59,OZ,1,1.99
561366774,21,97,9753,10000,0,2012-11-07,1,CT,1,0.85
561366774,21,56,5617,102100020,9886,2012-12-07,12,OZ,2,6.58
561378756,21,5,501,1088491282,13689,2012-07-19,15,OZ,2,7.98
561379732,21,63,6320,104119040,16347,2012-09-30,18,CT,1,3.59
561379732,21,73,7357,10400040,13312,2012-11-09,60,CT,2,-3.18
561382236,21,9,907,101410010,13791,2012-07-13,16,OZ,1,4.29
561384809,21,19,1904,104119040,16347,2012-03-28,32,OZ,1,6.99
561384809,21,73,7326,1063665262,93147,2012-04-30,240,CT,1,12.99
561387288,21,21,2111,1089899989,19445,2012-05-21,16.9,OZ,1,2.69
561387288,21,36,3635,106150060,19411,2013-03-07,33.8,OZ,1,0.5
561387873,21,63,6323,104119040,16347,2013-03-10,64,OZ,1,2.39
561389617,21,63,6315,104119040,16347,2012-08-08,64,OZ,1,2.19
561391176,21,25,2509,104119040,16347,2012-04-02,16,OZ,1,1.49
561391176,21,26,2631,103600030,16048,2013-02-27,51,CT,1,1.99
561392556,21,54,5401,101960010,1058,2012-10-04,12.3,OZ,1,1.59
561394473,21,9,907,101410010,13791,2012-09-27,16,OZ,1,3.79
561394564,21,96,9609,1057332151,88199,2012-08-09,0,,2,-1
561400289,21,62,6202,1087744888,64486,2013-04-21,12,OZ,1,4.99
561405471,21,33,3316,101600010,2539,2012-07-22,4.1,OZ,1,1
561405471,21,25,2506,105000050,32115,2012-09-23,32,OZ,1,4.39
561405471,21,33,3316,101600010,2539,2012-11-11,4.1,OZ,1,1
561405471,21,23,2310,103133232,25962,2012-12-23,13,OZ,2,2.78
561405471,21,9,907,107130575,11013,2013-02-02,20,OZ,1,3.99
561406181,21,9,922,102430020,10577,2012-03-03,15.16,OZ,1,3.09
561406181,21,56,5617,105300050,2199,2012-05-06,12,OZ,3,5.97
561406181,21,26,2635,104119040,16347,2012-06-04,100,CT,1,1.99
561406181,21,33,3307,103432535,22583,2012-09-15,20,OZ,1,8.29
561406181,21,26,2613,103700030,13481,2013-03-12,23,CT,2,23.18
561407633,21,58,5827,104470040,13310,2012-10-27,12,OZ,1,5.49
561407633,21,3,302,103400030,8247,2012-12-18,11.5,OZ,1,2.39
561408147,21,38,3801,104920040,5098,2012-08-08,10,LB,1,7.25
561408461,21,63,6321,104082242,15667,2012-11-16,10,OZ,1,2.5
561412901,21,63,6312,102500020,16487,2012-11-15,59,OZ,1,2.99
561412901,21,26,2610,104142646,4913,2012-11-18,100,CT,1,1.39
561416526,21,71,7113,1030815131,3609,2012-07-16,10.17,OZ,2,5.98
561416526,21,33,3307,104157040,2017,2013-03-21,4.38,OZ,1,3.99
561421553,21,57,5707,107047070,20230,2012-09-24,16,OZ,1,2.49
561421553,21,17,1703,101980010,19934,2012-12-22,32,OZ,1,3.69
561421553,21,37,3709,107066272,12673,2013-01-28,3,OZ,5,1
561421553,21,97,9753,1085058282,0,2013-04-22,1,CT,1,1.99
561422702,21,36,3612,104119040,16347,2012-07-13,128,OZ,4,3.16
561422702,21,71,7113,102279626,13267,2012-08-10,13,OZ,2,11.98
561439993,21,53,5307,101450010,20864,2012-09-09,11,OZ,1,2.5
561444780,21,5,501,101600010,18586,2012-09-18,10.6,OZ,1,3.69
561445382,21,35,3504,103700030,6947,2012-10-15,30,OZ,1,2.49
561446079,21,58,5825,103927232,26234,2013-04-12,19.5,OZ,1,5.19
561448411,21,99,9908,103338333,33170,2012-05-06,32,OZ,1,1.79
561448411,21,32,3204,107040474,14245,2012-10-10,48,OZ,1,7.49
561448411,21,9,907,107133070,25887,2013-02-15,24,OZ,1,4.19
561450412,100,5,516,104130343,38922,2012-05-25,7.4,OZ,1,2.39
561450412,100,26,2611,103600030,14191,2012-09-14,36,CT,1,3.29
561450529,21,55,5558,107064070,2014,2012-08-10,27.6,OZ,2,5.76
561453753,21,53,5307,101450010,20864,2012-04-11,12,OZ,1,2.5
