3828828437,508,97,9763,107825777,8885,2012-05-28,1,CT,1,35.48
3828828437,508,4,419,103746636,10488,2012-12-26,5.9,OZ,1,3.14
3828829786,507,72,7205,1031015838,16196,2012-04-10,4,OZ,1,4.98
3828842372,510,97,9753,1075103272,0,2012-07-08,1,CT,1,1.05
3828842372,510,33,3325,102840020,21452,2013-03-22,18,OZ,2,14.68
3828852363,507,97,9748,107033070,1783,2012-07-13,8,CT,1,1.25
3828856180,507,58,5812,104470040,13310,2012-07-11,15,OZ,1,3.14
3828856180,507,63,6320,1071514171,25530,2012-08-25,12,CT,1,2.93
3828859498,510,71,7113,108087888,13505,2012-04-06,12.6,OZ,2,7.95
3828873642,507,92,9211,1060933262,32336,2012-05-08,0.09,OZ,1,1.05
3828966204,508,55,5559,108523989,11176,2013-02-05,42,OZ,1,1.98
3828968578,508,97,9753,1049020040,0,2013-04-23,1,CT,1,13.64
3828969700,510,5,501,1088491282,86364,2013-02-25,14.75,OZ,1,3.3
3828979046,509,17,1708,102570020,27327,2012-06-28,1.34,OZ,1,3.68
3828994721,508,4,419,104118646,671,2013-02-11,9.5,OZ,1,3.35
3829079079,240,96,9609,1056414454,88199,2012-10-20,0,,1,-1
3829170467,306,8,818,103620030,14868,2013-03-05,24,OZ,1,1.99
3829170467,306,51,5115,107192171,25673,2013-04-29,23.4,OZ,1,5.99
3829180640,233,58,5837,104222242,26234,2012-10-18,12,OZ,1,2.79
3829210781,31,27,2704,103810030,29945,2012-10-12,6,OZ,2,5
3829247547,21,63,6315,104119040,16347,2013-01-07,32,OZ,1,1.39
3829247910,21,55,5552,102073525,18893,2012-08-29,48,OZ,1,3.19
3829250876,101,37,3706,104119646,14582,2012-11-04,18.5,OZ,2,3
3829250876,101,8,814,1068826767,7173,2012-11-25,15.5,OZ,1,1.89
3829250879,101,51,5125,107265575,8089,2012-06-10,11.8,OZ,1,3.69
3829250879,101,57,5710,1089470080,21065,2012-09-15,5.3,OZ,3,4
3829250879,101,37,3711,105100050,2820,2013-02-24,15.25,OZ,1,2.69
3829250879,101,58,5812,1068826767,12475,2013-04-21,16,OZ,1,4.99
3829251224,101,41,4107,1068826767,7173,2012-04-24,16,OZ,3,4.98
3829251224,101,16,1601,102200020,9347,2013-02-03,45,CT,4,9.56
3829251224,101,18,1837,104650040,14869,2013-04-21,30,OZ,1,8.95
3829251407,101,36,3618,101200010,23361,2012-09-21,67.6,OZ,4,5.16
3829251485,101,26,2619,1068826767,7740,2013-04-14,15,CT,1,1
3829251821,101,55,5561,107332171,10815,2012-07-26,36,OZ,1,2.5
3829251821,101,33,3307,102900020,14112,2012-11-20,8,OZ,1,5.75
3829251821,101,63,6316,102100020,2321,2012-12-07,16,OZ,1,2.39
3829251821,101,33,3303,102840020,10241,2013-05-03,10,OZ,1,3.5
3829259325,68,51,5125,1071785474,11614,2012-11-17,8,OZ,2,2.29
3829259325,68,32,3202,1072543979,40679,2012-11-17,32,OZ,1,1.59
3829259325,68,63,6313,104427646,21930,2013-01-02,18.5,OZ,1,4.99
3829259325,68,56,5617,103651434,75137,2013-04-07,10.66,OZ,1,0.19
3829264772,370,9,914,107343575,9705,2012-10-27,4.4,OZ,1,0.88
3829271577,370,63,6315,1072543979,40679,2012-04-01,128,OZ,1,2.07
3829271577,370,57,5704,1072543979,40679,2013-03-20,32,OZ,1,1.88
3829322935,143,9,907,101410010,13791,2012-07-02,24,OZ,1,4.29
3829322935,143,21,2119,1065153868,17830,2012-10-07,16,OZ,2,2.98
3829322935,143,9,902,104400040,18775,2013-01-16,9,OZ,1,2.77
3829324881,143,58,5827,101111010,9907,2012-06-15,16,OZ,1,3.5
3829324881,143,19,1904,101111010,20588,2012-06-25,12,OZ,1,3.79
3829324881,143,9,902,101356212,713,2012-06-25,7.5,OZ,1,3.47
3829324881,143,38,3801,101111010,20588,2012-09-16,1.5,LB,1,2.99
3829324881,143,4,416,103400030,2689,2013-04-21,3.5,OZ,3,4
3829329954,89,21,2105,104900040,14357,2012-03-22,32,OZ,1,1
3829329954,89,30,3009,101111010,9907,2012-10-10,16,OZ,1,1.5
3829329954,89,9,908,101111010,81973,2012-11-20,22,OZ,1,3.5
3829330181,89,21,2117,108768484,2903,2012-06-30,60,OZ,2,3.76
3829330434,89,21,2119,108813080,18653,2012-06-22,20,OZ,1,1
3829346303,431,51,5130,101111010,9907,2012-09-24,4.35,OZ,3,3
3829346727,211,72,7214,101254616,18738,2012-09-09,18,CT,1,0.64
3829346727,211,73,7302,1030006737,5995,2013-04-21,24,CT,1,3.87
3829350151,63,82,8201,101111010,6848,2013-03-17,1,CT,1,24
3829350151,63,21,2105,104900040,14357,2013-04-01,32,OZ,10,5.9
3829351629,12,55,5552,101111010,20588,2012-06-18,48,OZ,1,3.99
3829351629,12,7,707,102550020,6550,2013-02-02,33.9,OZ,1,9.99
3829351629,12,5,517,103800030,17050,2013-02-17,5.46,OZ,1,3.29
3829356070,2,45,4508,101111010,20588,2012-04-04,16,OZ,1,9.99
3829356070,2,33,3312,103700030,14494,2012-09-13,6.41,OZ,2,1.98
3829356070,2,58,5823,104470040,13310,2013-02-03,7.5,OZ,1,2.99
3829357527,2,29,2902,107110676,17253,2012-07-24,15,OZ,1,2.69
3829357527,2,9,907,1078142171,21825,2012-09-12,15,OZ,1,1.99
3829357527,2,96,9609,1059520353,88199,2013-03-20,0,,2,-1.1
3829365721,191,42,4230,101111010,6678,2012-08-24,32,OZ,1,1.95
3829365721,191,96,9609,1051111151,88199,2012-12-08,0,,1,-1
3829365721,191,28,2805,101111010,6678,2013-01-26,4.25,OZ,2,2.16
3829366739,191,25,2509,102640020,4584,2012-11-19,32,OZ,1,2.29
3829366739,191,7,707,104300040,20248,2012-12-12,31,OZ,1,10.99
3829366739,191,99,9902,108569686,11978,2012-12-22,12,OZ,3,4.47
3829372016,166,63,6323,102830020,16257,2013-05-06,12,OZ,2,2
3829384922,96,63,6315,103003434,7175,2012-08-27,128,OZ,3,7.77
3829385224,96,26,2628,103003434,7175,2012-10-30,1,RL,1,0.69
3829385246,96,36,3634,1078616272,7237,2012-10-07,20,OZ,4,5.34
3829385675,96,7,707,101114111,25747,2012-11-26,11,OZ,1,6.69
3829385708,96,36,3601,101200010,13794,2012-07-17,144,OZ,1,4
3829385708,96,9,908,107203070,5812,2012-08-21,4,OZ,1,1
3829385708,96,27,2704,107910070,30096,2012-10-05,24,OZ,1,3.99
3829385708,96,79,7903,109256797,13776,2013-01-31,1,CT,1,3.99
3829386138,96,33,3303,107260070,8245,2012-06-24,10.5,OZ,1,2.5
3829386138,96,96,9609,1054470050,88199,2012-08-25,0,,1,-1
3829401681,214,99,9904,103338333,33170,2012-08-08,32,OZ,1,3.76
3829401681,214,26,2634,104200040,14813,2012-08-12,4,RL,1,3.19
3829401681,214,5,519,104122040,20514,2013-03-07,13,OZ,1,1.68
3829408455,214,72,7212,106905565,26880,2012-03-25,3,CT,1,24.97
3829436743,214,53,5305,104122040,20514,2012-12-24,10,OZ,1,0.75
3829438736,214,92,9212,1030099737,15219,2012-04-07,0.2,OZ,2,10.42
3829438736,214,41,4108,104690040,14917,2012-11-24,15,OZ,1,0.85
3829438736,214,99,9904,103338333,33170,2012-12-23,32,OZ,1,1.97
3829440449,206,9,902,108136383,12592,2012-06-14,9,OZ,1,3.29
3829440449,206,63,6332,104850040,61745,2012-07-22,59,OZ,1,4.18
3829440449,206,64,6401,108769282,15787,2012-08-12,72,OZ,1,8.47
3829440449,206,56,5607,108685484,10218,2012-08-15,8,OZ,1,1.88
3829440449,206,21,2112,107468272,27266,2013-01-06,32,OZ,1,6.78
3829440449,206,7,708,107447171,31265,2013-02-24,10,OZ,1,5.32
3829534186,88,63,6305,104850040,18799,2012-11-21,59,OZ,1,3
3829548201,15,19,1908,104800141,16564,2012-03-27,16.3,OZ,1,2.99
3829548201,15,63,6320,102113020,10786,2012-05-17,18,CT,1,2.59
3829548201,15,8,822,104150141,10197,2013-05-27,28,OZ,1,2.69
3829549312,15,7,707,104300040,20248,2012-03-04,11,OZ,1,4.02
3829549312,15,4,418,102800020,12547,2012-10-30,40,OZ,1,11.99
3829549312,15,51,5123,101380010,27474,2013-01-26,38,OZ,1,8.49
3829549312,15,7,707,102113020,15704,2013-03-18,10.3,OZ,1,5.79
3829558318,360,4,422,107279979,19735,2012-05-01,5.5,OZ,1,2.59
3829558318,360,41,4107,102400020,4704,2012-11-19,14.5,OZ,1,1.79
3829558318,360,26,2620,104116545,16879,2013-01-16,30,CT,1,4.29
3830024756,285,25,2503,101115010,15530,2012-10-06,35.3,OZ,1,4.89
3830024867,285,63,6330,104190040,4664,2012-04-07,32,OZ,1,3.99
3830081140,24,36,3601,104900040,3809,2012-03-13,12,OZ,2,2.38
3830141373,507,51,5125,102580020,16668,2012-06-30,9.12,OZ,1,2.19
3830465368,104,63,6315,104128040,9181,2012-03-18,64,OZ,1,2.99
3830465368,104,9,907,107341070,2437,2013-01-20,24,OZ,2,7.14
3830465368,104,9,907,107341070,2437,2013-02-03,24,OZ,2,5.98
3830512869,31,30,3010,102100020,9886,2012-05-19,8,OZ,1,2.19
3830512869,31,64,6401,101820010,12358,2013-01-25,64,OZ,2,7
3830512869,31,21,2106,103120030,12957,2013-02-10,64,OZ,2,3.99
3830527380,31,63,6315,102114020,19950,2012-10-02,64,OZ,1,2.69
3830562347,21,63,6315,104119040,16347,2012-04-03,64,OZ,1,1.99
3830562987,21,58,5812,107433878,15669,2012-12-19,14,OZ,1,2.99
3830567128,101,56,5613,1068826767,81691,2012-04-02,15,OZ,1,2.49
3830567128,101,5,502,101130010,6161,2012-10-21,9,OZ,1,2.49
3830567128,101,56,5621,1068826767,81691,2013-04-01,8,OZ,1,2.99
3830573142,68,4,412,107279979,19735,2012-10-26,5.5,OZ,1,2.19
3830583667,370,56,5617,102100020,9886,2012-05-09,16,OZ,1,4.78
3830586356,370,26,2609,1072543979,21664,2012-04-23,45,CT,1,1.98
3830590437,370,6,601,107092070,17882,2013-01-07,7.3,OZ,1,1.28
3830599999,64,30,3008,103582636,6564,2013-06-09,16,OZ,1,1.2
3830610339,70,33,3310,103582636,6564,2012-04-28,4,OZ,1,1.99
3830610339,70,4,416,104000040,16765,2012-09-30,3.29,OZ,1,1.5
3830610339,70,36,3618,101200010,23361,2013-01-18,50.7,OZ,1,1.19
3830610339,70,8,817,102700020,8612,2013-04-20,24,OZ,2,0.78
3830625048,70,81,8102,104210040,7716,2012-05-02,1.2,OZ,1,2.99
3830625048,70,97,9753,10000,0,2012-09-01,1,CT,4,2.72
3830625048,70,33,3313,102840020,15598,2012-11-21,15,OZ,1,3.04
3830625048,70,28,2806,10930090,12157,2013-02-03,24,OZ,2,4
3830636047,26,51,5125,102580020,16668,2012-03-07,9,OZ,0,0
3830636047,26,97,9734,1072974777,33170,2012-06-01,1,CT,1,2.29
3830636047,26,99,9909,101111010,9907,2012-07-12,12,OZ,2,2.58
3830636672,26,96,9609,1057192151,88199,2012-09-10,0,,1,-2
3830643526,126,63,6305,101111010,9907,2012-07-18,64,OZ,1,1.5
3830659641,151,60,6007,101800010,14029,2012-04-17,8,OZ,2,4.58
3830666466,12,9,901,104400040,3453,2012-08-24,13,OZ,1,2.77
3830666466,12,5,521,101313010,4253,2012-09-21,12,OZ,1,4.19
3830666466,12,14,1415,101111010,9907,2012-10-04,30,OZ,1,1.89
3830703774,96,37,3707,102400020,3843,2012-03-24,14.5,OZ,10,10.9
3830703774,96,72,7205,103500030,3830,2012-08-05,6.4,OZ,2,2
3830703774,96,41,4108,107089070,9218,2012-10-29,15.5,OZ,1,1
3830703774,96,41,4107,102400020,4704,2013-01-19,15,OZ,1,1.29
3830703774,96,9,907,103003434,7175,2013-05-07,20,OZ,1,1.25
3830705163,96,19,1905,1083277080,96960,2012-09-18,11.3,OZ,1,2.5
3830705163,96,9,908,107203070,5812,2013-04-01,10,OZ,2,5.98
3830705273,96,96,9609,1054132252,88199,2012-10-03,0,,1,-0.75
3830705310,96,63,6318,101800010,14029,2012-12-28,13.8,OZ,2,4
3830705469,96,36,3601,101200010,13794,2012-04-20,144,OZ,1,4.99
3830705469,96,9,907,107131979,16021,2012-07-04,12,OZ,1,2
3830705469,96,51,5130,101380010,27474,2012-10-26,10.25,OZ,2,5
3830705469,96,26,2632,103700030,13481,2013-05-26,72,CT,1,2.69
3830705469,96,63,6320,103003434,7175,2013-07-05,12,CT,1,1.69
3830705469,96,63,6315,103003434,7175,2013-07-17,128,OZ,1,2.99
3830712027,214,4,419,103746636,10488,2012-04-25,3.5,OZ,1,2.48
3830712027,214,28,2803,107321474,11575,2012-11-10,16,OZ,1,1.72
3830733258,214,58,5824,102781525,5557,2012-12-17,13,OZ,1,2.5
3830765800,214,36,3611,102259222,13400,2012-04-04,23.7,OZ,1,0.75
3830765800,214,63,6315,104122040,20514,2012-07-26,128,OZ,1,2.98
3830765800,214,58,5823,104122040,20514,2012-12-04,12,OZ,1,2.5
3830772464,214,36,3630,107800070,5208,2013-02-13,144,OZ,1,3.88
3830787597,46,50,5001,102113121,11151,2012-04-05,16.5,OZ,1,3.69
3830822762,46,35,3507,105170050,6335,2012-04-26,2.68,OZ,1,2.79
3830822762,46,7,709,109955595,2706,2012-08-04,6.3,OZ,1,9.99
3830844948,46,92,9211,1030099737,15219,2012-06-27,0.05,OZ,1,6.99
3830859973,14,63,6314,104127141,12414,2012-05-14,16,OZ,1,2.49
3830859973,14,9,907,102113020,15704,2012-11-11,8,OZ,1,1.79
3830859973,14,3,310,102113020,15704,2013-02-24,8,OZ,1,5.69
3830862700,20,99,9904,103338333,33170,2013-05-03,1,CT,1,2.99
3830862700,20,33,3309,1078113878,13130,2013-05-03,16,OZ,1,3.99
3830883856,15,58,5823,104470040,13310,2013-01-14,9,OZ,1,3.73
3831403639,42,71,7113,102240020,25033,2013-01-13,15,OZ,2,1.98
3831577718,285,58,5827,103760030,8501,2012-12-05,12,OZ,1,4.79
3831676581,85,9,917,1065074060,45538,2012-05-31,24,OZ,1,2.99
3831676581,85,8,814,102066222,12598,2012-05-31,16,OZ,1,2.48
3831676581,85,73,7358,107431272,12440,2013-02-15,100,CT,1,8.29
3831831991,508,97,9753,1049039040,0,2012-05-20,1,CT,2,22.98
3831831991,508,41,4105,106414464,70939,2012-06-30,10,OZ,2,2.24
3831837716,508,26,2619,107325777,23664,2013-04-26,20,CT,1,5.03
3831878240,508,8,810,105210050,11382,2012-08-10,1.25,OZ,2,1.14
3832075067,8,63,6315,101570010,11414,2013-05-10,14,OZ,1,1.75
3832085791,306,33,3311,102840020,27521,2013-03-19,10.5,OZ,2,5.96
3832085791,306,45,4513,104222242,26234,2013-07-23,48,OZ,1,7.99
3832126439,31,4,411,102200020,17287,2012-03-18,13,OZ,1,0
3832126439,31,33,3305,1085556484,85912,2012-06-14,5.5,OZ,1,3.39
3832126439,31,49,4903,1083418383,385,2013-02-24,20,OZ,1,3.99
3832126439,31,96,9609,1053600050,88199,2013-04-16,0,,1,-0.75
3832154142,40,64,6409,101289414,15501,2012-07-16,0.75,LT,1,10.49
3832154142,40,56,5620,102114020,19950,2012-08-04,8,OZ,1,3.39
3832154142,40,26,2609,104116545,16879,2012-11-10,48,CT,1,2
3832158991,21,41,4105,107294070,15064,2012-05-23,28,OZ,3,4.5
3832158991,21,58,5827,103760030,8501,2012-12-20,16,OZ,1,3.99
3832158991,21,37,3709,107066272,12673,2013-02-05,3,OZ,5,1
3832161055,21,58,5823,102265525,2626,2012-04-30,8,OZ,1,3.99
3832161055,21,21,2106,103120030,12957,2012-06-05,64,OZ,1,2.99
3832161055,21,55,5552,102073525,18893,2012-07-06,48,OZ,1,3.29
3832161055,21,96,9631,107675070,19430,2012-10-07,1,CT,1,25
3832161718,101,5,501,101600010,3331,2013-03-13,12.8,OZ,1,2.99
3832161718,101,5,501,1068826767,81691,2013-04-08,12,OZ,1,3.99
3832162438,101,58,5824,107778272,9260,2013-03-12,12,OZ,1,4.49
3832177933,370,56,5614,1072543979,40679,2012-06-09,12,OZ,1,2.98
3832177933,370,33,3315,104126848,7904,2013-05-24,18,OZ,1,3.98
3832202388,65,3,304,103582636,6564,2012-06-17,1,OZ,1,3.11
3832202388,65,41,4107,1072543979,40679,2013-03-07,14.5,OZ,1,0.67
3832231738,165,26,2634,103700030,3293,2012-07-04,12,RL,1,9.99
3832231738,165,59,5907,102740020,16291,2012-11-10,16,OZ,1,1.95
3832232775,26,44,4402,102113121,11151,2012-09-23,7.5,OZ,1,1.99
3832232775,26,5,501,103000030,45635,2013-04-28,13,OZ,4,7.52
3832233241,26,4,418,103400030,8247,2012-07-09,9.3,OZ,1,3
3832233241,26,9,902,104400040,15335,2012-12-20,14.6,OZ,1,2.77
3832233799,26,33,3308,102840020,3336,2012-07-04,9.75,OZ,2,3.98
3832233799,26,9,907,107343575,9705,2013-05-01,16,OZ,1,3.69
3832233935,26,34,3402,1082775585,16073,2013-04-27,10,OZ,1,3.5
3832242603,89,62,6201,101111010,20588,2012-08-28,12,OZ,2,11.98
3832242603,89,0,0,10000,0,2013-06-09,0,,1,0
3832243789,89,63,6305,101111010,9907,2013-02-12,64,OZ,1,1.99
3832243789,89,97,9753,10000,0,2013-03-05,1,CT,1,6.4
3832243789,89,82,8201,101111010,9907,2013-05-21,12,CT,1,10.49
3832261014,431,63,6315,101111010,9907,2012-09-29,64,OZ,1,1.99
3832262955,12,53,5307,101111010,9907,2012-12-26,32,OZ,2,3.98
3832262955,12,10,1013,101111010,9907,2013-02-12,16,OZ,2,3.16
3832262955,12,29,2930,101111010,9907,2013-02-13,7.5,OZ,5,4.95
3832270157,12,37,3707,105260353,13414,2012-12-08,32,OZ,1,2.5
3832270157,12,8,811,1070601070,1393,2013-04-14,24,OZ,1,2.59
3832270217,12,92,9204,107417070,15743,2012-11-28,0.31,OZ,1,7.99
3832282468,140,9,902,108136383,12592,2012-06-04,7.2,OZ,1,2.99
3832308590,96,99,9904,105410757,33170,2012-11-10,48,OZ,1,5.99
3832308814,96,63,6328,107590070,2073,2012-06-16,20,OZ,1,3.99
3832308814,96,12,1206,108660080,2559,2012-08-12,12,OZ,2,8.78
3832309280,96,11,1112,102898929,26666,2012-05-20,10,OZ,1,4.79
3832309280,96,9,907,107341070,13291,2012-06-09,15,OZ,1,2.5
3832320167,214,51,5199,1072972474,33871,2012-08-10,14,OZ,1,1.5
3832333755,214,58,5823,104450040,8318,2013-06-18,9,OZ,1,1.25
3832334595,214,5,501,104122040,20514,2012-07-29,13,OZ,1,1.88
3832334595,214,58,5823,104122040,29462,2013-02-09,16,OZ,2,2
3832334595,214,63,6315,104122040,20514,2013-04-28,128,OZ,1,3.18
3832341811,214,34,3406,103700030,8993,2012-03-21,18,OZ,1,2.44
3832341811,214,97,9753,1022108626,0,2012-05-14,1,CT,1,13.56
3832341811,214,96,9609,1054400050,88199,2012-05-21,0,,1,-0.5
3832341811,214,26,2617,104122040,23511,2012-05-25,1,CT,2,6.16
3832341811,214,9,922,102430020,10577,2012-05-28,12,OZ,1,1.62
3832341811,214,36,3630,107800070,5208,2012-05-30,144,OZ,4,15.88
3832341811,214,41,4120,104122040,23511,2012-07-04,6,OZ,2,1
3832341811,214,42,4220,104122040,23511,2012-08-03,32,OZ,1,2.13
3832341811,214,65,6501,104122040,20514,2012-08-20,6,OZ,1,1.28
3832341811,214,56,5615,104122040,20514,2012-08-28,32,OZ,2,15.96
3832341811,214,81,8101,102820020,11186,2012-09-04,10,CT,1,45.99
3832341811,214,8,810,104122040,23511,2012-09-24,0.87,OZ,4,1.4
3832341811,214,33,3303,102840020,10241,2012-09-24,8.5,OZ,1,2.68
3832341811,214,9,901,104400040,12885,2012-09-26,16,OZ,1,3.88
3832341811,214,5,501,103800030,8466,2012-10-11,15.3,OZ,1,2.98
3832341811,214,36,3604,107800070,2829,2012-10-19,144,OZ,1,3.67
3832341811,214,81,8101,102820020,11186,2012-11-28,1,CT,14,78.26
3832341811,214,99,9908,103338333,33170,2012-12-03,160,OZ,2,7.54
3832341811,214,28,2805,104122040,20514,2012-12-19,6,OZ,2,2.56
3832341811,214,58,5812,101590010,1366,2012-12-24,12,OZ,2,1.76
3832341811,214,99,9908,103338333,33170,2013-03-11,160,OZ,1,2
3832341811,214,5,501,1088491282,13689,2013-03-13,11,OZ,1,2.26
3832341811,214,56,5619,102100020,19279,2013-03-22,32,OZ,1,5.88
3832367652,214,92,9212,104155444,11347,2013-02-08,0.12,OZ,1,1
3832368841,214,27,2704,107910070,30096,2013-05-15,10,OZ,1,2.84
3832403994,46,59,5906,104060040,26155,2012-12-18,15,OZ,1,2
3832405850,46,99,9908,103338333,33170,2012-05-22,16,OZ,3,5.79
3832446754,46,17,1703,1070882070,11473,2013-06-09,128,OZ,1,2.69
3833233069,285,59,5902,101115010,15530,2012-12-31,16,OZ,1,3.69
3833236532,106,9,907,104500040,12473,2012-05-01,24,OZ,2,8.98
3833236532,106,18,1837,104650040,14869,2012-07-11,4,CT,1,3.99
3833236532,106,45,4509,104440040,7504,2013-03-06,6.3,OZ,2,9.98
3833295996,377,99,9908,103338333,33170,2012-09-09,32,OZ,1,2.99
3833313997,377,28,2805,1071754474,17649,2013-02-22,6,OZ,2,4.58
3833339851,85,9,901,103010030,15828,2012-03-28,13,OZ,1,3.75
3833347335,85,31,3108,1060788060,16965,2012-08-31,26,OZ,1,0.69
3833347335,85,9,901,104400040,3453,2013-02-15,13,OZ,1,1.94
3833419431,507,54,5401,103800030,5618,2012-08-08,12.3,OZ,1,2.39
3833486292,508,72,7205,103320030,875,2013-06-09,7.2,OZ,1,3.49
3833729401,424,9,907,102111020,11200,2012-07-23,20,OZ,1,1.49
3833729401,424,56,5615,103680030,6561,2012-10-21,8,OZ,1,2.99
3833729401,424,99,9908,103338333,33170,2012-12-09,16,OZ,1,0.99
3833743717,31,9,907,107518575,11221,2013-01-03,15,OZ,1,3.49
3833747840,31,28,2806,10930090,12157,2012-09-05,24,OZ,1,3.29
3833756126,31,9,901,103010030,9530,2012-05-15,13,OZ,1,3.59
3833776629,21,26,2633,105400050,16048,2013-04-14,27,RL,1,19.99
3833778032,21,40,4001,107239272,20113,2012-10-26,384,OZ,2,3.98
3833778032,21,23,2301,1085501989,2237,2013-03-02,16,OZ,3,2.4
3833779114,101,63,6318,107738777,11064,2012-03-07,42,OZ,1,6.29
3833779114,101,9,922,1068826767,81691,2013-03-29,12,OZ,1,3.99
3833779471,101,60,6011,101800010,14029,2012-09-03,17.3,OZ,1,1.79
3833779471,101,95,9518,107000070,7848,2012-11-28,1,CT,2,1.98
3833783861,64,13,1305,103000030,14760,2012-08-20,36.8,OZ,1,1.79
3833846267,83,5,516,103000030,14760,2012-05-24,6.7,OZ,1,2.39
3833847401,58,10,1007,104300040,26232,2012-04-03,6,OZ,1,1.79
3833847401,58,6,610,1061126969,15041,2012-06-25,8.4,OZ,2,3
3833847401,58,33,3303,102840020,10241,2012-07-09,8.5,OZ,3,5.97
3833847401,58,21,2113,102800020,56490,2012-10-29,60,OZ,1,3.89
3833851161,98,29,2928,101740010,11011,2013-05-14,5,OZ,2,1.7
3833851161,98,9,920,101111010,9907,2013-06-11,11,OZ,1,1.97
3833851608,89,36,3611,101200010,803,2012-10-06,20,OZ,1,1.69
3833862612,211,7,703,104300040,11339,2012-03-04,9,OZ,1,3.89
3833862612,211,49,4901,101111010,9907,2013-02-14,28,OZ,1,1.99
3833862612,211,57,5710,103663232,4568,2013-03-27,5.3,OZ,2,2
3833867441,63,33,3309,1078113878,13130,2012-12-19,12,OZ,2,5
3833878493,191,95,9518,1088351585,25075,2012-09-15,1,CT,1,1.19
3833878493,191,21,2108,102870020,18702,2013-01-24,64,OZ,1,2.67
3833878493,191,96,9609,1050813757,88199,2013-03-18,0,,1,-1
3833879656,191,34,3410,104126040,9907,2012-06-19,7.5,OZ,1,0.9
3833887386,166,97,9753,1023531121,0,2012-04-13,1,CT,1,6.71
3833895313,96,99,9904,103338333,33170,2012-06-21,32,OZ,1,3.99
3833895313,96,9,902,1087989080,4351,2012-10-29,4.5,OZ,2,7.98
3833895623,96,56,5610,102100020,9886,2012-03-03,8,OZ,1,4.89
3833895623,96,73,7302,103680030,18533,2012-03-18,50,CT,1,3.99
3833895623,96,5,501,103800030,17050,2012-06-01,13.4,OZ,4,10
3833895623,96,96,9609,1051440050,88199,2012-09-01,0,,1,-1
3833895623,96,32,3203,101122515,19197,2012-11-18,6,OZ,1,2.39
3833929501,214,63,6315,104122040,20449,2012-07-23,64,OZ,1,2.78
3833936913,214,9,907,104122040,20514,2012-04-03,12,OZ,1,0.98
3833975204,46,44,4404,107045979,12587,2012-03-17,13.5,OZ,1,3.49
3833975204,46,96,9609,1057357050,88199,2012-07-01,0,,2,-302.63
3833975204,46,56,5610,102100020,9886,2012-08-25,8,OZ,1,3.49
3834064710,360,9,908,107203070,5812,2012-04-07,16,OZ,1,4.29
3834064710,360,35,3508,107261373,17776,2012-05-16,100,OZ,1,7.49
3834064710,360,55,5552,107064070,2014,2012-10-12,56,OZ,1,4.49
3834364764,42,55,5555,107684070,32094,2012-07-06,16,OZ,2,9.38
3834537953,377,23,2301,107680878,1393,2012-05-03,16,OZ,2,2.78
3834541523,377,58,5823,104470040,13310,2012-10-02,9,OZ,1,3
3834627963,507,97,9732,1078790979,23277,2012-04-12,1,CT,1,0.59
3834627963,507,73,7307,104116747,30343,2012-08-15,10,CT,0,0
3834706256,508,57,5710,103663232,4568,2012-10-31,21.2,OZ,1,3
3834706340,508,72,7205,1031015838,16196,2012-05-04,4,OZ,1,4.89
3834732841,510,58,5823,104470040,13310,2013-02-27,8,OZ,1,2.79
3834743947,510,58,5812,1063690666,12339,2012-10-02,14,OZ,1,3.98
3834743947,510,51,5123,103620030,52004,2012-10-02,22,OZ,2,13.94
3834838932,233,41,4110,103940030,71386,2013-02-14,28,OZ,1,1.89
3834850014,31,29,2926,102114020,19950,2013-04-01,320,OZ,1,6.99
3834878647,31,37,3709,107066272,12673,2012-07-03,13.5,OZ,1,1.99
3834878647,31,64,6408,108520080,17797,2012-12-08,1.5,LT,2,17.85
3834878647,31,64,6401,103410030,8692,2013-03-26,144,OZ,1,7.99
3834893685,21,21,2108,104119040,6164,2012-11-28,64,OZ,2,3.58
3834893987,21,97,9799,107569171,16506,2012-12-23,1,CT,4,8.96
3834893987,21,30,3010,102100020,9886,2012-12-23,16,OZ,1,2.5
3834895407,21,51,5125,101380010,10271,2012-05-03,9.13,OZ,2,5.98
3834899257,77,96,9609,1055400050,88199,2012-05-10,0,,1,-1
3834899257,77,9,902,103010030,47346,2012-06-28,16,OZ,2,6.19
3834899257,77,9,907,107167373,17480,2012-09-20,22,OZ,2,5.68
3834902904,373,36,3601,104900040,3809,2013-01-04,144,OZ,1,4.99
3834910252,370,99,9908,103338333,33170,2013-03-11,6,OZ,1,0.93
3834956945,370,37,3709,104178949,11224,2012-11-29,13.5,OZ,1,1.88
3834956945,370,63,6320,1072543979,40679,2013-03-16,12,CT,1,0.88
3834956945,370,63,6315,1072543979,40679,2013-06-13,128,OZ,1,3.76
3834958702,370,56,5607,1072543979,40679,2012-03-27,8,OZ,1,1.93
3834958702,370,99,9908,103338333,33170,2012-04-16,32,OZ,1,1.38
3834958702,370,9,907,1072543979,40679,2012-09-19,22,OZ,1,0.99
3834958702,370,23,2310,104116444,27731,2013-04-06,16,OZ,2,5.16
3834960069,370,26,2617,1072543979,21664,2012-04-14,1,CT,1,3.48
3834960069,370,36,3632,1072543979,40679,2013-03-29,101.4,OZ,1,0.97
3834968448,89,26,2619,101370010,8154,2012-11-30,45,CT,1,11.29
3834968448,89,51,5125,105010050,8089,2013-03-28,11.35,OZ,2,4.4
3834971817,98,26,2608,101111010,9907,2012-11-19,24,CT,2,1.8
3834984504,12,63,6323,1074236575,8499,2012-05-12,64,OZ,1,4.19
3834984504,12,8,814,102066222,12598,2012-06-02,16,OZ,2,5.38
3834984504,12,0,0,10000,0,2012-06-21,0,,1,0
3834984504,12,9,902,104400040,18775,2012-08-12,9,OZ,1,2.77
3834984504,12,95,9518,1061029060,6015,2012-10-03,1,CT,1,2.59
3834984504,12,63,6305,104850040,18799,2012-11-30,59,OZ,1,3.69
3834986090,63,21,2105,105200050,7054,2013-05-29,32,OZ,10,7.9
3834986090,63,96,9609,1051600050,88199,2013-07-21,0,,1,-0.5
3835012435,166,99,9904,103338333,33170,2012-11-16,4.4,OZ,2,2.99
3835012435,166,41,4108,107227373,27268,2012-12-28,15,OZ,1,0.89
3835012435,166,63,6317,104157040,2017,2013-03-18,64,OZ,1,2.99
3835016496,96,17,1703,104460040,6608,2013-02-18,32,OZ,1,3.39
3835017341,96,4,416,108637484,23978,2013-03-26,3,OZ,2,7.98
3835020126,214,63,6311,107146474,2142,2013-03-20,52,OZ,1,5.99
3835031477,214,42,4220,103000030,14760,2012-10-10,16,OZ,1,1.68
3835081702,46,41,4107,102400020,4704,2013-03-18,14.5,OZ,4,3.56
3835081702,46,97,9753,10000,0,2013-05-21,1,CT,2,11.22
3835087061,46,4,418,103400030,8247,2012-09-25,9.3,OZ,2,6
3835087061,46,56,5609,104125040,11473,2013-01-17,24,OZ,4,10.56
3835115849,46,73,7307,1035058030,1636,2012-04-05,4,OZ,1,5.84
3835126962,46,7,707,104300040,11339,2013-06-29,29.3,OZ,1,5.99
3835127346,46,56,5607,102100020,13967,2013-06-10,8,OZ,1,1.99
3835127378,46,8,814,1079339676,102778,2013-06-29,16,OZ,2,4.88
3835127989,46,92,9204,1073150979,25291,2013-04-28,30,CT,1,5.79
3835136814,46,4,418,103400030,15113,2013-06-08,12,OZ,1,3.5
3835136814,46,27,2704,103810030,14717,2013-06-15,1,CT,1,4.99
3835138640,46,3,305,103320030,875,2013-05-31,16,OZ,1,0.75
3835678677,285,99,9909,107127979,6732,2012-12-06,6.5,OZ,1,2.5
3835678677,285,33,3301,1089277383,20723,2012-12-09,7,OZ,1,2.79
3835758094,85,58,5823,104470040,13310,2012-09-03,7.5,OZ,1,4.89
3835758094,85,96,9609,1052800050,88199,2013-02-16,0,,4,-4
3835771168,507,73,7302,1030057333,250,2012-09-18,20,CT,1,3.99
3835818860,507,71,7113,107940070,17521,2012-07-20,50,OZ,1,5.49
3835845926,507,99,9908,1060580666,7655,2013-02-05,29,OZ,1,1.39
3835874628,508,26,2621,104200040,5016,2012-04-16,1,CT,1,5.24
3836064762,31,63,6320,102114020,19950,2013-01-22,12,CT,1,1.67
3836088340,40,9,902,104400040,12279,2013-02-11,16.5,OZ,1,1.99
3836094383,31,63,6320,1071514171,25530,2012-03-31,18,CT,1,3.99
3836094383,31,9,907,107763373,17614,2012-11-30,20,OZ,1,1.99
3836113946,31,25,2506,104410040,8481,2012-11-26,16,OZ,1,1.5
3836122153,31,41,4107,102114020,19950,2012-05-26,15.25,OZ,1,0.89
3836122153,31,41,4108,107566979,8671,2012-09-02,15.5,OZ,2,1.98
3836122153,31,36,3631,102114020,23503,2012-11-20,67.6,OZ,1,1
3836122153,31,5,519,102114020,19950,2013-02-01,12.4,OZ,1,2.99
3836149951,21,36,3630,107800070,23561,2012-10-06,144,OZ,1,4.5
3836152947,21,26,2622,104119040,16347,2013-04-07,15,CT,2,3.58
3836152947,21,16,1604,102200020,6021,2013-04-21,15,CT,1,0.99
3836153961,101,0,0,10000,20405,2013-04-07,0,,1,-2
3836153961,101,36,3611,108265787,4687,2013-06-16,405.6,OZ,1,3.99
3836156310,77,97,9781,10000,8255,2012-06-30,1,CT,1,-2.01
3836156310,77,36,3601,101200010,13794,2013-02-19,67.6,OZ,1,1.67
3836156894,77,36,3631,107078474,18552,2013-06-02,67.6,OZ,2,2
3836160011,101,59,5907,1068826767,81691,2012-05-01,45,OZ,1,2.49
3836160193,101,63,6305,102500020,16489,2012-03-13,59,OZ,1,3
3836162168,77,59,5907,102740020,16291,2012-04-06,45,OZ,1,4.79
3836164655,64,63,6315,1072543979,40679,2013-01-29,128,OZ,1,3.73
3836182526,370,5,501,103800030,6796,2013-03-14,15,OZ,1,3.48
3836246289,370,96,9609,1054300050,88199,2012-04-28,0,,1,-0.6
3836246289,370,56,5615,104126848,7904,2012-07-06,24,OZ,1,4.88
3836246289,370,4,417,103400030,15113,2013-05-11,4,OZ,1,0.98
3836290324,70,57,5705,1072543979,40679,2012-03-03,6,OZ,4,2.11
3836290324,70,10,1013,103890030,5072,2012-04-14,16,OZ,1,2.5
3836306978,165,5,501,1088491282,86364,2012-08-03,16,OZ,1,3.85
3836306978,165,37,3707,107203676,7953,2012-08-05,32,OZ,2,5
3836315600,89,63,6315,101111010,9907,2012-04-18,128,OZ,1,3.09
3836315600,89,63,6321,1077033373,43036,2013-01-03,10,OZ,1,2
3836316120,89,30,3010,104100040,19975,2012-03-11,7,OZ,1,3.09
3836316120,89,9,902,102410020,44209,2012-04-16,11.5,OZ,1,3.09
3836316120,89,51,5125,105010050,8089,2012-06-04,12.5,OZ,1,2.74
3836316120,89,53,5305,101111010,9907,2013-03-04,10,OZ,2,2.68
3836329699,211,26,2620,101111010,9907,2012-04-05,50,CT,1,2.99
3836329699,211,23,2301,101111010,20588,2013-04-13,16,OZ,1,1.89
3836333785,63,33,3315,102620020,4615,2012-07-09,5.25,OZ,1,1
3836359262,58,9,902,104950848,16730,2012-06-20,7.2,OZ,1,2.5
3836360426,89,75,7501,1030813737,1121,2013-03-30,3.5,OZ,1,4.11
3836360426,89,33,3302,102700020,57417,2013-06-23,32.91,OZ,1,5.29
3836370762,431,26,2628,103700030,2248,2012-04-23,8,RL,1,9.99
3836370762,431,9,902,104400040,18775,2012-09-08,7.6,OZ,1,1.99
3836433884,184,36,3632,107800070,17635,2012-08-08,67.6,OZ,1,1.89
3836438467,96,51,5134,104280040,18599,2012-04-22,23.98,OZ,1,3.34
3836441292,96,8,803,104150040,6714,2012-03-06,12,OZ,1,2.69
3836441292,96,19,1908,105150050,9189,2013-04-06,28,OZ,1,4.39
3836456658,214,5,502,101600010,86101,2012-07-31,5,OZ,2,5
3836456658,214,5,501,103800030,11732,2012-08-15,15.2,OZ,1,2.98
3836473274,214,74,7407,1084105888,15983,2012-09-19,4,CT,1,5.77
3836473274,214,99,9909,104122040,23511,2013-01-10,6,OZ,1,1
3836473274,214,29,2928,107142979,20299,2013-02-28,8,OZ,4,6.88
3836497569,214,9,908,104069747,25321,2013-04-11,26,OZ,1,5.65
3836516732,214,96,9609,1054122050,88199,2012-09-05,0,,1,-1
3836516732,214,92,9212,1072474272,358,2013-01-13,0.42,OZ,1,-0.6
3836517516,214,21,2114,107587979,66550,2012-12-08,4,OZ,1,0.88
3836517516,214,97,9753,1020466323,0,2013-01-26,1,CT,1,1.01
3836517516,214,9,907,107763373,15452,2013-02-09,20,OZ,1,2.78
3836517516,214,99,9904,103338333,33170,2013-03-02,48,OZ,1,8.88
3836541382,206,54,5401,103800030,5618,2013-06-23,29.6,OZ,1,5.88
3836542912,206,63,6320,1071514171,25530,2012-05-06,12,CT,1,2.68
3836542912,206,26,2630,103600030,9787,2012-11-04,100,CT,1,1.05
3836543274,206,23,2301,102920020,12168,2012-07-04,16,OZ,1,1.78
3836543274,206,26,2632,1081452181,13481,2013-03-30,50,CT,1,2.98
3836554430,46,74,7410,107940070,1141,2012-12-07,20.4,OZ,2,17.98
3836564907,46,64,6408,108012080,447,2012-05-30,5,LT,1,13.99
3836639850,46,72,7203,104125040,11473,2012-05-06,50.7,OZ,1,4.39
3836639850,46,99,9908,1060580666,33170,2012-06-18,1,CT,1,1.79
3836639850,46,9,902,104125040,11473,2012-08-02,15,OZ,1,1.69
3836639850,46,15,1506,1063180363,23993,2012-09-26,10,OZ,1,1.99
3836639850,46,41,4107,104125040,11473,2013-06-17,15,OZ,7,5.53
3836654064,46,36,3601,101200010,13794,2012-05-25,135.2,OZ,1,4
3836654064,46,9,908,102430020,10577,2013-03-02,8.27,OZ,1,2.5
3836687270,46,23,2301,103340030,15474,2012-05-06,12,OZ,1,1
3836690115,46,37,3707,105100050,17812,2012-09-01,3.36,OZ,1,3.99
3836737648,15,56,5616,104610040,15889,2012-11-04,7.5,OZ,1,3.99
3836762972,4,63,6319,108390080,7368,2012-04-16,89,OZ,1,4.29
3836762972,4,63,6320,1071514171,25530,2012-07-19,12,CT,1,3.29
3836762972,4,64,6401,107199070,2034,2012-10-08,72,OZ,1,8.49
3836762972,4,58,5827,104470040,13310,2013-04-04,16,OZ,1,5.99
3836770215,15,59,5902,104720040,3239,2012-11-24,16,OZ,1,4.79
3836771283,15,45,4509,102113020,28503,2012-08-01,32,OZ,1,15.98
3836821603,48,99,9909,104656747,14903,2012-04-01,5,OZ,1,2.68
3836821603,48,97,9753,1023331323,0,2012-11-03,1,CT,1,4.79
3837571461,402,4,411,101070010,9275,2012-05-01,4.5,OZ,1,1
3837582495,402,69,6901,103700030,16139,2012-08-31,2.6,OZ,1,2.5
3837725182,285,5,516,1060265262,9673,2012-05-05,1.4,OZ,4,7.96
3837725213,285,33,3305,102840020,18584,2012-06-30,13,OZ,1,2.49
3837725213,285,58,5812,104470040,13310,2012-10-27,16,OZ,1,2.69
3837725213,285,29,2921,101600010,1756,2013-01-19,4.6,OZ,1,1.57
3837725213,285,33,3312,103800030,14494,2013-03-09,5.96,OZ,1,1.57
3837725213,285,38,3801,101115010,15530,2013-03-09,4,LB,1,2.69
3837727091,285,4,427,10980090,18366,2012-08-12,1,OZ,1,1.19
3837836200,377,51,5124,107710070,5108,2012-03-24,11,OZ,2,3
3837840761,377,45,4511,107813979,21157,2012-05-22,20,OZ,1,8.99
3837840761,377,55,5560,104154848,5603,2012-07-04,16.1,OZ,1,3
3837840761,377,8,805,105440050,23210,2013-03-24,15,OZ,1,6.99
3837851400,24,35,3509,103320030,875,2012-12-05,75,OZ,1,5.68
3837853456,24,56,5615,107283070,18390,2013-03-09,16,OZ,1,4.99
3837871987,24,16,1604,102200020,6021,2012-12-28,15,CT,1,1.39
3837871987,24,58,5823,104450040,8318,2012-12-31,8,OZ,1,3.99
3837873240,377,33,3305,102840020,5141,2012-06-29,17,OZ,1,3.48
3837873240,377,9,917,107794878,2753,2012-07-09,60,OZ,1,2.49
3837873240,377,8,818,103620030,14868,2012-09-05,23.9,OZ,3,7.77
3837873240,377,9,907,107294575,15878,2013-01-06,21,OZ,1,4.39
3837873902,377,56,5604,107027777,1008,2012-11-06,12,OZ,1,7.99
3837877328,377,26,2629,106700868,25075,2012-06-13,50,CT,1,2.27
3837877328,377,33,3318,107797575,27417,2013-03-08,12,OZ,1,2.99
3837883440,377,36,3630,104900040,23359,2012-07-30,144,OZ,1,4.99
3837883770,377,29,2902,107110676,17253,2012-06-19,15,OZ,1,2.29
3837896838,85,99,9904,103338333,33170,2012-06-12,16,OZ,1,3.99
3837902812,85,5,501,1060788060,16965,2012-05-05,12,OZ,1,2.49
3837902812,85,9,907,107130979,17614,2012-07-21,20,OZ,1,1.99
3837967840,507,97,9753,1049214040,0,2013-04-22,1,CT,0,0
3838077773,508,9,907,108523989,833,2012-04-05,24,OZ,1,1.04
3838199082,507,58,5812,104470040,13310,2012-06-29,16,OZ,2,4.18
3838199082,507,36,3612,108523989,11176,2013-05-27,128,OZ,2,1.86
3838199082,507,36,3611,107572070,14196,2013-06-12,405.6,OZ,2,8.36
3838213571,507,75,7501,101910010,9158,2012-06-20,7.5,OZ,1,8.25
3838213571,507,71,7107,1060308464,7034,2012-07-25,1,CT,4,25.16
3838213571,507,55,5556,104154848,5603,2013-06-07,48,OZ,1,3.77
3838221328,507,9,907,108523989,11176,2012-11-18,12,OZ,1,1.29
3838250302,507,92,9211,102270020,4197,2013-02-10,0.13,OZ,1,6.99
3838287683,507,33,3315,108523989,833,2012-06-02,16,OZ,2,9.42
3838361174,508,18,1813,105113151,16044,2012-12-24,4,RL,1,3.15
3838370819,508,9,907,107225070,12465,2013-05-03,16,OZ,2,4.38
3838391237,508,63,6315,108523989,11176,2012-12-14,64,OZ,1,2.82
3838630706,233,31,3101,105210050,11382,2012-03-11,0.7,OZ,1,1.39
3838630706,233,12,1205,108000080,17292,2012-03-11,5,OZ,8,7.04
3838630706,233,99,9904,105410757,33170,2012-03-17,48,OZ,1,6.99
3838630706,233,51,5127,103100030,1358,2012-03-17,8,OZ,1,1
3838630706,233,33,3305,102840020,5141,2012-03-17,11.5,OZ,5,14.9
3838630706,233,63,6313,104113040,6449,2012-03-24,16,OZ,1,1.83
3838630706,233,58,5812,105450050,1322,2012-03-25,16,OZ,1,4.29
