2231527929,214,96,9609,1050000050,88199,2012-09-14,0,,1,-1.88
2231527929,214,71,7107,1030815131,3609,2012-11-20,1,CT,2,11.76
2231534037,214,20,2002,105100050,27873,2012-11-17,11.5,OZ,4,3.52
2231534037,214,26,2620,104200040,5016,2013-03-09,100,CT,1,2.97
2231538652,214,57,5706,1074236575,8499,2012-12-15,32,OZ,1,2.98
2231538652,214,97,9753,1020461222,0,2013-01-13,1,CT,1,0.79
2231598833,46,26,2615,1071928373,11473,2012-06-15,40,CT,1,4.69
2231598833,46,58,5823,1071928373,11473,2012-09-06,9,OZ,1,2.88
2231598833,46,18,1802,104316848,25919,2012-11-25,2,CT,1,1.59
2231600158,46,26,2609,1071373373,11473,2012-11-18,50,CT,1,2.99
2231688871,48,9,901,104400040,12600,2012-03-18,14,OZ,1,4.59
2231955795,42,33,3305,104149747,19710,2012-04-11,12,OZ,1,2
2231955795,42,17,1707,107616878,5005,2013-06-14,4.9,OZ,1,2.99
2232194266,85,27,2704,103680030,13656,2012-03-17,2.5,OZ,1,1.5
2232194266,85,6,607,107007474,5810,2013-06-07,48,OZ,2,19.98
2232194986,85,9,922,102430020,10577,2012-05-08,9.8,OZ,2,3.04
2232194986,85,21,2105,104900040,14357,2012-08-22,32,OZ,6,4.84
2232194986,85,59,5907,102900020,2012,2012-10-02,32,OZ,1,2
2232194986,85,36,3603,104300040,26420,2012-12-03,64,OZ,4,1
2232195592,85,36,3611,108265787,4687,2012-09-15,405.6,OZ,1,5.49
2232196975,85,20,2002,105100050,27873,2012-07-11,33,OZ,1,3.59
2232197188,85,27,2704,103680030,13656,2012-03-22,2.5,OZ,1,1
2232197188,85,9,922,102430020,10577,2012-04-26,9.8,OZ,1,1.79
2232197188,85,41,4107,102400020,4704,2012-08-16,15.25,OZ,1,1
2232197338,85,9,901,103010030,3454,2012-09-04,14.2,OZ,1,3.75
2232197444,85,5,502,101600010,1756,2012-03-18,8,OZ,2,5
2232197444,85,41,4109,105200050,19212,2012-11-02,8,OZ,1,0.82
2232197444,85,41,4107,102400020,4704,2013-02-02,14.5,OZ,2,2.9
2232197705,85,37,3708,102520020,8617,2013-01-28,20,OZ,1,2.89
2232197705,85,24,2403,107478575,19183,2013-04-03,10,OZ,1,2.69
2232197705,85,28,2803,103680030,16965,2013-04-08,12,OZ,1,1.49
2232197974,85,9,901,104400040,13243,2012-05-14,15.5,OZ,1,3
2232197974,85,37,3709,107066272,12673,2012-09-23,3.36,OZ,1,0.89
2232197974,85,8,817,102700020,8612,2012-12-28,24,OZ,1,1.39
2232198667,85,41,4110,103940030,71386,2012-06-23,16,OZ,1,1.39
2232198853,85,21,2113,103890030,5072,2012-04-05,36,OZ,1,2.59
2232198853,85,99,9909,107127979,6732,2012-09-24,9,OZ,1,2.99
2232198853,85,19,1908,105150050,9189,2013-02-28,18,OZ,1,3.29
2232199219,85,4,419,10980090,6267,2012-12-24,1.3,OZ,1,0.99
2232199227,85,8,801,102700020,8612,2012-07-28,24,OZ,1,1.69
2232199227,85,32,3202,107339171,10732,2012-09-09,48,OZ,1,3.68
2232199227,85,56,5607,1060788060,16965,2012-12-15,8,OZ,1,1.66
2232201476,85,5,501,103800030,9543,2012-10-03,8.56,OZ,2,3.98
2232202114,85,7,706,104127141,26189,2013-04-03,64,OZ,1,3.99
2232202374,85,36,3632,107800070,4354,2012-11-03,101.4,OZ,1,3.39
2232202759,85,34,3405,101111111,5168,2012-04-25,24,OZ,1,9.29
2232202759,85,63,6315,1060788060,16965,2012-06-06,64,OZ,1,1.24
2232202759,85,26,2619,101258717,7245,2012-08-29,34,CT,1,7.99
2232202817,85,27,2702,101780010,14717,2012-06-20,18,LB,1,12.99
2232202817,85,60,6010,101800010,14029,2013-01-16,12,OZ,1,1
2232203383,85,2,212,101330010,11211,2012-07-10,7,OZ,2,2
2232205858,85,36,3627,104900040,23363,2013-04-11,67.6,OZ,1,1.79
2232206040,85,33,3312,102840020,10241,2012-11-02,5.75,OZ,2,2
2232206040,85,29,2920,1060788060,16965,2013-01-24,16,OZ,1,1.39
2232206097,85,35,3508,103700030,18371,2012-04-12,50,OZ,1,7.99
2232207952,85,18,1890,101122515,5093,2012-08-15,1,CT,3,4.97
2232208129,85,59,5902,103450030,10165,2012-03-10,16,OZ,1,4.69
2232208129,85,51,5125,101380010,10271,2012-04-28,9,OZ,2,5.72
2232208129,85,36,3627,101200010,16391,2012-08-11,67.6,OZ,1,0.99
2232208229,85,9,901,1060788060,16965,2012-06-17,8.5,OZ,3,7.95
2232208976,85,72,7205,103500030,3830,2013-06-21,4.6,OZ,1,0.99
2232209081,85,58,5830,107080070,16704,2012-06-20,8,OZ,1,1.99
2232209081,85,58,5823,107367575,3012,2012-09-28,6,OZ,1,0.99
2232209560,85,37,3709,104178949,11224,2012-08-05,2.25,OZ,4,2
2232209560,85,31,3108,1060788060,16965,2012-10-09,26,OZ,1,0.69
2232209560,85,5,501,101600010,85114,2012-11-06,12.2,OZ,1,3.52
2232209560,85,97,9753,10000,0,2013-03-18,1,CT,1,1.29
2232211887,85,60,6012,101800010,14029,2012-10-13,7.3,OZ,1,1
2232211892,85,26,2628,105400050,16048,2013-05-06,1,RL,8,15.39
2232211918,85,60,6007,101800010,14029,2012-10-03,12,OZ,1,2.5
2232213060,85,51,5132,105434757,9443,2012-11-28,13,OZ,1,0
2232213060,85,64,6408,101834111,1387,2012-12-23,1.5,LT,1,9.99
2232213060,85,38,3802,104920040,5098,2013-03-03,2,LB,1,2.09
2232215577,21,16,1604,102200020,6021,2012-04-20,15,CT,1,1.09
2232215577,21,9,907,104119040,16347,2012-10-04,12,OZ,2,2.78
2232215577,21,9,970,103800030,62065,2013-03-15,14.7,OZ,2,5.38
2232231404,104,8,807,101340919,17823,2012-03-05,18,OZ,1,2.29
2232231404,104,97,9753,102773626,0,2012-05-28,1,CT,2,2
2232236590,101,33,3303,104178040,19154,2012-05-02,8,OZ,1,2.5
2232236902,101,63,6315,1068826767,81691,2012-04-07,32,OZ,1,1.39
2232236902,101,96,9609,1051030050,88199,2012-04-17,0,,1,-1.5
2232236902,101,26,2630,103700030,14647,2012-09-05,600,CT,1,4.99
2232236902,101,97,9781,10000,8255,2012-10-05,1,CT,1,-0.52
2232236902,101,58,5831,107274575,13804,2012-11-20,16,OZ,2,6
2232240713,77,63,6315,107078474,18552,2012-04-05,64,OZ,1,3.79
2232240713,77,36,3631,107078474,18552,2013-04-09,48,OZ,1,1.99
2232243444,64,31,3108,101360010,4916,2012-11-09,13,OZ,1,0.99
2232243444,64,37,3707,1072543979,40679,2013-02-10,14.5,OZ,1,0.77
2232251872,68,56,5616,103582636,6564,2013-03-07,8,OZ,1,2.99
2232252439,68,18,1837,104613545,17898,2012-09-29,2,CT,1,2.99
2232252615,64,41,4120,1072543979,40679,2013-04-03,6,OZ,1,-1.36
2232254145,65,81,8101,102820020,11186,2013-04-05,10,CT,1,45.99
2232255977,64,63,6323,1072543979,40679,2013-01-20,64,OZ,1,2.5
2232257220,64,32,3202,1072543979,40679,2012-07-17,48,OZ,1,2.77
2232257220,64,9,907,1072543979,40679,2013-01-03,12,OZ,1,1.27
2232263900,165,29,2923,104100040,9814,2012-03-15,4.3,OZ,1,1.25
2232264520,165,56,5621,107203676,7953,2012-03-17,8,OZ,4,8.25
2232269689,83,37,3705,104119646,14582,2012-03-23,18.5,OZ,2,3.82
2232269689,83,63,6323,101111010,9907,2012-12-06,128,OZ,1,2.59
2232272384,26,79,7902,1078093979,44318,2012-09-21,0,,1,1
2232279954,58,28,2803,107321474,11575,2012-06-14,16,OZ,1,2.29
2232279954,58,33,3303,101111010,9907,2012-10-23,6,OZ,1,1.19
2232285437,98,49,4901,101111010,9907,2013-03-29,30,OZ,1,1.27
2232285437,98,92,9210,102270020,4197,2013-06-23,0.3,OZ,1,4.25
2232297251,140,36,3636,104300040,29501,2013-03-15,192,OZ,1,3.99
2232298415,140,58,5835,107790070,9200,2012-10-20,16,OZ,2,6
2232301027,140,6,601,1072977676,22726,2012-10-24,16,OZ,1,3.5
2232304671,140,0,0,10000,0,2013-04-04,0,,5,0
2232304832,140,56,5609,101111010,9907,2012-06-19,24,OZ,1,1.67
2232304832,140,63,6315,101111010,12028,2012-06-19,128,OZ,1,2
2232304832,140,10,1011,101111010,9907,2012-10-16,48,OZ,1,3.55
2232304832,140,44,4404,107002272,15242,2012-11-18,48,OZ,1,3.5
2232304832,140,99,9908,101111010,9907,2012-11-27,16,OZ,2,2.68
2232304832,140,73,7356,104126040,9907,2012-12-31,200,CT,1,12.74
2232304832,140,12,1206,101111010,9907,2013-01-29,5,OZ,6,10.74
2232304964,140,33,3303,101111010,9907,2012-09-05,6,OZ,2,2.38
2232304964,140,36,3618,104900040,23359,2012-12-24,67.6,OZ,1,1
2232305123,140,46,4606,101111010,20588,2012-03-12,16,OZ,1,3.49
2232305123,140,99,9904,1081204989,27736,2012-04-02,32,OZ,1,4.99
2232305123,140,4,417,101070010,19846,2012-07-02,5,OZ,1,1
2232309336,140,37,3703,105100050,2820,2012-03-26,26,OZ,1,1.29
2232309821,140,22,2210,103700030,5174,2013-01-19,9.7,OZ,2,10.78
2232317683,140,33,3303,102840020,15598,2012-03-28,13.5,OZ,1,4.48
2232317683,140,33,3308,102840020,3336,2012-06-04,9.75,OZ,1,1.77
2232320230,140,33,3305,102840020,5141,2012-05-14,11.5,OZ,1,1.99
2232320230,140,14,1411,101111010,9907,2012-07-30,20,OZ,1,1
2232320492,140,55,5560,104154848,5603,2012-08-20,18,OZ,1,2.99
2232320492,140,63,6305,102500020,11749,2013-04-24,59,OZ,1,2.29
2232321355,140,81,8101,102820020,11186,2012-09-04,1,CT,2,11.74
2232322241,140,99,9908,101818616,53215,2012-04-19,5,OZ,1,1.69
2232327303,191,0,0,10000,0,2012-05-31,0,,1,0
2232327303,191,72,7205,106830565,26880,2012-08-03,4.2,OZ,1,2.99
2232327303,191,97,9753,109762999,0,2012-12-03,1,CT,1,3.59
2232327303,191,63,6311,107146474,2142,2013-06-20,15.2,OZ,2,2.99
2232328251,191,58,5837,101111010,9907,2013-06-25,2.1,OZ,1,3.5
2232359977,96,96,9609,1054200050,88199,2012-05-01,0,,1,-1
2232359977,96,99,9909,107127979,6732,2012-09-06,12,OZ,1,1.79
2232359977,96,25,2509,103003434,7175,2013-03-21,32,OZ,1,2.19
2232360320,96,36,3630,107800070,23561,2012-09-05,288,OZ,1,6.5
2232361610,96,36,3611,103003434,7175,2012-12-09,405.6,OZ,1,3.01
2232361933,96,31,3101,103003434,7175,2012-04-30,2,OZ,1,3.99
2232371791,214,63,6313,102670020,4664,2013-01-01,16,OZ,1,1.58
2232419481,46,63,6320,104125040,11473,2012-08-27,12,CT,1,1.79
2232802280,42,33,3318,107010474,18491,2012-07-12,10,OZ,1,2.19
2232802280,42,18,1890,107048575,8154,2012-07-21,3,CT,1,1.99
2232802280,42,5,501,101600010,3331,2012-10-02,12.25,OZ,1,3.49
2232802280,42,4,418,104000040,11698,2012-11-14,11.24,OZ,1,3.69
2232802280,42,37,3708,107270070,11079,2013-03-10,4.5,OZ,2,6.98
2232802640,42,9,902,104400040,15335,2012-09-05,15.1,OZ,2,7.98
2232802640,42,7,709,104300040,11339,2012-10-03,3,OZ,1,4.99
2232802640,42,99,9908,103338333,33170,2013-01-18,32,OZ,1,2.99
2232802640,42,41,4108,104149747,19710,2013-02-07,15.5,OZ,2,1.98
2232803058,42,27,2702,102310020,13705,2012-06-28,15,LB,1,14.99
2232803461,42,33,3302,102819020,26252,2012-08-01,4.8,OZ,1,2.59
2232803461,42,73,7308,103660232,15274,2012-12-28,19,CT,2,3.58
2232817034,108,30,3010,104100040,19975,2012-07-24,16,OZ,1,3.79
2232817034,108,56,5607,1075480777,610,2012-08-24,8,OZ,1,1.99
2232817034,108,18,1837,104650040,14869,2012-09-09,4,CT,1,3.59
2232817034,108,36,3612,1075480777,610,2012-10-18,128,OZ,1,1
2232817034,108,2,201,1064420969,5345,2013-02-04,21,OZ,1,3.69
2232922622,377,62,6202,1074275373,13609,2012-04-12,8,OZ,2,7.98
2232922622,377,33,3303,102840020,10241,2012-04-20,10,OZ,1,2.99
2233039053,85,29,2928,101740010,11011,2012-06-10,10,OZ,1,1.58
2233039053,85,63,6317,102529323,16410,2012-08-09,64,OZ,1,3.19
2233039784,85,9,922,102430020,10577,2012-07-15,12,OZ,1,1.25
2233039784,85,56,5620,105300050,2199,2013-06-01,8,OZ,1,2
2233041435,85,64,6401,103410030,8692,2012-03-15,24,OZ,2,2.58
2233041435,85,21,2112,103890030,5072,2012-03-18,46,OZ,1,2.55
2233041435,85,63,6316,1060788060,16965,2012-07-20,16,OZ,1,0.9
2233041435,85,63,6312,102500020,2362,2013-04-25,59,OZ,1,1
2233041502,85,5,516,103000030,14760,2012-03-30,6.7,OZ,1,2.99
2233041502,85,10,1004,1060788060,16965,2012-04-14,1.34,OZ,2,1.5
2233041502,85,36,3601,104900040,3809,2013-02-03,101.4,OZ,1,2.75
2233042261,85,21,2105,105200050,7054,2012-05-03,32,OZ,2,1.76
2233042261,85,65,6502,1060788060,16965,2012-08-29,15,OZ,1,2.39
2233043095,85,33,3305,102840020,5141,2012-05-09,11.5,OZ,1,4.29
2233043113,85,36,3618,107800070,4944,2012-05-10,67.6,OZ,6,8.94
2233044937,85,99,9908,103338333,33170,2012-05-15,16,OZ,1,1.99
2233044937,85,99,9909,107127979,6732,2013-06-05,12,OZ,1,1.29
2233045125,85,23,2301,107680878,1393,2012-04-30,16,OZ,1,1.49
2233045125,85,33,3307,104157040,2017,2012-11-18,16,OZ,1,6.59
2233045408,85,58,5836,107590070,2073,2012-07-24,12,OZ,1,3.49
2233045644,85,9,970,103800030,62065,2013-03-20,14,OZ,1,1.66
2233046071,85,38,3801,101620010,5018,2012-11-07,4,LB,1,3.19
2233046071,85,5,518,103800030,15251,2013-02-20,6.2,OZ,2,4.95
2233046071,85,9,907,1060788060,16965,2013-05-07,32,OZ,1,1.85
2233046759,85,36,3627,107800070,23362,2012-10-08,67.6,OZ,1,1.49
2233046759,85,9,907,1060788060,16965,2013-03-12,12,OZ,1,1.39
2233046759,85,51,5122,1060788060,16965,2013-04-28,13.35,OZ,1,2.99
2233047159,85,7,706,101200010,17286,2012-08-14,38,OZ,1,3.49
2233047482,85,22,2201,103680030,3679,2012-07-13,128,OZ,1,1.98
2233048871,85,12,1205,108660080,2559,2013-01-23,3.5,OZ,1,1.27
2233053016,85,63,6315,103680030,3679,2012-03-24,128,OZ,1,3.39
2233053016,85,5,501,101600010,3331,2013-01-10,21.6,OZ,1,5.79
2233053016,85,35,3509,103700030,6947,2013-01-23,100,OZ,1,9.99
2233054660,85,26,2634,104200040,14813,2013-06-07,18,RL,1,9.99
2233054784,85,9,970,103800030,62065,2012-05-05,15.2,OZ,1,2.49
2233055854,85,33,3305,102840020,15870,2012-09-29,11,OZ,1,2
2233056950,85,36,3618,104900040,23359,2012-11-05,101.4,OZ,2,5
2233057388,85,64,6409,108981989,1677,2012-06-20,0.75,LT,2,14.98
2233060187,21,38,3801,104920040,5098,2012-11-21,1.5,LB,1,2.99
2233061112,21,29,2928,107142979,20299,2013-03-25,6.3,OZ,1,1.59
2233061830,21,35,3504,103500030,13470,2012-04-24,50,OZ,2,11.98
2233064399,240,99,9908,104567444,16284,2012-12-15,14,OZ,1,2.99
2233082083,101,5,520,1068826767,81691,2012-11-01,42,OZ,1,2.39
2233082083,101,36,3604,107297979,16095,2013-03-20,67.6,OZ,1,1.25
2233083959,77,27,2712,104332444,19601,2012-05-12,1,OZ,1,2.49
2233083959,77,36,3612,107078474,18552,2012-10-10,128,OZ,1,1
2233083959,77,97,9753,1076163575,0,2012-10-30,1,CT,2,6
2233084570,77,28,2803,107078474,18552,2012-04-22,10,OZ,2,2
2233084570,77,73,7303,1073112474,13828,2012-12-01,4,OZ,1,13.49
2233100743,65,17,1709,104460040,3718,2012-10-10,6,OZ,1,4.19
2233100743,65,23,2301,103582636,6564,2013-01-27,16,OZ,1,1.39
2233112317,165,72,7205,103320030,875,2012-06-21,6.3,OZ,1,4.29
2233113058,165,30,3001,105250050,5337,2013-05-07,8,OZ,1,1.99
2233116197,26,5,501,1085352282,5803,2012-04-01,10,OZ,1,4.09
2233116197,26,99,9908,103260131,5489,2012-05-24,1,CT,1,1.79
2233132826,126,31,3111,104150040,6714,2012-05-02,2.8,OZ,1,2.49
2233132826,126,36,3611,1063256565,6303,2013-04-04,33.8,OZ,1,2.19
2233132826,126,69,6901,101204414,13056,2013-05-04,2.6,OZ,1,3.49
2233134795,12,36,3603,104300040,4371,2012-09-08,384,OZ,2,5.78
2233135782,98,8,838,102700020,11091,2012-11-06,15,OZ,2,1
2233135782,98,41,4108,104690040,14917,2013-01-18,15,OZ,2,1.74
2233137100,98,75,7520,101111010,9907,2012-04-06,160,CT,1,2.28
2233143164,140,5,519,103000030,14760,2012-12-16,11.9,OZ,3,8.22
2233143164,140,73,7305,101111010,9907,2013-03-10,1,OZ,2,3.98
2233143856,140,12,1205,101111010,9907,2012-05-11,5,OZ,1,0.74
2233143856,140,29,2923,104100040,9814,2012-05-11,4.7,OZ,1,1
2233143856,140,8,810,104146040,14062,2012-12-30,2.75,OZ,1,1.09
2233145853,140,36,3634,105200050,14597,2012-10-06,24,OZ,6,4.74
2233146298,140,5,504,109742191,22339,2013-03-15,2.29,OZ,1,1
2233148589,140,59,5907,102740020,16291,2012-03-25,45,OZ,1,3.38
2233148589,140,97,9799,102316727,5507,2012-04-07,1,CT,2,7.98
2233148589,140,58,5815,101111010,20588,2012-06-26,5,OZ,1,2.29
2233148589,140,4,418,107172070,3285,2012-07-28,4,OZ,1,1
2233148589,140,30,3008,101111010,9907,2012-08-09,16,OZ,1,1.67
2233148589,140,29,2925,101111010,9907,2013-04-04,32,OZ,1,1.39
2233149504,140,21,2119,101200010,10522,2013-01-26,144,OZ,1,4.34
2233149504,140,53,5305,102000020,7655,2013-04-13,10,OZ,1,2.19
2233151177,140,0,0,10000,0,2012-04-28,0,,2,0
2233151177,140,51,5123,101380010,27474,2013-03-21,57,OZ,1,7.99
2233151177,140,8,818,103620030,14868,2013-05-06,16,OZ,1,1.67
2233151794,140,9,907,107313070,13291,2013-04-03,24,OZ,1,3.99
2233151923,140,99,9908,101111010,20575,2012-04-01,32,OZ,1,1.59
2233151923,140,9,917,107373171,11786,2012-07-06,17.5,OZ,1,2.48
2233151923,140,25,2509,101570010,11414,2012-09-07,32,OZ,1,1.89
2233153980,140,25,2506,101111010,9907,2012-09-03,32,OZ,6,14.94
2233153980,140,96,9609,1051600050,88199,2012-10-10,0,,1,-1
2233153980,140,73,7357,103160434,12423,2013-05-21,90,CT,1,0
2233155904,140,8,835,102150020,10238,2012-08-05,12,OZ,2,3.78
2233157153,140,51,5127,103100030,1358,2012-05-08,6.75,OZ,2,1.76
2233161420,140,5,516,102430020,17616,2012-04-06,12,OZ,1,2.19
2233162528,140,54,5401,103800030,5618,2012-05-25,29.6,OZ,1,4.59
2233162528,140,99,9909,101111010,28083,2012-11-24,10,OZ,1,4.99
2233162528,140,5,519,103000030,14760,2013-05-04,15.1,OZ,2,5
2233163937,140,95,9519,1061029060,7848,2012-03-29,6,CT,1,4.99
2233164348,140,18,1828,102340020,15181,2012-05-21,7.5,OZ,2,2
2233164348,140,14,1404,101111010,9907,2012-07-06,24,OZ,1,1.59
2233164348,140,4,418,103400030,8247,2012-11-24,9.3,OZ,1,3.99
2233164348,140,9,922,102430020,10577,2013-01-05,12.1,OZ,1,1.99
2233164348,140,9,922,102430020,10577,2013-02-02,13.1,OZ,2,2.98
2233164348,140,9,902,104400040,15335,2013-04-13,15.1,OZ,1,2.77
2233165533,140,33,3303,102840020,10241,2012-07-20,10.5,OZ,1,2.99
2233165533,140,8,816,104750242,15436,2012-11-21,16,OZ,2,5
2233165533,140,33,3302,101111010,9907,2013-01-08,32,OZ,1,0.89
2233165533,140,4,410,107920070,20031,2013-03-26,1.5,OZ,6,3
2233165890,140,96,9609,1057418252,88199,2012-08-30,0,,1,-0.35
2233165890,140,22,2211,103700030,5174,2013-01-10,90,CT,1,5.49
2233165890,140,5,504,1072225272,3695,2013-07-19,2.4,OZ,3,3
2233167349,140,23,2301,102680020,565,2012-09-13,12,OZ,1,1.99
2233167349,140,5,501,101600010,3396,2012-12-06,13.8,OZ,2,3.98
2233167349,140,71,7107,1030099737,15219,2013-01-05,1,CT,1,3.19
2233168235,140,63,6330,101111010,9907,2012-05-19,16,OZ,1,2.79
2233205553,96,25,2509,103003434,7175,2012-07-13,32,OZ,1,2.99
2233205553,96,63,6305,102500020,16489,2012-12-24,59,OZ,1,3.99
2233229818,214,99,9908,1082466080,53856,2012-05-15,1,CT,1,1.28
2233276668,46,72,7208,1076023676,11473,2013-02-07,4,CT,1,3.49
2233284952,46,47,4706,107120272,5072,2012-05-07,4,OZ,1,1.72
2233286594,46,27,2701,101113212,491,2012-07-20,13,OZ,1,0.65
2233286594,46,55,5552,107631070,31445,2013-01-10,48,OZ,1,3
2233362964,360,9,902,104400040,12279,2012-08-23,14.4,OZ,1,3.49
2233362964,360,63,6320,1071514171,25530,2012-10-15,6,CT,1,2.99
2233647464,42,26,2617,104149747,19710,2012-04-21,1,CT,1,1.19
2233647824,42,25,2509,104149747,19710,2013-05-10,32,OZ,2,4.98
2233648195,42,51,5123,103620030,52004,2013-01-27,22,OZ,1,7.99
2233649250,42,7,707,107103878,25424,2012-09-03,10.3,OZ,1,4.29
2233649250,42,7,708,102550020,6550,2012-12-31,11.5,OZ,1,5.49
2233837201,510,97,9753,107314979,0,2013-04-22,1,CT,2,15.98
2233941683,85,8,808,1060788060,16965,2012-10-10,8,OZ,1,1.46
2233941683,85,36,3632,101480010,8019,2013-04-10,128,OZ,1,2
2233942962,85,58,5823,105190050,26456,2012-03-29,6,OZ,1,2.5
2233942962,85,31,3101,105210050,11382,2012-09-24,0.39,OZ,1,2.15
2233943057,85,72,7203,103680030,18533,2013-01-09,16.9,OZ,1,3.89
2233945001,85,36,3601,101200010,13794,2012-09-08,144,OZ,3,9.99
2233945001,85,23,2301,102920020,12168,2012-12-02,16,OZ,1,1.39
2233945001,85,41,4105,1060788060,16965,2013-01-25,28,OZ,1,1.69
2233945299,85,9,922,1060788060,16965,2012-03-05,12,OZ,1,1.25
2233945299,85,53,5305,102000020,7655,2012-03-05,10,OZ,1,2.09
2233945299,85,60,6010,1060788060,16965,2012-05-28,12,OZ,2,2
2233946224,85,81,8101,102820020,11186,2012-05-04,10,CT,1,36.99
2233946224,85,29,2928,1060788060,16965,2012-09-06,6.2,OZ,1,0.99
2233946224,85,58,5827,1060788060,16965,2012-10-05,12,OZ,1,2.5
2233948011,85,63,6315,108793282,13877,2012-08-18,32,OZ,1,1.99
2233948011,85,8,803,104150040,6714,2012-12-02,14,OZ,1,1.99
2233948106,85,33,3301,107641070,10160,2012-03-17,3.5,OZ,1,1.5
2233948106,85,26,2628,103680030,3679,2012-10-01,1,RL,2,1.38
2233948106,85,63,6305,102500020,11749,2012-12-11,59,OZ,1,2.79
2233951338,85,63,6315,1060788060,16965,2012-12-02,64,OZ,1,2.57
2233951338,85,3,302,103400030,8247,2013-05-18,12,OZ,1,2.89
2233952165,85,26,2626,107715878,61511,2012-07-25,1,CT,1,4.98
2233952165,85,36,3628,101480010,8019,2013-04-15,128,OZ,1,2
2233952469,85,33,3303,102840020,10241,2013-01-06,10,OZ,2,8.58
2233953254,85,99,9908,103338333,33170,2012-10-14,1,CT,1,3.89
2233953254,85,8,805,107320979,7426,2012-12-09,10,OZ,2,6.18
2233954333,85,5,501,1060788060,16965,2012-11-20,17,OZ,1,2.68
2233954333,85,26,2633,103040030,683,2012-12-02,6,RL,1,4.68
2233955042,85,5,501,1060788060,16965,2013-02-20,11,OZ,1,2.69
2233955788,85,96,9609,1054144353,88199,2012-06-01,0,,2,-0.7
2233955788,85,51,5122,105340050,2462,2013-03-01,12,OZ,1,5.69
2233957117,85,96,9609,1051450050,88199,2012-03-22,0,,1,-1
2233957117,85,2,210,101330010,11211,2012-03-31,8,OZ,1,1.15
2233957117,85,51,5126,101380010,27474,2012-06-11,19,OZ,1,1.98
2233957117,85,36,3632,104900040,6137,2012-08-17,67.6,OZ,1,0.99
2233957117,85,58,5827,104350040,14162,2012-12-28,16,OZ,1,6.49
2233957984,85,5,501,101600010,3331,2012-06-03,17,OZ,1,4.39
2233959527,85,24,2406,103760030,17027,2012-07-30,12,OZ,1,2.5
2233959527,85,36,3601,104900040,3809,2013-03-05,20,OZ,1,1.59
2233959661,85,35,3508,103700030,18371,2012-04-28,56,OZ,1,9.79
2233960145,85,33,3303,102840020,10241,2013-05-20,13.75,OZ,1,4
2233960145,85,25,2506,105000050,32115,2013-05-26,32,OZ,1,3.99
2233960263,85,27,2702,103680030,13656,2012-11-17,17.6,LB,1,7.99
2233960884,85,5,501,103800030,15251,2012-07-16,12,OZ,1,3.89
2233960884,85,36,3632,1068826767,28357,2012-09-03,67.6,OZ,1,0.88
2233960913,85,58,5811,1063460868,54246,2012-08-22,16,OZ,2,10.98
2233961692,85,72,7210,107666070,6414,2012-06-30,2,OZ,1,5.19
2233961692,85,73,7345,1030004333,79368,2012-10-12,18,CT,1,5.59
2233961692,85,73,7345,1030004333,79368,2012-11-12,36,CT,1,6.29
2233961707,85,2,212,101330010,11211,2012-12-06,7.6,OZ,2,2
2233961806,85,4,418,107097070,13717,2012-03-29,8,OZ,1,3.29
2233963116,85,36,3630,104900040,12086,2012-06-21,144,OZ,4,15.01
2233963116,85,9,907,107294575,15878,2012-07-03,20,OZ,1,2.49
2233963116,85,39,3903,103800030,5618,2012-08-06,23,OZ,1,3
2233963116,85,4,410,104111646,18550,2013-02-07,1.06,OZ,2,2.78
2233964230,85,4,410,107920070,20031,2013-01-19,12,OZ,1,3.25
2233964230,85,45,4508,101116212,12131,2013-05-11,18,OZ,1,7.99
2233965195,85,5,501,104240040,40317,2012-03-11,18,OZ,1,3.49
2233965195,85,56,5620,1060788060,16965,2013-02-11,32,OZ,1,7.19
2233965651,85,41,4107,104144343,11130,2012-12-24,14.5,OZ,5,5
2233965651,85,31,3107,105210050,11382,2013-02-14,3.12,OZ,1,3.95
2233965678,85,96,9609,1053040050,88199,2012-08-19,0,,1,-1
2233965678,85,26,2622,1060788060,16965,2012-10-20,15,CT,1,1.79
2233965678,85,56,5614,1060788060,16965,2012-11-14,10,OZ,1,3
2233965883,85,36,3618,104900040,23359,2012-04-14,144,OZ,1,4
2233965883,85,51,5115,107218070,6718,2013-04-20,22.7,OZ,1,5
2233965896,85,64,6401,107199070,4043,2012-04-21,72,OZ,1,5.89
2233965896,85,9,907,107225070,12465,2012-08-24,20,OZ,1,3.09
2233965927,85,37,3709,104178949,11224,2012-11-09,18,OZ,1,1.44
2233965927,85,97,9753,10000,0,2012-12-14,1,CT,1,1.29
2233965927,85,58,5823,105190050,26456,2013-02-25,6,OZ,1,2.5
2233966732,85,9,907,103680030,3679,2012-10-04,12,OZ,1,0.99
2233967743,85,99,9904,103338333,33170,2012-04-29,16,OZ,1,3.99
2233968585,85,0,0,10000,0,2012-11-21,0,,1,-1.89
2233968585,85,56,5615,102100020,9886,2012-11-21,8,OZ,2,5.89
2233968928,85,26,2622,101370010,8154,2013-01-16,35,CT,1,2.82
2233968928,85,8,810,107029272,20610,2013-02-08,4.5,OZ,2,2.3
2233970325,85,57,5705,1088303888,19704,2012-03-20,6,OZ,2,1.2
2233971019,85,37,3703,105100050,2820,2013-01-24,10.5,OZ,1,1
2233971019,85,32,3203,1060788060,16965,2013-05-03,6,OZ,1,2.5
2233972379,85,81,8102,104210040,60881,2012-11-19,4.65,OZ,1,13.99
2233974357,85,56,5620,1060788060,16965,2012-05-07,8,OZ,1,3
2233974357,85,29,2903,106414464,3342,2013-01-19,14.75,OZ,1,1.25
2233974357,85,26,2622,1060788060,16965,2013-03-03,50,CT,1,3.99
2233974357,85,9,902,103680030,3679,2013-04-04,16,OZ,1,1.25
2233974357,85,8,805,105440050,23210,2013-06-15,5,OZ,1,2.98
2233976495,85,63,6320,1071514171,25530,2012-11-20,12,CT,1,3.45
2233976878,85,51,5117,103680030,3679,2012-10-10,6.5,OZ,2,1.88
2233980924,85,9,907,107341070,2437,2012-09-08,20,OZ,1,1.99
2233981693,85,26,2609,101370010,8154,2012-08-09,130,CT,1,5.99
2233982767,85,41,4108,103940030,71386,2012-04-22,16,OZ,1,1.19
2233982767,85,26,2614,103600030,9878,2013-01-16,24,CT,1,4.69
2233984784,21,56,5616,104610040,15889,2012-07-26,6.67,OZ,1,2.99
2233985543,21,9,902,102840020,17248,2012-08-14,8,OZ,1,2.5
2233985543,21,21,2118,108079383,6926,2012-09-01,16.9,OZ,1,1
2233986469,21,59,5902,103450030,10165,2012-03-27,16,OZ,4,14.56
2233986469,21,33,3303,102840020,10241,2013-02-09,10.5,OZ,2,5
2233986469,21,59,5906,103450030,10165,2013-02-24,15,OZ,1,2.99
2233989397,21,63,6315,107045272,6176,2012-03-23,64,OZ,1,3.99
2233989397,21,63,6316,104119040,16347,2012-03-23,16,OZ,1,1.69
2233989397,21,56,5620,107835474,2675,2013-02-08,8,OZ,3,5.97
2233991028,21,1,106,1085269787,7918,2012-09-18,1.63,OZ,1,2.79
2234010825,240,45,4508,104440040,7504,2012-06-09,10.6,OZ,1,0
2234010825,240,36,3634,1078616272,7237,2013-03-02,20,OZ,5,6.25
2234010866,240,63,6311,107146474,2142,2012-04-23,52,OZ,1,6.29
2234026381,101,18,1835,104460040,9709,2012-10-26,6.7,LB,1,6.99
2234039280,101,70,7002,1030813737,23595,2012-09-20,1,CT,1,2.59
2234050204,70,63,6320,1072543979,40679,2012-03-07,18,CT,1,0.81
2234051408,70,60,6001,105000050,30272,2012-04-12,16,OZ,1,2.37
2234051408,70,56,5616,104610040,15889,2012-05-04,7,OZ,1,2.5
2234051408,70,55,5552,107064070,2014,2012-09-10,56,OZ,1,4.29
2234053418,69,55,5558,107255474,35506,2012-07-30,18.1,OZ,2,6
2234065140,64,63,6312,102500020,2362,2012-06-19,59,OZ,4,3.52
2234065140,64,36,3632,1072543979,40679,2013-03-10,101.4,OZ,1,1.15
2234065991,64,99,9909,107754171,17301,2012-10-10,12,OZ,1,1.89
2234079417,70,26,2633,105400050,16048,2012-10-15,4,RL,1,4.42
2234079417,70,26,2609,104200040,5016,2012-12-03,50,CT,2,9.18
2234079940,70,72,7203,1031254737,10554,2012-10-28,16.9,OZ,1,5.29
2234085649,68,33,3304,102840020,6777,2012-10-15,10.5,OZ,1,3.49
2234085649,68,38,3802,103582636,6564,2012-10-20,1,LB,1,0.89
2234094306,64,32,3202,1072543979,40679,2012-08-21,128,OZ,2,16.08
2234094306,64,36,3636,107239272,8019,2013-01-27,135.2,OZ,1,1.02
2234103999,165,63,6320,107203676,7953,2013-01-28,18,CT,1,2.89
2234111795,83,99,9908,101111010,9907,2013-02-18,16,OZ,1,0
2234111795,83,99,9908,101111010,9907,2013-03-16,160,OZ,1,2.49
2234111795,83,9,901,101111010,9907,2013-07-16,11,OZ,2,3.98
2234114041,26,9,904,101111010,9907,2013-01-14,5,OZ,2,2
2234114860,143,96,9609,1057339050,88199,2012-04-29,0,,1,-0.55
2234118509,151,53,5307,107056070,14005,2012-07-31,10,OZ,2,4.3
2234118509,151,9,907,107313070,13291,2013-06-26,24,OZ,2,5.98
2234118705,211,72,7214,101254616,18738,2012-09-25,18,CT,1,0.64
2234119306,211,36,3632,107800070,4354,2013-01-21,67.6,OZ,1,1
2234119306,211,26,2633,101111010,9907,2013-02-06,12,RL,1,4.99
2234126124,151,26,2620,104116545,16879,2012-10-09,30,CT,1,3.19
2234126124,151,99,9904,1064312666,5072,2012-12-17,1,CT,1,1.5
2234126124,151,26,2628,103700030,2248,2013-02-21,1,RL,2,2
2234139647,63,33,3308,102840020,3336,2012-07-08,9.75,OZ,1,1.69
2234141202,140,25,2509,101570010,11414,2012-08-03,32,OZ,1,1.89
2234141202,140,33,3307,101111010,9907,2012-09-11,10.3,OZ,1,3.49
2234141202,140,33,3312,103700030,14494,2012-09-20,6.41,OZ,1,1.67
2234141264,140,8,805,105440050,23210,2012-03-08,10,OZ,1,3.41
2234141978,140,9,912,107294575,15878,2012-03-16,15.6,OZ,1,3.89
2234142280,140,29,2902,104132141,12301,2012-05-05,14,OZ,2,2.1
2234142587,140,35,3508,103700030,18371,2012-12-30,39,OZ,1,9.97
2234142587,140,26,2632,103600030,8583,2013-03-07,72,CT,2,4.88
2234144220,140,75,7520,101111010,9907,2013-03-30,200,CT,1,2.19
2234144750,140,97,9753,101558616,0,2012-11-07,1,CT,2,5.18
2234144750,140,99,9904,103338333,33170,2013-01-20,16,OZ,1,2.5
2234146107,140,27,2704,103810030,14717,2012-04-25,6.5,OZ,1,3.99
2234146591,140,9,907,1078142171,16706,2012-04-12,16,OZ,1,2.99
2234146591,140,0,0,10000,0,2012-10-26,0,,1,0
2234147123,140,9,903,102100020,85727,2012-05-19,6,OZ,1,1.99
2234149498,140,9,907,107294575,15878,2013-01-15,20,OZ,1,2.5
2234149613,140,96,9609,1052840050,88199,2013-01-01,0,,1,-1.5
2234155159,140,0,0,10000,0,2012-05-28,0,,1,0
2234156851,140,3,311,101111010,9907,2012-06-22,16,OZ,2,2.98
2234156851,140,8,818,105100050,14403,2012-07-26,24,OZ,2,4.14
2234157088,140,58,5835,107790070,9200,2012-12-29,16,OZ,2,7.68
2234157088,140,8,810,107110070,8280,2013-01-23,1,OZ,1,1.99
2234159256,140,53,5307,101111010,9907,2012-09-08,16,OZ,1,2.19
2234162652,140,8,818,105100050,14403,2012-05-04,23.75,OZ,1,2.07
2234163590,140,38,3802,101580010,2649,2013-01-21,2,LB,1,1.87
2234163590,140,27,2709,102310020,18139,2013-04-11,3,OZ,2,3.34
2234164554,140,29,2902,104132141,12301,2012-07-07,14,OZ,1,0.99
2234165205,140,27,2705,105000050,6775,2012-09-21,5.5,OZ,18,9
2234165205,140,59,5906,104060040,26155,2013-03-23,15,OZ,1,1.49
2234168797,140,36,3630,107800070,5208,2012-08-18,144,OZ,3,12.97
2234168797,140,5,501,103800030,24525,2012-12-24,15.3,OZ,2,7.4
2234168797,140,14,1404,102870020,16180,2013-01-14,24,OZ,1,2
2234169839,140,9,901,104400040,13243,2012-05-03,15.5,OZ,1,3.28
2234169839,140,56,5617,102100020,9886,2012-07-29,10.7,OZ,1,4.28
2234169839,140,99,9901,101111010,20588,2013-03-15,0.66,OZ,1,2.19
2234170286,140,8,814,104156545,13412,2013-06-16,16,OZ,1,2.18
2234170568,140,17,1707,107040979,2948,2013-01-21,8.8,OZ,1,5.49
2234185772,431,5,501,101600010,85114,2013-04-10,16.2,OZ,1,1.99
2234185772,431,64,6401,108982686,18097,2013-05-01,144,OZ,1,11.99
2234191298,126,2,201,107248676,9190,2012-11-19,9,OZ,3,2.07
2234201661,63,33,3305,102840020,5141,2012-07-14,11.5,OZ,1,1.88
2234201661,63,25,2506,105000050,32115,2012-10-23,32,OZ,1,2.99
2234212002,63,25,2507,104157040,2017,2012-08-19,32,OZ,2,4
2234212045,140,9,917,104157343,16706,2012-09-21,16,OZ,2,2.38
2234213408,140,82,8201,101111010,9907,2012-04-08,1,CT,1,5.99
2234213408,140,96,9609,1053760050,88199,2012-09-29,0,,1,-1
2234214161,2,4,418,103400030,12022,2013-01-02,11.3,OZ,1,2.99
2234214161,2,63,6305,102500020,11749,2013-03-18,59,OZ,1,3.99
2234214540,140,9,907,104157343,14907,2013-04-07,10,OZ,1,2.99
2234215148,140,95,9518,1061029060,7848,2012-10-07,1,CT,2,6.98
2234218863,140,74,7407,107033070,1783,2012-05-14,4,CT,1,4.49
2234218863,140,9,901,104400040,13243,2012-12-24,15.35,OZ,1,3.19
2234219144,140,55,5561,101111010,20588,2012-11-12,16,OZ,1,1.67
2234219178,140,0,0,10000,0,2012-07-21,0,,1,0
2234220905,140,63,6315,101111010,12028,2012-11-03,128,OZ,1,2.89
2234221457,140,5,519,1088392181,24630,2012-06-23,7.55,OZ,2,2.42
2234221457,140,63,6315,101111010,12028,2012-09-08,128,OZ,3,7.47
2234221457,140,34,3402,1030052131,14250,2012-11-25,6.1,OZ,1,7.29
2234221457,140,92,9210,104155444,11347,2013-03-30,0.2,OZ,1,7.99
2234224806,140,8,810,105210050,11382,2012-10-20,1.25,OZ,2,2.78
2234226881,2,44,4402,102770020,12137,2012-03-11,37,OZ,1,2.49
2234228601,140,26,2628,104200040,2308,2012-03-25,1,RL,2,5.38
2234228601,140,37,3703,101111010,9907,2012-12-02,10.5,OZ,2,0.98
2234229566,140,29,2908,103760030,8501,2012-10-20,15,OZ,1,1.89
2234229566,140,28,2804,101111010,9907,2013-06-15,4,OZ,2,1.58
2234233486,140,63,6315,101111010,12028,2012-05-19,128,OZ,1,2
2234233486,140,63,6320,101111010,16706,2012-07-17,12,CT,2,1.98
2234234944,140,36,3630,107800070,23561,2012-11-14,67.6,OZ,4,4
2234236189,140,36,3603,104300040,4371,2012-11-04,384,OZ,1,2.89
2234236189,140,56,5609,101111010,9907,2013-02-24,16,OZ,1,1
2234236486,140,0,0,10000,0,2012-09-22,0,,1,0
2234236486,140,28,2804,107321474,11575,2012-10-04,16,OZ,2,1.98
2234236486,140,18,1898,103980030,5782,2012-11-13,2,CT,1,4.99
2234236486,140,26,2622,101111010,9907,2013-01-15,50,CT,1,1.59
2234236960,140,99,9909,101111010,9907,2012-11-30,6.25,OZ,1,3.29
2234238295,140,5,501,101111010,9907,2012-04-07,14,OZ,1,1.99
2234238295,140,33,3304,102840020,6777,2012-08-11,10.5,OZ,1,2
2234238295,140,27,2704,101111010,13891,2012-09-22,80,OZ,1,5.27
2234238295,140,9,920,101111010,9907,2012-11-24,11,OZ,1,1.99
2234238295,140,28,2806,101111010,9907,2013-03-24,32,OZ,1,1.64
2234238337,140,56,5607,102100020,13967,2012-03-04,16,OZ,1,4.99
2234238337,140,26,2633,103040030,683,2012-04-16,4,RL,5,5.85
2234238337,140,56,5621,101111010,9907,2012-08-28,8,OZ,1,1.79
2234238337,140,58,5827,104470040,13310,2013-04-26,12,OZ,1,5.44
2234238416,140,27,2704,101780010,30972,2012-06-17,11,OZ,1,2.99
2234238416,140,33,3350,102620020,16611,2012-07-18,4.48,OZ,1,3.89
2234238416,140,33,3308,102840020,3336,2012-08-17,9.75,OZ,2,4
2234240702,140,9,901,102780020,12006,2012-05-02,14,OZ,1,2.49
2234240702,140,6,610,1061126969,15041,2012-11-06,12,OZ,1,2.79
2234240702,140,33,3312,103700030,14494,2012-12-09,6.41,OZ,3,5
2234241680,140,33,3309,101111010,9907,2012-08-30,10,OZ,1,1
2234241680,140,51,5133,107100777,5656,2012-09-08,24,OZ,1,4.99
2234241680,140,5,502,1071219979,23859,2013-04-08,0.75,OZ,6,3
2234242206,140,5,501,101111010,9907,2012-11-14,18.2,OZ,2,4.98
2234242206,140,70,7002,101111010,9907,2013-02-25,30,CT,1,1.5
2234245311,191,64,6401,101820010,2510,2012-08-06,144,OZ,1,10.99
2234245311,191,33,3305,102840020,5141,2012-09-10,11.5,OZ,2,6.58
2234245311,191,41,4105,101111010,6678,2013-01-01,14.5,OZ,1,0.62
2234245311,191,18,1828,106233868,319,2013-01-19,6.17,OZ,1,3.08
