606246736,83,36,3618,104900040,23359,2013-02-13,67.6,OZ,1,1.5
606247207,98,8,803,104150040,6714,2012-04-20,20,OZ,1,2.69
606247207,98,41,4108,104690040,14917,2012-04-26,15,OZ,1,0.85
606247207,98,30,3008,104133545,43106,2012-05-21,16,OZ,1,2.29
606247207,98,79,7901,107485171,25999,2012-12-12,1,CT,1,3.49
606247207,98,0,0,10000,0,2013-02-02,0,,1,0
606250551,143,22,2210,103700030,5174,2012-04-06,41,OZ,1,5.99
606250551,143,63,6315,101111010,9907,2013-04-15,64,OZ,2,4.38
606258025,12,28,2805,101111010,9907,2013-01-11,2.25,OZ,4,5.96
606265730,83,99,9908,101111010,9907,2012-10-13,160,OZ,1,2.88
606265730,83,40,4005,107073474,25373,2012-11-03,1.2,OZ,1,4.49
606279836,2,99,9909,107143070,5072,2012-03-10,5,OZ,1,3.79
606279836,2,6,610,107084777,11910,2012-06-13,16,OZ,1,1.99
606279836,2,91,9134,108500080,25725,2012-10-21,0.75,LT,1,8.99
606279836,2,53,5305,101111010,9907,2013-04-23,10,OZ,2,2
606284320,2,5,501,101600010,7400,2012-06-06,12,OZ,1,1.78
606288401,2,2,201,101600010,1756,2012-04-28,15.25,OZ,1,1.99
606288401,2,63,6312,102500020,11749,2012-06-02,59,OZ,2,2
606288401,2,41,4108,107227373,27268,2013-01-22,15,OZ,1,1.59
606318372,126,99,9909,101111010,28083,2012-05-03,8,OZ,1,2.79
606318372,126,9,913,104812141,18322,2012-06-04,12,OZ,2,3.98
606318372,126,54,5402,103800030,5618,2012-10-20,12.7,OZ,1,2.79
606318372,126,29,2923,104100040,9814,2013-02-02,4.4,OZ,1,1
606318372,126,0,0,10000,0,2013-02-10,0,,1,3.79
606325277,98,96,9609,1052700050,88199,2012-08-14,0,,1,-0.75
606325277,98,55,5552,101111010,20588,2012-08-24,48,OZ,1,3.59
606328511,2,21,2119,1061300868,867,2012-08-13,42,OZ,10,10
606328511,2,17,1703,101980010,19934,2013-06-07,26,OZ,1,2.99
606331933,2,63,6320,101111010,14907,2012-09-22,18,CT,1,2.99
606331933,2,36,3633,107279676,8670,2012-11-25,72,OZ,1,3.99
606333087,2,44,4401,103210030,15878,2012-04-06,10.75,OZ,1,5.69
606333724,2,36,3631,107800070,23209,2012-09-23,144,OZ,1,3.33
606333724,2,99,9904,105410757,33170,2012-11-25,48,OZ,1,4.99
606333724,2,31,3108,101111010,9907,2013-02-03,13,OZ,1,2.49
606336216,2,28,2803,101111010,14907,2012-06-07,16,OZ,1,1.69
606336888,2,9,907,1078142171,21825,2012-09-12,8,OZ,1,2.49
606336888,2,99,9909,107143070,5072,2012-09-12,6,OZ,1,2.5
606336888,2,96,9609,1054060050,88199,2013-03-16,0,,1,-0.75
606347527,151,35,3509,103320030,875,2012-08-18,75,OZ,1,2.99
606347527,151,0,0,10000,0,2012-08-24,0,,1,0
606347527,151,51,5115,107218070,15035,2012-09-28,21.06,OZ,1,2.5
606354368,151,10,1013,102400020,4704,2012-07-20,16,OZ,3,5.77
606354368,151,5,504,109742191,22339,2012-09-07,1.58,OZ,2,0.98
606354368,151,96,9609,1051410050,88199,2012-10-02,0,,1,-0.55
606354368,151,9,920,101111010,9907,2012-10-30,10,OZ,1,1.99
606361482,12,0,0,10000,0,2012-11-28,0,,3,4.26
606365146,151,60,6010,101800010,14029,2012-03-13,30,OZ,1,2.85
606365146,151,6,610,1061126969,15041,2012-08-03,12,OZ,3,7.5
606365146,151,9,907,107225070,12465,2012-09-26,20,OZ,2,4.38
606365146,151,0,0,10000,0,2013-04-26,0,,3,0
606366399,431,57,5707,107047070,20230,2012-07-16,18,OZ,1,1.99
606374791,2,21,2106,104180040,19713,2012-12-06,64,OZ,1,1.79
606380165,63,38,3802,101111010,9907,2012-03-02,2,LB,1,2.49
606380165,63,0,0,10000,0,2012-03-14,0,,1,2.49
606380165,63,63,6315,101111010,6848,2012-05-26,128,OZ,2,5.18
606380165,63,2,214,104144949,9916,2013-03-29,80,OZ,1,5.89
606384655,89,17,1701,102340020,16836,2012-03-07,26,OZ,1,3.39
606384655,89,4,411,107317171,23816,2012-12-19,19,OZ,1,2.99
606393651,140,36,3626,101200010,16391,2013-03-02,67.6,OZ,1,1.5
606402326,12,56,5621,101111010,9907,2012-04-01,8,OZ,1,2.79
606402326,12,42,4220,101111010,9907,2012-04-20,32,OZ,1,1.99
606405734,2,99,9908,101111010,9907,2012-05-26,12,OZ,1,3
606405734,2,9,903,101111010,14907,2012-08-03,15,OZ,1,1.79
606406516,431,33,3305,102840020,18584,2013-01-03,13,OZ,1,3
606406516,431,11,1111,104126040,9907,2013-06-10,88,OZ,1,7.49
606407586,2,9,917,104856444,7755,2012-10-28,27.5,OZ,1,1.79
606417928,2,58,5833,101111010,9907,2013-02-02,21.3,OZ,1,7.49
606417991,191,23,2310,101111010,9907,2012-06-24,25,OZ,1,2.49
606417991,191,18,1890,1081035989,30228,2012-12-31,1,CT,1,3.99
606417991,191,9,913,101111010,6678,2013-01-04,12,OZ,1,1
606428982,89,63,6315,101111010,9907,2012-03-28,128,OZ,1,3.09
606428982,89,7,707,102550020,6550,2012-10-21,33.9,OZ,1,7.99
606428982,89,4,418,103400030,8247,2012-11-12,4.4,OZ,1,1.25
606428982,89,22,2207,104650040,16355,2013-03-14,22,OZ,1,2.99
606429006,26,4,421,104126040,9907,2012-06-11,14,OZ,2,2
606429006,26,33,3315,101111010,9907,2012-12-22,12,OZ,1,2.09
606436993,126,26,2634,103700030,3293,2012-06-29,9,RL,2,26.78
606436993,126,22,2207,1075703777,13386,2012-08-19,80,OZ,1,11.49
606436993,126,9,907,107225070,12465,2012-11-28,20,OZ,1,3.49
606442186,2,9,907,107313070,3555,2012-04-02,16,OZ,1,4.59
606442186,2,18,1850,102120020,16044,2012-08-18,3,CT,1,4.49
606442186,2,26,2628,101111010,14907,2013-03-14,2,RL,1,2.99
606443134,2,91,9127,108068686,2832,2013-02-01,1.75,LT,1,14.69
606447013,2,9,907,107829676,14907,2012-09-27,16,OZ,1,1.47
606448808,2,73,7304,104126040,9907,2012-07-15,36,CT,1,6.99
606448808,2,33,3316,101111010,9907,2013-03-24,8.75,OZ,1,1.69
606461779,2,41,4107,102400020,4704,2012-11-10,15.25,OZ,1,1
606463782,98,9,908,103967737,9907,2012-06-13,16,OZ,2,7.98
606463782,98,10,1011,104300040,26232,2012-07-24,24,OZ,2,4.56
606468257,191,96,9609,1051411353,88199,2012-05-06,0,,2,-2
606468257,191,4,421,104000040,17287,2012-12-16,2.07,OZ,1,0.59
606469168,431,35,3508,103700030,18371,2012-03-05,50,OZ,4,31.56
606469168,431,49,4901,101111010,9907,2012-04-17,28,OZ,1,2.17
606469168,431,19,1908,105150050,9189,2012-05-27,18,OZ,1,3.54
606471779,126,29,2925,101111010,9907,2012-04-17,14,OZ,1,1.49
606471779,126,73,7349,107431272,12440,2012-10-28,120,CT,2,12.23
606471779,126,26,2613,103700030,13481,2013-04-04,42,CT,1,9.49
606475148,2,63,6315,101111010,14907,2012-03-24,64,OZ,1,2.49
606475148,2,21,2119,1061300868,867,2013-01-12,128,OZ,2,5.98
606481082,431,0,0,10000,0,2012-05-26,0,,1,0
606481082,431,56,5620,102100020,9886,2013-03-21,8,OZ,1,2.99
606481082,431,25,2506,105000050,32115,2013-07-02,32,OZ,1,2.99
606483686,431,97,9753,1021165323,0,2013-01-26,1,CT,1,11.18
606487058,143,36,3628,101111010,1814,2012-04-14,144,OZ,1,2.79
606487058,143,82,8201,101111010,9907,2012-09-01,8,CT,1,6.99
606496070,140,41,4107,102400020,4704,2013-05-07,15,OZ,1,1
606496699,89,73,7302,1032586636,384,2012-09-08,20,CT,1,3.29
606496699,89,99,9908,1075166676,52506,2013-01-12,10.5,OZ,1,3.49
606496853,143,36,3611,106827464,30855,2012-03-30,405.6,OZ,1,4.39
606512766,26,9,902,104400040,18775,2012-11-13,9,OZ,1,1.99
606512766,26,14,1404,101480010,12021,2013-02-15,24,OZ,1,2.18
606512766,26,99,9908,101111010,9907,2013-05-10,16,OZ,1,1
606513524,89,0,0,10000,0,2012-05-27,0,,1,0
606534037,2,21,2119,1061300868,867,2012-09-16,42,OZ,1,1
606534037,2,26,2614,101111010,9907,2012-11-06,32,CT,1,4.29
606534037,2,5,501,1088491282,8459,2013-04-10,15.5,OZ,-1,-2.5
606536405,89,35,3508,103700030,18371,2012-05-20,100,OZ,1,14.99
606536405,89,63,6315,101111010,9907,2012-06-23,64,OZ,1,1.79
606536405,89,0,0,10000,0,2012-08-12,0,,1,0
606536405,89,26,2609,104200040,5016,2012-12-22,40,CT,1,2.08
606539841,2,36,3629,107800070,17203,2012-04-27,144,OZ,1,4.99
606539841,2,19,1906,105150050,16728,2012-05-21,12.75,OZ,1,4.69
606539841,2,99,9904,1071575676,5278,2012-05-22,6,OZ,2,5
606539841,2,99,9909,101111010,28083,2012-09-09,5,OZ,1,3.99
606539841,2,37,3707,1061144363,9742,2012-11-21,32,OZ,1,3.69
606539841,2,29,2907,104600040,13023,2013-01-09,7.4,OZ,1,1.99
606539841,2,22,2210,101111010,14907,2013-02-05,60,OZ,1,4.99
606540107,191,37,3706,104119646,14582,2013-06-15,18.5,OZ,2,4
606552367,2,57,5705,107047070,20230,2012-08-20,6,OZ,3,1.5
606559749,26,8,809,101300010,8164,2013-01-20,12,OZ,4,5.36
606564026,143,17,1703,101980010,19934,2012-06-11,26,OZ,1,3.49
606566643,58,63,6315,101111010,9907,2013-01-14,64,OZ,2,3.78
606570193,89,25,2506,104410040,8481,2012-12-08,16,OZ,1,1.49
606584502,2,49,4901,101111010,14907,2012-07-29,24,OZ,1,2.49
606590824,83,55,5558,101111010,9907,2012-08-10,30,OZ,1,2.1
606593561,89,63,6313,101111010,9907,2012-09-09,8,OZ,1,1.89
606594768,211,9,902,101111010,9907,2012-03-07,16,OZ,1,1.79
606594768,211,53,5307,101111010,9907,2013-02-11,12,OZ,3,3
606594768,211,58,5814,104660040,885,2013-03-14,2.6,OZ,4,4
606594768,211,29,2904,101600010,21633,2013-03-19,8.7,OZ,2,3.34
606597825,2,5,516,101111010,14907,2012-07-09,8.4,OZ,1,2.29
606597825,2,57,5704,101111010,14907,2012-09-05,6,OZ,2,1
606597825,2,23,2301,107680878,1393,2013-01-13,16,OZ,1,1
606603400,151,30,3001,102100020,9886,2012-05-07,30,OZ,1,3.49
606603620,63,30,3010,109232595,713,2013-02-10,8,OZ,1,2.69
606603620,63,2,213,101600010,1756,2013-04-15,15.5,OZ,1,3.59
606609691,133,71,7106,103700030,8047,2012-05-21,14.2,OZ,1,4.99
606618096,191,58,5815,104450040,25930,2012-09-01,8,OZ,1,2.99
606618096,191,4,416,103400030,8247,2012-12-04,3.5,OZ,1,1
606621030,431,33,3304,102840020,6777,2013-01-07,22,OZ,1,3.99
606621030,431,99,9904,103338333,33170,2013-03-05,48,OZ,1,3.99
606621030,431,5,501,1088491282,86364,2013-03-13,16,OZ,1,3.79
606630135,431,58,5813,1078533171,7796,2012-07-02,16,OZ,1,1.34
606632616,98,30,3002,102100020,9886,2012-06-16,30,OZ,1,4.65
606632720,2,64,6409,108981989,1677,2012-10-25,0.75,LT,1,18.19
606632720,2,64,6409,10938595,20745,2013-02-22,0.75,LT,1,21.69
606632720,2,9,922,1077482676,94010,2013-05-13,10.5,OZ,3,8.97
606646667,98,36,3601,104900040,3809,2013-03-08,67.6,OZ,6,6
606650924,26,26,2633,103040030,683,2013-07-01,12,RL,1,6.34
606650924,26,36,3618,101111010,1814,2013-07-19,67.6,OZ,1,0.69
606654409,63,58,5823,104470040,13310,2012-04-02,2,OZ,3,4.77
606654409,63,33,3304,102840020,6777,2012-04-21,10.5,OZ,2,6.28
606654409,63,64,6408,108500080,6967,2012-07-07,0.75,LT,1,3.99
606654409,63,51,5125,107265575,8089,2012-10-01,9.2,OZ,1,1.67
606662906,26,58,5814,104660040,885,2012-09-16,2.6,OZ,3,3
606662906,26,96,9632,107675070,20958,2013-03-06,1,CT,1,50
606662906,26,99,9904,1065357161,14720,2013-05-10,64,OZ,1,4.99
606676189,2,79,7901,1072527474,45338,2012-04-06,1,CT,1,2.99
606676189,2,10,1004,101111010,9907,2012-08-27,3.25,OZ,1,0.79
606679115,2,96,9609,1057800050,88199,2012-04-22,0,,1,-0.55
606679115,2,9,901,101111010,9907,2012-08-05,14,OZ,1,2.88
606679115,2,97,9744,102600020,5723,2013-03-31,1.05,OZ,1,1.99
606680379,58,9,908,101111010,9907,2012-09-21,13,OZ,1,1
606680379,58,58,5823,104660040,5557,2013-07-06,16,OZ,1,1.67
606685949,12,63,6316,101570010,11414,2012-10-21,8,OZ,1,1.89
606685949,12,9,902,102840020,17248,2012-11-26,8,OZ,1,3.19
606685949,12,57,5709,1088303888,21459,2013-01-27,28,OZ,1,3.99
606685949,12,63,6315,104126040,82508,2013-03-28,128,OZ,1,3.29
606688731,2,36,3618,104900040,23359,2012-07-11,20,OZ,1,1.69
606688731,2,9,901,104157343,33170,2012-08-01,13.5,OZ,1,1.99
606688731,2,8,810,107052878,11382,2013-02-16,1,OZ,1,0.5
606689558,89,56,5617,101111010,9907,2013-03-08,12,OZ,1,1.99
606689726,211,10,1013,103890030,5072,2013-01-09,17.2,OZ,2,4.98
606689726,211,33,3307,101111010,9907,2013-04-20,8,OZ,1,3.99
606689726,211,9,907,101111010,9907,2013-05-19,11,OZ,1,1
606689855,26,64,6401,103410030,11704,2012-04-14,144,OZ,1,9.99
606689855,26,18,1827,103700030,6236,2012-11-03,9.7,OZ,1,3.19
606692740,63,31,3101,105210050,11382,2012-04-02,2.12,OZ,1,5.79
606692740,63,56,5620,102100020,13967,2012-04-21,8,OZ,1,4.69
606698484,89,60,6011,101800010,14029,2013-01-08,16.3,OZ,2,3.88
606706981,133,37,3709,104178949,11224,2013-03-12,3,OZ,3,0.6
606706981,133,97,9743,105113151,16044,2013-07-23,1,CT,1,2.29
606711120,26,23,2301,107680878,1393,2013-02-25,14.5,OZ,2,3.98
606716600,2,56,5621,101111010,14907,2013-01-16,8,OZ,1,2.49
606724665,26,56,5610,102100020,9886,2012-09-10,8,OZ,1,3.49
606724665,26,55,5561,101111010,9907,2012-12-23,32,OZ,1,1.99
606734163,151,53,5307,101111010,9907,2012-09-30,12,OZ,2,2.84
606734163,151,36,3611,101111010,9907,2013-05-28,405.6,OZ,1,2.88
606734855,12,41,4107,102000020,7655,2012-10-30,14.75,OZ,1,1.89
606734855,12,19,1905,101111010,20588,2012-11-04,9.5,OZ,1,2.99
606734855,12,51,5106,103100030,9626,2013-01-31,8.8,OZ,1,2.49
606734855,12,34,3411,107214070,12679,2013-02-28,16.9,OZ,1,4.59
606743827,431,36,3601,104900040,3809,2012-09-30,96,OZ,2,9
606743827,431,99,9908,101111010,9907,2013-01-24,80,OZ,1,4.99
606757565,58,99,9908,103338333,33170,2012-07-31,16,OZ,1,2.29
606757565,58,5,501,101600010,10797,2012-11-19,11.5,OZ,2,5
606758384,98,33,3305,102840020,5141,2013-02-10,11.5,OZ,1,2.98
606758384,98,63,6320,1071514171,25530,2013-06-02,12,CT,1,2.79
606761132,58,54,5402,101111010,9907,2013-01-20,5,OZ,2,2
606793072,12,9,907,101111010,9698,2013-06-19,24,OZ,2,3.98
606799395,26,27,2702,101901414,8664,2012-03-07,4,LB,1,6.29
606799395,26,9,907,107347272,6562,2012-04-16,24,OZ,1,5.1
606799395,26,11,1112,1084223484,21474,2012-09-28,9,OZ,1,3.99
606803881,140,29,2906,102548424,12334,2013-02-26,12,OZ,1,2.59
606810279,26,58,5824,104450040,8318,2012-11-21,14,OZ,1,2.77
606810279,26,27,2706,105000050,6132,2013-02-20,3,OZ,2,1.3
606814767,211,2,214,105150050,8604,2012-05-29,32,OZ,1,2.79
606814767,211,58,5812,109004696,6379,2012-09-01,12,OZ,1,1
606814767,211,25,2506,101111010,9907,2013-03-11,32,OZ,1,2.47
606818080,12,36,3604,101111010,9907,2012-07-15,33.8,OZ,1,0.59
606823558,151,73,7302,1030057333,250,2012-08-04,20,CT,1,3.69
606823558,151,41,4105,102700020,8612,2012-09-19,14.5,OZ,2,2
606823858,89,25,2507,102800020,12545,2012-09-24,16,OZ,2,2.5
606823858,89,33,3316,101600010,3397,2013-04-26,10.5,OZ,1,2.92
606829704,58,57,5707,107047070,20230,2013-03-07,12,OZ,1,2
606845676,83,55,5552,101111010,9907,2012-10-26,128,OZ,1,4.99
606845676,83,9,907,101111010,9907,2013-03-03,20,OZ,3,3
606850817,126,9,908,101111010,9907,2012-07-14,14,OZ,1,1.29
606850817,126,51,5115,107218070,6718,2012-10-22,24.69,OZ,1,5
606850817,126,0,0,10000,0,2013-01-05,0,,1,0
606852599,126,36,3601,104900040,3809,2012-11-29,67.6,OZ,1,1.5
606852599,126,5,504,101111010,85048,2013-01-14,1.94,OZ,4,3.2
606853106,98,9,904,107020070,62488,2012-09-09,5,OZ,1,1.5
606853106,98,63,6311,107146474,2142,2012-09-09,15.2,OZ,2,2.99
606853106,98,16,1604,101254616,18738,2012-11-11,54,CT,2,5.78
606853106,98,12,1206,104800040,38150,2012-11-25,5.6,OZ,2,5.98
606853766,191,37,3706,104119646,14582,2012-08-09,18.5,OZ,2,4.14
606853766,191,51,5126,101380010,27474,2013-03-08,12,OZ,5,13.75
606856117,2,36,3611,107114272,915,2012-04-16,284.4,OZ,1,4.99
606856117,2,53,5307,107033272,20864,2012-05-08,28,OZ,1,5.99
606856117,2,35,3504,103700030,4628,2012-11-27,24,OZ,2,6.98
606856117,2,59,5906,104060040,26155,2013-01-11,12,OZ,1,4.99
606869026,2,55,5557,107756777,11005,2012-10-19,10.14,OZ,3,8.97
606869026,2,9,907,107304070,25881,2013-01-31,24,OZ,1,2.69
606869026,2,63,6313,102670020,4664,2013-05-05,12,OZ,1,2.99
606870187,98,97,9753,10000,0,2012-09-23,1,CT,1,0.78
606874971,2,23,2301,101111010,14907,2012-03-25,16,OZ,1,1.29
606874971,2,41,4121,101111010,14907,2012-06-01,15,OZ,1,0.79
606874971,2,0,0,10000,0,2012-07-04,0,,1,0
606874971,2,63,6315,101111010,14907,2012-08-23,128,OZ,2,5.44
606878489,126,51,5115,107218070,6718,2012-11-01,22.7,OZ,1,6.19
606878489,126,21,2106,103120030,12957,2012-12-12,64,OZ,2,5.48
606878489,126,8,826,104150040,6667,2013-01-26,12,OZ,1,1.69
606878489,126,63,6316,101111010,9907,2013-05-28,16,OZ,1,1
606882506,2,26,2614,1030800434,2964,2012-07-19,20,CT,1,1.59
606882994,2,63,6315,101111010,14907,2012-06-25,128,OZ,1,2.99
606882994,2,4,416,104000040,16765,2012-07-10,2.07,OZ,1,0.5
606882994,2,51,5127,105100050,8605,2013-03-19,16,OZ,1,2.99
606888164,98,9,917,107373171,11786,2012-03-29,26,OZ,3,6.84
606888665,2,99,9909,101111010,28083,2012-07-03,12,OZ,1,2.09
606888665,2,9,912,103967737,14907,2013-02-19,20,OZ,2,5.98
606894142,2,41,4110,103940030,71386,2012-05-05,8.3,OZ,2,3.58
606894142,2,96,9609,1053076858,88199,2012-08-18,0,,1,-2
606894142,2,79,7903,108995585,27735,2013-01-21,1,CT,1,3.99
606896583,2,36,3634,1078616272,7237,2012-04-04,20,OZ,1,1.29
606896583,2,9,913,101111010,19214,2012-10-10,20,OZ,1,1.69
606912730,26,9,907,101111010,9907,2013-02-17,12,OZ,1,1
606914111,191,51,5122,107527878,6625,2012-06-26,42.72,OZ,1,5.99
606924458,133,41,4107,101111010,9907,2012-06-11,15,OZ,5,3.59
606924458,133,9,907,101111010,9907,2012-07-01,16,OZ,1,0.88
606924458,133,36,3601,104900040,3809,2012-07-28,67.6,OZ,1,1.5
606924458,133,9,902,104400040,12279,2012-12-30,16,OZ,1,1.49
606926847,98,58,5825,101111010,9907,2012-03-24,16,OZ,1,3.5
606926847,98,27,2704,101111010,13891,2012-06-13,6,OZ,1,1.89
606931887,2,6,610,107084777,11910,2012-11-10,16,OZ,10,16.9
606942440,2,18,1842,107173676,10390,2012-08-25,1,CT,1,3.99
606942440,2,35,3509,1074917474,5479,2012-09-27,100,OZ,2,19.98
606942440,2,79,7903,109256797,27869,2012-11-03,1,CT,1,3.99
606942440,2,21,2118,1073951070,16807,2013-01-19,20,OZ,1,1.25
606943270,2,29,2925,101740010,11011,2012-10-26,16,OZ,1,1.99
606943712,12,63,6315,104126040,100699,2012-05-29,128,OZ,1,2.79
606943712,12,44,4404,102732626,74484,2012-07-14,14,OZ,1,4.69
606943712,12,3,311,1064420969,5345,2013-02-02,0.17,OZ,2,1.98
606949435,126,27,2707,1082927484,11516,2012-03-28,3.15,LB,1,4.29
606957617,89,37,3711,105260353,13414,2012-10-01,17.6,OZ,1,2.69
606957617,89,63,6315,101111010,9907,2012-11-11,64,OZ,1,1.79
606959480,191,0,0,10000,0,2012-10-29,0,,1,0
606959480,191,5,501,1088491282,8459,2013-03-10,14.5,OZ,1,3.37
606959524,143,64,6410,101820010,2510,2012-05-25,96,OZ,1,11.59
606959524,143,97,9753,10000,0,2012-06-23,1,CT,2,1.58
606959524,143,64,6408,108312080,37063,2012-07-26,0.75,LT,3,10
606962825,2,14,1411,103890030,5072,2012-05-20,20,OZ,1,1.49
606962825,2,63,6315,101111010,14907,2012-06-24,64,OZ,1,1.89
606962825,2,41,4107,102400020,4704,2013-02-14,15.25,OZ,3,3
606966038,98,70,7001,101111010,9907,2012-09-22,2.5,OZ,1,1.07
606966919,191,97,9732,107166272,4239,2012-05-29,6,CT,1,3.56
606966919,191,38,3802,101111010,6678,2013-01-25,2,LB,1,1.79
606966919,191,56,5615,107283070,18390,2013-06-11,32,OZ,1,6.29
606966919,191,21,2119,1083812888,23042,2013-06-17,23.5,OZ,1,1.39
606970358,2,6,610,1081809484,15414,2012-06-28,12,OZ,5,5
606970358,2,63,6320,101111010,14907,2012-07-26,18,CT,1,2.69
606971472,2,29,2925,107107272,19376,2012-06-05,16,OZ,2,7.18
606975872,126,36,3618,104900040,23359,2012-03-22,20,OZ,2,3.18
606983549,431,9,902,103800030,17050,2012-06-18,4,OZ,12,25.88
606983549,431,63,6315,101111010,9907,2012-09-25,128,OZ,4,11.96
606983549,431,18,1829,107600171,5977,2012-09-25,1,CT,2,1.5
606983549,431,5,516,103800030,24525,2013-04-30,6.3,OZ,3,8.97
606984369,2,45,4508,101960010,19214,2012-08-09,19,OZ,2,11.38
606984369,2,59,5907,102900020,2012,2013-02-04,16,OZ,1,0.99
606984369,2,30,3001,107110070,8280,2013-02-16,12,OZ,1,3.99
606984369,2,18,1837,104874545,82195,2013-04-14,2,CT,2,3.98
606987154,2,33,3305,102840020,18584,2012-09-23,10,OZ,1,3
606987154,2,53,5307,101111010,9907,2013-02-24,12,OZ,1,2.79
606993894,140,99,9909,101111010,85048,2013-02-28,5,OZ,1,2.5
606996651,191,29,2914,102100020,9886,2012-08-18,7.25,OZ,2,2
607004269,2,22,2211,107261373,16794,2013-03-05,70,CT,1,0
607014274,26,5,504,1075004979,1312,2012-04-02,1.76,OZ,3,3.18
607014274,26,95,9518,107000070,7848,2012-05-02,1,CT,1,0.99
607014274,26,9,905,104300040,17447,2012-05-07,6,OZ,2,2.38
607014274,26,7,707,101111010,9907,2012-06-03,11.5,OZ,1,3.99
607014274,26,58,5827,107010070,9243,2012-07-23,12,OZ,1,2.99
607014274,26,36,3631,107800070,23209,2012-08-12,67.6,OZ,1,1.5
607014274,26,9,904,101111010,9907,2012-08-13,5,OZ,1,1
607014274,26,5,501,101111010,9907,2012-08-16,17,OZ,1,1.99
607014274,26,9,912,104812141,18322,2012-08-25,20,OZ,1,4.69
607014274,26,63,6315,101111010,9907,2012-11-19,128,OZ,3,8.37
607014274,26,27,2712,101111010,26789,2013-01-21,11,OZ,1,1.29
607014274,26,63,6330,101111010,9907,2013-02-07,32,OZ,1,4.9
607014274,26,33,3307,101111010,9907,2013-04-07,8,OZ,1,3.99
607014274,26,9,922,102430020,10577,2013-04-08,16.2,OZ,1,1.67
607016243,12,82,8201,104157343,9907,2012-10-06,25,OZ,1,5.99
607016243,12,0,0,10000,0,2013-02-13,0,,1,0
607016276,143,5,501,103800030,17050,2013-05-19,13.6,OZ,1,2.99
607026041,98,96,9609,1054300050,88199,2012-04-07,0,,1,-0.55
607026041,98,41,4107,102400020,4704,2012-06-17,14.5,OZ,3,3
607026041,98,60,6011,101800010,14029,2012-07-01,16.3,OZ,1,1.29
607026041,98,8,809,101300010,8164,2012-10-06,12,OZ,1,1.47
607026041,98,9,908,104500040,8511,2012-10-06,3,OZ,3,3
607035016,140,33,3310,101566515,22310,2013-05-05,7,OZ,1,2.5
607035338,2,57,5704,107047070,20230,2012-09-17,6,OZ,4,3.6
607037327,211,23,2301,101111010,9907,2012-04-09,16,OZ,1,1.14
607037327,211,73,7309,104126040,9907,2012-11-12,16.7,OZ,1,9.99
607037327,211,99,9908,101111010,9907,2013-02-02,32,OZ,1,2.89
607037796,89,9,918,101410010,13791,2012-03-18,7.5,OZ,1,3.49
607037796,89,9,907,101111010,9907,2012-07-12,13,OZ,1,1.35
607037796,89,6,610,1081809484,15414,2013-06-08,16,OZ,1,1.99
607037796,89,5,501,101111010,9907,2013-06-16,28,OZ,2,6.1
607041521,140,97,9732,107166272,4239,2012-06-13,1,CT,1,3.19
607041521,140,63,6321,104082242,15667,2012-09-30,10,OZ,1,2.69
607047984,98,53,5307,101111010,9907,2013-03-03,12,OZ,2,2
607050703,133,5,501,103800030,11732,2012-08-09,18,OZ,1,1.99
607050703,133,37,3703,105100050,2820,2012-10-11,10.75,OZ,8,6
607064659,98,5,501,101600010,3331,2012-04-07,12.25,OZ,1,2.68
607064659,98,34,3411,103700030,13012,2012-04-28,23.6,OZ,1,5.49
607066869,2,91,9116,108910585,14434,2012-12-14,1.75,LT,2,18.18
607066869,2,11,1113,106082262,20259,2013-01-29,5.5,OZ,2,5.98
607068896,2,4,418,104126040,9907,2012-08-21,5,OZ,1,1.5
607080881,2,99,9908,1081509888,25292,2012-08-05,4,OZ,1,0.99
607080881,2,33,3315,107172575,639,2012-09-14,18,OZ,1,3.99
607081126,2,63,6320,101111010,14907,2012-09-26,12,CT,1,2.49
607081250,126,12,1205,108000080,17292,2012-03-16,6.4,OZ,2,5.98
607081250,126,63,6305,1071279777,31204,2012-05-11,59,OZ,1,3.79
607081250,126,3,311,107334777,23720,2012-09-14,5.25,OZ,1,2.89
607081250,126,8,826,107550070,18204,2012-11-30,12,OZ,1,1.79
607082891,133,96,9609,1053700050,88199,2012-08-11,0,,1,-1
607086247,2,18,1828,101980010,15181,2012-05-24,7.5,OZ,2,1.98
607086247,2,29,2904,101600010,7860,2012-10-27,6,OZ,2,3.58
607094434,89,0,0,10000,0,2012-05-02,0,,1,0
607096944,89,63,6315,101111010,9907,2012-08-06,128,OZ,1,2.39
607096944,89,33,3318,107684777,21568,2012-09-25,15,OZ,2,5.98
607096944,89,4,411,107317171,23816,2013-01-28,15,OZ,3,8.97
607096944,89,99,9908,101111010,9907,2013-05-30,16,OZ,1,1.99
607099562,431,56,5616,101111010,20588,2012-06-30,8,OZ,1,4.38
607099562,431,97,9753,1020443323,0,2012-09-10,1,CT,1,3.5
607099562,431,96,9632,107675070,21012,2012-11-24,1,CT,1,50
607105423,26,29,2914,102100020,9886,2012-09-04,2.05,OZ,10,5.4
607105423,26,9,907,107130171,17614,2013-02-08,24,OZ,1,1.67
607118389,58,47,4705,104180040,19713,2012-08-16,11.5,OZ,1,2.29
607118389,58,36,3601,104900040,3809,2012-08-25,42.2,OZ,1,1
607120370,140,15,1505,1080276383,17674,2012-06-15,18,OZ,1,5.59
607120370,140,63,6315,101111010,12028,2012-06-28,128,OZ,1,2.89
607120370,140,33,3302,101111010,9907,2012-11-09,32,OZ,1,1.99
607124060,98,9,908,107247070,9903,2012-08-17,16.6,OZ,1,4.19
607128395,2,72,7214,101254616,18738,2013-04-24,18,CT,1,0.74
607130332,126,36,3601,104900040,3809,2012-09-16,67.6,OZ,1,1.25
607135140,143,92,9204,1073150979,25291,2012-03-15,30,CT,2,9.58
607135140,143,26,2622,101111010,9907,2013-02-14,40,CT,1,2.99
607135140,143,51,5126,101380010,27474,2013-03-26,12,OZ,3,7.44
607137613,126,36,3636,104300040,4371,2012-03-25,169,OZ,1,3.29
607137613,126,96,9632,107675070,22598,2012-06-16,1,CT,1,50
607137613,126,55,5558,107255474,35506,2013-06-09,27,OZ,1,5.99
607155416,89,45,4511,102370020,18969,2013-07-11,64,OZ,1,9.99
607163401,191,26,2613,104126040,9907,2012-12-09,27,CT,1,5.99
607174399,151,58,5831,101111010,9907,2012-05-17,19.2,OZ,1,3.49
607174399,151,56,5607,102100020,13967,2012-05-17,8,OZ,1,2.49
607174399,151,35,3506,103700030,3068,2012-12-22,10.2,OZ,1,4.35
607174399,151,8,805,105440050,23210,2013-03-15,10,OZ,1,3.29
607176665,63,8,807,101340919,17823,2012-05-03,18,OZ,2,2
607176665,63,73,7315,101111010,9907,2012-12-20,4,OZ,1,4
607176665,63,31,3108,102150020,10238,2013-05-14,8,OZ,1,2.69
607180698,58,36,3611,106827464,30855,2012-09-12,101.4,OZ,5,2.95
607180838,2,9,907,101111010,19751,2012-12-22,20,OZ,1,2.49
607186239,26,57,5710,103663232,4568,2012-06-06,5.3,OZ,4,4
607192816,191,71,7112,1073530373,16214,2013-06-17,6,OZ,1,0.99
607194434,126,41,4107,101111010,9907,2012-03-04,14.5,OZ,1,0.75
607196052,133,63,6330,101111010,9907,2012-04-05,16,OZ,3,9.57
607196052,133,56,5621,101111010,9907,2012-07-16,8,OZ,2,3.58
607196052,133,2,202,101600010,1756,2012-12-13,17.5,OZ,1,2.29
607196551,98,51,5121,104369545,8522,2012-12-08,9,OZ,1,2
607209046,151,58,5833,101111010,9907,2012-05-03,16,OZ,2,5.76
607209046,151,36,3618,104900040,23359,2012-12-05,20,OZ,1,1.69
607209046,151,36,3611,104900040,4599,2013-03-13,20,OZ,1,1.59
607209046,151,55,5552,101111010,9907,2013-03-30,128,OZ,1,4.99
607215600,12,9,907,104157343,20588,2012-06-24,16,OZ,1,2.99
607215600,12,27,2704,107910070,30096,2012-07-11,24,OZ,1,2.49
607215600,12,36,3634,101111010,20575,2012-07-15,20,OZ,1,2.19
607217500,2,9,902,101111010,20588,2012-06-05,4.4,OZ,3,7.47
607230145,12,32,3202,101111010,9907,2013-04-15,48,OZ,1,2.94
607230295,89,40,4004,104100040,10522,2012-03-18,8,OZ,1,3.59
607230295,89,33,3305,102840020,5141,2012-03-18,11.5,OZ,2,6.58
607230295,89,5,501,103800030,14900,2013-02-17,23.5,OZ,1,3.85
607232715,126,4,416,104000040,26517,2012-05-03,2.83,OZ,1,1
607233661,2,56,5620,101111010,14907,2012-06-13,8,OZ,1,1.99
607239001,143,22,2211,103700030,2246,2012-09-29,105,CT,1,4.99
607240654,2,36,3604,107800070,16023,2012-03-27,33.8,OZ,6,11.94
607240690,126,51,5125,101380010,10271,2012-10-03,9.75,OZ,1,2.59
607240690,126,7,707,104300040,7161,2013-03-30,12,OZ,1,6.99
607252313,2,99,9904,1071575676,5278,2012-05-12,6,OZ,2,3
607261570,126,99,9908,101111010,9907,2012-04-07,16,OZ,1,0.89
607263032,431,54,5403,107590070,2073,2012-10-29,16,OZ,1,5.29
607282226,12,56,5604,107580575,17344,2012-09-01,8,OZ,1,5.49
607282725,63,51,5128,1071785474,11614,2012-06-29,8,OZ,3,3
607282725,63,21,2119,107336070,867,2012-09-24,128,OZ,1,2.5
607282725,63,96,9609,1053600050,88199,2013-05-24,0,,1,-0.5
607283710,126,97,9753,1020443323,0,2012-04-14,1,CT,2,7
607283710,126,21,2117,108768484,2903,2012-10-21,60,OZ,2,5
607284234,143,97,9753,10978145595,0,2013-01-06,1,CT,1,10.49
607284234,143,54,5403,107790070,9200,2013-02-18,19.2,OZ,1,6.99
607288501,2,9,904,107471474,12113,2012-05-23,5,OZ,1,1.99
607292444,2,99,9904,103338333,33170,2012-03-24,16,OZ,1,2.99
607292444,2,0,0,10000,0,2013-05-17,0,,10,0
607301836,89,55,5567,107585676,9798,2012-07-18,24,OZ,1,3.58
607305564,126,63,6305,102500020,16489,2012-11-11,59,OZ,1,3
607310235,2,21,2112,1018012717,23074,2012-04-07,14,OZ,3,5.97
607310235,2,0,0,10000,0,2012-05-07,0,,1,0
607310235,2,96,9609,1050000555,88199,2012-11-04,0,,1,-2
607310235,2,5,501,103000030,14760,2013-03-15,12.3,OZ,1,2.5
607311957,2,63,6308,101630010,6509,2012-05-26,59,OZ,3,10.47
607330828,98,99,9904,1071575676,5278,2012-07-01,16,OZ,2,5
607331540,431,36,3618,107800070,4944,2012-05-18,67.6,OZ,2,2
607337068,431,26,2626,101111010,9907,2012-09-03,1,CT,1,2.59
607337068,431,33,3303,101111010,20588,2012-09-27,8,OZ,2,5
607337068,431,27,2704,101111010,9907,2012-12-03,20,CT,1,11.09
607341708,211,53,5307,102000020,7655,2012-05-06,14.4,OZ,1,2.69
607341708,211,41,4110,103940030,71386,2012-08-05,21,OZ,1,1.87
607341708,211,75,7515,104116747,4117,2012-09-16,3.5,OZ,1,9.29
607341708,211,20,2002,101111010,9907,2012-10-10,46,OZ,1,1.43
607353968,143,82,8201,101111010,9907,2012-06-29,48,OZ,1,7.99
607353968,143,56,5615,101111010,9907,2012-12-21,8,OZ,2,4
607353968,143,58,5824,107778272,9260,2013-01-27,19,OZ,1,3.49
607358815,2,9,902,103800030,17050,2012-10-21,4,OZ,1,4.49
607367809,98,96,9609,1055170050,88199,2012-08-26,0,,1,-0.75
607367809,98,5,501,103800030,758,2012-10-27,1.5,OZ,1,1
607367809,98,64,6408,108858686,24973,2013-03-03,0.75,LT,1,11.89
607367809,98,56,5620,102100020,9886,2013-04-17,8,OZ,1,2.88
607370621,143,9,913,104812141,18322,2012-08-06,12,OZ,1,2.5
607370621,143,0,0,10000,0,2013-06-18,0,,1,0
607371198,191,99,9908,101111010,20588,2012-08-15,8,OZ,1,2.5
607372019,143,51,5125,101380010,10271,2012-04-14,10.5,OZ,4,15.96
607372019,143,29,2908,101111010,9907,2012-09-01,16,OZ,2,1.96
607372019,143,33,3305,101111010,20588,2013-02-15,9,OZ,1,2.5
607374777,143,22,2202,101111010,5981,2012-07-08,30.3,OZ,1,1.69
607385712,211,7,706,1089847686,20002,2013-04-18,34,OZ,1,2.97
607391091,2,28,2805,1070581474,98643,2013-02-17,5.75,OZ,1,2
607395252,58,43,4302,101111010,9907,2012-05-12,8,OZ,1,0.67
607395252,58,9,907,107341070,13291,2012-09-05,12,OZ,1,2.99
607395252,58,35,3509,107261373,17576,2013-02-05,62.5,OZ,1,2.5
607399618,2,51,5115,107192171,78492,2012-03-02,12.8,OZ,1,7.49
607399618,2,51,5115,107192171,78492,2013-05-01,14.3,OZ,1,3.99
607401508,2,51,5126,101380010,27474,2012-06-12,8.87,OZ,5,10
607402438,89,9,907,107341070,2437,2012-05-22,24,OZ,1,1.99
607402438,89,71,7102,1030813737,9259,2013-02-02,2.45,OZ,1,0.99
607404081,191,59,5902,101111010,6678,2012-06-09,16,OZ,1,2
607404081,191,19,1908,104800141,16564,2012-10-06,28,OZ,1,5.29
607404081,191,33,3303,101111010,20588,2013-01-05,8,OZ,1,2.5
607404081,191,58,5823,105190050,26456,2013-02-09,6,OZ,1,2.99
607406155,126,37,3705,105100050,2820,2012-11-13,18.8,OZ,1,1.67
607407053,83,29,2914,102100020,9886,2012-06-09,14,OZ,2,3.98
607407053,83,55,5559,101111010,9907,2012-08-24,16.5,OZ,1,2
607410323,89,37,3703,105100050,2820,2012-04-05,10.75,OZ,10,10.33
607410323,89,58,5827,104470040,13310,2012-10-21,16,OZ,1,4.99
607416819,133,28,2805,101111010,9907,2012-05-28,5.75,OZ,1,1.49
607416819,133,9,907,104500040,12473,2012-05-30,24,OZ,1,2.5
607416819,133,55,5552,101111010,20588,2012-07-25,48,OZ,2,7.98
607416819,133,55,5552,107064070,2014,2013-06-11,56,OZ,1,3.99
607418661,2,97,9799,104122646,5981,2013-01-04,1,CT,1,1.99
607420310,2,33,3303,102840020,10241,2012-03-10,10,OZ,1,4.29
607420310,2,56,5616,101111010,14907,2012-10-07,6,OZ,1,2.49
607420310,2,5,520,103000030,14760,2013-02-15,18,OZ,1,2.69
607426076,126,9,907,1078142171,21825,2013-03-25,4,OZ,2,2
607426076,126,33,3303,102840020,10241,2013-05-24,9.5,OZ,4,8
607436768,26,41,4105,102700020,8612,2013-06-06,28,OZ,1,1.99
607438861,2,53,5307,102000020,7655,2012-09-08,12,OZ,2,4.98
607439486,140,33,3303,102840020,10241,2012-09-24,10,OZ,1,2.5
607439486,140,38,3801,101111010,9907,2012-11-01,4,LB,1,2.49
607439486,140,26,2628,101111010,9907,2013-04-26,3,RL,1,1.94
607441766,98,8,802,101490010,19995,2012-03-02,11,OZ,1,0.99
607441766,98,33,3305,107373171,11786,2012-04-11,12,OZ,1,2.49
607442935,151,0,0,10000,0,2012-04-30,0,,1,0
607442935,151,8,810,101111010,9907,2012-11-20,0.75,OZ,1,0.79
607446998,211,97,9753,106602262,0,2012-12-02,1,CT,1,3.99
607448732,2,63,6305,101111010,14907,2012-05-26,128,OZ,1,3.99
607457847,140,37,3709,104178949,11224,2012-10-17,3,OZ,4,0.8
607459362,143,35,3509,107261373,17576,2012-12-12,62.5,OZ,1,1.5
607459362,143,96,9609,1052580050,88199,2013-02-20,0,,1,-2
607459582,133,0,0,10000,0,2012-12-27,0,,1,0
607470992,63,9,907,107313070,13291,2012-06-24,24,OZ,1,2.99
607470992,63,63,6315,101111010,6848,2012-06-24,64,OZ,1,0.88
607470992,63,8,814,107210171,10069,2012-07-29,16,OZ,1,1.29
607470992,63,37,3707,101111010,9907,2013-03-11,14,OZ,2,1.5
607481650,98,7,707,101111010,9907,2012-06-01,34.5,OZ,1,7.99
607481650,98,6,610,1071941070,24978,2013-01-30,1.93,OZ,1,2.99
607481650,98,18,1828,104650040,7249,2013-05-10,1.34,OZ,1,4.99
607489722,2,25,2508,102529323,16410,2012-07-17,64,OZ,1,3.29
607489722,2,63,6315,101111010,14907,2012-11-08,128,OZ,2,5.98
607491150,126,4,416,103400030,20231,2012-12-12,1.4,OZ,1,0.89
607494794,143,97,9753,10000,0,2012-07-06,1,CT,2,1.38
607503617,151,31,3101,101111010,9907,2012-03-19,4,OZ,1,3.39
607503617,151,9,907,102412626,8097,2012-11-20,16,OZ,1,2.09
607507864,98,56,5610,101111010,20588,2013-02-02,6,OZ,1,3.29
607517898,2,9,907,101111010,19751,2012-08-30,24,OZ,1,1.99
607524062,2,9,904,101111010,14907,2012-08-14,5,OZ,1,1.19
607524062,2,99,9908,103260131,5489,2012-09-19,1,CT,1,1.79
607528340,2,4,416,103400030,8247,2013-01-06,3.5,OZ,2,1.02
607529541,431,36,3618,107800070,4944,2012-03-14,67.6,OZ,1,1.99
607529541,431,97,9753,1084639181,0,2013-03-02,1,CT,1,1.88
607534032,126,35,3508,103700030,3330,2013-02-18,100,OZ,1,12.49
607538575,12,53,5307,107033272,20864,2012-05-03,14,OZ,1,3.39
607538575,12,37,3703,105100050,2820,2013-01-26,10.75,OZ,2,2
607538575,12,73,7358,103367434,12484,2013-02-27,100,CT,1,5.99
607538575,12,57,5707,105215959,41981,2013-03-22,16,OZ,1,3.89
607539894,126,56,5607,102100020,13967,2012-09-09,8,OZ,1,1.79
607539894,126,41,4107,101111010,9907,2013-06-07,14.5,OZ,1,0.69
607543067,2,55,5567,104154848,5603,2012-06-26,5.8,OZ,7,7
607543067,2,63,6315,101111010,14907,2012-09-21,128,OZ,1,2.99
607543067,2,5,501,105844959,12466,2013-05-15,11.5,OZ,2,7.28
607546603,2,64,6401,1063625161,17409,2012-05-26,22,OZ,1,6.99
607547598,98,29,2902,101490010,19995,2012-04-21,15,OZ,1,1.99
607547598,98,26,2628,101111010,9907,2012-06-13,2,RL,1,2.97
607553035,12,63,6312,102500020,11749,2012-07-15,59,OZ,2,3
607554438,2,37,3706,104119646,14582,2012-05-19,18.5,OZ,2,4.98
607554438,2,9,920,103010030,9530,2012-06-19,11,OZ,1,3.99
607554438,2,63,6315,101111010,14907,2012-10-03,128,OZ,1,2.69
607554438,2,63,6315,101111010,14907,2013-01-10,128,OZ,1,2.89
607563967,2,58,5823,104470040,13310,2012-05-31,7,OZ,1,4.49
607563967,2,36,3627,104900040,23363,2012-10-08,144,OZ,2,9.98
607565567,143,56,5617,101111010,9907,2012-06-05,12,OZ,1,2.27
607568450,98,8,810,101111010,9907,2012-03-04,1.37,OZ,2,1.38
607568450,98,9,907,107087070,12106,2012-06-03,20,OZ,2,2.99
607574610,126,95,9518,1061029060,7848,2012-03-14,1,CT,1,2.59
607577074,191,0,0,10000,0,2013-01-18,0,,1,0
607577503,126,41,4110,103940030,71386,2012-08-18,28,OZ,1,1.87
607584576,431,79,7902,104090141,21480,2013-04-28,1,CT,1,2
607584576,431,45,4511,102370020,18969,2013-05-11,6,OZ,1,2.5
607586584,26,18,1828,102340020,15181,2012-05-24,7,OZ,1,1
607589696,89,15,1504,104114343,17593,2012-12-02,20,OZ,2,5
607591819,58,29,2903,106414464,3342,2013-06-23,15,OZ,1,1
607592244,2,55,5557,107457070,26051,2012-09-22,9,OZ,1,3.69
607601808,2,9,901,1070897171,10653,2012-04-02,21.6,OZ,1,6.99
607601808,2,33,3304,102840020,6777,2012-07-29,10.5,OZ,2,4
607601808,2,7,708,107232373,5104,2012-12-17,12,OZ,1,5.99
