439894300,65,97,9753,1020330424,0,2012-12-03,1,CT,1,8.23
439894300,65,9,901,107235979,2011,2013-03-02,12,OZ,1,1.89
439900378,65,44,4404,104593747,708,2012-07-09,24,OZ,1,3.99
439900378,65,31,3108,1072543979,40679,2012-07-09,26,OZ,1,0.38
439900378,65,56,5615,103582636,6564,2013-01-09,8,OZ,1,2.29
439915532,64,30,3002,102100020,9886,2012-03-09,22,OZ,1,5.19
439915532,64,67,6705,1088513181,22168,2012-11-19,2,CT,2,11.78
439915654,64,63,6320,1072543979,40679,2012-05-29,18,CT,1,2.81
439923452,70,39,3903,103000030,1058,2013-01-22,24,OZ,1,1.25
439930063,68,10,1013,102400020,4704,2012-03-06,16,OZ,1,2
439941860,70,29,2928,105480050,19039,2012-11-29,8.5,OZ,1,2.29
439941860,70,4,418,103400030,8247,2013-02-09,12,OZ,1,3.79
439941860,70,64,6408,108500080,18898,2013-02-27,0.75,LT,1,6.99
439943189,68,5,501,103800030,6796,2013-05-28,19,OZ,1,4.39
439945724,68,99,9904,103338333,33170,2012-05-14,48,OZ,2,5.99
439945724,68,91,9122,107031070,16095,2012-09-29,10,OZ,2,3.98
439945724,68,7,709,1076211171,17286,2013-02-09,4.4,OZ,1,7.99
439945724,68,45,4511,103582636,6564,2013-04-25,25,OZ,2,11.99
439946314,69,58,5838,103582636,6564,2013-04-09,14,OZ,1,2.5
439948694,70,22,2210,103700030,6947,2012-08-31,51,OZ,1,4.99
439948694,70,21,2105,105200050,7054,2013-01-14,160,OZ,2,11.98
439949159,71,8,802,103030030,3100,2013-03-25,10,OZ,1,0.89
439957233,64,56,5620,1072543979,40679,2012-07-17,8,OZ,1,2.29
439957233,64,36,3601,101200010,13794,2012-09-30,96,OZ,1,3
439962661,65,2,201,1064420969,5345,2012-05-31,16.5,OZ,1,1.49
439962902,64,41,4107,102400020,4704,2012-04-15,28,OZ,1,1.99
439971893,65,63,6305,102500020,11749,2012-04-14,59,OZ,1,2.5
439971893,65,43,4302,104300040,4030,2012-11-20,8,OZ,2,3.98
439974269,65,5,501,1088491282,86364,2012-12-24,15.5,OZ,1,3.39
439985327,70,30,3002,1072543979,40679,2012-12-22,30,OZ,1,2.87
439987255,64,63,6315,1072543979,40679,2012-12-17,128,OZ,1,3.73
439994186,65,8,807,102100020,9886,2012-03-30,18,OZ,2,1.98
440005146,65,30,3009,104100040,19975,2012-09-01,8,OZ,1,1.6
440005146,65,9,902,103582636,6564,2013-04-03,16,OZ,1,2.29
440005146,65,30,3001,105250050,5337,2013-04-17,32,OZ,1,3.4
440011753,70,13,1305,103000030,14760,2012-04-19,12,OZ,1,2.49
440011753,70,58,5811,104542545,21248,2012-08-19,12,OZ,1,7.49
440011753,70,57,5704,107047070,20230,2012-11-29,48,OZ,1,4.34
440011753,70,26,2626,1072543979,21664,2013-04-18,1,CT,1,1.52
440011753,70,41,4107,1072543979,40679,2013-04-18,15.25,OZ,2,1.34
440011753,70,63,6315,1072543979,40679,2013-05-15,128,OZ,1,2.71
440014042,68,58,5823,1078533171,7796,2013-05-18,16,OZ,1,1.69
440017514,71,30,3008,1072543979,40679,2012-05-08,30,OZ,1,2.5
440017692,68,7,706,101200010,17286,2012-08-07,15,OZ,2,4.98
440017692,68,51,5126,101380010,27474,2012-11-09,11,OZ,1,2.5
440017692,68,8,809,103582636,6564,2012-12-06,10.5,OZ,1,0.99
440017692,68,7,706,101200010,17286,2012-12-14,15,OZ,1,2.49
440019295,68,97,9753,10000,0,2012-03-22,1,CT,1,0.78
440027851,70,37,3703,105100050,2820,2012-05-22,10.75,OZ,2,3.58
440034791,64,36,3618,101200010,23361,2013-02-01,144,OZ,2,5
440034840,65,9,907,107341070,888,2012-03-16,24,OZ,1,2.14
440034840,65,55,5556,107756777,2347,2012-05-05,48,OZ,1,4.79
440034862,71,27,2704,1074078070,2611,2012-03-09,1,CT,1,5.99
440038000,65,81,8101,102720020,9854,2012-09-25,1,CT,1,4.86
440038840,69,36,3618,104900040,23359,2012-10-30,144,OZ,1,3
440039631,71,96,9609,1055160050,88199,2013-02-10,0,,1,-1
440041621,64,38,3801,103582636,6564,2012-06-08,5,LB,1,3
440041621,64,51,5106,103100030,9626,2012-09-06,10.6,OZ,1,2
440041621,64,9,902,103010030,3744,2012-10-20,16,OZ,1,2.99
440043250,68,56,5620,1072543979,40679,2013-01-26,8,OZ,2,4.2
440058695,64,26,2611,1030800434,18144,2012-07-10,20,CT,1,6.09
440059885,68,95,9518,106700868,25075,2012-08-29,1,CT,2,8.4
440067301,64,97,9781,10000,8255,2012-08-25,1,CT,1,-1.78
440067301,64,56,5617,1072543979,40679,2012-10-16,16,OZ,1,2.52
440074807,70,8,826,107550070,18204,2013-03-22,6,OZ,1,0.45
440081193,64,33,3302,102700020,57417,2013-02-09,17.4,OZ,1,5.29
440081887,69,64,6401,107199070,4043,2012-10-28,288,OZ,1,15.49
440081887,69,23,2310,103133232,25962,2013-04-02,16,OZ,1,2.99
440084976,70,32,3203,106414464,13474,2012-06-18,8,OZ,1,3.9
440084976,70,5,502,103485636,19713,2012-11-05,9,OZ,2,5.58
440084976,70,36,3626,104900040,17186,2013-01-20,67.6,OZ,1,0.99
440089079,70,44,4401,103210030,15878,2013-03-15,9.6,OZ,1,2.99
440089079,70,5,501,1088491282,8459,2013-04-18,14.5,OZ,1,2.89
440089079,70,53,5307,103582636,6564,2013-04-26,16,OZ,2,2.38
440092792,64,9,902,104400040,12279,2012-06-14,16,OZ,1,2.79
440093023,70,33,3325,102840020,21452,2012-09-24,18,OZ,1,7.59
440093023,70,38,3801,1072543979,40679,2012-11-10,10,LB,1,5.99
440093023,70,4,416,104176141,82270,2013-02-14,2,OZ,1,0.69
440099269,70,25,2507,107235070,68047,2013-03-03,65,OZ,1,3.1
440099269,70,56,5607,102100020,13967,2013-05-13,8,OZ,1,2.39
440104722,71,51,5125,1071785474,11614,2012-11-05,8,OZ,2,2.43
440106900,64,63,6315,1072543979,40679,2012-08-13,128,OZ,0,0
440110110,64,65,6503,103582636,6564,2012-12-20,10,OZ,3,6.44
440114558,64,64,6401,101820010,2510,2012-09-08,216,OZ,1,12.99
440120977,70,97,9753,10000,0,2012-06-09,1,CT,1,0.5
440120977,70,25,2504,105000050,3001,2012-10-12,12,OZ,5,6.16
440122447,62,9,907,107294575,15878,2012-11-07,20,OZ,1,1.99
440127891,65,22,2207,106233868,15197,2012-10-26,40,OZ,1,6.99
440127891,65,63,6320,1072543979,40679,2013-04-21,18,CT,1,2.31
440128056,68,26,2628,1072543979,40679,2013-05-09,1,RL,1,1.49
440134935,70,0,0,10000,20405,2012-11-10,0,,1,-0.24
440134935,70,36,3632,104900040,6137,2013-02-13,144,OZ,1,3
440136096,70,36,3626,104900040,17186,2012-05-17,67.6,OZ,2,2.5
440138992,69,63,6312,105020050,52045,2012-10-06,64,OZ,1,1.14
440138992,69,8,807,101340919,17823,2012-12-31,18,OZ,1,1.79
440141935,70,36,3618,104900040,23359,2012-11-21,60,OZ,2,5.98
440144553,64,40,4001,104100040,10522,2012-05-26,640,OZ,1,4.92
440144553,64,56,5607,102100020,13967,2012-09-23,8,OZ,1,2.59
440155521,68,31,3101,103582636,6564,2012-08-05,2.62,OZ,1,1.53
440155521,68,36,3632,103361333,23504,2012-08-24,8.45,OZ,2,0.4
440161501,71,30,3009,102100020,9886,2012-03-12,16,OZ,1,2
440161501,71,70,7005,104650040,12977,2012-06-15,4,OZ,1,4.99
440161501,71,9,908,102430020,10577,2012-09-26,10.6,OZ,1,1.69
440166865,64,58,5823,104470040,13310,2012-11-23,16,OZ,1,4.99
440173387,65,27,2707,1072543979,40679,2012-10-25,3,LB,1,2
440186942,65,19,1905,1072543979,40679,2012-03-09,32,OZ,1,1.99
440186942,65,72,7208,1030004131,26880,2012-04-09,1,CT,1,3.19
440186942,65,97,9701,104152545,14044,2013-01-21,24,CT,1,16.99
440187053,64,26,2614,1072543979,23587,2012-08-30,28,CT,1,4.49
440187053,64,41,4107,1073639373,7308,2012-10-21,27,OZ,1,1.47
440198883,68,36,3618,1072543979,40679,2012-04-29,67.6,OZ,4,3.52
440198883,68,36,3601,101200010,13794,2013-02-03,144,OZ,2,7.89
440200972,65,18,1829,103700030,6236,2012-05-26,1,CT,2,11.78
440200972,65,63,6320,1071514171,25530,2012-06-30,12,CT,1,2.99
440200972,65,35,3504,103700030,4628,2012-11-19,20,OZ,1,2.99
440202041,70,33,3310,104178040,19154,2012-04-10,1.25,OZ,1,0.99
440206122,70,36,3626,101200010,16391,2012-08-14,144,OZ,1,3
440211844,65,51,5132,101380010,10271,2012-04-11,8,OZ,2,5.89
440211844,65,99,9904,103338333,33170,2012-07-17,16,OZ,1,1.88
440211844,65,51,5125,101380010,10271,2012-09-17,10.88,OZ,2,5.18
440231598,70,23,2301,103582636,6564,2012-05-05,12,OZ,1,1.4
440231598,70,27,2710,107023070,18373,2012-06-21,10,LB,1,2.99
440231598,70,22,2211,1072543979,21664,2013-04-07,40,CT,1,1.59
440231966,64,27,2710,104178848,3130,2013-02-05,14,LB,1,6.49
440240283,64,51,5134,104280040,18599,2012-03-11,7.5,OZ,1,1.99
440242191,64,29,2904,102100020,19279,2012-12-05,13.1,OZ,1,2
440248032,69,37,3703,1072543979,40679,2012-07-20,10.5,OZ,4,3.98
440248032,69,41,4107,102000020,10265,2012-11-08,15,OZ,2,3.29
440248032,69,19,1908,1072543979,40679,2013-01-15,28,OZ,1,4.17
440248032,69,62,6201,107229979,12125,2013-06-29,12,OZ,1,2.59
440248875,70,51,5134,104670444,18213,2012-11-19,30,OZ,2,9.48
440248875,70,4,422,107062272,7348,2013-01-10,12,OZ,1,2.69
440248875,70,63,6315,1072543979,40679,2013-01-25,128,OZ,2,6.14
440249421,64,13,1302,101330010,11211,2012-08-10,80,OZ,1,1.19
440259763,64,5,501,103800030,6790,2012-09-28,12.2,OZ,2,6.49
440259763,64,55,5552,107756777,2347,2012-11-19,48,OZ,2,6
440259763,64,3,311,101600010,1756,2013-03-10,12,OZ,1,1.5
440281452,68,21,2106,103120030,12957,2012-03-14,64,OZ,1,2.99
440281452,68,37,3711,105100050,2820,2012-04-20,15.25,OZ,2,4.98
440281452,68,41,4110,103940030,71386,2013-02-20,55,OZ,1,3.79
440281452,68,5,501,103800030,6796,2013-02-26,19,OZ,1,2.7
440281452,68,34,3405,101111111,5168,2013-05-29,8.5,OZ,1,3.59
440284728,64,54,5403,107790070,9200,2012-03-31,14.4,OZ,1,5.7
440284728,64,9,907,1072543979,40679,2012-12-27,20,OZ,2,2.64
440284728,64,36,3601,101200010,13794,2013-02-03,144,OZ,2,11.18
440286660,62,55,5555,107684070,32094,2012-10-18,16,OZ,1,3.99
440288386,64,30,3008,103582636,6564,2012-11-21,16,OZ,1,1.99
440289828,64,26,2628,1072543979,21664,2013-01-07,1,RL,1,1.69
440289828,64,33,3303,1072543979,40679,2013-01-20,10.5,OZ,1,1.97
440289828,64,4,418,102800020,54992,2013-01-25,11,OZ,1,2.99
440289828,64,8,838,102700020,11091,2013-04-10,15.5,OZ,1,0.87
440289828,64,53,5307,107056070,14005,2013-07-21,10,OZ,1,1.39
440290820,65,28,2801,104470040,3640,2012-09-01,24,OZ,1,2.99
440292865,64,81,8102,1079995373,61500,2012-04-29,16,OZ,1,10.69
440292865,64,81,8102,1079995373,61500,2012-11-06,16,OZ,1,9.29
440293613,70,99,9909,107127979,6732,2012-11-30,12,OZ,1,2
440295149,68,14,1411,103890030,5072,2012-04-07,20,OZ,1,1.59
440295149,68,99,9904,103338333,33170,2012-06-26,16,OZ,1,3.13
440295149,68,63,6315,1072543979,40679,2013-02-07,64,OZ,1,2.25
440295149,68,63,6320,1072543979,40679,2013-02-17,12,CT,1,2.04
440299249,70,26,2628,103600030,9787,2012-05-09,1,RL,2,3.78
440299249,70,47,4701,1072543979,40679,2013-01-12,16,OZ,2,2.86
440301825,69,81,8101,102820020,11186,2013-01-03,1,CT,2,9.94
440302614,64,71,7113,107940070,5168,2012-10-13,12,OZ,1,3
440304731,64,0,0,10000,20405,2012-04-24,0,,2,-0.66
440304731,64,9,901,104400040,3453,2013-02-01,11.75,OZ,2,5
440308044,71,63,6319,109147595,11716,2013-02-18,128,OZ,1,3.54
440310510,70,26,2634,103700030,3293,2012-09-06,12,RL,1,6.49
440324762,64,58,5812,105450050,1322,2012-06-04,16,OZ,2,7.98
440324762,64,63,6305,1072543979,40679,2012-08-26,128,OZ,1,3.97
440330253,64,64,6407,108500080,6967,2012-12-30,0.75,LT,1,5.99
440333419,68,9,902,103582636,6564,2013-01-12,9,OZ,1,2.69
440335670,64,28,2805,107365171,11166,2012-11-22,6,OZ,2,3.58
440343285,64,25,2504,105000050,3001,2012-04-07,12,OZ,2,2.07
440343285,64,63,6315,1072543979,40679,2012-08-26,128,OZ,2,7.28
440343285,64,58,5827,107080070,16704,2013-01-06,16,OZ,2,9.49
440355171,64,33,3308,102840020,3336,2012-03-06,9.75,OZ,1,2.49
440355171,64,41,4107,1072543979,40679,2012-05-25,14.5,OZ,2,1.18
440360661,64,8,811,104112949,3635,2012-12-01,24,OZ,2,5.39
440360822,68,9,907,107518575,11221,2012-03-18,18,OZ,1,3.49
440360822,68,97,9716,107656878,3391,2012-04-03,32,OZ,2,9.98
440360822,68,0,0,10000,20405,2012-11-09,0,,1,-3.16
440366523,64,36,3611,108265787,4687,2012-03-14,405.6,OZ,1,4.89
440371088,71,56,5616,103582636,6564,2013-01-15,8,OZ,1,2.29
440372575,68,29,2925,101740010,47096,2013-03-22,14,OZ,1,2
440375738,64,9,902,104400040,19783,2012-09-19,9.1,OZ,1,2.5
440375738,64,8,810,104600040,13023,2012-10-05,1,OZ,1,0.36
440375738,64,33,3325,102840020,21452,2012-11-25,20,OZ,1,7.99
440376042,64,64,6401,103410030,11704,2012-07-17,144,OZ,1,6.79
440376042,64,53,5307,101450010,20864,2012-09-17,11,OZ,1,2
440376746,64,11,1102,1072277676,17117,2012-05-10,470,CT,1,1.03
440376746,64,36,3601,104900040,3809,2013-02-14,144,OZ,3,9
440376746,64,33,3303,102840020,10241,2013-04-25,10,OZ,1,3
440377541,68,26,2615,107301070,17990,2012-12-20,20,CT,1,3.25
440379503,64,10,1012,102700020,23332,2013-04-23,13,OZ,2,2
440379564,64,8,801,101300010,8164,2012-05-17,40,OZ,1,3.29
440379564,64,96,9609,1052800050,88199,2012-10-05,0,,1,-1
440381797,64,29,2914,102100020,9886,2012-12-10,7.25,OZ,1,1.59
440381797,64,37,3705,104119646,14582,2012-12-10,18.5,OZ,1,2.79
440381921,70,18,1828,104650040,7249,2012-10-31,0.67,OZ,1,3.29
440385992,64,96,9609,1053700050,88199,2012-08-19,0,,1,-1
440388412,65,26,2630,1072543979,40679,2013-03-10,230,CT,1,1.59
440388805,65,53,5307,102000020,7655,2013-04-08,11.8,OZ,1,2.79
440389698,70,9,901,103010030,3454,2012-05-27,4.44,OZ,1,3.19
440389698,70,33,3303,102840020,10241,2013-01-20,10.5,OZ,1,3.29
440392918,70,33,3312,103700030,14494,2012-05-11,6.38,OZ,1,0.29
440410096,65,96,9609,1052420050,88199,2012-04-11,0,,1,-0.5
440411465,70,59,5907,1072543979,40679,2013-06-17,16,OZ,1,1.43
440412991,64,97,9753,10000,0,2012-05-14,1,CT,1,0.53
440412991,64,99,9908,103338333,33170,2012-07-15,80,OZ,1,2.48
440417614,68,58,5823,1078533171,7796,2012-08-18,6,OZ,1,0.99
440417614,68,14,1411,102400020,4704,2013-04-29,15.25,OZ,1,1.19
440423021,64,39,3903,103000030,1058,2013-01-05,24,OZ,1,3.19
440429004,70,9,902,104400040,8463,2012-07-11,14.4,OZ,1,2.99
440429004,70,99,9908,103338333,33170,2012-08-14,16,OZ,1,1.28
440430187,70,81,8103,107645272,17989,2012-03-16,10,CT,2,8.78
440430187,70,9,920,104400040,15335,2012-10-14,9.5,OZ,2,5
440430187,70,30,3009,102100020,9886,2012-12-07,16,OZ,1,2
440432790,65,36,3626,104900040,17186,2012-12-16,96,OZ,1,1.99
440433010,64,71,7113,107940070,17521,2012-11-11,12.6,OZ,2,5.16
440435589,68,5,501,103800030,17050,2012-06-29,12.8,OZ,1,2.99
440435589,68,72,7205,103500030,3830,2012-12-16,6.4,OZ,1,1.99
440435589,68,63,6320,1072543979,40679,2013-06-03,12,CT,1,1.23
440435589,68,72,7205,103500030,3830,2013-06-16,4,OZ,1,3.59
440436325,70,26,2609,104200040,5016,2012-12-03,50,CT,1,4.59
440437185,64,9,907,107225070,12465,2012-11-17,13,OZ,1,-0.71
440437185,64,58,5813,1078533171,7796,2013-02-10,16,OZ,1,1.29
440451001,71,64,6401,107199070,4043,2012-08-26,144,OZ,2,17.98
440456758,70,10,1011,104300040,26232,2012-08-08,13.8,OZ,1,1
440458835,70,2,212,101330010,11211,2013-02-20,7.4,OZ,2,2.19
440458835,70,9,907,107225070,12465,2013-03-17,20,OZ,1,3.29
440465759,64,51,5126,101380010,27474,2012-09-22,20,OZ,2,6.49
440465759,64,33,3307,102900020,14112,2013-04-11,10,OZ,1,5.77
440470889,71,27,2702,1072543979,21664,2012-11-24,20,LB,1,9.3
440470889,71,41,4107,1072543979,40679,2012-12-12,15,OZ,1,0.67
440470889,71,26,2633,1072543979,21664,2013-06-01,12,RL,1,6.49
440478612,65,46,4606,1081466383,17590,2012-03-17,4.4,OZ,1,3.13
440478612,65,20,2002,105100050,2820,2012-11-28,46,OZ,1,2.99
440478612,65,36,3632,107800070,4354,2013-03-04,144,OZ,1,3
440481053,70,56,5620,102100020,9886,2012-06-28,8,OZ,2,3.22
440481053,70,99,9904,103338333,33170,2013-05-09,128,OZ,1,7.33
440488538,64,36,3628,101200010,12029,2012-03-05,144,OZ,1,3
440491667,71,23,2310,104116444,27731,2012-03-23,16,OZ,4,10
440494787,68,31,3101,107435070,3138,2013-02-16,8,OZ,1,1.23
440494787,68,58,5823,105190050,26456,2013-03-06,9,OZ,1,0.58
440513126,70,58,5827,104470040,13310,2013-06-27,12,OZ,1,5.99
440545856,70,81,8115,107033070,1783,2012-07-05,3,CT,1,1.99
440545856,70,99,9908,103338333,33170,2013-01-28,80,OZ,1,2.5
440552850,64,36,3628,101200010,12029,2012-05-19,67.6,OZ,1,1.67
440556855,70,71,7114,107940070,14947,2012-05-09,11,OZ,1,2.29
440556855,70,57,5710,103663232,4568,2012-10-21,21.2,OZ,1,5.69
440556855,70,73,7304,1072543979,23587,2012-11-28,8,OZ,1,3.99
440556855,70,3,310,103582636,6564,2012-12-06,8,OZ,2,8.98
440558225,69,35,3509,103700030,6947,2012-12-29,50,OZ,1,6.99
440558225,69,5,519,103000030,14760,2013-06-08,12.6,OZ,1,2.69
440558225,69,21,2117,104300040,26420,2013-07-10,60,OZ,1,1.89
440570427,64,55,5556,104154848,5603,2012-04-23,48,OZ,1,3.49
440570427,64,75,7520,1072543979,23587,2012-04-30,500,CT,1,3.49
440570427,64,24,2406,101700010,885,2012-08-01,12,OZ,1,-0.4
440570427,64,63,6312,105020050,52045,2013-02-27,64,OZ,1,1.25
440571032,68,63,6328,109741999,6014,2013-02-19,8,OZ,2,1.78
440571032,68,33,3303,104178040,19154,2013-04-22,8,OZ,1,3
440571653,68,9,922,102560020,18051,2012-07-05,12,OZ,1,4.49
440571653,68,53,5307,103582636,6564,2012-09-02,16,OZ,1,1.89
440571653,68,99,9909,107127979,6732,2012-09-13,12,OZ,1,2.79
440571653,68,56,5616,104610040,15889,2013-05-26,6.84,OZ,1,2.69
440571653,68,26,2614,103700030,514,2013-06-07,28,CT,1,6.19
440571653,68,72,7203,103700030,4294,2013-06-07,33.8,OZ,1,3.99
440574714,64,25,2503,105000050,32115,2012-08-29,16,OZ,1,2.19
440574798,71,5,501,103800030,14900,2012-12-16,18.7,OZ,2,6.58
440574798,71,5,501,103800030,14900,2013-03-28,18.2,OZ,1,3.22
440575823,65,11,1102,103582636,6564,2012-11-10,1,CT,1,3.59
440577460,70,49,4901,103582636,6564,2013-05-08,22.5,OZ,1,1.89
440577781,64,71,7113,108087888,13505,2012-07-07,12.6,OZ,1,4.69
440578269,62,38,3801,1072543979,40679,2013-02-09,2,LB,1,0.8
440586971,69,58,5830,1070651777,55158,2012-11-17,8,OZ,1,4.19
440590154,69,26,2604,1072543979,21664,2012-12-02,32,CT,1,0.78
440593957,65,63,6305,104850040,18799,2013-03-13,89,OZ,1,5.39
440594010,64,51,5117,1072543979,40679,2012-03-19,7,OZ,4,3.36
440595456,68,63,6315,1072543979,40679,2012-11-19,128,OZ,1,2.09
440610656,64,9,907,107225070,12465,2012-10-12,16,OZ,1,0.94
440610656,64,41,4108,103940030,71386,2012-11-09,15.8,OZ,2,1.98
440621640,64,50,5001,101380010,27474,2012-04-22,10,OZ,3,7.53
440621640,64,9,902,104400040,18775,2012-07-09,12,OZ,1,3.5
440621640,64,81,8101,101230010,15736,2012-08-15,1,CT,1,5.47
440621640,64,8,802,102446323,8627,2013-02-25,17,OZ,1,2.87
440625385,70,18,1828,101284414,22435,2012-09-21,1,CT,1,3.79
440625385,70,55,5558,1072543979,40679,2013-01-12,42,OZ,1,3.56
440633345,64,7,707,103582636,6564,2013-06-08,11.3,OZ,1,2.99
440634159,70,60,6011,101800010,14029,2012-12-24,16.3,OZ,3,5.37
440637326,65,57,5705,107047070,20230,2013-04-23,6,OZ,4,2.4
440640629,70,5,517,103800030,17050,2012-04-22,4.4,OZ,1,2.72
440640629,70,63,6320,1072543979,40679,2013-05-01,18,CT,1,2.09
440643166,70,58,5824,107367575,3012,2012-12-05,14,OZ,1,2.5
440647294,64,72,7205,105310050,804,2012-10-28,5.6,OZ,1,2.5
440649310,70,9,902,104400040,15335,2012-08-29,15.1,OZ,2,8.38
440649310,70,69,6901,101204414,13056,2012-10-08,3,OZ,4,10.16
440649804,65,99,9908,104015949,53834,2012-03-25,6,OZ,1,1.61
440649804,65,54,5403,107790070,9200,2012-06-28,18,OZ,1,4.99
440656933,64,9,912,104812141,18322,2012-07-29,20,OZ,1,2.24
440661482,64,26,2619,101370010,8154,2012-11-26,45,CT,1,6.49
440661482,64,26,2611,1072543979,23587,2012-12-22,18,CT,1,5.49
440664304,70,9,906,104300040,16249,2012-04-24,5.75,OZ,1,2.3
440664304,70,63,6315,1072543979,40679,2013-06-02,64,OZ,1,2.2
440669533,70,23,2310,104164646,3173,2012-03-26,22,OZ,1,3.14
440690604,70,36,3632,102500020,11749,2013-03-11,67.6,OZ,2,3.33
440690868,68,99,9909,107127979,6732,2012-06-28,6,OZ,1,0.99
440690868,68,9,908,107203070,5812,2012-07-26,10,OZ,2,5
440692259,68,30,3001,102100020,11761,2012-08-05,22,OZ,1,4.69
440692259,68,29,2903,106414464,3342,2012-08-05,14.75,OZ,1,1
440692259,68,33,3303,104178040,19154,2013-04-05,9.5,OZ,1,4.29
440706270,64,63,6323,1072543979,40679,2012-06-17,64,OZ,1,2.79
440706270,64,99,9904,103338333,33170,2012-11-14,64,OZ,1,3.59
440712278,70,35,3504,103700030,4628,2013-04-20,24,OZ,1,2.99
440725519,64,9,914,107343575,9705,2012-04-08,12,OZ,1,1.99
440726047,65,54,5401,103800030,5618,2012-05-14,12.3,OZ,1,1.7
440726047,65,54,5403,102781525,885,2012-07-05,5,OZ,3,4.5
440726047,65,56,5620,1072543979,40679,2013-02-09,8,OZ,1,2.27
440732314,70,63,6320,1071514171,25530,2013-04-10,18,CT,1,3.99
440735216,64,9,908,104500040,8511,2012-08-12,8,OZ,2,8.58
440735256,68,25,2503,103582636,6564,2013-04-07,15,OZ,1,2.89
440739413,68,99,9908,1064819666,25891,2012-06-08,80,OZ,1,2.99
440739413,68,30,3008,103582636,6564,2012-07-03,16,OZ,1,1.5
440739424,65,44,4404,1074816272,16521,2012-07-16,11,OZ,1,2.8
440743055,65,36,3628,107800070,17587,2013-01-27,67.6,OZ,2,3.66
440744594,64,63,6323,1072543979,40679,2012-05-29,64,OZ,1,2.57
440748012,64,58,5824,107602070,55166,2012-07-20,28.8,OZ,1,5.69
440748012,64,37,3705,105100050,2820,2013-02-09,50,OZ,2,9.98
440755029,71,55,5552,107077878,14720,2013-01-22,56,OZ,1,3.79
440758484,71,58,5812,105450050,1322,2012-03-21,16,OZ,1,2.5
440758484,71,31,3101,105210050,11382,2012-11-13,1.12,OZ,1,3.37
440768543,70,37,3705,105100050,2820,2012-11-08,18.8,OZ,7,13.16
440768543,70,26,2630,103600030,9787,2013-03-03,50,CT,2,4.38
440768543,70,55,5552,107756777,2347,2013-03-14,48,OZ,1,3.49
440768543,70,9,901,103010030,3454,2013-04-22,13.3,OZ,1,2.5
440779115,64,62,6201,107754171,17301,2012-03-29,11,OZ,2,5.98
440783081,64,9,907,107341070,13291,2012-09-17,12,OZ,1,3.3
440788787,71,9,920,103010030,9530,2012-03-27,11,OZ,1,2.5
440789435,70,1,106,105220050,1569,2012-06-17,6,OZ,1,0.8
440789901,70,63,6305,102500020,16489,2012-03-12,89,OZ,1,5.19
440789901,70,26,2622,101090010,15232,2013-01-27,4,CT,1,2
440792045,64,8,838,102700020,11091,2013-02-25,15,OZ,2,2.15
440796077,64,33,3305,102840020,15870,2012-07-27,11,OZ,1,2
440796077,64,56,5620,1072543979,40679,2012-08-21,8,OZ,1,1.67
440798751,64,99,9909,107143070,5072,2012-06-23,12,OZ,1,2
440803467,65,56,5617,102100020,9886,2012-04-22,16,OZ,1,3.39
440803467,65,9,907,107225070,12465,2012-08-20,20,OZ,1,2.69
440805884,70,29,2923,102100020,9886,2013-02-04,6.6,OZ,1,-1.1
440805884,70,36,3630,107800070,5208,2013-03-09,144,OZ,1,5.59
440805954,62,51,5134,104369545,8522,2012-10-19,10,OZ,1,2.89
440807477,69,9,921,107247070,9903,2012-10-03,4,OZ,4,4.25
440815138,65,25,2509,1072543979,40679,2012-05-06,32,OZ,2,3.4
440827188,65,9,922,102430020,10577,2012-07-04,13,OZ,1,1.69
440827188,65,29,2904,101600010,7860,2012-08-11,5.5,OZ,1,1.78
440827188,65,49,4901,103582636,6564,2013-03-03,28,OZ,1,2.39
440855531,68,23,2301,1072543979,40679,2012-04-22,8,OZ,1,0.5
440855531,68,33,3315,102840020,21452,2012-05-01,1.88,OZ,1,0.5
440855531,68,51,5121,104369545,10274,2012-05-03,9,OZ,1,2.49
440858480,70,55,5552,107756777,2347,2012-10-19,48,OZ,1,3.49
440858480,70,26,2613,103600030,8583,2013-05-31,12,CT,1,6.99
440863248,64,9,902,102410020,44209,2012-10-03,7,OZ,3,5
440891008,71,58,5823,104470040,13310,2012-04-20,16,OZ,1,3.4
440891008,71,99,9908,103338333,33170,2012-06-01,16,OZ,2,4.6
440891008,71,23,2310,103133232,25962,2012-06-30,24,OZ,1,2.7
440891008,71,2,213,101600010,1756,2012-11-24,16.4,OZ,1,1.8
440891008,71,17,1726,101920010,10882,2012-11-30,35,CT,2,5.69
440891008,71,63,6315,1072543979,40679,2012-12-06,128,OZ,1,3.19
440891008,71,53,5307,103582636,6564,2013-01-05,24,OZ,1,2.39
440896535,64,97,9701,1072543979,21664,2012-11-25,1,CT,2,8.18
440901794,64,26,2606,1072543979,21664,2012-07-29,200,CT,1,1.99
440906937,373,97,9707,1072543979,21664,2013-02-17,3,CT,1,2.49
440908998,70,81,8101,102820020,11186,2012-04-14,2,CT,1,7.14
440908998,70,58,5815,104750040,2359,2013-02-19,4,OZ,1,2.7
440915943,65,8,801,1072543979,40679,2012-09-11,24,OZ,1,0.99
440915943,65,33,3303,102840020,10241,2012-11-17,10,OZ,1,3
440915943,65,58,5827,104470040,13310,2012-12-12,16,OZ,1,3.5
440929341,70,58,5812,104470040,13310,2012-08-04,16,OZ,2,4.78
440947759,64,35,3506,103700030,3068,2013-01-25,10.2,OZ,1,4.99
440954068,69,58,5824,107010070,9243,2013-01-25,9,OZ,2,1.98
440955614,64,72,7205,103500030,3830,2012-09-14,6,OZ,1,3.49
440956582,68,31,3111,104150040,6714,2012-09-25,6,OZ,1,3.99
440960771,71,8,810,104600040,13023,2012-03-04,1,OZ,1,0.99
440960771,71,26,2628,1072543979,40679,2012-07-27,1,RL,1,0.99
440977008,64,71,7114,1030815131,3609,2012-05-05,6,OZ,1,3
440977008,64,22,2211,1072543979,21664,2012-08-06,40,CT,1,1.59
440985227,65,53,5307,107056070,14005,2012-04-22,24,OZ,1,2.5
440985227,65,34,3410,1072543979,23587,2013-03-21,40,OZ,1,3.79
441000241,70,58,5837,103582636,6564,2012-06-18,2.1,OZ,1,2.99
441002420,68,58,5823,107740070,2500,2013-06-12,16,OZ,1,3.99
441016950,64,27,2709,102310020,18139,2012-09-07,2.1,OZ,1,1.35
441016950,64,9,920,107641070,10160,2013-01-03,10,OZ,1,2.5
441018441,68,54,5402,103800030,5618,2012-11-09,16.4,OZ,1,3.39
441018441,68,14,1404,103582636,6564,2013-03-08,24,OZ,1,1.67
441018441,68,0,0,10000,20405,2013-04-27,0,,1,-1
441027148,70,45,4509,1075444171,21551,2012-06-11,32,OZ,2,11.58
441047820,70,36,3601,104900040,3809,2012-05-27,67.6,OZ,1,1.25
441054865,65,9,907,104500040,20016,2012-10-09,20,OZ,1,1.99
441054865,65,55,5558,107255474,35506,2012-11-26,18.1,OZ,1,3.19
441061914,70,9,907,107294575,15878,2012-08-22,20,OZ,1,1.99
441061914,70,29,2925,105480050,19039,2012-10-18,16,OZ,1,2.1
441061914,70,33,3303,102840020,10241,2013-02-04,10.5,OZ,1,4.29
441065257,70,9,970,103800030,62065,2012-04-28,14.7,OZ,1,2.25
441066197,65,56,5620,1072543979,40679,2012-06-02,8,OZ,3,6.69
441072246,68,14,1415,102400020,4704,2012-06-01,14.5,OZ,1,1.19
441085274,68,5,501,103800030,11732,2012-06-04,18,OZ,1,3.99
441085274,68,44,4405,103582636,28791,2012-06-25,18,OZ,1,3.99
441085274,68,73,7358,103076838,17627,2013-03-20,150,CT,1,7.49
441085274,68,25,2506,103582636,6564,2013-04-07,32,OZ,1,2.2
441085274,68,36,3638,101906313,6830,2013-05-05,96,OZ,2,5.58
441087249,69,33,3305,102840020,18584,2012-12-29,10,OZ,2,7.98
441087249,69,37,3703,105100050,2820,2013-01-08,10.5,OZ,1,1.36
441099841,70,59,5905,103450030,10165,2012-07-06,16,OZ,1,2.19
441099841,70,9,901,103010030,9530,2012-09-28,12.6,OZ,1,5.99
441099841,70,35,3509,102420020,14716,2013-02-22,75,OZ,1,3.99
441107412,70,56,5614,104610040,15889,2013-01-02,9,OZ,1,3.49
441119478,65,11,1102,104480040,22777,2013-02-12,500,CT,1,3.4
441120924,70,36,3601,101200010,13794,2012-09-17,60,OZ,1,3.49
441120924,70,35,3506,103700030,3068,2012-10-28,45,OZ,1,3.73
441121736,70,60,6011,103582636,6564,2013-01-06,16,OZ,1,1.59
441121736,70,23,2301,102920020,12168,2013-04-27,16,OZ,1,1
441123157,64,18,1828,103700030,6236,2012-10-07,1,CT,1,2.99
441123157,64,29,2903,105100050,72482,2013-01-26,15,OZ,1,1
441123157,64,8,807,102100020,9886,2013-06-01,18,OZ,1,1.49
441130577,64,72,7208,103500030,3830,2012-03-25,1,CT,1,2.99
441137095,68,64,6408,108500080,21883,2013-02-24,1.5,LT,1,7.99
441137890,64,63,6315,1072543979,40679,2013-04-17,128,OZ,1,3.73
441142818,70,36,3630,101200010,23361,2012-07-22,67.6,OZ,2,3.33
441142818,70,36,3631,107800070,23209,2012-09-22,67.6,OZ,1,1.25
441149072,70,33,3304,102840020,6777,2013-05-08,10.25,OZ,2,5.23
441160031,68,97,9781,10000,8255,2013-03-30,1,CT,1,-0.28
441160815,62,30,3001,104800141,8178,2012-08-05,30,OZ,1,3
441161313,68,36,3612,1072543979,40679,2012-06-10,128,OZ,1,0.93
441163457,64,97,9753,1023863929,0,2012-08-22,1,CT,1,2
441172830,68,63,6320,1072543979,40679,2012-04-02,12,CT,1,1.76
441181509,65,99,9908,103338333,33170,2012-12-16,16,OZ,1,1.64
441185965,64,53,5307,101450010,20864,2012-03-11,12,OZ,2,-4.1
441185965,64,2,212,101330010,11211,2012-08-08,7,OZ,2,2
441192752,64,51,5126,102113121,11151,2012-10-21,10,OZ,1,2.79
441192752,64,63,6315,1072543979,40679,2012-10-31,64,OZ,1,0.65
441196604,68,51,5134,104280040,18599,2012-03-31,19.8,OZ,2,6
441196604,68,57,5705,1072543979,40679,2012-09-16,6,OZ,4,1.92
441196604,68,44,4402,102770020,12137,2012-11-14,37,OZ,2,6.49
441196604,68,96,9609,1052190858,88199,2013-03-11,0,,1,-1
441201925,64,30,3002,104800141,8178,2013-02-20,15,OZ,1,3.79
441206471,70,36,3626,104900040,17186,2013-01-26,144,OZ,1,3
441216321,70,7,707,102550020,6550,2012-08-07,11.3,OZ,1,3.5
441216321,70,63,6323,103582636,6564,2012-10-24,64,OZ,1,3.79
441223943,64,56,5621,1072543979,40679,2012-12-24,32,OZ,1,8.37
441226491,70,24,2410,1070651777,55158,2012-03-04,12,OZ,1,2.5
441228935,64,9,907,107225070,12465,2012-12-12,20,OZ,1,1.99
441245043,64,64,6401,101820010,2510,2012-10-13,216,OZ,1,10.99
441254740,64,27,2704,102310020,13705,2013-02-21,24,OZ,1,3.57
441258242,70,23,2301,1072543979,40679,2012-04-15,8,OZ,1,0.33
441275261,70,37,3707,105100050,17812,2013-01-12,1.68,OZ,1,1.99
441289708,65,27,2701,1072543979,21664,2012-05-19,13.2,OZ,4,2.49
441310866,71,63,6320,1072543979,40679,2012-07-09,18,CT,1,2.38
441311262,68,25,2506,104127141,26189,2012-03-24,32,OZ,1,3.59
441311262,68,35,3506,103700030,3068,2012-09-29,75,OZ,1,5.49
441311262,68,9,907,107167373,17480,2013-01-12,20,OZ,1,1.99
441311263,70,97,9781,10000,8255,2012-07-27,1,CT,1,0.6
441311263,70,8,810,105210050,11382,2013-02-04,1.3,OZ,1,1
441311263,70,36,3601,104900040,3809,2013-02-14,144,OZ,1,3
441312756,70,21,2106,103582636,6564,2012-11-19,64,OZ,1,2.3
441312756,70,53,5307,103582636,6564,2013-01-23,16,OZ,1,1.99
441312756,70,41,4105,106414464,70939,2013-02-01,10,OZ,1,1
441314565,68,51,5130,101380010,27474,2012-10-23,12.38,OZ,1,3.29
441334663,65,12,1205,108000080,17292,2012-09-09,4.5,OZ,1,1.67
441334663,65,38,3802,103582636,6564,2012-12-19,1,LB,3,3.37
441334663,65,2,213,107248676,9190,2013-03-06,8.5,OZ,1,0.5
441354757,65,33,3312,103700030,14494,2012-05-20,6.41,OZ,1,1.49
441354757,65,58,5828,107790070,9200,2013-02-18,9.6,OZ,1,-4.21
441366048,64,30,3007,107184070,11154,2012-03-24,12,OZ,1,2.99
441371288,64,58,5812,1078533171,7796,2012-08-31,12,OZ,1,0.99
441371288,64,45,4511,1072543979,40679,2012-11-14,32,OZ,1,4.69
441371288,64,29,2923,102100020,9886,2012-12-04,6.4,OZ,1,1.99
441389437,68,9,970,103800030,62065,2013-04-21,14.1,OZ,2,1
441396794,64,19,1906,105150050,16728,2012-04-18,10,OZ,1,2.59
441396794,64,99,9904,1071575676,5278,2012-08-19,16,OZ,2,3.86
441410295,68,36,3626,104900040,17186,2012-04-18,240,OZ,1,6.99
441410295,68,51,5131,104227242,648,2012-08-20,6,OZ,2,4.98
441415844,71,33,3313,103582636,6564,2013-01-15,15,OZ,1,2.69
441418272,65,55,5558,1072543979,40679,2012-05-09,30,OZ,1,2.62
441418272,65,58,5823,105190050,26456,2012-08-11,9,OZ,1,2
441418272,65,63,6320,1072543979,40679,2012-08-16,12,CT,1,1.73
441420355,64,51,5115,107218070,15035,2012-06-08,21.9,OZ,1,4
441420355,64,51,5115,107218070,15035,2012-08-03,15.77,OZ,1,2.49
441429428,70,56,5610,1072543979,40679,2013-04-25,6,OZ,1,1.27
441433133,70,63,6320,1072543979,40679,2012-09-18,12,CT,1,1.59
441433133,70,51,5123,101380010,27474,2012-10-01,61.38,OZ,1,11.99
441441128,64,29,2903,106414464,3342,2012-04-13,14.75,OZ,1,1
441445337,68,23,2301,102920020,12168,2012-07-30,16,OZ,1,1.79
441445337,68,9,907,107518575,11221,2012-08-02,15,OZ,1,1.3
441454230,64,30,3009,103582636,6564,2012-04-27,16,OZ,1,1.5
441454230,64,25,2506,105000050,32115,2012-05-29,32,OZ,2,6
441454230,64,33,3302,102700020,57417,2012-10-04,8.7,OZ,2,6.38
441467473,64,33,3303,1072543979,40679,2012-03-27,10.5,OZ,2,4.16
441467473,64,51,5125,105010050,8089,2012-10-23,11.25,OZ,1,2.79
441467473,64,26,2606,1072543979,21664,2013-01-23,200,CT,1,1.39
441471443,70,9,907,107225070,12465,2012-05-10,16,OZ,1,2.58
441471443,70,9,901,103010030,6852,2012-10-07,11.5,OZ,1,1.59
441471443,70,30,3001,102100020,9886,2013-02-04,22,OZ,1,4.99
441478291,70,63,6320,1072543979,40679,2012-09-27,6,CT,1,1.34
441483303,64,8,838,102700020,11091,2012-05-27,24,OZ,1,2.32
441488939,65,63,6328,109741999,6014,2012-10-12,8,OZ,3,2.64
441488939,65,72,7205,103320030,25445,2013-02-21,6,OZ,1,2.19
441501772,64,9,907,107312474,18613,2012-08-26,11,OZ,1,2.59
441504924,70,5,504,103000030,14760,2012-04-07,7.4,OZ,1,2.49
441504924,70,99,9908,103338333,33170,2012-12-09,8,OZ,1,1.88
441504924,70,64,6401,1079837373,10963,2013-02-03,144,OZ,1,14.99
441504924,70,56,5617,103582636,6564,2013-04-14,16,OZ,1,4.87
441517101,70,70,7002,1030813737,25162,2012-06-29,30,CT,1,2.99
441518776,64,5,501,103000030,58434,2012-08-25,10.3,OZ,1,2.74
441518776,64,22,2201,1072543979,40679,2013-02-10,128,OZ,1,0.29
441529005,70,9,907,104500040,20016,2012-05-11,16,OZ,1,2.2
441533890,65,26,2619,1072543979,21664,2012-08-04,28,CT,1,6.49
441543720,70,58,5812,105450050,1322,2012-03-14,16,OZ,2,7.98
441543720,70,56,5615,103582636,6564,2012-07-16,8,OZ,1,2.59
441543919,68,63,6321,104082242,15667,2012-05-26,10,OZ,1,3.49
441543919,68,5,516,103800030,17050,2012-06-01,4.76,OZ,1,2.5
441543919,68,57,5710,107047070,20230,2012-09-08,5.3,OZ,2,2
441543919,68,27,2702,101780010,14717,2012-11-17,4,LB,1,4.99
441552619,65,99,9909,107143070,5072,2013-01-03,12,OZ,1,2
441554114,70,11,1102,101360010,18845,2012-10-27,160,CT,1,5.99
441561998,64,9,907,1072543979,40679,2012-06-27,12,OZ,1,1.29
441564590,64,63,6315,1072543979,40679,2012-09-11,64,OZ,1,2.47
441573311,70,56,5615,102100020,9886,2012-04-02,8,OZ,1,2
441574092,65,58,5827,104470040,13310,2013-05-07,12,OZ,1,4.99
441580657,68,26,2633,103040030,683,2013-03-08,12,RL,1,6.49
441580657,68,72,7205,103320030,875,2013-06-04,6,OZ,1,3.79
441584549,65,99,9904,103338333,33170,2012-12-08,48,OZ,2,8.06
441599245,65,58,5823,104470040,13310,2012-05-01,8,OZ,1,5.19
441599245,65,36,3618,101200010,23361,2012-07-26,144,OZ,1,4.99
441599245,65,44,4404,1083418383,385,2012-09-09,12,OZ,1,3.29
441615535,68,63,6305,1072543979,40679,2013-01-09,128,OZ,1,3.99
441622186,65,51,5122,107527878,6625,2013-02-11,16,OZ,1,2.59
441622426,70,25,2503,105000050,32115,2013-02-05,16,OZ,1,3.99
441624217,70,99,9909,107127979,6732,2012-10-06,10,OZ,1,1.84
441624217,70,11,1102,103582636,6564,2012-10-20,500,CT,1,2.77
441625123,69,34,3410,107418272,16853,2013-03-09,7.5,OZ,1,2.29
441633286,64,11,1110,108201181,12197,2012-07-09,6,OZ,1,3.19
441633703,69,19,1905,104180040,19713,2012-08-22,27,OZ,1,3.29
441633703,69,5,519,103000030,14760,2013-03-16,13,OZ,2,5.78
441637496,64,51,5132,101380010,10271,2012-03-05,8,OZ,1,2.5
441637496,64,51,5117,1072543979,40679,2012-04-29,6.5,OZ,2,1.65
441637496,64,8,810,105210050,11382,2012-09-23,1.25,OZ,2,1.27
441637496,64,56,5617,1072543979,40679,2012-11-18,16,OZ,1,2.52
441638806,64,9,905,104300040,17447,2012-04-09,6,OZ,1,1.89
441655287,64,37,3706,104119646,14582,2013-03-11,19,OZ,1,1.39
441656688,65,51,5115,107218070,15035,2012-04-20,21.06,OZ,1,2.99
441656688,65,57,5710,107047070,20230,2012-09-18,6,OZ,1,1
441665113,70,0,0,10000,20405,2012-12-18,0,,1,-9.08
441673109,69,63,6316,107342070,4529,2012-08-26,8,OZ,1,1.39
441673109,69,44,4401,103210030,15878,2013-05-07,9.6,OZ,2,5.98
441677473,65,96,9609,1052100050,88199,2012-04-16,0,,1,-1
441677473,65,33,3307,1072543979,40679,2013-04-22,16,OZ,1,2.08
441677534,64,1,103,105220050,1569,2012-12-14,8,OZ,1,1.89
441679428,71,57,5704,107047070,20230,2012-05-09,6,OZ,8,3.6
441712675,64,14,1410,103900030,10383,2012-11-20,29,OZ,1,2.89
441718828,68,13,1306,1072543979,40679,2012-03-13,5,LB,1,2.89
441718828,68,22,2201,1072543979,40679,2012-12-23,128,OZ,1,1.69
441729454,65,9,922,102430020,10577,2012-12-04,12,OZ,1,1.69
441729454,65,43,4302,104300040,4030,2013-06-11,8,OZ,1,1.5
441731865,68,36,3603,107239272,74166,2012-06-11,640,OZ,1,1
441735108,70,51,5119,102370020,78850,2012-07-19,10,OZ,1,3.33
441735410,64,9,901,104400040,13243,2012-03-21,15.5,OZ,1,2.99
441742912,65,73,7319,1072543979,23587,2012-03-09,4,OZ,1,4.74
441755701,64,9,970,103800030,62065,2012-12-28,14.7,OZ,1,2.2
441755701,64,51,5134,104670444,18213,2013-02-03,17.4,OZ,1,5.49
441759317,65,56,5616,103582636,6564,2012-05-28,8,OZ,1,2.39
441759317,65,53,5305,102000020,7655,2012-11-10,9,OZ,1,1.7
441759317,65,2,201,1064420969,5345,2012-12-08,16.5,OZ,1,1.69
441764670,68,7,707,102550020,6550,2012-05-17,11.3,OZ,1,3.9
441764670,68,99,9901,1076857373,53091,2012-06-23,0.75,OZ,1,0.95
441764670,68,71,7114,108087888,13505,2013-03-07,6.6,OZ,1,3.49
441766888,69,9,907,107294575,15878,2012-06-16,12,OZ,1,2.89
441766888,69,31,3199,103582636,28791,2012-08-14,8,OZ,1,1.99
441767176,70,36,3630,107800070,23561,2012-03-28,144,OZ,2,6.67
441767176,70,36,3627,104900040,23363,2012-06-20,144,OZ,1,-1.47
441767176,70,29,2914,1072543979,40679,2012-08-17,7.25,OZ,2,1.34
