3272580181,165,37,3703,105100050,2820,2012-08-28,10.75,OZ,1,1.75
3272582309,165,96,9609,1051600050,88199,2012-03-21,0,,2,-2.25
3272582309,165,71,7114,1060308464,7034,2012-04-11,6.8,OZ,1,2.99
3272582760,165,36,3626,104900040,17186,2013-04-27,67.6,OZ,2,3.98
3272583286,165,25,2505,105000050,32115,2012-10-31,32,OZ,1,3.49
3272583286,165,9,907,1078142171,21825,2013-03-24,20,OZ,1,4.99
3272583832,26,9,907,101111010,9907,2013-06-14,11,OZ,1,1
3272583832,26,29,2920,102970020,8711,2013-06-14,4.1,OZ,2,2
3272585865,143,56,5611,101111010,9907,2012-03-05,8,OZ,1,2.45
3272586427,83,51,5128,102370020,18969,2012-11-13,16,OZ,1,6.09
3272589665,89,34,3410,107956777,10228,2012-03-07,5.75,OZ,2,3.38
3272589959,89,36,3611,101111010,9907,2012-04-20,405.6,OZ,2,6.38
3272589959,89,29,2914,102100020,9886,2012-07-29,8.2,OZ,1,3.89
3272589959,89,36,3627,101111010,1814,2012-10-12,144,OZ,1,2.25
3272589959,89,0,0,10000,0,2012-12-02,0,,1,0
3272589959,89,21,2117,101111010,9907,2013-03-10,60,OZ,2,3.58
3272590147,26,63,6315,101111010,9907,2012-04-06,64,OZ,1,1.99
3272590539,89,63,6315,101111010,9907,2012-11-01,64,OZ,1,1.79
3272598766,58,51,5117,104280040,18599,2012-03-05,9.8,OZ,2,2.78
3272598766,58,9,970,103800030,62065,2012-03-09,14.7,OZ,1,2.27
3272598766,58,38,3801,101111010,9907,2012-08-23,4,LB,1,2.38
3272598766,58,56,5609,101111010,9907,2012-09-04,24,OZ,1,2.79
3272598766,58,9,922,102430020,10577,2013-03-16,12,OZ,1,1.99
3272598766,58,36,3601,104900040,3809,2013-05-20,67.6,OZ,2,3
3272607241,58,97,9753,10000,0,2012-04-20,1,CT,1,0.79
3272607241,58,23,2310,104130848,15022,2012-09-07,12,OZ,1,2.48
3272618575,140,29,2906,104430040,9977,2012-12-31,12,OZ,1,1.99
3272619366,140,36,3611,101111010,9907,2013-03-02,540.8,OZ,1,3.89
3272622363,2,63,6320,101111010,14907,2013-04-11,18,CT,1,2.99
3272623209,140,51,5106,103100030,9626,2012-10-26,10.1,OZ,1,2.2
3272623209,140,4,416,107208474,364,2012-11-08,1.76,OZ,2,3
3272623209,140,40,4001,101111010,9907,2013-03-04,60,OZ,1,2.09
3272626925,140,9,907,104157343,28064,2013-05-05,16,OZ,1,2.5
3272627234,140,72,7205,103500030,3830,2012-08-17,6.4,OZ,1,1.99
3272627234,140,63,6305,101111010,9907,2012-10-30,64,OZ,1,1.99
3272627456,140,33,3303,102840020,10241,2013-06-03,13.25,OZ,1,4.48
3272627456,140,4,418,104000040,26517,2013-06-30,19.2,OZ,2,6.98
3272628709,140,56,5619,102100020,19279,2013-01-13,32,OZ,1,5.99
3272629863,140,25,2504,105000050,3001,2012-11-18,12,OZ,2,2.5
3272630460,140,32,3202,101111010,9907,2013-01-02,32,OZ,1,3.09
3272630460,140,36,3631,101111010,1814,2013-01-27,67.6,OZ,1,0.78
3272630460,140,56,5621,101111010,9907,2013-04-20,16,OZ,1,4.69
3272631771,140,28,2805,101111010,9907,2012-05-26,2.25,OZ,6,7.14
3272631771,140,58,5835,101111010,9907,2012-06-02,16,OZ,1,2.49
3272631771,140,63,6315,101570010,11414,2012-07-14,128,OZ,1,3.09
3272631771,140,56,5616,101111010,9907,2012-10-13,6,OZ,2,3.58
3272631771,140,3,310,107045070,4913,2012-10-27,16,OZ,1,5.99
3272631771,140,56,5620,101111010,9907,2013-03-02,32,OZ,1,7.49
3272631771,140,9,907,101111010,9907,2013-04-27,16,OZ,1,0.88
3272634702,140,9,902,101111010,9907,2012-05-06,15,OZ,1,2.39
3272634702,140,9,906,104300040,16249,2012-10-08,6,OZ,1,2.99
3272636009,140,5,501,101600010,3331,2012-03-10,17,OZ,1,5.49
3272636009,140,33,3303,102840020,10241,2012-10-08,10,OZ,1,2
3272636879,140,63,6315,101111010,12028,2013-03-26,128,OZ,1,0
3272637517,140,99,9908,101111010,9907,2012-04-14,16,OZ,1,1.49
3272637517,140,97,9799,1079590272,7848,2013-02-10,1,CT,1,2
3272638169,140,10,1007,101111010,9907,2012-05-16,0.3,OZ,2,0.88
3272638169,140,29,2928,104100040,9814,2012-09-26,5.7,OZ,1,1
3272638169,140,8,810,101111010,9907,2013-01-21,0.81,OZ,1,1.49
3272638169,140,58,5812,105450050,1322,2013-06-08,16,OZ,1,4.99
3272639015,140,56,5620,101111010,9907,2012-05-14,8,OZ,1,1.29
3272639015,140,9,901,103010030,16825,2012-08-03,15,OZ,1,1.99
3272639015,140,25,2506,104127141,26189,2012-12-01,32,OZ,1,2.79
3272639015,140,63,6328,101111010,9907,2012-12-20,24,OZ,1,2.5
3272639015,140,21,2105,105200050,7054,2012-12-21,160,OZ,1,5.99
3272640178,140,58,5814,104470040,10837,2012-09-23,8.9,OZ,1,2.99
3272640178,140,9,911,101111010,9907,2012-10-19,1.75,OZ,1,1.79
3272640178,140,5,520,103000030,14760,2013-01-13,42,OZ,1,5.79
3272641419,2,95,9518,1064541666,25075,2012-04-27,1,CT,1,2.99
3272641419,2,63,6317,102529323,16410,2012-08-25,64,OZ,1,3.29
3272644255,191,63,6314,101111010,6678,2012-03-04,16,OZ,1,1.25
3272644255,191,4,416,103400030,8247,2012-03-30,1.45,OZ,1,0.65
3272644255,191,0,0,10000,0,2013-01-03,0,,3,0
3272644725,191,41,4107,101119414,27268,2012-04-13,14.5,OZ,2,3.26
3272644725,191,67,6708,1074677575,6388,2012-08-11,1,CT,1,19.99
3272644725,191,8,836,10100010,9907,2013-06-14,32,OZ,1,1.93
3272646089,191,56,5621,101111010,9907,2013-04-02,16,OZ,1,2.25
3272651036,26,96,9609,1052529353,88199,2012-10-18,0,,4,-2.2
3272651036,26,64,6401,108378383,16392,2012-11-13,72,OZ,1,8.49
3272651036,26,17,1726,101111010,5981,2012-12-03,35,CT,1,1.89
3272651043,26,96,9609,1053700050,88199,2012-08-14,0,,1,-0.5
3272651934,143,63,6320,101111010,9907,2012-12-23,12,CT,1,1.79
3272655942,126,99,9908,101111010,9907,2012-06-02,16,OZ,2,6.73
3272655942,126,63,6323,104410040,8481,2012-11-06,32,OZ,1,2.85
3272655942,126,63,6315,101111010,9907,2012-12-22,128,OZ,1,2.78
3272655942,126,8,818,101111010,9907,2013-01-15,24,OZ,1,1.12
3272662365,151,71,7113,107940070,17521,2012-09-30,12.6,OZ,2,2.98
3272663417,126,96,9609,1051800050,88199,2012-10-08,0,,1,-0.5
3272663417,126,36,3632,107800070,8019,2012-12-23,144,OZ,2,8
3272663692,89,0,0,10000,0,2012-07-13,0,,1,0
3272663692,89,99,9908,101111010,9907,2013-01-01,80,OZ,1,2.99
3272663692,89,51,5125,101380010,10271,2013-03-08,6.38,OZ,1,2.97
3272663908,89,56,5607,101111010,9907,2012-09-26,8,OZ,2,2
3272663908,89,96,9632,107675070,18020,2013-04-07,1,CT,1,25
3272663908,89,1,104,101500010,29555,2013-04-14,32,OZ,2,4.24
3272665168,126,0,0,10000,0,2012-07-09,0,,1,0
3272665168,126,41,4107,102400020,4704,2013-03-03,14.5,OZ,2,2
3272671188,211,45,4517,107590171,59594,2012-06-30,24,OZ,1,7.19
3272671188,211,31,3110,101111010,9907,2012-09-15,3,OZ,1,2.19
3272671188,211,63,6320,101111010,9907,2012-09-21,12,CT,1,1.75
3272671188,211,9,902,104400040,19783,2013-06-14,8.5,OZ,1,2.5
3272675148,431,37,3703,101111010,9907,2012-05-18,10.5,OZ,1,0.65
3272675148,431,0,0,10000,0,2012-07-02,0,,2,0
3272681024,63,56,5620,104610040,15889,2013-03-16,8,OZ,4,10
3272685407,12,4,416,103400030,2689,2013-06-15,3.5,OZ,3,4
3272687644,140,31,3101,1074311474,17021,2012-10-24,5.25,OZ,1,3.79
3272687644,140,47,4701,101111010,9907,2013-01-10,12,OZ,1,1.5
3272688048,2,69,6901,101204414,13056,2012-11-17,2.25,OZ,1,2.99
3272688497,2,58,5824,104450040,8318,2013-03-13,13,OZ,1,2.5
3272691504,140,16,1604,102200020,6021,2012-05-14,15,CT,2,1.38
3272691595,140,81,8102,107310070,4051,2012-03-26,0.82,OZ,1,3.09
3272691595,140,9,907,101111010,9907,2013-02-10,12,OZ,1,0.99
3272692395,140,63,6320,101111010,16706,2012-09-22,12,CT,1,1.79
3272693182,140,36,3611,101111010,9907,2012-06-23,101.4,OZ,1,1.89
3272693182,140,36,3634,101111010,9907,2012-09-30,20,OZ,5,2.5
3272693575,140,30,3007,107146474,2142,2012-05-25,14,OZ,1,3.49
3272693575,140,9,970,101111010,9907,2012-08-24,22,OZ,1,2.07
3272693575,140,7,708,102550020,6550,2012-12-29,10,OZ,1,4.99
3272694751,140,9,901,104400040,13243,2012-06-05,11.3,OZ,1,3.19
3272695056,140,96,9609,1050815151,88199,2012-06-02,0,,1,-1
3272695056,140,29,2914,102100020,9886,2012-08-14,1.9,OZ,2,2.58
3272695056,140,0,0,10000,0,2012-10-10,0,,1,0
3272695056,140,63,6315,101111010,16706,2012-10-27,128,OZ,1,3.49
3272695056,140,0,0,10000,20405,2012-11-21,0,,1,-0.75
3272695056,140,73,7302,1030006737,5995,2012-12-08,24,CT,2,6.78
3272695056,140,35,3509,102420020,14716,2013-02-08,75,OZ,1,3.99
3272697315,2,0,0,10000,0,2012-11-03,0,,1,2.5
3272697315,2,5,504,101405414,12973,2013-03-19,2,OZ,3,3
3272699234,140,9,907,101111010,16706,2012-05-22,20,OZ,2,2.98
3272699234,140,36,3611,101111010,9907,2012-10-20,540.8,OZ,1,3.89
3272699234,140,26,2628,101111010,9907,2013-03-31,1,RL,2,2
3272699534,140,36,3638,1073951070,16807,2012-07-28,20,OZ,1,0.88
3272699534,140,99,9909,101111010,85048,2013-05-10,5,OZ,1,2.99
3272700663,140,9,901,104400040,43492,2012-04-12,4.86,OZ,1,3.49
3272700663,140,25,2509,107140676,22044,2013-01-17,16,OZ,1,1.79
3272700884,140,37,3703,105100050,2820,2012-03-19,10.75,OZ,6,8.38
3272700884,140,9,907,107159373,21436,2013-01-10,24,OZ,1,4.19
3272700971,140,51,5123,101380010,27474,2013-01-20,96,OZ,1,9.99
3272701016,140,37,3707,101111010,9907,2012-06-10,14,OZ,4,2.76
3272701016,140,58,5823,101111010,9907,2012-06-25,9,OZ,2,7.38
3272701016,140,9,907,1078142171,21825,2013-01-26,11.5,OZ,1,1.5
3272701016,140,73,7356,104126040,9907,2013-04-14,30,CT,1,4.49
3272701258,140,6,606,105000050,3001,2012-03-17,12.6,OZ,1,5.99
3272701258,140,73,7302,101111010,9907,2012-03-28,500,CT,1,7.47
3272701258,140,72,7205,103500030,3830,2012-05-13,7.8,OZ,1,3.29
3272701258,140,8,818,103620030,14868,2012-08-16,24,OZ,1,1.75
3272701258,140,2,202,101111010,9907,2012-08-16,19.8,OZ,1,1.79
3272702993,140,9,901,101111010,9907,2012-05-15,11,OZ,1,1.49
3272703399,140,32,3202,101111010,9907,2012-10-28,48,OZ,1,2.58
3272703399,140,97,9748,1067212565,25112,2013-06-13,4,CT,1,0.75
3272704087,140,51,5124,107100777,5656,2012-06-02,32,OZ,1,2.5
3272725286,215,56,5616,104610040,15889,2012-04-21,8,OZ,1,2.99
3272749103,96,4,427,10980090,18366,2012-10-21,1,OZ,2,2
3272749103,96,57,5707,107047070,20230,2013-02-09,18,OZ,3,8.97
3272749214,96,99,9904,105410757,33170,2013-01-31,48,OZ,1,3.99
3272749832,96,5,516,102190828,3073,2012-10-31,6.24,OZ,1,2
3272750181,96,36,3601,104900040,3809,2013-01-14,12,OZ,1,1.19
3272752046,96,51,5125,101380010,10271,2013-03-02,9.5,OZ,1,2.5
3272752049,96,56,5607,102100020,13967,2012-07-07,8,OZ,1,2.5
3272752554,96,9,907,107131979,16021,2012-06-29,20,OZ,1,2.89
3272752554,96,99,9909,107127979,6732,2013-01-18,10,OZ,1,3
3272758038,214,10,1011,104300040,26232,2012-09-17,6.7,OZ,1,1.5
3272758038,214,9,907,104122040,23511,2012-11-11,8.25,OZ,1,1.68
3272758038,214,56,5614,102100020,9886,2013-03-18,24,OZ,1,5.98
3272758038,214,99,9908,103338333,33170,2013-03-25,16,OZ,1,1.38
3272774678,214,13,1302,1065920161,64239,2012-04-30,18,OZ,1,3.89
3272774678,214,0,0,10000,0,2013-04-15,0,,1,-1
3272791358,214,54,5401,104122040,23511,2012-06-06,12,OZ,1,2.48
3272805971,214,29,2907,104122040,23511,2013-02-19,14,OZ,1,1.5
3272816186,214,64,6409,103125939,20202,2012-11-24,0.75,LT,4,-3
3272829349,214,58,5837,102370020,18969,2012-06-11,2.2,OZ,1,2.78
3272849469,206,56,5611,107495272,15638,2012-12-15,12,OZ,1,3.99
3272866964,46,4,419,1074759979,7168,2012-11-24,3.5,OZ,1,2
3272914230,46,31,3111,104150040,6714,2012-09-10,2.8,OZ,1,1.99
3272914230,46,33,3307,104157040,2017,2013-03-11,16,OZ,2,14.98
3272921179,46,33,3305,1076023676,11473,2012-05-09,9,OZ,1,2.5
3272921179,46,97,9732,107166272,4239,2012-08-29,24,CT,1,0.5
3272937750,46,9,908,104125040,11473,2012-09-15,94,OZ,1,31.99
3272937750,46,4,419,1074759979,7168,2012-12-15,5.32,OZ,1,3
3272937750,46,29,2914,101356212,713,2013-02-02,10.75,OZ,1,4.79
3272941729,46,6,610,1089100888,8640,2012-04-13,15.5,OZ,2,3
3272952847,46,56,5609,104125040,11473,2012-06-13,16,OZ,1,1.79
3272952847,46,51,5116,107192171,25673,2012-07-04,30.3,OZ,1,5.48
3272952847,46,34,3406,101111111,73313,2012-09-27,32,OZ,1,5.09
3272952847,46,63,6315,104125040,11473,2013-02-17,32,OZ,1,1.59
3272952847,46,36,3601,104900040,3809,2013-03-15,20,OZ,1,1.69
3273007948,17,50,5002,103100030,1358,2012-09-25,7,OZ,3,3.27
3273007948,17,63,6315,102113020,10786,2012-12-01,64,OZ,1,0.79
3273007948,17,51,5122,107527878,6625,2013-01-18,42.72,OZ,1,6.99
3273041093,17,39,3903,1064420969,74550,2012-10-25,24,OZ,1,3.99
3273041823,17,9,907,107130171,17614,2013-01-28,22,OZ,1,3.29
3273046174,14,63,6305,102500020,16489,2012-09-15,89,OZ,1,6.49
3273046174,14,9,902,104400040,19783,2013-05-11,8.1,OZ,1,3.69
3273665621,42,29,2905,106414464,3342,2012-03-09,31.85,OZ,1,3.59
3273665621,42,74,7407,104740040,7196,2013-03-01,3,CT,1,9.49
3273666835,42,9,922,102430020,10577,2012-04-06,31.78,OZ,1,3.99
3273666835,42,97,9753,1020478222,0,2012-07-02,1,CT,1,7.48
3273667162,42,37,3706,104119646,14582,2012-03-05,18.5,OZ,4,8.76
3274083320,285,33,3303,102840020,15598,2012-03-07,9,OZ,1,1.98
3274083447,285,14,1404,1089000080,11289,2012-05-10,12.8,OZ,2,5.18
3274083447,285,9,907,107371171,34753,2012-10-28,13,OZ,1,3.28
3274084451,293,33,3307,101115010,15530,2012-04-11,12,OZ,1,4.52
3274084451,293,58,5814,104470040,10837,2012-08-24,13.2,OZ,1,3
3274084451,293,30,3007,107020070,11244,2012-10-11,15,OZ,1,3.99
3274084451,293,58,5815,101115010,15530,2012-12-31,8,OZ,1,2.99
3274104072,224,57,5705,103663232,4568,2012-07-29,6,OZ,2,1.2
3274104072,224,5,501,1088491282,19549,2013-03-17,11.5,OZ,1,3.79
3274237821,306,99,9908,1060580666,7655,2012-04-02,80,OZ,1,2.49
3274251392,377,71,7107,1030815131,3609,2012-06-15,1,CT,1,7.99
3274364365,507,55,5552,108523989,11176,2012-11-09,48,OZ,1,2.2
3274364365,507,9,908,108523989,11176,2012-11-27,16,OZ,1,3.11
3274401998,507,72,7205,105310050,804,2012-04-01,4.6,OZ,1,1.98
3274415739,508,71,7114,1060559262,12610,2012-09-29,10,OZ,1,8.38
3274415739,508,58,5823,104470040,13310,2012-11-02,7,OZ,1,3.09
3274437801,508,9,908,107203070,5812,2013-05-05,8.25,OZ,2,5.28
3274438192,508,11,1112,102898929,26666,2012-04-07,9.5,OZ,1,3.69
3274438192,508,97,9753,1022031929,0,2012-06-04,1,CT,2,5.5
3274438192,508,32,3202,107505070,8546,2012-08-12,5,OZ,1,5.29
3274457673,508,1,106,101500010,29555,2012-05-18,4.23,OZ,1,1.6
3274476015,509,97,9753,101467111,0,2012-04-19,1,CT,1,19.99
3274478776,509,97,9762,102638828,19917,2012-11-04,1,CT,1,18.83
3274478776,509,9,902,101410010,45039,2013-02-28,6.6,OZ,1,2.09
3274488795,510,10,1013,102400020,4704,2013-05-22,16,OZ,1,2.82
3274491772,510,26,2622,101370010,8154,2013-01-17,50,CT,1,3.5
3274520450,510,97,9753,10978145393,0,2012-04-28,1,CT,1,1
3274520680,510,97,9760,103867535,16024,2012-03-21,1,CT,1,10.49
3274520680,510,51,5125,107265575,8089,2012-05-22,10,OZ,2,5.06
3274639723,507,18,1828,103700030,6236,2012-11-11,1,OZ,1,4.72
3274679699,508,97,9753,1049238040,0,2012-07-12,1,CT,1,18.89
3274679699,508,18,1842,102120020,16044,2013-02-10,1,CT,1,3.24
3274693360,508,8,818,108523989,11176,2012-09-03,24,OZ,1,1.39
3274702031,508,55,5556,104154848,5603,2013-02-19,48,OZ,1,3.54
3274750782,508,97,9753,1063468060,0,2013-01-17,1,CT,1,2.59
3274750960,508,58,5824,107778272,9260,2013-04-13,13.5,OZ,1,2.79
3274766340,510,18,1854,1081275181,34064,2012-07-14,3,CT,1,1
3274798661,507,9,922,101600010,6283,2012-12-26,5.34,OZ,1,3.08
3274807756,509,63,6330,108523989,11176,2012-07-18,32,OZ,1,4.04
3274807756,509,97,9753,1049054040,0,2012-08-31,1,CT,2,15.4
3274807756,509,9,907,107313070,13291,2012-12-18,21,OZ,1,3.89
3274807756,509,97,9753,1021222222,0,2013-01-23,1,CT,1,7.67
3274807756,509,99,9909,107127979,6732,2013-02-17,6,OZ,1,2.94
3274829980,508,26,2632,1030813737,9259,2013-02-02,25,CT,1,1.95
3274869720,31,27,2702,101780010,95301,2012-09-11,16.5,LB,1,23.99
3274916676,21,8,807,102100020,9886,2012-05-13,17.5,OZ,1,1.25
3274916676,21,63,6316,102100020,2321,2012-11-11,16,OZ,2,2.48
3274916676,21,53,5305,102000020,7655,2012-12-09,10,OZ,3,4.35
3274917257,21,5,501,103800030,6790,2012-08-21,8.7,OZ,1,3.39
3274917257,21,59,5905,102900020,6455,2012-11-08,16,OZ,1,1.5
3274918215,21,36,3630,107800070,5208,2012-11-06,20,OZ,1,1.79
3274918242,21,33,3302,102819020,26252,2013-03-30,4.8,OZ,2,5.58
3274918595,21,99,9909,107127979,6732,2012-08-21,6.5,OZ,1,3.49
3274923198,100,33,3310,102840020,12188,2012-03-22,4.75,OZ,1,2
3274923198,100,9,904,104130343,38922,2012-08-13,5,OZ,1,1.49
3274923198,100,9,908,104114444,365,2012-09-09,12,OZ,1,3.99
3274925025,240,62,6202,102484222,2542,2012-03-04,9,OZ,1,4.29
3274925025,240,9,904,104130343,38922,2013-01-21,5,OZ,1,1
3274926295,104,28,2803,107546272,48702,2012-08-18,8,OZ,1,2
3274926295,104,75,7501,104116747,7354,2013-02-02,7.1,OZ,1,7.99
3274951116,101,99,9908,1068826767,7173,2012-05-20,8,OZ,1,1.99
3274951116,101,25,2505,105000050,32115,2012-05-20,32,OZ,1,2.99
3274951116,101,58,5837,104470040,13310,2013-01-11,2.52,OZ,1,3.5
3274951413,101,36,3631,107800070,23209,2012-10-27,101.4,OZ,2,5.98
3274952415,77,21,2118,108079383,6926,2012-05-13,16.9,OZ,1,1.59
3274952415,77,18,1837,1085609181,21696,2012-10-17,14,OZ,1,5.29
3274952415,77,10,1012,102700020,23332,2012-10-27,13,OZ,2,2
3274960901,64,8,818,105100050,14403,2012-06-13,24,OZ,3,5
3275000723,70,0,0,10000,20405,2012-05-29,0,,1,-0.49
3275013280,70,63,6320,1072543979,40679,2012-12-14,12,CT,1,1.69
3275013280,70,33,3303,104178040,19154,2012-12-28,9.5,OZ,1,2.5
3275034186,165,97,9781,10000,8255,2012-11-20,1,CT,1,-1.05
3275034793,165,97,9781,10000,8255,2012-12-28,1,CT,1,-1.05
3275035677,165,56,5609,102100020,2321,2012-08-05,24,OZ,1,3.69
3275035677,165,36,3635,107252171,19411,2012-12-09,33.8,OZ,7,2.97
3275035677,165,35,3508,107261373,19976,2013-01-27,50,OZ,1,3.99
3275046423,211,40,4004,104100040,10522,2012-08-31,3.75,OZ,1,2.79
3275049417,98,55,5556,104154848,5603,2012-07-24,48,OZ,1,2.99
3275052807,151,96,9609,1057800050,88199,2012-04-24,0,,1,-1.25
3275053086,98,63,6305,101630010,6509,2013-02-09,59,OZ,1,2.5
3275055997,98,8,801,102700020,8612,2013-03-10,35,OZ,1,2.25
3275059051,126,5,501,101111010,9907,2012-11-06,14.5,OZ,2,3.96
3275060476,98,41,4121,101111010,9907,2012-05-07,8,OZ,2,0.67
3275062693,58,92,9210,106197262,4197,2012-03-03,0.12,OZ,1,4.19
3275062693,58,38,3801,101111010,9907,2012-10-19,5,LB,1,3.39
3275066544,12,29,2925,107440171,66788,2012-06-04,21,OZ,1,7.09
3275066544,12,26,2634,103600030,4139,2013-02-23,12,RL,1,5.69
3275068690,12,51,5128,1071785474,11614,2012-12-02,8.5,OZ,1,1
3275078255,63,19,1908,105150050,9189,2012-09-19,18,OZ,1,3.07
3275080142,191,0,0,10000,0,2012-11-21,0,,2,0
3275086000,140,63,6315,101111010,12028,2013-01-17,128,OZ,1,2.99
3275086000,140,9,914,104157343,16706,2013-06-23,12,OZ,1,2.99
3275091185,140,64,6401,107199070,4043,2012-07-19,72,OZ,1,7.49
3275091185,140,58,5830,107010070,9243,2013-05-01,16,OZ,1,4.99
3275094757,191,0,0,10000,0,2012-07-02,0,,1,0
3275094757,191,16,1604,102200020,13228,2012-07-09,14,CT,2,2
3275094757,191,4,421,107046272,16934,2012-08-12,7.2,OZ,5,5
3275094757,191,33,3303,102840020,10241,2013-03-17,9.5,OZ,1,2
3275114373,96,28,2804,103003434,7175,2013-01-14,16,OZ,1,2
3275114835,96,8,818,103620030,14868,2012-06-30,24,OZ,1,2
3275116230,96,71,7107,1030815131,3609,2013-02-21,1,CT,1,7.99
3275136656,214,1,106,1084667585,14157,2012-12-16,3.17,OZ,4,4.88
3275142877,214,57,5704,105676252,5760,2012-08-19,6,OZ,5,6.25
3275147224,214,4,418,1087982686,26536,2012-06-21,16,OZ,1,2.99
3275150073,214,26,2617,104122040,23511,2012-04-25,1,CT,1,2.74
3275156498,214,58,5835,107790070,9200,2013-04-13,16,OZ,1,2.98
3275156498,214,57,5709,103663232,4568,2013-05-26,24.8,OZ,1,3.96
3275196204,46,26,2622,102570020,20361,2012-07-22,40,CT,1,3.67
3275196204,46,97,9709,107978474,90578,2012-09-03,1,CT,1,0.17
3275196204,46,27,2712,1070882070,11473,2012-11-01,11,OZ,2,1.67
3275196204,46,23,2301,107680878,1393,2013-02-17,16,OZ,2,2
3275197064,46,0,0,10000,0,2012-09-18,0,,24,281.22
3275197064,46,9,907,107131474,1061,2012-12-21,24,OZ,1,2.59
3275197064,46,79,7901,107447070,27924,2013-01-11,1,CT,1,6.99
3275208338,46,35,3509,103320030,875,2012-04-29,150,OZ,1,7.49
3275208338,46,9,922,104125040,11473,2013-01-05,10,OZ,2,5.98
3275221065,46,72,7203,103700030,4294,2013-03-12,32,OZ,1,7.25
3275223660,46,96,9609,1053700050,88199,2012-06-06,0,,2,-0.5
3275261344,88,63,6315,107989373,30626,2012-03-06,128,OZ,2,3.14
3275261344,88,63,6315,107989373,30626,2012-05-21,128,OZ,2,3.14
3275261344,88,63,6315,107989373,30626,2013-01-17,128,OZ,2,3.34
3275279140,95,38,3802,101580010,2649,2012-12-13,2,LB,1,1.39
3275279140,95,4,411,101130010,2272,2013-02-19,7,OZ,1,2.5
3275279140,95,33,3301,107989373,12908,2013-04-06,5,OZ,1,2.69
3275559995,42,8,805,102100020,3337,2012-08-09,15,OZ,1,3.79
3275559995,42,9,907,1068833969,6434,2013-02-27,10.2,OZ,1,3.99
3275560542,42,9,907,107130575,11013,2012-08-14,20,OZ,2,7.58
3275560542,42,51,5127,105100050,8605,2013-03-20,16,OZ,4,13.16
3275560795,42,10,1010,1060069969,55864,2012-07-09,13,OZ,1,2.49
3275560795,42,9,902,104400040,15335,2012-07-09,14.2,OZ,1,3.99
3275560795,42,43,4302,104300040,4030,2012-10-05,8,OZ,1,1.59
3275560795,42,10,1010,1060069969,55864,2012-10-28,13,OZ,1,2.49
3275662916,402,35,3509,109451494,20153,2013-03-30,175,OZ,1,7.29
3275765779,293,99,9904,103338333,33170,2012-03-17,64,OZ,1,3.49
3275765779,293,64,6408,101834111,1387,2012-09-29,0.75,LT,1,5.49
3275766003,285,12,1206,104800040,38150,2012-11-04,3,OZ,1,1.85
3275766003,285,26,2622,102570020,20361,2012-11-18,20,CT,1,2.77
3275879859,507,9,903,104119646,14582,2012-04-09,15,OZ,1,1.73
3275879859,507,9,916,104400040,19783,2012-12-03,5.5,OZ,1,2.51
3275963418,507,97,9748,107166272,4239,2012-08-18,24,CT,1,3.13
3275982926,507,97,9731,1074677575,28127,2013-06-01,1,CT,1,15.74
3276003752,507,8,821,104139040,9659,2012-07-18,15,OZ,1,2.44
3276044651,508,57,5707,103663232,4568,2012-03-12,37.2,OZ,1,4.92
3276044651,508,55,5558,108523989,11176,2012-06-24,30,OZ,2,4.08
3276044651,508,37,3707,105100050,17812,2013-04-25,32,OZ,2,4.18
3276125754,510,97,9753,1020801121,0,2012-06-23,1,CT,6,1.44
3276135079,510,97,9753,1049214040,0,2012-04-14,1,CT,4,44.95
3276209996,31,35,3509,103320030,875,2013-03-01,62.5,OZ,1,4.94
3276226434,16,63,6316,107148171,6765,2012-07-23,16,OZ,1,2.75
3276239595,21,50,5002,103100030,1358,2013-02-25,7,OZ,6,5.22
3276239846,21,36,3635,107169878,225,2013-04-05,33.8,OZ,1,0.4
3276263606,101,17,1703,101980010,19934,2012-03-26,26,OZ,1,2.5
3276264607,101,14,1404,1068826767,12475,2012-09-20,16,OZ,2,3.98
3276264607,101,15,1504,107570070,5072,2012-09-20,18,OZ,1,4.49
3276264607,101,57,5710,1089470080,21065,2013-03-18,5.3,OZ,4,4
3276281934,70,26,2630,1072543979,40679,2012-09-04,85,CT,1,1.39
3276281934,70,58,5812,105450050,1322,2013-04-05,16,OZ,1,3.99
3276284271,68,18,1802,104613545,17898,2012-04-22,4,CT,1,2.49
3276284271,68,59,5902,1072543979,40679,2012-05-12,8,OZ,1,2.19
3276293319,70,29,2903,105100050,2820,2012-04-18,15,OZ,1,1
3276293319,70,36,3601,101200010,13794,2012-11-17,20,OZ,1,1.69
3276294833,65,25,2503,1072543979,40679,2012-04-11,35.3,OZ,1,2.89
3276294833,65,26,2628,1072543979,40679,2012-05-03,3,RL,1,1.63
3276294833,65,24,2415,101700010,885,2013-02-01,3,OZ,4,1.22
3276294833,65,27,2704,107910070,27108,2013-02-19,5.6,OZ,1,3.89
3276316675,64,64,6401,107089777,6627,2012-07-26,25.4,OZ,2,3.98
3276361149,431,18,1890,105209252,43069,2013-03-12,3,CT,1,1
3276361564,126,0,0,10000,0,2013-05-01,0,,1,0
3276363326,98,51,5125,102580020,16668,2013-01-07,9.5,OZ,1,1.78
3276381076,140,97,9753,10000,0,2012-07-13,1,CT,1,1.19
3276381076,140,41,4105,106414464,70939,2013-04-01,10,OZ,1,1.04
3276381076,140,55,5552,101111010,9907,2013-07-19,48,OZ,1,2.1
3276382774,140,96,9609,1057047050,88199,2012-08-25,0,,1,-2
3276382774,140,9,907,104500040,20016,2012-09-01,20,OZ,4,10
3276382774,140,56,5616,104610040,15889,2013-03-16,6.67,OZ,1,3.49
3276386757,140,82,8201,101111010,20588,2012-06-01,1,CT,1,9.99
3276386757,140,51,5127,103100030,1358,2012-10-02,10,OZ,1,1
3276393653,63,60,6011,101800010,14029,2012-03-25,10.2,OZ,1,1.99
3276393653,63,9,907,107313070,13291,2012-03-25,24,OZ,1,4.99
3276393653,63,97,9799,1079500878,33170,2012-10-28,1,CT,2,39.98
3276393653,63,56,5617,102100020,9886,2013-02-06,8,OZ,1,3.86
3276413405,96,96,9609,1053700050,88199,2012-11-25,0,,2,-2
3276413405,96,0,0,10000,0,2012-12-20,0,,1,0
3276413405,96,63,6315,103003434,7175,2013-02-11,128,OZ,1,3.51
3276413817,96,26,2614,1030800434,17323,2012-11-23,36,CT,1,5.99
3276413817,96,5,501,1088491282,8459,2013-01-10,14.5,OZ,1,3.49
3276433370,214,99,9908,105783656,17665,2012-06-07,17.6,OZ,1,3.98
3276433370,214,33,3307,101411313,23033,2012-06-13,8,OZ,2,7.54
3276433370,214,13,1302,104146040,14062,2013-04-11,80,OZ,1,2.04
3276484224,46,69,6901,107940070,1141,2012-06-07,4,OZ,1,3.69
3276547867,18,33,3309,107373171,11786,2013-01-21,13,OZ,1,3.79
3276840600,233,10,1013,103890030,5072,2012-11-13,16,OZ,2,4.5
3276840600,233,9,920,104400040,8463,2012-12-30,7.04,OZ,1,3.49
3277139204,507,34,3411,101700010,4912,2013-02-05,21,OZ,1,4.79
3277160674,507,26,2613,103700030,13481,2012-11-10,31,CT,2,19.93
3277160674,507,97,9753,1049061040,0,2013-01-03,1,CT,2,2.2
3277163986,507,97,9709,104310040,11411,2012-07-22,1,CT,1,4.17
3277163986,507,41,4106,107047575,7217,2013-05-31,4,OZ,1,0.83
3277174802,507,29,2908,104430040,15487,2012-03-17,16,OZ,1,1.14
3277174802,507,33,3318,107797575,27417,2012-12-04,16,OZ,1,3.24
3277221492,508,97,9753,1049061040,0,2012-06-16,1,CT,1,10
3277221492,508,31,3101,1060502161,12114,2013-03-10,2.5,OZ,1,2.54
3277293279,510,97,9753,1020801121,0,2012-07-30,1,CT,4,0.96
3277293279,510,97,9799,107314979,17357,2013-03-20,5,CT,1,5.99
3277347467,31,9,922,1076006474,35421,2012-03-17,22.5,OZ,1,3.99
3277383270,85,51,5117,104280040,18599,2012-08-06,10.8,OZ,1,1.25
3277387168,21,30,3001,104800141,8178,2012-05-23,22,OZ,1,4.59
3277387168,21,55,5552,107064070,2014,2012-09-12,56,OZ,1,3.29
3277387168,21,96,9609,1053700050,88199,2012-09-26,0,,1,-2
3277440412,70,9,903,103582636,6564,2012-11-17,15,OZ,1,1.38
3277457857,64,51,5115,101960010,3174,2012-11-09,5.5,OZ,1,0.99
3277457857,64,8,801,1072543979,40679,2012-12-14,24,OZ,1,0.99
3277461983,68,26,2634,103700030,3293,2013-01-10,6,RL,1,6.99
3277471245,64,64,6406,108500080,673,2013-01-27,0.75,LT,1,6.99
3277480981,165,18,1890,105209252,43069,2012-11-20,2,CT,2,3.66
3277481441,165,29,2906,104178949,11224,2012-09-13,4.11,OZ,1,1.19
3277481441,165,32,3204,104173646,6305,2013-02-26,25.3,OZ,1,5.14
3277481441,165,72,7214,101254616,18738,2013-04-06,16,CT,2,2.5
3277481441,165,9,902,104400040,18775,2013-04-25,9,OZ,2,6.3
3277482489,165,9,907,1078142171,21825,2012-12-22,16,OZ,1,4.99
3277482578,165,36,3611,108265787,4687,2012-09-16,64,OZ,1,3
3277484901,26,58,5824,101111010,9907,2013-02-02,18,OZ,2,5.98
3277485248,26,2,202,105150050,14029,2012-04-04,12.35,OZ,1,2.89
3277485248,26,97,9744,107170979,1128,2012-04-22,0.78,OZ,1,1.49
3277485248,26,33,3303,102840020,10241,2012-05-11,10,OZ,1,2.5
3277485248,26,8,810,101111010,9907,2012-06-28,1,OZ,2,1.38
3277485248,26,8,814,101111010,9907,2012-11-17,26,OZ,1,2.69
3277485248,26,99,9904,105410757,33170,2012-11-17,48,OZ,1,4.88
3277486954,143,59,5902,101111010,9907,2013-03-22,16,OZ,1,2.29
3277490268,133,63,6320,101111010,4962,2013-02-08,12,CT,2,3.66
3277491991,133,21,2117,101111010,9907,2012-05-04,60,OZ,1,1.49
3277491991,133,63,6318,1071947171,86664,2012-05-14,54.5,OZ,1,4.99
3277501511,98,10,1011,104300040,26232,2012-06-13,19.5,OZ,1,3.04
3277501511,98,63,6305,101111010,9907,2012-10-06,64,OZ,1,1.99
3277501511,98,73,7357,104126040,9907,2013-01-02,120,CT,2,4.99
3277507822,151,26,2634,104200040,14813,2012-06-09,18,RL,1,9.99
3277507822,151,35,3508,107261373,19976,2012-07-14,50,OZ,1,4.49
3277507822,151,58,5833,101111010,20588,2013-04-28,32,OZ,1,7.98
3277507922,151,53,5305,101111010,9907,2013-01-18,9,OZ,2,2
3277507922,151,56,5621,101111010,9907,2013-03-31,8,OZ,1,1.99
3277507922,151,51,5129,101450010,20864,2013-06-20,21,OZ,2,8.58
3277513808,140,36,3636,104300040,4371,2012-10-07,169,OZ,1,3.99
3277513808,140,41,4108,107227373,27268,2013-02-03,15,OZ,2,2.18
3277515219,12,36,3632,101111010,1814,2013-04-21,144,OZ,1,2.58
3277519014,140,4,416,102800020,2631,2012-06-30,2.1,OZ,1,0.89
3277519696,140,45,4511,107590171,6195,2012-03-14,34,OZ,1,6.99
3277519696,140,63,6315,101111010,12028,2012-12-01,128,OZ,1,2.69
3277519696,140,4,405,101111010,9907,2013-03-18,16,OZ,1,1.69
3277519696,140,36,3612,101111010,9907,2013-05-04,128,OZ,2,1.78
3277521016,140,96,9609,1054400050,88199,2012-09-11,0,,1,-1
3277521016,140,23,2301,102680020,565,2012-09-11,16,OZ,1,1.38
3277525993,140,36,3634,1078616272,7237,2012-08-02,20,OZ,5,5
3277526251,140,25,2503,104127141,26189,2013-02-04,10.5,OZ,1,3.49
3277528970,140,33,3305,102840020,15870,2012-10-21,11,OZ,2,3.76
3277529057,140,57,5705,103663232,4568,2012-05-04,16,OZ,1,2.18
3277529057,140,37,3703,105100050,2820,2012-05-31,10.75,OZ,2,1.76
3277529057,140,56,5616,107495878,62344,2013-05-03,6,OZ,1,2.69
3277552860,96,63,6305,104850040,18799,2012-05-19,59,OZ,1,3.99
3277552860,96,0,0,10000,0,2013-06-29,0,,1,0
3277675037,4,41,4108,1088439585,27519,2013-01-31,40,OZ,1,1.99
3277680629,15,12,1205,108660080,2559,2012-06-14,5,OZ,2,0.79
3277680629,15,9,917,104856444,7755,2012-08-31,22.5,OZ,1,2.99
3277680629,15,9,917,104856444,7755,2013-05-09,35,OZ,1,4.99
3278178890,109,9,908,104500040,8511,2012-09-27,3.75,OZ,1,0.99
3278267704,507,97,9753,102241525,0,2013-02-13,1,CT,1,32.96
3278270553,507,33,3308,102840020,3336,2013-03-28,9.5,OZ,1,2.5
3278295236,507,26,2614,103700030,514,2012-08-23,16,CT,1,4.19
3278336252,507,17,1709,101920010,10882,2012-07-14,48,OZ,1,3.19
3278341076,508,33,3318,102840020,15441,2012-03-23,16,OZ,1,2.82
3278341076,508,9,902,104400040,18775,2012-11-28,12,OZ,1,3.07
3278341076,508,99,9908,107047575,7217,2013-01-23,8,OZ,1,1.69
3278346498,508,97,9731,102708424,1379,2012-12-24,1,CT,2,17.88
3278347456,508,37,3706,104119646,14582,2012-10-25,18.5,OZ,1,1.25
3278347456,508,37,3703,105100050,2820,2012-10-30,10.75,OZ,1,1.27
3278378661,508,97,9753,102265323,0,2012-08-06,1,CT,2,15.71
3278378661,508,51,5129,103620030,1698,2012-12-15,24,OZ,2,8.07
3278387647,508,58,5823,104470040,13310,2012-11-15,9,OZ,2,5.54
3278387647,508,21,2105,105200050,7054,2012-12-18,32,OZ,1,1.07
3278466202,31,45,4511,107590171,6195,2012-05-22,36,OZ,1,6.99
3278511303,21,56,5613,107403070,16922,2012-09-29,32,OZ,2,8.58
3278511303,21,8,809,101300010,8164,2012-11-15,12,OZ,2,1.98
3278511303,21,26,2617,104119040,16347,2012-12-13,1,CT,2,1.98
3278534054,101,20,2002,105100050,27873,2012-05-13,33,OZ,2,5.98
3278534054,101,72,7203,103700030,4294,2012-10-06,33.8,OZ,1,5.49
3278534054,101,7,707,101114111,25747,2013-01-26,36,OZ,1,15.99
3278535046,101,75,7501,101910010,9158,2013-02-17,12.5,OZ,1,3.99
3278539753,77,26,2634,103600030,4139,2012-03-26,6,RL,1,6.49
3278539753,77,5,516,101600010,12426,2012-08-09,7.4,OZ,1,2.5
3278539753,77,37,3707,105100050,17812,2013-03-03,32,OZ,4,12.76
3278539753,77,55,5552,107078474,18552,2013-06-02,48,OZ,1,3.39
3278558838,370,63,6320,1072543979,40679,2012-10-20,12,CT,1,1.18
3278558838,370,51,5130,101380010,27474,2013-01-12,12.5,OZ,1,2.48
3278566241,65,36,3629,101200010,23360,2012-07-14,144,OZ,3,14.18
3278566241,65,9,907,107294575,15878,2012-12-24,20,OZ,1,1.99
3278573247,64,30,3009,103582636,6564,2012-08-15,16,OZ,1,1.89
3278573247,64,64,6401,107825070,17336,2013-06-04,24,OZ,1,1.59
3278574401,65,79,7903,107244070,27869,2012-06-23,1,CT,1,3.99
3278615333,83,33,3312,103700030,14494,2013-01-23,6.38,OZ,12,12.38
3278615333,83,96,9609,1053600050,88199,2013-01-24,0,,1,-1
3278615333,83,33,3304,102840020,6777,2013-06-28,10.25,OZ,1,1.49
3278619364,133,53,5307,101111010,9907,2012-05-19,12,OZ,1,1.16
3278619364,133,10,1004,104300040,26232,2012-07-08,3.9,OZ,2,2.1
3278619364,133,55,5552,107064070,2014,2012-11-12,56,OZ,2,5.98
3278619364,133,9,907,101111010,9907,2013-02-27,17,OZ,1,2.24
3278619364,133,58,5836,107024777,6176,2013-03-24,8,OZ,2,3
3278619480,133,28,2804,107152474,10039,2012-03-05,4,OZ,1,0.99
3278626179,151,56,5621,101111010,9907,2012-03-17,8,OZ,1,2.99
3278631059,98,17,1721,104650040,6222,2013-03-29,9.7,OZ,1,2.29
3278633702,58,59,5906,104060040,26155,2013-04-07,15,OZ,1,2.74
3278644933,140,0,0,10000,0,2012-12-07,0,,1,0
3278644933,140,26,2614,101111010,9907,2013-01-03,28,CT,1,3.87
3278644933,140,9,922,102430020,10577,2013-05-26,15.16,OZ,1,3.09
3278645810,140,63,6315,101111010,16706,2012-06-25,128,OZ,1,2.99
3278650286,140,21,2103,101480010,12021,2012-04-19,64,OZ,2,7.98
3278653326,140,25,2506,105000050,32115,2012-09-19,64,OZ,1,6.49
3278653326,140,41,4107,107152474,10039,2012-11-27,4,OZ,1,1.29
3278654632,140,33,3305,102840020,5141,2013-04-18,11,OZ,3,6
3278656837,63,21,2109,102800020,56490,2012-04-12,64,OZ,1,2.97
