218586242,108,8,801,101300010,8164,2012-07-24,20,OZ,1,2.49
218586242,108,33,3303,102840020,10241,2012-07-24,10,OZ,4,17.16
218586242,108,45,4509,1075480777,11260,2012-07-25,10,OZ,2,19.98
218586242,108,63,6316,107342070,4529,2012-07-25,24,OZ,2,8.58
218586242,108,36,3611,107572070,14196,2012-07-27,142.2,OZ,6,19.14
218586242,108,97,9753,1021099929,0,2012-07-27,1,CT,1,3.5
218586242,108,10,1011,104300040,26232,2012-07-28,24,OZ,1,4.79
218586242,108,63,6315,109396696,13264,2012-07-30,128,OZ,1,6.99
218586242,108,18,1827,103700030,6236,2012-08-02,9.7,OZ,1,3.79
218586242,108,5,516,101600010,12426,2012-08-05,7.44,OZ,1,3.99
218586242,108,29,2903,106414464,3342,2012-08-05,14.5,OZ,4,7.4
218586242,108,6,610,1081809484,15414,2012-08-06,16,OZ,8,17.52
218586242,108,9,907,107341070,888,2012-08-07,14,OZ,1,3.49
218586242,108,9,908,1077098171,94010,2012-08-10,8.6,OZ,2,6.98
218586242,108,18,1827,104650040,7249,2012-08-11,8,OZ,1,1.55
218586242,108,10,1011,104300040,26232,2012-08-12,15.5,OZ,3,7.47
218586242,108,55,5560,104154848,5603,2012-08-12,16.5,OZ,2,10.98
218586242,108,58,5823,104450040,8318,2012-08-13,9,OZ,1,4.69
218586242,108,25,2507,108425383,15248,2012-08-14,32,OZ,1,2.69
218586242,108,0,0,10000,0,2012-08-15,0,,2,8.82
218586242,108,36,3601,101200010,13794,2012-08-15,144,OZ,1,5.89
218586242,108,9,914,109247494,94794,2012-08-16,16,OZ,1,3.19
218586242,108,97,9707,101258717,7245,2012-08-17,4,CT,1,4.49
218586242,108,13,1306,1075480777,610,2012-08-18,5,LB,2,5.58
218586242,108,63,6305,104850040,18799,2012-08-19,89,OZ,2,9.98
218586242,108,56,5613,107177979,1782,2012-08-24,32,OZ,1,6.99
218586242,108,37,3707,102400020,3843,2012-08-25,32,OZ,3,9.87
218586242,108,63,6314,107342070,4529,2012-08-25,8,OZ,1,1.95
218586242,108,63,6321,1075624878,28007,2012-08-26,8,OZ,1,3.99
218586242,108,99,9901,107457474,25426,2012-08-27,1,OZ,1,3.99
218586242,108,9,920,103010030,9530,2012-08-28,11,OZ,2,6.58
218586242,108,9,916,103361737,19613,2012-08-29,9.7,OZ,1,2.99
218586242,108,74,7405,104740040,7196,2012-08-29,5,CT,1,14.49
218586242,108,7,708,1078535777,24311,2012-08-29,12,OZ,1,10.99
218586242,108,63,6321,107890272,18730,2012-08-30,8,OZ,1,3.89
218586242,108,72,7209,1030813737,14982,2012-09-01,30,YD,1,4.19
218586242,108,72,7205,103320030,11512,2012-09-02,10.5,OZ,1,6.49
218586242,108,99,9908,1074419474,26680,2012-09-03,10,OZ,5,19.95
218586242,108,9,901,103010030,6852,2012-09-03,11.5,OZ,1,3.99
218586242,108,9,901,105929050,11406,2012-09-04,14.1,OZ,1,3.79
218586242,108,72,7205,103700030,4294,2012-09-05,3.5,OZ,1,1.39
218586242,108,7,708,101291919,16123,2012-09-09,12,OZ,1,9.49
218586242,108,34,3410,1081793989,11556,2012-09-11,12,OZ,2,7.18
218586242,108,57,5704,104667545,20216,2012-09-11,16,OZ,2,7.98
218586242,108,65,6503,1075480777,610,2012-09-14,12,OZ,1,2.89
218586242,108,63,6319,108390080,7368,2012-09-14,59,OZ,1,3.19
218586242,108,35,3508,103700030,18371,2012-09-15,100,OZ,1,16.99
218586242,108,5,501,104165343,19050,2012-09-15,10,OZ,1,4.19
218586242,108,9,918,101410010,13791,2012-09-17,6,OZ,1,3.69
218586242,108,63,6315,1075480777,610,2012-09-17,128,OZ,11,39.49
218586242,108,9,901,103010030,15287,2012-09-17,4.44,OZ,1,3.69
218586242,108,37,3707,102400020,3843,2012-09-18,14.5,OZ,2,2.58
218586242,108,4,421,107097070,56002,2012-09-19,5,OZ,1,1.39
218586242,108,51,5115,107218070,15035,2012-09-22,11.2,OZ,2,9.38
218586242,108,9,907,1062855363,25002,2012-09-23,7,OZ,1,2.39
218586242,108,29,2907,104600040,13023,2012-09-25,4.7,OZ,1,2.49
218586242,108,36,3618,101200010,23361,2012-09-26,67.6,OZ,2,3.58
218586242,108,58,5827,1071648878,610,2012-09-26,12,OZ,1,4.49
218586242,108,57,5703,103663232,4568,2012-09-28,6,OZ,14,13.02
218586242,108,25,2508,102529323,16410,2012-09-28,64,OZ,1,4.19
218586242,108,37,3705,1075480777,610,2012-09-29,18.6,OZ,4,10.2
218586242,108,96,9631,107675070,19430,2012-09-30,1,CT,1,50
218586242,108,53,5307,1071157575,16108,2012-10-01,14,OZ,1,2.69
218586242,108,38,3801,104920040,5098,2012-10-03,4,LB,1,4.19
218586242,108,36,3601,104900040,3809,2012-10-04,42.2,OZ,1,1
218586242,108,62,6202,102484222,2542,2012-10-06,20,OZ,2,17.98
218586242,108,1,106,1084590181,20484,2012-10-07,3.5,OZ,1,2.19
218586242,108,54,5403,101800010,14029,2012-10-08,11.5,OZ,2,8.38
218586242,108,58,5814,104470040,10837,2012-10-09,8.9,OZ,1,2.99
218586242,108,37,3703,105100050,2820,2012-10-10,10.75,OZ,1,0.99
218586242,108,41,4120,102400020,3988,2012-10-12,6,OZ,2,1.66
218586242,108,26,2633,105400050,16048,2012-10-16,12,RL,1,11.99
218586242,108,31,3101,105210050,11382,2012-10-18,0.85,OZ,1,1.99
218586242,108,36,3611,104900040,4599,2012-10-20,20,OZ,1,1.59
218586242,108,33,3312,103700030,14494,2012-10-20,6.38,OZ,1,1.99
218586242,108,60,6012,101800010,14029,2012-10-20,7.3,OZ,2,4.78
218586242,108,5,516,103000030,14760,2012-10-21,6.7,OZ,2,7.98
218586242,108,37,3707,102400020,3843,2012-10-23,14.5,OZ,2,2.58
218586242,108,36,3604,107297979,16095,2012-10-24,33.8,OZ,1,1.49
218586242,108,9,922,1077482676,94010,2012-10-25,10.5,OZ,1,3.69
218586242,108,57,5704,107047070,20230,2012-10-26,4,OZ,2,2
218586242,108,19,1904,107660676,11431,2012-10-26,12,OZ,1,3.29
218586242,108,18,1890,1075480777,610,2012-10-26,1,CT,4,4
218586242,108,29,2928,1075480777,610,2012-10-26,6.2,OZ,2,2.7
218586242,108,62,6202,104124040,28808,2012-10-27,9,OZ,1,4.79
218586242,108,5,516,1075480777,610,2012-10-28,8.9,OZ,1,2.79
218586242,108,63,6320,1071514171,25530,2012-10-28,12,CT,16,60.94
218586242,108,41,4105,102700020,8612,2012-10-29,28,OZ,2,4.18
218586242,108,35,3504,103500030,13470,2012-11-01,38,OZ,1,5.49
218586242,108,21,2106,103120030,12957,2012-11-06,64,OZ,2,6.98
218586242,108,26,2633,105400050,16048,2012-11-08,12,RL,2,23.98
218586242,108,33,3308,101566515,98644,2012-11-10,6.75,OZ,1,6.49
218586242,108,5,501,103000030,58434,2012-11-10,14,OZ,1,4.19
218586242,108,5,522,103997838,2082,2012-11-10,25,OZ,1,3.29
218586242,108,28,2805,1075480777,610,2012-11-11,13,OZ,2,4.5
218586242,108,31,3101,105210050,11382,2012-11-15,0.37,OZ,1,3.59
218586242,108,5,519,103000030,14760,2012-11-15,27.3,OZ,1,5.49
218586242,108,34,3405,101111111,5168,2012-11-16,32,OZ,1,12.49
218586242,108,8,818,103620030,14868,2012-11-16,24,OZ,6,18.54
218586242,108,30,3009,109099797,13073,2012-11-16,8,OZ,1,2.69
218586242,108,25,2507,1074236575,8499,2012-11-16,144,OZ,1,16.99
218586242,108,8,836,1075480777,610,2012-11-17,128,OZ,1,2.15
218586242,108,26,2633,104303242,11116,2012-11-17,12,RL,1,13.99
218586242,108,18,1829,1060240666,19393,2012-11-17,1,CT,7,43.93
218586242,108,27,2710,104460040,6743,2012-11-18,20,LB,1,13.49
218586242,108,56,5604,104242141,2071,2012-11-19,8,OZ,1,7.99
218586242,108,3,305,103320030,875,2012-11-26,16,OZ,8,8.56
218586242,108,18,1828,103700030,6236,2012-11-29,2,CT,1,6.99
218586242,108,63,6320,1075480777,610,2012-11-29,18,CT,3,8.67
218586242,108,29,2928,101530010,58299,2012-12-01,7.2,OZ,2,3.5
218586242,108,51,5125,107265575,8089,2012-12-02,9,OZ,1,3.19
218586242,108,56,5614,107104070,76668,2012-12-04,9,OZ,1,5.49
218586242,108,63,6314,107342070,4529,2012-12-05,16,OZ,1,2.99
218586242,108,63,6315,103377636,16650,2012-12-08,64,OZ,1,4.49
218586242,108,8,826,104150040,6667,2012-12-08,12,OZ,1,3.49
218586242,108,55,5561,1079951272,3536,2012-12-08,16,OZ,1,5.49
218586242,108,10,1011,104300040,26232,2012-12-09,14.5,OZ,1,2.69
218586242,108,58,5824,104450040,8318,2012-12-10,13,OZ,1,4.49
218586242,108,36,3612,107572070,14196,2012-12-10,128,OZ,8,11.92
218586242,108,29,2928,104133141,7531,2012-12-12,8,OZ,4,7.16
218586242,108,3,302,102800020,30272,2012-12-12,8,OZ,2,6.58
218586242,108,56,5617,104242141,2071,2012-12-12,8,OZ,1,3.99
218586242,108,23,2301,101510010,23948,2012-12-14,12,OZ,2,3.98
218586242,108,37,3703,105100050,2820,2012-12-14,10.75,OZ,8,14.88
218586242,108,36,3627,104900040,23363,2012-12-15,67.6,OZ,4,7.56
218586242,108,26,2628,103700030,2248,2012-12-19,6,RL,1,11.99
218586242,108,63,6320,1085281080,10165,2012-12-22,12,CT,1,3.49
218586242,108,27,2705,107910070,85,2012-12-22,66,OZ,1,6.99
218586242,108,58,5831,107274575,13804,2012-12-23,16,OZ,3,11.37
218586242,108,41,4105,102700020,8612,2012-12-24,28,OZ,1,2.39
218586242,108,27,2710,103320030,875,2012-12-24,20,LB,1,10.49
218586242,108,56,5614,104610040,15889,2012-12-28,12,OZ,1,6.99
218586242,108,99,9999,104614242,33170,2012-12-29,1,CT,1,14.99
218586242,108,58,5837,1075480777,610,2012-12-29,2.1,OZ,2,5.98
218586242,108,56,5607,102100020,13967,2012-12-30,8,OZ,6,16.94
218586242,108,99,9908,103260131,5489,2012-12-30,1,CT,1,3.49
218586242,108,2,211,101600010,1910,2012-12-31,20,OZ,1,2.99
218586242,108,56,5609,1075480777,610,2012-12-31,24,OZ,1,4.79
218586242,108,5,501,103800030,15251,2012-12-31,18,OZ,1,4.99
218586242,108,35,3509,107261373,401,2013-01-03,150,OZ,1,14.49
218586242,108,36,3611,1068243060,19531,2013-01-04,28.7,OZ,1,2.19
218586242,108,63,6399,107044676,2071,2013-01-04,16,OZ,1,2.49
218586242,108,31,3101,105210050,11382,2013-01-05,0.75,OZ,1,3.69
218586242,108,9,901,1075764575,12598,2013-01-06,8,OZ,1,3.79
218586242,108,41,4105,102400020,4704,2013-01-06,14.5,OZ,2,2.9
218586242,108,57,5704,105215959,41981,2013-01-07,32,OZ,1,4.29
218586242,108,99,9908,103338333,33170,2013-01-07,32,OZ,1,3.49
218586242,108,96,9632,107675070,8990,2013-01-08,1,CT,1,25
218586242,108,55,5558,107585676,9798,2013-01-10,27,OZ,2,9.38
218586242,108,58,5823,104470040,13310,2013-01-12,8,OZ,1,5.99
218586242,108,27,2706,1075480777,610,2013-01-14,36,OZ,1,7.49
218586242,108,33,3309,101583919,7001,2013-01-14,22,OZ,2,9.98
218586242,108,51,5125,101380010,10271,2013-01-16,10,OZ,1,3.69
218586242,108,36,3618,101200010,23361,2013-01-16,67.6,OZ,3,5.37
218586242,108,19,1905,108870282,2167,2013-01-16,13,OZ,1,4.99
218586242,108,99,9908,107047575,7217,2013-01-16,8,OZ,1,2.99
218586242,108,29,2914,102100020,9886,2013-01-17,36.25,OZ,1,7.49
218586242,108,26,2628,103700030,2248,2013-01-26,8,RL,2,23.98
218586242,108,4,416,104000040,16765,2013-01-26,2.07,OZ,1,1
218586242,108,9,902,101410010,45039,2013-01-27,6.6,OZ,7,16.73
218586242,108,9,922,1077098171,94010,2013-01-29,11.25,OZ,3,12.87
218586242,108,29,2905,103027131,5112,2013-02-02,15,OZ,1,1.49
218586242,108,58,5827,103760030,8501,2013-02-03,16,OZ,1,6.49
218586242,108,9,901,104400040,3453,2013-02-03,13,OZ,2,8.38
218586242,108,56,5615,1075480777,610,2013-02-04,10,OZ,1,4.19
218586242,108,18,1890,104131040,23609,2013-02-05,50,CT,1,4.79
218586242,108,33,3314,103000030,14760,2013-02-06,3,OZ,2,4.78
218586242,108,5,502,107912676,17470,2013-02-07,0.5,OZ,6,3.78
218586242,108,26,2629,1075480777,610,2013-02-08,250,CT,2,5.78
218586242,108,51,5123,101380010,27474,2013-02-08,57,OZ,2,24.98
218586242,108,17,1703,105460050,6141,2013-02-10,32,OZ,2,6.58
218586242,108,63,6321,104082242,15667,2013-02-11,10,OZ,3,13.47
218586242,108,19,1905,105150050,16728,2013-02-13,18,OZ,1,3.99
218586242,108,53,5307,1075480777,610,2013-02-14,16,OZ,1,1.99
218586242,108,36,3612,107572070,14196,2013-02-14,128,OZ,2,2.98
218586242,108,28,2805,103150030,25139,2013-02-17,5.75,OZ,1,2.09
218586242,108,58,5823,104470040,13310,2013-02-17,8,OZ,1,3.99
218586242,108,2,201,101600010,1756,2013-02-18,15.25,OZ,2,5.3
218586242,108,9,915,107312474,18613,2013-02-19,12,OZ,1,1.99
218586242,108,15,1504,104114343,17593,2013-02-19,6,OZ,1,2.49
218586242,108,16,1604,102200020,13228,2013-02-22,42,CT,1,3.49
218586242,108,37,3703,105100050,2820,2013-02-22,10.75,OZ,1,2.15
218586242,108,41,4108,1075480777,610,2013-02-23,15,OZ,3,3
218586242,108,19,1906,105150050,16728,2013-02-24,12.75,OZ,4,15.96
218586242,108,96,9609,10993500090,88199,2013-02-24,0,,8,-4
218586242,108,62,6201,107349171,9883,2013-03-06,22,OZ,1,4.49
218586242,108,21,2105,105200050,7054,2013-03-08,160,OZ,1,7.99
218586242,108,58,5832,107274575,13804,2013-03-08,10,OZ,3,17.97
218586242,108,58,5812,107495676,8144,2013-03-09,12,OZ,1,4.99
218586242,108,63,6312,1072243070,64627,2013-03-10,16,OZ,1,4.49
218586242,108,56,5615,102100020,4218,2013-03-12,8,OZ,1,3.99
218586242,108,97,9753,1063204565,0,2013-03-12,1,CT,1,2.99
218586242,108,95,9518,1064541666,25075,2013-03-14,1,CT,1,3.99
218586242,108,29,2907,104600040,13023,2013-03-15,8.8,OZ,2,6.58
218586242,108,26,2628,105400050,16048,2013-03-17,6,RL,2,18.98
218586242,108,26,2622,102570020,20361,2013-03-17,30,CT,1,4.99
218586242,108,27,2702,102310020,13705,2013-03-19,3.5,LB,1,6.49
218586242,108,55,5557,107457070,26051,2013-03-21,9,OZ,1,4.49
218586242,108,27,2704,1075480777,610,2013-03-22,1,CT,1,5.49
218586242,108,19,1908,1075480777,610,2013-03-24,18,OZ,1,2.79
218586242,108,99,9904,103338333,33170,2013-03-24,48,OZ,3,16.97
218586242,108,29,2906,107066272,12673,2013-03-24,4,OZ,4,5.16
218586242,108,36,3611,101200010,803,2013-04-01,405.6,OZ,1,5.99
218586242,108,37,3705,105100050,2820,2013-04-02,18.6,OZ,2,5.98
218586242,108,97,9753,1075166676,0,2013-04-03,1,CT,2,7.98
218586242,108,21,2119,1065762262,26129,2013-04-08,16.9,OZ,2,3.3
218586242,108,51,5115,107218070,15035,2013-04-09,20.6,OZ,1,6.99
218586242,108,5,520,1075480777,610,2013-04-10,42,OZ,1,3.99
218586242,108,33,3307,101030010,5740,2013-04-14,12,OZ,1,3.99
218586242,108,4,419,10980090,6267,2013-04-14,1.3,OZ,1,1.55
218586242,108,27,2704,107910070,30096,2013-04-15,24,OZ,1,4.99
218586242,108,56,5609,102100020,2321,2013-04-23,16,OZ,1,4.19
218586242,108,36,3634,105200050,14597,2013-04-23,101.4,OZ,3,14.97
218586242,108,8,814,102840020,18584,2013-04-24,15.5,OZ,1,3.29
218586242,108,99,9908,103260131,53363,2013-04-25,80,OZ,1,5.99
218586242,108,18,1828,104650040,7249,2013-04-27,0.56,OZ,1,3.99
218586242,108,9,907,107102575,102885,2013-04-29,16,OZ,1,4.19
218586242,108,63,6320,1075480777,610,2013-05-02,12,CT,1,2.19
218586242,108,29,2914,1075928373,1243,2013-05-02,6.5,OZ,1,2.15
218586242,108,97,9730,107666676,33170,2013-05-04,0,,6,3
218586242,108,72,7205,104131040,23609,2013-05-07,4,OZ,1,3.99
218586242,108,5,501,101862717,9496,2013-05-08,10.5,OZ,2,7.88
218586242,108,18,1802,104667747,13970,2013-05-09,1,CT,1,17.99
218586242,108,97,9786,101980010,19934,2013-05-09,25,CT,1,5.49
218586242,108,7,709,109955595,7661,2013-05-10,4.02,OZ,1,8.99
218586242,108,9,907,107518575,11221,2013-05-11,15,OZ,2,7.18
218586242,108,62,6202,107571777,15284,2013-05-12,17.5,OZ,1,3
218586242,108,63,6332,104850040,61745,2013-05-12,59,OZ,3,10.97
218586242,108,21,2121,104558747,10702,2013-05-16,33.8,OZ,1,3.99
218586242,108,26,2613,103600030,8583,2013-05-17,19,CT,2,21.98
218586242,108,36,3601,101200010,13794,2013-05-18,67.6,OZ,1,1.79
218586242,108,29,2925,104133141,7531,2013-05-18,8,OZ,5,7.45
218586242,108,63,6312,104850040,18799,2013-05-19,59,OZ,2,4.3
218586242,108,58,5827,1075480777,610,2013-05-19,16,OZ,2,8.98
218586242,108,36,3634,1078616272,7237,2013-05-21,20,OZ,8,13.52
218586242,108,92,9202,1072297474,11177,2013-05-21,2,CT,2,3.54
218586242,108,33,3309,102840020,18584,2013-05-23,18,OZ,1,4.99
218586242,108,60,6001,105000050,30272,2013-05-23,16.5,OZ,3,11.97
218586242,108,33,3305,102840020,18584,2013-05-24,13,OZ,1,4.29
218586242,108,63,6321,104082242,15667,2013-05-24,10,OZ,1,4.49
218586242,108,19,1905,108870282,2167,2013-05-26,13,OZ,1,4.99
218586242,108,36,3601,104900040,3809,2013-05-27,12,OZ,4,5
218586242,108,5,501,101600010,3396,2013-05-27,13.5,OZ,1,4.99
218586242,108,9,917,104133141,7531,2013-05-28,20,OZ,1,3.09
218586242,108,5,501,103800030,4089,2013-05-28,9.2,OZ,1,4.19
218586242,108,9,904,109830494,3318,2013-05-30,5,OZ,1,1.5
218586242,108,26,2619,101258717,7245,2013-05-30,100,CT,1,16.99
218586242,108,36,3611,108265787,4687,2013-05-31,96,OZ,1,3.39
218586242,108,97,9753,1063204565,0,2013-05-31,1,CT,1,4.99
218586242,108,4,421,1087251383,56215,2013-06-01,1.8,OZ,1,1
218586242,108,55,5552,107756777,2347,2013-06-02,48,OZ,4,17.96
218589993,108,53,5307,101450010,20864,2012-11-23,12,OZ,2,6.58
218589993,108,5,501,101600010,6283,2013-01-04,11.75,OZ,1,5.49
218593201,108,56,5617,1075480777,610,2013-04-09,12,OZ,2,6.18
218597212,108,63,6315,1075480777,610,2012-04-11,32,OZ,1,1.33
218616192,108,5,520,103000030,14760,2013-01-03,42,OZ,1,5.49
218627141,106,63,6315,107060070,29609,2012-07-23,64,OZ,1,2.95
218627141,106,97,9753,1023500121,0,2012-08-06,1,CT,-4,-1.35
218642250,108,63,6305,102500020,16489,2012-05-25,59,OZ,2,7.38
218642250,108,9,907,107130575,11013,2012-06-08,20,OZ,1,3.99
218642250,108,58,5824,104450040,8318,2012-07-28,14,OZ,1,3.99
218642250,108,33,3303,102840020,15598,2012-08-16,9.5,OZ,1,4.29
218642250,108,9,901,104400040,3453,2012-12-21,9.5,OZ,1,3.89
218642250,108,26,2633,105400050,16048,2013-03-16,12,RL,1,11.99
218648881,108,56,5617,103450030,10165,2012-03-04,8,OZ,1,3.99
218648881,108,99,9908,103338333,33170,2013-03-03,13,OZ,2,5
218652570,106,97,9781,10000,8255,2012-03-09,1,CT,-1,-0.01
218652570,106,11,1110,108201181,12197,2013-06-17,9,OZ,1,3.99
218653796,108,58,5899,107232272,27348,2013-02-21,16,OZ,1,4.99
218656770,108,33,3301,1083765484,31505,2012-03-08,4.4,OZ,2,7.98
218667352,108,41,4109,105100050,2820,2013-04-06,11,OZ,5,3.65
218671273,108,5,501,101600010,3396,2013-03-09,14,OZ,1,4.19
218682104,106,36,3612,107572070,14196,2012-11-24,128,OZ,2,2.58
218688715,106,45,4509,1068398363,9040,2013-03-25,16,OZ,1,18.99
218688715,106,9,907,107341070,888,2013-05-22,20,OZ,1,2.99
218691746,108,36,3636,104300040,4371,2013-03-03,118.3,OZ,1,3.99
218711763,108,33,3307,102900020,14112,2012-09-15,10,OZ,1,8.49
218711763,108,71,7113,108087888,13505,2012-12-23,10.2,OZ,1,6.99
218711763,108,9,903,104138747,60,2013-03-29,24,OZ,1,3.09
218756892,106,73,7309,1036217535,98542,2012-10-22,17.9,OZ,1,15.99
218756892,106,9,907,101410010,13791,2012-12-03,16,OZ,1,3.99
218756892,106,8,818,104124040,28808,2013-01-26,24,OZ,1,4.69
218763335,108,4,416,101070010,56124,2013-04-17,1.85,OZ,2,2.38
218763335,108,99,9909,107127979,6732,2013-06-17,12,OZ,1,2.99
218763352,106,50,5001,107818575,12109,2012-11-08,36,OZ,2,17.98
218763352,106,5,501,101600010,6283,2013-02-14,14.25,OZ,1,5.49
218763570,108,9,907,107133070,25887,2012-03-22,11,OZ,1,3.29
218779179,108,9,907,107341070,13291,2012-03-26,24,OZ,1,4.59
218779179,108,21,2105,105200050,7054,2012-04-11,32,OZ,4,7.56
218779179,108,9,908,107203070,5812,2013-03-21,8.25,OZ,2,8.98
218784271,108,57,5705,103663232,4568,2012-06-20,24,OZ,3,8.85
218784271,108,12,1206,108660080,2559,2013-02-07,9,OZ,1,4.19
218795655,106,35,3509,103700030,6947,2012-03-03,50,OZ,4,29.96
218795655,106,56,5607,102100020,13967,2012-03-04,12,OZ,1,4.69
218795655,106,10,1010,103400030,8247,2012-03-06,24,OZ,3,9.27
218795655,106,10,1004,1075480777,610,2012-03-06,4,OZ,2,2.1
218795655,106,63,6330,1075480777,610,2012-03-07,16,OZ,1,3.29
218795655,106,22,2211,103700030,5174,2012-03-09,105,CT,1,8.49
218795655,106,33,3319,102840020,5141,2012-03-12,11.5,OZ,1,3.99
218795655,106,9,922,1077098171,94010,2012-03-14,11.25,OZ,1,4.29
218795655,106,64,6401,107199070,4043,2012-03-15,24,OZ,3,4.17
218795655,106,41,4107,102400020,4704,2012-03-15,15,OZ,1,3.69
218795655,106,71,7113,108087888,13505,2012-03-15,12.6,OZ,1,5.49
218795655,106,56,5620,104610040,15889,2012-03-18,8,OZ,1,3.99
218795655,106,97,9753,1023180424,0,2012-03-18,1,CT,1,10.57
218795655,106,9,907,104500040,1574,2012-03-19,16,OZ,1,3.69
218795655,106,8,811,104112949,3635,2012-03-22,15,OZ,2,6.38
218795655,106,32,3204,1085501989,2237,2012-03-22,34,OZ,1,14.49
218795655,106,36,3630,104900040,3809,2012-03-24,144,OZ,1,5.99
218795655,106,26,2604,1075480777,610,2012-03-25,90,CT,1,0.95
218795655,106,63,6332,104850040,61745,2012-03-26,59,OZ,2,8.38
218795655,106,56,5610,103114232,25202,2012-03-29,5,OZ,1,4.99
218795655,106,4,416,103400030,2689,2012-03-30,3.5,OZ,2,4.18
218795655,106,17,1726,104460040,3718,2012-04-01,35,CT,2,8.58
218795655,106,99,9909,107127979,6732,2012-04-02,9,OZ,2,6.98
218795655,106,55,5567,107585676,9798,2012-04-02,27,OZ,1,4.79
218795655,106,97,9736,107565676,26223,2012-04-02,8,CT,1,3.29
218795655,106,56,5620,1075480777,610,2012-04-03,8,OZ,1,3.39
218795655,106,41,4108,1075480777,610,2012-04-03,14.5,OZ,2,2.7
218795655,106,9,902,108136383,12592,2012-04-06,7.2,OZ,1,3.99
218795655,106,4,416,104000040,26517,2012-04-07,1.14,OZ,1,0.99
218795655,106,51,5125,101380010,10271,2012-04-09,6,OZ,3,12.57
218795655,106,96,9609,10990930090,88199,2012-04-09,0,,1,-1
218795655,106,36,3628,101200010,12029,2012-04-10,67.6,OZ,1,1.89
218795655,106,0,0,10000,20405,2012-04-10,0,,1,2.6
218795655,106,4,418,103400030,8247,2012-04-12,9.3,OZ,1,4.69
218795655,106,36,3603,1075480777,610,2012-04-12,256,OZ,1,2.49
218795655,106,11,1102,104480040,12350,2012-04-16,240,CT,1,2.75
218795655,106,58,5831,107274575,13804,2012-04-20,16,OZ,1,3.69
218795655,106,14,1404,101480010,12021,2012-04-22,23.4,OZ,1,3.09
218795655,106,9,901,106404262,10292,2012-04-23,7.4,OZ,1,3.99
218795655,106,17,1707,104159848,19708,2012-04-24,12,OZ,1,5.99
218795655,106,9,902,104400040,19783,2012-04-28,8,OZ,1,4.49
218795655,106,33,3351,104400040,16738,2012-04-29,5.3,OZ,1,4.19
218795655,106,36,3630,107800070,23561,2012-04-29,20,OZ,1,1.59
218795655,106,97,9753,107357474,0,2012-05-01,1,CT,7,20.93
218795655,106,29,2930,106414464,3342,2012-05-01,7.5,OZ,4,7.56
218795655,106,53,5307,101450010,20864,2012-05-02,16,OZ,3,8.25
218795655,106,26,2609,1075480777,610,2012-05-02,45,CT,1,2.99
218795655,106,22,2201,104460040,3718,2012-05-03,82,OZ,1,2.85
218795655,106,33,3351,102840020,4219,2012-05-05,2.88,OZ,3,3.27
218795655,106,40,4005,1079452272,18071,2012-05-06,1.8,OZ,1,4.99
218795655,106,9,908,107203070,5812,2012-05-07,17.5,OZ,1,6.49
218795655,106,9,907,104500040,20016,2012-05-07,24,OZ,2,7.68
218795655,106,21,2119,101200010,10522,2012-05-09,128,OZ,5,16.35
218795655,106,58,5837,104470040,13310,2012-05-11,2.1,OZ,1,3.99
218795655,106,9,901,103010030,3454,2012-05-14,14.5,OZ,2,9.38
218795655,106,56,5613,107104070,76668,2012-05-14,15,OZ,1,4.29
218795655,106,36,3601,101200010,13794,2012-05-15,67.6,OZ,23,43.47
218795655,106,5,516,1060265262,9673,2012-05-15,1.4,OZ,1,2.19
218795655,106,99,9909,107127979,6732,2012-05-16,10,OZ,3,14.97
218795655,106,27,2701,101113212,491,2012-05-17,13.2,OZ,3,3
218795655,106,30,3001,104800141,8178,2012-05-18,9,OZ,1,3.09
218795655,106,36,3611,1063256565,6303,2012-05-19,16.9,OZ,1,1.29
218795655,106,3,311,1064420969,5345,2012-05-19,0.1,OZ,2,1.98
218795655,106,56,5614,107062575,29352,2012-05-21,6,OZ,1,4.49
218795655,106,4,411,1075480777,610,2012-05-23,5,OZ,1,1.15
218795655,106,9,908,107203070,5812,2012-05-23,12,OZ,4,17.96
218795655,106,4,427,10980090,18366,2012-05-25,1,OZ,4,5.8
218795655,106,5,501,103800030,6796,2012-05-25,14,OZ,1,4.49
218795655,106,36,3632,1075480777,610,2012-05-26,67.6,OZ,1,1.05
218795655,106,56,5613,107104070,76668,2012-05-27,32,OZ,1,7.29
218795655,106,26,2622,1075480777,610,2012-05-28,10,CT,3,6.75
218795655,106,33,3301,1085529686,81424,2012-06-03,8,OZ,3,10.47
218795655,106,63,6319,102073525,18893,2012-06-04,128,OZ,7,26.53
218795655,106,99,9909,107127979,6732,2012-06-09,10,OZ,1,5.99
218795655,106,9,907,1075480777,610,2012-06-10,11,OZ,45,76.05
218795655,106,34,3405,101111111,5168,2012-06-10,24,OZ,1,9.99
218795655,106,27,2710,104460040,6743,2012-06-13,7,LB,1,3.19
218795655,106,23,2301,107130070,15474,2012-06-14,16,OZ,9,14.85
218795655,106,30,3010,1075480777,610,2012-06-14,16,OZ,1,2.95
218795655,106,99,9908,1075166676,52506,2012-06-14,10.5,OZ,1,3.99
218795655,106,30,3010,104133545,43106,2012-06-15,9,OZ,2,5.5
218795655,106,96,9632,107675070,255,2012-06-16,1,CT,1,25
218795655,106,33,3318,107797575,27417,2012-06-16,9,OZ,1,2.99
218795655,106,29,2903,105100050,72482,2012-06-16,15,OZ,1,1.89
218795655,106,56,5620,1075480777,610,2012-06-19,8,OZ,2,6.78
218795655,106,64,6401,107248070,15974,2012-06-19,144,OZ,1,6.99
218795655,106,25,2509,1075480777,610,2012-06-23,64,OZ,1,4.49
218795655,106,9,902,101410010,45039,2012-06-24,7.2,OZ,1,2.39
218795655,106,8,821,107660676,968,2012-06-26,40,OZ,1,4.29
218795655,106,51,5121,105150050,16728,2012-06-26,20,OZ,1,8.99
218795655,106,8,814,102840020,18584,2012-06-27,15,OZ,1,3.69
218795655,106,51,5115,104111848,11376,2012-06-29,18.3,OZ,2,10.98
218795655,106,23,2301,107571777,15284,2012-06-30,16,OZ,12,20.78
218795655,106,9,911,1075480777,610,2012-06-30,1.75,OZ,1,2.09
218795655,106,33,3312,103700030,14494,2012-06-30,4.93,OZ,1,1.29
218795655,106,72,7208,103500030,3830,2012-07-01,1,CT,1,4.69
218795655,106,9,907,107341070,888,2012-07-02,14,OZ,1,3.49
218795655,106,29,2914,102100020,9886,2012-07-03,5.5,OZ,3,5.97
218795655,106,19,1905,1075480777,610,2012-07-04,32,OZ,1,3.39
218795655,106,9,908,107203070,5812,2012-07-04,12,OZ,1,4.49
218795655,106,4,416,103400030,452,2012-07-04,1.61,OZ,3,3
218795655,106,9,902,104400040,12279,2012-07-05,16,OZ,1,3.59
218795655,106,33,3318,107797575,27417,2012-07-06,8,OZ,2,6.98
218795655,106,33,3304,102840020,6777,2012-07-06,10.5,OZ,2,6.98
218795655,106,8,807,102100020,9886,2012-07-06,16.25,OZ,1,2.19
218795655,106,26,2628,103700030,2248,2012-07-08,2,RL,1,6.99
218795655,106,27,2705,105000050,6775,2012-07-09,5.5,OZ,15,9.62
218795655,106,36,3601,101200010,13794,2012-07-09,20,OZ,0,0
218795655,106,8,826,107660676,82124,2012-07-10,5,OZ,3,5.85
218795655,106,26,2610,103760434,27723,2012-07-12,150,CT,1,2.49
218795655,106,36,3601,104900040,3809,2012-07-12,144,OZ,2,11.98
218795655,106,13,1306,107101272,9680,2012-07-13,2,LB,1,3.29
218795655,106,29,2920,101114010,8604,2012-07-13,15.3,OZ,2,6.18
218795655,106,9,901,104400040,43492,2012-07-14,4.86,OZ,1,4.19
218795655,106,51,5115,107192171,18492,2012-07-14,20.5,OZ,2,15.98
218795655,106,25,2507,107235070,68047,2012-07-15,19.5,OZ,1,1
218795655,106,10,1010,105150050,16728,2012-07-15,15.5,OZ,1,3.59
218795655,106,4,405,1060069969,55864,2012-07-16,24,OZ,1,3.49
218795655,106,55,5558,107585676,9798,2012-07-19,24,OZ,3,14.37
218795655,106,63,6328,102016929,16492,2012-07-21,32,OZ,3,14.97
218795655,106,29,2906,102548424,12334,2012-07-21,12,OZ,1,2.99
218795655,106,56,5607,102100020,13967,2012-07-24,16,OZ,1,5.49
218795655,106,33,3305,102840020,18584,2012-07-24,13,OZ,1,3.99
218795655,106,55,5552,104154848,5603,2012-07-25,48,OZ,1,5.69
218795655,106,36,3612,107572070,14196,2012-07-26,128,OZ,2,2.58
218795655,106,54,5401,103800030,5618,2012-07-26,12.3,OZ,1,4.29
218795655,106,28,2805,1075480777,610,2012-07-26,2.25,OZ,2,2.58
218795655,106,45,4509,107114070,7078,2012-07-29,32,OZ,1,15.98
218795655,106,57,5705,105360050,10074,2012-07-30,6,OZ,10,7.9
218795655,106,63,6312,102500020,16487,2012-07-30,59,OZ,1,3.49
218795655,106,21,2105,105200050,7054,2012-07-31,64,OZ,3,9.27
218795655,106,65,6503,1075480777,610,2012-08-01,12,OZ,1,2.99
218795655,106,74,7407,107033070,1783,2012-08-02,4,CT,1,8.99
218795655,106,55,5567,104100040,7459,2012-08-02,16.5,OZ,3,16.47
218795655,106,51,5106,103100030,9626,2012-08-03,8,OZ,1,2.99
218795655,106,28,2805,107299979,98643,2012-08-04,6,OZ,1,2.45
218795655,106,21,2112,1081216181,82254,2012-08-08,33.8,OZ,1,5.99
218795655,106,4,416,103400030,9739,2012-08-08,1.5,OZ,4,4
218795655,106,26,2622,101370010,8154,2012-08-09,40,CT,1,5.49
218795655,106,4,421,102200020,17287,2012-08-09,2.07,OZ,1,1
218795655,106,8,814,104156545,13412,2012-08-10,15,OZ,1,3.99
218795655,106,6,610,1061126969,15041,2012-08-10,16,OZ,1,3.59
218795655,106,4,418,103400030,15113,2012-08-11,11,OZ,2,9.98
218795655,106,51,5126,101380010,27474,2012-08-11,16,OZ,1,4.69
218795655,106,27,2704,103270030,7966,2012-08-11,1,CT,2,14.28
218795655,106,19,1905,107240070,14199,2012-08-12,32,OZ,2,6.58
218795655,106,99,9902,102548424,12334,2012-08-14,14,OZ,1,2.99
218795655,106,33,3318,107781777,1235,2012-08-15,6.64,OZ,1,3.49
218795655,106,6,610,101200010,635,2012-08-17,16,OZ,2,4.38
218795655,106,55,5558,104154848,5603,2012-08-18,5.8,OZ,1,1.55
218795655,106,25,2504,1075480777,610,2012-08-19,12,OZ,2,2.5
218795655,106,51,5126,102113121,11151,2012-08-19,13,OZ,4,17.96
218795655,106,79,7902,107265979,45631,2012-08-20,0,,2,2
218795655,106,56,5610,104131040,23808,2012-08-21,8,OZ,1,2.09
218795655,106,55,5557,107756777,11005,2012-08-23,10.14,OZ,3,14.97
218795655,106,45,4508,104440040,7504,2012-08-24,17.2,OZ,1,10.99
218795655,106,99,9908,108434888,4170,2012-08-25,10,OZ,3,6
218795655,106,64,6401,103410030,11704,2012-08-25,216,OZ,1,15.99
218795655,106,33,3305,102840020,5141,2012-08-31,3.38,OZ,3,4.47
218795655,106,51,5122,108298888,19799,2012-08-31,11,OZ,3,17.97
218795655,106,26,2620,1075480777,610,2012-08-31,80,CT,2,6.58
218795655,106,63,6305,104850040,18799,2012-08-31,89,OZ,1,4.99
218795655,106,27,2709,102310020,18139,2012-08-31,3,OZ,1,2.15
218795655,106,58,5832,1089533484,54278,2012-09-01,16,OZ,1,8.99
218795655,106,64,6401,107199070,4043,2012-09-02,144,OZ,1,12.99
218795655,106,63,6332,104850040,61745,2012-09-04,12,OZ,3,4.77
218795655,106,36,3618,104900040,23359,2012-09-04,67.6,OZ,10,18.9
218795655,106,21,2122,107349070,9528,2012-09-04,64,OZ,1,4.79
218795655,106,55,5567,1078978575,16558,2012-09-05,24,OZ,1,6.49
218795655,106,99,9909,103260131,5489,2012-09-05,11,OZ,5,29.95
218795655,106,63,6309,104850040,18799,2012-09-06,12,OZ,2,3.18
218795655,106,9,908,107203070,5812,2012-09-07,18,OZ,2,11.98
218795655,106,10,1004,104300040,26232,2012-09-07,3.4,OZ,2,3.18
218795655,106,33,3303,104126242,19971,2012-09-08,6.75,OZ,1,2
218795655,106,33,3316,101600010,3397,2012-09-08,7,OZ,1,3.29
218795655,106,37,3708,104100040,10522,2012-09-12,2.6,OZ,2,3.9
218795655,106,54,5401,103800030,5618,2012-09-13,12.3,OZ,1,3.29
218795655,106,8,818,103620030,14868,2012-09-16,45,OZ,4,15.96
218795655,106,36,3635,106150060,19411,2012-09-17,33.8,OZ,2,1.78
218795655,106,29,2928,105480050,19039,2012-09-18,8.5,OZ,2,5.38
218795655,106,64,6401,107199070,4043,2012-09-19,360,OZ,2,53.98
218795655,106,4,416,104000040,26517,2012-09-19,1.14,OZ,1,1
218795655,106,41,4105,102700020,8612,2012-09-20,14.5,OZ,1,2.09
218795655,106,63,6320,1074199474,58508,2012-09-21,12,CT,1,2.99
218795655,106,58,5812,1063690666,12339,2012-09-22,48,OZ,1,10.99
218795655,106,5,516,103000030,14760,2012-09-22,6.7,OZ,1,3.49
218795655,106,9,903,107571777,15284,2012-09-23,15,OZ,1,2.39
218795655,106,30,3001,1075480777,610,2012-09-24,30,OZ,1,3.99
218795655,106,30,3010,104100040,19975,2012-09-24,16,OZ,4,15.96
218795655,106,14,1410,103900030,10383,2012-09-24,15,OZ,2,4.78
218795655,106,7,708,104300040,7161,2012-09-26,12,OZ,1,8.99
218795655,106,63,6309,104850040,18799,2012-09-27,12,OZ,1,1.59
218795655,106,33,3321,107332171,17710,2012-10-02,13,OZ,1,4.49
218795655,106,40,4001,104138747,60,2012-10-08,896,OZ,2,18.98
218795655,106,72,7210,1031015838,14214,2012-10-09,2.2,OZ,1,4.99
218795655,106,33,3307,104157040,2017,2012-10-10,6,OZ,1,4.19
218795655,106,4,407,103400030,18947,2012-10-12,16,OZ,1,2.95
218795655,106,56,5607,102100020,13967,2012-10-14,12,OZ,2,8.98
218795655,106,27,2713,102310020,13705,2012-10-14,13.2,OZ,5,7.25
218795655,106,4,417,103400030,9739,2012-10-15,3,OZ,2,2.78
218795655,106,22,2201,104460040,3718,2012-10-16,82,OZ,1,2.85
218795655,106,4,421,104000040,17287,2012-10-16,2.07,OZ,1,1
218795655,106,4,416,104000040,26517,2012-10-19,1.69,OZ,1,1
218795655,106,51,5122,108298888,19799,2012-10-20,11,OZ,1,5.99
218795655,106,26,2622,102570020,20361,2012-10-21,150,CT,1,5.99
218795655,106,45,4511,106456363,20257,2012-10-23,26,OZ,2,13.98
218795655,106,18,1854,1075480777,610,2012-10-24,10,CT,1,2.35
218795655,106,58,5828,107790070,9200,2012-10-26,9.6,OZ,1,4.99
218795655,106,36,3601,101200010,13794,2012-10-29,48,OZ,1,3.99
218795655,106,2,202,105150050,14029,2012-10-29,19.5,OZ,3,8.07
218795655,106,2,202,104144949,7168,2012-11-04,18,OZ,2,7.18
218795655,106,31,3101,104133141,7531,2012-11-06,8,OZ,1,1.95
218795655,106,69,6904,1030813737,16360,2012-11-06,13,OZ,1,4.49
218795655,106,9,917,107373171,11786,2012-11-07,14,OZ,1,2.69
218795655,106,30,3010,1075480777,610,2012-11-07,16,OZ,1,2.59
218795655,106,60,6011,101800010,14029,2012-11-07,16.3,OZ,3,9.57
218795655,106,14,1404,101480010,12021,2012-11-07,12.7,OZ,1,4.19
218795655,106,27,2702,101780010,31044,2012-11-10,4.5,LB,1,11.99
218795655,106,28,2801,104470040,3640,2012-11-11,20,OZ,1,3.99
218795655,106,18,1828,103700030,6236,2012-11-12,1,CT,1,4.69
218795655,106,41,4107,1075480777,610,2012-11-13,8.5,OZ,5,4.25
218795655,106,63,6305,101630010,6509,2012-11-13,59,OZ,5,23.45
218795655,106,26,2606,1075480777,610,2012-11-13,200,CT,2,7.98
218795655,106,55,5559,107756777,14286,2012-11-14,29.7,OZ,1,5.49
218795655,106,25,2506,104127141,26189,2012-11-15,16,OZ,2,6.98
218795655,106,26,2629,1075480777,610,2012-11-16,250,CT,1,2.55
218795655,106,23,2301,107680878,1393,2012-11-16,16,OZ,2,3.1
218795655,106,36,3635,106150060,19411,2012-11-17,33.8,OZ,1,0.99
218795655,106,25,2506,104410040,8481,2012-11-17,16,OZ,3,9.27
218795655,106,59,5902,102100020,2321,2012-11-17,8,OZ,3,10.77
218795655,106,53,5307,101450010,20864,2012-11-18,12,OZ,13,35.75
218795655,106,51,5130,101380010,27474,2012-11-18,11.25,OZ,1,4.49
218795655,106,8,809,101300010,8164,2012-11-19,12,OZ,23,60.95
218795655,106,5,522,104240040,6160,2012-11-21,28,OZ,1,4.49
218795655,106,7,708,1076211171,17286,2012-11-22,12,OZ,1,10.99
218795655,106,40,4001,104100040,10522,2012-11-24,320,OZ,1,4.99
218795655,106,34,3406,103700030,8993,2012-11-25,38.8,OZ,1,5.99
218795655,106,41,4105,104078444,15810,2012-11-25,28,OZ,2,6.58
218795655,106,27,2713,105000050,11668,2012-11-27,5.5,OZ,14,11.9
218795655,106,41,4108,104133141,7531,2012-11-28,29,OZ,1,1.85
218795655,106,65,6503,102770020,12137,2012-11-30,16,OZ,2,8.98
218795655,106,19,1905,108870282,2167,2012-12-01,13,OZ,2,11.98
