3545509877,24,63,6315,1071754474,17653,2012-07-02,64,OZ,1,2.29
3545539874,376,99,9908,103338333,33170,2012-11-12,16,OZ,2,2.38
3545551872,85,27,2707,103680030,13656,2012-08-11,3.5,LB,1,4.38
3545551872,85,25,2506,104410040,8481,2012-08-11,16,OZ,1,2
3545555747,85,51,5128,107336979,11614,2012-06-04,7.5,OZ,1,1
3545555747,85,51,5122,1060788060,16965,2012-07-08,13.35,OZ,2,10.49
3545555747,85,96,9609,1051600050,88199,2012-09-01,0,,5,-2.75
3545555747,85,9,970,103800030,62065,2012-09-01,14.7,OZ,6,9.96
3545556596,85,44,4404,1060788060,16965,2012-06-07,25,OZ,1,2.29
3545556596,85,51,5128,1071785474,11614,2013-01-24,8,OZ,2,2
3545557033,85,43,4302,104300040,4030,2012-10-14,10.6,OZ,1,3.59
3545564173,85,7,707,103570030,3929,2012-11-02,12,OZ,1,5.99
3545593827,507,73,7357,103160434,12423,2012-08-23,160,CT,1,11.04
3545616542,507,5,502,108523989,11176,2012-03-02,21.6,OZ,1,3.81
3545616542,507,56,5614,108523989,11176,2012-10-28,10,OZ,1,3.77
3545620154,508,14,1410,103900030,10383,2012-11-10,15,OZ,2,3
3545662630,507,97,9753,1049240040,0,2012-04-04,1,CT,2,2.08
3545712047,508,26,2628,103700030,2248,2012-05-27,12,RL,2,31.98
3545712047,508,35,3506,103700030,3068,2012-06-14,20.3,OZ,1,5.99
3545712047,508,63,6315,108523989,11176,2012-09-19,128,OZ,1,4.29
3545712047,508,58,5827,104470040,13310,2012-10-16,12,OZ,1,5.39
3545712047,508,63,6315,108523989,11176,2013-03-14,128,OZ,1,4.49
3545712047,508,97,9753,1020406222,0,2013-05-09,1,CT,2,1.58
3545712778,508,35,3508,103700030,18371,2012-09-23,95,OZ,1,14.7
3545873323,306,29,2914,102100020,9886,2012-12-08,7.25,OZ,2,2.5
3545873323,306,69,6901,102260020,912,2013-03-12,2.7,OZ,3,3
3545881508,31,8,835,102150020,10238,2012-06-29,12,OZ,2,3.49
3545881508,31,99,9909,107143070,5072,2012-12-23,11.2,OZ,3,7.5
3545881582,31,33,3308,102840020,3336,2012-03-15,9.75,OZ,1,2.5
3545881582,31,41,4107,102114020,19950,2012-07-11,15.25,OZ,2,1
3545881582,31,42,4220,1060566363,5021,2012-11-28,12,OZ,2,2.58
3545881582,31,31,3101,102114020,19950,2013-03-02,0.75,OZ,1,3.29
3545883981,31,41,4107,104144343,11130,2012-08-06,27,OZ,1,1.69
3545883981,31,38,3801,103680030,3679,2013-04-13,4,LB,1,2.44
3545884166,31,97,9753,1020331323,0,2012-06-06,1,CT,423,10.78
3545888352,31,9,901,106731262,19527,2012-04-20,14.1,OZ,1,2.5
3545893894,31,31,3108,102460020,11990,2012-08-30,17.6,OZ,1,1.99
3545902058,31,51,5119,102370020,78850,2013-03-29,25.5,OZ,1,8.99
3545902138,31,21,2105,105200050,14597,2012-10-12,33.8,OZ,10,6.9
3545902138,31,44,4402,104145848,5602,2012-11-17,25.5,OZ,1,8.99
3545902138,31,92,9212,107124979,21913,2013-02-22,0.13,OZ,1,5.99
3545905376,31,27,2704,1080702080,14717,2012-12-20,8.5,OZ,2,9.98
3545907710,31,33,3307,102900020,14112,2012-12-31,16,OZ,2,4.79
3545908440,31,35,3508,1088596787,6063,2012-03-06,33.6,OZ,1,3.99
3545910069,31,53,5307,101450010,20864,2013-04-04,12,OZ,1,2.79
3545910427,31,58,5831,102265525,2626,2012-05-25,48,OZ,1,7.5
3545910476,31,56,5617,102100020,9886,2013-02-10,16,OZ,1,2.99
3545911916,31,44,4404,102114020,19950,2013-02-07,10.5,OZ,2,5.38
3545912382,31,58,5824,107778272,9260,2012-05-04,19,OZ,1,3.99
3545912382,31,10,1010,103400030,8247,2012-09-28,24,OZ,1,2.69
3545918129,31,45,4509,102114020,28428,2012-08-18,16,OZ,2,10.99
3545918129,31,36,3626,101200010,16391,2012-11-21,60,OZ,1,3
3545918129,31,4,418,103400030,15113,2013-03-30,4.4,OZ,2,2.67
3545938048,31,35,3506,103700030,3068,2012-07-20,45,OZ,1,3.99
3545938048,31,58,5831,102265525,2626,2013-01-11,16,OZ,2,3.99
3545938048,31,99,9908,107143070,5072,2013-03-30,16,OZ,1,3.99
3545938048,31,10,1011,102400020,4704,2013-04-21,6,OZ,2,2
3545942021,31,55,5555,107684070,32094,2013-02-14,16,OZ,1,4.99
3545948374,31,70,7001,103680030,18533,2012-12-26,16,OZ,2,4.48
3545958840,31,8,803,104150040,6714,2013-04-28,8,OZ,1,0.99
3545959828,31,33,3302,102114020,19950,2013-04-06,15,OZ,1,3.99
3545960198,31,9,907,107341070,2437,2012-09-02,24,OZ,2,4.29
3545964448,31,37,3703,105100050,2820,2013-02-17,10.75,OZ,1,1.49
3545967466,31,53,5307,102114020,19950,2013-01-20,10,OZ,1,1.49
3545968640,31,5,518,101600010,85114,2012-08-11,9.5,OZ,2,5
3545968640,31,36,3630,104900040,23359,2013-03-17,67.6,OZ,2,3
3545970562,31,33,3325,102840020,21452,2012-08-07,20,OZ,1,5.99
3545970562,31,26,2606,102114020,19950,2012-12-28,100,CT,1,3.89
3545970562,31,25,2503,102114020,19950,2013-05-25,10.2,OZ,1,3.79
3545970807,31,9,906,107348474,20524,2012-05-20,6,OZ,1,2.59
3545984019,40,58,5823,102114020,19950,2012-04-15,7,OZ,1,3.89
3545984019,40,8,810,102114020,19950,2013-03-03,1,OZ,2,1.19
3545991924,40,34,3405,101111111,5168,2012-12-15,8,OZ,2,5.98
3545991924,40,0,0,10000,0,2013-06-14,0,,1,0
3546003425,16,8,814,103760030,25412,2012-04-28,16,OZ,1,3.39
3546007797,21,25,2509,103450030,10165,2012-09-08,32,OZ,1,2.89
3546007898,21,18,1841,103700030,17864,2012-03-24,42.2,OZ,1,4.79
3546007898,21,57,5707,103663232,4568,2012-06-16,18.6,OZ,2,3.18
3546007898,21,63,6305,101630010,6509,2013-01-12,59,OZ,1,3
3546008025,21,55,5552,102983929,6763,2012-05-31,48,OZ,1,3.04
3546008025,21,4,419,103746636,10488,2012-06-22,3.5,OZ,1,2.49
3546008025,21,34,3405,104184040,20187,2012-08-04,4,OZ,1,2.19
3546008025,21,31,3101,104119040,16347,2013-03-01,2.25,OZ,1,2.46
3546008718,21,99,9908,104119040,16347,2012-03-16,16,OZ,2,3.33
3546008718,21,51,5132,1075341878,10302,2012-07-26,16,OZ,2,6.98
3546008718,21,73,7304,1036382434,12163,2013-01-04,14,CT,2,22.98
3546010672,21,58,5823,104470040,13310,2012-05-13,16,OZ,1,6.49
3546010672,21,79,7903,109256797,13776,2012-05-19,1,CT,1,3.99
3546010672,21,99,9908,104119040,16347,2012-11-20,16,OZ,2,3.17
3546012739,21,10,1011,104300040,26232,2012-08-03,22.5,OZ,1,3.77
3546012739,21,37,3707,102400020,3843,2013-03-04,14.5,OZ,1,1
3546013078,21,56,5616,105300050,2199,2012-07-13,6,OZ,1,1.99
3546013078,21,58,5812,102730020,5898,2013-01-11,16,OZ,2,8.78
3546022051,101,6,610,101200010,635,2012-03-11,64,OZ,1,6.49
3546022051,101,29,2914,102100020,9886,2013-03-10,7.25,OZ,4,5.1
3546025886,101,35,3508,103700030,18371,2012-04-05,100,OZ,2,19.98
3546025886,101,17,1726,101920010,10882,2012-09-20,35,CT,2,4
3546026914,101,30,3001,102100020,11761,2013-07-07,30,OZ,1,3.99
3546033106,77,56,5616,104610040,15889,2012-08-07,6.67,OZ,1,3.49
3546033106,77,64,6410,107031070,16095,2013-04-10,11.2,OZ,4,5.16
3546051454,70,9,901,1072543979,40679,2012-08-07,12,OZ,1,0.97
3546051454,70,51,5115,107192171,18492,2013-03-25,20.5,OZ,1,3.19
3546078494,70,59,5906,102900020,13564,2012-08-21,12,OZ,1,1.99
3546078494,70,9,907,107225070,12465,2013-02-21,20,OZ,1,2.19
3546078494,70,95,9518,1064541666,25075,2013-04-30,1,CT,1,3.49
3546090167,64,19,1908,1072543979,40679,2012-09-23,64,OZ,1,7.79
3546090167,64,97,9753,107143070,0,2012-09-23,1,CT,1,1.99
3546090167,64,56,5616,103582636,6564,2012-11-24,8,OZ,1,2.29
3546092257,68,51,5106,103100030,9626,2012-03-27,8.65,OZ,2,4.25
3546092257,68,9,922,102430020,10577,2012-10-04,13,OZ,1,1.79
3546092257,68,16,1601,103400030,2480,2012-12-21,10,CT,1,0.34
3546197328,165,56,5619,102100020,19279,2012-11-27,16,OZ,1,4.89
3546197328,165,63,6315,107203676,7953,2012-12-11,128,OZ,1,2.87
3546198805,165,73,7304,1036382434,4760,2012-03-12,3,OZ,1,10.29
3546199240,165,97,9781,10000,8255,2012-03-11,1,CT,1,-1.05
3546200707,165,36,3634,105200050,14597,2012-04-01,202.8,OZ,1,6.99
3546200707,165,97,9781,10000,8255,2012-08-30,1,CT,1,-1.05
3546200707,165,97,9781,10000,8255,2012-09-09,1,CT,1,-1.05
3546200707,165,26,2608,107203676,7953,2012-12-16,24,CT,2,1.98
3546200707,165,57,5710,103663232,4568,2013-02-03,21.2,OZ,1,4.29
3546200707,165,97,9781,10000,8255,2013-04-03,1,CT,1,-1.05
3546206515,26,92,9214,104126040,9907,2012-04-21,50,CT,1,2.59
3546206515,26,33,3303,101111010,9907,2013-04-22,11.5,OZ,1,2.08
3546214297,151,45,4508,104440040,7504,2012-07-09,11.4,OZ,1,2.99
3546214297,151,0,0,10000,0,2012-08-04,0,,1,0
3546214297,151,21,2106,103120030,12957,2012-10-12,64,OZ,1,2.99
3546214297,151,71,7113,104589343,5168,2013-02-01,12,OZ,1,3.49
3546214297,151,0,0,10000,0,2013-04-02,0,,1,0
3546214488,151,41,4108,101111010,9907,2013-01-21,15.5,OZ,4,2.76
3546218841,431,57,5707,101111010,9907,2012-09-22,18,OZ,1,1.99
3546218841,431,58,5833,101111010,9907,2013-03-17,16,OZ,2,5.98
3546219195,431,9,907,101111010,9907,2012-12-03,16,OZ,1,1.39
3546219195,431,41,4110,103940030,71386,2013-02-23,21,OZ,1,1.98
3546229674,431,63,6321,1077033373,43036,2012-08-01,10,OZ,1,2
3546229674,431,71,7113,102240020,18715,2013-01-27,32,OZ,1,3.49
3546229674,431,29,2908,101111010,9907,2013-07-13,16,OZ,1,0.89
3546229674,431,74,7402,101111111,5168,2013-07-20,7,OZ,1,2.39
3546231955,12,9,916,108136383,12592,2012-12-17,7.2,OZ,1,2
3546236104,12,63,6320,101111010,9698,2012-10-02,18,CT,1,2.79
3546255773,143,55,5552,101111010,9907,2012-06-24,48,OZ,1,2.5
3546255773,143,9,907,107294575,15878,2012-09-08,20,OZ,1,2.69
3546257253,83,99,9904,1078035373,53977,2012-03-16,16,OZ,1,2.5
3546257253,83,34,3411,101700010,4912,2012-04-25,16,OZ,1,4.09
3546257253,83,53,5307,102000020,7655,2012-08-16,11,OZ,2,4.78
3546257294,83,55,5552,101111010,20588,2012-03-15,48,OZ,1,5.49
3546257294,83,15,1506,104114343,17593,2012-11-03,15,OZ,1,4.69
3546257294,83,5,501,101600010,3396,2013-02-08,13.5,OZ,1,3.39
3546258299,143,9,908,104500040,8511,2012-03-18,13,OZ,1,4.29
3546258299,143,5,501,1088491282,14900,2012-03-18,25,OZ,1,3.67
3546261791,58,99,9908,103338333,33170,2012-06-03,16,OZ,1,2.29
3546261791,58,34,3405,101111111,5168,2012-06-10,8,OZ,1,3.47
3546261791,58,63,6315,101111010,9907,2012-09-02,128,OZ,1,2.68
3546269098,89,26,2622,101370010,8154,2013-01-31,17,CT,1,1.49
3546271522,126,9,908,104500040,8511,2012-09-02,11.25,OZ,1,2.19
3546273079,126,63,6321,104082242,15667,2013-02-17,10,OZ,1,3
3546273079,126,92,9208,104145747,7487,2013-02-27,4,CT,1,2.69
3546273996,126,99,9909,101111010,9907,2012-04-15,12,OZ,1,1.79
3546273996,126,0,0,10000,0,2012-06-22,0,,1,0
3546273996,126,63,6315,101111010,9907,2012-07-20,128,OZ,1,2.99
3546274059,126,38,3802,101111010,9907,2012-11-17,2,LB,1,1.99
3546274059,126,9,907,101111010,4962,2013-03-03,8,OZ,2,3.98
3546274059,126,63,6320,101111010,9907,2013-03-27,12,CT,4,4.5
3546275288,133,9,908,104500040,8511,2012-05-06,10.5,OZ,1,2.19
3546275288,133,21,2112,101111010,9907,2013-05-08,46,OZ,1,2.33
3546278765,98,51,5128,101111010,9907,2012-09-07,12,OZ,2,2
3546278765,98,37,3706,105260353,13414,2012-10-17,32,OZ,1,3.99
3546278765,98,8,821,107505070,8546,2012-10-21,11.5,OZ,1,3.09
3546280258,431,51,5125,102580020,16668,2012-03-18,8.5,OZ,1,2.18
3546280258,431,74,7407,1084105888,15983,2012-06-16,8,CT,2,8.98
3546280258,431,60,6001,101800010,14029,2012-12-08,11,OZ,2,4
3546282258,98,96,9609,1051500050,88199,2012-05-15,0,,1,-0.75
3546282258,98,55,5558,107255474,35506,2012-09-24,18.1,OZ,1,4.49
3546282258,98,29,2914,102100020,19279,2012-11-08,10.3,OZ,1,1.99
3546282258,98,96,9609,1051500050,88199,2012-11-26,0,,1,-0.75
3546300042,2,9,907,107294575,15878,2012-07-31,23,OZ,2,5
3546305608,140,82,8201,103760030,8501,2012-12-22,28,OZ,1,12.99
3546310390,63,0,0,10000,0,2013-02-19,0,,1,0
3546310390,63,36,3628,104900040,6137,2013-05-04,67.6,OZ,1,1
3546310390,63,0,0,10000,0,2013-05-29,0,,1,0
3546316684,215,9,907,103680030,6561,2013-03-03,11,OZ,1,1.59
3546333609,166,73,7304,1032390030,30125,2012-05-23,24,CT,1,8.77
3546333609,166,23,2301,107680878,1393,2012-06-26,13.25,OZ,1,1
3546333609,166,9,918,101410010,13791,2012-09-18,5.75,OZ,1,2.5
3546348947,96,63,6315,104190040,4664,2012-10-15,64,OZ,1,3.09
3546349141,96,96,9609,1057007454,88199,2012-04-16,0,,1,-2
3546349141,96,97,9799,102413121,6157,2012-04-30,1,CT,1,5.99
3546349141,96,9,907,104500040,12473,2012-10-02,24,OZ,1,3.99
3546349141,96,57,5704,102529323,16410,2013-04-01,5.3,OZ,2,2.98
3546349141,96,96,9609,1051514151,88199,2013-04-08,0,,1,-0.35
3546349944,96,99,9909,103003434,28496,2012-05-09,10,OZ,2,5
3546349944,96,18,1827,103700030,6236,2012-10-02,9.7,OZ,1,3.29
3546351284,96,9,907,103003434,7175,2012-03-11,12,OZ,1,1.19
3546351284,96,8,809,103003434,7175,2012-04-12,10.5,OZ,1,1.09
3546351284,96,79,7901,1072527474,45338,2012-09-14,1,CT,1,2.99
3546351284,96,26,2619,101370010,8154,2012-09-20,68,CT,1,9.99
3546351476,96,36,3601,101200010,13794,2012-10-09,50.7,OZ,1,0
3546352873,96,25,2506,105000050,32115,2012-12-21,32,OZ,1,3
3546352873,96,39,3903,105150050,8604,2013-05-31,27.6,OZ,1,3
3546372618,214,59,5902,104122040,23511,2012-08-22,16,OZ,2,4.8
3546384627,214,9,907,104122040,23511,2012-03-18,24,OZ,1,1.88
3546384627,214,28,2805,104122040,20514,2012-12-08,6,OZ,1,1.28
3546384627,214,63,6315,104122040,20514,2012-12-23,128,OZ,1,3.18
3546389449,214,63,6315,104122040,23511,2012-09-15,64,OZ,1,2.18
3546390947,214,8,826,104122040,20514,2012-03-23,6,OZ,2,1.76
3546390947,214,63,6314,107342070,4529,2012-09-27,16,OZ,1,1.98
3546394486,214,18,1829,1071274070,5875,2012-08-09,1,CT,2,3.94
3546394486,214,56,5607,104122040,23511,2013-03-26,8,OZ,1,1
3546434803,214,96,9609,1050000050,88199,2012-07-07,0,,1,-1
3546434803,214,31,3108,102460020,11990,2012-09-08,26,OZ,1,0.62
3546443110,214,99,9909,107143070,5072,2012-07-20,14,OZ,1,1.58
3546443110,214,9,902,104400040,19783,2012-10-16,14.5,OZ,2,7.76
3546443110,214,99,9909,104122040,23511,2013-04-16,12,OZ,1,2.53
3546462403,214,26,2633,103700030,3293,2012-03-09,36,RL,1,16.99
3546462403,214,34,3405,101111111,5168,2012-06-08,2.6,OZ,2,1.94
3546462403,214,99,9908,107146474,53154,2012-12-19,10,OZ,1,1.78
3546490088,214,37,3704,104800141,9814,2012-06-23,3.1,OZ,1,0.55
3546531453,46,26,2631,1071928373,11473,2012-07-26,42,CT,1,1.69
3546560541,46,9,901,107232070,17320,2013-05-06,11,OZ,1,1.34
3546589853,46,56,5616,102100020,4218,2012-10-05,7,OZ,1,2.5
3546589853,46,9,907,104125040,11473,2013-06-10,12.5,OZ,1,1.28
3546592726,46,63,6320,104125040,11473,2012-12-13,12,CT,1,1.68
3546630389,46,36,3628,107800070,17203,2012-08-18,101.4,OZ,1,0
3546658518,46,29,2914,102100020,19279,2012-07-15,8.76,OZ,4,4
3546658518,46,9,901,104400040,13243,2012-09-22,15.25,OZ,1,2.98
3546717369,20,41,4108,102113020,15704,2013-07-07,15,OZ,1,0.69
3546741245,18,97,9753,10000,0,2012-09-08,1,CT,1,1.5
3546747886,3,8,814,104133141,7531,2013-06-01,17.6,OZ,1,2.99
3546748065,3,9,917,107373171,11786,2012-03-14,17.5,OZ,1,0.17
3546748065,3,9,916,108136383,12592,2012-04-06,7.2,OZ,1,2.5
3546748065,3,37,3706,104119646,14582,2012-09-26,19,OZ,1,2.49
3546752364,14,63,6317,104157040,2017,2013-06-01,64,OZ,1,2.99
3546757737,88,56,5616,102113020,10786,2013-03-16,8,OZ,1,2.99
3546826900,48,54,5403,104227242,648,2013-03-05,6,OZ,12,35.88
3546838258,48,55,5557,107457070,26051,2012-09-01,9,OZ,1,2.5
3546838258,48,31,3101,102301222,27492,2013-02-04,5,OZ,1,2.99
3547375639,42,51,5116,107192171,25673,2012-12-03,26.4,OZ,2,16.38
3547769128,285,45,4511,107590171,6195,2012-06-27,26,OZ,1,3.99
3547769128,285,29,2904,101600010,18878,2013-02-20,5.5,OZ,1,1
3547769128,285,44,4404,107002272,15242,2013-03-16,48,OZ,1,3.49
3547769911,285,19,1908,105150050,9189,2012-03-21,18,OZ,1,3.34
3547769911,285,32,3204,103915333,3811,2012-07-15,17,OZ,1,7.49
3547771509,106,37,3703,105100050,2820,2012-03-05,10.5,OZ,2,3.9
3547778777,116,29,2928,101530010,58299,2012-10-21,6.9,OZ,2,3.7
3547778777,116,97,9753,10000,0,2013-03-13,1,CT,1,9.06
3547900561,24,99,9908,1075166676,52506,2012-09-27,10.5,OZ,1,2.49
3547991690,85,21,2105,105200050,7054,2013-03-12,32,OZ,1,1.59
3547993634,85,12,1205,108000080,17292,2012-04-13,2.6,OZ,3,5.07
3547993634,85,96,9609,1053700050,88199,2013-06-25,0,,4,-1
3547996766,85,16,1604,102200020,13228,2012-06-08,14,CT,1,1.19
3547997382,85,63,6305,101630010,6509,2012-11-05,59,OZ,1,3.99
3547999722,85,9,970,103800030,62065,2013-01-06,14.1,OZ,1,1.19
3547999744,85,33,3304,102840020,6777,2012-11-29,10.5,OZ,1,3.49
3547999744,85,99,9904,103338333,33170,2013-03-02,6,OZ,2,3.98
3548008756,85,97,9753,1081363585,0,2012-03-25,1,CT,1,4.99
3548008756,85,33,3303,102840020,10241,2012-06-10,10,OZ,1,2.14
3548008756,85,44,4404,101800010,14029,2012-11-11,25,OZ,1,3
3548008756,85,63,6315,108793282,13877,2012-12-22,16,OZ,2,2.78
3548008756,85,99,9904,107464171,33170,2013-06-09,16,OZ,1,1.99
3548011029,85,8,803,104150040,6714,2013-01-18,20,OZ,1,2.52
3548017195,85,9,901,1060788060,16965,2012-07-30,9.2,OZ,1,1.5
3548017195,85,33,3303,1060788060,16965,2012-09-04,5,OZ,1,1
3548017195,85,36,3618,101200010,23361,2012-09-25,67.6,OZ,1,1
3548017195,85,36,3618,104900040,23359,2013-01-17,67.6,OZ,1,1.66
3548017195,85,23,2301,1060788060,16965,2013-01-29,16,OZ,1,1.29
3548071658,507,32,3203,106414464,13474,2012-05-27,5,OZ,1,3.29
3548098001,507,38,3801,108523989,11176,2013-02-04,4,LB,1,2.69
3548111343,507,36,3629,104900040,6716,2013-02-27,144,OZ,1,3.49
3548133150,507,34,3410,107682878,19764,2013-02-14,1,OZ,1,1.29
3548144759,508,22,2201,105964757,23664,2013-06-09,121,OZ,1,2.99
3548168043,508,97,9730,107820676,11302,2012-11-17,1,CT,2,9.42
3548200006,508,5,501,103000030,58434,2012-05-20,11.5,OZ,1,3.51
3548200006,508,14,1415,102400020,4704,2012-10-17,15,OZ,1,1.46
3548200006,508,10,1011,104300040,26232,2013-04-18,13.5,OZ,3,6.27
3548200649,508,36,3604,107800070,2829,2012-12-18,67.6,OZ,1,1.33
3548301156,507,75,7504,104110040,4059,2012-08-15,7.5,OZ,1,7.99
3548317627,507,4,421,102200020,16565,2012-06-09,14,OZ,1,2.98
3548317627,507,5,516,103000030,14760,2012-07-12,6.5,OZ,1,2.29
3548323164,507,73,7358,103160434,12423,2012-06-11,120,CT,1,19.97
3548331835,507,26,2630,103600030,9787,2013-02-22,360,CT,1,5.69
3548331835,507,97,9704,1065059060,9823,2013-03-18,1,CT,1,10.99
3548370963,507,97,9717,104339646,33170,2012-06-16,1,CT,1,5
3548370963,507,7,709,104300040,7161,2013-03-24,6.2,OZ,1,11.39
3548377557,507,17,1704,1081793989,11556,2012-04-13,28,OZ,2,3.52
3548377557,507,34,3402,107560979,13012,2012-08-03,6.78,OZ,4,20.68
3548377557,507,18,1813,105114151,16044,2012-08-11,1,RL,2,1.02
3548430216,508,74,7402,1084105888,16559,2012-03-07,7,OZ,1,2.44
3548430216,508,97,9753,1068436464,0,2013-04-17,1,CT,1,2.99
3548466570,508,97,9753,1049081040,0,2013-02-26,1,CT,1,1.99
3548476667,507,17,1726,105114151,16044,2013-01-02,35,CT,1,1.99
3548481694,508,97,9753,1088495383,0,2012-03-30,1,CT,1,1.05
3548540052,507,74,7409,106905565,2304,2012-07-03,1,CT,1,41.99
3548644653,508,75,7507,1030813737,32322,2012-09-02,5,OZ,1,6.29
3548644653,508,32,3202,1067017161,9581,2013-02-23,10,OZ,1,3.14
3548654168,508,9,907,108523989,11176,2012-03-18,24,OZ,1,1.07
3548654168,508,51,5121,105150050,16728,2012-05-06,8,OZ,1,3.08
3548654168,508,35,3509,107261373,401,2012-05-24,40,OZ,1,5.24
3548654168,508,51,5106,103100030,9626,2012-07-29,8.65,OZ,2,4.48
3548654168,508,58,5837,108523989,11176,2012-08-26,2.1,OZ,2,5.94
3548660054,508,51,5125,107265575,8089,2013-06-06,9,OZ,1,1.89
3548678909,508,64,6408,108520080,94358,2012-04-16,0.75,LT,1,9.44
3548678909,508,56,5614,108523989,11176,2012-05-06,10,OZ,1,3.35
3548678909,508,5,516,108523989,11176,2012-06-23,6.8,OZ,1,1.96
3548678909,508,9,912,108523989,11176,2012-08-26,17.1,OZ,1,1.44
3548678909,508,45,4511,102370020,18969,2013-03-30,25,OZ,1,4.99
3548678909,508,29,2902,103760030,8501,2013-06-05,15,OZ,1,1.56
3548678909,508,45,4510,103100030,1358,2013-06-09,28,OZ,1,5.72
3548791777,8,99,9904,103338333,33170,2012-06-24,32,OZ,1,6
3548791777,8,51,5125,101380010,10271,2012-08-11,6,OZ,3,9
3548791777,8,35,3506,105170050,6335,2013-01-25,22.7,OZ,1,4.99
3548793689,8,33,3318,102840020,15441,2012-04-05,16,OZ,1,3.29
3548793689,8,1,106,101153515,19868,2012-06-23,4,OZ,1,1
3548793689,8,9,907,107294575,15878,2012-08-03,16,OZ,1,3.89
3548793689,8,14,1404,104130343,38922,2013-01-27,46,OZ,1,3.59
3548815035,8,53,5307,107033272,20864,2012-06-14,32,OZ,1,5.29
3548815035,8,64,6401,1060275565,6356,2013-01-06,72,OZ,1,8.99
3548860145,8,63,6315,104116343,365,2012-11-19,64,OZ,2,5.18
3548860145,8,26,2608,104130343,38922,2012-12-23,24,CT,2,3
3548860145,8,25,2506,104127141,26189,2012-12-23,32,OZ,1,3.99
3548866463,8,5,504,109742191,22339,2012-08-04,1.58,OZ,2,2
3548866463,8,99,9909,107127979,6732,2012-11-06,9.8,OZ,1,3.69
3548866463,8,64,6401,1078615070,17345,2012-11-21,67.2,OZ,1,10.99
3548870620,8,91,9132,104116343,8232,2012-11-15,0.75,LT,1,5.7
3548912799,31,5,516,103000030,14760,2012-09-09,6.7,OZ,2,3.49
3548934456,31,57,5704,102114020,17735,2012-05-20,32,OZ,1,2.29
3548934456,31,62,6201,107349171,9883,2013-02-10,22,OZ,2,5.98
3548934861,31,96,9609,1051514151,88199,2012-10-06,0,,2,-0.7
3548936284,31,58,5827,104470040,13310,2012-07-12,12,OZ,1,3.5
3548939262,31,27,2704,103810030,29945,2012-11-07,6,OZ,2,8
3548939262,31,71,7113,1030815131,1079,2013-03-01,13.5,OZ,1,2.5
3548939262,31,44,4401,107770070,12137,2013-06-01,32,OZ,1,0
3548944414,31,51,5125,101380010,10271,2012-12-08,8.5,OZ,1,2.5
3548944414,31,51,5123,104670444,18213,2012-12-08,24,OZ,1,4.49
3548965110,31,72,7205,103320030,305,2012-10-09,6,OZ,1,1.49
3548965110,31,18,1829,102114020,19950,2013-01-12,4,CT,0,0
3548965110,31,36,3635,102114020,19950,2013-04-20,33.8,OZ,3,2.67
3548969028,21,9,907,104119040,16347,2012-05-28,12,OZ,4,4.6
3548969028,21,45,4511,107057575,27210,2012-06-28,35,OZ,1,4.49
3548969028,21,23,2301,103340030,15802,2012-12-29,16,OZ,2,2.48
3548969028,21,9,917,104150141,13296,2013-02-22,14.3,OZ,1,1.99
3548970365,21,9,907,104119040,16347,2013-02-02,20,OZ,2,2.54
3548970519,21,59,5902,103450030,10165,2012-11-17,16,OZ,1,3.93
3548970519,21,9,902,104400040,18775,2013-01-26,8,OZ,1,3.49
3548971397,21,36,3601,104900040,3809,2012-07-21,144,OZ,1,4.99
3548971397,21,27,2707,107910070,85,2013-03-17,3.15,LB,1,4.29
3548971481,21,21,2119,1061300868,867,2012-07-10,128,OZ,3,5.97
3548971792,21,19,1905,105150050,16728,2012-09-12,32,OZ,1,1.99
3548974889,101,26,2629,104200040,19231,2012-11-15,40,CT,1,2.49
3548974889,101,4,421,1068826767,81691,2012-12-23,20,OZ,1,2
3548974889,101,5,501,1088491282,13689,2013-04-07,15,OZ,2,6
3548975637,101,63,6305,1068826767,81691,2012-04-22,64,OZ,1,2.39
3548975637,101,10,1010,105150050,16728,2012-06-15,20,OZ,2,4
3548975637,101,63,6315,1068826767,81691,2013-05-20,128,OZ,1,3.6
3548975637,101,33,3303,1068826767,81691,2013-06-02,10,OZ,1,2.31
3548977172,101,9,902,102410020,44209,2012-04-05,11.5,OZ,1,2.5
3548977172,101,33,3318,104178040,19154,2012-12-09,16,OZ,1,3.29
3548977172,101,59,5902,1068826767,81691,2013-04-28,16,OZ,1,2.99
3548977172,101,63,6312,102073525,18893,2013-07-22,128,OZ,1,2.69
3548977493,101,17,1710,104460040,29030,2012-08-18,18,OZ,1,5.99
3548977493,101,38,3801,104920040,5098,2013-05-11,4,LB,1,3.29
3548978329,101,27,2713,105000050,11668,2012-04-09,66,OZ,1,6.95
3548978329,101,63,6323,107654575,17876,2012-04-15,16,OZ,2,2.38
3548978874,101,9,918,101410010,13791,2012-03-17,7,OZ,1,3.69
3548978874,101,63,6320,1068826767,81691,2012-04-10,18,CT,1,2.65
3548978874,101,26,2609,1068826767,7173,2012-11-18,45,CT,1,2
3548978874,101,63,6320,1068826767,81691,2012-11-18,12,CT,1,1.79
3548981678,77,9,907,107078474,18552,2012-05-21,22,OZ,1,1.29
3548981678,77,64,6410,1063598565,11683,2013-03-30,67.2,OZ,1,7.99
3549041296,64,54,5401,103800030,5618,2012-05-25,10.7,OZ,1,2.79
3549041296,64,63,6315,1072543979,40679,2012-07-03,128,OZ,1,1.25
3549083745,165,97,9781,10000,8255,2012-05-26,1,CT,1,-1.05
3549084982,165,8,810,104600040,13023,2012-12-01,1,OZ,1,0.89
3549086379,26,26,2630,101111010,9907,2013-02-01,640,CT,1,4.59
3549092730,151,63,6305,101630010,6509,2012-11-11,59,OZ,1,3.59
3549092730,151,4,419,103746636,10488,2013-01-28,3.5,OZ,1,2.59
3549095126,89,56,5621,101111010,9907,2013-05-12,8,OZ,1,1.88
3549095296,89,5,501,101600010,10797,2012-03-17,16,OZ,1,5.69
3549095296,89,58,5823,101111010,9907,2012-03-31,10,OZ,1,2.79
3549095296,89,74,7407,1084105888,15983,2012-05-12,3,CT,1,8.49
3549095296,89,33,3308,102840020,3336,2013-01-26,1,OZ,2,1
3549095296,89,36,3632,101111010,1814,2013-03-16,67.6,OZ,2,1.68
3549095644,89,51,5122,107527878,6625,2013-02-08,42.72,OZ,1,6.07
3549095644,89,9,901,104400040,13243,2013-02-21,14.3,OZ,1,2.77
3549103856,98,27,2705,105000050,6775,2013-02-08,5.5,OZ,24,11.52
3549104974,126,63,6315,101111010,9907,2012-12-29,64,OZ,1,2.19
3549117236,12,41,4121,101111010,9907,2012-05-27,8,OZ,4,1.48
3549117236,12,63,6315,104126040,9698,2012-09-16,128,OZ,2,6.38
3549117236,12,0,0,10000,0,2012-10-09,0,,2,0
3549117236,12,2,201,101600010,1756,2012-12-13,15,OZ,1,4.69
3549127334,2,8,810,102150020,10238,2012-11-21,1,OZ,3,4.47
3549127334,2,2,212,107596878,11151,2013-01-28,7,OZ,3,0.75
3549131981,2,4,416,104000040,18946,2012-08-18,1.79,OZ,1,0.69
3549135375,140,97,9744,104122646,12987,2012-08-23,1.27,OZ,1,0.89
3549140014,191,4,427,102200020,506,2012-04-26,3.52,OZ,1,3.49
3549140014,191,0,0,10000,0,2012-10-07,0,,1,0
3549140014,191,21,2118,1073951070,16807,2012-10-13,20,OZ,5,5
3549140014,191,26,2607,101090010,15232,2012-12-04,1,CT,1,1.59
3549140014,191,63,6319,102073525,18893,2013-02-24,64,OZ,1,1.25
3549158119,96,36,3612,107810272,30794,2012-12-12,128,OZ,1,1.09
3549170993,214,56,5614,104171646,6769,2012-07-01,10,OZ,1,3.48
3549170993,214,33,3308,102840020,3336,2012-10-30,1.25,OZ,2,1
3549203501,214,36,3638,102500020,11749,2012-07-29,67.5,OZ,1,1.97
3549203501,214,26,2629,104122040,23511,2013-05-25,500,CT,1,3.27
3549225384,214,56,5620,104122040,20514,2013-03-16,8,OZ,2,4.56
3549279763,46,60,6011,101800010,14029,2012-04-18,16.3,OZ,1,1.77
3549285830,46,56,5609,104125040,11473,2012-04-19,24,OZ,1,2.29
3549285830,46,37,3704,1071928373,11473,2012-07-13,3.25,OZ,1,1.79
3549285830,46,23,2301,102920020,12168,2013-03-11,16,OZ,1,1.49
3549292353,46,58,5824,102781525,5557,2012-05-21,13,OZ,2,3.34
3549292353,46,54,5401,103800030,5618,2012-12-03,12.3,OZ,1,2
3549327675,14,38,3802,101580010,2649,2013-06-25,2,LB,1,1.99
3549352967,18,91,9110,108711686,42400,2012-10-20,0.75,LT,1,10.99
3549804642,285,38,3802,101115010,15530,2012-08-23,2,LB,1,1.86
3549872568,377,9,907,101853717,15806,2012-03-10,24,OZ,1,4.49
3549873856,377,36,3601,1071754474,17649,2012-06-01,67.6,OZ,7,6.16
3549904514,24,57,5710,107835575,61673,2012-11-16,24,OZ,1,4.39
3549910809,85,38,3801,103680030,3679,2012-09-16,4,LB,1,2.49
3549910809,85,10,1010,103400030,8247,2013-03-24,24,OZ,1,2.59
3549911973,85,60,6011,101800010,14029,2012-10-08,16.3,OZ,1,1.25
3549912147,85,51,5125,101380010,10271,2013-03-31,9.75,OZ,1,2.5
3549919618,85,9,907,105040050,95440,2012-07-08,12,OZ,1,2.49
3549947142,507,0,0,10000,0,2012-04-13,0,,1,-1
3549947142,507,34,3411,107418272,16853,2012-06-27,20,OZ,1,3.77
3549947142,507,54,5403,101800010,14029,2012-08-23,7.4,OZ,2,2.8
3549947142,507,63,6315,108523989,11176,2013-03-05,128,OZ,1,3.49
3550085749,507,17,1703,104650040,14149,2013-04-19,16,OZ,1,3.5
3550124205,508,10,1011,104300040,26232,2012-05-26,24,OZ,1,3.13
3550124205,508,58,5807,108523989,11176,2012-10-22,16,OZ,1,4.19
3550124205,508,56,5614,108523989,11176,2013-04-20,12,OZ,1,3.77
3550193174,510,97,9731,1065356969,43755,2013-04-02,1,CT,1,19.99
3550195830,510,92,9204,107417070,15743,2012-09-15,0.31,OZ,1,3.77
3550206585,507,26,2609,104116545,23664,2012-10-20,50,CT,1,3.45
3550206585,507,27,2712,1066790262,20900,2013-05-03,1,CT,2,6.28
3550210785,507,92,9215,107124979,21913,2012-04-18,1.7,OZ,1,12.5
3550210785,507,14,1405,103120030,12957,2012-11-20,14,OZ,4,5
3550211162,507,7,708,1076211171,17286,2012-08-06,20,OZ,1,12.96
3550217883,510,56,5612,104175747,10216,2012-05-23,4.5,OZ,1,3.66
3550234613,510,5,501,103800030,11732,2013-01-04,15.2,OZ,1,3.14
3550242935,508,97,9753,1020406525,0,2013-04-08,1,CT,1,1.07
3550246208,508,9,912,107680070,10333,2012-07-06,17.1,OZ,1,1.56
3550246208,508,9,907,108523989,11176,2012-07-06,12,OZ,1,2.61
3550246208,508,26,2617,107118777,23664,2012-11-11,1,CT,1,1.46
3550246208,508,5,519,108523989,833,2013-01-18,12.1,OZ,1,3.1
3550248654,510,21,2117,1065762262,26129,2012-08-15,54,OZ,3,10.98
3550251060,507,73,7307,1037003030,23664,2012-05-02,24,CT,1,2.88
3550261976,508,37,3703,105100050,2820,2012-12-07,10.75,OZ,3,2.91
3550261976,508,33,3312,103800030,14494,2013-03-05,5.32,OZ,1,1.6
3550261976,508,41,4108,108523989,11176,2013-04-17,15.5,OZ,4,2.92
3550263942,510,9,901,104400040,13243,2012-07-28,4,OZ,1,1.05
3550263942,510,36,3611,107114272,915,2012-07-28,405.6,OZ,1,4.2
3550266089,508,26,2619,101370010,8154,2012-09-30,50,CT,1,8.14
3550273709,507,57,5704,107047070,20230,2013-01-15,6,OZ,3,1.64
3550273709,507,16,1604,102200020,6021,2013-01-15,15,CT,1,1.04
3550292467,507,92,9215,1030813737,15397,2012-06-16,1,OZ,1,20.89
3550292467,507,97,9753,1049013141,0,2012-09-08,1,CT,1,7.85
3550296062,509,97,9753,1023303222,0,2013-04-16,1,CT,1,4.19
3550304759,509,57,5704,107047070,20230,2012-04-06,6,OZ,8,5.2
3550304759,509,26,2631,103600030,4139,2012-08-02,42,CT,2,4.29
3550304759,509,97,9748,107033070,1783,2012-08-09,18,CT,1,7.61
3550304759,509,18,1829,107089676,19921,2012-11-13,10,CT,1,3.14
3550304759,509,9,908,108523989,11176,2012-11-28,17,OZ,1,2.42
3550304759,509,74,7405,104740040,7196,2013-03-06,4,CT,1,20.74
3550304759,509,9,970,103800030,62065,2013-04-27,14.7,OZ,2,3.22
3550305605,508,5,501,103800030,6796,2012-06-02,17,OZ,1,3.77
3550306651,508,97,9753,1022770424,0,2012-03-04,1,CT,1,6.6
3550306651,508,6,607,1063810262,20375,2012-06-10,7.9,OZ,2,8.2
3550311449,510,26,2619,107005272,15596,2012-05-23,105,CT,1,4.61
3550311449,510,22,2210,107261373,23664,2013-01-21,103,OZ,1,7.55
3550311449,510,35,3504,103500030,330,2013-03-26,90,OZ,1,5.5
3550313926,507,26,2609,104200040,5016,2012-07-25,50,CT,1,4.2
3550318389,508,26,2614,1030800434,17323,2012-12-28,18,CT,1,2.52
3550326732,507,26,2628,103700030,2248,2013-01-11,12,RL,1,16.79
3550329369,508,25,2506,105000050,32115,2012-03-29,32,OZ,1,3.55
3550329369,508,57,5705,108523989,833,2012-06-20,6,OZ,2,1.4
3550329369,508,5,516,101600010,6283,2013-01-23,14.1,OZ,1,4.7
3550329369,508,8,822,104150141,10197,2013-07-10,28,OZ,2,2.26
3550330854,510,18,1813,105114151,23664,2012-06-01,3,RL,1,3.14
3550330854,510,41,4121,102700020,8612,2012-08-03,8,OZ,4,1.56
3550330854,510,17,1706,101980010,19934,2012-11-12,32,OZ,1,2.67
3550333021,508,26,2619,101258717,7245,2012-09-12,42,CT,1,8.72
3550338920,507,97,9753,1087219787,0,2012-09-12,1,CT,1,2.62
3550338920,507,71,7113,1060308464,7034,2012-09-12,25.4,OZ,1,4.97
3550338920,507,5,501,103800030,24514,2013-01-23,17,OZ,1,3.87
3550346993,240,97,9731,10842181,92060,2012-04-04,1,CT,1,4.99
3550346993,240,63,6305,104850040,18799,2013-01-02,59,OZ,1,3
3550375749,8,33,3318,104113040,28204,2013-03-10,10,OZ,1,1.67
3550414280,31,18,1835,102114020,19950,2012-05-14,16.6,LB,1,8.99
3550414280,31,19,1908,1085108787,66367,2012-10-15,16,OZ,1,5.29
3550416334,31,28,2805,102114020,19950,2012-06-19,15,OZ,1,3.99
3550416334,31,12,1206,108660080,2559,2013-01-21,20,OZ,1,4.99
3550416334,31,41,4107,102400020,4704,2013-03-25,8.25,OZ,1,1
3550416334,31,36,3632,102114020,23503,2013-04-22,144,OZ,1,2.5
3550433152,31,26,2634,103700030,3293,2012-08-05,12,RL,1,7.99
3550438380,31,30,3002,102100020,11761,2012-10-05,30,OZ,4,10.98
3550438380,31,22,2211,103700030,2246,2012-11-08,105,CT,1,4.99
3550438380,31,96,9609,1050057353,88199,2012-12-28,0,,2,-2
3550440641,31,17,1709,107415777,18263,2013-03-04,32,OZ,1,2.49
3550443382,31,64,6408,108072080,7265,2012-12-07,1.5,LT,1,6.99
3550443463,31,95,9518,1061029060,7848,2012-03-07,1,CT,1,2.79
3550443463,31,8,811,103620030,1698,2013-05-25,24,OZ,1,2.5
3550446085,31,30,3008,102100020,9886,2012-08-17,16,OZ,1,3.39
3550446197,31,31,3101,103384434,1257,2012-03-07,32,OZ,1,5.29
3550446197,31,55,5556,104154848,5603,2012-08-26,48,OZ,1,0
3550447287,31,33,3318,102114020,19950,2012-04-03,16,OZ,2,2.19
3550447287,31,28,2805,105380050,10487,2012-09-01,5.75,OZ,2,1.99
3550453594,40,58,5835,107790070,9200,2012-12-15,12,OZ,0,0
3550453594,40,9,907,107763373,17614,2013-01-14,24,OZ,1,3.19
3550469037,21,9,907,103967737,16347,2012-10-18,16,OZ,2,3.18
3550469037,21,63,6315,104119040,16347,2012-11-25,128,OZ,1,3.49
3550476446,77,10,1013,103890030,5072,2012-07-15,16,OZ,1,2.5
3550476446,77,44,4407,107680070,10333,2012-07-29,12,OZ,1,1.67
3550476446,77,33,3308,104126242,92654,2012-10-14,8.5,OZ,1,2.5
3550476446,77,97,9781,10000,8255,2013-03-03,1,CT,2,-1.46
3550502378,70,57,5704,107047070,20230,2012-03-06,6,OZ,1,0.6
3550502378,70,60,6010,101800010,14029,2013-01-09,6,OZ,2,1.19
3550553296,26,73,7356,1030000535,3201,2012-04-22,100,CT,1,9.97
3550555631,143,8,816,1064767161,6994,2012-06-01,16,OZ,1,3
3550555631,143,10,1004,104300040,26232,2012-12-30,3.4,OZ,2,2.58
3550555631,143,56,5621,101111010,9907,2013-01-20,8,OZ,1,2
3550556519,83,33,3325,102840020,21452,2012-03-23,18,OZ,1,6.94
3550562923,98,26,2632,103600030,8583,2013-01-03,56,CT,1,1.99
3550562923,98,32,3203,101111010,9907,2013-04-23,6,OZ,1,1.88
3550566450,98,99,9908,103338333,287,2012-03-10,80,OZ,1,2.72
3550566450,98,5,502,103800030,9543,2012-04-24,8,OZ,1,2.99
3550566450,98,99,9904,1071575676,5278,2012-10-13,32,OZ,1,5.48
3550566450,98,99,9909,101111010,9907,2012-11-03,12,OZ,1,2.49
3550566450,98,51,5116,107218070,6718,2013-04-13,26.11,OZ,1,5.99
3550568732,98,9,907,101111010,9907,2012-04-12,24,OZ,1,1.29
3550568732,98,18,1890,105209252,43069,2012-05-22,1,CT,1,1.89
3550568732,98,26,2619,107005272,15596,2012-06-02,60,CT,1,5.19
3550568732,98,1,104,101500010,7142,2012-07-07,16,OZ,1,2.5
3550568732,98,75,7533,104126040,9907,2012-10-27,2,CT,1,5.66
3550568732,98,25,2506,101111010,9907,2013-03-07,32,OZ,1,2.22
3550568732,98,3,302,101111010,9907,2013-05-04,12,OZ,2,3.04
3550570393,126,32,3202,101111010,9907,2012-08-24,128,OZ,1,6.99
3550570393,126,0,0,10000,0,2012-12-24,0,,2,0
3550570393,126,23,2301,107680878,1393,2012-12-31,16,OZ,4,5
3550570393,126,3,308,101111010,9907,2013-03-11,4,OZ,1,2.99
3550570393,126,36,3601,104900040,3809,2013-04-18,144,OZ,1,4
3550580237,58,20,2035,1079852575,16784,2012-04-07,8,OZ,2,5.98
3550595660,23,26,2630,103600030,9787,2013-03-23,84,CT,3,5.97
3550615484,166,58,5823,104470040,13310,2012-06-30,9,OZ,1,4.47
3550615484,166,54,5401,103800030,5618,2012-07-27,24.6,OZ,1,4.44
3550615484,166,63,6320,103190333,1436,2012-08-26,12,CT,1,1.99
3550615484,166,97,9753,10000,0,2012-10-29,1,CT,1,3.82
3550615484,166,25,2501,1065272969,5453,2012-12-21,14,OZ,1,2.5
3550617726,96,9,907,101410010,13791,2013-05-17,24,OZ,1,3.49
3550618273,96,51,5125,107265575,8089,2012-05-09,10.4,OZ,1,4.39
3550618851,96,73,7345,103680030,18533,2012-12-21,50,CT,1,6.39
3550618851,96,73,7358,103003434,7175,2013-01-04,100,CT,1,4.99
3550619562,96,36,3632,107800070,4354,2012-08-20,20,OZ,1,1.59
3550635860,214,8,810,104122040,23511,2012-07-16,1.5,OZ,1,-0.06
3550635860,214,35,3504,103500030,13470,2012-08-03,25,OZ,1,2.64
3550635860,214,9,907,104122040,23511,2012-08-31,16,OZ,1,1.5
3550635860,214,9,917,104122040,23511,2013-01-01,21,OZ,1,1.38
3550635860,214,9,917,104122040,23511,2013-06-03,30,OZ,1,1.38
3550671432,214,36,3601,104900040,3809,2012-05-18,240,OZ,1,5.47
3550671432,214,36,3628,101200010,12029,2012-10-11,50.7,OZ,1,0.97
3550671432,214,9,907,104122040,20514,2012-11-13,13,OZ,1,1.25
3550707755,46,53,5307,101450010,20864,2012-10-21,16,OZ,1,1.25
3550720489,46,35,3509,103320030,875,2012-08-16,60.5,OZ,2,5.19
3550746438,46,2,201,105150050,14029,2012-06-07,15.25,OZ,1,1
3550746438,46,11,1111,10834686,27393,2012-07-25,80,OZ,2,21.98
3550746438,46,34,3410,107418272,16853,2013-04-07,8,OZ,1,2.59
3550747248,46,97,9753,1020802424,0,2012-08-11,1,CT,2,12.08
3550747248,46,7,702,102800020,18041,2012-08-17,1.4,OZ,1,3.79
3550747248,46,95,9518,106700868,25075,2012-12-22,1,CT,1,2.99
3550783566,4,71,7113,1060308464,7034,2012-10-13,25.4,OZ,1,6.19
3550783566,4,33,3307,101411313,23033,2013-02-05,20,OZ,1,10.99
3550785790,95,73,7302,1032113030,15704,2012-07-04,300,CT,1,8.49
3550785790,95,99,9909,107989373,12908,2013-02-24,5,OZ,1,2.5
3550793031,15,63,6315,107989373,30626,2012-04-20,128,OZ,1,2.99
3550806172,360,56,5615,107835474,2675,2013-02-03,8,OZ,1,3.19
3551271925,109,25,2506,105000050,32115,2012-05-23,32,OZ,1,3.79
3551271925,109,58,5823,107417575,20614,2013-05-06,12,OZ,1,3.69
3551322383,24,51,5127,103100030,1358,2012-03-11,10.1,OZ,1,1
3551338389,85,56,5616,1060788060,16965,2012-05-11,8,OZ,1,2.69
3551338389,85,58,5823,105190050,26456,2012-06-06,6,OZ,2,5
3551344790,85,54,5403,107790070,9200,2012-08-24,13.6,OZ,1,4.99
3551344790,85,63,6311,101630010,6509,2013-01-04,59,OZ,1,2.98
3551364726,507,37,3705,108523989,11176,2012-10-01,18.8,OZ,1,1.44
3551469844,508,69,6901,107940070,4696,2012-05-21,0.5,OZ,1,0.97
3551487341,508,97,9753,1076594070,0,2012-08-17,1,CT,1,1
3551487341,508,97,9753,104319444,0,2012-09-10,1,CT,3,3
3551542062,510,22,2207,1075703777,13386,2012-12-01,64,OZ,1,9.54
3551542062,510,97,9753,1049075040,0,2012-12-01,1,CT,1,18.99
3551554392,510,72,7212,107103171,23664,2012-09-27,1,CT,1,3.99
3551558725,510,55,5552,108523989,833,2013-01-15,48,OZ,1,4.18
3551631220,8,63,6315,104116343,365,2012-09-26,128,OZ,1,3.89
3551633942,8,36,3603,104300040,26420,2012-09-17,64,OZ,5,1
3551658480,31,2,201,105150050,14029,2012-07-03,15.25,OZ,1,1
3551658480,31,36,3632,102114020,19950,2012-07-27,144,OZ,1,2.2
3551659669,31,21,2118,108939686,11797,2012-11-06,16,OZ,4,4
3551675473,31,10,1013,103890030,5072,2012-12-02,8,OZ,2,4
3551690729,40,8,805,107426373,48665,2012-12-12,16,OZ,1,2.99
3551699673,40,36,3618,101200010,23361,2012-05-17,216,OZ,1,4.99
3551699673,40,41,4106,102114020,19950,2012-09-15,4,OZ,1,1
