524207855,31,33,3305,102840020,5141,2012-07-16,11.5,OZ,2,8.58
524207855,31,36,3601,104900040,3809,2012-07-18,240,OZ,1,7.49
524207855,31,58,5812,102781525,5557,2012-07-21,12,OZ,3,9.87
524207855,31,33,3305,102840020,5141,2012-07-22,11.5,OZ,9,38.61
524207855,31,26,2622,102570020,20361,2012-07-24,10,CT,1,2.69
524207855,31,51,5134,107008575,26885,2012-07-25,14,OZ,1,4.99
524207855,31,9,907,107763373,17614,2012-07-27,15,OZ,1,2.49
524207855,31,21,2112,1089899989,19445,2012-07-29,16.9,OZ,2,5.58
524207855,31,63,6320,102114020,19950,2012-07-29,30,CT,1,4.79
524207855,31,5,501,101600010,3331,2012-07-30,8.9,OZ,1,3.79
524207855,31,36,3630,101200010,23361,2012-07-30,67.6,OZ,1,1.99
524207855,31,36,3604,107800070,16023,2012-07-31,67.6,OZ,1,1.99
524207855,31,57,5703,105215959,41981,2012-08-01,6,OZ,1,0.99
524207855,31,35,3504,103700030,6947,2012-08-01,30,OZ,1,2.39
524207855,31,51,5134,104280040,18599,2012-08-04,7.5,OZ,1,2
524207855,31,5,501,101600010,14900,2012-08-06,17.1,OZ,1,4.79
524207855,31,9,907,102114020,19950,2012-08-08,20,OZ,7,14.43
524207855,31,36,3601,104900040,3809,2012-08-08,60,OZ,2,6.78
524207855,31,74,7407,102429121,7890,2012-08-10,3,CT,1,1.49
524207855,31,36,3611,107343070,20325,2012-08-11,96,OZ,3,8.97
524207855,31,63,6315,102114020,19950,2012-08-13,64,OZ,8,21.2
524207855,31,97,9753,1070722676,0,2012-08-16,1,CT,1,7.59
524207855,31,58,5823,107187171,13310,2012-08-19,12,OZ,1,3.89
524207855,31,34,3403,103500030,8919,2012-08-20,11.25,OZ,1,2.49
524207855,31,55,5558,102114020,19950,2012-08-20,30,OZ,1,3.89
524207855,31,56,5607,102114020,19950,2012-08-21,8,OZ,4,9
524207855,31,56,5620,107835474,2675,2012-08-22,8,OZ,1,4.19
524207855,31,21,2112,103890030,5072,2012-08-25,46,OZ,2,5.38
524207855,31,64,6409,103125939,20202,2012-08-27,1.5,LT,1,13.99
524207855,31,8,816,104082242,15667,2012-08-30,16,OZ,2,7.98
524207855,31,19,1908,105150050,9189,2012-09-01,18,OZ,2,7.98
524207855,31,8,838,104154343,16438,2012-09-02,5,OZ,1,1.79
524207855,31,16,1601,102200020,71567,2012-09-03,15,CT,1,1.25
524207855,31,33,3303,102114020,19950,2012-09-05,9,OZ,1,2.99
524207855,31,56,5620,102114020,19950,2012-09-07,16,OZ,5,31.95
524207855,31,49,4901,1083418383,385,2012-09-08,22,OZ,1,3.99
524207855,31,36,3618,104900040,23359,2012-09-08,67.6,OZ,13,23.27
524207855,31,60,6001,105000050,30272,2012-09-09,16,OZ,1,3.69
524207855,31,36,3629,101200010,23360,2012-09-11,288,OZ,1,7.99
524207855,31,64,6408,108143484,1959,2012-09-12,0.75,LT,1,9.99
524207855,31,28,2805,102114020,19950,2012-09-21,7.75,OZ,1,1.69
524207855,31,41,4107,102400020,4704,2012-09-23,14.5,OZ,1,1.59
524207855,31,9,907,107341070,2437,2012-09-26,22,OZ,1,2.99
524207855,31,56,5614,104610040,15889,2012-09-27,9,OZ,1,5.29
524207855,31,96,9609,1053700050,88199,2012-09-27,0,,1,-0.25
524207855,31,73,7302,1030057333,250,2012-09-29,40,CT,1,6.99
524207855,31,63,6323,1085225181,8247,2012-09-30,12,OZ,1,1.59
524207855,31,9,918,101410010,13791,2012-09-30,6.75,OZ,1,3.49
524207855,31,23,2301,102920020,12168,2012-10-01,16,OZ,5,9.45
524207855,31,9,907,105040050,95440,2012-10-02,12,OZ,3,7.77
524207855,31,33,3305,107797575,27417,2012-10-03,16,OZ,1,3.69
524207855,31,64,6409,1071788878,8249,2012-10-04,0.75,LT,1,14.99
524207855,31,25,2505,105000050,32115,2012-10-05,32,OZ,1,3.69
524207855,31,36,3628,101200010,12029,2012-10-07,288,OZ,1,7.99
524207855,31,97,9753,10000,0,2012-10-10,1,CT,1,5.57
524207855,31,56,5617,102100020,9886,2012-10-11,8,OZ,2,7.38
524207855,31,10,1013,103890030,5072,2012-10-11,17.2,OZ,3,8.97
524207855,31,5,501,103000030,58434,2012-10-11,12.5,OZ,1,4.49
524207855,31,6,607,107007474,5810,2012-10-13,48,OZ,2,18.98
524207855,31,28,2806,10930090,12157,2012-10-13,24,OZ,1,3.29
524207855,31,5,504,1072225272,3695,2012-10-14,1.69,OZ,1,1.33
524207855,31,54,5403,101800010,14029,2012-10-24,11.5,OZ,1,2.89
524207855,31,45,4509,102114020,28428,2012-10-26,40,OZ,2,19.98
524207855,31,33,3316,101600010,3397,2012-10-27,15,OZ,1,3.99
524207855,31,36,3618,104900040,23359,2012-11-01,42.2,OZ,1,0.99
524207855,31,34,3402,1030052131,14250,2012-11-03,3.5,OZ,1,4.79
524207855,31,35,3504,103680030,3679,2012-11-03,25,OZ,2,2
524207855,31,35,3509,102420020,14716,2012-11-04,75,OZ,2,12.98
524207855,31,51,5115,107192171,25673,2012-11-04,23.4,OZ,1,7.79
524207855,31,72,7208,1030004131,26880,2012-11-08,1,CT,1,7.99
524207855,31,30,3008,104133545,43106,2012-11-10,16,OZ,1,3.69
524207855,31,14,1411,103890030,5072,2012-11-11,8,OZ,2,2.38
524207855,31,51,5127,1065827666,8605,2012-11-11,15,OZ,2,7.78
524207855,31,57,5705,103663232,4568,2012-11-11,16,OZ,1,2.69
524207855,31,96,9609,1051800050,88199,2012-11-15,0,,1,-0.55
524207855,31,36,3629,101200010,23360,2012-11-17,20,OZ,1,1.69
524207855,31,13,1306,102114020,19950,2012-11-22,2,LB,1,1.59
524207855,31,99,9901,1066062868,26492,2012-11-22,1.8,OZ,5,14.95
524207855,31,29,2920,102970020,8711,2012-11-22,13.75,OZ,1,2
524207855,31,33,3316,101600010,3397,2012-11-26,8.75,OZ,1,2.79
524207855,31,63,6316,102114020,19950,2012-11-30,8,OZ,1,1.29
524207855,31,4,421,107097070,56002,2012-12-09,5,OZ,1,1.25
524207855,31,18,1890,105209252,43069,2012-12-10,2,CT,1,4.79
524207855,31,63,6320,102114020,19950,2012-12-16,6,CT,1,1.39
524207855,31,36,3611,107343070,20325,2012-12-16,405.6,OZ,1,5.49
524207855,31,41,4107,102400020,4704,2012-12-22,14.5,OZ,2,3.18
524207855,31,51,5115,107218070,15035,2012-12-23,23.45,OZ,3,14.97
524207855,31,33,3302,102114020,19950,2012-12-23,15,OZ,1,3.99
524207855,31,63,6305,101630010,6509,2012-12-26,89,OZ,1,5.99
524207855,31,56,5610,102100020,9886,2012-12-28,5,OZ,1,3.29
524207855,31,97,9753,1073342070,0,2012-12-28,1,CT,1,2.99
524207855,31,63,6399,102114020,19950,2012-12-30,7,OZ,1,2.99
524207855,31,26,2620,102114020,19950,2013-01-01,20,CT,3,4.97
524207855,31,8,807,105313656,13646,2013-01-01,12,OZ,1,3.99
524207855,31,9,901,103010030,15828,2013-01-01,13,OZ,1,3.49
524207855,31,37,3707,102114020,19950,2013-01-03,32,OZ,2,5.98
524207855,31,45,4509,1082521585,22208,2013-01-04,32,OZ,2,13.98
524207855,31,64,6401,101820010,2510,2013-01-04,72,OZ,2,13.48
524207855,31,99,9904,103338333,33170,2013-01-05,64,OZ,3,14.97
524207855,31,99,9908,107878373,26033,2013-01-12,12,OZ,1,2.79
524207855,31,4,416,103400030,452,2013-01-12,1.61,OZ,2,2.18
524207855,31,71,7113,102240020,18715,2013-01-16,32,OZ,1,4.79
524207855,31,33,3315,102114020,19950,2013-01-17,16,OZ,2,9.58
524207855,31,97,9753,1020968121,0,2013-01-18,1,CT,2,5.98
524207855,31,27,2703,103810030,34324,2013-01-20,72,OZ,1,6.99
524207855,31,37,3711,105100050,2820,2013-01-20,18.3,OZ,1,3.29
524207855,31,13,1306,102114020,19950,2013-01-20,5,LB,2,5.38
524207855,31,9,907,107294575,15878,2013-01-25,20,OZ,4,13.16
524207855,31,63,6305,102114020,19950,2013-01-25,64,OZ,1,2.99
524207855,31,8,821,1089426383,68208,2013-01-26,16,OZ,1,5.29
524207855,31,33,3307,101411313,23033,2013-01-28,8,OZ,2,7.98
524207855,31,26,2617,103680030,3679,2013-02-01,1,CT,1,0.97
524207855,31,26,2633,105400050,16048,2013-02-02,4,RL,1,4.29
524207855,31,33,3316,101600010,3397,2013-02-02,8.75,OZ,2,5.58
524207855,31,36,3630,107800070,23561,2013-02-03,144,OZ,1,4.99
524207855,31,9,906,104300040,16249,2013-02-05,7,OZ,1,2.49
524207855,31,30,3001,102114020,19950,2013-02-08,16,OZ,1,2.99
524207855,31,40,4004,104100040,10522,2013-02-09,3.75,OZ,1,3.19
524207855,31,63,6312,102500020,16487,2013-02-09,59,OZ,2,5.98
524207855,31,64,6401,101820010,2510,2013-02-09,144,OZ,3,34.47
524207855,31,31,3110,102114020,28444,2013-02-10,3.1,OZ,1,2.5
524207855,31,58,5823,102114020,19950,2013-02-10,16,OZ,2,9.58
524207855,31,97,9734,107565676,26223,2013-02-10,2,CT,1,2.99
524207855,31,5,519,102114020,19950,2013-02-11,11.8,OZ,1,2.99
524207855,31,33,3350,102620020,16611,2013-02-11,1.12,OZ,1,1
524207855,31,9,907,107225070,12465,2013-02-12,16,OZ,1,3.19
524207855,31,33,3313,107020070,11244,2013-02-14,15,OZ,1,3.79
524207855,31,33,3310,107112373,15276,2013-02-16,4,OZ,1,1.79
524207855,31,8,826,101121010,17930,2013-02-17,5,OZ,1,4.19
524207855,31,21,2105,105200050,7054,2013-02-19,32,OZ,5,6.95
524207855,31,26,2634,104200040,14813,2013-02-19,6,RL,1,4.99
524207855,31,9,914,107343575,9705,2013-02-20,12,OZ,1,3.29
524207855,31,7,708,101291919,16123,2013-02-23,12,OZ,3,23.97
524207855,31,9,901,104400040,13243,2013-02-24,15.35,OZ,2,8.38
524207855,31,73,7311,103680030,18533,2013-02-26,12,OZ,1,4
524207855,31,57,5710,103663232,4568,2013-02-26,5.3,OZ,2,2.4
524207855,31,4,416,103400030,15113,2013-02-27,1.5,OZ,1,1.09
524207855,31,26,2609,102114020,19950,2013-03-03,12,CT,1,1.5
524207855,31,5,501,102114020,19950,2013-03-04,11.8,OZ,1,3.39
524207855,31,33,3307,102900020,14112,2013-03-06,10,OZ,0,0
524207855,31,36,3611,106827464,30855,2013-03-06,405.6,OZ,2,9.98
524207855,31,9,902,104950848,16730,2013-03-08,7.2,OZ,1,3.59
524207855,31,30,3010,102100020,9886,2013-03-09,16,OZ,4,14.36
524207855,31,26,2633,102114020,19950,2013-03-10,4,RL,4,11.36
524207855,31,4,416,102800020,2631,2013-03-10,3.9,OZ,1,1.25
524207855,31,36,3601,104900040,3809,2013-03-12,42.2,OZ,2,3.18
524207855,31,75,7504,107965676,1346,2013-03-15,0.55,OZ,1,5.49
524207855,31,63,6312,104850040,12957,2013-03-16,59,OZ,2,8.58
524207855,31,75,7504,102114020,19950,2013-03-16,8,OZ,4,20.96
524207855,31,63,6313,102670020,4664,2013-03-20,12,OZ,2,5
524207855,31,58,5836,107790070,9200,2013-03-20,10,OZ,3,11.97
524207855,31,63,6323,104190040,26467,2013-03-21,16,OZ,2,3.58
524207855,31,21,2119,101200010,10522,2013-03-22,18.5,OZ,2,3.38
524207855,31,8,821,104139040,9659,2013-03-22,5,OZ,1,2.39
524207855,31,63,6340,102114020,19950,2013-03-22,40,OZ,1,11.99
524207855,31,36,3618,101200010,23361,2013-03-23,101.4,OZ,1,3.99
524207855,31,5,501,101862717,9496,2013-03-23,13.4,OZ,1,4.39
524207855,31,10,1010,102114020,19950,2013-03-24,24,OZ,3,8.57
524207855,31,31,3101,103384434,1257,2013-03-25,2,OZ,1,1.69
524207855,31,41,4105,106414464,70939,2013-03-25,28,OZ,2,6.58
524207855,31,62,6201,102114020,19950,2013-03-26,12,OZ,1,4.29
524207855,31,9,907,102114020,28508,2013-03-30,14,OZ,1,3.79
524207855,31,9,902,104400040,15335,2013-03-31,12.73,OZ,1,3.89
524207855,31,73,7307,104116747,30343,2013-04-01,4,OZ,1,11.99
524207855,31,46,4606,102114020,19950,2013-04-01,16,OZ,6,29.64
524207855,31,37,3703,105100050,2820,2013-04-01,10.5,OZ,1,1.99
524207855,31,33,3303,102840020,15598,2013-04-02,8.5,OZ,1,4.29
524207855,31,99,9908,105783656,17665,2013-04-03,17.6,OZ,1,4.49
524207855,31,21,2114,1081053383,69797,2013-04-04,3.38,OZ,2,2.38
524207855,31,64,6408,1018898515,21745,2013-04-05,0.75,LT,1,17.99
524207855,31,55,5552,104154848,5603,2013-04-06,48,OZ,2,13.58
524207855,31,19,1908,102900020,14112,2013-04-06,16.3,OZ,4,15.16
524207855,31,5,502,101600010,17635,2013-04-07,8,OZ,1,3.29
524207855,31,63,6320,1071514171,25530,2013-04-07,12,CT,8,31.32
524207855,31,56,5611,107144878,469,2013-04-13,6.5,OZ,2,12.98
524207855,31,6,610,1061126969,15041,2013-04-15,12,OZ,2,5.58
524207855,31,9,911,103010030,9530,2013-04-16,4,OZ,1,3.39
524207855,31,33,3302,102114020,19950,2013-04-18,10.5,OZ,1,1.99
524207855,31,62,6201,102114020,19950,2013-04-22,16,OZ,1,2.79
524207855,31,26,2628,104200040,2308,2013-04-23,2,RL,2,8.58
524207855,31,55,5567,107064070,20230,2013-04-23,17.5,OZ,1,4.99
524207855,31,19,1908,105150050,9189,2013-04-24,18,OZ,1,3.79
524207855,31,99,9901,1066062868,26492,2013-04-28,2.2,OZ,1,2.99
524207855,31,20,2002,102114020,19950,2013-04-30,46,OZ,1,2.59
524207855,31,31,3108,105210050,11382,2013-05-02,3.5,OZ,1,3.29
524207855,31,56,5615,102100020,4218,2013-05-04,8,OZ,1,4.19
524207855,31,58,5812,104470040,13310,2013-05-05,16,OZ,2,8.88
524207855,31,36,3634,105200050,14597,2013-05-06,202.8,OZ,2,15.18
524207855,31,63,6313,102670020,4664,2013-05-06,16,OZ,1,2.5
524207855,31,25,2506,104127141,26189,2013-05-07,32,OZ,1,3.69
524207855,31,9,922,102430020,10577,2013-05-07,13,OZ,1,1.79
524207855,31,63,6328,102114020,19950,2013-05-07,32,OZ,1,3.99
524207855,31,9,905,104300040,17447,2013-05-08,6,OZ,1,2.29
524207855,31,63,6305,104850040,18799,2013-05-10,59,OZ,4,17.16
524207855,31,26,2609,104200040,5016,2013-05-11,20,CT,1,3.29
524207855,31,36,3629,104900040,6716,2013-05-19,67.6,OZ,1,1.99
524207855,31,74,7402,101111111,5168,2013-05-21,7,OZ,1,4.99
524207855,31,1,106,101500010,7142,2013-05-22,7,OZ,27,30.24
524207855,31,26,2633,103040030,683,2013-05-24,12,RL,1,7.29
524207855,31,29,2928,104600040,13023,2013-05-25,8,OZ,1,1.99
524207855,31,1,106,1081851282,23989,2013-05-25,3.17,OZ,1,1.34
524207855,31,64,6401,103410030,93313,2013-05-26,72,OZ,2,14.98
524207855,31,96,9609,1053700050,88199,2013-05-26,0,,1,-2
524207855,31,40,4005,104100040,10522,2013-05-31,0.9,OZ,1,2.99
524207855,31,73,7305,103680030,18533,2013-06-01,1,OZ,2,9.29
524207855,31,11,1102,1072277676,17117,2013-06-01,100,CT,2,5.58
524207855,31,26,2622,102114020,19950,2013-06-01,20,CT,1,1.99
524207855,31,9,902,102410020,44209,2013-06-02,12.4,OZ,1,4.19
524207855,31,36,3630,107800070,23561,2013-06-03,101.4,OZ,1,3.99
524207855,31,9,917,107373171,11786,2013-06-05,20,OZ,2,6.98
524207855,31,56,5607,102100020,13967,2013-06-06,8,OZ,6,16.74
524207855,31,9,901,104400040,13243,2013-06-06,15.25,OZ,1,4.19
524207855,31,36,3630,104900040,3809,2013-06-08,67.6,OZ,1,1.99
524207855,31,36,3630,102114020,23503,2013-06-12,67.6,OZ,1,1
524207855,31,64,6409,108130888,21408,2013-06-14,0.75,LT,2,19.98
524207855,31,5,501,101600010,3396,2013-06-16,12.8,OZ,1,3.69
524207855,31,22,2211,103700030,2246,2013-06-16,40,CT,1,2.99
524207855,31,28,2804,102114020,19950,2013-06-17,7,OZ,1,2.09
524207855,31,24,2407,102114020,19950,2013-06-23,5,OZ,2,1.18
524207855,31,19,1905,102114020,19950,2013-06-24,18,OZ,1,4.19
524207855,31,51,5115,107218070,6718,2013-06-25,22.7,OZ,1,6.99
524207855,31,26,2629,103770030,3447,2013-06-25,40,CT,2,4.98
524207855,31,99,9904,103338333,33170,2013-06-25,80,OZ,1,6.49
524207855,31,2,202,101600010,1756,2013-06-25,18.3,OZ,1,2.69
524207855,31,57,5705,107047070,20230,2013-06-26,6,OZ,4,3
524207855,31,26,2613,103600030,8583,2013-06-26,56,CT,1,19.99
524207855,31,64,6401,103410030,11704,2013-06-26,240,OZ,1,17.49
524207855,31,8,801,103680030,3679,2013-06-27,23,OZ,1,1
524207855,31,26,2619,101258717,7245,2013-06-27,28,CT,1,7.69
524207855,31,45,4514,102114020,19950,2013-06-28,40,OZ,4,43.96
524207855,31,21,2114,1081053383,69797,2013-06-29,3.38,OZ,2,2.38
524207855,31,64,6401,101820010,2510,2013-06-30,288,OZ,3,59.97
524207855,31,9,908,102430020,10577,2013-06-30,8.46,OZ,1,1.79
524207855,31,56,5620,102100020,9886,2013-06-30,8,OZ,6,25.14
524207855,31,33,3302,102700020,57417,2013-07-01,16.2,OZ,1,5.99
524207855,31,64,6410,101820010,2510,2013-07-01,8,OZ,2,2
524207855,31,9,920,104400040,15335,2013-07-03,9.5,OZ,1,3.89
524207855,31,42,4220,102114020,19950,2013-07-03,16,OZ,2,3.98
524207855,31,33,3313,102840020,18584,2013-07-03,15,OZ,1,3.69
524207855,31,97,9734,107565676,26223,2013-07-04,1,CT,3,16.97
524207855,31,64,6409,108341787,7165,2013-07-05,0.75,LT,2,30.98
524207855,31,58,5812,107495676,8144,2013-07-06,12,OZ,1,5.99
524207855,31,33,3313,102840020,21452,2013-07-07,8.5,OZ,2,5.98
524207855,31,29,2928,104100040,9814,2013-07-10,5.7,OZ,2,3.58
524207855,31,36,3601,101200010,13794,2013-07-10,20,OZ,2,3.38
524207855,31,36,3628,101200010,12029,2013-07-11,50.7,OZ,3,3.57
524207855,31,9,907,107518575,11221,2013-07-11,15,OZ,2,7.18
524207855,31,9,907,107225070,3769,2013-07-13,24,OZ,2,7.58
524207855,31,28,2806,102114020,19950,2013-07-14,16,OZ,4,11.26
524207855,31,99,9909,107143070,5072,2013-07-14,8,OZ,1,2.49
524207855,31,19,1908,105150050,16728,2013-07-15,16,OZ,1,3.99
524207855,31,9,907,101410010,13791,2013-07-16,24,OZ,2,7.98
524207855,31,33,3305,102114020,19950,2013-07-18,9,OZ,1,1.5
524207855,31,25,2506,105000050,32115,2013-07-18,32,OZ,1,3.99
524207855,31,56,5609,102114020,19950,2013-07-20,24,OZ,4,15.16
524207855,31,59,5907,102114020,19950,2013-07-21,16,OZ,2,3.58
524207855,31,36,3618,101200010,23361,2013-07-24,67.6,OZ,7,13.93
524207855,31,58,5823,102114020,19950,2013-07-25,16,OZ,2,9.58
524214298,16,51,5115,101960010,3174,2012-04-18,5.08,OZ,3,4.35
524214298,16,69,6901,102220020,17067,2013-04-28,2,OZ,1,2.49
524219463,16,33,3308,102840020,3336,2012-07-24,11,OZ,1,3.99
524219463,16,26,2609,1075480777,610,2013-02-02,15,CT,1,1.99
524224750,16,55,5552,107064070,2014,2012-05-27,56,OZ,1,4.99
524227662,16,41,4121,102700020,8612,2013-01-30,29,OZ,1,2.55
524233543,16,70,7002,104131040,23609,2012-10-27,60,CT,1,2.59
524240793,16,53,5305,1075480777,610,2012-03-04,10,OZ,1,1.25
524240793,16,9,913,104812141,18322,2012-09-01,13,OZ,1,3.99
524240793,16,63,6332,104850040,61745,2012-09-16,59,OZ,1,4.29
524247799,16,58,5824,107080070,16704,2012-08-31,14,OZ,2,7.98
524247799,16,29,2904,101530010,13610,2013-01-16,6.2,OZ,2,3.7
524251756,16,97,9799,1074820979,15550,2012-06-10,1,CT,1,4.79
524251756,16,4,418,103400030,8247,2013-04-29,19.75,OZ,1,6.99
524262198,16,14,1404,1075480777,610,2013-01-14,23,OZ,1,1.69
524265489,31,41,4108,107089070,9218,2012-06-10,15.5,OZ,2,2.67
524265489,31,8,821,104139040,9659,2012-07-14,11.4,OZ,1,2.59
524265489,31,27,2701,102114020,19950,2012-07-28,22,OZ,3,3.87
524265489,31,73,7307,1031254737,20403,2012-07-29,30,CT,1,19.99
524265489,31,35,3504,103700030,4628,2012-08-03,24,OZ,1,3.49
524265489,31,59,5907,102740020,16291,2012-09-29,45,OZ,1,4.99
524265489,31,63,6305,104850040,18799,2012-10-01,89,OZ,1,6.39
524265489,31,9,901,108201181,12197,2012-12-16,16,OZ,1,2.59
524265489,31,58,5812,102114020,18352,2013-01-01,48,OZ,1,5.49
524265489,31,9,901,1073487878,36315,2013-02-02,13.5,OZ,1,3.99
524265489,31,36,3604,107153777,14200,2013-02-05,33.8,OZ,2,1.78
524265489,31,59,5902,103450030,10165,2013-02-18,8,OZ,1,2.89
524265489,31,21,2112,102114020,19950,2013-02-21,64,OZ,1,3.69
524265489,31,25,2506,104127141,26189,2013-02-26,32,OZ,1,3.69
524265489,31,5,501,104240040,40317,2013-02-27,17.5,OZ,1,3.49
524265489,31,8,836,102114020,19950,2013-03-09,16,OZ,1,1.39
524265489,31,6,610,1071941070,24978,2013-03-10,1.93,OZ,2,5.98
524265489,31,1,105,105000050,7142,2013-03-13,33.8,OZ,1,6.89
524265489,31,38,3802,104920040,5098,2013-03-20,1,LB,1,1.39
524265489,31,8,810,104600040,13023,2013-03-26,1,OZ,2,1.98
524265489,31,33,3303,102840020,10241,2013-03-27,10,OZ,1,4.29
524265489,31,33,3304,102840020,6777,2013-04-01,10.25,OZ,1,3.49
524265489,31,4,416,103400030,22071,2013-04-01,1.75,OZ,2,2.18
524265489,31,3,311,105150050,14029,2013-04-04,16,OZ,1,1.99
524265489,31,63,6313,102670020,4664,2013-04-05,16,OZ,1,2.5
524265489,31,51,5126,101380010,27474,2013-04-14,9.63,OZ,2,6
524265489,31,59,5902,102114020,19950,2013-04-17,16,OZ,2,7.58
524265489,31,64,6401,101820010,2510,2013-04-17,288,OZ,1,19.99
524265489,31,99,9909,107774575,14997,2013-04-19,6.25,OZ,1,3.99
524265489,31,73,7358,107431272,12440,2013-04-22,100,CT,1,7.99
524265489,31,36,3601,104900040,3809,2013-04-23,42.2,OZ,1,1.59
524265489,31,5,501,103800030,6796,2013-05-04,19,OZ,1,4.99
524265489,31,63,6328,102016929,16492,2013-05-07,20,OZ,1,2.79
524265489,31,36,3626,104900040,17186,2013-05-11,67.6,OZ,1,1.99
524265489,31,63,6313,102670020,4664,2013-05-15,12,OZ,1,2.5
524265489,31,33,3307,101411313,23033,2013-05-19,8,OZ,1,4.99
524265489,31,21,2119,1061300868,867,2013-05-19,128,OZ,1,2.79
524265489,31,36,3630,107800070,5208,2013-05-24,50.7,OZ,1,1.19
524265489,31,63,6305,104850040,18799,2013-05-25,59,OZ,1,4.29
524265489,31,58,5837,102114020,28444,2013-05-28,2.1,OZ,2,7.58
524265489,31,33,3305,102840020,15870,2013-05-31,11,OZ,2,4
524265489,31,8,836,107107272,382,2013-06-03,8.5,OZ,1,3.29
524265489,31,41,4108,103940030,71386,2013-06-06,16,OZ,1,1.19
524265489,31,41,4106,102114020,19950,2013-06-09,4,OZ,1,0.99
524265489,31,5,516,101600010,12426,2013-06-12,17.8,OZ,1,0
524265489,31,27,2707,101780010,93964,2013-06-23,16,LB,1,9.99
524265489,31,56,5614,104171646,6769,2013-06-25,12,OZ,0,0
524265489,31,63,6320,102114020,19950,2013-06-27,12,CT,3,5.67
524265489,31,36,3626,107800070,16223,2013-07-09,144,OZ,1,4.99
524265489,31,30,3010,102100020,9886,2013-07-10,24,OZ,1,3
524265489,31,9,916,104400040,19783,2013-07-18,5.5,OZ,1,3.19
524265489,31,39,3903,102114020,19950,2013-07-18,24,OZ,1,3.39
524265489,31,41,4105,102114020,19950,2013-07-20,14.5,OZ,4,3
524277213,16,41,4107,1075480777,610,2013-01-19,15,OZ,2,1.98
524277971,16,27,2705,105000050,6775,2012-11-04,5.5,OZ,10,6.7
524277971,16,21,2119,107618373,16756,2013-02-12,16,OZ,6,7.5
524290291,16,71,7113,102240020,25033,2012-06-05,15,OZ,1,0.99
524290291,16,26,2628,1075480777,610,2012-12-29,1,RL,1,1.99
524290291,16,4,418,103400030,45489,2013-01-29,9.4,OZ,1,4.49
524290291,16,36,3627,107800070,23362,2013-02-17,67.6,OZ,1,1.69
524301780,16,27,2704,101113212,491,2013-05-19,16,OZ,1,2.69
524308211,16,99,9908,103338333,33170,2012-04-23,16,OZ,1,1.67
524308211,16,96,9632,107675070,18637,2012-06-22,1,CT,1,25
524311230,16,9,914,1075480777,610,2012-04-06,11,OZ,1,1.79
524312577,16,46,4606,1075480777,610,2012-10-22,16,OZ,2,7.58
524316110,16,63,6332,102500020,11749,2012-03-12,59,OZ,1,3.79
524316110,16,21,2103,101480010,12021,2012-11-14,64,OZ,1,2.99
524316110,16,21,2119,101200010,10522,2013-02-04,67.6,OZ,2,3.58
524323698,16,26,2613,103600030,8583,2012-05-28,11,CT,1,9.49
524323698,16,4,419,107726070,15624,2012-12-13,12,OZ,8,71.92
524328719,16,5,520,103000030,14760,2012-05-14,1.9,OZ,2,4.18
524337457,16,63,6315,104138343,10091,2012-04-20,32,OZ,1,2.85
524337457,16,9,907,101410010,13791,2012-08-11,15,OZ,1,3.49
524337457,16,27,2707,101780010,95301,2012-09-23,3.5,LB,1,8.49
524337457,16,5,501,103800030,17050,2013-01-22,11.4,OZ,2,8.38
524349720,16,26,2632,103700030,13481,2013-02-04,192,CT,1,7.99
524354184,16,41,4121,104133141,7531,2012-05-02,8,OZ,3,1.47
524367425,16,56,5604,102756828,18794,2012-10-06,8,OZ,1,3.09
524367425,16,36,3626,107800070,16223,2012-10-13,72,OZ,1,3.29
524394250,16,49,4901,1075480777,610,2013-03-14,80,OZ,1,6.49
524394655,16,36,3632,107800070,8019,2012-07-05,144,OZ,1,5.89
524394655,16,36,3601,104900040,3809,2012-11-06,67.6,OZ,3,5.67
524404949,31,91,9103,108043282,137,2012-03-02,0.75,LT,1,42.99
524404949,31,91,9107,108292888,6455,2012-03-13,0.75,LT,1,7.99
524404949,31,91,9127,108700080,16095,2012-03-28,0.75,LT,1,11.99
524404949,31,64,6401,101820010,11616,2012-04-13,216,OZ,1,18.49
524404949,31,91,9116,108068686,15470,2012-04-15,0.38,LT,1,5.99
524404949,31,91,9133,108366484,14962,2012-05-16,1.75,LT,1,28.99
524404949,31,91,9131,108723686,3808,2012-05-18,0.38,LT,1,24.99
524404949,31,36,3618,104900040,23359,2012-05-31,67.6,OZ,3,5.37
524404949,31,91,9110,108068686,7191,2012-06-09,0.75,LT,1,6.99
524404949,31,36,3627,107800070,23362,2012-06-17,67.6,OZ,1,1.99
524404949,31,91,9131,108900080,89,2012-06-28,0.1,LT,1,2
524404949,31,64,6401,107199070,4043,2012-07-02,216,OZ,1,15.99
524404949,31,91,9128,108292888,2835,2012-07-03,0.1,LT,2,3
524404949,31,91,9109,1083522989,147,2012-07-30,0.2,LT,1,9.99
524404949,31,64,6401,108382080,7766,2012-08-11,59.6,OZ,1,8.99
524404949,31,91,9110,108200080,14277,2012-08-15,0.38,LT,1,4.99
524404949,31,91,9127,108800484,22455,2012-09-14,1.75,LT,1,17.99
524404949,31,91,9108,1061994767,18447,2012-10-05,0.75,LT,1,19.99
524404949,31,64,6408,108158484,39787,2012-10-20,0.75,LT,2,25.98
524404949,31,91,9109,1083522989,147,2012-10-21,1.75,LT,2,73.98
524404949,31,64,6409,108600383,20034,2012-10-22,1.5,LT,1,12.99
524404949,31,91,9132,108068686,4700,2012-10-23,0.75,LT,1,8.99
524404949,31,64,6401,103410030,11704,2012-11-01,144,OZ,1,11.49
524404949,31,91,9110,109674999,2587,2012-11-05,1.75,LT,1,14.99
524404949,31,64,6401,101820010,2595,2012-11-06,144,OZ,1,8.99
524404949,31,91,9115,108068686,4358,2012-11-12,0.75,LT,1,14.99
524404949,31,91,9128,102114020,19950,2012-11-22,1.75,LT,4,55.96
524404949,31,91,9115,108200080,2911,2012-11-22,1.75,LT,1,26.99
524404949,31,91,9110,102114020,19950,2012-12-24,1.75,LT,6,76.94
524404949,31,91,9110,108559282,11382,2013-01-01,0.38,LT,1,3.99
524404949,31,64,6401,101820010,2510,2013-01-09,288,OZ,2,41.98
524404949,31,6,610,1061126969,15041,2013-01-19,12,OZ,2,5.58
524404949,31,91,9107,108292888,6455,2013-02-15,0.75,LT,1,7.99
524404949,31,91,9103,108048080,4880,2013-02-18,0.75,LT,1,21.99
524404949,31,91,9131,108835282,27113,2013-02-19,0.75,LT,1,12.99
524404949,31,36,3618,104900040,23359,2013-02-22,67.6,OZ,1,1.99
524404949,31,91,9128,108292888,2835,2013-03-03,1.75,LT,1,15.99
524404949,31,91,9115,108366484,15717,2013-03-10,0.05,LT,10,10
524404949,31,91,9103,108366484,7591,2013-03-17,0.75,LT,1,15.99
524404949,31,64,6406,108380484,4015,2013-03-24,0.75,LT,2,15.98
524404949,31,91,9110,108567686,16568,2013-03-25,0.75,LT,3,23.97
524404949,31,64,6410,101820010,2510,2013-04-10,96,OZ,2,23.98
524404949,31,36,3626,104900040,17186,2013-04-12,67.6,OZ,1,1.99
524404949,31,64,6406,108811080,11844,2013-04-14,0.75,LT,1,56.99
524404949,31,64,6401,107289070,8159,2013-04-25,72,OZ,1,8.29
524404949,31,91,9134,108500080,25725,2013-05-03,0.05,LT,1,1.59
524407993,16,9,907,107102575,25632,2012-06-01,20,OZ,1,3.99
524407993,16,17,1703,101980010,19934,2012-06-29,26,OZ,1,4.49
524416496,16,36,3618,104900040,23359,2012-11-19,67.6,OZ,2,3.78
524422286,16,5,501,103800030,14900,2012-06-25,24.8,OZ,1,5.99
524422286,16,9,922,102430020,10577,2012-09-03,12.1,OZ,1,1.99
524422286,16,19,1906,107240070,14199,2012-09-10,10,OZ,1,2.99
524422286,16,33,3318,1075480777,610,2013-03-11,24,OZ,1,4.99
524433316,16,27,2701,102310020,13705,2012-11-27,158.4,OZ,1,12.49
524444105,16,44,4401,105100050,13791,2012-03-20,19.6,OZ,2,10.98
524444105,16,19,1905,1080406686,8240,2012-09-15,12,OZ,1,4.19
524444105,16,56,5617,107592575,4368,2013-01-13,12,OZ,2,6.38
524446604,16,63,6315,1075480777,610,2012-10-28,128,OZ,1,3.82
524457790,16,99,9909,107127979,6732,2012-04-15,6.5,OZ,2,6.98
524457790,16,5,502,103485636,19713,2013-02-24,19.8,OZ,1,5.99
524472694,16,33,3311,102840020,27521,2012-04-16,10.5,OZ,1,3.99
524495263,31,91,9129,109674999,5948,2012-03-12,0.75,LT,1,11.99
524495263,31,64,6407,108500080,6967,2012-03-26,0.75,LT,3,16.47
524495263,31,36,3614,108200080,9301,2012-03-29,59.2,OZ,1,6.59
524495263,31,21,2106,103120030,12957,2012-04-05,64,OZ,1,3.99
524495263,31,91,9115,108200080,2911,2012-04-11,0.75,LT,1,14.99
524495263,31,91,9120,108200080,9301,2012-04-24,0.75,LT,1,18.99
524495263,31,91,9107,108860080,7497,2012-04-25,1.75,LT,1,14.99
524495263,31,64,6409,108500080,1611,2012-05-05,0.75,LT,1,8.49
524495263,31,64,6401,108066080,4098,2012-05-16,144,OZ,1,14.49
524495263,31,91,9115,108700080,2911,2012-05-23,0.75,LT,1,24.99
524495263,31,64,6401,108066080,4098,2012-05-24,216,OZ,3,56.97
524495263,31,36,3614,107049171,62474,2012-05-25,59.2,OZ,1,5.99
524495263,31,64,6408,108143484,1959,2012-06-08,0.75,LT,1,9.99
524495263,31,91,9116,108048080,3094,2012-06-12,1.75,LT,1,18.99
524495263,31,64,6401,103410030,11704,2012-06-29,24,OZ,1,1.99
524495263,31,91,9131,108066080,77292,2012-07-04,0.05,LT,4,4
524495263,31,64,6401,108066080,4098,2012-07-09,144,OZ,1,14.49
524495263,31,64,6408,108600383,15377,2012-07-25,1.5,LT,2,25.98
524495263,31,64,6401,1078615070,17345,2012-07-26,134.4,OZ,1,15.99
524495263,31,91,9110,108567686,16568,2012-08-04,0.38,LT,2,7.98
524495263,31,64,6401,108382080,15073,2012-08-05,67.2,OZ,1,8.99
524495263,31,91,9103,108043282,77501,2012-08-25,0.05,LT,2,10.98
524495263,31,64,6401,108066080,11836,2012-09-02,144,OZ,1,11.99
524495263,31,91,9110,102114020,19950,2012-09-03,1.75,LT,1,11.99
524495263,31,36,3604,102114020,28365,2012-09-04,33.8,OZ,1,0.89
524495263,31,36,3604,107800070,2829,2012-09-07,67.6,OZ,1,1.99
524495263,31,91,9110,108292888,6455,2012-09-17,0.05,LT,5,5
524495263,31,64,6409,108869282,27468,2012-09-26,0.75,LT,1,20.99
524495263,31,91,9103,108048080,4880,2012-10-09,1.75,LT,1,34.99
524495263,31,91,9128,108810080,1952,2012-10-19,0.75,LT,1,9.99
524495263,31,64,6401,1078615070,17345,2012-11-01,134.4,OZ,1,17.49
524495263,31,64,6408,108072080,7265,2012-11-02,1.5,LT,1,7.99
524495263,31,91,9110,108292888,6455,2012-11-04,0.05,LT,3,3
524495263,31,36,3614,1061600363,28024,2012-11-04,64,OZ,1,8.59
524495263,31,36,3604,107800070,2829,2012-11-17,101.4,OZ,2,7.98
524495263,31,91,9109,1083522989,147,2012-11-20,1.75,LT,1,36.99
524495263,31,64,6406,108470484,9865,2012-11-23,0.75,LT,1,13.99
524495263,31,16,1604,103400030,8682,2012-12-08,40,CT,1,3.49
524495263,31,36,3601,104900040,3809,2012-12-14,144,OZ,1,5.79
524495263,31,64,6401,107199070,4043,2012-12-15,288,OZ,1,21.99
524495263,31,91,9131,108954080,9444,2012-12-20,0.75,LT,1,18.99
524495263,31,91,9127,108700080,16095,2012-12-30,0.2,LT,1,4.99
524495263,31,91,9127,108700080,4338,2013-01-15,0.75,LT,1,25.99
524495263,31,64,6409,108847484,41670,2013-02-11,0.75,LT,1,9.99
524495263,31,91,9127,108200080,4338,2013-02-14,0.75,LT,1,29.99
524495263,31,91,9130,102114020,19950,2013-03-03,1.75,LT,1,14.99
524495263,31,91,9128,108068686,19938,2013-03-04,0.38,LT,1,5.99
524495263,31,64,6401,101820010,2510,2013-03-07,216,OZ,1,15.99
524495263,31,64,6408,108158484,39787,2013-03-12,0.75,LT,1,12.99
524495263,31,36,3601,104900040,3809,2013-03-13,67.6,OZ,2,3.98
524495263,31,36,3611,104900040,4599,2013-03-17,20,OZ,2,3.38
524495263,31,64,6408,108500080,1387,2013-04-13,0.75,LT,1,6.99
524495263,31,91,9128,102114020,19950,2013-04-15,1.75,LT,1,13.99
524495263,31,91,9126,108043282,9077,2013-04-19,1.75,LT,1,47.99
524495263,31,91,9109,108800484,14121,2013-04-26,0.05,LT,2,2
524495263,31,91,9128,105749656,70143,2013-04-29,0.75,LT,1,21.99
524495263,31,91,9110,108567686,16568,2013-05-16,0.38,LT,2,7.98
524495263,31,64,6401,103410030,11704,2013-05-22,24,OZ,2,3.98
524506093,16,97,9753,1021630020,0,2013-02-28,1,CT,1,0.62
524507510,16,33,3321,107332171,17710,2012-05-17,13,OZ,1,2.99
524507510,16,5,501,103800030,3787,2012-11-20,16.5,OZ,2,9.38
524507510,16,3,302,103400030,8247,2012-12-06,10,OZ,2,6.38
524510458,16,9,907,107648979,27944,2013-03-04,16,OZ,2,6.98
524516185,16,63,6315,107045272,6176,2013-01-08,64,OZ,1,3.25
524523622,16,36,3618,104900040,23359,2012-08-04,144,OZ,6,35.94
524523622,16,36,3604,107800070,2829,2012-09-25,67.6,OZ,1,1.89
524523622,16,26,2628,103700030,2248,2013-02-16,8,RL,1,8.99
524523750,16,63,6305,104850040,18799,2012-12-09,59,OZ,1,3.99
524523937,16,26,2620,1075480777,610,2012-07-08,20,CT,1,1.79
524523937,16,51,5119,104670444,18213,2013-03-30,10,OZ,1,5.49
524530829,16,36,3618,104900040,23359,2012-07-04,67.6,OZ,1,1.89
524534795,16,26,2634,103700030,3293,2012-09-03,6,RL,1,6.49
524537321,16,27,2710,109668999,16037,2012-09-26,25,LB,1,13.49
524541419,16,8,801,101300010,8164,2013-03-18,20,OZ,1,2.45
524548636,16,56,5617,105300050,2199,2012-06-24,12,OZ,3,11.97
524549308,16,0,0,10000,20405,2013-01-13,0,,1,14.97
524569424,16,8,818,107764474,64256,2012-05-19,24,OZ,1,2.09
524576006,16,41,4107,1075480777,610,2012-12-25,40,OZ,2,4.78
524576006,16,32,3202,1075480777,610,2013-03-07,16,OZ,1,1.89
524576006,16,63,6320,1075480777,610,2013-04-09,18,CT,2,6.78
524583038,16,9,901,104400040,36320,2012-05-25,6,OZ,1,3.09
524583038,16,56,5620,1075480777,610,2012-06-08,8,OZ,1,3.19
524583038,16,22,2201,104460040,3718,2013-01-20,64,OZ,1,2.75
524583038,16,63,6315,1075480777,610,2013-07-12,64,OZ,1,2.55
524586882,16,97,9753,10000,0,2012-06-28,1,CT,1,-1.99
524590694,16,57,5710,103663232,4568,2013-01-18,21.2,OZ,1,3.99
524596394,16,36,3611,107572070,14196,2012-11-11,405.6,OZ,1,5.49
524598010,16,59,5905,1079645171,13101,2012-03-07,8,OZ,1,2.15
524653167,16,30,3008,104133545,43106,2012-03-25,9,OZ,1,2.55
524665574,31,64,6409,101235414,10486,2012-03-29,0.75,LT,1,7.99
524665574,31,36,3614,107049171,62474,2012-05-13,96,OZ,1,7.99
524665574,31,36,3604,107800070,2829,2012-06-19,60,OZ,1,4.79
524665574,31,36,3626,107800070,16223,2012-09-05,67.6,OZ,1,1.99
524665574,31,64,6401,101820010,2595,2012-09-20,144,OZ,1,8.99
524665574,31,91,9131,108676787,7431,2012-11-16,0.75,LT,1,24.99
524665574,31,36,3614,107065575,73385,2012-12-24,59.2,OZ,1,6.49
524665574,31,91,9106,108500080,22139,2012-12-31,0.1,LT,2,5
524665574,31,91,9106,108043282,16095,2013-03-08,0.2,LT,1,3.99
524665574,31,91,9116,108284484,2752,2013-03-30,1.75,LT,1,21.99
524665574,31,91,9101,108800484,21403,2013-05-03,0.1,LT,3,6
524665574,31,91,9108,1081153888,18346,2013-05-09,1.75,LT,1,33.99
524665574,31,64,6401,101820010,12358,2013-05-09,32,OZ,1,2.49
524665574,31,91,9110,108567686,16568,2013-05-18,0.2,LT,1,2.49
524666447,16,26,2630,103600030,9787,2012-05-27,84,CT,2,4.7
524666447,16,63,6315,1075480777,610,2012-11-03,128,OZ,1,3.89
524666447,16,9,903,1075480777,610,2012-11-24,24,OZ,3,6.87
524666447,16,45,4508,101116212,12131,2013-02-23,8,OZ,1,5.99
524666447,16,17,1701,1067811262,3912,2013-03-03,17,OZ,2,3.5
524666621,16,36,3612,107572070,14196,2012-12-22,320,OZ,1,3.99
524667387,16,45,4513,107274575,13804,2012-03-17,32,OZ,1,10.49
524667387,16,21,2103,104180040,19713,2012-05-21,64,OZ,2,5
524667387,16,97,9753,1022009222,0,2012-12-24,1,CT,1,20.19
524667464,40,91,9108,108175383,1629,2012-03-13,0.75,LT,1,34.99
524667464,40,36,3604,107800070,2829,2012-03-30,20,OZ,1,1.59
