3388822242,214,97,9732,1085055080,89920,2012-11-17,1,CT,2,11.96
3388822242,214,58,5836,103760030,8501,2012-11-18,12,OZ,4,7.12
3388822242,214,26,2619,104122040,23511,2012-11-18,30,CT,10,16.8
3388822242,214,5,519,103000030,14760,2012-11-19,2.46,OZ,1,1.58
3388822242,214,58,5814,104470040,10837,2012-11-20,10.7,OZ,3,7.11
3388822242,214,45,4512,104122040,20514,2012-11-20,80,OZ,16,150.46
3388822242,214,73,7308,103660232,15274,2012-11-20,24,CT,1,1.74
3388822242,214,33,3312,107260070,8245,2012-11-20,28,OZ,1,4.24
3388822242,214,18,1890,105209252,43069,2012-11-21,1,CT,24,49.07
3388822242,214,8,814,104122040,23511,2012-11-21,16,OZ,2,4
3388822242,214,69,6909,104160848,17568,2012-11-21,9,OZ,1,1.72
3388822242,214,4,410,107172070,18529,2012-11-22,9.6,OZ,1,2.48
3388822242,214,56,5617,104122040,20514,2012-11-23,12,OZ,1,2.48
3388822242,214,8,803,104150040,6714,2012-11-26,12,OZ,1,1.18
3388822242,214,33,3310,102840020,3387,2012-11-26,6,OZ,7,12.18
3388822242,214,20,2035,104122040,20514,2012-11-26,64,OZ,1,2.18
3388822242,214,51,5126,102113121,11151,2012-11-26,10,OZ,2,4.96
3388822242,214,57,5709,104274343,5653,2012-11-26,32,OZ,20,49.6
3388822242,214,33,3325,102840020,21452,2012-11-27,20,OZ,2,12.96
3388822242,214,9,907,104122040,23511,2012-11-28,24,OZ,1,1.48
3388822242,214,63,6313,104122040,23511,2012-11-29,16,OZ,2,5.73
3388822242,214,27,2710,104460040,6743,2012-11-30,25,LB,4,43.08
3388822242,214,59,5902,104122040,23511,2012-11-30,16,OZ,1,2.58
3388822242,214,5,501,104122040,23511,2012-12-01,15.3,OZ,1,2.37
3388822242,214,28,2805,107299979,98643,2012-12-01,6,OZ,2,3.32
3388822242,214,44,4402,104145848,5602,2012-12-01,36,OZ,1,4.98
3388822242,214,5,516,103000030,14760,2012-12-02,6.3,OZ,1,2.12
3388822242,214,9,902,101410010,45039,2012-12-02,6.6,OZ,3,5.94
3388822242,214,28,2806,105410050,19509,2012-12-03,80,OZ,1,3.98
3388822242,214,27,2713,104122040,20514,2012-12-03,66,OZ,1,5.98
3388822242,214,7,707,104122040,20514,2012-12-03,13,OZ,4,10.92
3388822242,214,70,7002,1030813737,25162,2012-12-03,20,CT,1,3.22
3388822242,214,35,3506,103700030,3068,2012-12-05,12.7,OZ,1,3.94
3388822242,214,8,835,104122040,20514,2012-12-05,12.25,OZ,3,3.42
3388822242,214,18,1819,107591474,7691,2012-12-05,1,CT,1,1.97
3388822242,214,42,4220,107105474,54207,2012-12-05,32,OZ,1,3.27
3388822242,214,4,416,102800020,1214,2012-12-06,3.9,OZ,5,4.4
3388822242,214,18,1831,1060777262,52461,2012-12-06,6,CT,1,2.99
3388822242,214,33,3305,102840020,15870,2012-12-07,11,OZ,2,4
3388822242,214,41,4120,104122040,23511,2012-12-09,6,OZ,3,1.44
3388822242,214,41,4107,104122040,20514,2012-12-09,14.5,OZ,18,10.38
3388822242,214,57,5709,1081547383,10138,2012-12-10,7,OZ,40,31.34
3388822242,214,9,908,107432373,1866,2012-12-10,3.89,OZ,2,2.34
3388822242,214,9,902,104400040,15335,2012-12-10,12.47,OZ,1,2
3388822242,214,4,410,1074491171,23861,2012-12-11,23.9,OZ,1,3.65
3388822242,214,6,610,1087811484,52041,2012-12-11,2,OZ,4,4
3388822242,214,26,2628,103700030,2248,2012-12-13,8,RL,2,21.45
3388822242,214,97,9753,1022131727,0,2012-12-15,1,CT,2,2.43
3388822242,214,36,3601,104900040,3809,2012-12-15,240,OZ,1,6.27
3388822242,214,27,2702,102310020,13705,2012-12-15,3.5,LB,1,4.88
3388822242,214,5,516,101600010,12426,2012-12-16,17.8,OZ,1,4.97
3388822242,214,97,9753,1020401121,0,2012-12-16,1,CT,1,1.22
3388822242,214,74,7407,1084105888,15983,2012-12-16,6,CT,1,9.47
3388822242,214,44,4402,103100030,1358,2012-12-17,7,OZ,1,0.58
3388822242,214,14,1410,104140949,3957,2012-12-18,16,OZ,2,1.88
3388822242,214,26,2632,103600030,8583,2012-12-18,72,CT,1,2.1
3388822242,214,35,3509,107261373,17576,2012-12-18,41,OZ,3,5.94
3388822242,214,9,901,103010030,9530,2012-12-19,16.8,OZ,1,3.95
3388822242,214,45,4509,1082538282,33170,2012-12-19,32,OZ,7,41.79
3388822242,214,26,2633,1074409676,17717,2012-12-19,1,RL,13,6.5
3388822242,214,69,6901,1082775585,2458,2012-12-20,10,OZ,1,3.42
3388822242,214,33,3307,1079357373,56223,2012-12-20,1.4,OZ,5,1.67
3388822242,214,18,1828,107584777,1093,2012-12-21,1,CT,1,2.88
3388822242,214,26,2620,104122040,23511,2012-12-21,20,CT,3,3.57
3388822242,214,4,410,109504595,22225,2012-12-22,1.1,OZ,7,3.5
3388822242,214,58,5835,104122040,23511,2012-12-22,16,OZ,11,22
3388822242,214,97,9753,1022111626,0,2012-12-23,1,CT,2,6.88
3388822242,214,32,3203,106414464,13474,2012-12-23,8,OZ,2,6.56
3388822242,214,33,3305,107942676,15276,2012-12-24,14,OZ,4,6.31
3388822242,214,97,9799,1072652878,7848,2012-12-24,1,CT,2,3.99
3388822242,214,13,1306,104122040,20514,2012-12-24,4,LB,1,2.98
3388822242,214,58,5815,103760030,8501,2012-12-24,5,OZ,1,2.98
3388822242,214,44,4404,1074816272,16521,2012-12-24,11,OZ,6,17.76
3388822242,214,4,410,1068670060,16907,2012-12-24,16.9,OZ,1,4.85
3388822242,214,97,9799,101117919,19084,2012-12-26,1,CT,1,3
3388822242,214,9,907,107195575,2623,2012-12-26,20,OZ,2,4.56
3388822242,214,60,6007,101800010,14029,2012-12-26,4,OZ,4,5.12
3388822242,214,9,907,107087070,12106,2012-12-27,16,OZ,4,8.72
3388822242,214,64,6401,107825070,17336,2012-12-27,144,OZ,1,8.25
3388822242,214,3,305,1076172070,854,2012-12-27,12,OZ,1,1.65
3388822242,214,36,3611,104122040,23511,2012-12-27,405.6,OZ,2,7.28
3388822242,214,40,4005,1065279060,82502,2012-12-28,1.54,OZ,1,6.99
3388822242,214,5,501,103800030,6790,2012-12-28,12.6,OZ,1,2.78
3388822242,214,64,6401,103410030,98330,2012-12-29,72,OZ,1,7.99
3388822242,214,21,2113,102800020,56490,2012-12-29,33.84,OZ,4,8.22
3388822242,214,5,519,104122040,20514,2012-12-29,13,OZ,6,8.88
3388822242,214,8,837,107241272,8376,2012-12-29,16,OZ,1,2.57
3388822242,214,8,830,1081890888,48809,2012-12-29,22,OZ,1,2.88
3388822242,214,19,1904,1069824666,65034,2012-12-29,24,OZ,1,5.98
3388822242,214,36,3632,104122040,23511,2012-12-30,67.6,OZ,1,1
3388822242,214,26,2604,107089676,19921,2012-12-31,75,CT,2,3.25
3388822242,214,67,6705,1088513181,22168,2012-12-31,2,CT,2,8.94
3388822242,214,73,7318,104910040,4409,2012-12-31,30,CT,1,19.97
3388822242,214,51,5115,107218070,18520,2012-12-31,14.55,OZ,1,1.88
3388822242,214,57,5707,107047070,20230,2013-01-01,36,OZ,3,13.44
3388822242,214,5,502,101600010,101199,2013-01-03,5.4,OZ,1,2
3388822242,214,35,3509,101200515,6540,2013-01-03,70.54,OZ,1,3.42
3388822242,214,6,610,1061126969,15041,2013-01-04,16,OZ,1,2.96
3388822242,214,6,603,102800020,12547,2013-01-04,14.1,OZ,1,2.99
3388822242,214,36,3618,104900040,23359,2013-01-05,96,OZ,1,3.99
3388822242,214,63,6305,102500020,11749,2013-01-06,128,OZ,1,5.93
3388822242,214,33,3308,102840020,3336,2013-01-07,9.75,OZ,3,7.44
3388822242,214,2,214,101600010,1910,2013-01-08,10.6,OZ,1,1.87
3388822242,214,73,7304,1036382434,4760,2013-01-10,3,OZ,1,9.42
3388822242,214,51,5127,103100030,1358,2013-01-14,9.5,OZ,2,1.92
3388822242,214,99,9904,103338333,33170,2013-01-14,16,OZ,5,14.9
3388822242,214,99,9904,1066529060,52314,2013-01-15,16,OZ,1,2.98
3388822242,214,37,3708,104100040,10522,2013-01-16,2,OZ,1,1.26
3388822242,214,55,5552,107189979,2010,2013-01-17,64,OZ,2,11.75
3388822242,214,72,7214,101254616,18738,2013-01-17,16,CT,3,2.07
3388822242,214,63,6312,105020050,52045,2013-01-20,64,OZ,1,1.72
3388822242,214,25,2506,104122040,23511,2013-01-22,32,OZ,2,4.64
3388822242,214,32,3202,104122040,20514,2013-01-22,128,OZ,3,23.16
3388822242,214,72,7205,103700030,4294,2013-01-23,6.2,OZ,1,2.98
3388822242,214,9,902,101410010,45039,2013-01-23,6.6,OZ,12,20.15
3388822242,214,34,3410,107418272,16853,2013-01-23,7.5,OZ,1,1.47
3388822242,214,97,9753,106602262,0,2013-01-25,1,CT,2,5
3388822242,214,8,826,1081649383,5674,2013-01-26,4,OZ,1,1.48
3388822242,214,58,5831,103927232,26234,2013-01-26,16,OZ,1,3.29
3388822242,214,9,908,104508444,23511,2013-01-27,14,OZ,3,10.48
3388822242,214,41,4121,102700020,8612,2013-01-28,33.5,OZ,1,2.38
3388822242,214,10,1011,107349171,9883,2013-01-30,24,OZ,2,4.96
3388822242,214,19,1905,105150050,16728,2013-01-30,20,OZ,1,1.98
3388822242,214,71,7114,103878535,1079,2013-02-01,6,OZ,1,3.16
3388822242,214,71,7110,101150919,9389,2013-02-02,1,CT,1,6.97
3388822242,214,37,3703,105100050,2820,2013-02-03,10.5,OZ,1,1.44
3388822242,214,58,5833,104122040,23511,2013-02-03,10,OZ,1,4.98
3388822242,214,7,707,104122040,23511,2013-02-03,12,OZ,2,13.48
3388822242,214,99,9909,103022333,18065,2013-02-03,18,OZ,1,3.48
3388822242,214,99,9908,103338333,33170,2013-02-03,1,CT,1,4.48
3388822242,214,97,9753,1022028222,0,2013-02-05,1,CT,3,1.75
3388822242,214,36,3630,101200010,13794,2013-02-05,144,OZ,1,3.34
3388822242,214,9,908,102560020,18051,2013-02-05,3,OZ,2,2
3388822242,214,64,6401,103410030,11704,2013-02-06,96,OZ,1,4.49
3388822242,214,73,7309,1068142161,5339,2013-02-07,50,CT,1,9.48
3388822242,214,29,2930,103760030,72948,2013-02-07,9,OZ,1,1.98
3388822242,214,36,3635,102113626,107125,2013-02-10,12,OZ,2,1.24
3388822242,214,36,3632,102500020,11749,2013-02-10,144,OZ,1,4
3388822242,214,32,3203,106414464,13474,2013-02-11,5,OZ,1,2.62
3388822242,214,2,212,107023373,62481,2013-02-11,6,OZ,2,1
3388822242,214,58,5824,107004373,58268,2013-02-12,8,OZ,1,1.68
3388822242,214,12,1205,104122040,23511,2013-02-13,3,OZ,2,1.98
3388822242,214,36,3632,104900040,6137,2013-02-14,20,OZ,1,1.67
3388822242,214,22,2207,104650040,16355,2013-02-15,8.7,OZ,1,2.96
3388822242,214,16,1604,107339070,11515,2013-02-16,50,CT,1,2.86
3388822242,214,23,2301,107112070,66627,2013-02-17,5,OZ,1,0.28
3388822242,214,5,516,101600010,12426,2013-02-17,7.4,OZ,2,5.28
3388822242,214,35,3508,103700030,18371,2013-02-18,50,OZ,1,7.54
3388822242,214,54,5403,101800010,14029,2013-02-18,11.5,OZ,1,1.98
3388822242,214,5,504,1072225272,3695,2013-02-19,1.59,OZ,1,1
3388822242,214,58,5835,107790070,9200,2013-02-19,16,OZ,5,13.84
3388822242,214,72,7214,101254616,18738,2013-02-19,60,CT,1,2.86
3388822242,214,8,836,104122040,20514,2013-02-19,32,OZ,1,0.57
3388822242,214,41,4105,1072534272,12171,2013-02-20,28,OZ,1,2.99
3388822242,214,99,9909,1071658272,26492,2013-02-20,6,OZ,1,3.49
3388822242,214,36,3611,104900040,4599,2013-02-21,20,OZ,1,1.49
3388822242,214,63,6320,104122040,20449,2013-02-22,12,CT,14,56.19
3388822242,214,51,5131,101862717,9496,2013-02-23,12.2,OZ,2,9.56
3388822242,214,33,3307,102900020,14112,2013-02-23,8.25,OZ,1,5.78
3388822242,214,19,1908,104530040,13915,2013-02-23,16.3,OZ,1,2.52
3388822242,214,97,9753,1074007575,0,2013-02-24,1,CT,39,77.77
3388822242,214,33,3318,107992777,19084,2013-02-24,10,OZ,4,13.96
3388822242,214,97,9753,1020476222,0,2013-02-24,1,CT,1,9.96
3388822242,214,64,6409,1071803878,6270,2013-02-24,0.75,LT,1,18.99
3388822242,214,29,2902,104122040,20514,2013-02-24,24,OZ,1,2.08
3388822242,214,5,516,101600010,12426,2013-02-26,8.9,OZ,2,5.28
3388822242,214,63,6315,103377636,16650,2013-02-27,64,OZ,3,9.84
3388822242,214,53,5307,1071651979,11085,2013-02-27,10,OZ,1,2.77
3388822242,214,59,5902,101526717,18197,2013-02-27,6,OZ,1,3.99
3388822242,214,26,2615,103600030,9878,2013-02-28,18,CT,1,2.86
3388822242,214,21,2106,107166171,25903,2013-02-28,32,OZ,1,4.63
3388822242,214,36,3601,104122040,23511,2013-03-01,20,OZ,2,1
3388822242,214,57,5710,1068954464,6086,2013-03-02,5.3,OZ,6,7.5
3388822242,214,56,5617,102100020,9886,2013-03-05,12,OZ,1,2.88
3388822242,214,21,2113,102500020,11749,2013-03-06,67.5,OZ,2,5.96
3388822242,214,9,917,1081940080,63797,2013-03-07,19.2,OZ,1,2.49
3388822242,214,9,912,104812141,18322,2013-03-07,15,OZ,1,2.98
3388822242,214,56,5620,104122040,23511,2013-03-08,32,OZ,2,18.36
3388822242,214,57,5707,104122040,23511,2013-03-09,18,OZ,1,2.14
3388822242,214,49,4901,101312010,26885,2013-03-10,28,OZ,2,4.84
3388822242,214,5,501,105844959,12466,2013-03-10,11.5,OZ,1,2.98
3388822242,214,43,4302,104300040,4030,2013-03-10,12,OZ,1,2.18
3388822242,214,19,1904,1069824666,65034,2013-03-10,12,OZ,1,3.14
3388822242,214,21,2119,1061300868,867,2013-03-12,23,OZ,1,0.77
3388822242,214,73,7304,1032390030,104907,2013-03-12,16,CT,1,6.42
3388822242,214,31,3101,104430040,7070,2013-03-13,3,OZ,1,2.92
3388824436,214,57,5705,107047070,20230,2012-03-04,24,OZ,2,4
3388824436,214,26,2628,103040030,17034,2012-03-04,1,RL,2,3
3388824436,214,29,2908,101760010,3054,2012-03-05,16,OZ,1,0.78
3388824436,214,9,901,104400040,13243,2012-03-05,10.5,OZ,1,2.98
3388824436,214,16,1604,107339070,11515,2012-03-05,15,CT,2,2.74
3388824436,214,5,501,1088491282,86364,2012-03-07,16,OZ,2,5.64
3388824436,214,26,2630,104122040,23511,2012-03-09,66,CT,1,1.08
3388824436,214,51,5125,101380010,10271,2012-03-09,8.5,OZ,1,2
3388824436,214,92,9212,107124979,21913,2012-03-11,0.13,OZ,1,5.97
3388824436,214,63,6305,104122040,20514,2012-03-12,128,OZ,1,3.18
3388824436,214,29,2914,104122040,23511,2012-03-12,12,OZ,1,1
3388824436,214,26,2614,103700030,514,2012-03-12,28,CT,1,5.97
3388824436,214,12,1205,104122040,20514,2012-03-12,12,OZ,4,7.76
3388824436,214,25,2506,104127141,26189,2012-03-14,32,OZ,1,2.58
3388824436,214,64,6401,101820010,2510,2012-03-15,288,OZ,1,16.97
3388824436,214,63,6315,104122040,20514,2012-03-16,128,OZ,43,129.14
3388824436,214,81,8101,102720020,13461,2012-03-16,1,CT,5,20.35
3388824436,214,72,7205,103500030,3830,2012-03-17,4.2,OZ,1,1.12
3388824436,214,5,501,104122040,23511,2012-03-18,15,OZ,1,3.5
3388824436,214,40,4005,103311939,11043,2012-03-19,0.85,OZ,1,1.5
3388824436,214,16,1604,101254616,17473,2012-03-22,42,CT,1,1.88
3388824436,214,29,2928,107142979,20299,2012-03-23,5.7,OZ,1,1.19
3388824436,214,63,6305,102500020,11749,2012-03-23,128,OZ,1,5.78
3388824436,214,57,5709,103663232,4568,2012-03-24,7,OZ,1,0.88
3388824436,214,37,3703,105100050,2820,2012-03-27,10.75,OZ,2,2
3388824436,214,4,421,104000040,16565,2012-03-27,2.17,OZ,1,0.59
3388824436,214,41,4107,104122040,23511,2012-03-29,8.5,OZ,4,2
3388824436,214,1,106,1084590181,20484,2012-03-30,3.5,OZ,2,3.56
3388824436,214,9,908,104122040,23511,2012-04-03,16.2,OZ,1,4.25
3388824436,214,26,2620,1072652878,7848,2012-04-03,1,CT,3,3
3388824436,214,9,907,104122040,20514,2012-04-07,24,OZ,31,28.28
3388824436,214,56,5620,102100020,9886,2012-04-09,8,OZ,3,7.56
3388824436,214,63,6320,104122040,20514,2012-04-09,18,CT,23,53.9
3388824436,214,24,2415,101972212,54546,2012-04-10,12,OZ,1,2.89
3388824436,214,5,501,103800030,6790,2012-04-10,17,OZ,1,3.34
3388824436,214,58,5833,103477939,26663,2012-04-11,16,OZ,3,8.94
3388824436,214,9,907,107432373,1866,2012-04-11,20,OZ,2,3.56
3388824436,214,5,501,104122040,20514,2012-04-14,17,OZ,1,2
3388824436,214,14,1411,104122040,20514,2012-04-14,20,OZ,3,2.91
3388824436,214,9,907,104122040,23511,2012-04-15,17.75,OZ,1,1.68
3388824436,214,49,4903,1083418383,385,2012-04-15,20,OZ,1,2.98
3388824436,214,12,1203,102010020,1525,2012-04-15,3.75,OZ,2,2
3388824436,214,32,3202,101200515,71182,2012-04-15,33.8,OZ,2,4.24
3388824436,214,97,9753,1023877020,0,2012-04-16,1,CT,1,2.52
3388824436,214,79,7902,1061878060,46719,2012-04-17,1,CT,3,4
3388824436,214,9,907,107341070,2437,2012-04-19,24,OZ,1,2.98
3388824436,214,21,2105,104900040,14357,2012-04-20,32,OZ,1,0.78
3388824436,214,33,3310,102840020,51688,2012-04-20,3.5,OZ,1,2
3388824436,214,35,3509,109451494,20153,2012-04-21,50,OZ,1,1.98
3388824436,214,96,9609,1053980050,88199,2012-04-21,0,,1,-2
3388824436,214,8,826,107639777,9982,2012-04-22,5,OZ,1,1.09
3388824436,214,10,1013,102400020,4704,2012-04-29,16,OZ,1,1.88
3388824436,214,54,5403,101800010,14029,2012-04-29,11.5,OZ,1,2.17
3388824436,214,36,3632,109047898,9098,2012-04-29,50.7,OZ,1,0.97
3388824436,214,4,418,102800020,2631,2012-05-05,5.2,OZ,1,1
3388824436,214,92,9207,10178717,50335,2012-05-09,1,CT,1,1
3388824436,214,97,9799,105159656,27860,2012-05-09,1,CT,2,7.47
3388824436,214,64,6401,107336070,10674,2012-05-09,72,OZ,1,5.25
3388824436,214,36,3618,101200010,23361,2012-05-09,101.4,OZ,13,32.5
3388824436,214,97,9753,1022028222,0,2012-05-09,1,CT,1,6.48
3388824436,214,5,501,103800030,9543,2012-05-09,8.56,OZ,2,5.28
3388824436,214,51,5129,102000020,7655,2012-05-09,24,OZ,1,2.67
3388824436,214,31,3101,103771737,51598,2012-05-09,11.5,OZ,1,4.69
3388824436,214,23,2301,101395111,68281,2012-05-09,16,OZ,1,3.79
3388824436,214,29,2906,108165282,24623,2012-05-09,2.82,OZ,2,11.98
3388824436,214,58,5824,102781525,5557,2012-05-09,39,OZ,5,34.95
3388824436,214,34,3405,101111111,5168,2012-05-10,8.5,OZ,1,3.27
3388824436,214,97,9753,1022108626,0,2012-05-12,1,CT,3,34.48
3388824436,214,21,2114,104122040,20514,2012-05-12,15,OZ,5,6.45
3388824436,214,64,6409,1089918888,44152,2012-05-12,0.75,LT,1,10.48
3388824436,214,8,814,107287878,8228,2012-05-12,24,OZ,1,3.15
3388824436,214,26,2635,1061029060,7848,2012-05-12,1,CT,1,0.49
3388824436,214,99,9909,104122040,23511,2012-05-12,12,OZ,181,500.56
3388824436,214,17,1703,104460040,6608,2012-05-12,22,OZ,4,7.92
3388824436,214,45,4514,102370020,18969,2012-05-12,48,OZ,2,19.96
3388824436,214,29,2914,102100020,19279,2012-05-15,24,OZ,1,4.88
3388824436,214,56,5604,107456272,2682,2012-05-16,12,OZ,1,3.58
3388824436,214,9,917,104856444,7755,2012-05-17,73.28,OZ,1,2.47
3388824436,214,14,1415,104122040,20514,2012-05-17,11,OZ,2,1.48
3388824436,214,36,3601,104122040,23511,2012-05-18,20,OZ,8,4
3388824436,214,8,805,105440050,23210,2012-05-19,5,OZ,1,2.5
3388824436,214,26,2610,107675373,2365,2012-05-22,100,CT,1,0.99
3388824436,214,51,5130,107218070,15035,2012-05-23,11.6,OZ,2,4.96
3388824436,214,27,2704,105849656,13705,2012-05-29,7.1,OZ,1,3.28
3388824436,214,12,1205,108000080,17292,2012-05-30,12,OZ,2,4.96
3388824436,214,4,416,103400030,8247,2012-05-31,1.55,OZ,1,0.79
3388824436,214,96,9609,1057007454,88199,2012-06-01,0,,1,-5
3388824436,214,70,7002,1076705676,10899,2012-06-02,1,CT,1,6.97
3388824436,214,59,5905,103377636,5476,2012-06-05,13,OZ,1,3.81
3388824436,214,47,4704,104122040,20514,2012-06-07,12,OZ,1,0.93
3388824436,214,99,9908,1076917676,53401,2012-06-07,16,OZ,4,7.92
3388824436,214,1,106,101500010,7142,2012-06-11,7,OZ,6,5.88
3388824436,214,99,9904,103338333,33170,2012-06-12,64,OZ,32,79.17
3388824436,214,58,5824,1074195575,54201,2012-06-12,12,OZ,4,8.68
3388824436,214,74,7407,104740040,7196,2012-06-12,12,CT,1,5.67
3388824436,214,96,9609,1057800050,88199,2012-06-12,0,,4,-4.61
3388824436,214,99,9908,104279747,53488,2012-06-13,40,OZ,1,4.28
3388824436,214,5,516,101862717,9496,2012-06-13,7.4,OZ,1,2.98
3388824436,214,49,4901,104122040,20514,2012-06-14,24,OZ,2,3.76
3388824436,214,58,5814,104470040,10837,2012-06-15,13.7,OZ,7,20.72
3388824436,214,63,6315,104122040,20514,2012-06-16,128,OZ,8,23.54
3388824436,214,36,3626,104900040,17186,2012-06-19,67.6,OZ,6,10.02
3388824436,214,26,2632,103600030,8583,2012-06-19,168,CT,1,6.47
3388824436,214,11,1102,1072277676,17117,2012-06-19,800,CT,2,24.28
3388824436,214,71,7114,107940070,17521,2012-06-19,11,OZ,1,2.17
3388824436,214,63,6309,101405414,12973,2012-06-21,12,OZ,6,15
3388824436,214,10,1013,103890030,5072,2012-06-21,16,OZ,2,4.18
3388824436,214,51,5127,1065827666,8605,2012-06-21,16,OZ,1,2.22
3388824436,214,36,3634,1078616272,7237,2012-06-22,33.8,OZ,3,4.44
3388824436,214,4,410,102840020,16907,2012-06-22,0.84,OZ,1,0.39
3388824436,214,69,6901,103700030,16139,2012-06-26,2.6,OZ,2,6.31
3388824436,214,21,2119,107618373,16756,2012-06-27,96,OZ,1,4.96
3388824436,214,31,3109,104480040,73465,2012-06-28,3,OZ,1,1.1
3388824436,214,8,822,104150141,10197,2012-06-29,10,OZ,2,2
3388824436,214,5,519,103000030,14760,2012-07-02,15.1,OZ,1,2.52
3388824436,214,58,5824,104122040,20514,2012-07-05,14,OZ,1,3.48
3388824436,214,55,5559,107756777,14286,2012-07-05,28.8,OZ,1,3.48
3388824436,214,5,501,101600010,85114,2012-07-05,12.3,OZ,1,2.5
3388824436,214,58,5814,102781525,885,2012-07-05,11.7,OZ,1,2
3388824436,214,34,3406,101700010,4912,2012-07-08,12,OZ,1,2.24
3388824436,214,9,902,102840020,17248,2012-07-09,8,OZ,1,2.5
3388824436,214,57,5710,103663232,4568,2012-07-10,5.3,OZ,4,4
3388824436,214,36,3635,104122040,20449,2012-07-11,33.8,OZ,1,1.09
3388824436,214,25,2504,105000050,3001,2012-07-11,12,OZ,1,1.08
3388824436,214,40,4005,1089708585,215,2012-07-11,0.5,OZ,1,4.99
3388824436,214,45,4515,107590171,59594,2012-07-11,22.75,OZ,1,5.88
3388824436,214,2,212,101330010,11211,2012-07-11,6,OZ,2,1.16
3388824436,214,37,3709,104178949,11224,2012-07-12,3,OZ,24,4.08
3388824436,214,96,9609,1054110050,88199,2012-07-13,0,,1,-3
3388824436,214,10,1010,103400030,8247,2012-07-13,48,OZ,2,7.76
3388824436,214,27,2712,103270030,7966,2012-07-14,128,OZ,1,9.57
3388824436,214,27,2710,107023070,18373,2012-07-14,27,LB,1,10.77
3388824436,214,5,504,1072225272,3695,2012-07-14,1.69,OZ,8,8
3388824436,214,28,2804,107888373,3689,2012-07-15,12,OZ,2,1.6
3388824436,214,9,907,107343575,9705,2012-07-15,12,OZ,1,3.29
3388824436,214,45,4517,104122040,20514,2012-07-15,80,OZ,4,31.4
3388824436,214,23,2301,107173070,19547,2012-07-15,12,OZ,2,3.16
3388824436,214,29,2914,101356212,713,2012-07-16,6,OZ,1,1.99
3388824436,214,25,2506,104127141,26189,2012-07-18,16,OZ,1,1.68
3388824436,214,5,501,104240040,40317,2012-07-19,36,OZ,1,5.38
3388824436,214,9,901,104400040,13243,2012-07-23,15.35,OZ,1,2.98
3388824436,214,33,3305,1075752878,1381,2012-07-24,4,OZ,2,2.34
3388824436,214,64,6408,108823282,19284,2012-07-26,1.5,LT,1,6.99
3388824436,214,97,9707,101258717,7245,2012-07-28,5,CT,1,2.28
3388824436,214,36,3601,104900040,3809,2012-07-31,144,OZ,4,15.91
3388824436,214,21,2106,107535575,13044,2012-07-31,64,OZ,1,1.79
3388824436,214,97,9753,1020420020,0,2012-08-03,1,CT,1,11.76
3388824436,214,7,708,102550020,6550,2012-08-03,11.5,OZ,2,8.36
3388824436,214,16,1604,101254616,17473,2012-08-04,42,CT,1,2.14
3388824436,214,58,5831,104222242,26234,2012-08-05,20,OZ,1,3.48
3388824436,214,58,5827,107962171,20097,2012-08-06,24,OZ,2,13.76
3388824436,214,33,3303,102840020,10241,2012-08-08,8.5,OZ,1,2.68
3388824436,214,99,9901,1071170272,33170,2012-08-09,0.25,OZ,1,2.47
3388824436,214,13,1306,101600010,7366,2012-08-10,5,LB,1,2.36
3388824436,214,75,7501,1030813737,9259,2012-08-10,2,OZ,1,0.99
3388824436,214,43,4302,104300040,4030,2012-08-11,8,OZ,1,1.17
3388824436,214,18,1831,107089676,19921,2012-08-11,24,CT,1,0.95
3388824436,214,36,3601,104900040,3809,2012-08-11,42.2,OZ,1,0.97
3388824436,214,81,8101,102720020,13461,2012-08-12,1,CT,5,21
3388824436,214,8,826,107788575,18011,2012-08-12,10,OZ,1,1.08
3388824436,214,33,3350,101708212,9033,2012-08-13,1,OZ,1,1.17
3388824436,214,56,5609,102100020,2321,2012-08-13,3.9,OZ,4,3.28
3388824436,214,8,836,107040474,14245,2012-08-13,16,OZ,1,1.34
3388824436,214,72,7214,102200020,13228,2012-08-14,54,CT,1,1.88
3388824436,214,51,5121,104369545,8522,2012-08-14,22.5,OZ,1,3.99
3388824436,214,57,5705,107047070,20230,2012-08-14,6,OZ,1,0.58
3388824436,214,81,8101,102720020,13461,2012-08-15,10,CT,1,39.86
3388824436,214,30,3010,104122040,20514,2012-08-16,16,OZ,1,1.66
3388824436,214,4,416,104000040,16765,2012-08-18,3.29,OZ,1,1
3388824436,214,25,2503,104122040,20514,2012-08-19,11,OZ,1,1.48
3388824436,214,24,2415,101700010,885,2012-08-19,3,OZ,1,0.38
3388824436,214,72,7203,1031254737,10554,2012-08-19,16.9,OZ,1,3.52
3388824436,214,36,3626,104122040,23511,2012-08-20,20,OZ,1,-0.05
3388824436,214,4,417,103400030,15113,2012-08-22,2.8,OZ,1,1
3388824436,214,35,3504,103500030,13470,2012-08-22,14,OZ,2,1.94
3388824436,214,8,817,102400020,4704,2012-08-23,26.5,OZ,1,0.89
3388824436,214,10,1012,104300040,26232,2012-08-23,14,OZ,1,1
3388824436,214,92,9208,104319444,16067,2012-08-24,8,CT,1,3.47
3388824436,214,26,2609,104200040,5016,2012-08-24,40,CT,1,3.48
3388824436,214,51,5115,107218070,15035,2012-08-26,11.2,OZ,6,11.88
3388824436,214,18,1841,104178545,12907,2012-08-26,1,CT,1,7.98
3388824436,214,51,5124,102708626,5108,2012-08-26,16,OZ,1,3.13
3388824436,214,99,9908,103338333,33170,2012-08-26,160,OZ,3,11.31
3388824436,214,27,2701,107910070,7608,2012-08-26,13.2,OZ,4,1.76
3388824436,214,32,3203,106414464,13474,2012-08-27,8,OZ,1,3.26
3388824436,214,30,3001,102100020,11761,2012-08-27,12,OZ,1,2.98
3388824436,214,26,2615,107830070,14142,2012-08-28,36,CT,1,6.97
3388824436,214,97,9753,1026502222,0,2012-08-28,1,CT,3,0.93
3388824436,214,29,2904,101600010,7860,2012-08-28,5.8,OZ,1,1.5
3388824436,214,99,9908,103338333,33170,2012-08-29,16,OZ,105,175.08
3388824436,214,29,2904,107142979,20299,2012-08-29,5.7,OZ,1,1.98
3388824436,214,9,902,1075928373,1243,2012-08-29,6.5,OZ,1,2.5
3388824436,214,57,5710,107047070,20230,2012-08-29,6,OZ,10,10
3388824436,214,58,5824,104280444,55110,2012-08-29,48,OZ,2,13.96
3388824436,214,56,5620,104122040,20514,2012-08-31,32,OZ,2,15.96
3388824436,214,26,2622,101370010,8154,2012-09-01,40,CT,1,2.98
3388824436,214,2,211,104146040,14062,2012-09-01,60,OZ,2,9.52
3388824436,214,26,2622,104122040,23511,2012-09-02,35,CT,1,2.39
3388824436,214,73,7302,1031284333,11661,2012-09-02,24,CT,1,4.98
3388824436,214,37,3703,104122040,20514,2012-09-02,10.75,OZ,1,0.64
3388824436,214,33,3302,102389626,14268,2012-09-03,9.6,OZ,1,2.5
3388824436,214,58,5828,103100030,1358,2012-09-06,24.9,OZ,1,3.98
3388824436,214,37,3703,104122040,20514,2012-09-07,10.75,OZ,1,0.88
3388824436,214,2,201,1064420969,5345,2012-09-07,16.5,OZ,1,1.38
3388824436,214,37,3711,105100050,2820,2012-09-07,15.25,OZ,1,1.68
3388824436,214,56,5616,104122040,23511,2012-09-09,8,OZ,3,8.92
3388824436,214,51,5129,101380010,27474,2012-09-09,25,OZ,2,5.02
3388824436,214,97,9753,1020401121,0,2012-09-10,1,CT,3,3.25
3388824436,214,41,4121,107538676,4702,2012-09-10,7.4,OZ,4,1.08
3388824436,214,9,917,104122040,23511,2012-09-11,17,OZ,1,1.18
3388824436,214,57,5710,103663232,4568,2012-09-11,21.2,OZ,2,7.56
3388824436,214,31,3101,107967979,17087,2012-09-11,4,OZ,1,1.92
3388824436,214,36,3630,107800070,5208,2012-09-11,144,OZ,2,7.97
3388824436,214,24,2406,103760030,17027,2012-09-12,3,OZ,2,1.84
3388824436,214,26,2629,104122040,23511,2012-09-13,360,CT,1,2.77
3388824436,214,5,501,104122040,20514,2012-09-13,13,OZ,2,4.02
3388824436,214,81,8102,104210040,7716,2012-09-13,1.2,OZ,4,13.8
3388824436,214,9,912,101410010,13791,2012-09-14,21,OZ,1,3.98
3388824436,214,53,5309,101450010,20864,2012-09-16,12,CT,1,3.2
3388824436,214,58,5899,104122040,20514,2012-09-16,9,OZ,1,1.52
3388824436,214,6,610,107084777,11910,2012-09-16,16,OZ,7,12.32
3388824436,214,26,2629,104122040,23511,2012-09-16,120,CT,1,0.97
3388824436,214,72,7208,1030813737,14982,2012-09-17,2,CT,1,2
3388824436,214,5,516,103000030,14760,2012-09-17,15.2,OZ,1,3.98
3388824436,214,17,1710,101980010,5251,2012-09-18,80,OZ,1,6.77
3388824436,214,58,5833,103477939,54807,2012-09-18,16,OZ,1,2.88
3388824436,214,58,5837,102265525,2626,2012-09-18,3,OZ,1,2.98
3388824436,214,9,907,107225070,3769,2012-09-19,16,OZ,1,2.48
3388824436,214,8,826,104150040,6667,2012-09-20,12,OZ,1,2.08
3388824436,214,4,410,101880414,2859,2012-09-20,80,OZ,1,7.98
3388824436,214,24,2403,104135848,17845,2012-09-20,24,OZ,1,2.19
3388824436,214,96,9609,1054167050,88199,2012-09-21,0,,1,-1
3388824436,214,97,9753,1020306727,0,2012-09-22,1,CT,1,1.99
3388824436,214,91,9122,108068686,78236,2012-09-22,25.4,OZ,2,17.98
3388824436,214,38,3801,104122040,23511,2012-09-23,4,LB,1,2.48
3388824436,214,45,4508,104440040,7504,2012-09-24,19,OZ,1,4.92
3388824436,214,8,811,107321474,11575,2012-09-24,25,OZ,1,2.5
3388824436,214,69,6901,104740040,7196,2012-09-24,8,OZ,1,7.54
3388824436,214,5,516,101600010,6283,2012-09-25,7,OZ,3,7.92
3388824436,214,99,9908,107146474,2142,2012-09-25,12,OZ,4,7.12
3388824436,214,38,3801,1071909878,8760,2012-09-25,0.78,LB,1,1.58
3388824436,214,63,6312,101405414,12973,2012-09-25,12,OZ,1,2.5
3388824436,214,53,5307,104122040,23511,2012-09-25,16,OZ,94,123.3
3388824436,214,92,9211,104155444,11347,2012-09-25,0.08,OZ,2,7.88
3388824436,214,9,902,104400040,18775,2012-09-25,7.6,OZ,1,2.5
3388824436,214,30,3007,107020070,11244,2012-09-25,15,OZ,1,3.88
3388824436,214,46,4606,104122040,23511,2012-09-25,20,OZ,2,9.96
3388824436,214,58,5823,102781525,8100,2012-09-26,7,OZ,19,49.02
3388824436,214,37,3705,107032070,18670,2012-09-26,14.5,OZ,1,1.59
3388824436,214,36,3632,107800070,17635,2012-09-26,144,OZ,5,17.02
3388824436,214,41,4107,104122040,23511,2012-09-26,8.5,OZ,9,4.5
3388824436,214,31,3108,104122040,20514,2012-09-26,14,OZ,1,2.89
3388824436,214,75,7501,1084264686,26295,2012-09-27,2.6,OZ,1,1.68
3388824436,214,57,5704,107047070,20230,2012-09-27,24,OZ,6,11.64
3388824436,214,53,5307,104122040,23511,2012-09-27,16,OZ,60,64
3388824436,214,36,3612,106827464,30855,2012-09-29,128,OZ,1,0.92
3388824436,214,54,5403,104122040,23511,2012-09-30,27,OZ,1,5.98
3388824436,214,4,416,104000040,16765,2012-10-01,3.4,OZ,14,14
3388824436,214,97,9753,1022131626,0,2012-10-02,1,CT,6,7.24
3388824436,214,72,7205,103700030,4294,2012-10-02,0.85,OZ,2,1.75
3388824436,214,79,7901,107165878,47225,2012-10-02,1,CT,2,13.98
3388824436,214,64,6408,108500080,1387,2012-10-02,1.5,LT,1,8.97
3388824436,214,29,2925,107142979,20299,2012-10-02,32,OZ,4,7.36
3388824436,214,27,2702,105000050,491,2012-10-02,15,LB,11,65.78
3388824436,214,45,4511,102370020,18969,2012-10-02,11.5,OZ,1,2.68
3388824436,214,36,3603,104300040,4186,2012-10-03,256,OZ,2,3.76
3388824436,214,8,801,101300010,8164,2012-10-03,40,OZ,1,2.68
3388824436,214,5,501,104122040,20514,2012-10-03,18.2,OZ,2,4.5
3388824436,214,59,5907,102740020,16291,2012-10-03,21.3,OZ,4,6.56
3388824436,214,31,3107,104780040,162,2012-10-03,4.5,OZ,1,3.18
3388824436,214,40,4005,108370383,17940,2012-10-04,1.51,OZ,4,10.8
3388824436,214,33,3307,102840020,21452,2012-10-04,2.75,OZ,1,1.99
3388824436,214,1,105,102800020,12547,2012-10-04,56.3,OZ,2,29.96
3388824436,214,8,815,103900030,13296,2012-10-04,8,OZ,1,1.38
3388824436,214,9,907,107294575,15878,2012-10-06,20,OZ,1,1.98
3388824436,214,31,3101,107175878,2139,2012-10-06,4,OZ,3,5.25
3388824436,214,27,2712,104122040,20514,2012-10-07,160,OZ,1,8.97
3388824436,214,31,3101,107096979,17090,2012-10-07,8,OZ,1,2.44
3388824436,214,71,7109,107572474,4286,2012-10-07,5,CT,1,5.98
3388824436,214,35,3506,103700030,3068,2012-10-07,75,OZ,1,5.97
3388824436,214,8,802,107402777,14200,2012-10-07,5.5,OZ,1,1.67
3388824436,214,5,501,101600010,9773,2012-10-07,18,OZ,1,3.47
3388824436,214,26,2622,101090010,15232,2012-10-07,4,CT,2,3.88
3388824436,214,51,5121,104369545,8522,2012-10-07,54,OZ,25,224.25
3388824436,214,33,3305,1064961969,5654,2012-10-07,16,OZ,5,12.5
3388824436,214,5,501,101600010,6283,2012-10-08,15.6,OZ,1,3.36
3388824436,214,25,2501,102800020,70739,2012-10-08,14,OZ,9,13.32
3388824436,214,59,5906,104060040,26155,2012-10-08,45,OZ,1,5.42
3388824436,214,5,501,104122040,20514,2012-10-09,18.2,OZ,3,6.42
3388824436,214,64,6409,108224282,7329,2012-10-10,0.75,LT,1,8.97
3388824436,214,63,6311,107146474,2142,2012-10-10,32,OZ,1,3.98
3388824436,214,19,1905,104122040,23511,2012-10-10,18,OZ,4,9.59
3388824436,214,58,5824,104122040,20514,2012-10-10,12,OZ,2,2.5
3388824436,214,32,3201,105150050,4307,2012-10-10,20,OZ,1,2.58
3388824436,214,29,2925,103520030,15256,2012-10-11,48,OZ,1,1.78
3388824436,214,8,810,103771737,51598,2012-10-11,1.5,OZ,1,1.5
3388824436,214,14,1411,104122040,20514,2012-10-11,20,OZ,30,26.85
3388824436,214,13,1306,104146040,19820,2012-10-11,8,LB,1,5.78
3388824436,214,26,2633,104122040,20514,2012-10-11,4,RL,8,13.36
3388824436,214,36,3626,107800070,16223,2012-10-12,144,OZ,5,19.19
3388824436,214,74,7407,107033070,1783,2012-10-12,10,CT,1,2.68
3388824436,214,21,2103,103120030,12957,2012-10-12,64,OZ,2,4.98
3388824436,214,26,2620,101370010,8154,2012-10-13,50,CT,3,9.84
3388824436,214,56,5617,102100020,9886,2012-10-13,48,OZ,1,10.78
3388824436,214,36,3601,104900040,3809,2012-10-14,144,OZ,31,124.54
3388824436,214,37,3704,104800141,9814,2012-10-14,35.3,OZ,2,8.76
3388824436,214,63,6314,104122040,23511,2012-10-14,16,OZ,9,8.82
3388824436,214,9,907,107087070,12106,2012-10-14,20,OZ,64,110.54
3388824436,214,58,5824,102781525,5557,2012-10-14,14,OZ,1,2.47
3388824436,214,56,5609,104122040,23511,2012-10-15,24,OZ,11,19.48
3388824436,214,29,2928,107142979,20299,2012-10-15,7.4,OZ,3,2.76
3388824436,214,27,2701,104122040,20514,2012-10-15,22,OZ,1,0.8
3388824436,214,41,4107,104122040,23511,2012-10-15,106,OZ,2,8.36
3388824436,214,54,5403,104122040,23511,2012-10-16,12,OZ,2,6
3388824436,214,26,2632,103700030,13481,2012-10-17,20,CT,3,3
3388824436,214,73,7315,1030004535,12020,2012-10-17,4,OZ,2,11.14
3388824436,214,51,5115,107218070,15035,2012-10-17,11.5,OZ,1,2.47
3388824436,214,23,2301,104122040,67639,2012-10-17,7,OZ,25,6.84
3388824436,214,21,2117,107480676,10585,2012-10-17,160,OZ,3,8.34
3388824436,214,26,2622,104122040,23511,2012-10-18,40,CT,9,16.92
3388824436,214,97,9724,1064159060,18824,2012-10-18,1,CT,1,1.17
3388824436,214,29,2907,102840020,17938,2012-10-19,6.75,OZ,1,1.87
3388824436,214,97,9753,1020401121,0,2012-10-19,1,CT,2,2.09
3388824436,214,97,9753,1020480525,0,2012-10-20,1,CT,1,0.99
3388824436,214,97,9799,1068639060,19204,2012-10-22,100,CT,3,26.91
3388824436,214,71,7113,102240020,18715,2012-10-22,3,OZ,1,0.96
3388824436,214,28,2806,107942676,15276,2012-10-22,8.88,OZ,4,3.52
3388824436,214,42,4230,104122040,23511,2012-10-23,16,OZ,1,0.58
3388824436,214,8,822,104122040,20514,2012-10-23,15,OZ,6,4.94
3388824436,214,33,3316,101600010,3397,2012-10-23,8.75,OZ,4,7.92
3388824436,214,9,901,104400040,13243,2012-10-23,15.35,OZ,5,13.85
3388824436,214,56,5604,104122040,23511,2012-10-23,8,OZ,3,5.91
3388824436,214,36,3601,104900040,3809,2012-10-23,101.4,OZ,30,86.38
3388824436,214,17,1726,104460040,3718,2012-10-25,75,CT,1,4.63
3388824436,214,8,822,104430040,7070,2012-10-25,10,OZ,2,1.92
3388824436,214,55,5558,104767747,16765,2012-10-26,12,OZ,1,2.78
3388824436,214,49,4901,104122040,20514,2012-10-26,24,OZ,4,6.28
3388824436,214,64,6407,108500080,2187,2012-10-27,0.75,LT,4,9.92
3388824436,214,75,7501,1030052131,19243,2012-10-27,3,OZ,1,1.85
3388824436,214,33,3304,104122040,20514,2012-10-28,9,OZ,3,3.24
3388824436,214,75,7503,108307888,2997,2012-10-28,0.35,OZ,3,2.85
3388824436,214,9,901,107432373,11161,2012-10-28,3.9,OZ,1,1.17
3388824436,214,18,1828,103700030,6236,2012-10-28,2,CT,1,4.97
3388824436,214,19,1905,104122040,20514,2012-10-28,32,OZ,2,4.48
3388824436,214,31,3101,105210050,11382,2012-10-28,2,OZ,2,4.03
3388824436,214,36,3632,107800070,23209,2012-10-29,67.6,OZ,1,0.98
3388824436,214,37,3705,104122040,20514,2012-10-29,29,OZ,1,1.49
3388824436,214,36,3604,104122040,20514,2012-10-29,33.8,OZ,1,0.57
3388824436,214,4,410,1072518171,10784,2012-10-30,0.88,OZ,4,1.23
3388824436,214,36,3614,104133141,7531,2012-10-30,15,OZ,1,1.72
3388824436,214,27,2701,102310020,13705,2012-10-30,13.2,OZ,10,6.7
3388824436,214,28,2804,107639777,9982,2012-10-30,26,OZ,4,3.96
3388824436,214,60,6001,101800010,14029,2012-10-30,16,OZ,2,4.12
3388824436,214,42,4220,104133141,7531,2012-10-31,64,OZ,2,9.76
3388824436,214,99,9904,103338333,33170,2012-10-31,64,OZ,13,30.81
3388824436,214,33,3304,104122040,20514,2012-11-01,9,OZ,10,11.64
3388824436,214,31,3108,107611474,17086,2012-11-01,5.25,OZ,4,2
3388824436,214,64,6401,101820010,2510,2012-11-01,288,OZ,6,119.88
3388824436,214,63,6312,102500020,16487,2012-11-01,59,OZ,3,5.94
3388824436,214,28,2804,107423474,15809,2012-11-02,7,OZ,1,1.19
3388824436,214,63,6340,101037414,27604,2012-11-02,6,OZ,1,2.98
3388824436,214,4,412,104122040,20514,2012-11-02,7.5,OZ,3,2.97
