3551706212,21,41,4105,107294070,18909,2012-05-15,28,OZ,2,2.94
3551710531,101,36,3631,104900040,1414,2012-04-04,144,OZ,1,5.29
3551710531,101,22,2211,109867393,17577,2012-08-26,80,CT,1,3.65
3551710531,101,56,5621,1068826767,81691,2012-11-06,8,OZ,1,2.09
3551760872,65,58,5823,1078533171,7796,2012-11-28,16,OZ,3,4.69
3551834347,151,92,9211,104155444,11347,2012-11-11,0.08,OZ,1,3.54
3551834347,151,0,0,10000,0,2013-06-03,0,,1,0
3551839478,133,56,5615,101111010,9907,2012-03-31,24,OZ,1,6.99
3551844229,58,9,902,101410010,45039,2012-08-21,6.6,OZ,2,1.98
3551844229,58,75,7520,1030052131,27166,2013-02-16,375,CT,2,5.48
3551844582,89,51,5125,101380010,10271,2012-07-09,8,OZ,1,1.88
3551844582,89,36,3618,101200010,23361,2012-11-09,144,OZ,1,3
3551847614,98,37,3703,101111010,9907,2012-12-29,10.5,OZ,2,0.98
3551848798,211,99,9908,101111010,9907,2012-10-14,16,OZ,1,1.69
3551850829,98,23,2301,101270010,16555,2012-08-19,8,OZ,2,3.38
3551850829,98,9,920,107641070,10160,2012-09-16,11.25,OZ,1,2
3551854864,211,43,4302,101111010,9907,2012-05-29,8,OZ,1,1
3551857323,12,9,917,107520272,2855,2012-12-16,8,OZ,1,1.59
3551859359,63,26,2619,101111010,9907,2013-03-08,50,CT,1,4.99
3551874855,191,26,2619,101258717,7245,2012-03-13,25,CT,1,7.99
3551874855,191,36,3611,101111010,6678,2012-07-20,16.9,OZ,1,0.62
3551874855,191,8,803,101111010,6678,2012-11-13,12,OZ,1,1.16
3551875624,191,9,907,107222070,6669,2012-08-29,13.5,OZ,1,2
3551891089,96,56,5607,102100020,13967,2012-04-30,1,OZ,2,0.78
3551891089,96,16,1604,101254616,17473,2012-06-26,14,CT,1,1.49
3551891219,96,32,3202,105150050,4307,2012-07-08,32,OZ,1,4.95
3551891385,96,59,5906,102700020,13564,2012-05-09,13.4,OZ,1,2.49
3551891385,96,36,3626,101200010,16391,2012-08-18,20,OZ,1,0.99
3551891385,96,10,1010,103400030,8247,2012-08-29,48,OZ,1,4.89
3551891884,96,73,7344,103680030,18533,2012-03-05,14,CT,2,17.98
3551891884,96,9,901,101122515,19197,2013-03-06,25,OZ,1,1.99
3551892708,96,96,9632,107675070,532,2013-03-02,1,CT,1,25
3551893344,96,58,5823,103003434,7175,2013-02-03,9,OZ,1,4.29
3551941275,214,4,416,104000040,56360,2012-09-27,2.13,OZ,1,0.59
3551941275,214,51,5121,104369545,8522,2013-02-01,9,OZ,2,3.76
3551960796,214,36,3638,1085049989,12905,2012-04-23,20,OZ,1,1.29
3551960796,214,75,7533,1031101737,25703,2012-06-13,6,CT,1,4.5
3551960796,214,4,410,107920070,20031,2012-12-29,6,OZ,1,0.97
3551960796,214,9,917,104122040,23511,2013-03-27,25.5,OZ,1,1.38
3551963534,206,9,907,107225070,12465,2012-03-02,14,OZ,1,2.67
3551963534,206,36,3601,104900040,3809,2012-12-03,67.6,OZ,1,1.98
3551963534,206,8,810,104150040,6714,2012-12-26,1.75,OZ,2,2.96
3552003866,46,0,0,10000,0,2012-09-20,0,,-3,-4
3552003866,46,51,5123,107057575,60780,2013-02-20,28,OZ,1,2.59
3552018926,46,23,2301,101510010,4255,2013-02-21,12,OZ,1,1
3552073025,360,9,914,104173545,14456,2012-12-22,12,OZ,2,4.38
3552345963,42,36,3611,106827464,30855,2012-12-02,405.6,OZ,1,4.49
3552345963,42,36,3601,104900040,3809,2012-12-02,144,OZ,1,5.49
3552495144,285,72,7205,103500030,3830,2012-06-15,8.2,OZ,2,4
3552499746,108,17,1703,1075480777,610,2012-03-27,64,OZ,1,1.89
3552499746,108,26,2617,101090010,15232,2012-10-16,1,CT,3,32.97
3552596371,85,25,2506,104410040,8481,2013-01-14,16,OZ,1,2.39
3552598949,85,25,2508,102529323,16410,2012-03-14,64,OZ,1,3.29
3552598949,85,99,9909,107127979,6732,2012-04-13,6,OZ,1,3.89
3552599244,85,16,1604,107339070,11515,2012-05-29,15,CT,1,0.89
3552599244,85,43,4302,104300040,4030,2012-10-12,8,OZ,1,2
3552599264,85,2,214,103000030,1058,2013-01-26,32,OZ,1,2.69
3552600243,85,9,901,104400040,13243,2012-03-08,15.5,OZ,1,2.49
3552600243,85,9,907,105040050,95440,2012-04-28,12,OZ,1,1.99
3552617453,507,22,2207,104650040,16355,2012-10-24,22,OZ,1,3.99
3552689299,507,4,418,103400030,8247,2012-12-01,7.2,OZ,1,3.45
3552711785,508,36,3611,104900040,4599,2013-05-27,405.6,OZ,1,4.99
3552768158,509,17,1726,1061035262,23664,2012-08-04,75,CT,1,3.99
3552791022,510,97,9753,107352575,0,2012-04-17,1,CT,3,7.08
3552791022,510,63,6315,108523989,11176,2013-02-10,128,OZ,2,6.7
3552811239,510,73,7344,1037003030,23664,2012-09-10,30,CT,1,3.24
3552821659,510,26,2613,1075940979,23664,2012-10-23,144,CT,1,22.99
3552870483,8,32,3202,104116343,365,2012-07-05,48,OZ,1,4.29
3552870483,8,37,3703,104130343,38922,2013-03-15,10.5,OZ,3,3.57
3552910316,31,91,9127,108700080,4338,2012-07-27,0.75,LT,1,19.99
3552910598,31,36,3611,106827464,30855,2012-10-20,591.5,OZ,1,4.79
3552911218,31,30,3008,102114020,19950,2012-08-03,16,OZ,1,2.79
3552911218,31,53,5307,102000020,7655,2012-10-08,12,OZ,1,2.69
3552911218,31,8,811,103620030,1698,2012-10-22,15,OZ,2,5
3552911218,31,9,902,104400040,18775,2012-12-10,8,OZ,1,3.59
3552911218,31,37,3711,105100050,2820,2012-12-18,18.3,OZ,1,2.5
3552915323,31,21,2113,102800020,56490,2012-04-30,33.84,OZ,2,2.69
3552915323,31,71,7113,1030815131,3609,2012-05-10,10.1,OZ,1,3
3552929305,31,24,2403,108660080,2559,2012-03-16,5,OZ,2,3
3552929305,31,56,5616,102100020,9886,2012-09-12,8,OZ,1,2.99
3552929305,31,9,901,103010030,6852,2013-02-20,16.8,OZ,1,3.99
3552931026,31,10,1011,104300040,26232,2012-11-09,6.5,OZ,1,1.5
3552931294,31,5,501,102114020,19950,2013-02-08,12.2,OZ,1,3.39
3552931588,31,57,5704,102114020,19950,2012-11-10,6,OZ,1,0.5
3552931588,31,59,5907,102900020,2012,2012-12-08,16,OZ,2,1.98
3552931588,31,36,3603,102114020,19950,2013-02-05,169,OZ,2,2.99
3552936328,31,73,7326,103680030,18533,2012-04-01,60,CT,1,4
3552939375,31,36,3630,102114020,23503,2013-01-24,144,OZ,2,4.4
3552940083,31,9,907,102114020,19950,2012-07-17,11,OZ,2,2.5
3552940083,31,56,5615,102114020,19950,2012-09-29,8,OZ,1,2.5
3552941341,31,51,5125,101380010,10271,2012-05-07,9.5,OZ,1,2
3552941341,31,97,9753,1073231373,0,2012-05-28,1,CT,1,3.99
3552941341,31,29,2904,101530010,13610,2012-07-07,6.2,OZ,2,0
3552941341,31,9,904,1078735979,6734,2012-09-09,5,OZ,1,1.25
3552941341,31,38,3801,102114020,19950,2012-12-01,5,LB,1,3.99
3552961602,16,15,1505,1080276383,17674,2012-05-19,12,OZ,1,4.49
3552961602,16,11,1112,102898929,26666,2013-01-15,5.25,OZ,2,10.98
3552963707,21,97,9711,108627989,4398,2012-06-28,1,CT,1,69.99
3552963707,21,28,2804,10930090,12157,2012-08-27,12,OZ,1,1.19
3552963707,21,97,9753,10000,0,2012-10-25,1,CT,1,0.51
3552965117,21,9,902,103010030,3744,2013-01-05,15,OZ,1,3.19
3552966528,21,10,1011,104300040,26232,2012-08-30,22.5,OZ,1,3.49
3552966528,21,9,918,101410010,13791,2012-12-13,7.25,OZ,1,2.5
3553048383,26,63,6315,101111010,9907,2012-07-18,16,OZ,1,0.99
3553048383,26,64,6406,108500080,1387,2012-10-05,0.75,LT,1,9.99
3553048623,26,9,901,103010030,9530,2013-04-11,9.5,OZ,1,2.59
3553051058,83,55,5567,107585676,9798,2012-05-24,14,OZ,2,5
3553051058,83,5,501,1088491282,8459,2012-12-06,14.5,OZ,1,3.19
3553051058,83,27,2705,105000050,6775,2013-05-19,5.5,OZ,10,4.7
3553054124,431,8,835,102217424,2727,2012-11-17,16,OZ,2,8.78
3553054931,126,65,6503,101111010,9907,2012-12-28,12,OZ,1,2.5
3553055403,126,21,2103,103120030,12957,2012-04-11,64,OZ,1,2.95
3553055403,126,63,6315,101111010,9907,2013-02-27,128,OZ,1,2.99
3553055403,126,73,7359,103076838,17627,2013-03-06,300,CT,1,12.19
3553055479,431,97,9799,1079500878,33170,2012-07-02,1,CT,1,59.99
3553055479,431,8,818,103620030,14868,2012-10-04,23.9,OZ,1,1.77
3553055479,431,0,0,10000,0,2013-03-15,0,,1,0
3553058872,151,36,3635,101111010,4367,2013-02-04,33.8,OZ,2,1.7
3553060217,151,59,5907,102700020,2012,2012-09-21,15,OZ,1,1.45
3553063643,98,72,7214,101254616,18738,2012-09-20,18,CT,6,3.87
3553092385,140,25,2506,105000050,32115,2012-05-19,32,OZ,2,5.98
3553095028,133,63,6320,101111010,4962,2013-01-23,12,CT,2,3.66
3553095028,133,54,5403,107790070,9200,2013-02-07,14.4,OZ,1,4.99
3553095028,133,9,907,101111010,1292,2013-03-07,16,OZ,1,2.99
3553108565,184,58,5823,107367575,3012,2013-01-04,10,OZ,1,3.59
3553108565,184,42,4220,109418494,33170,2013-06-10,12,OZ,1,2.49
3553109968,96,73,7358,103003434,7175,2012-12-12,100,CT,1,6.49
3553109968,96,97,9753,10000,0,2013-02-04,1,CT,1,0.76
3553110575,96,51,5126,101380010,27474,2012-10-19,9.63,OZ,1,2.5
3553111198,96,63,6319,107047474,6965,2012-06-03,128,OZ,1,2.5
3553111198,96,53,5307,101450010,20864,2012-11-01,12,OZ,1,2
3553111589,96,26,2613,103700030,13481,2012-10-02,58,CT,1,24.99
3553111589,96,7,708,103003434,7175,2013-03-03,12,OZ,1,5.99
3553111589,96,51,5123,101380010,27474,2013-05-15,36,OZ,1,6.99
3553131960,214,41,4107,104122040,20514,2012-05-19,15.25,OZ,8,3.6
3553131960,214,4,410,104139646,11228,2013-07-15,0.52,OZ,1,0.33
3553189218,46,2,201,105150050,14029,2013-01-27,15.25,OZ,1,1.09
3553190474,46,4,418,103400030,44358,2012-04-16,4,OZ,1,1.25
3553190474,46,71,7113,107940070,17521,2012-05-08,12.6,OZ,1,1.84
3553190474,46,99,9908,103338333,33170,2012-07-19,16,OZ,1,0.79
3553190474,46,33,3301,104120040,9113,2013-02-08,8,OZ,1,3.79
3553190474,46,51,5126,1073891272,2225,2013-03-02,14,OZ,1,3
3553201212,46,56,5613,104125040,11473,2012-09-29,8,OZ,1,1.79
3553232217,46,9,907,107294575,15878,2012-04-24,20,OZ,1,2.59
3553232217,46,37,3703,105100050,2820,2012-08-24,11,OZ,1,1.25
3553232217,46,9,907,107294575,15878,2012-09-07,20,OZ,1,2
3553237916,46,8,817,102700020,8612,2012-03-30,24,OZ,1,1.03
3553237916,46,9,907,104125040,11473,2012-07-04,22,OZ,1,1.39
3553270111,4,2,211,104140949,3957,2012-09-11,13.7,OZ,1,2.99
3553272317,4,63,6315,102113020,10786,2012-04-23,128,OZ,1,3.79
3553276867,15,26,2628,102113020,15704,2012-06-20,1,RL,1,1.99
3553295484,4,33,3312,103700030,14494,2012-12-30,6.38,OZ,1,2.49
3553295484,4,64,6401,107231171,5150,2013-04-10,24,OZ,1,1.69
3553581617,42,58,5823,104149747,19710,2012-06-18,9,OZ,1,3.69
3553731228,285,63,6315,101115010,15530,2013-02-02,64,OZ,1,1.59
3553809142,377,58,5824,104450040,8318,2012-08-18,13,OZ,1,3.99
3553833453,85,14,1416,1060788060,16965,2012-11-13,15,OZ,2,2
3553837303,85,5,501,103800030,15251,2012-04-15,1.3,OZ,1,1
3553837303,85,9,905,101410010,13791,2012-11-19,14,OZ,1,2.69
3553837526,85,53,5307,102000020,7655,2012-03-09,12,OZ,2,5.76
3553837526,85,33,3312,103800030,14494,2013-04-12,5.68,OZ,2,2.95
3553840216,85,33,3308,102840020,3336,2012-04-11,9.25,OZ,1,1.74
3553892206,507,26,2632,107488777,23664,2012-05-06,240,CT,1,5.24
3553892206,507,26,2614,1030800434,17323,2013-05-05,18,CT,1,3.03
3553953475,508,67,6708,107153474,7377,2012-12-19,1,CT,1,25.71
3553953475,508,67,6708,103126232,8434,2013-03-25,1,CT,1,31.5
3553953475,508,27,2707,101901414,8664,2013-06-02,5,LB,1,9.96
3554016592,510,5,517,103800030,17050,2012-07-09,4.4,OZ,1,2.66
3554016592,510,97,9753,10978031696,0,2012-09-24,1,CT,1,10.49
3554095355,240,55,5558,104113040,84481,2012-06-02,42,OZ,1,2.99
3554095355,240,8,835,104130343,38922,2013-03-19,10,OZ,1,1.69
3554105883,240,36,3618,104113040,17690,2012-05-04,67.6,OZ,1,0.9
3554105883,240,33,3302,102700020,57417,2012-08-16,15,OZ,1,4.29
3554105883,240,63,6315,104567444,16284,2012-11-01,64,OZ,1,2.59
3554105883,240,9,913,104812141,18322,2013-01-26,12,OZ,3,4.19
3554159867,31,58,5834,102370020,18969,2012-04-18,17,OZ,1,4.99
3554159867,31,9,908,1075248272,25175,2013-04-15,7,OZ,1,2.99
3554179351,31,31,3101,105210050,11382,2013-04-10,3.18,OZ,1,2
3554183443,31,63,6313,102670020,4664,2012-07-29,16,OZ,1,1.67
3554183862,31,5,501,103800030,14900,2012-12-11,18.7,OZ,2,4.19
3554188473,31,2,209,104300040,26232,2012-12-28,10.4,OZ,1,0.99
3554192920,31,7,706,101200010,17286,2012-07-22,38,OZ,1,5.94
3554213361,21,21,2119,107441070,14193,2012-09-08,10.1,OZ,1,1.99
3554214381,21,78,7802,107001171,12696,2012-04-03,3,CT,3,11.97
3554215713,21,8,809,101300010,8164,2012-11-29,12,OZ,1,1.39
3554217929,101,9,902,101410010,45039,2012-11-16,2,OZ,2,2
3554217929,101,10,1011,102400020,4704,2013-03-15,7,OZ,4,4
3554218937,101,4,416,103400030,8247,2012-03-07,3.92,OZ,1,1.25
3554218937,101,44,4404,101800010,14029,2012-03-29,25,OZ,1,2.99
3554218937,101,27,2709,101780010,19793,2012-12-27,3,OZ,2,2.34
3554218937,101,38,3801,1068826767,81691,2013-04-11,4,LB,1,2.89
3554243726,64,49,4901,101312010,26885,2012-03-02,30,OZ,1,2.5
3554243726,64,63,6315,1072543979,40679,2012-12-21,128,OZ,1,3.5
3554243726,64,36,3632,1072543979,40679,2013-02-09,67.6,OZ,2,1.66
3554243726,64,33,3307,101411313,23033,2013-02-14,1.5,OZ,1,1
3554243726,64,63,6312,102500020,2362,2013-02-22,59,OZ,1,1.29
3554267751,69,29,2921,101114010,8604,2013-04-09,6.1,OZ,1,1.59
3554290396,165,99,9909,107127979,6732,2012-08-02,9,OZ,1,2.99
3554290396,165,59,5902,107203676,7953,2012-09-27,16,OZ,1,2.77
3554290920,165,99,9904,1066529060,52314,2012-04-14,16,OZ,2,7
3554293649,26,41,4108,104690040,14917,2012-11-26,15,OZ,1,0.69
3554293649,26,96,9609,1051611252,88199,2012-12-15,0,,5,-5
3554293649,26,57,5705,107047070,20230,2013-01-22,6,OZ,1,0.5
3554293649,26,95,9518,107000070,7848,2013-05-21,1,CT,1,0.99
3554294660,83,97,9753,10000,0,2012-05-19,1,CT,1,0.68
3554294660,83,9,902,104400040,19783,2012-09-12,8,OZ,1,1.49
3554294660,83,4,418,103400030,2689,2013-03-08,4.8,OZ,1,2.5
3554295001,83,57,5707,103663232,4568,2013-03-29,37.2,OZ,1,4.49
3554299869,89,44,4404,101111010,9907,2012-05-15,14,OZ,1,1.97
3554299869,89,26,2610,1073304676,52358,2012-09-24,100,CT,1,1.99
3554299869,89,36,3601,104900040,3809,2012-11-18,42.2,OZ,2,2
3554299869,89,0,0,10000,0,2013-02-13,0,,1,0
3554299876,89,0,0,10000,0,2012-07-15,0,,1,0
3554299876,89,0,0,10000,0,2012-07-19,0,,2,0
3554299876,89,99,9908,103338333,33170,2013-02-22,1,CT,1,2.99
3554299876,89,56,5613,101111010,9907,2013-07-03,16,OZ,1,3.49
3554309237,126,58,5827,107367575,3012,2012-11-19,12,OZ,1,2.5
3554309703,126,57,5704,107047070,20230,2013-01-14,6,OZ,3,1.5
3554309703,126,43,4302,101111010,9907,2013-06-04,13,OZ,1,3.49
3554311106,126,8,814,104156545,13412,2012-08-14,16,OZ,1,2.18
3554312170,126,41,4121,101111010,9907,2012-09-28,29,OZ,1,1.07
3554312589,98,18,1890,105209252,43069,2012-11-20,3,CT,1,3.19
3554312589,98,56,5615,101111010,9907,2013-01-19,8,OZ,1,1.79
3554313433,133,56,5609,101111010,9907,2012-10-29,16,OZ,1,1
3554317328,151,55,5555,107457070,26051,2013-03-11,28,OZ,2,13.98
3554317328,151,5,517,103800030,69260,2013-04-04,10.4,OZ,3,11.07
3554317361,151,63,6315,101111010,85048,2012-03-23,128,OZ,1,5.99
3554320111,12,27,2704,107910070,30096,2012-07-21,15,OZ,2,6.78
3554320111,12,63,6315,104126040,9698,2012-08-05,64,OZ,1,1.99
3554320111,12,9,907,104157343,9698,2012-11-03,7,OZ,1,1.09
3554320111,12,41,4105,102700020,8612,2013-01-05,28,OZ,1,2.09
3554320111,12,29,2928,101530010,58299,2013-04-21,4.2,OZ,2,2
3554320111,12,14,1417,102400020,4704,2013-04-21,19.5,OZ,1,3.99
3554322783,63,36,3604,107800070,2829,2012-09-29,67.6,OZ,1,1
3554322783,63,71,7107,1030099737,15219,2013-01-22,1,CT,1,2.87
3554323320,12,35,3509,107261373,17576,2013-01-06,62.5,OZ,2,5
3554326839,63,9,917,107373171,11786,2012-04-29,11.87,OZ,1,3.29
3554332270,140,63,6315,107911777,668,2012-12-23,128,OZ,1,4.39
3554353875,26,37,3705,105100050,2820,2012-12-21,18.6,OZ,1,1.67
3554353875,26,97,9753,10000,0,2013-01-01,1,CT,1,0.59
3554404508,96,29,2928,104100040,9814,2012-03-25,5.4,OZ,1,1.25
3554404508,96,58,5812,105450050,1322,2012-06-24,16,OZ,1,2.99
3554404508,96,19,1908,105150050,9189,2012-11-28,28,OZ,1,3.38
3554405260,96,4,416,104000040,16765,2012-07-01,2.07,OZ,1,1
3554405260,96,4,417,103400030,15113,2013-02-22,7.2,OZ,2,6
3554428312,214,24,2403,102370020,18969,2012-11-15,12.5,OZ,1,2.65
3554446456,214,23,2301,107680878,1393,2012-12-19,16,OZ,2,2.36
3555103690,285,27,2706,105000050,6132,2012-04-27,3,OZ,7,4.2
3555103690,285,19,1908,104800141,16564,2012-06-01,16.3,OZ,1,2.19
3555103690,285,21,2105,105200050,7054,2012-07-29,160,OZ,1,4.88
3555103690,285,21,2111,107535575,13044,2012-11-14,64,OZ,2,4
3555103725,285,57,5704,1085392383,29507,2012-10-11,8,OZ,1,2.69
3555104275,285,28,2803,101115010,15530,2012-03-03,10,OZ,1,1.66
3555104275,285,18,1854,101650010,27270,2012-08-18,10,CT,1,2.99
3555202500,85,36,3618,104900040,23359,2012-07-04,96,OZ,3,10.5
3555202500,85,96,9609,1052310050,88199,2012-10-10,0,,1,-1
3555202500,85,58,5828,107790070,9200,2013-01-23,9.6,OZ,1,4.59
3555202500,85,18,1898,104133343,5379,2013-05-01,4,CT,1,3.99
3555203133,85,17,1703,1080882989,29807,2012-08-19,28,OZ,1,1
3555206856,85,56,5611,107495272,15638,2012-06-10,12,OZ,1,3.49
3555210504,85,41,4107,102400020,4704,2012-11-24,15.25,OZ,2,2.78
3555234631,507,36,3630,107800070,5208,2012-05-25,20,OZ,1,1.59
3555242705,507,71,7113,1030815131,1079,2012-05-08,8,OZ,1,2.84
3555242705,507,38,3802,108523989,11176,2012-07-10,2,LB,2,3.58
3555242705,507,75,7507,107050171,12554,2012-12-04,9.1,OZ,1,6.16
3555296786,507,33,3303,102840020,15598,2012-12-16,9,OZ,1,3.45
3555330426,508,33,3305,107794878,2753,2012-12-10,12,OZ,1,1.99
3555333021,508,41,4121,102700020,8612,2012-03-22,8,OZ,3,1.53
3555371066,509,56,5619,102100020,19279,2012-05-28,32,OZ,1,6.18
3555371066,509,23,2301,102680020,565,2012-09-24,48,OZ,2,8.06
3555426318,510,95,9518,106700868,2988,2012-07-22,1,CT,1,5.24
3555489611,8,51,5125,102580020,16668,2012-03-10,11.7,OZ,1,2.99
3555515039,10,36,3611,108304686,8688,2012-11-10,96,OZ,2,5.58
3555530276,31,99,9908,103710232,11930,2012-03-03,16,OZ,1,3
3555530276,31,91,9108,108048080,7685,2012-05-17,0.2,LT,1,9.99
3555530276,31,30,3007,107653979,12409,2012-11-26,12,OZ,1,3.69
3555531009,31,26,2631,103700030,3293,2012-09-27,80,CT,2,9.78
3555531023,31,36,3618,104900040,23359,2012-06-20,96,OZ,2,7.33
3555539074,31,9,907,107225070,12465,2013-04-21,20,OZ,1,3.59
3555539074,31,28,2806,102114020,19950,2013-05-18,16,OZ,1,1.99
3555548031,31,91,9110,102114020,19950,2012-04-19,1.75,LT,1,10.99
3555548031,31,36,3604,102114020,19950,2012-07-20,67.6,OZ,2,2
3555548031,31,33,3307,102900020,14112,2012-09-02,8,OZ,1,0
3555551251,31,30,3007,107184070,11154,2012-04-19,25,OZ,1,5.99
3555556178,31,33,3309,102840020,18584,2012-03-22,18,OZ,1,0
3555556270,31,63,6320,102114020,19950,2012-05-01,12,CT,3,3
3555575701,40,36,3628,101200010,12029,2012-03-09,96,OZ,1,3.99
3555583558,31,1,106,105220050,1569,2013-02-10,4,OZ,9,4.68
3555601447,31,8,801,102114020,19950,2012-07-18,24,OZ,1,1
3555604278,31,29,2914,102100020,9886,2012-11-02,14,OZ,1,2.99
3555604278,31,21,2111,103120030,12957,2013-02-28,64,OZ,2,4.29
3555605005,31,57,5704,102114020,19950,2012-03-29,6,OZ,13,11.7
3555606253,31,57,5704,105360050,10074,2013-01-11,6,OZ,3,1.5
3555607334,31,15,1506,103120030,12957,2013-01-06,5,OZ,1,2.79
3555610263,31,4,411,104000040,17287,2012-04-07,14,OZ,1,2.49
3555610263,31,25,2506,105000050,32115,2012-04-15,16,OZ,2,4.36
3555610263,31,56,5610,102114020,19950,2013-01-28,5,OZ,1,2.49
3555610443,31,71,7113,107940070,5168,2012-05-13,12,OZ,2,3.99
3555612768,31,56,5616,104610040,15889,2013-03-22,7,OZ,2,6
3555647110,21,63,6312,102500020,11749,2012-09-07,59,OZ,1,1.99
3555648428,21,10,1013,103890030,5072,2012-07-22,16,OZ,1,2.5
3555649235,21,29,2925,105480050,19039,2012-08-12,14,OZ,1,2.79
3555659204,77,73,7357,103076838,17627,2012-12-23,100,CT,2,9.99
3555659268,77,9,918,107351070,17346,2012-11-08,12,OZ,1,3.4
3555659268,77,56,5612,107078474,18552,2013-01-10,8,OZ,1,2.69
3555662028,101,96,9609,1052220050,88199,2012-08-26,0,,1,-1
3555662028,101,35,3509,102420020,14716,2012-09-22,50,OZ,2,3.59
3555662028,101,23,2310,104116444,27731,2012-12-24,16,OZ,2,5
3555662028,101,59,5907,102900020,2012,2013-01-06,16,OZ,1,0.89
3555662028,101,33,3305,107797575,27417,2013-02-27,16,OZ,1,3
3555667497,77,58,5812,104470040,13310,2012-07-04,16,OZ,1,3.99
3555667497,77,28,2805,104133141,7531,2012-11-10,6.75,OZ,2,3.98
3555667497,77,56,5615,107078474,18552,2012-11-10,8,OZ,1,2
3555716403,68,2,211,101600010,1910,2013-01-04,20,OZ,1,2.29
3555757880,64,36,3601,1072543979,40679,2012-03-24,144,OZ,1,2.82
3555766944,64,45,4509,101038919,54982,2012-06-28,10.5,OZ,1,6.99
3555769379,64,8,810,105210050,11382,2012-08-12,1.25,OZ,2,1.5
3555770491,64,69,6901,107940070,17521,2013-02-01,2.6,OZ,1,2.29
3555772561,64,33,3310,102840020,12188,2012-08-16,4.75,OZ,1,1.4
3555772561,64,58,5830,101277818,54578,2013-01-26,8,OZ,1,2.3
3555828958,71,56,5614,1072543979,40679,2013-01-21,12,OZ,1,2.99
3555836808,26,96,9609,1055100050,88199,2012-11-01,0,,2,-0.8
3555836808,26,63,6320,101111010,9907,2012-11-15,12,CT,3,4.5
3555845783,58,1,105,107007474,16452,2013-02-01,12.4,OZ,1,16.25
3555848696,89,27,2710,103320030,875,2012-06-24,28,LB,1,12.09
3555848696,89,36,3635,101657111,17037,2012-07-26,17,OZ,2,2
3555848696,89,63,6320,101111010,9907,2012-09-15,12,CT,1,1.61
3555848696,89,51,5126,101380010,27474,2012-10-13,12.88,OZ,1,2
3555848696,89,18,1898,104133343,5379,2013-02-09,8,CT,1,5.99
3555848696,89,56,5619,101111010,9907,2013-02-17,32,OZ,1,4.12
3555849872,98,99,9909,107143070,5072,2012-07-23,9.7,OZ,2,5.78
3555849872,98,26,2609,104200040,5016,2012-10-04,40,CT,1,4.69
3555849872,98,35,3504,103700030,4628,2013-01-08,24,OZ,1,2.74
3555855616,133,51,5115,107218070,18520,2012-05-06,14.55,OZ,1,2.18
3555855616,133,26,2621,101111010,9907,2012-07-02,200,CT,1,2.69
3555855616,133,8,815,101111010,9907,2012-07-02,16,OZ,1,1.85
3555855616,133,36,3630,104900040,3809,2012-08-17,67.6,OZ,1,1.5
3555855616,133,58,5814,104470040,10837,2012-09-18,3.2,OZ,1,1.67
3555855616,133,59,5902,103450030,10165,2012-11-10,16,OZ,2,4.98
3555857081,126,9,921,104157343,14907,2012-03-09,4,OZ,1,1
3555857081,126,72,7203,1031254737,10554,2013-01-28,33.8,OZ,1,4.99
3555858802,126,10,1012,101111010,9907,2012-10-11,14,OZ,2,1.76
3555859036,151,58,5833,101111010,9907,2012-11-16,80,OZ,1,12.95
3555859036,151,31,3101,105210050,11382,2013-04-12,3.4,OZ,1,1.99
3555867824,63,69,6901,107940070,4696,2012-11-30,2.7,OZ,1,4.69
3555877135,2,74,7407,107033070,1783,2012-09-14,7,CT,1,7.99
3555879595,2,33,3325,102840020,21452,2012-05-01,20,OZ,1,6.49
3555888501,26,56,5614,103090030,19704,2012-09-10,10,OZ,1,4.19
3555894497,143,57,5710,103000030,12172,2012-12-11,5.3,OZ,1,1
3555894497,143,44,4404,107045979,12587,2013-02-07,11.25,OZ,1,2.99
3555894497,143,14,1416,102400020,4704,2013-03-16,15.25,OZ,1,1.49
3555905169,98,99,9908,101111010,9907,2012-06-25,48,OZ,1,2.28
3555914378,126,51,5125,105010050,8089,2013-01-16,10.5,OZ,1,2.49
3555915972,151,4,418,102800020,16558,2012-05-07,4.65,OZ,1,3.5
3555916201,151,33,3303,102840020,10241,2013-01-31,10,OZ,2,3.98
3555916201,151,9,908,102430020,10577,2013-04-12,10,OZ,1,1.99
3555916838,431,58,5833,101111010,9907,2013-04-07,80,OZ,1,12.45
3555917848,211,56,5620,102100020,9886,2012-10-06,7,OZ,1,2.29
3555918033,431,99,9904,103338333,33170,2012-11-07,48,OZ,1,5.84
3555928213,140,33,3302,101111010,9907,2012-11-26,30,OZ,1,3.39
3555928213,140,36,3631,107800070,23209,2012-12-15,67.6,OZ,1,1
3555928213,140,31,3101,101111010,9907,2013-01-25,0.49,OZ,1,2.29
3555943117,140,18,1837,107112171,17061,2012-06-03,20,OZ,1,2.99
3555943117,140,63,6315,101111010,12028,2012-11-05,128,OZ,2,5.78
3555974900,166,3,304,105210050,11382,2012-10-28,2,OZ,1,5.49
3555974900,166,56,5620,103680030,6561,2012-11-29,32,OZ,1,8.99
3555974900,166,20,2002,105100050,27873,2013-01-16,33,OZ,1,3.99
3555974900,166,4,419,103746636,10488,2013-03-15,3.5,OZ,3,8.97
3555980553,96,41,4107,103003434,7175,2013-01-16,15,OZ,4,4
3555980553,96,1,106,101500010,29555,2013-06-05,4.23,OZ,6,10.14
3555980817,96,63,6305,104850040,18799,2013-02-19,59,OZ,1,3
3555981112,96,0,0,10000,0,2012-05-24,0,,1,0
3555981112,96,14,1417,103890030,5072,2013-03-09,23.5,OZ,2,5.98
3555981112,96,51,5125,102580020,16668,2013-06-15,9.5,OZ,2,4
3555981912,96,99,9904,1071575676,5278,2012-06-15,6,OZ,1,2.5
3555981912,96,26,2631,103600030,16048,2012-07-09,51,CT,1,2.79
3555981912,96,0,0,10000,0,2012-10-08,0,,1,0
3555981912,96,17,1726,101920010,10882,2013-04-03,35,CT,1,2.99
3555981928,96,5,501,101600010,18586,2013-01-27,18.25,OZ,1,4.99
3555982620,96,63,6305,102500020,16489,2012-11-05,59,OZ,1,3.99
3555982620,96,0,0,10000,0,2012-11-13,0,,1,-2.75
3555982620,96,26,2630,103003434,7175,2013-03-27,80,CT,3,3
3555982620,96,26,2635,103003434,7175,2013-05-28,100,CT,1,3.19
3555984745,96,4,418,103400030,9739,2012-10-10,10.78,OZ,1,2.49
3555984745,96,54,5402,101960010,1058,2013-01-23,14.8,OZ,1,2.99
3555984752,96,72,7205,105310050,804,2012-09-26,0.8,OZ,1,0.99
3555984752,96,73,7332,102878525,9518,2013-01-09,4,OZ,1,3.99
3555984752,96,35,3509,107261373,401,2013-03-04,100,OZ,1,9.99
3555984755,96,55,5558,107585676,9798,2012-03-13,25.3,OZ,1,3.5
3555984755,96,56,5609,102047121,55078,2012-07-26,16,OZ,1,2.99
3555984755,96,19,1908,105150050,9189,2012-09-14,18,OZ,1,3.99
3555984755,96,31,3101,103384434,1257,2013-02-18,0.25,OZ,1,1.79
3556024638,214,99,9904,103338333,33170,2012-10-23,32,OZ,1,5.98
3556048225,214,63,6315,104122040,20514,2012-12-21,128,OZ,1,2.77
3556048225,214,9,907,104122040,23511,2013-05-12,16,OZ,1,1.35
3556073042,214,4,417,103400030,15113,2012-05-16,2.8,OZ,1,1
3556073042,214,5,501,103800030,14900,2012-09-08,18.2,OZ,1,2.64
3556073042,214,57,5704,107047070,20230,2012-11-12,48,OZ,1,3.78
3556083664,214,36,3601,104900040,3809,2012-04-30,12,OZ,3,2.91
3556083664,214,63,6315,104122040,23511,2013-02-11,64,OZ,1,2.18
3556083664,214,37,3703,105100050,2820,2013-03-07,10.5,OZ,1,1.5
3556096494,214,33,3305,1075752878,1381,2012-05-16,9.9,OZ,1,2.18
3556132076,214,9,907,104122040,23511,2013-01-22,11.75,OZ,1,1.68
3556132076,214,64,6407,101497414,20035,2013-04-02,2.13,LT,1,8.77
3556149607,214,8,822,104122040,20514,2012-05-24,15,OZ,1,0.76
3556149607,214,9,907,104122040,23511,2013-04-22,24,OZ,1,1
3556207498,46,41,4120,102700020,8612,2012-12-09,12,OZ,2,2.18
3556207498,46,26,2614,1030800434,2964,2013-03-10,20,CT,1,0.94
3556212498,46,12,1206,108660080,2559,2012-09-09,5,OZ,3,4.41
3556222061,46,36,3630,1071928373,11473,2013-03-28,144,OZ,1,2.88
3556223000,46,57,5705,103663232,4568,2012-09-21,32,OZ,1,2
3556223000,46,45,4509,104125040,11473,2012-09-28,16,OZ,3,10.5
3556241934,46,8,822,104600040,13023,2013-02-14,10,OZ,1,1.34
3556242640,46,96,9632,1071373373,11473,2012-10-28,1,CT,2,35
3556242640,46,99,9909,107357474,33170,2012-10-28,1,CT,2,5
3556356726,4,33,3350,101708212,9033,2012-11-09,3.25,OZ,2,11.98
3556385580,14,73,7359,102113020,15704,2013-03-18,28,CT,1,15.99
3556388328,20,37,3703,105100050,2820,2013-02-24,10.5,OZ,1,1.59
3556402400,95,15,1506,101595313,55801,2012-10-11,14,OZ,1,5
3556402400,95,3,308,104010040,6455,2012-12-26,4,OZ,1,7.59
3556405787,18,63,6305,102500020,16489,2012-04-21,59,OZ,1,3.7
3556405787,18,33,3315,104400040,16738,2013-01-19,4.68,OZ,2,3
3556405787,18,8,810,102150020,10238,2013-02-24,1,OZ,1,1.29
3556406273,15,63,6315,102113020,10786,2013-03-02,128,OZ,1,4.39
3556433060,360,14,1416,103680030,3679,2012-03-04,15,OZ,1,0.99
3556433060,360,36,3635,107169878,225,2012-08-05,33.8,OZ,1,0.89
3556433060,360,57,5704,104173545,14456,2012-08-13,6,OZ,2,1.9
3556455653,48,63,6315,1071754474,24625,2012-03-04,128,OZ,2,6.58
3556455653,48,26,2622,102570020,20361,2012-09-25,24,CT,1,3
3556455653,48,58,5814,104470040,10837,2012-11-29,4.3,OZ,2,5
3557006607,42,2,201,1060862363,20623,2012-08-04,9,OZ,1,2.79
3557006607,42,37,3711,105100050,2820,2013-01-27,15.5,OZ,1,3.39
3557006826,42,33,3312,103700030,14494,2012-09-19,6.38,OZ,1,1.89
3557385159,293,56,5615,107592575,4368,2012-06-01,8,OZ,2,4.5
3557385159,293,35,3504,103700030,8993,2012-09-28,24,OZ,1,3.13
3557386529,285,9,907,101410010,13791,2013-01-23,20,OZ,1,2.69
3557386529,285,30,3008,102066222,12598,2013-01-30,16,OZ,1,3.49
3557386529,285,62,6201,101115010,15530,2013-03-27,16,OZ,1,2.29
3557518042,377,58,5812,105450050,1322,2012-06-11,16,OZ,1,3.99
3557534977,377,10,1013,103890030,5072,2012-09-29,17.2,OZ,1,2.99
3557534977,377,60,6010,101800010,14029,2012-10-31,30,OZ,1,3.49
3557534977,377,58,5823,104470040,13310,2013-04-15,16,OZ,1,5.29
3557537274,377,30,3007,107184070,11154,2012-03-05,11.5,OZ,1,2.99
3557602035,85,9,907,105040050,95440,2013-03-30,12,OZ,1,1.99
3557602928,85,36,3618,101200010,23361,2012-10-14,67.6,OZ,1,1.66
3557602928,85,33,3318,1060788060,16965,2012-12-30,14,OZ,2,1.25
3557602928,85,51,5126,101380010,27474,2013-02-23,6,OZ,1,1.45
3557608054,85,25,2507,102800020,12545,2013-01-10,16,OZ,1,1.69
3557610203,85,9,901,104400040,12600,2013-06-08,10.5,OZ,1,4.59
3557620052,85,28,2806,1060788060,16965,2012-04-08,16,OZ,1,2.59
3557620052,85,8,814,102840020,18584,2012-09-12,15.5,OZ,1,2.6
3557620997,85,0,0,10000,20405,2012-09-23,0,,2,-1
3557620997,85,10,1012,102700020,23332,2013-04-25,39,OZ,3,9.12
3557622611,85,58,5823,104470040,13310,2012-08-18,12,OZ,1,4.99
3557622611,85,99,9908,103338333,33170,2013-02-19,64,OZ,1,2.99
3557630342,85,63,6315,109396696,13264,2012-12-24,64,OZ,1,4.29
3557630342,85,56,5613,107592575,4368,2013-02-25,16,OZ,1,6.39
3557675969,507,58,5833,102874929,43198,2013-05-03,16,OZ,1,4.64
3557685371,507,57,5710,1068954464,6086,2012-07-11,5.3,OZ,2,2.7
3557733547,507,16,1604,101254616,17473,2012-07-16,42,CT,1,2.39
3557746232,507,4,418,103400030,8247,2013-03-06,10,OZ,2,5.78
3557746232,507,97,9753,1078255272,0,2013-06-12,1,CT,1,6.48
3557815340,508,97,9707,107169171,15583,2012-07-29,7,CT,1,19.99
3557815340,508,73,7316,101559414,994,2012-10-21,2.5,OZ,1,5.49
3557819264,508,75,7501,107214070,12679,2012-04-22,16.9,OZ,1,5.39
3557819264,508,73,7302,1032586636,384,2012-12-02,52,CT,1,7.99
3557827716,509,97,9753,1084516989,0,2012-03-02,1,CT,1,1.05
3557827716,509,54,5401,103800030,5618,2013-02-08,10.9,OZ,1,2.51
3557869210,510,97,9753,1049013141,0,2012-08-09,1,CT,1,24.99
3557921786,507,92,9211,104155444,11347,2013-02-25,0.31,OZ,1,6.26
3557951956,507,10,1013,102400020,4704,2013-01-30,47,OZ,1,5.99
3558068912,508,34,3410,101700010,4912,2012-03-22,2,OZ,1,1.02
3558211426,510,57,5706,107527070,12031,2012-06-20,32,OZ,1,3.01
3558213257,508,63,6315,1061602969,12943,2013-02-08,64,OZ,1,3.46
3558265650,507,9,907,101410010,13791,2012-10-16,16,OZ,2,6.28
3558271786,508,92,9211,107124979,21913,2013-06-03,0.28,OZ,1,6.13
3558275876,508,36,3618,104900040,23359,2013-02-24,20,OZ,1,1.67
3558281700,508,28,2806,10930090,12157,2012-05-15,32,OZ,1,2.94
3558289227,508,63,6315,108523989,11176,2013-01-23,128,OZ,2,7.31
3558289227,508,97,9732,1077272,83888,2013-03-19,1,CT,1,5.24
3558313971,507,97,9743,105113151,16044,2012-07-25,1,CT,1,1.07
3558313971,507,75,7501,1030018737,21031,2013-06-13,3,OZ,1,14.27
3558336000,508,97,9753,1084405686,0,2012-10-13,1,CT,1,9.44
3558336000,508,33,3315,101030010,5740,2013-03-10,7.5,OZ,1,2.84
3558336000,508,17,1703,1081857080,19649,2013-04-21,24,OZ,1,3.14
3558355165,508,36,3635,101200010,74260,2012-11-10,120,OZ,1,2.11
3558376110,510,4,405,1060069969,55864,2013-01-05,3,OZ,1,1.19
3558376110,510,27,2709,101780010,19793,2013-04-10,2.1,OZ,2,1.88
3558402182,508,56,5621,108523989,11176,2012-11-04,8,OZ,2,4.76
3558402182,508,99,9908,1060580666,7655,2013-01-06,12,OZ,1,1.77
3558429641,507,56,5620,102100020,13967,2012-08-03,8,OZ,1,2.62
3558429641,507,33,3310,1082951585,27766,2013-03-09,7,OZ,1,3.14
3558432098,508,9,902,104400040,8463,2012-03-16,12.2,OZ,1,3.14
3558448581,507,97,9753,1049031040,0,2012-03-16,1,CT,1,15.75
3558454190,507,34,3402,108730080,50958,2012-11-01,2,OZ,1,5.13
3558462687,509,27,2709,102310020,18139,2013-03-16,3,OZ,1,1.82
3558469991,508,5,516,101600010,12426,2012-07-22,7.4,OZ,1,2.63
3558469991,508,97,9753,1071752474,0,2012-12-29,1,CT,1,4.19
3558469991,508,1,106,101500010,29555,2013-05-12,1.48,OZ,1,2.14
3558498034,507,26,2630,103600030,23664,2013-05-06,90,CT,1,1.47
3558525199,508,26,2626,101121717,23664,2013-03-09,1,CT,1,1.93
3558526832,508,63,6315,108523989,11176,2012-12-09,128,OZ,1,2.82
3558526832,508,8,818,105100050,14403,2013-02-21,24,OZ,2,3.56
3558542518,507,6,607,1063810262,20375,2013-05-24,15.8,OZ,1,9.55
3558619456,240,64,6409,103125939,20202,2012-11-09,1.5,LT,1,11.99
3558629446,240,37,3709,107066272,12673,2012-04-26,3.26,OZ,2,1.78
3558629446,240,69,6901,101700010,15288,2012-08-15,4,OZ,1,3.69
3558629446,240,37,3709,107066272,12673,2012-09-20,4.3,OZ,1,1
3558759534,31,9,907,105040050,3854,2012-12-22,20,OZ,1,2
3558761267,31,58,5815,102114020,19950,2012-03-17,6,OZ,1,2.5
3558764156,31,58,5824,104450040,8318,2013-06-28,14,OZ,1,3.99
3558781958,31,5,501,104240040,40317,2012-10-10,18,OZ,2,3.99
3558781958,31,8,817,102700020,8612,2013-01-16,24,OZ,1,0.99
3558783977,31,51,5127,1065827666,8605,2012-06-09,14,OZ,1,3.89
3558784247,31,96,9609,1052900050,88199,2012-09-02,0,,1,-1
3558784247,31,20,2035,1079852575,16784,2013-04-08,8,OZ,1,1.99
3558786005,31,28,2806,10930090,12157,2012-04-27,24,OZ,1,3.29
3558786494,31,59,5910,103377636,16650,2013-04-01,15,OZ,2,3.99
3558788976,31,97,9753,10000,0,2012-08-05,1,CT,1,2.11
3558788976,31,51,5121,104369545,8522,2013-02-03,9,OZ,1,2
3558790743,31,7,708,107232373,5104,2012-05-11,12,OZ,1,4.99
3558790743,31,55,5558,107255474,35506,2012-08-23,27,OZ,1,5.99
3558790743,31,36,3630,107800070,5208,2012-10-27,20,OZ,1,1.69
3558790743,31,63,6320,102114020,19950,2012-12-15,18,CT,2,6.78
3558790743,31,60,6012,102114020,19950,2013-03-30,12.4,OZ,2,3.98
3558818163,21,4,407,103400030,18947,2012-03-23,16,OZ,1,1.88
3558818163,21,26,2613,103700030,13481,2012-08-10,76,CT,1,24.99
3558818163,21,26,2613,103700030,13481,2012-10-05,112,CT,1,29.99
3558818163,21,29,2920,101600010,1756,2012-10-05,3.3,OZ,1,1
3558818163,21,29,2904,102100020,19279,2012-10-05,12.5,OZ,1,2.5
3558818163,21,33,3305,102840020,5141,2013-03-30,10,OZ,1,2.5
