521322104,40,8,838,102700020,11091,2012-05-19,15,OZ,1,1
521604599,31,99,9909,107143070,5072,2012-08-06,9,OZ,1,2.5
521604599,31,17,1703,101980010,19934,2012-11-21,26,OZ,1,2.5
521834716,31,63,6316,102100020,2321,2013-02-02,16,OZ,3,8.97
521834716,31,29,2925,101740010,47096,2013-02-02,32,OZ,1,4.69
521834716,31,71,7113,1030815131,3609,2013-02-14,10.17,OZ,1,3.99
521834716,31,4,416,102800020,1214,2013-02-24,2.1,OZ,1,1.09
521834716,31,63,6320,103680030,3679,2013-03-10,12,CT,1,1.78
521834716,31,5,518,103800030,15251,2013-03-10,6.2,OZ,1,3.19
521834716,31,33,3303,104126242,19971,2013-03-20,6.75,OZ,1,2.99
521834716,31,60,6011,101800010,14029,2013-03-21,16.3,OZ,3,6.87
521834716,31,10,1007,104300040,26232,2013-03-21,0.3,OZ,2,2.38
521834716,31,9,907,102114020,19950,2013-03-22,11,OZ,1,1.49
521834716,31,63,6305,104850040,18799,2013-03-22,89,OZ,1,6.39
521834716,31,36,3611,107343070,20325,2013-04-04,405.6,OZ,1,5.49
521943556,40,10,1007,104300040,26232,2012-04-18,6,OZ,1,1.59
521992786,16,9,903,1075480777,610,2012-12-28,15,OZ,1,1.75
521992786,16,54,5402,107374474,12201,2013-01-01,16,OZ,1,3.89
521992786,16,8,818,103620030,14868,2013-04-06,45,OZ,1,3.79
522062381,16,27,2712,1075480777,610,2012-05-28,30,CT,1,9.99
522095302,16,35,3508,103700030,18371,2012-11-17,150,OZ,1,24.49
522106549,16,4,416,104000040,26517,2012-03-11,1.74,OZ,1,0.99
522106549,16,37,3709,107066272,12673,2012-04-01,36,OZ,1,3.19
522106549,16,29,2925,104133141,7531,2013-01-06,48,OZ,1,4.69
522106549,16,51,5116,107192171,25673,2013-01-21,28.3,OZ,1,7.49
522138828,16,33,3303,102840020,10241,2012-07-04,10.5,OZ,1,4.29
522178440,16,63,6312,102500020,11749,2012-11-24,59,OZ,2,4.18
522180990,16,5,502,101600010,107416,2012-06-18,4.5,OZ,2,6.38
522180990,16,3,310,1075480777,610,2013-04-04,6,OZ,1,3.69
522188909,16,63,6340,101037414,27604,2012-03-21,40,OZ,1,16.99
522202705,16,26,2617,101090010,15232,2012-09-19,1,CT,1,1.99
522202705,16,24,2406,103760030,17027,2013-02-13,12,OZ,2,6.18
522219912,16,9,918,101410010,13791,2012-12-05,7.25,OZ,1,3.49
522232653,16,21,2103,101480010,12021,2012-07-25,64,OZ,1,2.99
522246123,16,97,9734,103314939,8148,2013-05-19,0,,1,1.79
522246123,16,8,803,104150040,6714,2013-06-21,12,OZ,1,2.78
522274747,40,36,3611,102114020,19950,2012-05-19,202.8,OZ,1,3.59
522274747,40,36,3611,1060788060,16965,2012-07-06,405.6,OZ,1,4.49
522274747,40,63,6315,104138343,10091,2013-02-27,64,OZ,1,4.39
522351228,16,30,3008,104100040,19975,2013-02-16,8,OZ,1,2.15
522365994,16,34,3405,101111111,5168,2012-04-12,25.5,OZ,1,8.99
522365994,16,57,5707,103663232,4568,2013-02-05,37.2,OZ,1,5.99
522382362,16,23,2301,1075480777,610,2013-02-24,16,OZ,1,1.19
522397932,16,97,9753,10000,0,2012-06-15,1,CT,1,-1.17
522397932,16,99,9908,107266878,52135,2012-10-18,18,OZ,1,2.99
522397932,16,56,5610,104179343,26267,2013-05-16,8,OZ,1,8.99
522409069,16,63,6305,104850040,18799,2012-03-18,59,OZ,1,4.19
522409069,16,34,3403,101700010,4912,2012-05-16,12,OZ,1,3.29
522409069,16,36,3604,107297979,16095,2012-06-07,144,OZ,3,17.67
522409069,16,36,3604,107800070,16023,2012-11-03,144,OZ,1,5.89
522425242,16,8,814,102840020,18584,2012-04-21,15.5,OZ,2,6.58
522425242,16,34,3411,104116747,7354,2012-11-04,12.5,OZ,2,14.98
522438967,16,45,4508,1082994484,7616,2012-11-11,48,OZ,1,14.99
522440067,16,99,9908,103338333,33170,2012-05-25,80,OZ,1,3.99
522477650,16,33,3305,107260070,8245,2012-06-21,13,OZ,1,3.99
522480323,16,59,5902,1075480777,610,2012-05-22,16,OZ,1,2.99
522482948,16,57,5704,107047070,20230,2012-08-23,6,OZ,2,1.98
522482948,16,96,9609,1054300050,88199,2012-11-25,0,,1,-1
522482948,16,29,2907,104600040,13023,2013-01-14,8.8,OZ,1,4.49
522500380,16,4,418,103400030,8247,2012-06-18,19.75,OZ,1,6.49
522500380,16,54,5401,101960010,1058,2013-04-20,12.3,OZ,1,2.98
522509592,16,36,3626,101200010,16391,2012-05-10,60,OZ,1,4.49
522509592,16,97,9753,10000,0,2012-05-20,1,CT,1,-0.86
522509592,16,26,2632,103600030,8583,2013-01-17,64,CT,1,3.99
522511551,16,51,5126,101380010,27474,2012-03-05,18.25,OZ,1,4.99
522511551,16,58,5810,103390030,9286,2012-12-19,12,OZ,1,4.49
522511551,16,36,3631,107800070,23209,2013-04-26,67.6,OZ,1,1.85
522540047,16,56,5617,102100020,9886,2012-06-10,12,OZ,1,3.29
522567245,16,22,2211,1075480777,610,2012-06-19,40,CT,2,5.3
522583663,16,72,7205,103500030,3830,2012-03-18,6.4,OZ,1,3.09
522583663,16,37,3709,107066272,12673,2012-11-11,6.75,OZ,1,1.19
522583663,16,36,3604,107800070,16023,2012-11-18,33.8,OZ,1,1.69
522583663,16,36,3627,104900040,23363,2012-12-30,67.6,OZ,1,1.89
522588825,16,30,3008,104133545,43106,2013-03-18,9,OZ,1,2.55
522591707,16,29,2925,101740010,47096,2012-06-12,14,OZ,2,5.38
522591707,16,4,416,103400030,8247,2012-08-07,3.6,OZ,1,1.89
522591927,16,97,9753,1020454828,0,2013-01-05,1,CT,1,1.47
522592358,16,5,501,101600010,3331,2012-03-31,12.9,OZ,1,4.79
522606455,16,9,907,1075480777,610,2012-12-09,20,OZ,1,1.39
522606455,16,97,9753,10000,0,2013-03-02,1,CT,2,3.98
522606455,16,4,427,10980090,18366,2013-03-17,1,OZ,1,1.35
522612554,16,9,901,104400040,3453,2012-09-24,13.72,OZ,1,4.69
522615580,16,9,902,102410020,44209,2013-04-14,7,OZ,1,2.48
522636562,16,37,3705,103574232,8081,2013-03-19,15,OZ,2,6.58
522637498,16,97,9753,10000,0,2012-06-13,1,CT,1,1.95
522637498,16,99,9908,103338333,33170,2012-12-26,80,OZ,1,2.99
522640687,16,40,4005,104100040,10522,2012-09-06,0.8,OZ,1,2.99
522640687,16,33,3302,107615070,194,2013-01-02,8.14,OZ,2,6.58
522641116,16,55,5567,107064070,19704,2013-06-05,24,OZ,1,6.49
522652911,16,41,4108,104133141,7531,2012-10-15,15.5,OZ,4,3.16
522652911,16,58,5807,1074354272,26114,2012-11-01,16,OZ,1,5.49
522657072,16,34,3499,1072297474,11177,2013-05-11,1,CT,1,1
522657361,16,71,7102,1030813737,9259,2012-10-11,15,OZ,1,4.49
522660736,16,44,4404,107045979,12587,2012-04-16,11.25,OZ,1,3.99
522660736,16,56,5614,107104070,76668,2012-07-16,12,OZ,1,5.49
522667290,16,35,3509,103700030,5848,2012-09-09,50,OZ,1,5.49
522667649,16,2,213,107248676,9190,2012-11-11,7,OZ,2,1.86
522681346,16,56,5607,1075480777,610,2012-05-30,8,OZ,1,2.09
522689646,16,32,3202,105150050,4307,2013-02-12,128,OZ,1,12.49
522692790,16,36,3618,101200010,23361,2012-09-07,101.4,OZ,2,7.38
522713116,16,75,7501,107704373,17223,2012-12-06,2,OZ,1,1.79
522713116,16,53,5305,102000020,7655,2013-03-13,9,OZ,1,2.75
522713303,16,29,2925,101740010,3008,2013-01-18,80,OZ,1,6.49
522713303,16,58,5832,107057575,27210,2013-06-13,40,OZ,1,5.48
522713303,16,55,5559,107756777,14286,2013-06-23,9.9,OZ,1,1.99
522727836,16,9,901,104400040,3453,2012-03-14,14,OZ,1,3.99
522749235,16,29,2902,103760030,8501,2012-11-06,15,OZ,2,5.98
522752610,16,25,2509,103450030,10165,2012-12-27,32,OZ,1,4.29
522761285,16,63,6319,1075480777,610,2012-05-24,64,OZ,1,1.59
522762932,16,22,2211,1075480777,610,2012-03-06,40,CT,2,4.9
522762957,16,40,4001,1075480777,610,2013-02-06,896,OZ,1,5.99
522771507,16,57,5704,105215959,41981,2012-06-11,6,OZ,6,7.5
522771507,16,28,2804,103150030,25139,2012-12-27,16,OZ,1,3.49
522781554,16,36,3601,101200010,13794,2012-03-04,67.6,OZ,10,18.9
522789057,16,99,9904,103338333,33170,2013-05-19,16,OZ,1,3.99
522804612,16,72,7205,103700030,4294,2012-05-12,6.4,OZ,3,8.97
522805999,16,63,6320,1085281080,10165,2012-11-15,12,CT,1,3.49
522815101,16,56,5617,102100020,9886,2012-05-28,12,OZ,1,3.29
522815101,16,99,9904,1070817474,53689,2012-09-02,32,OZ,2,7.98
522841038,16,8,837,107241272,8376,2012-03-12,16,OZ,1,3.19
522882716,16,21,2119,107336070,867,2013-01-05,128,OZ,1,4.29
522882716,16,9,908,107203070,5812,2013-04-18,12.25,OZ,1,6.69
522887873,16,23,2301,107130070,15474,2012-08-24,16,OZ,1,1.75
522895429,16,55,5560,104154848,5603,2012-04-27,18,OZ,1,5.49
522896942,16,56,5607,102100020,13967,2012-11-17,8,OZ,3,8.25
522897674,16,41,4107,101760010,2443,2012-04-02,40,OZ,1,2.89
522897674,16,12,1206,108660080,2559,2012-05-02,12,OZ,2,9.98
522897674,16,29,2923,104100040,9814,2012-05-03,4.3,OZ,3,5.55
522897674,16,63,6315,1075480777,610,2012-08-05,128,OZ,1,3.69
522897674,16,51,5127,103100030,1358,2012-10-04,5,OZ,2,3.98
522934620,16,18,1828,101980010,15181,2012-09-19,7.5,OZ,2,3.7
522936419,16,16,1604,101254616,17473,2012-11-16,42,CT,2,6.98
522946257,16,36,3601,101200010,13794,2012-08-28,144,OZ,4,23.56
522959757,16,7,706,104127141,26189,2012-10-27,64,OZ,1,4.29
522959757,16,21,2121,101033919,69556,2012-11-02,64,OZ,1,2.99
522965121,16,41,4121,107294070,18909,2012-04-27,35,OZ,5,11.95
522965121,16,19,1908,1075480777,610,2012-07-15,18,OZ,1,2.59
522965121,16,63,6309,104850040,18799,2012-12-10,12,OZ,1,1.59
522966410,16,21,2119,107336070,867,2012-07-11,128,OZ,1,4.19
522966410,16,36,3611,1075480777,610,2012-08-01,405.6,OZ,1,3.79
522966410,16,26,2632,1075480777,610,2012-09-05,240,CT,1,5.49
522978456,16,63,6315,104138343,10091,2012-09-22,32,OZ,1,2.85
522978456,16,30,3008,104133545,43106,2012-12-23,9,OZ,1,2.69
522978456,16,5,519,103000030,14760,2013-01-03,15.1,OZ,1,2.99
522979799,16,33,3304,102840020,6777,2012-06-07,6,OZ,1,2.49
522979799,16,97,9707,101258717,7245,2012-09-17,4,CT,1,4.19
522983318,16,5,501,103800030,4086,2013-04-12,24,OZ,1,4.49
522988461,16,57,5710,1068954464,6086,2012-11-29,5.3,OZ,1,1.79
522988461,16,7,707,104300040,11339,2012-12-17,11.5,OZ,1,4.99
522989648,16,33,3351,106414464,25513,2013-06-02,3.5,OZ,1,1.79
523001925,16,37,3703,105100050,2820,2012-10-07,10.75,OZ,4,3.96
523032506,16,58,5823,107597171,15878,2012-10-22,10,OZ,1,5.99
523033253,16,97,9753,10000,0,2012-04-06,1,CT,1,-5.61
523033253,16,96,9609,1053810050,88199,2012-04-29,0,,1,-1
523033253,16,25,2509,103450030,10165,2012-07-01,32,OZ,2,7.98
523033253,16,57,5705,107047070,20230,2012-07-28,12,OZ,1,2.69
523033253,16,56,5610,107580575,17344,2012-08-26,5,OZ,1,3.99
523033253,16,8,818,107764474,64256,2012-12-13,24,OZ,2,4.18
523033256,16,36,3611,106827464,30855,2012-09-15,405.6,OZ,3,14.97
523033256,16,16,1604,101254616,18738,2013-01-12,18,CT,2,2.38
523035131,16,33,3305,102840020,5141,2012-04-01,11.5,OZ,1,4.29
523035131,16,21,2106,103120030,12957,2012-05-20,64,OZ,1,3.49
523035131,16,2,208,105150050,14029,2012-12-16,14,OZ,1,3.49
523041800,16,53,5307,1075480777,610,2012-08-06,40,OZ,1,3.99
523041800,16,96,9609,1053700050,88199,2012-09-16,0,,2,-7
523041800,16,96,9609,1052400050,88199,2012-10-09,0,,2,-1.5
523044059,16,36,3632,104133141,7531,2012-08-09,12,OZ,3,1.89
523044059,16,5,501,103800030,6796,2012-12-16,19,OZ,1,4.69
523062163,16,56,5610,102100020,9886,2012-03-27,8,OZ,1,4.99
523064021,16,31,3101,105210050,17081,2012-10-27,2.62,OZ,3,2.97
523064021,16,67,6706,1080882989,12225,2013-02-11,8,OZ,1,1
523073603,16,55,5561,107332171,10815,2012-06-01,36,OZ,1,4.69
523073603,16,29,2903,105100050,72482,2013-03-08,14.75,OZ,2,3.18
523086178,16,36,3604,107297979,16095,2013-02-10,67.6,OZ,2,3.78
523090055,16,4,418,103400030,8247,2013-05-21,4.25,OZ,2,4.36
523092664,16,26,2622,102570020,20361,2012-10-31,20,CT,1,2.5
523093932,16,63,6332,104850040,61745,2012-03-04,59,OZ,1,4.19
523093932,16,57,5705,103663232,4568,2012-03-11,24,OZ,1,2.95
523093932,16,41,4121,1075480777,610,2012-08-17,8,OZ,3,1.29
523093932,16,7,702,102800020,12543,2012-10-19,0.56,OZ,1,1.45
523093932,16,23,2310,103133232,25962,2013-01-11,13,OZ,1,2.85
523093932,16,27,2701,101113212,491,2013-04-05,13.2,OZ,4,3.4
523106125,16,72,7205,103500030,3830,2012-12-04,4,OZ,2,2.58
523106125,16,10,1010,103400030,8247,2013-03-04,22,OZ,1,2.79
523123797,16,53,5305,102000020,7655,2012-04-02,9,OZ,1,2.65
523136548,16,9,922,107203070,5812,2013-05-21,8.5,OZ,1,4.49
523147680,16,9,902,103800030,17050,2012-11-02,4,OZ,1,4.19
523164084,16,97,9753,10000,0,2012-03-02,1,CT,1,-0.19
523164084,16,75,7520,1072297474,11177,2012-06-26,300,CT,1,1.39
523166911,16,26,2622,1075480777,610,2013-01-27,50,CT,1,2.09
523177717,16,9,907,101410010,13791,2012-05-25,16,OZ,1,3.59
523177717,16,9,922,102430020,10577,2012-08-04,12.1,OZ,1,1.99
523177717,16,63,6319,102073525,18893,2013-03-02,128,OZ,1,3.49
523177717,16,21,2105,1065762262,26129,2013-04-01,16.9,OZ,1,1.65
523184096,16,18,1854,1075480777,610,2012-03-28,10,CT,1,1.65
523184320,16,55,5567,107064070,2014,2012-05-20,16,OZ,2,9.58
523184320,16,63,6312,105360050,17209,2012-05-25,64,OZ,4,8.6
523207065,16,27,2704,107910070,30370,2012-04-22,3.3,OZ,1,3.19
523212525,16,30,3009,104100040,19975,2012-03-18,16,OZ,1,3.79
523212525,16,57,5704,103663232,4568,2012-08-26,24,OZ,1,2.69
523212525,16,51,5126,1073891272,2225,2012-12-15,16,OZ,2,11.98
523212525,16,26,2631,1075480777,610,2013-02-10,42,CT,1,2.29
523227403,31,36,3603,104300040,4371,2012-07-27,384,OZ,2,3.99
523227403,31,29,2930,107680878,1393,2012-08-21,9,OZ,1,3.19
523227403,31,75,7533,101101717,25703,2012-12-02,9,CT,2,5.38
523228520,16,23,2301,102920020,12168,2012-05-22,12,OZ,1,1.29
523228520,16,9,901,104400040,13243,2012-09-18,15.5,OZ,1,4.99
523228520,16,60,6001,101800010,14029,2012-10-30,11,OZ,1,4.19
523228520,16,2,214,1075480777,610,2012-12-11,32,OZ,1,2.35
523228520,16,26,2628,104131040,29395,2013-01-01,8,RL,1,6.49
523232803,16,9,908,107203070,5812,2013-03-25,14,OZ,1,4.69
523237102,16,67,6706,1030052131,19243,2013-03-12,13,OZ,1,4.49
523238927,16,9,920,103010030,9530,2013-01-29,11.04,OZ,1,3.19
523274170,16,73,7302,1034969232,5579,2012-08-05,45,CT,1,2.75
523274170,16,51,5126,104164141,7378,2013-04-03,13,OZ,2,8.38
523279456,16,33,3311,104003242,101033,2012-12-07,2.2,OZ,1,0.99
523279456,16,18,1854,1075480777,610,2013-03-01,18,CT,1,2.35
523282960,16,9,907,107518575,11221,2012-09-14,15,OZ,1,3.49
523282977,16,5,501,103000030,45635,2012-05-09,13,OZ,2,7.98
523282977,16,55,5561,107332171,10815,2012-08-23,36,OZ,1,4.69
523282977,16,36,3634,105200050,14597,2013-01-23,24,OZ,15,20.85
523282977,16,99,9908,103338333,33170,2013-05-15,16,OZ,4,7.96
523283841,16,58,5827,103760030,8501,2013-01-27,16,OZ,2,11.98
523290133,16,58,5823,104470040,13310,2012-05-08,12,OZ,1,2.99
523304439,16,9,920,103010030,9530,2012-09-22,11.04,OZ,1,3.29
523304439,16,9,907,101410010,13791,2012-11-02,16,OZ,1,4.29
523304589,16,75,7501,104116747,7354,2012-04-01,13,OZ,1,10.49
523306212,16,9,908,107203070,5812,2013-04-02,12.25,OZ,1,6.69
523310676,16,25,2506,105000050,32115,2012-04-09,16,OZ,1,3.29
523318112,16,9,901,103010030,3454,2012-04-30,14.2,OZ,1,3.99
523318112,16,23,2301,1075480777,610,2012-05-19,12,OZ,1,1.29
523318112,16,26,2622,1075480777,610,2012-09-12,15,CT,1,2.85
523318112,16,40,4005,103291737,27804,2012-12-08,1.13,OZ,1,5.49
523318112,16,63,6320,1075480777,610,2012-12-29,18,CT,1,3.79
523318112,16,63,6320,1071514171,25530,2013-01-19,12,CT,1,3.39
523325316,16,4,418,102800020,1214,2012-10-21,12.5,OZ,1,3.99
523330486,16,36,3636,107239272,16756,2012-04-24,135.2,OZ,2,5.58
523334603,16,99,9904,10505037252,3457,2012-08-26,1,CT,2,6.98
523334603,16,97,9753,1020330222,0,2013-04-05,1,CT,2,21.96
523343656,16,75,7501,1030813737,1121,2012-03-16,12,OZ,1,9.99
523343656,16,6,608,107007474,69306,2012-08-21,48,OZ,1,11.99
523343656,16,56,5620,104610040,15889,2012-09-16,8,OZ,1,3.99
523343656,16,9,907,101410010,13791,2013-01-27,16,OZ,1,3.99
523350497,16,22,2214,103700030,18371,2012-05-31,7.9,OZ,1,6.49
523350497,16,96,9609,10994157090,88199,2012-09-13,0,,4,-2.2
523350497,16,51,5119,1073519979,12339,2012-12-27,24,OZ,1,13.99
523377678,16,33,3303,102840020,10241,2012-08-12,10,OZ,1,4.29
523378497,16,22,2210,103700030,6947,2012-04-22,13.2,OZ,1,8.49
523378497,16,18,1822,103700030,6236,2012-05-05,27,OZ,1,6.49
523378497,16,17,1715,101920010,27231,2012-05-07,9.8,OZ,1,9.49
523378497,16,31,3108,105210050,17081,2013-03-25,4.75,OZ,1,0.99
523386259,16,55,5552,1075480777,610,2013-04-08,48,OZ,1,2.38
523388438,16,26,2630,103600030,9787,2013-06-30,75,CT,1,2.35
523389939,16,17,1704,1067811262,3912,2013-01-21,17,OZ,1,2.79
523393473,16,8,807,101340919,17823,2012-05-22,18,OZ,1,2.99
523395597,16,9,913,104812141,18322,2012-03-16,12,OZ,1,3.99
523395597,16,17,1703,103500030,6073,2012-05-04,28,OZ,1,2.29
523403504,16,28,2803,1087694181,13478,2012-07-25,12,OZ,1,1
523404038,16,58,5814,104470040,10837,2013-03-01,3.5,OZ,1,1.99
523407841,16,58,5823,107080070,16704,2012-07-12,10,OZ,2,6.58
523407841,16,99,9904,107143070,5072,2012-07-25,16,OZ,1,2.99
523407841,16,4,418,104000040,26517,2012-11-01,9.9,OZ,3,16.47
523407841,16,70,7005,101650010,4446,2013-05-24,6,OZ,1,5.99
523412028,16,99,9908,103338333,33170,2012-12-14,16,OZ,1,1.99
523412028,16,63,6315,107060070,29609,2013-01-25,64,OZ,1,4.19
523412365,16,9,907,107341070,888,2013-05-19,20,OZ,1,4.18
523432905,16,18,1827,104650040,7249,2012-07-10,8,OZ,1,1.75
523441103,16,33,3303,107260070,8245,2013-02-23,10.5,OZ,1,4.29
523446690,16,45,4509,104440040,7504,2012-03-12,6.3,OZ,6,37.74
523446690,16,63,6320,1071514171,25530,2012-05-06,12,CT,1,3.59
523454441,16,96,9609,1052840050,88199,2012-05-06,0,,1,-1
523454441,16,73,7349,1030000535,2789,2012-05-28,60,CT,1,8.99
523457087,16,23,2301,103340030,15802,2012-03-21,16,OZ,3,5.55
523457087,16,63,6305,104850040,18799,2012-05-30,59,OZ,1,4.29
523457087,16,9,902,104400040,19783,2012-11-14,8.5,OZ,1,3.99
523457087,16,35,3504,103700030,6947,2013-04-24,9,OZ,1,1.58
523458870,16,5,501,1072297474,21429,2013-01-27,12,OZ,1,4.99
523469771,16,36,3635,1075480777,610,2012-04-28,33.8,OZ,3,1.89
523469771,16,18,1828,101980010,15181,2012-09-15,7.5,OZ,1,1.79
523469771,16,41,4120,1075480777,610,2012-10-19,12,OZ,1,1.29
523475192,16,21,2105,105200050,7054,2012-09-27,32,OZ,6,8.94
523475192,16,63,6305,104850040,18799,2013-02-18,59,OZ,6,23.94
523475192,16,55,5552,102073525,18893,2013-04-01,48,OZ,1,4.29
523488578,16,63,6319,102073525,18893,2012-04-24,64,OZ,2,4.3
523507071,16,4,410,1075480777,610,2012-10-01,5.25,OZ,1,1
523507071,16,51,5127,1065827666,8605,2012-11-06,15,OZ,1,4.69
523507779,16,18,1828,104650040,7249,2012-06-17,6,OZ,2,2.38
523507779,16,57,5705,103663232,4568,2013-02-10,24,OZ,1,2.69
523507779,16,58,5837,1075480777,610,2013-03-02,2.1,OZ,1,2.99
523507779,16,33,3303,104126242,19971,2013-03-07,7,OZ,1,2
523512376,16,55,5558,1075480777,610,2012-08-18,38.4,OZ,1,4.29
523514040,16,8,818,107764474,64256,2012-04-05,24,OZ,6,12.54
523522954,16,9,902,104400040,15335,2012-04-06,15.1,OZ,2,7.98
523522954,16,99,9904,1071575676,5278,2012-07-07,6,OZ,1,2.99
523522954,16,59,5906,103450030,10165,2012-11-29,15,OZ,1,3.29
523523787,16,36,3632,107800070,4354,2012-09-27,144,OZ,1,5.89
523541781,16,9,907,1075480777,610,2012-05-28,12,OZ,2,2.98
523541781,16,37,3705,105100050,2820,2012-08-13,18.4,OZ,1,3.99
523541781,16,49,4901,107271474,11375,2012-12-10,32,OZ,1,4.99
523541781,16,7,706,104127141,26189,2013-02-18,64,OZ,1,4.69
523542014,16,0,0,10000,0,2012-07-22,0,,1,2.35
523542352,16,21,2119,1061300868,867,2012-06-01,42,OZ,3,5.97
523542352,16,21,2119,107618373,16756,2013-02-12,16,OZ,10,12.5
523544904,16,21,2119,1061300868,867,2012-08-04,138,OZ,1,5.49
523544904,16,36,3611,106827464,30855,2013-03-19,405.6,OZ,1,5.99
523561870,16,97,9707,101258717,7245,2012-04-25,4,CT,1,4.49
523575281,16,21,2119,1065762262,26129,2012-08-20,16.9,OZ,5,7.45
523575281,16,41,4107,1075480777,610,2013-02-17,14.5,OZ,1,1.09
523590015,16,53,5307,101450010,20864,2012-09-08,12,OZ,1,3.29
523599380,16,36,3625,108908787,86570,2012-05-11,67.6,OZ,1,1.79
523599380,16,29,2903,106414464,3342,2012-06-26,15,OZ,3,6.57
523599380,16,51,5119,102370020,78850,2012-07-18,10,OZ,0,0
523599380,16,8,818,107764474,64256,2013-03-30,24,OZ,1,1.99
523603718,16,63,6315,1075480777,610,2012-06-23,64,OZ,2,5.5
523605426,16,3,311,101600010,1756,2012-10-10,12,OZ,1,2.35
523605426,16,36,3611,106827464,30855,2012-10-16,405.6,OZ,3,14.97
523605426,16,4,417,103400030,15113,2013-03-14,7.2,OZ,1,5.49
523616882,16,53,5305,1075480777,610,2012-08-31,10,OZ,4,5.4
523616882,16,26,2629,103700030,2248,2013-02-06,200,CT,1,4.49
523621132,16,58,5810,103390030,9286,2012-06-04,12,OZ,1,4.49
523622622,16,22,2201,1075480777,610,2012-04-02,96,OZ,1,1.99
523622622,16,33,3303,104126242,19971,2012-09-12,6.75,OZ,1,2
523622622,16,41,4109,105100050,2820,2012-10-25,15.75,OZ,1,0.99
523622622,16,9,903,1075480777,610,2012-11-01,15,OZ,1,1.75
523623953,16,4,416,103400030,20231,2013-03-20,1.4,OZ,3,2.97
523639474,16,8,809,101300010,8164,2012-07-23,12,OZ,1,2.15
523639474,16,70,7002,1030813737,25162,2012-09-02,40,CT,1,3.09
523656541,16,26,2631,103600030,4139,2013-02-16,10,CT,4,3.96
523660743,16,37,3705,1075480777,610,2012-12-09,18.8,OZ,1,2.25
523663187,16,99,9908,103338333,33170,2012-06-04,16,OZ,1,1.99
523664016,16,53,5305,101450010,20864,2012-11-15,9,OZ,1,4.69
523685023,16,33,3318,1075480777,610,2012-07-13,16,OZ,1,1.19
523685023,16,9,970,103800030,62065,2012-12-14,21,OZ,1,3.99
523685575,16,26,2630,103600030,9787,2012-05-26,90,CT,2,4.7
523685575,16,96,9609,1053663252,88199,2012-11-06,0,,1,-1
523709705,16,3,302,1075480777,610,2012-03-26,12,OZ,1,2.49
523709705,16,9,907,107130575,11013,2013-01-28,20,OZ,1,3.99
523714852,16,96,9609,1053450050,88199,2012-04-05,0,,4,-2
523714852,16,63,6305,102500020,11749,2012-04-08,59,OZ,1,3.69
523714852,16,9,901,104400040,13243,2012-07-16,15.5,OZ,2,9.98
523714852,16,19,1908,105150050,9189,2012-11-06,18,OZ,0,0
523719315,16,73,7312,104131040,23609,2012-06-23,0.5,OZ,1,5.99
523719315,16,96,9609,1054610050,88199,2012-07-22,0,,2,-1.1
523719315,16,55,5567,107064070,2014,2012-07-27,15.9,OZ,1,4.79
523725174,16,56,5607,102100020,13967,2012-03-24,8,OZ,2,5.9
523725174,16,19,1905,105150050,16728,2013-01-05,20,OZ,1,3.49
523725174,16,18,1890,105209252,43069,2013-04-13,3,CT,1,6.49
523732381,16,63,6315,1075480777,610,2012-06-30,128,OZ,1,4.39
523732381,16,41,4121,107571777,15284,2013-04-20,28,OZ,1,1.59
523735001,16,5,501,103800030,17050,2012-03-05,12.4,OZ,1,4.49
523745667,16,55,5552,104154848,5603,2013-06-10,48,OZ,1,5.69
523754043,16,9,907,107432373,1866,2012-10-30,20,OZ,1,1.99
523758791,16,30,3001,104800141,8178,2012-09-01,30,OZ,1,5.99
523780509,16,30,3009,104133545,43106,2012-04-28,9,OZ,2,5.38
523780509,16,56,5620,104131040,23649,2013-03-21,8,OZ,1,1.59
523787842,16,22,2201,1075480777,610,2012-03-03,182,OZ,2,6.98
523787842,16,31,3101,102724626,9069,2012-03-17,11.5,OZ,1,3.49
523787842,16,26,2608,1075480777,610,2012-07-07,96,CT,1,3.99
523787842,16,9,907,1075480777,610,2012-08-04,40,OZ,1,2.69
523787842,16,54,5401,101862717,9496,2012-10-13,10.1,OZ,3,12.87
523787842,16,75,7501,101910010,9158,2012-10-13,21,OZ,2,15.98
523787842,16,53,5307,1075480777,610,2012-10-27,40,OZ,2,7.98
523787842,16,17,1709,104460040,3718,2012-11-04,24,OZ,2,5.9
523787842,16,69,6909,104160848,17568,2012-11-25,2,OZ,3,12.57
523787842,16,8,818,107764474,64256,2013-01-19,24,OZ,2,3.98
523787842,16,58,5831,107232272,27348,2013-01-24,48,OZ,1,9.99
523787842,16,6,601,107092070,17882,2013-03-16,7.3,OZ,4,13.96
523792224,16,30,3010,104100040,19975,2012-05-02,16,OZ,1,3.79
523792224,16,51,5126,101380010,27474,2012-07-12,12,OZ,1,4.49
523792224,16,45,4515,107350474,27039,2012-09-23,10.5,OZ,2,10.98
523792224,16,97,9753,10000,0,2013-01-28,1,CT,2,-11.48
523802891,16,53,5307,102000020,7655,2012-04-24,19,OZ,1,4.69
523802891,16,17,1704,102570020,27327,2012-11-11,22,OZ,1,4.99
523810427,16,97,9753,1023635424,0,2012-09-06,1,CT,1,4.89
523810427,16,33,3308,104126242,92654,2012-10-20,8.5,OZ,2,6.58
523810427,16,5,501,101600010,18781,2013-02-16,10.7,OZ,1,4.69
523810427,16,36,3601,101200010,13794,2013-06-11,67.6,OZ,2,3.58
523825905,16,25,2507,107235070,68047,2012-10-02,19.5,OZ,1,0.99
523825905,16,22,2210,1088596787,6313,2013-04-01,64,OZ,1,3.29
523825905,16,35,3504,103500030,330,2013-04-04,14,OZ,1,1.65
523825905,16,36,3634,1078616272,7237,2013-04-15,20,OZ,1,1.69
523829841,16,9,907,1075480777,610,2012-08-05,20,OZ,1,1.39
523830598,16,97,9735,102667626,8530,2012-09-05,0,,1,7.49
523830598,16,36,3611,1064252464,12670,2013-01-18,405.6,OZ,1,4.99
523830598,16,8,814,102840020,18584,2013-02-23,23,OZ,1,4.69
523830598,16,35,3509,1075480777,610,2013-03-02,50,OZ,1,2.99
523830598,16,36,3612,1075480777,610,2013-05-12,128,OZ,3,2.97
523838649,16,21,2119,107336070,867,2012-04-20,128,OZ,2,7.98
523838649,16,9,902,104400040,12279,2012-11-15,10.5,OZ,1,2.35
523838649,16,5,501,103000030,58434,2013-03-15,14,OZ,1,2.69
523854443,16,3,303,105210050,2732,2012-11-12,10.5,OZ,1,5.49
523858356,16,5,501,103800030,24586,2012-03-28,8.9,OZ,3,10.17
523865169,16,56,5615,107592575,4368,2012-10-21,8,OZ,1,3.39
523871255,16,29,2903,106414464,3342,2012-04-21,14.5,OZ,2,3.58
523877786,16,9,902,1075480777,610,2012-06-15,16,OZ,1,2.45
523877786,16,12,1206,104800040,38150,2012-11-02,5,OZ,4,9.4
523879962,16,27,2713,101780010,95301,2012-05-22,13,OZ,2,3.5
523879962,16,36,3627,107800070,23362,2013-05-30,67.6,OZ,3,5.64
523887580,16,23,2301,107571777,15284,2013-05-20,16,OZ,2,6.76
523890634,16,9,922,102560020,18051,2012-04-22,8,OZ,1,4.49
523890634,16,56,5609,1075480777,610,2012-05-19,16,OZ,1,2.99
523890634,16,5,502,101600010,17635,2012-06-03,8,OZ,1,3.19
523894572,16,34,3405,101111111,5168,2012-04-22,24,OZ,1,8.99
523894572,16,21,2122,107349070,9528,2012-04-22,64,OZ,2,8.58
523902420,16,99,9909,1070935171,5534,2012-05-08,10,OZ,1,2.99
523911332,16,8,802,107550070,18204,2012-12-13,10,OZ,1,1.09
523912863,16,56,5607,1075480777,610,2012-07-11,8,OZ,1,2.45
523932371,16,34,3411,101700010,4912,2012-08-17,18,OZ,1,7.49
523932371,16,57,5704,104667545,20216,2012-10-06,16,OZ,2,7.68
523935212,40,33,3305,102840020,5141,2012-09-23,11.5,OZ,1,4.29
523940055,16,99,9909,107127979,6732,2012-05-20,12,OZ,1,3.59
523940055,16,17,1703,1075480777,610,2012-06-07,128,OZ,1,2.99
523940209,16,57,5710,104667545,20216,2012-03-20,16,OZ,2,7.98
523946651,16,71,7113,102240020,25033,2012-10-13,15,OZ,1,1.29
523947938,16,55,5552,107064070,2014,2013-05-10,56,OZ,1,5.49
523974698,16,26,2628,103700030,2248,2012-10-10,8,RL,1,16.49
523976820,16,55,5562,104154848,5603,2013-02-20,48,OZ,1,5.69
523986198,16,7,707,104300040,11339,2012-12-14,11,OZ,1,4.99
523986198,16,37,3706,104119646,14582,2013-02-22,18.5,OZ,1,3.09
523987938,16,23,2301,1082021383,17191,2012-08-25,8.82,OZ,1,1.49
523987938,16,26,2633,1075480777,610,2012-11-24,12,RL,1,8.99
523998620,16,9,918,101410010,13791,2013-06-02,7.5,OZ,1,3.69
523998643,16,58,5823,104470040,13310,2013-03-08,16,OZ,1,4.49
523998643,16,4,418,107279979,19735,2013-03-20,9,OZ,1,3.29
524005813,16,32,3204,1085501989,2237,2012-08-01,33.8,OZ,1,13.99
524005813,16,9,912,104812141,18322,2013-01-14,15,OZ,1,3.99
524007416,16,9,908,107203070,5812,2012-04-17,17,OZ,1,5.99
524030353,16,4,418,103400030,45489,2012-06-18,11,OZ,1,4.49
524030353,16,8,811,104112949,3635,2012-09-01,24,OZ,1,3.29
524030353,16,9,905,104300040,17447,2012-11-20,6,OZ,2,5.1
524032108,16,36,3618,104900040,23359,2012-08-19,96,OZ,1,4.69
524032108,16,75,7503,1030052131,19243,2012-09-09,0.25,OZ,2,3.5
524035004,16,63,6315,107045272,6176,2012-03-04,64,OZ,1,4.49
524038986,16,14,1416,1075480777,610,2012-10-16,15,OZ,2,3.3
524041724,16,20,2002,105100050,27873,2012-05-25,46,OZ,1,2.99
524041724,16,35,3508,107261373,19976,2012-09-15,50,OZ,1,6.99
524041724,16,82,8201,1075480777,610,2013-03-11,1,CT,1,4.99
524046938,16,10,1013,103890030,5072,2012-10-20,16,OZ,1,2.99
524046938,16,99,9904,107490474,3457,2012-11-26,11,OZ,1,3.99
524062055,16,36,3632,101480010,8019,2013-05-02,128,OZ,2,4.98
524069049,16,33,3307,101411313,23033,2013-04-09,16,OZ,1,8.99
524090121,16,41,4107,1075480777,610,2012-10-12,14.75,OZ,4,3.96
524090121,16,57,5710,1089470080,21065,2013-02-03,5.3,OZ,6,10.14
524096844,16,54,5401,103800030,5618,2012-12-02,74.1,OZ,1,15.99
524135155,16,21,2119,108390080,12546,2012-06-27,202.8,OZ,1,6.99
524135155,16,45,4508,107005777,13972,2012-10-26,6,OZ,1,7.99
524135929,16,33,3303,102840020,10241,2012-08-02,10,OZ,2,8.58
524156166,16,36,3604,1075480777,610,2012-07-03,67.6,OZ,2,1.98
524159816,16,41,4107,1075480777,610,2012-04-22,29,OZ,1,1.45
524159816,16,28,2806,105410050,19509,2012-04-22,16,OZ,1,3.99
524159816,16,36,3636,104300040,4371,2013-01-13,169,OZ,3,12.87
524159816,16,16,1604,107339070,11515,2013-02-10,15,CT,4,6.36
524171198,16,63,6315,107060070,29609,2012-10-27,64,OZ,1,2.45
524179534,16,56,5607,1075480777,610,2012-12-05,8,OZ,1,2.15
524180966,16,56,5604,107580575,17344,2012-04-15,5,OZ,1,3.99
524180966,16,58,5812,1063690666,12339,2012-04-26,14,OZ,2,11.98
524180966,16,63,6315,1075480777,610,2012-09-16,64,OZ,1,2.79
524192027,16,56,5615,102100020,4218,2012-12-19,7,OZ,1,4.69
524195929,16,59,5902,1075480777,610,2013-01-13,16,OZ,2,6.98
524195929,16,57,5703,1075480777,610,2013-02-24,6,OZ,2,1.54
524195929,16,29,2930,106414464,3342,2013-03-03,7.5,OZ,2,2.38
524198581,16,41,4107,102400020,4704,2012-04-15,14.5,OZ,1,1.69
524198581,16,33,3301,104126242,19971,2012-11-06,6.5,OZ,1,3.29
524207855,31,22,2211,103700030,2246,2012-03-03,120,CT,1,6.99
524207855,31,30,3001,104800141,8178,2012-03-03,15,OZ,1,4.29
524207855,31,7,708,1078778070,12564,2012-03-03,11,OZ,2,15.18
524207855,31,51,5123,107057575,60780,2012-03-04,26,OZ,1,3.99
524207855,31,19,1908,105150050,16728,2012-03-06,18,OZ,1,4.69
524207855,31,8,814,1072534272,12171,2012-03-07,16,OZ,1,4.99
524207855,31,9,908,107235979,2011,2012-03-09,6,OZ,1,1.59
524207855,31,56,5609,102100020,2321,2012-03-10,3.9,OZ,2,2
524207855,31,57,5704,103663232,4568,2012-03-13,16,OZ,1,2.69
524207855,31,21,2112,1089899989,19445,2012-03-17,16.9,OZ,2,5.58
524207855,31,51,5123,102113121,11151,2012-03-19,24,OZ,1,6.29
524207855,31,97,9799,102797929,3407,2012-03-20,1,CT,-1,-4.29
524207855,31,99,9908,107878373,26033,2012-03-20,10,OZ,1,2.29
524207855,31,37,3707,105100050,17812,2012-03-21,14.5,OZ,2,2.78
524207855,31,75,7504,107965676,1346,2012-03-22,0.55,OZ,1,4.99
524207855,31,9,907,101220010,11528,2012-03-23,20,OZ,1,3.19
524207855,31,3,305,1076172070,854,2012-03-24,12,OZ,1,1.79
524207855,31,29,2920,102970020,8711,2012-03-25,4,OZ,2,2.78
524207855,31,99,9908,107878373,26033,2012-03-25,12,OZ,2,4.18
524207855,31,6,601,107092070,17882,2012-03-26,7.3,OZ,1,2.99
524207855,31,23,2301,102920020,12168,2012-03-27,16,OZ,1,1.89
524207855,31,56,5604,107144878,469,2012-03-28,8,OZ,1,6.99
524207855,31,9,907,104500040,20016,2012-03-29,20,OZ,2,5.78
524207855,31,35,3509,102420020,14716,2012-03-29,75,OZ,1,6.49
524207855,31,64,6401,102210020,13410,2012-03-31,64,OZ,1,3.49
524207855,31,33,3319,102840020,15598,2012-04-01,9,OZ,1,3.99
524207855,31,18,1827,106233868,319,2012-04-02,8,OZ,1,1.39
524207855,31,8,814,102840020,18584,2012-04-02,15,OZ,2,7.58
524207855,31,36,3632,102500020,11749,2012-04-03,67.6,OZ,1,1.79
524207855,31,9,922,102430020,10577,2012-04-06,25.2,OZ,1,3.99
524207855,31,4,418,103400030,8247,2012-04-06,4.4,OZ,1,1.79
524207855,31,57,5710,103663232,4568,2012-04-07,5.3,OZ,20,25
524207855,31,64,6401,108992484,20251,2012-04-08,72,OZ,1,6.49
524207855,31,73,7302,1030057333,250,2012-04-09,50,CT,1,6.99
524207855,31,11,1110,107566070,43084,2012-04-11,24,OZ,1,3.99
524207855,31,18,1813,105113151,16044,2012-04-13,1,RL,1,2.99
524207855,31,99,9904,1071575676,5278,2012-04-14,1,LB,12,53.88
524207855,31,51,5115,107192171,25673,2012-04-14,22.1,OZ,1,7.99
524207855,31,26,2610,103760434,27723,2012-04-15,150,CT,1,2.49
524207855,31,26,2617,102114020,19950,2012-04-15,1,CT,2,2.98
524207855,31,33,3307,104157040,2017,2012-04-17,6,OZ,1,3.59
524207855,31,63,6313,102670020,4664,2012-04-21,16,OZ,1,2.5
524207855,31,64,6409,103125939,20202,2012-04-23,1.5,LT,1,12.99
524207855,31,56,5615,102100020,4218,2012-04-23,8,OZ,1,4.19
524207855,31,19,1905,105150050,16728,2012-04-24,18,OZ,1,3.69
524207855,31,5,501,102114020,19950,2012-04-26,18,OZ,1,2.99
524207855,31,58,5822,104450040,8318,2012-04-26,14,OZ,1,3.99
524207855,31,36,3614,108200080,9301,2012-04-27,59.2,OZ,1,6.59
524207855,31,16,1604,102200020,5558,2012-04-29,12,CT,1,1.25
524207855,31,35,3508,1088596787,6063,2012-04-29,33.6,OZ,1,3.99
524207855,31,26,2630,102114020,19950,2012-05-02,85,CT,2,2.78
524207855,31,36,3601,102114020,19950,2012-05-03,67.6,OZ,1,1
524207855,31,64,6408,108012080,447,2012-05-14,1.5,LT,2,15.98
524207855,31,55,5557,107756777,11005,2012-05-15,11.1,OZ,1,4.79
524207855,31,2,202,104144949,7168,2012-05-16,18,OZ,1,2.79
524207855,31,63,6312,102500020,16487,2012-05-17,59,OZ,1,2.99
524207855,31,51,5115,107192171,25673,2012-05-17,31.2,OZ,1,9.89
524207855,31,19,1908,105150050,9189,2012-05-21,18,OZ,1,3.99
524207855,31,4,417,103400030,8247,2012-05-22,2.6,OZ,1,1.69
524207855,31,55,5555,107457070,26051,2012-05-23,14,OZ,1,4.89
524207855,31,63,6305,104850040,18799,2012-05-26,59,OZ,3,12.87
524207855,31,35,3509,102114020,19950,2012-05-26,50,OZ,1,5.99
524207855,31,29,2914,102100020,9886,2012-05-26,14.5,OZ,1,3.19
524207855,31,58,5824,107778272,9260,2012-05-28,19,OZ,2,11.98
524207855,31,72,7205,103700030,4294,2012-05-31,4.6,OZ,1,3.79
524207855,31,8,814,102066222,12598,2012-06-01,16,OZ,1,2.99
524207855,31,36,3612,107343070,20325,2012-06-01,128,OZ,8,8.82
524207855,31,5,501,103800030,6796,2012-06-02,15,OZ,1,4.69
524207855,31,33,3305,1085413787,20148,2012-06-08,12,OZ,1,4.29
524207855,31,5,501,103800030,6790,2012-06-10,12.6,OZ,2,9.38
524207855,31,5,501,102114020,19950,2012-06-11,18.2,OZ,1,3.39
524207855,31,9,907,101410010,13791,2012-06-12,24,OZ,2,8.58
524207855,31,8,805,102114020,19950,2012-06-16,15,OZ,2,3.78
524207855,31,57,5704,103663232,4568,2012-06-16,16,OZ,1,2.69
524207855,31,41,4107,103470030,423,2012-06-17,13.5,OZ,3,3
524207855,31,26,2617,102114020,19950,2012-06-17,1,CT,3,11.07
524207855,31,96,9639,1079936676,7651,2012-06-17,1,CT,2,10.22
524207855,31,36,3614,107065575,73385,2012-06-22,33.8,OZ,1,3.99
524207855,31,82,8201,102114020,19950,2012-06-23,48,OZ,1,7.99
524207855,31,30,3007,107184070,11154,2012-06-26,12,OZ,1,3.49
524207855,31,99,9908,1075166676,52506,2012-06-26,16,OZ,1,2.99
524207855,31,75,7503,107548676,8023,2012-06-28,0.14,OZ,1,1.99
524207855,31,44,4404,107105272,3829,2012-06-28,11.5,OZ,1,2.99
524207855,31,5,502,103800030,9543,2012-06-30,8,OZ,1,3.29
524207855,31,27,2709,105849656,18139,2012-07-01,6.3,OZ,2,5.98
524207855,31,29,2914,102100020,19279,2012-07-02,2.19,OZ,4,5
524207855,31,30,3008,104100040,19975,2012-07-03,16,OZ,1,3.19
524207855,31,36,3632,102114020,23503,2012-07-03,144,OZ,2,5.98
524207855,31,16,1604,101254616,18738,2012-07-03,18,CT,3,2.75
524207855,31,8,803,102114020,19950,2012-07-03,12,OZ,1,1.99
524207855,31,58,5823,104450040,8318,2012-07-07,9,OZ,7,27.93
524207855,31,5,501,103000030,58434,2012-07-07,13,OZ,1,4.49
524207855,31,62,6201,102114020,19950,2012-07-09,16,OZ,2,5.58
524207855,31,36,3612,102114020,19950,2012-07-11,128,OZ,2,1.78
524207855,31,9,915,107312474,18613,2012-07-13,12,OZ,1,1.69
