3690496057,70,36,3618,104900040,23359,2012-03-27,101.4,OZ,1,3.98
3690496057,70,95,9518,106700868,25075,2013-06-01,1,CT,1,2.99
3690496057,70,51,5129,101450010,20864,2013-06-11,21,OZ,1,3.99
3690498966,70,58,5823,107597171,15878,2012-08-05,10,OZ,1,4.99
3690498966,70,59,5902,1072543979,40679,2012-09-08,16,OZ,0,0
3690577944,165,72,7203,1031254737,10554,2013-01-06,33.8,OZ,1,3.99
3690578367,165,99,9909,103260131,5489,2012-06-14,5,OZ,2,7.98
3690579394,165,74,7405,1084105888,15983,2013-01-08,4,CT,1,9.79
3690579394,165,96,9609,1053890050,88199,2013-03-02,0,,2,-1
3690582425,26,73,7358,103367434,12484,2013-01-26,16,OZ,1,8.3
3690582425,26,28,2805,101111010,9907,2013-03-22,6,OZ,1,1.07
3690582425,26,8,821,101115212,5430,2013-06-13,7,OZ,1,2.59
3690590234,151,47,4701,101111010,9907,2012-06-05,12,OZ,1,1.59
3690594735,126,57,5710,104114848,10384,2012-10-29,6,OZ,2,2
3690594735,126,51,5116,101111010,9907,2013-03-11,28.2,OZ,1,3.34
3690596084,58,26,2633,101111010,9907,2012-06-24,4,RL,1,0.88
3690596084,58,36,3632,101111010,1814,2012-07-12,67.6,OZ,1,0.79
3690596084,58,22,2211,101111010,5981,2012-10-30,80,CT,1,2.44
3690597465,89,51,5128,1071785474,11614,2012-08-22,7.5,OZ,1,1
3690603621,98,9,917,101111010,9907,2013-01-20,23,OZ,1,1.43
3690603621,98,9,907,101111010,9907,2013-02-19,12,OZ,1,0.89
3690603621,98,0,0,10000,0,2013-04-17,0,,1,0
3690608173,12,99,9908,101111010,9907,2013-03-02,48,OZ,1,1.99
3690621856,140,99,9909,101111010,9907,2012-05-12,12,OZ,1,1.39
3690621856,140,36,3611,101200010,803,2012-11-26,405.6,OZ,2,9.94
3690625899,191,92,9215,107124979,21913,2013-01-04,2.5,OZ,1,14.29
3690625899,191,8,811,102066222,12598,2013-03-02,24,OZ,1,2.99
3690626005,191,96,9632,107675070,17528,2012-06-08,1,CT,1,25
3690626005,191,99,9904,103338333,33170,2012-07-14,16,OZ,1,2.5
3690626005,191,9,918,101410010,13791,2012-10-17,12.5,OZ,1,5.99
3690626735,191,96,9609,10991600090,88199,2012-07-20,0,,0,0
3690626735,191,33,3302,101111010,6678,2012-07-28,9,OZ,1,1.12
3690626735,191,4,410,103080030,17028,2012-12-23,1,OZ,4,1.34
3690626735,191,9,902,104400040,44236,2013-01-26,7.5,OZ,1,2
3690627736,191,33,3304,102840020,6777,2012-06-28,10.5,OZ,1,1.99
3690627736,191,36,3635,101111010,6678,2012-12-06,67.6,OZ,1,0.79
3690627960,191,7,708,101291919,16123,2012-06-02,12,OZ,1,6.99
3690627960,191,29,2914,102100020,19279,2012-06-08,12,OZ,2,4
3690628362,191,70,7002,104126040,9907,2012-05-04,10,CT,1,0.9
3690629238,26,56,5621,101111010,9907,2013-01-29,8,OZ,1,1.99
3690629238,26,56,5609,107342070,4529,2013-02-03,16,OZ,1,1.49
3690631048,26,57,5703,101111010,9907,2013-06-26,6,OZ,1,0.36
3690631444,143,63,6313,101111010,9907,2012-07-24,16,OZ,1,1
3690636739,98,33,3305,102840020,18584,2012-05-26,9,OZ,1,2
3690636739,98,96,9609,1057811252,88199,2012-08-14,0,,1,-1
3690655623,431,41,4108,103940030,71386,2012-05-27,15,OZ,1,1.25
3690655623,431,9,908,103967737,4962,2013-01-27,9,OZ,1,3.19
3690658115,12,18,1850,102120020,16044,2012-07-01,1,CT,2,5.18
3690658115,12,41,4108,107227373,9930,2013-01-05,40,OZ,1,2.49
3690658115,12,20,2002,105100050,27873,2013-01-23,48,OZ,1,4.79
3690680525,191,63,6320,101111010,6678,2012-03-04,18,CT,1,2.19
3690680525,191,9,914,107870070,33796,2012-05-27,24,OZ,1,3.79
3690680525,191,0,0,10000,0,2012-08-09,0,,1,0
3690690467,215,26,2622,101370010,8154,2012-07-22,18,CT,1,2.79
3690690467,215,36,3626,101200010,16391,2013-01-19,144,OZ,1,4.88
3690711918,184,9,922,102430020,10577,2012-09-08,12,OZ,1,1.79
3690711918,184,6,607,107007474,5810,2012-12-22,48,OZ,1,9.85
3690711918,184,27,2712,104332444,19601,2013-01-25,1.95,OZ,1,5.65
3690724336,96,9,902,104400040,15335,2012-03-12,14.6,OZ,1,3.49
3690724336,96,58,5834,1089533484,54278,2012-03-15,16,OZ,1,9.19
3690724577,96,73,7302,103680030,18533,2013-04-20,180,CT,1,3.79
3690726434,96,63,6315,1074236575,8499,2012-04-27,64,OZ,1,4.59
3690726434,96,13,1306,104910040,71482,2012-12-19,5,LB,1,3.99
3690726434,96,56,5607,102100020,13967,2013-03-07,8,OZ,1,2.5
3690726704,96,0,0,10000,0,2012-06-25,0,,1,0
3690726747,96,73,7315,103680030,18533,2013-02-24,4,OZ,1,4.04
3690734522,214,63,6315,104122040,20514,2012-10-05,128,OZ,1,2.98
3690781738,214,82,8201,104122040,23511,2012-10-20,1,CT,1,8.47
3690782466,214,58,5833,103477939,26663,2012-03-13,16,OZ,1,2.98
3690782466,214,36,3618,101200010,23361,2012-04-06,67.6,OZ,2,2.67
3690782466,214,36,3618,101200010,23361,2012-04-23,67.6,OZ,1,1.67
3690782466,214,30,3008,107110070,8280,2012-11-28,24,OZ,1,3.48
3690782508,214,9,922,102430020,10577,2012-04-27,16.2,OZ,1,1.25
3690782508,214,63,6321,1085015787,60933,2012-06-21,10,OZ,1,2.98
3690782508,214,18,1850,102120020,16044,2012-09-28,3,CT,1,2.7
3690782508,214,29,2914,102100020,9886,2012-12-22,8.2,OZ,1,3.75
3690782941,214,26,2621,104200040,5016,2013-01-30,1,CT,1,4.98
3690793181,214,26,2617,104122040,23511,2012-07-30,1,CT,1,3.58
3690801879,214,96,9609,1052800050,88199,2012-03-27,0,,1,-2.28
3690801879,214,27,2707,101780010,93964,2012-11-10,3.15,LB,1,3.88
3690801879,214,29,2923,1076026373,1537,2013-02-07,11.5,OZ,2,3.98
3690802066,214,21,2105,104122040,23511,2012-05-17,32,OZ,1,0.75
3690802066,214,63,6315,104122040,20449,2013-02-10,128,OZ,1,5.49
3690802810,214,56,5616,104122040,23511,2012-10-25,16,OZ,1,1.99
3690803040,214,21,2105,105200050,7054,2012-08-24,72,OZ,1,3.29
3690803385,214,15,1504,104122040,20514,2012-04-09,7,OZ,1,1.84
3690803385,214,26,2613,103600030,8583,2012-10-11,23,CT,1,8.97
3690803385,214,29,2928,105480050,19039,2012-11-04,8.8,OZ,1,1.79
3690857054,214,9,902,104400040,18775,2013-05-26,9,OZ,1,2.5
3690857695,214,26,2634,103700030,3293,2012-06-10,12,RL,1,14.87
3690858145,214,23,2301,107680878,1393,2012-08-18,14.5,OZ,1,2.08
3690858145,214,17,1706,104122040,20514,2012-11-13,67,OZ,1,1.97
3690858145,214,19,1908,102900020,14112,2013-01-26,16.3,OZ,1,2.48
3690858145,214,63,6314,104122040,23511,2013-03-03,16,OZ,1,1.29
3690858173,214,2,212,101330010,11211,2012-10-27,6,OZ,2,1
3690874858,214,23,2301,104122040,23511,2012-08-07,16,OZ,1,0.92
3690874858,214,18,1828,104650040,7249,2013-01-18,6.2,OZ,2,9.76
3690879416,214,95,9518,1061029060,6015,2012-04-22,1,CT,1,1.99
3690879416,214,96,9609,1050000050,88199,2012-05-05,0,,2,-1.5
3690879416,214,9,907,104122040,23511,2012-12-15,11.75,OZ,1,1.68
3690880090,214,71,7113,1082775585,8811,2012-03-17,16,OZ,1,5.84
3690880090,214,5,516,103800030,17050,2012-06-02,4.76,OZ,1,2.5
3690880090,214,97,9753,1020479828,0,2012-08-25,1,CT,1,0.78
3690880090,214,36,3611,107929878,5984,2013-03-17,202.8,OZ,1,8.98
3690880961,214,39,3903,104122040,20514,2012-05-06,24,OZ,1,1.34
3690880961,214,63,6315,104122040,23511,2012-08-04,64,OZ,1,2.18
3690880961,214,18,1828,104650040,7249,2012-12-03,1.34,OZ,1,4.5
3690910450,46,41,4108,103940030,71386,2012-03-24,15,OZ,1,1
3690932219,46,64,6401,101820010,11616,2012-08-30,144,OZ,1,9.99
3690946542,46,8,801,101300010,8164,2012-12-14,38,OZ,1,2.68
3690958835,46,56,5615,102100020,9886,2012-12-16,8,OZ,1,2
3691023349,46,4,418,102800020,16558,2013-05-05,6,OZ,1,3.5
3691023549,46,5,502,101600010,1756,2013-04-09,8,OZ,1,2
3691026159,46,71,7113,1030815131,3609,2013-01-19,10.1,OZ,1,2.79
3691026159,46,9,920,107641070,10160,2013-04-06,10,OZ,1,2
3691038576,46,3,311,101600010,1756,2012-06-16,16,OZ,1,1.67
3691055469,46,96,9609,1052420858,88199,2013-01-25,0,,1,-3
3691055469,46,95,9518,101261515,1117,2013-03-30,1,CT,1,2.99
3691066813,46,56,5607,102100020,13967,2012-08-12,8,OZ,1,1.99
3691107576,18,97,9753,1076211171,0,2012-12-09,1,CT,2,32.9
3691908745,401,36,3626,107200070,28354,2012-03-22,67.6,OZ,3,0.54
3692185234,285,97,9753,10000,0,2012-12-29,1,CT,1,4.32
3692239846,109,51,5123,101380010,27474,2012-07-11,40,OZ,1,6.49
3692239846,109,18,1850,102120020,16044,2012-12-30,3,CT,1,2.99
3692239846,109,8,810,105210050,11382,2013-04-08,1,OZ,1,0.99
3692315140,377,3,302,1074759979,7168,2012-06-18,10,OZ,1,3.5
3692315140,377,7,709,109955595,1841,2012-12-14,1.3,OZ,1,5.99
3692352353,377,63,6315,104138343,10091,2013-06-03,64,OZ,1,4.69
3692371114,376,33,3305,102840020,5141,2013-04-14,11,OZ,2,3.98
3692371114,376,32,3202,105150050,4307,2013-05-07,48,OZ,1,4.54
3692372029,376,9,902,104400040,18775,2013-02-09,9,OZ,4,7.92
3692394609,85,21,2106,1060788060,16965,2012-05-06,64,OZ,1,2.5
3692394609,85,64,6406,108130888,25521,2013-02-07,0.75,LT,1,8.99
3692441287,507,99,9909,103260131,5489,2012-07-22,5,OZ,1,3.99
3692441287,507,27,2704,108523989,20900,2013-01-23,24,OZ,1,1.99
3692441287,507,58,5823,104470040,13310,2013-03-18,7,OZ,1,2.66
3692441287,507,99,9909,107127979,6732,2013-04-28,12,OZ,1,1.49
3692475419,507,18,1841,103700030,17864,2012-04-07,84.4,OZ,1,9.49
3692489700,507,97,9753,107164979,0,2012-07-28,1,CT,1,6.29
3692559197,508,33,3303,102840020,15598,2012-07-19,8,OZ,1,2.5
3692574814,508,31,3101,108523989,833,2012-10-26,1.3,OZ,1,2.49
3692583134,508,99,9909,107127979,6732,2012-08-15,6.5,OZ,1,3.14
3692583134,508,56,5610,102100020,9886,2012-08-26,6,OZ,1,3.56
3692583134,508,63,6314,107342070,4529,2013-02-11,8,OZ,1,1.62
3692660835,510,26,2622,102570020,20361,2013-03-18,50,CT,1,2.4
3692660835,510,34,3499,107962575,23664,2013-03-23,1,CT,1,1.67
3692730634,507,9,907,107341070,13291,2012-11-04,12,OZ,1,2.49
3692730634,507,16,1601,102200020,71567,2013-02-12,15,CT,1,0.99
3692751388,507,6,608,1072225272,3695,2013-03-17,5.9,OZ,1,3.66
3692751388,507,17,1724,107048171,32487,2013-03-28,32,OZ,1,3.82
3692765202,507,73,7312,1031011939,23664,2012-05-25,0.27,OZ,1,4.03
3692831666,508,33,3308,102840020,3336,2012-08-09,9.75,OZ,1,2.5
3692831666,508,29,2914,101356212,713,2012-10-06,6,OZ,2,3.04
3692831666,508,63,6311,102500020,16474,2013-01-19,59,OZ,1,3.59
3692847079,508,9,902,104157040,2017,2012-05-12,4.25,OZ,1,3.03
3692847079,508,92,9214,107050171,12554,2012-10-07,25,CT,1,5.24
3692847079,508,5,501,103000030,99506,2013-04-06,17.4,OZ,1,3.19
3692847079,508,95,9518,1064541666,2988,2013-05-05,1,CT,1,4.19
3692861421,508,26,2628,1073291373,23643,2012-03-23,2,RL,1,3.99
3692861421,508,26,2630,103600030,9787,2013-01-20,75,CT,1,1.57
3692864259,508,97,9753,1021137020,0,2012-09-11,1,CT,1,16.67
3692876463,508,97,9753,1022730525,0,2012-05-12,1,CT,1,4.86
3692876463,508,56,5613,103114232,25202,2012-11-18,8,OZ,1,3.77
3692876463,508,97,9730,1065356969,11906,2013-01-19,1,CT,1,15.75
3692876463,508,97,9753,1021300222,0,2013-02-03,1,CT,1,9.62
3692936386,510,4,411,104000040,17287,2012-04-06,14,OZ,1,2
3692936386,510,27,2710,104460040,6743,2013-04-07,34,LB,1,14.59
3693037555,508,5,502,101600010,1756,2012-04-10,8,OZ,1,2.25
3693037555,508,99,9908,103338333,33170,2012-11-21,8,OZ,1,1.58
3693061406,507,22,2201,104460040,3718,2012-08-03,82,OZ,1,1.76
3693063025,508,51,5131,104227242,648,2012-09-11,5.5,OZ,3,7.44
3693063025,508,99,9904,1071575676,5278,2013-06-01,16,OZ,1,2.09
3693064202,507,33,3303,102840020,10241,2013-01-02,10,OZ,1,2.09
3693068276,508,70,7004,1088438989,23664,2012-06-17,1,CT,1,9.32
3693077670,508,97,9753,1080521989,0,2012-04-18,1,CT,1,1.05
3693087657,510,16,1604,101254616,18738,2013-01-06,27,CT,1,2.13
3693089162,508,97,9753,1049200040,0,2013-02-16,1,CT,5,15.88
3693095333,507,72,7209,104770141,4800,2012-09-04,125,CT,1,3.77
3693095333,507,99,9904,1071575676,5278,2013-04-23,16,OZ,1,2.07
3693101845,507,97,9753,103050636,0,2013-02-06,1,CT,1,9.24
3693117766,507,99,9904,1071575676,5278,2012-07-16,16,OZ,1,2.09
3693117766,507,97,9748,107164171,26982,2012-08-06,2,CT,1,2.67
3693120761,508,6,608,1072225272,3695,2012-06-29,15.24,OZ,1,7.13
3693129616,507,72,7208,1030813737,14982,2012-03-12,2,CT,1,3.71
3693129616,507,36,3634,1073951070,16807,2013-01-04,20,OZ,1,1.04
3693153969,510,18,1898,101280010,14963,2012-11-24,1,CT,1,10.13
3693153969,510,4,416,104000040,26517,2013-01-20,1.63,OZ,1,0.72
3693158520,509,18,1854,105114151,23664,2012-12-15,2,CT,1,1.04
3693158520,509,37,3705,105100050,2820,2012-12-19,18.8,OZ,5,8
3693161076,510,40,4005,107073474,25373,2012-05-30,0.9,OZ,1,2.78
3693201813,507,26,2613,103700030,13481,2012-06-05,100,CT,1,26.7
3693225559,510,9,917,108523989,11176,2012-06-20,20,OZ,1,2.51
3693233438,510,17,1726,101920010,10882,2013-01-04,35,CT,1,1.96
3693234778,510,9,912,107294575,15878,2012-12-08,20,OZ,1,2.67
3693248009,510,4,416,103400030,9739,2012-07-08,1.5,OZ,1,0.83
3693252460,508,97,9753,108523989,0,2012-05-19,1,CT,1,4.45
3693252460,508,8,818,108523989,28328,2012-06-14,23.5,OZ,1,3.48
3693252460,508,33,3303,108523989,833,2012-08-16,8,OZ,1,3.14
3693252460,508,51,5125,107265575,8089,2012-09-30,10,OZ,4,10.51
3693252460,508,59,5902,108523989,11176,2012-12-22,16,OZ,1,2.51
3693268312,508,51,5106,103100030,9626,2012-06-20,10.2,OZ,1,2.07
3693268312,508,57,5710,1089470080,21065,2012-07-28,5.3,OZ,3,3.84
3693268312,508,63,6315,108523989,11176,2012-08-11,128,OZ,1,3.06
3693268312,508,58,5814,104470040,10837,2013-01-30,13,OZ,1,3.66
3693275479,508,5,517,103800030,69260,2012-10-31,10.4,OZ,2,5.32
3693287208,507,95,9518,106700868,2988,2012-06-17,1,CT,1,2.82
3693287390,508,95,9517,1072175676,33079,2012-07-08,1,CT,1,3.19
3693287390,508,97,9753,1023300525,0,2012-08-19,1,CT,1,3.14
3693287390,508,36,3611,104900040,4599,2012-12-10,96,OZ,1,3.14
3693291920,508,34,3499,107962575,2105,2012-06-26,1,CT,1,1.02
3693291920,508,74,7407,107033070,1783,2012-12-28,8,CT,1,10.49
3693291920,508,97,9753,103100939,0,2013-01-24,1,CT,1,20.99
3693291920,508,24,2403,105100050,17812,2013-02-16,12.5,OZ,2,5.76
3693305658,507,75,7503,1031074232,11513,2012-11-08,0.07,OZ,1,2.83
3693305658,507,35,3509,107261373,23664,2013-01-04,100,OZ,1,7.08
3693308040,508,5,501,108523989,833,2012-08-01,15,OZ,3,10.35
3693308040,508,33,3312,103700030,14494,2012-09-07,6.41,OZ,1,1.6
3693308040,508,26,2609,104116545,23664,2013-01-12,54,CT,1,2.84
3693308040,508,26,2608,104142646,23664,2013-03-29,72,CT,1,2.82
3693308040,508,63,6315,108523989,11176,2013-04-26,128,OZ,2,5.86
3693311963,507,97,9753,107869373,0,2012-07-03,1,CT,1,9.44
3693504343,240,18,1802,104116343,8435,2012-07-28,4,CT,1,2.39
3693504343,240,33,3303,104178040,19154,2012-11-16,3.5,OZ,1,1.59
3693581171,424,79,7903,107244070,27869,2012-07-25,1,CT,1,3.99
3693582248,424,58,5823,101590010,1366,2012-12-26,12,OZ,2,2.5
3693613944,31,51,5115,107192171,25673,2012-05-02,23.4,OZ,1,5.5
3693613944,31,56,5620,104610040,15889,2012-09-08,8,OZ,2,3.99
3693613944,31,4,416,103400030,44358,2013-04-12,1.55,OZ,2,1.09
3693616934,31,10,1004,104300040,26232,2012-11-16,3.9,OZ,2,1.34
3693616934,31,9,907,107225070,12465,2012-12-13,20,OZ,1,2.99
3693616934,31,58,5831,102265525,2626,2013-03-10,48,OZ,1,8.79
3693626758,40,9,916,107731474,9047,2012-11-25,5.6,OZ,1,3.59
3693635527,21,45,4509,1068907666,51701,2013-03-02,32,OZ,1,12.98
3693637149,21,51,5116,107192171,25673,2012-04-26,32.7,OZ,1,6.49
3693637805,21,56,5622,109396696,13264,2012-07-22,6,OZ,1,4.89
3693637805,21,1,106,1084590181,20484,2013-03-03,3.5,OZ,1,1.69
3693637805,21,56,5622,109396696,13264,2013-05-04,6,OZ,1,4.89
3693643499,101,63,6319,102073525,18893,2012-05-01,128,OZ,1,2.89
3693643499,101,36,3630,101200010,13794,2012-07-01,144,OZ,1,4.49
3693643499,101,33,3350,102620020,16611,2012-07-22,1.12,OZ,1,1.75
3693643499,101,0,0,10000,20405,2012-10-21,0,,8,-14.3
3693643499,101,27,2707,105000050,6775,2013-05-05,3.15,LB,1,4.59
3693644164,101,29,2902,103760030,8501,2012-10-20,15,OZ,1,2.19
3693644164,101,99,9909,107143070,5072,2012-10-28,5,OZ,1,3.69
3693644732,101,63,6311,1082415080,22328,2012-03-18,16,OZ,1,2.5
3693651734,68,33,3318,1072543979,40679,2012-12-30,16,OZ,1,1.47
3693673484,64,58,5812,104470040,13310,2012-12-18,16,OZ,1,4.79
3693697406,68,0,0,10000,20405,2012-09-15,0,,1,-2.97
3693712796,165,9,907,107341070,13291,2012-03-11,12,OZ,2,5
3693712796,165,33,3303,102068525,2892,2012-06-24,8.5,OZ,2,5
3693720832,126,0,0,10000,0,2013-04-19,0,,1,0
3693721446,98,55,5558,102500020,11749,2012-06-29,16,OZ,2,2
3693738001,211,21,2119,101111010,1814,2012-09-21,202.8,OZ,1,3.99
3693738577,431,0,0,10000,0,2012-10-20,0,,2,0
3693738577,431,9,922,102430020,10577,2013-01-28,13.1,OZ,1,0.99
3693738577,431,29,2914,102100020,9886,2013-04-24,2.05,OZ,10,10
3693740856,12,28,2804,105410050,19509,2012-05-07,12,OZ,1,1.89
3693740856,12,9,970,103800030,62065,2013-01-09,14.7,OZ,2,4.18
3693740856,12,73,7359,103160434,12423,2013-02-20,60,CT,2,9.49
3693740856,12,21,2119,1083812888,23042,2013-03-15,23.5,OZ,5,4.4
3693743049,12,0,0,10000,0,2012-07-29,0,,1,0
3693743049,12,41,4121,101111010,9907,2012-12-12,8,OZ,1,0.38
3693743049,12,51,5131,101111010,85048,2013-01-19,14.25,OZ,1,3.5
3693746681,12,0,0,10000,0,2013-01-17,0,,1,0
3693758752,191,57,5710,103663232,4568,2012-04-02,5.3,OZ,6,6
3693758752,191,55,5555,1073149373,21536,2012-05-20,16,OZ,1,3.99
3693758752,191,2,202,101600010,1756,2012-12-09,17.5,OZ,2,5.18
3693759535,191,56,5610,107580575,17344,2012-11-10,5,OZ,1,2.99
3693759677,191,58,5823,107187171,13310,2012-03-08,16,OZ,2,4.98
3693759677,191,29,2928,101530010,58299,2012-03-26,6.5,OZ,3,3
3693759677,191,5,501,103000030,58434,2012-09-20,14,OZ,3,5
3693759677,191,9,907,101111010,4181,2013-02-26,24,OZ,2,3
3693760035,191,73,7309,104126040,9907,2012-05-25,24,CT,1,3.99
3693760035,191,0,0,10000,0,2012-08-31,0,,1,0
3693761291,23,58,5812,104470040,13310,2012-06-22,15,OZ,1,3
3693761291,23,33,3303,102840020,15598,2013-01-08,8,OZ,1,3
3693761360,191,21,2118,108079383,6926,2012-06-13,16.9,OZ,3,3.75
3693761360,191,9,907,101111010,4181,2012-10-03,22,OZ,1,2.5
3693761360,191,0,0,10000,0,2013-03-30,0,,2,0
3693761360,191,70,7004,103566434,9224,2013-06-20,1,CT,1,16.95
3693780772,96,0,0,10000,0,2012-12-04,0,,3,0
3693780772,96,4,418,103400030,16463,2013-01-06,5.6,OZ,1,2.99
3693781757,96,96,9609,1058133454,88199,2012-11-03,0,,1,-1.5
3693781826,96,21,2105,104900040,14357,2012-08-23,32,OZ,9,9
3693781826,96,15,1506,103120030,12957,2013-01-22,5,OZ,1,3.29
3693781826,96,51,5131,104227242,648,2013-03-22,6,OZ,2,5.78
3693789444,214,63,6321,104122040,23511,2012-03-18,8,OZ,1,2.88
3693789444,214,9,907,107294575,15878,2012-04-29,20,OZ,1,1.98
3693789444,214,64,6409,103125939,20202,2012-11-04,1.5,LT,1,8.97
3693789444,214,5,517,104122040,20514,2013-04-07,10.4,OZ,1,2.14
3693793742,214,6,607,107007474,5810,2012-06-05,32,OZ,1,6.88
3693793742,214,92,9208,101311414,174,2013-03-24,1,CT,1,0.97
3693793742,214,51,5122,104122040,23511,2013-04-17,32,OZ,1,10.27
3693795895,214,51,5131,104227242,648,2013-02-02,9.5,OZ,1,3.38
3693826464,214,58,5812,105450050,1322,2012-07-04,16,OZ,2,3.36
3693841417,214,35,3509,107261373,401,2012-04-05,32,OZ,1,4.88
3693841417,214,25,2507,102800020,12545,2013-03-24,8,OZ,1,0.88
3693841417,214,33,3315,101030010,5740,2013-07-10,7.5,OZ,1,2.46
3693847551,214,58,5824,102781525,5557,2012-09-01,42,OZ,1,5
3693847551,214,26,2633,103040030,683,2013-02-18,12,RL,2,7.44
3693847641,214,54,5401,103800030,5618,2012-08-26,12.3,OZ,1,2.32
3693848065,214,10,1011,104300040,26232,2012-05-15,22.5,OZ,1,2.98
3693848182,214,56,5616,104122040,23511,2012-04-05,16,OZ,1,2.58
3693848182,214,63,6315,104122040,20449,2012-04-24,128,OZ,1,5.49
3693848182,214,99,9909,104122040,23511,2012-09-18,12,OZ,1,2.73
3693848182,214,56,5616,104122040,23511,2013-02-25,16,OZ,2,5.34
3693848182,214,95,9518,1072047373,27680,2013-05-01,1,CT,1,4.99
3693848425,214,99,9904,103338333,33170,2012-05-23,32,OZ,1,3.76
3693848425,214,37,3706,104227242,648,2012-11-12,14.5,OZ,2,3.84
3693848464,214,60,6001,101800010,14029,2013-01-20,16,OZ,1,2.58
3693848464,214,26,2628,1073291373,23643,2013-02-10,3,RL,1,3.79
3693848464,214,4,418,104000040,26517,2013-03-26,12.6,OZ,1,2.48
3693848948,214,97,9753,1020406727,0,2012-06-30,1,CT,1,1.65
3693848948,214,97,9748,107166272,4239,2012-08-01,12,CT,1,0.97
3693856977,206,26,2604,107089676,19921,2012-07-03,75,CT,1,1.98
3693856977,206,9,907,107225070,12465,2013-03-08,16,OZ,1,3.27
3693858824,206,18,1854,102120020,16044,2013-03-23,3,CT,1,2.88
3693863821,46,99,9904,1078035373,53977,2012-08-12,16,OZ,1,2.5
3693887372,46,58,5834,103760030,8501,2012-05-14,15,OZ,1,5.99
3693887372,46,56,5620,102100020,9886,2013-04-21,8,OZ,1,2.49
3693887372,46,21,2105,105200050,7054,2013-06-09,160,OZ,1,5.84
3693921209,46,63,6320,104125040,11473,2012-03-06,12,CT,1,1.79
3693921209,46,63,6315,104125040,11473,2012-04-22,128,OZ,1,2.79
3693921209,46,8,807,101340919,17823,2012-07-29,80,OZ,1,5.99
3693924886,46,36,3601,101200010,13794,2012-03-22,288,OZ,1,6.5
3693924886,46,51,5133,107100777,5656,2012-05-04,21,OZ,1,4.99
3693924886,46,29,2920,101600010,1756,2012-11-01,6.6,OZ,1,1.57
3693924886,46,51,5134,104280040,18599,2012-12-26,44.5,OZ,1,7.69
3693943191,17,9,902,104400040,8463,2012-05-25,14.4,OZ,1,3
3693952578,14,57,5707,103663232,4568,2012-09-12,14,OZ,1,2
3693952578,14,28,2806,102113020,15704,2013-06-18,24,OZ,1,2
3693970164,15,40,4005,103291737,27804,2012-12-13,1.13,OZ,1,3.8
3693970164,15,63,6320,102113020,29344,2013-05-19,12,CT,1,3.49
3693972597,18,29,2914,102113020,15704,2013-06-07,12,OZ,2,3.98
3694242487,42,72,7205,105310050,804,2012-10-14,5.6,OZ,1,2.99
3694506823,24,21,2106,104124444,11218,2012-03-11,25.4,OZ,1,1.88
3694599925,507,71,7113,107940070,5168,2012-05-13,4,OZ,1,4.71
3694600211,507,4,421,104000040,16565,2013-05-25,2.17,OZ,1,0.79
3694632063,507,97,9753,1074919070,0,2013-01-14,1,CT,1,6.99
3694653695,508,14,1404,1089000080,11289,2012-05-20,12.8,OZ,1,2.29
3694653695,508,55,5558,107189979,2010,2012-06-12,36,OZ,1,3.69
3694653695,508,36,3618,101200010,23361,2012-11-17,20,OZ,1,1.69
3694653695,508,21,2114,107587979,66550,2013-03-03,4,OZ,1,1.19
3694653695,508,97,9753,1088614989,0,2013-05-05,1,CT,2,23.98
3694658763,508,97,9753,1089326585,0,2012-05-29,1,CT,1,4.2
3694658763,508,33,3302,102700020,57417,2012-09-29,17.4,OZ,1,3.41
3694665043,508,41,4108,103940030,71386,2012-03-18,16,OZ,2,2.04
3694672906,508,36,3630,104900040,3809,2012-08-05,144,OZ,1,2.75
3694680962,508,56,5620,102100020,9886,2012-06-28,8,OZ,1,2.69
3694680962,508,40,4005,107695070,23056,2012-09-29,1.12,OZ,2,7
3694680962,508,97,9753,1060580666,0,2013-01-11,1,CT,1,5.24
3694685448,508,75,7504,104110040,4059,2013-01-22,12,OZ,1,17.59
3694692101,508,97,9745,1085470787,33170,2012-05-15,1,CT,1,3.14
3694737985,510,71,7106,103700030,8047,2012-04-06,23.7,OZ,1,6.99
3694747560,510,34,3410,107418272,16853,2012-10-12,56,OZ,2,8.39
3694747560,510,73,7305,104110040,273,2013-01-02,0.66,OZ,1,6.24
3694747560,510,97,9753,103429939,0,2013-04-05,1,CT,1,6.5
3694768063,510,16,1601,102200020,1827,2013-04-14,45,CT,1,2
3694770497,510,95,9518,1064541666,2988,2013-04-16,1,CT,2,9.58
3694814656,240,56,5616,104263444,486,2012-08-09,8,OZ,1,4.35
3694814656,240,56,5615,102327828,16903,2012-09-30,8,OZ,1,5.99
3694853739,10,9,907,107294575,15878,2012-12-09,21,OZ,1,3.69
3694869382,31,53,5307,102000020,7655,2012-03-12,12,OZ,1,2.5
3694869382,31,65,6501,102560020,18051,2013-04-01,6.5,OZ,2,3.98
3694884710,31,4,415,107339070,11515,2013-03-05,1.32,OZ,1,0.67
3694912757,21,10,1012,102700020,23332,2012-07-16,13,OZ,4,4
3694912757,21,33,3302,102389626,14268,2012-11-26,9.6,OZ,2,5.98
3694912757,21,5,502,101600010,86101,2013-05-16,5,OZ,1,2.5
3694912803,21,49,4901,101312010,26885,2012-05-04,28,OZ,1,3.99
3694912803,21,36,3601,101200010,13794,2012-11-27,67.6,OZ,2,3.78
3694912803,21,23,2301,107680878,1393,2013-04-21,12,OZ,3,4.47
3694912841,21,9,911,107209272,9316,2013-04-20,3.5,OZ,1,1.79
3694918559,101,63,6316,107342070,4529,2013-01-31,8,OZ,1,1.24
3694922104,77,36,3618,101200010,23361,2012-05-26,96,OZ,3,10.5
3694922104,77,58,5815,103861636,11137,2012-10-05,6,OZ,1,2.5
3694922104,77,63,6320,107078474,18552,2013-02-01,12,CT,1,2.69
3694922426,77,63,6315,107078474,18552,2012-08-25,64,OZ,1,1.89
3694923224,77,0,0,10000,20405,2013-01-05,0,,1,-2.35
3694927887,70,26,2632,1072543979,21664,2012-12-21,216,CT,1,5.99
3694951064,65,63,6315,1072543979,40679,2012-12-03,128,OZ,1,2.83
3694951064,65,56,5616,104610040,15889,2013-06-02,7.5,OZ,1,2.69
3694951749,65,8,807,103582636,6564,2012-09-14,18,OZ,1,0.99
3694951749,65,21,2106,105100050,27873,2012-11-21,64,OZ,1,2.69
3694955895,68,27,2705,1072543979,21664,2012-07-16,5.5,OZ,5,2.25
3694981789,143,29,2923,104100040,9814,2012-05-28,4.5,OZ,2,2
3694981789,143,58,5814,104660040,885,2012-07-21,2.9,OZ,3,3
3694981789,143,51,5123,101380010,27474,2012-11-10,38,OZ,1,5.99
3694982242,143,0,0,10000,0,2012-07-28,0,,3,0
3694982242,143,64,6401,107199070,4043,2012-12-13,288,OZ,1,15.99
3694986026,126,25,2506,101111010,9907,2012-03-03,32,OZ,1,2.5
3694986026,126,49,4901,101111010,9907,2013-04-21,30,OZ,1,1.79
3694986026,126,16,1604,102200020,20100,2013-05-17,15,CT,2,2.98
3694986026,126,7,707,101111010,9907,2013-06-22,31.5,OZ,1,6.99
3694987089,126,0,0,10000,0,2012-11-22,0,,2,0
3694987089,126,0,0,10000,0,2013-06-18,0,,1,0
3694988424,133,97,9753,1020406626,0,2012-09-01,1,CT,1,2.37
3694988424,133,73,7309,101111010,9907,2012-09-27,60,CT,2,8.08
3694988424,133,41,4121,101111010,9907,2012-12-05,15,OZ,1,0.67
3694988779,133,99,9908,101111010,9907,2013-05-01,16,OZ,1,2.99
3694990603,151,82,8201,104157343,6678,2012-05-07,1,CT,1,1
3694990603,151,5,501,101111010,9907,2012-05-16,11.5,OZ,1,1.88
3694990603,151,29,2902,103760030,8501,2012-05-25,15,OZ,2,4.98
3694990603,151,45,4511,102370020,18969,2012-08-31,22,OZ,1,7.49
3694990603,151,96,9609,1053760050,88199,2012-11-14,0,,1,-1
3694990603,151,35,3509,107261373,401,2013-01-05,50,OZ,1,5.29
3694990603,151,73,7302,1030006737,5995,2013-02-10,24,CT,1,3.87
3694990603,151,59,5906,102700020,13564,2013-02-17,13,OZ,1,1.99
3695007565,63,56,5613,107455070,14391,2012-03-12,15,OZ,1,3.99
3695007565,63,63,6320,1071514171,25530,2012-11-23,12,CT,1,2.69
3695021923,191,0,0,10000,0,2012-09-03,0,,1,0
3695021923,191,0,0,10000,0,2013-02-16,0,,1,0
3695022483,191,63,6315,101111010,12028,2012-07-13,128,OZ,2,4.98
3695022483,191,56,5607,102100020,13967,2012-09-24,8,OZ,2,4.36
3695022483,191,57,5704,107047070,20230,2012-11-02,16,OZ,1,3.49
3695035101,166,55,5556,107064070,2014,2012-03-30,56,OZ,1,2.99
3695035101,166,9,901,1070897171,10653,2013-02-18,8.5,OZ,1,1.99
3695037075,184,29,2921,101114010,8604,2012-12-13,6.1,OZ,2,3.18
3695037165,184,55,5558,108793282,13877,2012-05-21,30,OZ,1,4.29
3695037165,184,33,3305,102840020,18584,2013-04-12,9.75,OZ,1,3.54
3695038779,184,96,9609,1051611252,88199,2012-04-22,0,,1,-0.5
3695038779,184,96,9632,107675070,532,2012-12-20,1,CT,1,50
3695038779,184,7,709,107510171,11713,2013-03-03,3.81,OZ,1,8.99
3695038779,184,9,904,103680030,6866,2013-04-10,5,OZ,1,1.79
3695039445,184,97,9753,1085078989,0,2012-03-04,1,CT,1,3.99
3695039445,184,30,3010,104100040,19975,2013-02-25,16,OZ,1,3.25
3695053825,214,39,3903,104122040,20514,2013-06-10,24,OZ,1,1.28
3695054746,214,41,4106,107047575,7217,2013-03-12,4.5,OZ,1,1.24
3695056651,214,4,419,103129030,7346,2012-10-01,4,OZ,1,4.29
3695056651,214,26,2630,103600030,9787,2013-04-27,50,CT,2,3.54
3695058775,214,4,418,1087218181,18831,2012-09-02,5,OZ,2,5.96
3695058775,214,51,5125,101380010,10271,2013-01-27,8,OZ,2,5
3695061293,214,99,9908,103338333,33170,2012-04-15,16,OZ,1,1.44
3695090006,214,5,517,104122040,20514,2012-06-17,10.4,OZ,4,8.6
3695090006,214,56,5604,104122040,23511,2013-03-16,12,OZ,1,4.98
3695105394,214,26,2632,1089555080,33170,2012-04-16,80,CT,1,1
3695111707,214,58,5814,104470040,10837,2013-05-14,15,OZ,1,3.48
3695111893,214,73,7307,104122040,23511,2012-03-24,24,CT,2,5.86
3695111893,214,63,6315,104122040,20449,2012-08-13,64,OZ,1,2.99
3695111893,214,25,2506,105000050,32115,2013-02-16,32,OZ,2,5.96
3695113255,214,96,9609,1050000050,88199,2012-03-13,0,,9,-6.8
3695113255,214,95,9518,1072047373,27680,2012-06-14,1,CT,1,3
3695113255,214,5,501,101600010,3789,2012-09-24,12.2,OZ,1,2.56
3695113255,214,25,2509,104122040,23511,2012-12-16,32,OZ,1,1.58
3695183744,46,55,5567,107064070,19704,2012-10-07,24,OZ,1,4.69
3695206884,4,91,9116,102113020,9703,2013-02-27,0.75,LT,1,6.99
3695212617,15,41,4105,101119414,27268,2012-12-07,28,OZ,1,1.79
3695215830,18,97,9753,10000,0,2012-07-06,1,CT,2,1.98
3695215830,18,4,418,103400030,56489,2012-12-23,11,OZ,1,4
3695215830,18,19,1908,105150050,9189,2013-01-07,28,OZ,1,5.99
3695507616,42,33,3311,102840020,27521,2012-06-06,6,OZ,1,2.49
3695507616,42,36,3604,107297979,16095,2013-04-17,144,OZ,1,5.49
3695734727,24,9,912,104812141,18322,2013-04-28,20,OZ,1,4.79
3695778117,507,58,5831,103927232,26234,2013-04-19,20,OZ,1,5.49
3695817691,507,34,3411,107940070,17521,2012-04-11,18,OZ,4,8.16
3695817691,507,73,7309,1037003030,23664,2012-10-31,17.9,OZ,1,15.43
3695843057,508,97,9731,1067341969,10312,2012-05-18,1,CT,2,20.76
3695851830,508,5,501,103800030,11732,2013-04-21,15.2,OZ,1,3.09
3695864407,508,4,421,107046272,16934,2012-07-06,3.5,OZ,1,1
3695874182,508,26,2633,103040030,683,2012-04-18,4,RL,1,2.56
3695874182,508,27,2704,102310020,13705,2012-05-23,6.07,OZ,1,3.14
3696044994,31,45,4509,102114020,28428,2012-12-13,16,OZ,2,5.99
3696052221,31,4,416,102800020,2631,2012-08-16,3.9,OZ,1,1
3696061678,31,99,9904,103338333,33170,2012-08-07,32,OZ,1,3.99
3696085755,101,5,501,101600010,3331,2012-05-30,21.6,OZ,1,5.29
3696090724,77,3,302,102800020,30272,2012-07-03,23,OZ,1,5.79
3696090724,77,79,7903,107148676,17274,2012-07-25,1,CT,1,3.99
3696090724,77,26,2634,103700030,3293,2013-05-08,6,RL,1,4.99
3696112213,65,32,3203,103582636,6564,2012-04-17,5,OZ,1,2
3696134970,64,9,920,107641070,10160,2013-01-31,10,OZ,1,3.39
3696143050,373,41,4107,104144343,11130,2012-11-08,15,OZ,2,2.38
3696146430,165,9,902,101410010,45039,2012-04-16,6.6,OZ,1,2.39
3696146430,165,57,5709,105215959,41981,2012-08-21,24,OZ,1,3.59
3696146430,165,41,4105,104118848,6915,2012-09-27,15,OZ,1,1.33
3696148937,83,27,2715,103320030,875,2012-06-24,1.25,LB,1,2.69
3696151429,143,3,311,1064420969,5345,2012-05-25,16,OZ,1,1.69
3696154871,126,51,5131,104227242,648,2013-02-07,12,OZ,1,6.49
3696157546,126,36,3618,104900040,23359,2012-04-18,67.6,OZ,4,6.67
3696157546,126,96,9609,1053700050,88199,2012-04-25,0,,2,-1
3696157546,126,37,3709,104178949,11224,2013-01-30,3,OZ,10,2
3696157546,126,31,3101,101111010,9907,2013-03-13,0.13,OZ,1,2.49
3696170043,98,58,5833,101111010,20588,2012-12-06,48,OZ,1,7.47
3696178120,63,9,907,101111010,6848,2012-05-22,24,OZ,4,5
3696185856,140,33,3303,103970030,3737,2012-05-04,8,OZ,1,1.67
3696185856,140,79,7901,107447070,27352,2012-05-05,1,CT,1,4.99
3696185856,140,55,5567,107979272,14419,2012-05-15,13.5,OZ,1,2.29
3696185856,140,26,2633,103040030,683,2013-04-13,4,RL,1,1
3696187347,140,36,3601,101111010,1814,2012-05-18,144,OZ,1,2
3696187718,140,9,907,104157343,16706,2012-09-28,16,OZ,1,1
3696187718,140,9,901,104400040,3453,2013-05-11,13,OZ,1,2.5
3696189876,191,26,2615,107301070,17990,2012-06-11,40,CT,1,6.19
3696189876,191,16,1604,101254616,18738,2012-10-10,14,CT,1,1.49
3696190474,191,10,1007,104300040,26232,2012-06-21,6,OZ,10,10
3696190474,191,0,0,10000,0,2012-10-12,0,,1,0
3696191121,191,19,1906,105150050,16728,2012-11-08,10,OZ,1,2.49
3696202643,166,2,212,107596878,11151,2012-03-18,16,OZ,1,2.5
3696205771,184,13,1305,103000030,14760,2013-04-22,12,OZ,1,2.99
3696210617,96,51,5128,101450010,20864,2012-05-03,10,OZ,2,3.58
3696210686,96,31,3108,102325424,7833,2012-12-02,26,OZ,1,1.89
3696211042,96,38,3801,103003434,7175,2013-02-27,4,LB,1,2.89
3696211189,96,96,9632,107675070,87377,2012-05-22,1,CT,1,25
3696211189,96,0,0,10000,0,2012-12-28,0,,1,0
3696211189,96,18,1829,104650040,7249,2013-02-15,1,CT,1,3.79
3696211362,96,3,309,103003434,7175,2012-06-04,14,OZ,1,2.99
3696211362,96,44,4402,102113121,11151,2012-11-18,7.5,OZ,1,2.99
3696235002,214,29,2904,104122040,20514,2012-03-15,6.75,OZ,1,1
3696235002,214,4,410,104122040,20514,2012-06-15,4.25,OZ,1,0.99
3696235002,214,28,2806,107015272,1712,2012-12-16,46,OZ,1,2.49
3696254820,214,53,5307,104122040,23511,2012-10-09,40,OZ,1,2.48
3696257093,214,9,904,107067878,15523,2012-04-13,5,OZ,1,1
3696257093,214,33,3309,1078113878,13130,2012-09-08,12,OZ,1,2.98
3696261048,214,36,3618,104900040,23359,2012-04-23,240,OZ,2,9.94
3696263219,214,33,3308,102840020,3336,2012-04-28,3.75,OZ,1,1.49
3696263219,214,21,2114,107587979,66550,2012-07-07,4,OZ,1,0.88
3696267640,214,33,3309,1078113878,13130,2013-01-10,16,OZ,1,3.99
3696273568,214,26,2629,104122040,23511,2012-03-16,120,CT,1,0.97
3696273568,214,22,2207,104650040,16355,2012-06-10,22,OZ,1,2.36
3696273568,214,56,5617,104122040,20514,2012-10-27,16,OZ,1,2.53
3696277035,214,72,7203,1031254737,10554,2013-02-02,33.8,OZ,1,5.78
3696277778,214,58,5833,103477939,26663,2012-05-15,80,OZ,1,10.98
3696277778,214,8,817,102400020,4704,2012-06-08,26,OZ,3,2.67
3696286856,206,59,5902,107835474,2675,2013-03-14,16,OZ,1,3.78
3696314797,46,10,1011,104300040,26232,2012-10-19,6.7,OZ,2,3
3696314797,46,5,517,103800030,69260,2013-02-15,10.4,OZ,1,2.5
3696331764,46,36,3638,104125040,11473,2012-11-24,33.8,OZ,1,0.88
3696331764,46,33,3307,102900020,14112,2013-01-02,10,OZ,2,7.58
3696336733,46,5,501,101600010,3331,2013-01-03,11.3,OZ,1,2.5
3696340508,46,14,1404,108464888,19312,2012-03-13,24,OZ,1,4.29
3696340508,46,63,6315,104125040,11473,2012-09-14,32,OZ,1,1.69
3696373294,4,49,4901,101312010,26885,2012-09-07,32,OZ,1,3.67
3696373294,4,58,5831,103927232,26234,2012-09-12,20,OZ,2,3.98
3696373294,4,58,5814,104470040,10837,2013-04-29,4.3,OZ,1,1.67
3696373739,4,60,6011,101800010,14029,2012-12-25,16.3,OZ,2,3.6
3696826844,285,9,902,101410010,45039,2012-10-24,6.6,OZ,1,1.99
3696826844,285,99,9908,1071651979,11085,2012-11-28,8,OZ,1,2.5
3696826844,285,10,1013,103890030,5072,2013-04-10,16,OZ,1,2
3696837096,134,51,5134,104670444,18213,2012-11-16,11,OZ,1,4.49
3696942555,507,95,9519,1074919070,101095,2013-05-30,10,CT,1,4.19
3697005901,507,18,1898,103980030,5782,2012-10-26,24,CT,1,16.16
3697026669,508,15,1504,108523989,11176,2012-03-18,24,OZ,1,3.14
3697026669,508,74,7402,1084105888,16559,2012-08-11,2.75,OZ,1,1.49
3697068022,509,12,1205,108660080,2559,2013-04-13,3.6,OZ,1,1.59
3697071893,510,26,2608,104142646,23664,2012-08-18,48,CT,1,1.6
3697209135,306,14,1411,104113040,6449,2012-05-24,20,OZ,2,3.98
3697209135,306,25,2504,105000050,3001,2012-10-08,5,OZ,5,4.95
3697216540,31,36,3632,102114020,19950,2013-01-16,144,OZ,1,2.2
3697235268,31,56,5610,102100020,9886,2012-11-05,16,OZ,1,6.99
3697235268,31,27,2701,102310020,13705,2013-03-02,13.2,OZ,2,2
3697257715,21,58,5831,107274575,13804,2012-05-02,16,OZ,1,2.21
3697259181,21,33,3304,1089359484,58277,2012-03-30,5,OZ,4,5
3697259181,21,58,5812,1063690666,12339,2013-01-06,48,OZ,1,12.99
3697259447,21,56,5607,104119040,16347,2013-01-15,8,OZ,1,1.24
3697262081,101,97,9753,1023003525,0,2012-03-03,1,CT,1,3.49
3697262081,101,9,901,104400040,8463,2012-05-13,10,OZ,2,6.68
3697262081,101,56,5613,107308070,10955,2012-08-08,32,OZ,1,3.99
3697262081,101,75,7507,107050171,12554,2012-09-29,3,OZ,1,6.99
3697262081,101,9,913,104812141,18322,2012-11-16,13,OZ,1,4.19
3697262081,101,17,1721,104650040,14149,2013-01-29,9.7,OZ,1,3
3697263862,101,37,3703,105100050,2820,2012-06-25,10.75,OZ,2,2.18
3697263862,101,63,6315,1068826767,81691,2013-05-04,128,OZ,1,3.76
3697327471,143,60,6011,101800010,14029,2013-04-09,16.3,OZ,4,7.76
3697327471,143,9,970,101111010,9907,2013-04-09,22,OZ,1,2.69
3697332455,89,0,0,10000,0,2013-04-04,0,,1,0
3697339173,126,59,5907,101111010,9907,2013-02-12,16,OZ,1,0.68
3697344991,151,9,902,104400040,12279,2012-11-12,16,OZ,1,3.09
3697344991,151,5,501,101600010,10797,2013-02-24,11.5,OZ,1,1.99
3697345412,151,36,3611,102259222,13400,2012-12-09,96,OZ,1,2.99
3697352109,63,51,5126,101380010,27474,2012-06-05,11,OZ,1,1.97
3697352109,63,36,3611,101111010,6848,2012-11-29,405.6,OZ,1,2.97
3697352347,63,14,1404,10100010,9907,2012-07-11,25,OZ,1,1.29
3697352347,63,55,5567,107064070,19704,2012-10-10,12,OZ,1,5.99
3697352347,63,32,3203,103377636,16650,2013-04-10,6,OZ,1,3.29
3697366585,191,56,5616,101111010,9907,2012-04-06,6,OZ,2,3.78
3697366585,191,59,5902,104720040,3239,2012-12-02,16,OZ,2,4
3697367753,191,97,9711,104889444,4319,2012-11-11,1,CT,1,34.99
3697370706,215,9,970,103800030,62065,2012-04-24,14,OZ,1,1.99
