221903027,106,22,2201,104460040,3718,2012-11-22,82,OZ,2,5.7
221903027,106,56,5616,102100020,4218,2012-11-22,7,OZ,2,6.98
221903027,106,26,2630,103600030,9787,2012-11-23,184,CT,1,2.29
221903027,106,22,2214,103700030,18371,2012-11-25,7.9,OZ,1,7.99
221903027,106,10,1010,107021676,25877,2012-11-27,22,OZ,1,3.19
221903027,106,63,6309,104850040,18799,2012-11-28,12,OZ,2,3.18
221903027,106,1,106,101500010,7142,2012-12-01,6,OZ,5,5
221903027,106,9,901,104400040,13243,2012-12-01,15.25,OZ,1,4.69
221903027,106,19,1905,105150050,16728,2012-12-02,12,OZ,2,7.08
221903027,106,18,1822,103700030,6236,2012-12-02,27,OZ,1,6.49
221903027,106,16,1604,101254616,17473,2012-12-03,14,CT,2,2.9
221903027,106,57,5710,1089470080,21065,2012-12-04,32,OZ,2,13.98
221903027,106,9,970,103800030,62065,2012-12-08,14.7,OZ,1,3.29
221903027,106,63,6309,104850040,18799,2012-12-08,12,OZ,4,6.36
221903027,106,41,4120,102400020,3988,2012-12-08,6,OZ,6,6
221903027,106,99,9908,103338333,33170,2012-12-09,16,OZ,14,39.4
221903027,106,40,4005,107231070,1841,2012-12-10,0.91,OZ,1,3.79
221903027,106,17,1719,101920010,10882,2012-12-10,19,OZ,1,8.49
221903027,106,25,2506,104410040,8481,2012-12-11,32,OZ,1,5.49
221903027,106,38,3802,104920040,5098,2012-12-11,1,LB,2,3.98
221903027,106,96,9609,1054410050,88199,2012-12-11,0,,2,-2
221903027,106,21,2119,1061300868,867,2012-12-13,67.5,OZ,1,2.49
221903027,106,33,3303,102840020,10241,2012-12-15,10,OZ,2,8.58
221903027,106,7,703,104300040,11339,2012-12-15,8.4,OZ,2,8.98
221903027,106,55,5552,107756777,2347,2012-12-16,48,OZ,2,11.98
221903027,106,58,5810,103390030,9286,2012-12-16,8,OZ,1,2.69
221903027,106,31,3111,105210050,11382,2012-12-16,3.75,OZ,1,3.29
221903027,106,63,6328,102016929,16492,2012-12-17,20,OZ,1,4.19
221903027,106,99,9908,101284212,29220,2012-12-17,16,OZ,1,3.49
221903027,106,44,4405,1067667060,4746,2012-12-17,13.2,OZ,3,20.97
221903027,106,8,838,104174040,7430,2012-12-17,6,OZ,2,3.7
221903027,106,9,901,104400040,13243,2012-12-18,15.35,OZ,4,18.76
221903027,106,15,1504,104114343,17593,2012-12-19,20,OZ,1,4.99
221903027,106,33,3307,101030010,5740,2012-12-19,4.41,OZ,1,4.29
221903027,106,99,9909,107127979,6732,2012-12-20,12,OZ,1,2.5
221903027,106,27,2709,105000050,6775,2012-12-20,2.1,OZ,3,6.27
221903027,106,33,3304,1089359484,58277,2012-12-20,5,OZ,6,13.74
221903027,106,96,9632,107675070,17286,2012-12-21,1,CT,2,30
221903027,106,58,5827,104470040,13310,2012-12-22,12,OZ,1,6.99
221903027,106,39,3903,1076172070,9488,2012-12-23,16,OZ,2,6.58
221903027,106,56,5615,107835474,2675,2012-12-28,8,OZ,1,4.19
221903027,106,37,3703,105100050,2820,2012-12-30,10.5,OZ,5,10.95
221903027,106,58,5832,107274575,13804,2013-01-01,12,OZ,1,4.99
221903027,106,99,9909,107127979,6732,2013-01-02,6.5,OZ,2,7.18
221903027,106,11,1112,102898929,26666,2013-01-03,8,OZ,1,5.99
221903027,106,23,2310,104116444,27731,2013-01-05,16,OZ,2,7.98
221903027,106,24,2401,1075480777,610,2013-01-05,24,OZ,2,5.7
221903027,106,18,1890,107830070,14142,2013-01-05,1,CT,1,4.99
221903027,106,97,9753,1020495929,0,2013-01-06,1,CT,1,4.96
221903027,106,36,3618,104900040,23359,2013-01-07,144,OZ,2,11.98
221903027,106,57,5704,1066437262,27955,2013-01-07,6,OZ,3,4.47
221903027,106,97,9753,1074069575,0,2013-01-07,1,CT,1,4.99
221903027,106,51,5115,101960010,3174,2013-01-08,6.15,OZ,3,7.47
221903027,106,63,6311,102500020,16489,2013-01-09,59,OZ,2,9.38
221903027,106,67,6703,1030813737,9259,2013-01-09,3,OZ,1,2.45
221903027,106,7,707,1078778070,12564,2013-01-11,11,OZ,1,6.99
221903027,106,39,3903,1076172070,9488,2013-01-14,16,OZ,1,3.69
221903027,106,33,3315,1065585262,1074,2013-01-15,1.35,OZ,1,1
221903027,106,19,1908,104530040,13915,2013-01-17,16.3,OZ,1,4.49
221903027,106,92,9204,109698696,4442,2013-01-17,6,OZ,1,2.99
221903027,106,4,416,103400030,9739,2013-01-19,1.5,OZ,1,1
221903027,106,56,5620,107717272,102504,2013-01-19,7,OZ,1,3.99
221903027,106,17,1709,101920010,10882,2013-01-20,24,OZ,1,3.09
221903027,106,99,9909,107127979,6732,2013-01-21,6.5,OZ,1,3.59
221903027,106,63,6319,1082415080,22328,2013-01-21,16,OZ,3,6
221903027,106,70,7002,1030813737,25162,2013-01-21,25,CT,1,3.29
221903027,106,55,5552,107064070,2014,2013-01-22,56,OZ,1,5.49
221903027,106,1,106,101500010,29555,2013-01-23,7.1,OZ,1,2.95
221903027,106,56,5610,1075480777,610,2013-01-25,8,OZ,1,3.99
221903027,106,45,4517,1070463979,2468,2013-01-28,32,OZ,1,11.99
221903027,106,26,2609,1075480777,610,2013-02-01,40,CT,1,3.69
221903027,106,7,703,104300040,11339,2013-02-01,7.6,OZ,4,17.96
221903027,106,54,5402,101960010,1058,2013-02-01,14.5,OZ,1,3.59
221903027,106,9,903,104138747,60,2013-02-02,13,OZ,1,2.55
221903027,106,6,610,1061126969,15041,2013-02-02,12,OZ,2,5.98
221903027,106,29,2928,101530010,58299,2013-02-04,6.9,OZ,4,7.8
221903027,106,40,4004,107017777,18928,2013-02-04,1.23,OZ,1,3.49
221903027,106,2,202,105150050,14029,2013-02-06,19.5,OZ,1,2.75
221903027,106,99,9909,107127979,6732,2013-02-07,13.9,OZ,1,3.99
221903027,106,57,5710,103663232,4568,2013-02-08,21.2,OZ,1,3.99
221903027,106,28,2806,10930090,12157,2013-02-08,16,OZ,1,3.59
221903027,106,19,1908,102900020,14112,2013-02-09,15,OZ,2,8.98
221903027,106,35,3509,1075480777,610,2013-02-15,50,OZ,1,2.99
221903027,106,37,3704,104133141,7531,2013-02-18,2.82,OZ,1,1.35
221903027,106,55,5567,107064070,2014,2013-02-19,22.5,OZ,1,6.99
221903027,106,57,5706,103000030,12172,2013-02-19,5.3,OZ,2,2.98
221903027,106,41,4107,102400020,4704,2013-02-22,14.5,OZ,2,3.58
221903027,106,9,907,101410010,13791,2013-02-22,14.5,OZ,1,3.49
221903027,106,97,9753,1085788989,0,2013-02-23,1,CT,2,5.98
221903027,106,17,1703,104650040,14149,2013-02-23,9.7,OZ,1,5.99
221903027,106,28,2803,10930090,12157,2013-02-24,16,OZ,1,2.85
221903027,106,5,501,103800030,11732,2013-02-24,18,OZ,1,4.49
221903027,106,27,2702,101780010,5056,2013-02-25,18.5,LB,1,16.49
221903027,106,9,902,103800030,17050,2013-02-26,4,OZ,2,8.98
221903027,106,21,2108,1075480777,610,2013-02-27,64,OZ,2,4.78
221903027,106,9,904,1078735979,6734,2013-02-28,5,OZ,1,2.49
221903027,106,55,5558,104100040,7459,2013-02-28,18,OZ,1,5.49
221903027,106,26,2633,1075480777,610,2013-03-01,1,RL,1,0.67
221903027,106,63,6328,107111777,15194,2013-03-02,14,OZ,1,4.99
221903027,106,63,6313,107074070,2739,2013-03-05,12,OZ,3,17.97
221903027,106,55,5567,104154848,5603,2013-03-06,5.8,OZ,1,1.55
221903027,106,17,1703,101980010,19934,2013-03-08,26,OZ,1,4.69
221903027,106,59,5902,1075480777,610,2013-03-08,16,OZ,2,6.78
221903027,106,10,1011,107349171,9883,2013-03-09,24,OZ,2,9.58
221903027,106,56,5609,107148171,6765,2013-03-10,5,OZ,1,1.55
221903027,106,36,3635,104150848,27294,2013-03-11,33.8,OZ,2,3.98
221903027,106,12,1203,1082969686,19875,2013-03-11,4.37,OZ,1,2.95
221903027,106,55,5563,1074447373,16798,2013-03-12,16,OZ,2,11.98
221903027,106,5,501,103800030,6790,2013-03-13,12.2,OZ,1,4.49
221903027,106,60,6001,105000050,30272,2013-03-13,36,OZ,2,12.98
221903027,106,36,3612,107572070,14196,2013-03-15,320,OZ,3,9.57
221903027,106,40,4004,107017777,18928,2013-03-16,1.41,OZ,2,6.98
221903027,106,18,1827,103700030,6236,2013-03-17,9.7,OZ,1,5.49
221903027,106,33,3311,103000030,14760,2013-03-20,3.5,OZ,2,4.58
221903027,106,29,2925,107440171,66788,2013-03-21,32,OZ,1,8.99
221903027,106,36,3618,104900040,23359,2013-03-23,101.4,OZ,4,15.96
221903027,106,63,6315,107060070,29609,2013-03-23,128,OZ,14,64.26
221903027,106,31,3111,1078735979,6734,2013-03-24,4,OZ,2,4.98
221903027,106,33,3318,104178040,19154,2013-03-24,16,OZ,1,3.49
221903027,106,97,9753,1063204565,0,2013-03-24,1,CT,1,3.99
221903027,106,21,2113,102500020,11749,2013-03-26,67.5,OZ,1,3.99
221903027,106,58,5826,107187171,13310,2013-03-27,12,OZ,1,3.49
221903027,106,26,2609,103770030,85043,2013-03-30,40,CT,1,2.99
221903027,106,33,3312,103800030,14494,2013-03-31,5.96,OZ,1,1.89
221903027,106,17,1726,104460040,3718,2013-04-01,105,CT,1,9.49
221903027,106,1,105,1030008737,5794,2013-04-02,21.5,OZ,2,59.98
221903027,106,5,502,101600010,86101,2013-04-02,5,OZ,2,6.98
221903027,106,35,3506,103700030,3068,2013-04-02,10.2,OZ,1,6.99
221903027,106,15,1506,107102272,11145,2013-04-07,5,OZ,1,3.49
221903027,106,33,3318,107349070,107971,2013-04-07,5,OZ,2,2.98
221903027,106,63,6320,1071514171,25530,2013-04-07,12,CT,9,36.81
221903027,106,0,0,10000,0,2013-04-07,0,,2,12.49
221903027,106,29,2927,107225171,12502,2013-04-08,4.7,OZ,1,3.59
221903027,106,63,6305,104850040,18799,2013-04-08,59,OZ,12,47.88
221903027,106,33,3303,104126242,19971,2013-04-08,7,OZ,1,2
221903027,106,9,907,107341070,888,2013-04-08,20,OZ,3,12.57
221903027,106,27,2705,107910070,85,2013-04-08,22,OZ,4,7.56
221903027,106,56,5613,107403070,16922,2013-04-09,15,OZ,1,4.79
221903027,106,21,2119,1061300868,867,2013-04-10,64,OZ,2,5.18
221903027,106,10,1010,107116979,1756,2013-04-10,9,OZ,1,5.99
221903027,106,5,501,1072297474,21429,2013-04-10,12,OZ,1,3.99
221903027,106,72,7205,103320030,875,2013-04-11,6,OZ,1,4.19
221903027,106,41,4107,1075480777,610,2013-04-13,15.25,OZ,1,1.35
221903027,106,64,6401,108066080,4098,2013-04-13,72,OZ,2,18.98
221903027,106,58,5815,103760030,8501,2013-04-15,7,OZ,3,16.47
221903027,106,9,912,104812141,18322,2013-04-15,20,OZ,1,4.69
221903027,106,18,1850,102120020,16044,2013-04-16,1,CT,1,1.49
221903027,106,9,917,107373171,11786,2013-04-17,11.87,OZ,1,2.89
221903027,106,18,1813,105114151,16044,2013-04-17,2,RL,1,1.99
221903027,106,11,1111,1063748060,1011,2013-04-19,7,OZ,2,17.98
221903027,106,97,9748,107283878,14030,2013-04-20,2,CT,1,3.99
221903027,106,9,902,101410010,45039,2013-04-22,6.6,OZ,2,4.98
221903027,106,29,2914,1075480777,610,2013-04-23,2.05,OZ,1,1.29
221903027,106,56,5613,107104070,76668,2013-04-25,16,OZ,1,5.49
221903027,106,57,5707,107047070,20230,2013-04-26,16,OZ,3,8.07
221903027,106,36,3636,104300040,4371,2013-04-26,192,OZ,2,7.98
221903027,106,72,7214,101254616,18738,2013-04-26,16,CT,1,1.45
221903027,106,63,6315,107045272,6176,2013-04-26,64,OZ,2,9.38
221903027,106,9,907,1075480777,610,2013-04-27,20,OZ,2,3.18
221903027,106,63,6399,107433878,15669,2013-04-29,32,OZ,1,3.99
221903027,106,58,5814,104470040,10837,2013-05-02,3.1,OZ,2,3.98
221903027,106,51,5125,102580020,16668,2013-05-02,9,OZ,3,9.27
221903027,106,4,421,107046272,16934,2013-05-04,14,OZ,2,6.78
221903027,106,30,3010,104133545,43106,2013-05-04,9,OZ,1,2.85
221903027,106,16,1604,101254616,17473,2013-05-05,42,CT,3,11.97
221903027,106,9,907,101410010,13791,2013-05-05,24,OZ,5,20.25
221903027,106,63,6321,102540020,1008,2013-05-07,7,OZ,1,2.49
221903027,106,33,3318,1075480777,610,2013-05-08,24,OZ,1,4.99
221903027,106,36,3635,1075480777,610,2013-05-13,67.6,OZ,6,6.3
221903027,106,75,7504,104110040,4059,2013-05-13,6,OZ,1,12.99
221903027,106,9,907,107341070,888,2013-05-13,12,OZ,3,12.57
221903027,106,25,2507,107235070,68047,2013-05-15,19.5,OZ,8,8
221903027,106,51,5124,107960676,18410,2013-05-16,4,OZ,6,4
221903027,106,59,5907,102740020,16291,2013-05-18,45,OZ,1,3.99
221903027,106,9,915,107341070,888,2013-05-19,11.75,OZ,1,4.19
221903027,106,5,501,103800030,9891,2013-05-20,11.4,OZ,1,4.19
221903027,106,18,1828,102340020,15181,2013-05-21,7.5,OZ,2,3.7
221903027,106,26,2633,105400050,16048,2013-05-22,20,RL,1,17.99
221903027,106,97,9748,104154040,26982,2013-05-22,4,CT,1,4.49
221903027,106,28,2803,103150030,25139,2013-05-22,10,OZ,1,2.19
221903027,106,10,1011,102400020,4704,2013-05-23,7,OZ,1,1.67
221903027,106,63,6320,107062575,23583,2013-05-23,12,CT,2,7.28
221903027,106,28,2806,105410050,19509,2013-05-30,24,OZ,1,3.29
221903027,106,16,1604,101254616,18738,2013-06-01,42,CT,1,4.49
221903027,106,91,9122,108200080,2911,2013-06-01,10,OZ,1,2.5
221903027,106,29,2914,102100020,9886,2013-06-02,5.5,OZ,2,3.98
221903027,106,18,1831,105210050,2732,2013-06-02,24,CT,1,0.99
221903027,106,63,6319,102073525,18893,2013-06-03,128,OZ,2,7.98
221908904,106,4,412,101900010,10421,2012-08-27,6.25,OZ,1,2.65
221922621,108,55,5557,107756777,11005,2013-02-08,10.14,OZ,3,14.97
221977735,116,17,1703,105460050,6141,2012-09-22,32,OZ,1,3.49
221997525,108,9,907,107153575,10363,2012-03-18,16,OZ,1,3.69
222009842,108,34,3411,1079285070,2593,2012-08-25,8,OZ,1,13.99
222009842,108,99,9908,107878373,26033,2013-02-01,12,OZ,2,5.98
222012899,106,11,1112,102898929,26666,2013-02-15,10.5,OZ,1,5.49
222026710,108,99,9904,103338333,33170,2012-04-01,64,OZ,1,4.99
222026710,108,63,6305,101630010,6509,2012-04-30,59,OZ,1,4.19
222027586,106,31,3101,105210050,11382,2012-03-02,2.12,OZ,1,4.49
222027586,106,26,2614,103700030,514,2012-03-04,40,CT,1,4.19
222027586,106,5,501,103000030,58434,2012-03-06,14,OZ,3,12.87
222027586,106,56,5613,1075480777,610,2012-03-06,48,OZ,1,6.99
222027586,106,63,6317,104157040,2017,2012-03-08,96,OZ,1,5.99
222027586,106,3,303,107116979,1756,2012-03-08,6.4,OZ,1,6.49
222027586,106,26,2622,1075480777,610,2012-03-08,150,CT,0,0
222027586,106,99,9909,1071648878,29069,2012-03-09,8,OZ,1,3.99
222027586,106,18,1831,107089676,19921,2012-03-10,18,CT,1,1.49
222027586,106,18,1819,103160030,9772,2012-03-13,2.5,OZ,1,4.99
222027586,106,21,2108,101480010,12021,2012-03-20,64,OZ,1,3.69
222027586,106,26,2634,104200040,14813,2012-03-21,12,RL,1,10.49
222027586,106,26,2634,103600030,4139,2012-03-22,6,RL,1,6.99
222027586,106,9,903,104138747,60,2012-03-24,24,OZ,1,3.29
222027586,106,99,9904,105410757,33170,2012-03-24,80,OZ,1,7.99
222027586,106,58,5837,107187171,13310,2012-03-25,11.5,OZ,1,3.49
222027586,106,9,908,104500040,8511,2012-03-27,8,OZ,1,4.29
222027586,106,9,907,107341070,888,2012-03-28,16,OZ,2,6.98
222027586,106,5,516,101600010,12426,2012-03-29,7.1,OZ,1,4.19
222027586,106,55,5552,107064070,2014,2012-04-01,56,OZ,1,5.49
222027586,106,8,811,104112949,3635,2012-04-01,24,OZ,2,6.38
222027586,106,55,5558,107585676,9798,2012-04-02,27,OZ,1,5.99
222027586,106,33,3302,107615070,194,2012-04-06,8.25,OZ,3,9.87
222027586,106,8,818,107294070,18909,2012-04-07,24,OZ,2,5.7
222027586,106,63,6311,104850040,18799,2012-04-08,59,OZ,1,4.49
222027586,106,97,9712,106025868,2393,2012-04-08,1,CT,1,14.99
222027586,106,58,5823,104470040,13310,2012-04-08,16,OZ,1,4.79
222027586,106,57,5710,1089470080,21065,2012-04-10,5.3,OZ,13,21.97
222027586,106,3,305,103320030,875,2012-04-10,16,OZ,1,1.19
222027586,106,2,214,1075480777,610,2012-04-11,32,OZ,1,2.59
222027586,106,36,3618,101200010,23361,2012-04-12,144,OZ,3,18.87
222027586,106,17,1703,104129444,14048,2012-04-13,48,OZ,1,4.99
222027586,106,23,2301,107680878,1393,2012-04-13,16,OZ,1,1.65
222027586,106,9,902,104400040,15335,2012-04-14,12.73,OZ,1,4.19
222027586,106,63,6315,1075480777,610,2012-04-15,128,OZ,2,7.98
222027586,106,63,6330,107060070,29609,2012-04-15,8,OZ,2,4.38
222027586,106,26,2606,1075480777,610,2012-04-17,200,CT,1,1.89
222027586,106,9,902,105431555,1685,2012-04-20,10,OZ,8,12.72
222027586,106,51,5129,101450010,20864,2012-04-21,10,OZ,1,2.69
222027586,106,36,3632,108908787,86570,2012-04-26,67.6,OZ,1,1.79
222027586,106,99,9908,103338333,33170,2012-04-27,16,OZ,8,19.52
222027586,106,26,2633,103040030,683,2012-04-28,12,RL,1,10.49
222027586,106,9,918,107351070,17346,2012-04-28,9,OZ,1,3.59
222027586,106,63,6311,101405414,12973,2012-04-28,64,OZ,2,14.98
222027586,106,51,5131,103879434,3166,2012-04-28,10,OZ,1,4.99
222027586,106,21,2106,1065762262,26129,2012-04-30,16.9,OZ,1,1.49
222027586,106,23,2301,107680878,1393,2012-05-01,12,OZ,1,1.65
222027586,106,51,5125,107265575,8089,2012-05-01,10,OZ,2,7.98
222027586,106,33,3302,107615070,194,2012-05-11,8.25,OZ,2,6.58
222027586,106,55,5567,107064070,19704,2012-05-14,18,OZ,1,5.99
222027586,106,31,3108,101360010,4916,2012-05-14,22,OZ,1,1
222027586,106,97,9753,1020105020,0,2012-05-18,1,CT,1,3.59
222027586,106,9,908,1089963282,19704,2012-05-20,7.6,OZ,1,3.99
222027586,106,56,5620,102756828,18794,2012-05-24,8,OZ,1,3.79
222027586,106,30,3009,102100020,9886,2012-05-24,16,OZ,2,8.98
222027586,106,33,3305,102840020,18584,2012-05-25,9.75,OZ,1,3.99
222027586,106,63,6312,102500020,16487,2012-05-25,59,OZ,1,3.49
222027586,106,51,5125,107265575,8089,2012-05-27,8.5,OZ,1,2.5
222027586,106,9,907,104500040,12473,2012-05-27,24,OZ,1,4.49
222027586,106,51,5125,102580020,16668,2012-05-28,8.5,OZ,1,3.79
222027586,106,55,5558,107255474,35506,2012-05-30,18.1,OZ,2,10.98
222027586,106,5,501,1088491282,13689,2012-05-30,15,OZ,1,4.69
222027586,106,5,501,1075480777,610,2012-05-31,17,OZ,1,3.79
222027586,106,49,4904,104330141,12339,2012-06-02,16,OZ,1,4.79
222027586,106,8,803,106414464,7770,2012-06-02,12,OZ,2,4.5
222027586,106,21,2119,101200010,10522,2012-06-02,128,OZ,2,6.68
222027586,106,24,2415,103760030,11238,2012-06-03,15,OZ,1,2.93
222027586,106,29,2914,102100020,9886,2012-06-04,7.25,OZ,2,3.98
222027586,106,63,6399,107756171,55208,2012-06-04,16,OZ,1,2.29
222027586,106,33,3314,103000030,14760,2012-06-04,3,OZ,1,2.99
222027586,106,8,805,104411545,3167,2012-06-05,16,OZ,1,6.49
222027586,106,32,3204,1070695070,20990,2012-06-05,101,OZ,4,63.96
222027586,106,15,1506,105527050,7543,2012-06-05,3,OZ,1,1.29
222027586,106,9,901,104400040,13243,2012-06-07,15.5,OZ,5,23.45
222027586,106,9,904,109830494,3318,2012-06-07,5,OZ,1,1.99
222027586,106,51,5115,101960010,3174,2012-06-09,5.22,OZ,1,2.99
222027586,106,36,3630,107800070,23561,2012-06-09,67.6,OZ,1,1.89
222027586,106,29,2914,102100020,19279,2012-06-09,12,OZ,2,8.58
222027586,106,12,1207,108660080,2559,2012-06-09,5,OZ,6,16.5
222027586,106,97,9753,10000,0,2012-06-12,1,CT,3,0.76
222027586,106,9,907,104500040,20016,2012-06-14,16,OZ,1,2.99
222027586,106,36,3635,107252171,19411,2012-06-15,33.8,OZ,1,1.09
222027586,106,4,416,103400030,8247,2012-06-15,1.55,OZ,1,0.99
222027586,106,58,5828,103390030,9286,2012-06-15,7,OZ,2,5.38
222027586,106,56,5611,104400040,5518,2012-06-16,8,OZ,1,5.99
222027586,106,0,0,10000,0,2012-06-17,0,,3,6.2
222027586,106,33,3303,104178040,19154,2012-06-19,8,OZ,1,3.79
222027586,106,5,501,1088491282,8459,2012-06-20,17,OZ,1,4.49
222027586,106,99,9908,103338333,33170,2012-06-20,16,OZ,4,10.96
222027586,106,51,5129,103620030,1698,2012-06-20,24,OZ,4,41.96
222027586,106,36,3632,107800070,8019,2012-06-23,67.6,OZ,2,3.78
222027586,106,26,2633,105400050,16048,2012-06-24,1,RL,6,8.1
222027586,106,99,9909,107127979,6732,2012-06-25,13.9,OZ,1,2.99
222027586,106,28,2805,104133141,7531,2012-06-25,8,OZ,1,2.45
222027586,106,5,501,101600010,3331,2012-06-25,18,OZ,1,5.49
222027586,106,75,7504,104110040,4059,2012-07-01,8,OZ,1,10.99
222027586,106,36,3618,104900040,23359,2012-07-03,144,OZ,12,71.88
222027586,106,55,5555,107684070,32094,2012-07-03,16,OZ,2,11.98
222027586,106,29,2927,107225171,12502,2012-07-04,5.7,OZ,1,3.09
222027586,106,33,3304,1089359484,58277,2012-07-07,5,OZ,2,4.58
222027586,106,36,3632,102500020,11749,2012-07-08,144,OZ,3,17.97
222027586,106,71,7113,108087888,13505,2012-07-08,25.4,OZ,2,15.98
222027586,106,5,516,101600010,12426,2012-07-13,8.9,OZ,1,4.69
222027586,106,36,3635,1075480777,610,2012-07-13,33.8,OZ,5,4.46
222027586,106,4,417,103400030,15113,2012-07-13,2.8,OZ,1,1.39
222027586,106,33,3308,102840020,3336,2012-07-16,2.38,OZ,1,1.09
222027586,106,99,9909,107127979,6732,2012-07-23,9.8,OZ,1,3
222027586,106,9,922,1089963282,19704,2012-07-24,5.3,OZ,1,3.99
222027586,106,36,3632,107800070,17635,2012-07-28,144,OZ,1,5.49
222027586,106,73,7309,1031284333,13972,2012-07-30,12,OZ,1,6.99
222027586,106,4,418,104000040,26517,2012-08-01,8,OZ,1,3.49
222027586,106,5,501,107062575,23583,2012-08-03,14,OZ,1,4.69
222027586,106,26,2628,103700030,2248,2012-08-05,8,RL,11,186.89
222027586,106,2,201,105150050,14029,2012-08-10,22,OZ,1,2.99
222027586,106,26,2613,103600030,8583,2012-08-10,42,CT,2,47.98
222027586,106,9,918,107351070,17346,2012-08-15,8,OZ,1,3.59
222027586,106,55,5555,107684070,32094,2012-08-17,16,OZ,5,29.95
222027586,106,41,4108,107062575,29352,2012-08-18,15,OZ,1,1
222027586,106,9,901,107203070,5812,2012-08-18,12,OZ,2,7.98
222027586,106,99,9908,103338333,287,2012-08-23,80,OZ,1,3.99
222027586,106,26,2609,1075480777,610,2012-08-23,15,CT,0,0
222027586,106,5,501,103000030,45635,2012-08-25,18,OZ,1,4.99
222027586,106,33,3301,107781777,1235,2012-08-27,3.5,OZ,1,1
222027586,106,56,5617,102100020,9886,2012-08-27,12,OZ,7,23.03
222027586,106,4,421,1075480777,610,2012-08-29,10,OZ,2,2
222027586,106,31,3101,1075480777,610,2012-09-02,2,OZ,1,2.65
222027586,106,58,5831,107274575,13804,2012-09-08,16,OZ,3,11.37
222027586,106,5,501,101862717,9496,2012-09-08,10.5,OZ,1,3.59
222027586,106,2,211,1081075787,15976,2012-09-08,19,OZ,2,14.98
222027586,106,33,3302,103377636,16650,2012-09-09,12,OZ,1,4.09
222027586,106,26,2633,105400050,16048,2012-09-10,1,RL,1,1.35
222027586,106,31,3101,103384434,1257,2012-09-11,1.75,OZ,1,2.85
222027586,106,58,5813,107187171,13310,2012-09-12,16,OZ,4,12.76
222027586,106,99,9909,107127979,6732,2012-09-13,16,OZ,2,7.98
222027586,106,3,311,101600010,1756,2012-09-14,12,OZ,1,2.39
222027586,106,36,3632,107800070,17635,2012-09-14,67.6,OZ,1,1.89
222027586,106,26,2633,103700030,3293,2012-09-14,12,RL,2,16.98
222027586,106,18,1890,105209252,43069,2012-09-14,2,CT,2,7.98
222027586,106,99,9908,107266878,52135,2012-09-15,18,OZ,1,3.69
222027586,106,41,4120,102400020,3988,2012-09-15,12,OZ,1,2.15
222027586,106,49,4901,101312010,26885,2012-09-15,22,OZ,2,9.98
222027586,106,33,3307,102900020,14112,2012-09-16,8.25,OZ,1,8.99
222027586,106,63,6305,104850040,18799,2012-09-16,59,OZ,8,35.92
222027586,106,16,1604,101254616,18738,2012-09-20,18,CT,1,1.45
222027586,106,1,104,101500010,29555,2012-09-23,4.23,OZ,2,3.7
222027586,106,97,9753,1021165323,0,2012-09-23,1,CT,2,21
222027586,106,21,2117,108768484,2903,2012-09-23,60,OZ,7,20.43
222027586,106,82,8201,1071648878,610,2012-09-29,1,CT,1,6.99
222027586,106,55,5567,107064070,19704,2012-09-30,16,OZ,1,6.99
222027586,106,31,3101,103384434,1257,2012-09-30,24,OZ,1,7.49
222027586,106,15,1506,103120030,12957,2012-09-30,10,OZ,1,5.49
222027586,106,56,5613,107104070,76668,2012-10-06,16,OZ,17,118.83
222027586,106,29,2907,102840020,17938,2012-10-08,4.5,OZ,1,1.99
222027586,106,59,5902,1075480777,610,2012-10-09,8,OZ,1,1.89
222027586,106,99,9909,107774575,14997,2012-10-09,7.25,OZ,1,3.99
222027586,106,9,907,102883323,29013,2012-10-10,24,OZ,1,5.39
222027586,106,36,3601,101200010,13794,2012-10-12,67.6,OZ,7,13.23
222027586,106,37,3705,105100050,2820,2012-10-14,18.6,OZ,1,3.29
222027586,106,53,5307,1075480777,610,2012-10-14,16,OZ,8,17.78
222027586,106,9,905,1075480777,610,2012-10-16,6,OZ,2,4.38
222027586,106,42,4230,104124040,28808,2012-10-17,8,OZ,1,3.99
222027586,106,38,3801,104920040,5098,2012-10-18,4,LB,2,7.58
222027586,106,21,2113,107630171,755,2012-10-19,33.84,OZ,1,3.69
222027586,106,54,5401,103800030,5618,2012-10-20,9.8,OZ,2,7.98
222027586,106,36,3601,101200010,13794,2012-10-21,67.6,OZ,3,5.67
222027586,106,5,501,101600010,4009,2012-10-22,11.25,OZ,2,9.38
222027586,106,51,5134,104369545,8522,2012-10-26,25,OZ,1,9.99
222027586,106,8,810,104139040,9659,2012-10-26,1,OZ,5,6.25
222027586,106,36,3604,107800070,16023,2012-10-27,60,OZ,1,4.49
222027586,106,44,4404,107045979,12587,2012-10-27,11.25,OZ,1,4.79
222027586,106,67,6708,104852646,43139,2012-10-27,1,CT,1,5.99
222027586,106,73,7302,1030057333,250,2012-10-27,24,CT,1,4.69
222027586,106,9,902,103010030,3744,2012-10-29,16,OZ,1,4.69
222027586,106,9,907,107167373,17480,2012-11-10,24,OZ,1,3.99
222027586,106,8,811,104112949,3635,2012-11-12,8.1,OZ,1,3.79
222027586,106,41,4121,102700020,8612,2012-11-17,29,OZ,1,2.45
222027586,106,58,5824,102532525,54228,2012-11-19,48,OZ,2,14.98
222027586,106,21,2112,103890030,5072,2012-11-19,46,OZ,1,3.49
222027586,106,31,3101,105210050,11382,2012-11-20,0.62,OZ,2,11.58
222027586,106,56,5610,104127848,1610,2012-11-21,8,OZ,1,3.99
222027586,106,36,3635,107478070,13856,2012-11-23,33.8,OZ,3,6.75
222027586,106,63,6323,104138343,10091,2012-11-26,64,OZ,1,5.49
222027586,106,9,907,107432373,1866,2012-11-29,20,OZ,3,6.57
222027586,106,12,1207,107571777,15284,2012-11-29,6.5,OZ,2,3.7
222027586,106,5,501,103800030,758,2012-11-30,12.2,OZ,1,4.99
222027586,106,14,1416,102400020,4704,2012-12-03,15.25,OZ,4,11.16
222027586,106,30,3010,1075480777,610,2012-12-08,16,OZ,1,2.59
222027586,106,12,1206,108660080,2559,2012-12-08,5,OZ,3,9.57
222027586,106,33,3307,101411313,23033,2012-12-10,8,OZ,2,11.98
222027586,106,37,3704,103360030,8209,2012-12-15,1.2,OZ,1,2.39
222027586,106,56,5613,107104070,76668,2012-12-17,15,OZ,2,8.58
222027586,106,53,5307,101450010,20864,2012-12-18,16,OZ,1,2.09
222027586,106,64,6408,101998818,37858,2012-12-21,0.75,LT,3,19.47
222027586,106,44,4402,103210030,15878,2012-12-23,37,OZ,2,18.98
222027586,106,40,4005,107765272,17309,2012-12-26,1,OZ,1,3.99
222027586,106,55,5567,107585676,9798,2012-12-26,24,OZ,3,17.97
222027586,106,58,5834,102718222,18969,2012-12-27,17,OZ,1,6.99
222027586,106,21,2119,101200010,10522,2012-12-27,18.5,OZ,2,2.98
222027586,106,2,201,1064420969,5345,2012-12-28,18.25,OZ,1,1.99
222027586,106,25,2507,104164242,2199,2012-12-29,32,OZ,1,4.99
222027586,106,9,918,101410010,13791,2012-12-30,6.75,OZ,1,3.49
222027586,106,97,9732,107565676,26223,2012-12-31,1,CT,1,2.49
222027586,106,17,1709,101920010,10882,2013-01-03,24,OZ,3,9.27
222027586,106,21,2110,1075480777,610,2013-01-04,64,OZ,1,3.79
222027586,106,35,3504,103700030,4628,2013-01-05,20,OZ,3,13.47
222027586,106,97,9753,107357474,0,2013-01-08,1,CT,1,3.99
222027586,106,9,912,104812141,18322,2013-01-08,20,OZ,1,4.69
222027586,106,8,803,1075480777,610,2013-01-08,12,OZ,1,2.65
222027586,106,5,501,101600010,3331,2013-01-12,13.1,OZ,1,5.49
222027586,106,58,5812,1063690666,12339,2013-01-12,12,OZ,1,5.99
222027586,106,55,5552,104154848,5603,2013-01-13,48,OZ,1,5.69
222027586,106,9,908,107203070,5812,2013-01-14,15.5,OZ,2,10.58
222027586,106,36,3604,107297979,16095,2013-01-16,240,OZ,1,6.99
222027586,106,14,1415,1075480777,610,2013-01-16,15,OZ,1,2.09
222027586,106,34,3411,101111111,5168,2013-01-20,13.5,OZ,1,6.99
222027586,106,8,805,1075480777,610,2013-01-21,10,OZ,1,3.19
222027586,106,8,821,104139040,9659,2013-01-25,15,OZ,1,3.79
222027586,106,17,1704,1075480777,610,2013-01-25,32,OZ,1,2.49
222027586,106,8,818,103620030,14868,2013-01-26,45,OZ,1,3.99
222027586,106,79,7901,107140777,44673,2013-01-28,1,CT,1,3.99
222027586,106,21,2105,105200050,7054,2013-01-29,160,OZ,4,35.96
222027586,106,26,2613,1075480777,610,2013-01-31,31,CT,1,8.49
222027586,106,36,3618,104900040,23359,2013-02-01,101.4,OZ,1,3.99
222027586,106,79,7901,107224676,20014,2013-02-01,1,CT,1,1.79
222027586,106,9,922,1077482676,94010,2013-02-01,10.5,OZ,1,3.99
222027586,106,99,9908,1070935171,5534,2013-02-02,12,OZ,7,20.93
222027586,106,9,901,104400040,13243,2013-02-03,8,OZ,3,9.57
222027586,106,33,3303,104126242,19971,2013-02-05,7,OZ,2,4
222027586,106,20,2002,105100050,27873,2013-02-07,33,OZ,1,4.49
222027586,106,9,901,104400040,13243,2013-02-08,15.25,OZ,2,9.38
222027586,106,36,3604,107800070,2829,2013-02-08,67.6,OZ,3,5.67
222027586,106,4,416,103400030,15113,2013-02-14,1.5,OZ,1,1.05
222027586,106,99,9908,103260131,5489,2013-02-16,16,OZ,2,3.78
222027586,106,37,3706,104227242,648,2013-02-17,14.5,OZ,4,18.06
222027586,106,9,907,107133070,25887,2013-02-24,20,OZ,1,3.99
222027586,106,36,3601,101200010,13794,2013-02-26,67.6,OZ,1,1.89
222027586,106,10,1013,103890030,5072,2013-03-02,16,OZ,1,2.79
222027586,106,55,5559,107756777,14286,2013-03-02,29.7,OZ,1,6.49
222027586,106,41,4107,1075480777,610,2013-03-03,15.25,OZ,2,2.58
222027586,106,29,2930,103760030,72948,2013-03-04,9,OZ,1,3.99
222027586,106,58,5826,1075480777,610,2013-03-05,12,OZ,1,2.79
222027586,106,33,3308,1075480777,610,2013-03-07,18,OZ,0,0
222027586,106,1,103,105220050,1569,2013-03-08,8,OZ,3,7.65
222027586,106,29,2925,105480050,19039,2013-03-10,32,OZ,2,9.98
222027586,106,21,2112,1089899989,19445,2013-03-12,16.9,OZ,2,5.98
222027586,106,9,970,103800030,62065,2013-03-14,22,OZ,1,4.29
222027586,106,33,3302,102700020,57417,2013-03-16,8.7,OZ,1,4.49
222027586,106,45,4509,1074616777,22809,2013-03-16,32,OZ,2,25.96
222027586,106,99,9909,107127979,6732,2013-03-16,4.5,OZ,1,2.5
222027586,106,58,5814,104470040,10837,2013-03-20,10.7,OZ,2,6.58
222027586,106,10,1011,104300040,26232,2013-03-20,12.5,OZ,3,10.17
222027586,106,69,6901,108644989,4361,2013-03-20,2.25,OZ,1,4.29
222027586,106,18,1831,105210050,2732,2013-03-22,1,CT,1,1.49
222027586,106,21,2119,101200010,10522,2013-03-24,67.6,OZ,1,1.89
222028043,106,9,907,107167373,17480,2012-08-13,22,OZ,1,3.99
222028466,106,5,517,103800030,17050,2012-08-20,4.4,OZ,1,3.79
222033373,108,57,5710,1068954464,6086,2013-01-02,5.3,OZ,4,7.16
222042566,106,72,7205,105310050,804,2012-08-22,5.6,OZ,1,3.59
222042566,106,71,7113,1060308464,7034,2012-08-29,13,OZ,2,9.38
222064079,106,63,6320,108190585,60072,2012-10-21,6,CT,1,1.29
222064079,106,44,4402,102113121,11151,2013-03-09,6,OZ,1,2.79
222065184,108,29,2926,1075480777,610,2012-05-11,160,OZ,1,6.99
222090131,106,9,902,101410010,45039,2013-05-27,9,OZ,1,5.49
222090131,106,36,3632,101480010,8019,2013-06-04,128,OZ,1,2.79
222090839,108,33,3303,104126242,19971,2013-06-15,6.75,OZ,1,2
222094154,108,63,6315,107205070,31277,2012-05-28,64,OZ,1,3.29
222094154,108,22,2207,1075703777,13386,2012-07-22,45,OZ,1,7.49
222094154,108,21,2119,101200010,10522,2012-10-14,128,OZ,2,6.98
222094284,108,5,501,103800030,6790,2012-05-30,12.2,OZ,2,9.38
222094284,108,99,9908,103338333,33170,2012-09-09,80,OZ,1,3.99
222094284,108,53,5305,102000020,7655,2012-10-10,10,OZ,3,8.07
222100483,116,20,2002,105100050,2820,2012-08-07,64,OZ,1,4.99
222100483,116,27,2704,107910070,16761,2012-10-07,10,OZ,1,3.29
222100483,116,27,2704,107910070,16761,2012-10-21,12,OZ,2,6.58
222100483,116,9,907,107101070,15998,2013-07-02,20,OZ,1,3.39
222147397,106,9,901,102750020,837,2013-03-06,9.25,OZ,1,3.99
222147397,106,11,1110,108201181,12197,2013-04-14,9,OZ,1,3.79
222158259,106,97,9753,1023500121,0,2012-11-14,1,CT,-3,-0.35
222162926,108,57,5710,1089470080,21065,2012-12-22,5.3,OZ,3,4.05
222166677,108,63,6315,1074236575,8499,2012-07-06,64,OZ,1,5.49
222169822,108,29,2925,101740010,3008,2012-03-02,32,OZ,1,4.49
222169822,108,44,4404,105100050,13791,2012-03-02,11.25,OZ,2,8.98
222169822,108,27,2707,101780010,14717,2012-03-04,3.5,LB,1,7.99
222169822,108,26,2630,103600030,9787,2012-03-04,240,CT,4,13.16
222169822,108,51,5126,107007777,17950,2012-03-05,14.2,OZ,1,3.29
222169822,108,36,3612,106827464,30855,2012-03-08,128,OZ,1,1.19
222169822,108,4,416,103400030,8247,2012-03-08,1.45,OZ,3,3.57
222169822,108,4,416,103400030,15113,2012-03-10,1.5,OZ,1,1.19
222169822,108,63,6315,1075480777,610,2012-03-12,64,OZ,8,20.4
222169822,108,9,916,103361737,19613,2012-03-12,4.9,OZ,2,5.1
222169822,108,17,1721,1067840868,15145,2012-03-14,12,OZ,1,11.99
222169822,108,41,4107,102400020,4704,2012-03-14,15.25,OZ,2,3.18
222169822,108,7,707,1078778070,12564,2012-03-18,12,OZ,2,13.98
222169822,108,9,907,1072979171,940,2012-03-19,12,OZ,1,2.99
222169822,108,55,5567,1078978575,16558,2012-03-21,16,OZ,1,6.49
222169822,108,64,6401,1078615070,17345,2012-03-21,67.2,OZ,1,9.99
222169822,108,25,2505,104980040,15270,2012-03-24,32,OZ,1,3.09
222169822,108,26,2628,103700030,2248,2012-03-26,3,RL,1,6.99
222169822,108,15,1506,107102272,11145,2012-03-27,4,OZ,1,4.99
222169822,108,19,1908,1075480777,610,2012-03-28,28,OZ,1,5.49
222169822,108,43,4302,1075480777,610,2012-03-30,7,OZ,1,2.49
222169822,108,27,2704,103270030,7966,2012-04-01,1,CT,1,4.29
222169822,108,9,902,104400040,19783,2012-04-03,10,OZ,1,4.49
222169822,108,26,2628,105400050,16048,2012-04-04,6,RL,2,18.98
222169822,108,4,419,103746636,10488,2012-04-06,3.5,OZ,3,11.07
222169822,108,58,5834,107892979,10635,2012-04-06,36.8,OZ,1,18.99
222169822,108,57,5710,107047070,20230,2012-04-08,6,OZ,2,2.58
222169822,108,58,5810,104450040,9445,2012-04-09,16,OZ,1,3.99
222169822,108,25,2506,105000050,32115,2012-04-13,32,OZ,1,5.49
222169822,108,9,908,107203070,5812,2012-04-13,17,OZ,2,12.98
222169822,108,51,5125,101380010,10271,2012-04-14,15.38,OZ,1,4.19
222169822,108,36,3604,107800070,2829,2012-04-16,67.6,OZ,1,1.89
222169822,108,6,601,105000050,12547,2012-04-16,2.25,OZ,1,3.69
222169822,108,19,1905,1075480777,610,2012-04-17,18,OZ,1,3.29
222169822,108,17,1703,104129444,14048,2012-04-18,48,OZ,1,4.99
222169822,108,97,9753,1023500121,0,2012-04-18,1,CT,-3,-3.1
222169822,108,63,6311,1081216181,17635,2012-04-21,15.2,OZ,2,5
222169822,108,26,2628,103040030,17034,2012-04-21,6,RL,4,41.96
222169822,108,57,5704,105360050,10074,2012-04-24,6,OZ,4,3.16
222169822,108,29,2904,101600010,21633,2012-04-26,6.4,OZ,1,2.99
222169822,108,58,5824,102836424,14418,2012-04-27,16,OZ,2,8.98
222169822,108,62,6202,102484222,2542,2012-04-30,9,OZ,1,3.29
222169822,108,9,907,1075480777,610,2012-04-30,11,OZ,1,1.69
222169822,108,36,3612,107572070,14196,2012-05-03,128,OZ,6,7.74
222169822,108,35,3507,105170050,6335,2012-05-07,16,OZ,1,9.49
222169822,108,64,6408,101998818,37858,2012-05-13,0.75,LT,1,6.49
222169822,108,25,2508,102529323,16410,2012-05-14,64,OZ,2,7.38
222169822,108,5,504,103000030,14760,2012-05-15,7.4,OZ,1,4.19
222169822,108,64,6401,103061333,2419,2012-05-16,144,OZ,1,18.99
222169822,108,99,9909,1075480777,610,2012-05-16,7,OZ,1,3.99
222169822,108,27,2705,105000050,6775,2012-05-16,5.5,OZ,2,1.26
222169822,108,27,2704,107910070,30370,2012-05-17,3,OZ,1,3.29
222169822,108,58,5827,104470040,13310,2012-05-18,12,OZ,2,11.98
222169822,108,26,2619,101370010,8154,2012-05-23,45,CT,2,19.98
222169822,108,33,3318,102840020,15441,2012-05-23,10,OZ,1,3.29
222169822,108,97,9799,107116070,14748,2012-05-24,1,CT,2,11.98
222169822,108,36,3611,107572070,14196,2012-05-24,101.4,OZ,1,1.39
222169822,108,33,3313,102840020,18584,2012-05-27,15,OZ,1,3.69
222169822,108,41,4107,103150030,25139,2012-05-28,27,OZ,1,1.99
222169822,108,55,5567,107585676,9798,2012-05-28,24,OZ,1,4.99
222169822,108,30,3007,107184070,11154,2012-06-02,12,OZ,1,3.99
222169822,108,3,304,105210050,11382,2012-06-02,2,OZ,1,9.49
222169822,108,8,802,101300010,8164,2012-06-03,12,OZ,3,8.37
222169822,108,37,3708,104100040,10522,2012-06-04,2,OZ,2,4.38
222169822,108,40,4001,104100040,10522,2012-06-04,169,OZ,2,5.98
222169822,108,97,9707,107169171,15583,2012-06-07,1,CT,1,20.49
222169822,108,97,9753,10978037595,0,2012-06-07,1,CT,2,7.98
222169822,108,18,1890,105209252,43069,2012-06-10,1,CT,1,3.99
222169822,108,63,6323,1075480777,610,2012-06-12,128,OZ,1,5.99
222169822,108,2,202,1064420969,5345,2012-06-13,18.3,OZ,1,1.99
222169822,108,63,6315,105215959,41981,2012-06-15,64,OZ,2,9.98
222169822,108,56,5609,102100020,2321,2012-06-16,16,OZ,2,8.38
222169822,108,26,2614,1030800434,17323,2012-06-16,24,CT,0,0
222169822,108,63,6314,1075480777,610,2012-06-18,16,OZ,1,2.25
222169822,108,10,1004,104300040,26232,2012-06-20,3.9,OZ,1,1.85
222169822,108,26,2617,101090010,15232,2012-06-20,1,CT,1,5.49
222169822,108,43,4302,104300040,4030,2012-06-24,8,OZ,2,5.5
222169822,108,0,0,10000,0,2012-06-24,0,,3,16.58
