2354569249,98,58,5824,101111010,9907,2012-06-24,18,OZ,1,3.5
2354569249,98,54,5401,103800030,5618,2013-02-23,12.3,OZ,5,8
2354569249,98,33,3311,102840020,27521,2013-06-17,10.5,OZ,1,1.99
2354574456,63,99,9908,103338333,33170,2013-04-20,16,OZ,3,2.97
2354582763,140,63,6320,101111010,16706,2012-12-23,12,CT,2,3.38
2354587815,2,64,6408,1083972888,39477,2013-03-26,0.75,LT,1,8.39
2354590724,2,55,5567,107064070,19704,2012-10-04,61,OZ,1,9.99
2354592019,2,0,0,10000,0,2012-06-11,0,,2,0
2354593217,2,36,3612,101111010,14907,2012-11-16,128,OZ,1,0.99
2354643463,96,63,6315,103003434,7175,2013-04-17,128,OZ,1,2.99
2354643965,96,10,1004,104300040,9886,2012-11-21,8,OZ,1,5.49
2354644152,96,8,807,101340919,17823,2012-03-13,18,OZ,1,2.79
2354644913,96,26,2633,103040030,683,2012-05-22,24,RL,1,5.5
2354645519,96,33,3303,102840020,15598,2013-02-12,8,OZ,1,4.29
2354646243,96,5,516,103000030,14760,2012-09-30,6.3,OZ,1,3
2354646243,96,26,2608,103003434,7175,2013-02-08,288,CT,1,10.99
2354647930,96,0,0,10000,0,2012-09-04,0,,1,-0.65
2354648129,96,96,9632,107675070,52960,2012-07-11,1,CT,1,50
2354648129,96,92,9202,103680030,18533,2012-08-13,1,CT,1,2.29
2354648129,96,36,3601,104900040,3809,2012-12-03,60,OZ,1,3.39
2354648231,96,72,7205,103700030,4294,2012-04-04,4.2,OZ,2,6.78
2354648231,96,25,2504,105000050,3001,2012-10-14,12,OZ,2,3
2354648556,96,5,501,101600010,9773,2012-03-02,18,OZ,1,4.99
2354648556,96,54,5401,103800030,5618,2012-05-26,12.3,OZ,1,3.69
2354648556,96,60,6011,101800010,14029,2013-01-21,16.3,OZ,1,2
2354666263,214,9,907,107763373,17614,2012-06-25,16,OZ,1,1.98
2354675578,214,59,5905,102700020,6455,2012-05-21,11.9,OZ,1,2.12
2354688259,214,79,7901,10912898,25836,2013-02-28,1,CT,1,2.49
2354691769,214,25,2508,101405414,12973,2013-04-10,12,OZ,2,5.96
2354715745,214,9,970,103800030,62065,2012-04-29,21,OZ,1,2.65
2354715745,214,4,421,107046272,16934,2012-06-24,2,OZ,3,2.22
2354720172,214,4,418,103400030,8247,2012-09-03,9.3,OZ,1,3.94
2354720172,214,59,5907,101111515,8760,2013-02-01,16,OZ,1,0.88
2354731227,214,63,6313,104122040,23511,2012-03-23,16,OZ,1,1.25
2354731227,214,97,9753,1020466424,0,2012-05-24,1,CT,1,2.21
2354731227,214,97,9753,1020408424,0,2012-05-30,1,CT,1,1.5
2354731227,214,97,9753,1020469323,0,2012-12-23,1,CT,1,0.7
2354731227,214,9,912,107225070,12465,2013-01-07,13,OZ,1,2.48
2354731227,214,75,7501,1030018737,21031,2013-03-22,12,OZ,1,10.97
2354731227,214,35,3508,103700030,18371,2013-04-01,50,OZ,1,7.54
2354735697,206,9,902,104400040,15335,2012-12-24,15.1,OZ,1,3.98
2354783530,46,36,3627,107800070,23362,2012-03-08,67.6,OZ,1,1
2354783530,46,56,5620,102100020,9886,2013-05-08,8,OZ,1,1.88
2354783530,46,26,2622,102570020,20361,2013-06-09,25,CT,1,2
2354786376,46,51,5131,104227242,648,2012-03-19,4.5,OZ,1,2.59
2354815737,46,10,1013,103890030,5072,2012-06-09,16,OZ,1,2.49
2354818300,46,31,3101,1071373373,11473,2012-11-17,6.25,OZ,1,3.99
2354879772,46,41,4108,103940030,71386,2013-03-01,15,OZ,1,1
2354885073,46,5,501,101600010,10797,2012-12-01,20.5,OZ,1,3.34
2354959873,4,58,5827,107024777,6176,2013-01-19,12,OZ,2,5.5
2354965040,18,5,501,103800030,11732,2012-05-13,15.8,OZ,1,2.29
2354965040,18,5,501,102113020,15704,2012-09-18,12,OZ,2,4.5
2355006384,360,4,418,103400030,15113,2012-07-01,15,OZ,1,3.39
2355006384,360,8,803,106414464,7770,2013-04-28,12,OZ,1,2.29
2355045079,48,31,3111,1078735979,6734,2012-06-10,3.5,OZ,1,2.29
2355045079,48,15,1506,103120030,12957,2012-07-11,5,OZ,1,2.99
2355619388,230,9,902,107025373,13343,2012-09-13,16,OZ,1,1.25
2355648904,42,63,6305,102500020,11749,2012-04-28,59,OZ,1,2.99
2355648904,42,26,2614,1030800434,17323,2012-05-19,24,CT,1,3.59
2355648904,42,25,2506,105000050,32115,2012-06-08,16,OZ,2,4.58
2355648904,42,56,5620,104149747,19710,2012-06-22,12,OZ,1,3.19
2355648904,42,33,3308,104166444,7179,2012-10-27,6.5,OZ,1,2.19
2355648904,42,51,5123,107057575,60780,2012-12-16,26,OZ,1,2.59
2355649134,42,53,5305,102000020,7655,2012-03-31,10,OZ,3,5.97
2355649547,42,63,6320,104149747,19710,2013-03-17,12,CT,1,2.19
2355650297,42,29,2907,103900030,13296,2012-04-30,10,OZ,1,2.89
2355650705,42,99,9909,107127979,6732,2013-02-03,5,OZ,1,3.89
2355955161,401,72,7208,1030004131,26880,2012-07-02,1,CT,1,3.5
2355955161,401,97,9727,1088537080,33170,2012-11-06,1,CT,1,59.99
2356467138,293,63,6315,107030070,11981,2012-07-10,64,OZ,2,4.3
2356468543,285,17,1719,101920010,10882,2012-04-16,12.5,OZ,1,4.99
2356468543,285,29,2925,105480050,19039,2012-07-23,32,OZ,1,4.19
2356468543,285,18,1822,103700030,6236,2012-11-05,27,OZ,1,5.19
2356468886,285,95,9518,1061029060,7848,2012-04-21,1,CT,1,1.99
2356468886,285,37,3705,105100050,2820,2012-04-28,18.6,OZ,1,2.15
2356468886,285,51,5125,101380010,10271,2013-03-09,9.25,OZ,1,2.39
2356469319,285,27,2710,104178848,3130,2013-06-05,15,LB,1,6.89
2356471877,293,8,801,102700020,8612,2012-04-10,35,OZ,1,2.13
2356471877,293,9,917,104335444,25412,2012-06-02,16,OZ,1,2.18
2356471877,293,29,2907,104600040,13023,2012-09-30,4.7,OZ,1,1.5
2356472271,293,91,9127,108700080,16095,2012-04-30,1,LT,1,15.49
2356472271,293,31,3101,105210050,11382,2012-05-03,2,OZ,1,2.13
2356473696,285,55,5561,104148343,9547,2012-06-03,16,OZ,1,1.25
2356473696,285,6,610,107084777,11910,2012-07-03,18.6,OZ,1,3.09
2356473696,285,96,9609,1055100050,88199,2012-11-03,0,,2,-2
2356892200,508,33,3319,102840020,15598,2012-08-07,9,OZ,1,4.08
2356892200,508,99,9908,1060580666,7655,2013-04-01,24,OZ,1,4.19
2357108226,508,55,5566,107239272,22665,2012-05-06,10,OZ,1,1.05
2357636617,16,57,5704,103663232,4568,2012-08-26,16,OZ,1,3.49
2357636617,16,26,2628,104131040,29395,2012-10-07,1,RL,1,0.89
2357649395,85,59,5907,1060788060,16965,2012-10-24,45,OZ,1,2.5
2357649395,85,9,907,107130979,17614,2012-11-23,20,OZ,1,1.99
2357649395,85,27,2701,102310020,13705,2013-01-03,158.4,OZ,1,9.88
2357661188,21,1,106,101500010,7142,2012-12-09,14,OZ,2,5.98
2357661188,21,63,6319,104119040,16347,2013-03-16,128,OZ,2,3.98
2357664696,21,9,901,103010030,44654,2012-04-11,15,OZ,1,2.99
2357664696,21,4,416,103400030,8247,2012-07-10,1.55,OZ,1,0.69
2357664696,21,14,1404,104119040,16347,2012-11-10,25,OZ,1,1.89
2357664696,21,29,2903,105100050,72482,2013-02-21,14.75,OZ,2,2.38
2357664696,21,70,7002,107707171,6697,2013-04-08,1,CT,1,0.99
2357666084,240,16,1604,102200020,20100,2012-10-15,15,CT,1,0.99
2357685463,101,8,810,104600040,13023,2012-07-22,1,OZ,1,0.85
2357685463,101,72,7205,105310050,804,2013-02-16,6,OZ,1,2.5
2357685668,101,41,4107,1068826767,7173,2013-01-19,16,OZ,2,3.49
2357686086,101,33,3315,104000040,26517,2012-10-21,8,OZ,1,3.29
2357686086,101,5,516,103000030,14760,2012-12-10,6.5,OZ,1,1.88
2357699610,70,23,2301,103582636,6564,2012-10-02,16,OZ,1,1.99
2357699610,70,27,2707,101780010,3108,2012-12-31,3.15,LB,1,4.5
2357708454,65,37,3705,105100050,2820,2012-10-17,18.8,OZ,1,1.46
2357708454,65,41,4107,1072543979,40679,2012-11-21,15.25,OZ,3,1.67
2357708454,65,56,5615,103582636,6564,2013-04-24,8,OZ,2,4.58
2357709594,64,63,6305,102500020,11749,2012-08-26,59,OZ,1,2.79
2357724616,83,45,4509,1073114979,792,2012-03-09,20,OZ,1,8.99
2357724616,83,9,907,101111010,9907,2012-07-10,10,OZ,1,1.5
2357724616,83,43,4302,104300040,4030,2013-02-23,10.6,OZ,1,2.79
2357725723,98,26,2622,101111010,9907,2012-07-13,15,CT,2,2
2357727785,133,54,5401,101111010,9907,2013-02-28,12.3,OZ,3,5
2357731421,431,27,2713,101111010,13891,2012-06-30,3.5,OZ,8,4.4
2357731421,431,9,907,1085675080,34759,2012-10-18,8,OZ,1,1.25
2357733921,126,58,5823,101111010,9907,2012-06-23,7,OZ,2,4.5
2357733921,126,72,7203,103500030,3830,2013-03-21,32,OZ,1,5.99
2357744155,89,4,405,1060069969,55864,2012-07-28,8,OZ,1,1.25
2357744155,89,51,5125,101380010,10271,2013-03-24,8.5,OZ,1,2.18
2357744155,89,16,1604,102200020,13228,2013-06-02,42,CT,1,2.39
2357745431,89,96,9609,1054157050,88199,2012-06-29,0,,2,-1
2357769678,215,60,6011,103680030,6561,2012-05-01,16,OZ,1,1.67
2357769678,215,45,4511,103100030,1358,2012-07-20,24,OZ,1,3.99
2357769678,215,51,5121,104369545,10274,2012-09-12,9,OZ,1,2.29
2357769678,215,14,1411,102400020,4704,2012-10-20,20,OZ,2,2.98
2357769678,215,63,6313,103680030,6561,2012-10-27,16,OZ,2,3.58
2357769678,215,26,2609,101122515,19197,2013-04-19,40,CT,2,2
2357786776,96,21,2106,105100050,27873,2012-09-14,64,OZ,4,8
2357786776,96,71,7113,108087888,13505,2012-09-14,12.6,OZ,2,6.67
2357786776,96,95,9518,1061029060,7848,2012-10-02,1,CT,1,2.59
2357786776,96,0,0,10000,20405,2013-01-25,0,,1,5.04
2357786776,96,33,3303,107260070,8245,2013-05-11,10.5,OZ,1,2.5
2357787643,96,45,4509,103738636,20816,2012-06-23,12,OZ,1,6
2357787643,96,26,2633,103003434,7175,2013-04-14,6,RL,1,2.99
2357788088,96,2,201,101600010,1756,2012-04-30,16.25,OZ,1,2.09
2357788088,96,4,416,103400030,2689,2012-10-10,1.6,OZ,3,2
2357788947,96,23,2301,107680878,1393,2012-03-26,16,OZ,1,1.5
2357789458,96,67,6708,103797737,15899,2012-03-19,1,CT,1,7.59
2357789458,96,0,0,10000,0,2012-05-24,0,,2,0
2357789458,96,42,4220,108912585,14816,2012-09-13,12,OZ,1,4.49
2357789458,96,37,3707,102400020,3843,2012-09-20,14.5,OZ,1,1
2357798844,214,26,2630,103600030,9787,2012-09-16,736,CT,1,5.64
2357798844,214,0,0,10000,0,2012-11-04,0,,4,-4.5
2357827228,214,5,501,103800030,6790,2013-03-03,12.6,OZ,1,2.78
2357827228,214,33,3305,102840020,15870,2013-03-29,11,OZ,2,4
2357858752,46,26,2632,103600030,8583,2012-08-12,184,CT,1,6.29
2357858752,46,27,2704,107910070,30096,2012-12-22,24,OZ,1,2.5
2357889388,46,99,9909,107143070,5072,2013-02-15,6,OZ,1,2.99
2357893552,46,92,9211,1030099737,15219,2012-03-17,0.12,OZ,1,5.29
2357896662,46,17,1709,101920010,10882,2012-05-24,24,OZ,1,2
2357896662,46,5,519,103000030,14760,2013-02-27,12.6,OZ,1,3
2357905865,46,51,5125,107265575,8089,2012-11-04,11.4,OZ,2,5.38
2357905865,46,53,5307,101450010,20864,2013-03-12,12.6,OZ,1,2.09
2357930045,46,63,6315,104125040,11473,2012-03-25,128,OZ,3,8.37
2357930045,46,99,9908,103338333,33170,2013-03-07,32,OZ,1,2.69
2357939257,3,99,9908,105783656,17665,2012-04-20,17.6,OZ,1,4.49
2357942639,88,26,2629,104200040,5016,2012-06-24,360,CT,1,4.49
2357950908,95,4,410,103080030,17028,2012-05-25,10.4,OZ,1,2.5
2357950908,95,6,610,1061126969,15041,2013-02-09,16,OZ,1,3.79
2357980616,360,99,9908,1071631070,15859,2012-05-07,16,OZ,3,8.97
2357980616,360,58,5836,107778272,9260,2012-05-29,12,OZ,1,3.99
2357985303,360,49,4901,104173545,14456,2012-09-09,32,OZ,2,4.58
2357985303,360,56,5615,102100020,4218,2012-12-16,8,OZ,2,8.58
2358277170,230,56,5620,102100020,13967,2012-08-31,8,OZ,2,5.98
2358277170,230,63,6313,107042474,16706,2013-03-24,8,OZ,1,1.99
2358291282,42,75,7501,107704373,17223,2012-12-13,21,OZ,1,4.99
2358703534,293,60,6007,101115010,15530,2012-08-11,8,OZ,1,1.87
2358703534,293,14,1405,103120030,12957,2012-10-16,14,OZ,1,1.67
2358704212,285,31,3101,105210050,11382,2013-01-21,1,OZ,1,1.28
2358704523,285,26,2630,103600030,9787,2012-06-02,75,CT,2,3.45
2358704523,285,99,9904,103338333,33170,2012-09-23,48,OZ,2,9.98
2358704882,293,2,214,101115010,15530,2012-10-21,32,OZ,1,1.89
2358704882,293,96,9609,1051600050,88199,2012-11-24,0,,3,-4
2358704882,293,63,6314,101115010,15530,2012-12-22,16,OZ,1,0.88
2358704882,293,97,9799,102460020,11990,2013-02-13,25,LB,2,6
2358705622,293,25,2508,105385959,84,2013-02-13,64,OZ,1,2.99
2358705622,293,58,5813,104470040,13310,2013-03-20,14,OZ,1,3.5
2358706635,285,34,3411,101700010,4912,2012-05-30,18,OZ,1,3
2358706635,285,37,3703,105100050,2820,2012-10-20,10.75,OZ,3,5.01
2358756529,109,58,5831,1075650979,54999,2012-05-07,20,OZ,3,17.97
2358767935,109,25,2506,104410040,8481,2012-03-25,16,OZ,1,2.59
2358767935,109,9,901,104400040,13243,2012-10-16,15.35,OZ,1,2.99
2359087937,31,70,7002,108019686,4419,2012-03-06,20,CT,2,2.48
2359087937,31,33,3303,102840020,10241,2013-04-17,9.5,OZ,1,4.29
2359153782,21,5,501,101600010,3396,2012-07-19,12.8,OZ,1,3.79
2359153782,21,99,9904,103338333,33170,2012-07-19,16,OZ,1,2.5
2359153782,21,32,3202,102700020,19737,2012-10-04,64,OZ,1,4.99
2359175086,77,55,5552,102983929,6763,2013-04-07,48,OZ,2,10.98
2359175489,77,44,4405,105100050,13791,2012-05-13,12.5,OZ,1,3
2359175489,77,29,2904,101530010,13610,2013-01-03,5.1,OZ,1,1
2359183367,69,27,2703,103810030,34324,2012-08-29,216,OZ,1,16.49
2359183367,69,36,3630,107800070,5208,2012-11-22,144,OZ,1,5.59
2359183367,69,56,5617,1072543979,40679,2013-01-22,12,OZ,1,1.42
2359199988,70,8,802,103030030,3100,2012-05-04,10,OZ,1,0.89
2359204827,83,37,3703,101111010,9907,2013-01-23,26,OZ,1,1.69
2359204827,83,41,4107,101111010,9907,2013-05-20,14.5,OZ,4,3.16
2359208583,98,56,5617,101111010,9907,2012-06-11,12,OZ,1,2.44
2359208583,98,0,0,10000,0,2012-06-11,0,,1,0
2359220024,58,8,822,101111010,9907,2012-03-09,10,OZ,1,0.99
2359222019,63,26,2613,103600030,8583,2012-04-20,27,CT,1,11.94
2359222019,63,0,0,10000,0,2012-08-18,0,,1,0
2359222019,63,37,3705,105100050,2820,2013-01-15,18.6,OZ,1,1.67
2359222019,63,26,2628,101111010,9907,2013-05-11,1,RL,1,1
2359225275,12,97,9753,10000,0,2012-12-04,1,CT,1,3.08
2359239222,133,63,6315,104126040,4962,2012-07-10,64,OZ,1,1
2359239222,133,31,3101,107096979,17090,2012-09-22,4.5,OZ,1,1.5
2359246512,26,26,2622,101111010,9907,2013-01-06,30,CT,1,1.89
2359265232,96,21,2117,108768484,2903,2013-03-16,60,OZ,3,8
2359265232,96,5,501,103800030,3787,2013-05-07,11.3,OZ,1,3.39
2359291501,214,33,3304,104122040,20514,2012-11-26,9,OZ,1,1.5
2359306241,214,37,3706,104119646,14582,2012-08-18,18.5,OZ,1,1.88
2359416590,46,99,9904,105410757,33170,2013-02-16,48,OZ,1,3.99
2359429748,46,33,3316,101600010,3397,2012-12-07,10.5,OZ,0,0
2359462686,4,27,2712,102113020,15704,2012-07-02,50,CT,1,15.99
2359794741,230,26,2613,107025373,13343,2012-08-10,19,CT,1,7.97
2359794741,230,8,810,107025373,13343,2012-08-24,1.25,OZ,1,0.59
2359794741,230,20,2002,107025373,13343,2012-10-15,46,OZ,1,2.19
2359795562,230,17,1726,104460040,3718,2012-11-30,150,CT,1,9.69
2359796886,230,63,6330,107042474,16706,2012-08-05,8,OZ,1,1.89
2359809455,42,56,5615,104149747,19710,2013-06-21,8,OZ,1,2.79
2360146363,293,29,2914,101115010,15530,2012-03-13,7.25,OZ,4,3
2360146363,293,22,2207,104650040,16355,2012-04-30,14,OZ,1,3.94
2360146363,293,97,9781,10000,8255,2012-05-30,1,CT,1,-0.12
2360146363,293,26,2620,101115010,15530,2012-07-13,40,CT,9,26.91
2360146363,293,63,6320,1071514171,25530,2012-10-10,12,CT,1,2.99
2360146363,293,33,3303,102840020,10241,2012-10-31,1.25,OZ,2,1
2360498020,507,4,416,104000040,26517,2013-06-15,1.63,OZ,1,0.79
2360584114,507,97,9753,104041949,0,2012-11-07,1,CT,2,21.58
2360615356,508,27,2710,107023070,18373,2012-09-09,20,LB,1,5.99
2360909360,507,67,6708,1083428282,9643,2012-03-16,1,CT,1,3.99
2360993336,507,97,9730,1080764888,64725,2012-10-04,1,CT,1,29.99
2360993336,507,26,2631,103600030,4139,2013-02-18,84,CT,2,7.28
2361852462,510,34,3402,107050171,12554,2012-09-06,6.7,OZ,1,4.99
2361852462,510,26,2615,107830070,14142,2013-02-26,36,CT,1,6.99
2361954903,510,51,5121,104369545,10274,2012-12-16,9,OZ,1,2.3
2362206397,31,24,2415,102114020,19950,2012-06-11,15,OZ,2,4.78
2362258412,85,56,5614,1060788060,16965,2012-04-15,10,OZ,1,3.49
2362258412,85,56,5620,1060788060,16965,2012-08-26,8,OZ,2,4
2362258412,85,10,1010,102800020,12545,2012-09-04,22,OZ,1,2.15
2362269250,21,26,2629,107331070,11125,2012-03-19,250,CT,2,4.58
2362269250,21,26,2614,103700030,514,2012-06-18,80,CT,1,5.99
2362269495,21,9,902,104950848,16730,2012-09-16,7.2,OZ,1,2.99
2362269495,21,14,1410,103900030,10383,2012-11-12,15,OZ,1,1.79
2362269495,21,92,9215,1060308464,7034,2013-03-17,0.5,OZ,1,12.49
2362281674,104,99,9908,103338333,33170,2013-03-20,16,OZ,1,1.99
2362283193,100,57,5707,107047070,20230,2013-01-29,18,OZ,1,2.99
2362286662,101,51,5123,107057575,60780,2012-12-04,28,OZ,1,2.29
2362296184,70,63,6315,1072543979,40679,2012-11-17,128,OZ,1,3.27
2362311517,70,51,5121,104369545,10274,2012-06-21,9,OZ,1,2.59
2362311517,70,9,920,107641070,10160,2012-11-13,12,OZ,1,2.95
2362311517,70,36,3630,107800070,23561,2013-02-23,101.4,OZ,1,3
2362318381,83,26,2622,101111010,9907,2012-07-11,15,CT,1,1.99
2362318381,83,65,6502,101800010,14029,2012-09-11,14.1,OZ,1,3.79
2362318381,83,72,7205,1031015838,16196,2013-03-21,4,OZ,1,4.89
2362319887,83,99,9908,101111010,9907,2012-10-19,32,OZ,1,2.79
2362323318,431,59,5906,104060040,26155,2012-04-04,45,OZ,1,6.75
2362328404,89,56,5615,101111010,9907,2013-02-25,16,OZ,1,4.39
2362333188,98,22,2204,101750010,6219,2012-08-25,20,OZ,1,1.59
2362334809,58,99,9909,107143070,5072,2012-09-09,9,OZ,1,2.49
2362340854,140,9,907,104500040,20016,2012-11-17,24,OZ,1,3.99
2362340854,140,4,407,104136444,23962,2012-12-21,5,OZ,1,1
2362357866,26,35,3504,1073291373,23643,2012-12-20,25,OZ,1,2.99
2362357866,26,63,6323,101111010,9907,2013-02-01,128,OZ,1,1.99
2362357866,26,33,3309,101111010,9907,2013-02-01,10,OZ,2,2
2362378321,96,5,501,101600010,85114,2012-07-18,20.25,OZ,1,5
2362378321,96,0,0,10000,0,2012-07-18,0,,2,3.63
2362379073,96,7,709,1076211171,17286,2012-06-02,4.2,OZ,1,8.99
2362379073,96,62,6201,107349171,9883,2012-11-12,22,OZ,1,3.29
2362379073,96,99,9909,103003434,28496,2013-03-23,24,OZ,1,3.49
2362379073,96,57,5710,1089470080,21065,2013-03-27,5.3,OZ,1,1
2362408448,214,0,0,10000,0,2012-11-06,0,,1,-1
2362408448,214,73,7308,104122040,23511,2013-05-10,40,CT,1,1.09
2362429487,46,37,3708,104100040,10522,2012-06-27,4.9,OZ,1,1
2362435458,46,5,501,103000030,58434,2012-10-13,17.1,OZ,1,3
2362435458,46,33,3316,1070882070,11473,2012-11-28,28,OZ,1,3.79
2362456762,46,55,5555,107457070,26051,2012-11-09,14,OZ,1,3.5
2362463457,46,5,516,103000030,14760,2012-06-04,15.2,OZ,1,4.39
2362490371,46,64,6401,108992484,20251,2012-06-01,144,OZ,1,10.49
2362506499,88,4,416,103400030,8247,2012-03-10,1.55,OZ,2,0
2362506499,88,54,5401,103800030,5618,2012-09-01,12.3,OZ,1,2.79
2362509124,95,36,3632,101200010,12170,2013-02-03,144,OZ,1,6.99
2362509124,95,5,502,101600010,86101,2013-05-04,10.6,OZ,1,5.99
2362520458,15,26,2630,102113020,15704,2012-10-25,76,CT,1,1.59
2362836778,230,36,3612,107810272,30794,2012-04-11,128,OZ,1,0.85
2362839688,230,33,3303,103757838,16287,2012-11-02,8.5,OZ,2,5
2362839688,230,63,6320,107433777,2513,2012-12-02,12,CT,1,1.93
2362840286,230,97,9753,10000,0,2013-02-13,1,CT,1,6.19
2362855022,42,63,6320,101552111,21820,2012-03-05,18,CT,1,2.19
2362855048,42,5,501,104149747,19710,2012-08-18,16,OZ,1,2.59
2363170832,293,9,907,107294575,15878,2012-03-26,20,OZ,1,1.99
2363170832,293,63,6323,104148343,9547,2013-05-21,128,OZ,1,3.79
2363172498,293,36,3629,101200010,23360,2012-05-16,144,OZ,4,19.66
2363173462,293,8,836,101115010,15530,2012-03-28,128,OZ,1,1.59
2363174294,285,37,3707,101115010,15530,2013-02-01,14,OZ,2,1.66
2363227178,109,33,3315,108107989,23745,2012-03-04,4,OZ,1,1.99
2363227178,109,8,821,104139040,9659,2012-07-12,5,OZ,1,2.99
2363227178,109,7,707,102550020,6550,2012-08-01,34.5,OZ,1,7.49
2363227178,109,9,970,103800030,62065,2012-12-18,14.7,OZ,2,5
2363227178,109,49,4904,101312010,26885,2013-03-21,16,OZ,1,3.49
2363227178,109,99,9904,103338333,33170,2013-05-10,64,OZ,1,4.99
2363229181,109,53,5307,101450010,20864,2012-05-20,12,OZ,3,7.47
2363263930,377,99,9908,103338333,33170,2012-03-02,32,OZ,1,1.49
2363263930,377,3,302,1071754474,17649,2012-04-30,12,OZ,1,2.89
2363487383,31,63,6315,102114020,19950,2013-05-27,128,OZ,1,3.99
2363521816,31,29,2908,107639777,9982,2012-04-27,20.5,OZ,1,1
2363529040,85,9,922,101290010,17055,2012-03-18,5,OZ,1,1.5
2363532246,85,51,5121,104369545,8522,2012-04-09,9,OZ,1,2.5
2363532627,85,41,4107,102400020,4704,2012-11-19,14.5,OZ,2,1.38
2363532627,85,63,6315,103680030,3679,2012-12-28,128,OZ,2,7.78
2363563391,104,63,6321,109237898,12934,2012-05-26,8,OZ,1,2.5
2363566634,101,19,1908,1068826767,81691,2012-12-12,16,OZ,1,2.59
2363569413,101,0,0,10000,20405,2012-12-09,0,,1,-3.53
2363571255,101,58,5831,107232272,27348,2012-10-08,20.8,OZ,1,3.99
2363571255,101,41,4107,1068826767,7173,2013-01-27,16,OZ,1,0.99
2363601525,165,26,2621,107203676,7953,2013-02-11,100,CT,1,6.99
2363602451,143,0,0,10000,0,2013-05-14,0,,1,-0.22
2363605010,26,23,2301,101111010,9907,2012-05-27,12,OZ,1,0.9
2363605010,26,27,2712,101111010,9907,2012-08-07,160,OZ,1,4.04
2363605010,26,26,2634,103600030,4139,2012-09-30,12,RL,1,5.99
2363605010,26,96,9609,1053400050,88199,2013-05-12,0,,1,-1
2363605582,151,9,907,104500040,12473,2012-07-27,24,OZ,1,2.5
2363605582,151,41,4107,101111010,9907,2012-08-11,14,OZ,1,2.69
2363608376,211,9,908,107247070,9903,2012-06-24,16.6,OZ,1,3.99
2363608376,211,37,3707,105100050,2820,2012-10-30,10.5,OZ,1,1.5
2363608376,211,53,5307,107056070,14005,2013-02-09,12,OZ,1,1.89
2363608376,211,12,1202,101111010,9907,2013-02-27,14.75,OZ,1,3.29
2363637132,191,63,6320,101111010,6678,2012-03-31,12,CT,2,2.98
2363637132,191,53,5307,102000020,7655,2013-06-05,11.8,OZ,1,3.29
2363668847,109,18,1827,106233868,319,2013-03-03,8,OZ,1,0.99
2363670170,109,57,5705,107417575,20614,2012-10-19,6,OZ,3,1.5
2363670170,109,3,305,103320030,875,2012-12-12,16,OZ,1,1.29
2363687352,96,73,7308,1036373636,22148,2012-09-05,24,CT,1,2.5
2363687352,96,0,0,10000,0,2012-09-16,0,,1,0
2363687352,96,63,6315,104138343,10091,2013-02-14,64,OZ,1,3.86
2363688311,96,5,502,103800030,9543,2012-04-05,8,OZ,1,3.09
2363688311,96,63,6305,102500020,11749,2012-06-06,59,OZ,1,2.5
2363688311,96,26,2630,103003434,7175,2013-04-24,240,CT,1,3.89
2363724430,214,22,2207,1075703777,13386,2012-08-10,12,OZ,1,3.49
2363724430,214,9,922,101099515,35538,2013-02-25,10,OZ,1,3.45
2363757272,46,9,902,104400040,18775,2012-03-27,12,OZ,1,3.69
2363757272,46,51,5123,103620030,52004,2012-09-10,22,OZ,1,8.22
2363792018,46,4,418,103400030,16463,2012-12-10,5.6,OZ,2,5.76
2363807365,17,51,5132,107007777,17950,2012-11-15,7.9,OZ,1,3
2363807518,17,8,818,102113020,15704,2012-12-09,24,OZ,1,2
2363807518,17,36,3636,104300040,4371,2013-03-02,169,OZ,2,6.58
2363812043,3,56,5615,102113020,10786,2012-12-31,8,OZ,2,5
2363821445,4,36,3611,106827464,30855,2012-10-12,473.2,OZ,1,3.49
2363823940,4,26,2633,102113020,15704,2012-10-09,9,RL,1,6.99
2364149686,230,57,5704,104667545,20216,2012-03-04,16,OZ,2,6.98
2364152181,230,49,4901,101312010,26885,2012-10-17,28,OZ,1,4.19
2364165747,42,41,4107,102300020,16431,2012-04-03,14.4,OZ,1,1.19
2364165747,42,36,3612,104149747,19710,2012-06-14,128,OZ,1,0.99
2364165747,42,34,3411,101111111,1141,2012-07-12,12,OZ,1,4.99
2364661480,508,63,6312,102500020,16487,2012-07-05,59,OZ,1,2
2364661480,508,97,9753,1088614989,0,2012-12-14,1,CT,1,7.99
2364774441,85,33,3315,102874424,15124,2012-10-22,2.25,OZ,1,1
2364796880,21,9,902,104400040,15335,2012-05-11,13.7,OZ,0,0
2364820320,70,9,922,102430020,10577,2013-02-11,16.2,OZ,1,1.5
2364823254,70,23,2301,103582636,6564,2012-07-29,16,OZ,1,1.39
2364838565,64,4,416,104000040,18946,2012-10-27,1.79,OZ,1,0.79
2364846205,165,29,2927,107225171,12502,2012-03-22,5.9,OZ,1,2.59
2364846205,165,9,902,1060654161,11719,2012-08-07,9,OZ,1,3.49
2364846205,165,37,3703,105100050,2820,2012-12-29,10.75,OZ,2,2
2364847293,165,9,918,101410010,13791,2012-06-06,7,OZ,1,3.69
2364847293,165,33,3303,102840020,10241,2012-08-29,10.5,OZ,1,0
2364847293,165,63,6311,104850040,5072,2013-01-16,59,OZ,1,2.5
2364847293,165,33,3312,103800030,14494,2013-04-14,5.36,OZ,1,3.59
2364847293,165,57,5704,104667545,20216,2013-06-16,16,OZ,1,3
2364849609,83,56,5613,103114232,25202,2012-04-23,8,OZ,1,3.39
2364849609,83,99,9904,1082757585,5338,2012-05-13,3.5,OZ,1,2
2364853266,126,51,5126,102113121,11151,2013-03-17,14,OZ,1,2.39
2364853266,126,55,5552,107189979,2010,2013-05-15,64,OZ,1,5.49
2364856441,431,56,5616,101111010,20588,2012-08-01,8,OZ,1,3
2364867471,12,51,5115,107192171,18492,2012-12-01,19.2,OZ,3,7.5
2364867471,12,51,5115,107192171,18492,2013-01-11,22.85,OZ,1,2.5
2364867471,12,99,9901,101111010,20588,2013-03-07,0.66,OZ,1,2.06
2364868664,63,43,4302,101111010,9907,2012-07-04,8,OZ,2,1.62
2364868664,63,21,2117,102500020,26108,2013-03-28,67.5,OZ,1,1.99
2364886637,431,29,2906,101111010,9907,2012-09-17,8,OZ,1,0.95
2364886637,431,58,5823,104470040,13310,2013-02-15,9,OZ,1,2.99
2364909204,96,21,2119,103003434,7175,2013-02-21,16,OZ,1,1
2364913692,214,63,6315,104122040,20514,2012-09-11,128,OZ,1,2.98
2364924267,214,7,708,1076458373,31019,2012-05-26,8.8,OZ,2,16.46
2364924267,214,99,9908,104122040,23511,2012-10-12,80,OZ,1,2.47
2364924267,214,99,9908,103338333,33170,2012-12-24,160,OZ,1,3.37
2364927950,214,8,805,107942676,15276,2012-04-13,16,OZ,1,2.73
2364927950,214,99,9904,1081204989,27736,2012-07-25,16,OZ,1,1.78
2364927950,214,96,9609,1057181757,88199,2012-10-17,0,,1,-1.34
2364927950,214,41,4107,104122040,20514,2012-10-28,13.5,OZ,4,2.76
2364927950,214,36,3601,104122040,23511,2013-01-17,144,OZ,1,2.48
2364927950,214,9,922,102560020,18051,2013-03-21,14,OZ,1,2.98
2365003101,46,63,6305,104125040,11473,2012-07-19,64,OZ,2,4
2365003101,46,27,2704,1071373373,11473,2012-07-19,2,CT,1,1.89
2365003101,46,22,2207,1075703777,13386,2012-08-11,8.8,OZ,1,4.29
2365020951,46,51,5117,104125040,11473,2012-05-18,23.1,OZ,1,2.5
2365020951,46,56,5620,104125040,11473,2013-05-31,8,OZ,1,2
2365044386,4,36,3601,104900040,3809,2013-01-12,60,OZ,2,6
2365044386,4,71,7113,108087888,13505,2013-01-27,25.4,OZ,2,12.68
2365044386,4,51,5106,103100030,9626,2013-02-28,8.8,OZ,1,2.69
2365410734,42,26,2622,102570020,20361,2012-03-04,15,CT,2,5.38
2365666671,401,27,2710,107200070,9803,2012-03-09,21,LB,2,13.98
2365731479,285,21,2111,107535575,13044,2013-03-26,64,OZ,1,2.89
2365731541,285,5,501,103800030,9891,2013-04-10,11.4,OZ,1,1.75
2365731589,285,97,9753,10000,0,2012-07-17,1,CT,1,0
2365731589,285,51,5117,107465373,9039,2012-10-19,17.2,OZ,1,2.5
2365731589,285,19,1908,104800141,16564,2012-12-03,15,OZ,2,3.98
2365731589,285,37,3703,105100050,2820,2013-01-15,10.75,OZ,3,3
2365731881,293,33,3311,102840020,27521,2012-08-16,10.5,OZ,2,3.98
2365731881,293,41,4108,103940030,71386,2012-11-01,15,OZ,2,2
2365731881,293,9,901,104400040,13243,2013-01-28,14.3,OZ,1,2.79
2365788856,109,97,9707,102570020,20361,2012-08-07,6,CT,1,2.99
2365788856,109,35,3509,103320030,875,2012-11-03,55.52,OZ,1,4.99
2365788856,109,51,5123,101122515,28575,2012-11-12,25,OZ,1,5.99
2365788856,109,59,5910,103377636,16650,2012-12-14,15,OZ,1,2.99
2365988424,508,72,7205,1031015838,16196,2013-02-22,8,OZ,1,10.38
2366054273,31,33,3303,102840020,10241,2012-12-27,10.5,OZ,1,4.29
2366096318,31,96,9609,1051600050,88199,2012-06-26,0,,1,-1
2366136305,31,51,5127,103100030,1358,2012-04-07,7.1,OZ,3,3
2366136305,31,5,501,104240040,40317,2012-08-04,21,OZ,1,1.99
2366136305,31,37,3708,1076026373,1537,2012-12-08,9.3,OZ,1,3.29
2366136696,31,28,2806,10930090,12157,2012-08-11,46,OZ,2,3.99
2366145486,16,8,805,1075480777,610,2012-07-22,10,OZ,1,1.95
2366145486,16,63,6317,104157040,2017,2013-02-26,64,OZ,1,3.79
2366161742,85,5,501,103800030,9543,2012-08-22,8.56,OZ,1,2.75
2366161742,85,41,4105,1060788060,16965,2012-11-28,10,OZ,2,2
2366161742,85,29,2907,104600040,13023,2013-03-08,19.2,OZ,1,2
2366169464,85,58,5814,102781525,885,2012-03-06,10.2,OZ,1,2
2366172994,85,36,3601,1068826767,81691,2012-08-29,67.6,OZ,1,0.88
2366172994,85,26,2633,103040030,683,2012-09-15,12,RL,1,5.99
2366181516,85,36,3630,107800070,5208,2012-12-02,67.6,OZ,1,1
2366181516,85,41,4105,1060788060,16965,2013-02-19,14.5,OZ,3,1.98
2366181516,85,30,3008,102100020,9886,2013-03-30,16,OZ,1,1.09
2366200681,21,23,2301,107680878,1393,2012-03-08,16,OZ,4,5.6
2366202727,21,9,907,107341070,888,2012-05-10,24,OZ,1,4.59
2366203431,21,58,5833,107091979,7981,2012-07-25,16,OZ,1,4.99
2366203794,21,31,3111,1078735979,6734,2012-11-06,3.5,OZ,1,3.49
2366203794,21,72,7205,103500030,3830,2013-02-02,4,OZ,2,1.98
2366203898,21,36,3618,101200010,23361,2012-04-05,240,OZ,1,5.99
2366205772,21,71,7112,107124979,21913,2012-04-25,9,OZ,1,2.99
2366205772,21,57,5705,105360050,10074,2013-02-02,6,OZ,8,3.52
2366206612,21,31,3101,102084323,21988,2013-01-02,7,OZ,1,4.39
2366226004,100,45,4513,102265525,2626,2012-06-22,48,OZ,1,13.99
2366226004,100,41,4108,104119646,14582,2012-08-31,19,OZ,1,1.59
2366248568,101,9,903,107185171,2181,2012-06-26,8,OZ,1,1.79
2366248568,101,21,2106,103120030,12957,2012-10-20,64,OZ,1,2.99
2366275049,373,63,6328,109741999,6014,2012-08-04,8,OZ,1,0.99
2366275049,373,4,416,103400030,15449,2012-12-31,2.5,OZ,1,1.29
2366275049,373,25,2507,102800020,12545,2013-02-14,16,OZ,3,4.5
2366275049,373,33,3303,102840020,10241,2013-03-09,9.5,OZ,1,2.14
2366278992,70,13,1306,101600010,7366,2012-09-08,5,LB,1,3.19
2366281709,68,29,2904,102100020,19279,2012-10-26,14.64,OZ,1,2.3
2366281709,68,8,818,103620030,14868,2013-03-28,24,OZ,2,4.38
2366283354,64,63,6315,1072543979,40679,2012-11-05,32,OZ,1,1.69
2366296771,64,51,5115,107218070,15035,2012-08-02,20.6,OZ,2,7.48
2366322119,26,25,2508,101405414,12973,2012-03-03,12,OZ,1,2.59
2366322390,83,17,1709,101920010,10882,2012-08-31,24,OZ,4,7.96
2366322390,83,58,5832,107274575,13804,2012-10-18,12,OZ,1,2.99
2366322390,83,96,9609,1052800050,88199,2012-11-13,0,,1,-0.75
2366322390,83,72,7205,103700030,4294,2013-06-07,4.6,OZ,6,6
2366323762,26,56,5616,104610040,15889,2012-06-05,8,OZ,1,2.39
2366323762,26,5,516,101600010,12426,2012-09-06,7.4,OZ,1,2.99
2366327460,151,49,4901,101111010,9907,2012-09-06,26,OZ,1,2.25
2366328610,126,25,2506,105000050,32115,2012-11-17,32,OZ,1,2.99
2366328610,126,9,907,101111010,9907,2013-06-16,12,OZ,1,1.39
2366330678,151,36,3611,102259222,13400,2012-11-30,405.6,OZ,1,3.5
2366334750,98,45,4509,1074728979,1686,2012-04-01,12,OZ,1,8.99
2366334750,98,30,3010,102100020,9886,2012-08-26,16,OZ,1,2.29
2366334750,98,0,0,10000,0,2012-09-16,0,,1,2.24
2366334750,98,41,4105,101111010,9907,2012-09-17,10,OZ,2,1.16
2366334750,98,9,905,101410010,13791,2012-11-20,12,OZ,2,5
2366334750,98,63,6399,1063912363,29075,2012-12-04,7,OZ,1,4.79
2366339375,58,43,4302,101111010,9907,2013-04-11,8,OZ,1,1
2366370562,83,7,709,109955595,7661,2012-10-27,3.9,OZ,1,8.99
2366370562,83,56,5616,101111010,9907,2013-02-10,6,OZ,1,2.39
2366370737,83,26,2632,103600030,8583,2013-01-19,42,CT,3,7.47
2366370737,83,8,818,103620030,14868,2013-02-10,24,OZ,3,5
2366376070,211,36,3632,102500020,11749,2012-04-06,144,OZ,1,4.99
2366376070,211,26,2628,104200040,2308,2012-09-05,6,RL,2,11.22
2366381450,98,28,2806,107015272,71525,2012-09-02,16,OZ,1,2.59
2366381450,98,26,2622,101370010,8154,2012-11-25,12,CT,1,4.19
2366382249,126,36,3630,107800070,5208,2012-04-06,144,OZ,1,4.99
2366382249,126,21,2117,108768484,2903,2012-06-28,60,OZ,2,3.76
2366382249,126,37,3709,104178949,11224,2012-11-05,18,OZ,1,1.39
2366382477,126,4,417,102800020,55437,2012-07-12,3.2,OZ,1,1
2366385358,89,29,2928,107142979,20299,2012-05-15,7.4,OZ,1,1.59
2366385358,89,30,3010,101111010,9907,2013-03-21,24,OZ,1,2.99
2366461056,96,96,9609,1051800050,88199,2013-01-15,0,,1,-0.4
2366462398,96,53,5307,103003434,7175,2012-07-01,12,OZ,1,2.29
2366462429,96,63,6320,103003434,7175,2012-04-22,12,CT,1,1.65
2366462429,96,57,5705,103663232,4568,2012-04-28,6,OZ,6,4.5
2366463771,96,26,2610,103003434,7175,2012-07-04,100,CT,1,1.99
2366463771,96,60,6007,101800010,14029,2013-01-26,8,OZ,5,12.5
2366466161,96,9,907,101410010,13791,2012-03-28,20,OZ,1,4.29
2366474747,214,9,914,107343575,9705,2012-10-07,4.4,OZ,1,0.98
2366474747,214,27,2706,105000050,6132,2013-05-17,3,OZ,4,2.16
2366497768,214,43,4302,104300040,4030,2012-11-22,12,OZ,1,2.18
2366497768,214,63,6320,104122040,20514,2013-03-27,36,CT,1,3.98
2366568241,214,70,7005,104650040,12977,2012-03-22,0.17,OZ,1,5.69
2366568241,214,5,520,103997838,2082,2012-04-14,32,OZ,1,5.49
2366571435,206,99,9908,103338333,33170,2012-07-28,8,OZ,1,1.98
2366612334,46,25,2506,105000050,32115,2013-03-22,16,OZ,2,3.34
2366612850,46,7,702,102550020,6550,2012-03-03,8,OZ,1,6.85
2366641294,46,49,4901,101312010,26885,2012-04-07,30,OZ,1,2.5
2366641294,46,72,7209,103700030,26880,2012-04-22,87.4,YD,1,5.79
2366641294,46,37,3705,104119646,14582,2012-08-24,18.5,OZ,2,2.5
2366641294,46,57,5705,107047070,20230,2012-08-28,6,OZ,1,0.7
2366641294,46,99,9909,107143070,5072,2012-09-04,9,OZ,1,1.99
2366641294,46,69,6901,103700030,16139,2012-12-12,0.5,OZ,1,1
2366641294,46,44,4404,107045979,12587,2013-02-13,11.25,OZ,1,2
2366699465,46,63,6317,102529323,16410,2012-12-30,64,OZ,1,3.09
2366699465,46,14,1411,103890030,5072,2013-02-09,20,OZ,1,1.25
2366747342,46,45,4511,102370020,18969,2012-10-25,40,OZ,1,11.99
2366782770,17,99,9908,102113020,15704,2012-09-09,32,OZ,1,6.99
2366782770,17,9,905,107518575,11221,2012-11-12,12,OZ,1,2.99
2366782770,17,33,3302,102389626,14268,2012-12-10,9,OZ,2,4.98
2366803005,4,37,3706,104227242,648,2012-03-20,14.5,OZ,2,4.98
2366841622,18,63,6315,102113020,10786,2012-06-24,128,OZ,1,2.99
2366850670,4,9,902,101410010,45039,2012-11-04,6.6,OZ,1,2.69
2366851603,95,36,3601,104900040,3809,2012-07-24,240,OZ,1,6.79
2366881759,360,25,2506,105000050,32115,2013-01-17,32,OZ,1,3.79
2367584976,230,25,2504,102800020,12547,2012-11-20,7.6,OZ,2,4.38
2367584976,230,41,4120,1072534272,12171,2013-03-16,6,OZ,2,3.38
2367586822,230,38,3802,107025373,13343,2012-12-03,2,LB,2,3.38
2367600792,230,29,2927,107107272,382,2012-04-14,26.4,OZ,1,4.39
2367600792,230,8,807,101958212,86245,2012-07-21,18,OZ,1,2.37
2367600792,230,64,6409,108130888,25521,2012-10-28,0.75,LT,2,19.98
2367600792,230,51,5126,102113121,11151,2012-11-11,19,OZ,1,3.5
2367600792,230,30,3006,107110070,8280,2012-12-22,32,OZ,1,3.09
2367600804,230,51,5125,102580020,16668,2012-08-15,9,OZ,3,8.97
2367600804,230,63,6305,1064938060,2513,2012-12-11,64,OZ,1,3.34
2367601639,230,8,803,106414464,7770,2012-03-03,12,OZ,1,1.79
2367601639,230,58,5812,107389070,17549,2012-06-01,16,OZ,1,4.09
2367601639,230,96,9632,107675070,18020,2012-11-16,1,CT,1,50
2367623248,42,79,7901,107485171,27775,2012-03-22,1,CT,1,12.99
2367623248,42,58,5812,107495676,8144,2012-06-30,11,OZ,2,11.98
2367623248,42,99,9908,103338333,33170,2013-03-16,16,OZ,1,1.49
