2499382196,16,34,3405,101111111,5168,2012-03-26,16,OZ,1,7.99
2499384174,16,26,2630,103600030,9787,2013-03-09,84,CT,2,4.7
2499389712,85,56,5607,1060788060,16965,2012-04-21,8,OZ,2,3.78
2499389712,85,63,6315,103680030,3679,2012-08-03,128,OZ,1,3.73
2499389712,85,53,5307,1060788060,16965,2012-12-09,12,OZ,1,-1.3
2499389712,85,59,5902,102100020,2321,2013-02-13,8,OZ,1,2.29
2499401187,85,75,7515,1030813737,4111,2012-04-21,1,OZ,1,5.29
2499401187,85,51,5115,101960010,3174,2012-08-13,5,OZ,4,5
2499401187,85,21,2103,104180040,19713,2012-10-05,64,OZ,1,3.43
2499426035,21,51,5117,104119040,14457,2012-05-20,18.3,OZ,1,3.49
2499426035,21,63,6320,1071514171,25530,2012-08-08,12,CT,1,2.99
2499426035,21,29,2904,101530010,13610,2012-12-02,5.1,OZ,1,1
2499426035,21,21,2117,105360050,17209,2013-01-20,67.5,OZ,1,1.5
2499427611,21,63,6305,102500020,11749,2012-08-11,59,OZ,1,1.99
2499427611,21,8,818,107294070,18909,2012-09-02,24,OZ,1,0.99
2499427913,21,9,922,1077098171,94010,2012-12-16,14,OZ,2,13.98
2499428782,21,99,9904,103338333,33170,2013-03-28,16,OZ,1,2.49
2499442122,104,63,6315,104113040,28204,2012-06-27,128,OZ,1,2.49
2499442122,104,36,3612,104128040,9181,2012-10-26,128,OZ,2,1.78
2499442122,104,72,7203,103700030,16040,2012-12-01,33.8,OZ,1,4.99
2499469907,101,45,4517,1070463979,2468,2012-06-23,32,OZ,1,9.99
2499469907,101,33,3303,107260070,8245,2012-08-25,10.5,OZ,1,4.29
2499472618,77,4,418,103400030,15449,2012-12-08,12,OZ,1,3.99
2499722832,70,56,5609,103582636,6564,2012-08-21,24,OZ,2,6.38
2499811708,65,17,1708,101920010,10882,2012-09-17,2.82,OZ,1,3.99
2499843191,65,36,3601,1072543979,40679,2013-01-08,144,OZ,1,2.5
2499843704,64,54,5401,103800030,5618,2012-05-16,10.75,OZ,1,2.09
2499843704,64,63,6312,105020050,52045,2012-05-17,64,OZ,1,1.67
2499872696,165,9,907,107203676,7953,2012-07-03,15,OZ,1,1.69
2499872696,165,9,908,107203676,7953,2012-07-18,14,OZ,1,3.99
2499873474,165,12,1205,107203676,7953,2012-11-10,5,OZ,4,3.08
2499873890,165,73,7307,1030004535,20403,2012-03-09,12,CT,2,19.98
2499873890,165,71,7113,107124979,21913,2013-06-01,12.6,OZ,3,11.97
2499874532,165,5,519,107203676,7953,2012-08-10,12.3,OZ,1,1.99
2499875012,26,5,516,101600010,12426,2012-09-08,7.1,OZ,1,3.99
2499875012,26,26,2630,103600030,9787,2013-02-07,184,CT,1,1.99
2499880468,89,99,9909,101111010,28083,2012-08-16,6,OZ,1,2.1
2499880468,89,96,9609,1055210050,88199,2012-12-06,0,,1,-0.5
2499880468,89,23,2301,101510010,4255,2013-04-11,16,OZ,2,2
2499881063,89,9,902,103010030,18457,2012-06-06,8,OZ,2,6.98
2499881063,89,9,902,103010030,3744,2012-08-02,16,OZ,1,2.49
2499881063,89,12,1205,108000080,17292,2012-10-04,9,OZ,1,3.46
2499882560,98,9,907,107763373,17614,2013-03-01,20,OZ,1,2.89
2499883265,89,70,7001,101111010,9907,2012-11-05,32,OZ,1,2.09
2499883265,89,21,2108,107084777,7912,2012-12-18,64,OZ,1,3.49
2499883265,89,33,3311,102840020,27521,2013-04-04,10.5,OZ,1,3.99
2499883265,89,25,2505,101111010,9907,2013-05-15,32,OZ,1,1.59
2499883265,89,29,2914,101356212,713,2013-05-31,6,OZ,2,3.34
2499887713,211,0,0,10000,0,2012-11-17,0,,1,0
2499887713,211,5,501,101600010,10797,2013-05-11,11.5,OZ,1,3.28
2499887713,211,33,3304,102840020,6777,2013-06-09,10.25,OZ,1,2
2499896985,12,36,3634,1078616272,7237,2012-03-29,20,OZ,2,2.36
2499896985,12,30,3008,107110070,8280,2012-12-02,15,OZ,1,5.39
2499896985,12,14,1410,103900030,10383,2013-01-28,15,OZ,1,2.59
2499898338,431,58,5823,104470040,13310,2012-08-02,16,OZ,1,2.99
2499898619,211,56,5604,108458787,12974,2012-07-04,6,OZ,1,3.14
2499898619,211,69,6901,103700030,16139,2012-10-03,2.6,OZ,1,2.25
2499913269,191,4,416,104000040,18946,2012-03-03,1.79,OZ,1,0.85
2499913269,191,63,6312,105360050,5487,2012-07-31,59,OZ,1,2.99
2499913269,191,63,6305,101111010,6678,2012-12-21,64,OZ,1,2.99
2499916164,58,57,5710,104667545,20216,2013-01-15,5.3,OZ,2,2
2499916164,58,0,0,10000,0,2013-03-29,0,,1,0
2499916358,58,34,3411,103700030,13056,2012-03-04,16,OZ,1,3.99
2499916358,58,25,2506,105000050,32115,2012-05-11,32,OZ,1,3.29
2499916358,58,31,3111,1078735979,6734,2012-08-04,3.5,OZ,1,3.39
2499916358,58,9,902,104400040,19783,2013-06-17,9,OZ,1,2.5
2499919212,151,9,907,101111010,9907,2013-03-08,20,OZ,1,1
2499920132,143,64,6401,103410030,11704,2012-09-14,288,OZ,1,15.99
2499920132,143,51,5126,102113121,11151,2012-11-29,14,OZ,1,2.59
2499920132,143,63,6305,102500020,11749,2012-12-16,59,OZ,1,2.79
2499920132,143,58,5833,101111010,9907,2013-01-06,16,OZ,1,3.14
2499920132,143,45,4509,104440040,7504,2013-03-23,8,OZ,1,3.99
2499920491,26,60,6007,101800010,14029,2012-11-03,8,OZ,3,4.14
2499924526,143,63,6316,101111010,9907,2012-10-28,8,OZ,1,0.87
2499924526,143,36,3603,101111010,9907,2013-04-05,256,OZ,2,7.18
2499924526,143,5,519,101111010,9907,2013-05-19,12.5,OZ,1,1.59
2499925758,83,96,9609,1055410050,88199,2012-05-12,0,,2,-1.5
2499925758,83,36,3630,104900040,23359,2013-02-28,67.6,OZ,2,3
2499935400,63,58,5833,101111010,6848,2012-05-20,16,OZ,1,4.69
2499935400,63,55,5567,107064070,19704,2012-06-14,24,OZ,1,3.5
2499935400,63,96,9609,1054082252,88199,2012-07-15,0,,1,-1
2499935400,63,6,601,101570010,17882,2012-09-28,10,OZ,1,3.29
2499935400,63,12,1205,104800040,38150,2012-11-16,5,OZ,1,0.89
2499935400,63,57,5705,107047070,20230,2013-01-21,6,OZ,4,2
2499935400,63,14,1404,101480010,12021,2013-05-21,23.4,OZ,1,2.18
2499938986,89,57,5705,103663232,4568,2012-05-27,16,OZ,1,2.38
2499940052,151,33,3303,102840020,10241,2013-05-07,9.5,OZ,1,2.49
2499947278,431,53,5329,101111010,9907,2012-08-09,12,OZ,2,2.08
2499947278,431,58,5823,104470040,13310,2012-08-25,8,OZ,1,3.84
2499947278,431,55,5556,101111010,9907,2013-03-19,128,OZ,1,4.99
2499952427,140,9,905,104300040,17447,2013-02-02,6,OZ,2,5.18
2499959695,98,8,803,106414464,7770,2012-06-10,12,OZ,1,1.69
2499981451,215,21,2106,108784888,6560,2013-02-09,16,OZ,1,0.99
2500012515,96,2,201,103760030,25412,2012-10-03,7.4,OZ,1,2.19
2500012515,96,0,0,10000,0,2012-11-04,0,,1,0
2500013390,96,51,5126,101380010,27474,2012-07-11,12,OZ,1,4.59
2500013390,96,37,3707,102400020,3843,2012-08-06,14.5,OZ,1,1
2500087360,214,26,2631,103600030,4139,2012-06-02,42,CT,1,1.97
2500106837,206,26,2630,106343565,16050,2012-05-30,60,CT,3,3.84
2500106837,206,63,6311,107146474,2142,2013-02-06,32,OZ,1,4.28
2500181041,46,19,1905,105150050,4935,2012-04-11,10,OZ,1,3.29
2500181041,46,95,9518,1064541666,25075,2012-10-20,1,CT,1,3.49
2500200225,46,16,1604,102200020,6021,2012-04-03,15,CT,2,2.22
2500200225,46,97,9753,10000,0,2012-09-24,1,CT,1,3.15
2500203600,46,36,3618,104900040,23359,2012-11-13,67.6,OZ,1,1.33
2500219897,46,95,9518,104282343,32819,2012-05-06,1,CT,1,2.99
2500219897,46,95,9518,106700868,25075,2012-07-22,1,CT,2,7.98
2500232836,46,99,9909,107143070,5072,2012-06-06,9,OZ,1,1
2500310646,217,97,9748,107033070,1783,2012-03-24,2,CT,1,4.99
2500310646,217,99,9908,102113020,15704,2012-10-09,12,OZ,1,-0.26
2500328101,15,8,814,107287878,8228,2012-12-27,16,OZ,1,3.19
2500363966,360,33,3307,104173545,14456,2013-02-22,32,OZ,1,18.99
2500388946,48,26,2628,103700030,2248,2012-04-07,1,RL,2,5.98
2500388946,48,28,2805,104656747,14903,2013-03-09,2.25,OZ,1,1.25
2500981009,42,63,6312,107654575,17876,2012-05-15,128,OZ,1,2.79
2500981009,42,4,410,107097070,13717,2013-04-07,3,OZ,4,6.36
2500981571,42,51,5126,102113121,11151,2012-04-23,10,OZ,1,3.49
2500982663,42,63,6314,104149747,19710,2013-01-08,8,OZ,1,1.19
2500982663,42,16,1604,101254616,4806,2013-02-25,9,CT,1,1.29
2500983593,42,27,2712,107572676,33170,2012-03-24,1,CT,1,1.5
2500983593,42,63,6315,104149747,19710,2012-04-20,64,OZ,1,1.82
2500983602,42,37,3705,105100050,2820,2012-04-07,19,OZ,2,4.78
2500983602,42,51,5125,102580020,16668,2012-12-22,9,OZ,3,7.47
2500983602,42,55,5560,104154848,5603,2012-12-22,16.1,OZ,2,8.98
2500983602,42,59,5902,103450030,10165,2013-01-19,15,OZ,1,3.89
2500984483,42,26,2632,104149747,19710,2012-09-29,72,CT,1,2.69
2500984483,42,9,903,104138747,60,2012-11-09,8,OZ,1,1.79
2500984509,42,41,4107,104149747,19710,2012-12-15,15.25,OZ,2,1.98
2500984976,42,27,2707,107910070,85,2012-05-28,3.15,LB,1,4.39
2501050637,403,92,9209,107410878,3947,2012-09-15,1,CT,1,12.99
2501419860,108,58,5828,103100030,1358,2013-03-23,6.4,OZ,4,7.96
2501419860,108,41,4107,1075480777,610,2013-06-22,15,OZ,4,4.96
2501526113,109,99,9908,103338333,33170,2013-04-15,16,OZ,1,1.5
2501548322,109,37,3709,104178949,11224,2012-04-21,2.25,OZ,3,0.84
2501558684,109,36,3632,104220040,16277,2012-09-07,12,OZ,1,1.79
2501633158,24,41,4108,1071754474,17649,2013-03-13,15,OZ,1,1
2501675455,24,8,809,105100050,2820,2012-12-27,10.5,OZ,2,3.38
2501749672,507,9,902,101410010,45039,2012-03-17,2,OZ,1,1.09
2501749672,507,97,9735,1080764888,100145,2013-03-23,1,CT,3,8.97
2501825437,508,26,2613,103700030,13481,2012-12-17,23,CT,1,8.99
2501884414,510,8,835,104150040,6714,2013-06-16,3.5,OZ,3,6.3
2501921250,507,33,3316,101356212,713,2012-08-17,7.5,OZ,1,2.36
2501921250,507,75,7503,104138848,1993,2012-09-02,0.45,OZ,1,2.93
2502196419,31,2,202,104144949,9916,2013-03-31,19.35,OZ,1,2.79
2502224396,21,4,412,102800020,12669,2012-07-29,4,OZ,2,2
2502224396,21,8,807,102700020,8612,2012-11-08,21.6,OZ,1,1.39
2502225148,21,33,3318,104119040,16347,2012-08-12,16,OZ,2,2.78
2502225148,21,30,3008,107147575,2953,2013-03-11,12,OZ,1,2.99
2502225148,21,9,901,104400040,13243,2013-04-12,15.35,OZ,1,4.49
2502225676,21,3,305,104119040,16347,2012-05-06,16,OZ,1,0.75
2502225676,21,21,2119,101200010,10522,2012-06-01,20,OZ,1,1
2502225676,21,26,2610,104142646,4913,2012-09-20,40,CT,1,1.19
2502225676,21,63,6315,104119040,16347,2013-01-28,64,OZ,1,2.19
2502239668,100,9,920,107641070,10160,2013-03-12,12,OZ,1,2.5
2502243255,104,35,3504,104815545,14363,2012-08-22,25,OZ,1,1
2502244255,101,9,903,102100020,85727,2013-01-29,6,OZ,1,2.37
2502244594,101,97,9781,10000,8255,2012-07-10,1,CT,1,-0.51
2502244594,101,29,2928,104100040,9814,2012-10-05,5.5,OZ,1,1
2502244594,101,99,9904,105410757,33170,2012-12-22,80,OZ,1,4.99
2502244594,101,26,2610,1068826767,7173,2013-02-01,100,CT,1,1.65
2502244594,101,27,2704,107910070,30096,2013-05-04,24,OZ,1,3.29
2502244594,101,29,2904,101600010,21633,2013-06-01,6.1,OZ,1,1.79
2502244723,101,63,6319,107774171,3738,2012-11-10,128,OZ,7,17.43
2502244932,101,8,801,1068826767,7173,2012-09-23,24,OZ,1,1.39
2502244946,101,33,3315,104114343,17593,2012-09-17,7,OZ,1,3.49
2502344566,64,55,5558,107585676,9798,2013-01-08,27,OZ,1,3.14
2502375255,373,9,922,102430020,10577,2012-03-12,9.5,OZ,1,1.25
2502375255,373,58,5823,107080070,16704,2013-02-19,9,OZ,1,1.99
2502426670,165,21,2114,1081097989,18822,2012-07-11,160,OZ,1,3.19
2502427131,165,5,516,1060265262,9673,2012-04-30,1.4,OZ,2,2.5
2502427131,165,72,7208,103500030,3830,2013-04-02,16,CT,1,7.99
2502427131,165,26,2629,107203676,7953,2013-06-03,250,CT,1,1.57
2502427854,165,55,5552,107756777,2347,2012-08-26,48,OZ,2,9.18
2502427854,165,99,9908,107203676,7953,2013-05-05,16,OZ,6,18
2502427854,165,9,922,107203676,7953,2013-05-11,10,OZ,2,10.58
2502430753,143,18,1802,104318040,25919,2012-03-06,1,CT,1,2.79
2502434542,89,96,9609,1053700050,88199,2012-03-09,0,,2,-2
2502434542,89,5,501,103800030,6796,2012-04-14,17,OZ,1,3.38
2502434542,89,37,3708,1076026373,1537,2012-11-25,9.8,OZ,2,7
2502444578,126,40,4004,101111010,9907,2012-05-18,8,OZ,1,2.18
2502444578,126,29,2928,105480050,19039,2012-12-22,6,OZ,1,0.99
2502445620,98,72,7205,105310050,804,2012-04-03,4.3,OZ,1,4.18
2502445620,98,9,917,102733121,9966,2012-06-28,27.5,OZ,1,1.58
2502445620,98,41,4120,101111010,9907,2012-07-24,6,OZ,1,0.49
2502445620,98,35,3509,107261373,401,2013-01-29,50.7,OZ,1,4.64
2502446075,83,96,9609,1054400050,88199,2012-08-10,0,,1,-0.75
2502446075,83,5,501,1088491282,8459,2013-02-16,18,OZ,1,3.29
2502446075,83,63,6315,101111010,9907,2013-02-22,128,OZ,1,2.49
2502453859,151,58,5823,105190050,26456,2012-07-27,16,OZ,1,3.99
2502453859,151,26,2619,101370010,8154,2012-11-17,28,CT,1,8.49
2502453859,151,30,3001,101111010,9907,2012-12-14,30,OZ,1,3.49
2502454466,431,0,0,10000,0,2012-07-21,0,,1,0
2502454466,431,36,3609,101111010,9907,2012-09-24,33.8,OZ,1,3.61
2502467122,191,51,5115,107192171,25673,2012-12-13,36.4,OZ,1,5.5
2502467122,191,9,902,104400040,19783,2013-01-02,9.1,OZ,1,2
2502467122,191,28,2803,107157979,6168,2013-03-17,24,OZ,1,2.99
2502494726,96,95,9518,1061029060,6015,2012-10-08,1,CT,1,3.69
2502494726,96,96,9632,107675070,8409,2012-12-04,1,CT,1,50
2502494997,96,99,9908,103003434,28496,2012-05-03,8,OZ,2,5
2502494997,96,96,9632,1088590989,8990,2012-12-08,1,CT,1,25
2502495239,96,4,416,103400030,20231,2012-10-28,1.4,OZ,2,1.34
2502495381,96,36,3601,101200010,13794,2012-03-11,96,OZ,2,8
2502495381,96,36,3630,104900040,3809,2012-10-25,144,OZ,2,4
2502495381,96,33,3302,102700020,57417,2012-11-24,17.4,OZ,1,4.99
2502495399,96,34,3405,101111111,5168,2012-04-22,8,OZ,1,3.5
2502495540,96,44,4404,105100050,13791,2013-03-15,11.75,OZ,1,1.64
2502496122,96,73,7307,104110040,3614,2012-06-04,30,CT,1,26.59
2502496169,96,33,3304,103800030,17050,2012-11-20,4.5,OZ,2,6
2502496299,96,36,3634,105200050,14597,2012-07-02,24,OZ,19,9.5
2502496322,96,25,2509,103003434,7175,2012-09-22,16,OZ,1,1.79
2502496322,96,36,3618,101200010,23361,2013-02-16,144,OZ,1,4.34
2502496322,96,57,5710,1068954464,6086,2013-04-05,5.3,OZ,1,1.5
2502509483,214,63,6315,104122040,23511,2013-05-30,64,OZ,1,1.98
2502509962,214,63,6315,104122040,20514,2012-08-18,128,OZ,1,2.98
2502509962,214,57,5707,107047070,20230,2012-09-16,12,OZ,1,1.78
2502621004,17,41,4120,107989373,12908,2012-12-08,6,OZ,2,1.98
2502665043,360,99,9908,103338333,33170,2013-01-17,32,OZ,1,2.49
2502665043,360,33,3325,102840020,21452,2013-06-03,20,OZ,1,8.99
2502937490,42,53,5307,104149747,19710,2012-05-27,32,OZ,1,2.99
2502937490,42,96,9609,1057002252,88199,2013-02-09,0,,1,-1
2502937569,42,8,835,102150020,10238,2012-05-13,12,OZ,1,2.99
2502937651,42,62,6201,104149747,19710,2012-10-15,16,OZ,1,2.99
2502937802,42,9,901,104400040,13243,2012-04-05,15.35,OZ,1,4.49
2502937802,42,36,3632,104149747,19710,2012-08-24,144,OZ,1,3.34
2502937802,42,21,2117,104300040,26420,2012-09-15,60,OZ,2,5.18
2502937802,42,5,501,1088491282,8471,2012-09-29,12.5,OZ,1,3.19
2502937802,42,58,5812,104470040,13310,2012-11-10,16,OZ,2,7.98
2502937802,42,5,501,101600010,15114,2012-11-23,18,OZ,1,4.19
2502937802,42,25,2506,105000050,32115,2012-12-02,32,OZ,1,3.39
2502937981,42,29,2906,1073762878,18216,2012-10-31,14,OZ,1,3.19
2502937981,42,58,5832,102370020,18969,2012-12-01,8,OZ,2,9.98
2502938608,42,63,6320,103360434,15917,2012-11-18,12,CT,1,1.79
2502938608,42,26,2633,104149747,19710,2012-12-01,4,RL,1,1.49
2502938608,42,99,9909,107127979,6732,2013-01-12,7,OZ,1,3.89
2502939159,42,56,5614,103090030,19704,2012-11-17,10,OZ,1,3.99
2502939159,42,56,5614,103090030,19704,2012-12-23,10,OZ,1,3.99
2503123539,401,92,9211,1030099737,15219,2012-12-30,0.38,OZ,1,7.99
2503205402,109,29,2908,107417575,20614,2012-07-29,30,OZ,1,1.59
2503205402,109,9,907,107417575,20614,2012-12-29,24,OZ,1,1.99
2503215729,109,63,6315,101122515,19197,2012-10-01,128,OZ,2,6.18
2503223743,109,14,1417,1079942474,71078,2012-09-16,32,OZ,1,3.99
2503223743,109,26,2634,103700030,3293,2013-01-27,6,RL,1,6.97
2503254894,377,41,4107,1071754474,17649,2012-03-30,15.25,OZ,1,0.5
2503254894,377,3,311,1064420969,5345,2012-05-04,12,OZ,1,2.99
2503254894,377,7,707,102550020,6550,2013-02-26,11.3,OZ,1,5.69
2503254894,377,63,6320,102142828,60122,2013-03-10,6,CT,1,3.39
2503258424,377,9,918,1069499060,10775,2012-05-29,5.29,OZ,1,2.99
2503532175,31,25,2504,105000050,3001,2013-02-11,12,OZ,1,1.39
2503582334,21,56,5607,102100020,2321,2012-07-18,8,OZ,1,2.59
2503583655,21,26,2629,104303242,11116,2013-03-04,400,CT,1,3.5
2503584696,21,37,3705,105100050,2820,2012-11-24,18.8,OZ,1,2
2503584696,21,26,2628,103700030,2248,2013-02-22,2,RL,1,7.29
2503584990,21,59,5906,104060040,26155,2012-03-17,45,OZ,1,6.89
2503584990,21,60,6011,101800010,14029,2012-11-04,16.3,OZ,2,4.58
2503584990,21,63,6320,104119040,16347,2012-12-01,30,CT,1,3.79
2503595162,8,8,835,102150020,10238,2012-03-26,12,OZ,3,13.47
2503599937,101,63,6305,104850040,18799,2012-04-06,89,OZ,1,5.59
2503599937,101,26,2629,107331070,11125,2012-09-13,500,CT,1,4.66
2503599937,101,45,4508,102575323,11134,2012-11-15,10,OZ,1,3.99
2503602120,101,21,2118,107618373,16756,2012-05-11,96,OZ,1,4.99
2503602120,101,33,3318,104178040,19154,2012-05-11,16,OZ,1,3.29
2503602431,101,27,2710,107023070,18373,2012-07-26,14,LB,1,6.09
2503602431,101,96,9632,107675070,101646,2013-02-17,1,CT,1,15
2503602431,101,4,407,103400030,18947,2013-03-26,5,OZ,1,1.49
2503686545,65,5,501,103800030,4352,2012-06-10,14.1,OZ,1,3.99
2503686545,65,96,9609,1053600050,88199,2012-06-20,0,,1,-2
2503728277,64,21,2119,103582636,6564,2012-03-15,202.8,OZ,1,5.69
2503728277,64,99,9909,107143070,5072,2012-05-20,6,OZ,1,0.6
2503728277,64,36,3628,101200010,12029,2012-07-07,144,OZ,1,3
2503728277,64,9,907,1072543979,40679,2012-10-05,20,OZ,1,1.29
2503758380,70,55,5556,107756777,2347,2012-07-15,48,OZ,1,6.99
2503782083,165,8,810,104600040,13023,2012-08-08,1,OZ,2,1.5
2503782083,165,6,610,1071941070,24978,2012-12-08,3.86,OZ,1,4
2503783539,26,45,4514,101111010,9907,2013-04-06,48,OZ,1,12.99
2503787177,58,14,1410,101111010,9907,2012-03-12,20,OZ,1,2.49
2503787177,58,58,5823,104470040,13310,2012-03-22,16,OZ,1,4.89
2503787177,58,45,4510,101111010,9907,2012-03-27,160,OZ,1,5.9
2503787177,58,9,907,101111010,9907,2012-12-11,12,OZ,1,1
2503787177,58,58,5836,107590070,2073,2013-04-06,12,OZ,1,3.44
2503789449,98,51,5126,102113121,11151,2012-03-21,14,OZ,1,2.58
2503789449,98,55,5555,107684070,32094,2012-04-16,16,OZ,1,4.19
2503789449,98,57,5710,103663232,4568,2012-04-16,5.3,OZ,1,1.29
2503789449,98,21,2121,107640676,9356,2013-02-18,11.3,OZ,1,0.38
2503820130,191,10,1010,101857919,9139,2012-04-21,16,OZ,1,3.49
2503820130,191,79,7901,10928191,107395,2012-11-01,1,CT,1,4.99
2503825234,83,8,814,102840020,18584,2012-04-07,15.5,OZ,1,2.99
2503825234,83,9,907,101111010,9907,2012-06-20,12,OZ,2,1.76
2503825234,83,36,3601,104900040,3809,2012-07-01,67.6,OZ,1,1.29
2503825234,83,51,5127,103100030,1358,2012-11-28,9,OZ,2,2
2503844652,96,56,5609,103003434,7175,2013-01-28,16,OZ,1,2.29
2503844748,96,23,2301,103003434,7175,2012-07-24,16,OZ,2,1.98
2503844748,96,33,3318,102840020,15441,2012-08-23,16,OZ,1,2.5
2503844748,96,0,0,10000,0,2013-03-13,0,,1,0
2503845572,96,53,5307,103003434,7175,2013-01-06,16,OZ,1,1.5
2503870621,214,30,3008,104133545,43106,2012-04-07,24,OZ,1,3.17
2503887624,206,63,6315,108685484,10218,2012-08-14,128,OZ,1,4.03
2503898477,46,9,901,1070897171,10653,2012-09-15,13.5,OZ,1,3.19
2503954047,17,55,5552,102073525,18893,2012-11-22,48,OZ,2,7
2503954741,17,8,811,104112949,3635,2012-04-20,24,OZ,2,6.38
2503954741,17,0,0,10000,0,2012-09-01,0,,1,3.99
2503968074,4,63,6323,102113020,10786,2012-06-15,128,OZ,1,3.19
2503976704,18,25,2506,102113020,10786,2013-07-19,32,OZ,1,2.5
2503994130,360,26,2619,104173545,14456,2013-01-21,15,CT,1,2.99
2504289471,42,7,708,1076211171,17286,2012-07-11,12,OZ,4,38.06
2504289547,42,33,3309,102840020,18584,2012-07-18,13,OZ,1,3.99
2504289547,42,54,5403,107790070,9200,2012-08-31,7,OZ,1,2.99
2504289606,42,30,3008,107110070,8280,2012-11-29,16,OZ,1,3.19
2504439822,401,96,9609,1055400050,88199,2012-05-26,0,,2,-2
2504512218,109,41,4121,107417575,20614,2012-09-07,8,OZ,3,0.99
2504538729,109,53,5307,107033272,20864,2012-09-18,12,OZ,1,2.49
2504538729,109,32,3202,107417575,20614,2012-10-31,24,OZ,1,1.49
2504563192,377,63,6315,1071754474,17653,2012-12-03,128,OZ,1,4.29
2504757223,510,4,418,103400030,45489,2012-04-01,11,OZ,1,2.88
2504846515,104,63,6321,107890272,18730,2012-11-25,8,OZ,1,2.99
2504848841,101,4,418,104000040,26517,2013-03-02,12.6,OZ,1,3
2504849385,101,58,5824,104450040,8318,2012-09-07,13,OZ,1,0
2504852507,101,23,2301,107130070,15474,2013-03-06,16,OZ,1,1.5
2504852507,101,9,902,102410020,44209,2013-03-14,13.7,OZ,1,3
2504853422,65,97,9753,10000,0,2013-02-09,1,CT,2,1.78
2504924867,65,8,803,1072543979,40679,2013-03-27,24,OZ,1,0.88
2504998122,71,25,2503,105000050,32115,2012-03-20,15,OZ,1,4.29
2504998122,71,44,4404,102059323,74497,2012-10-09,44,OZ,1,4.39
2505007191,64,72,7203,103700030,16040,2012-06-16,8.4,OZ,1,2.99
2505007191,64,36,3626,104900040,17186,2012-07-28,144,OZ,1,3
2505007191,64,26,2628,103700030,2248,2012-12-22,1,RL,1,2.19
2505037650,64,56,5620,104610040,15889,2012-09-11,8,OZ,2,4
2505037650,64,13,1302,107145171,9316,2013-04-02,32,OZ,1,1.79
2505047575,83,9,920,103010030,9530,2012-09-22,11,OZ,1,2
2505047575,83,29,2921,101600010,1756,2012-11-10,4.7,OZ,1,0.49
2505054334,211,21,2108,101111010,9907,2013-02-08,96,OZ,1,3.59
2505054611,126,0,0,10000,0,2012-07-01,0,,1,0
2505054688,126,9,901,104157343,20588,2012-11-03,10,OZ,1,4.99
2505056470,431,14,1416,101111010,9907,2012-09-18,15,OZ,3,2.65
2505058358,63,21,2117,101111010,9907,2012-03-10,60,OZ,1,2.79
2505058358,63,96,9609,10994470090,88199,2012-03-17,0,,1,-0.75
2505058358,63,5,501,103000030,58434,2012-05-05,12.5,OZ,1,1.88
2505058358,63,51,5133,107100777,5656,2013-02-18,24,OZ,1,3.49
2505064839,89,73,7304,104126040,9907,2012-06-12,36,CT,1,4.39
2505064839,89,45,4516,101111010,9907,2012-08-06,32,OZ,1,7.89
2505064839,89,26,2634,103600030,4139,2013-03-28,20,RL,1,12.99
2505071025,63,73,7310,101111010,9907,2012-12-18,24,CT,1,2.07
2505071025,63,97,9753,1085229888,0,2013-02-16,1,CT,1,2.5
2505083362,191,59,5902,101111010,85048,2013-04-11,16,OZ,1,3.99
2505090761,143,57,5704,103000030,12172,2012-11-27,5.3,OZ,1,1
2505107836,96,79,7902,1078093979,44318,2012-11-25,0,,1,2
2505107836,96,63,6313,104769242,43245,2012-12-06,7,OZ,1,3
2505108601,96,9,907,103003434,7175,2012-03-26,12,OZ,1,1.19
2505108601,96,24,2403,103003434,7175,2012-10-22,5,OZ,1,1.69
2505109039,96,55,5558,107585676,9798,2012-03-03,24,OZ,1,3.34
2505109039,96,63,6315,103003434,7175,2012-07-22,128,OZ,1,3.57
2505109095,96,8,803,101300010,8164,2012-05-23,17.5,OZ,2,4
2505146105,214,9,907,107343575,9705,2012-08-13,9.6,OZ,1,3.29
2505165945,46,33,3316,1070882070,11473,2012-12-13,8.75,OZ,1,1.89
2505168518,46,29,2903,106414464,3342,2012-09-09,14.5,OZ,1,0.8
2505231989,15,5,501,101600010,10797,2012-04-11,20.5,OZ,1,5.99
2505231989,15,4,405,1060069969,55864,2013-01-13,3,OZ,1,1.99
2505252821,360,99,9904,103338333,33170,2012-05-30,16,OZ,2,3.98
2505263026,48,99,9909,104656747,14903,2013-03-03,7,OZ,1,2.78
2505550970,42,37,3706,104119646,14582,2012-03-24,19,OZ,2,4.58
2505550970,42,25,2506,104410040,8481,2012-09-04,16,OZ,1,2.29
2505551107,42,62,6201,104149747,19710,2012-07-15,16,OZ,1,2.99
2505551634,42,51,5125,102580020,16668,2012-11-15,9,OZ,3,8.97
2505788975,109,53,5307,107417575,20614,2012-11-17,12,OZ,1,1.99
2505846690,24,26,2617,1071754474,17649,2012-07-16,1,CT,1,2.69
2505850298,377,63,6315,1071754474,24625,2012-03-05,128,OZ,1,3.39
2506076263,508,51,5133,107320272,9303,2012-06-11,20,OZ,1,4.49
2506358423,507,71,7114,1060308464,7034,2013-02-01,5.1,OZ,1,4.74
2506358423,507,97,9753,1072560676,0,2013-04-26,1,CT,2,15.98
2506481791,508,56,5616,108523989,11176,2012-10-25,8,OZ,2,5.02
2506481791,508,8,810,104150141,13296,2013-01-13,1.25,OZ,2,1.44
2506529620,507,74,7402,1084105888,5593,2012-09-06,14,OZ,1,3.79
2506547869,508,26,2622,1061525868,23664,2012-06-12,100,CT,1,2.61
2506547869,508,97,9753,104429444,0,2012-10-02,1,CT,2,9.96
2506547869,508,97,9753,1064491161,0,2012-12-14,1,CT,1,12.59
2506547869,508,97,9707,101121717,23664,2013-01-08,5,CT,1,2.41
2506621421,507,97,9731,1078790979,23277,2012-12-14,1,CT,2,10.48
2506621421,507,63,6311,108259282,12297,2013-03-02,15.2,OZ,1,2.82
2506697028,507,73,7307,1037003030,23664,2012-06-04,120,CT,1,24.99
2506808255,510,18,1842,105114151,16044,2013-01-29,1,CT,1,2.79
2506831016,510,95,9518,106700868,2988,2012-03-02,1,CT,2,3.98
2506831016,510,97,9753,1049032040,0,2012-03-19,1,CT,3,23.94
2507054261,85,51,5117,104280040,18599,2012-09-05,10.2,OZ,2,2.5
2507061471,21,36,3601,104900040,3809,2012-07-17,144,OZ,1,5.53
2507061471,21,58,5815,103861636,11137,2012-12-30,8,OZ,1,2.99
2507062193,21,30,3010,104520040,26727,2012-04-09,16,OZ,1,2.99
2507062193,21,99,9908,103338333,33170,2012-09-10,16,OZ,1,0.99
2507062193,21,99,9908,1078670575,27139,2012-12-14,80,OZ,1,1.99
2507078914,101,23,2310,107484777,16228,2012-09-27,14,OZ,1,2.99
2507263793,165,12,1205,108000080,17292,2012-07-16,12,OZ,1,4.29
2507263793,165,26,2610,107675373,2277,2012-10-09,25,CT,1,1.59
2507270346,89,55,5552,107756777,2347,2012-05-22,48,OZ,2,5
2507283204,126,33,3303,102840020,10241,2012-06-04,10,OZ,1,2.99
2507283204,126,38,3801,101111010,9907,2013-07-08,4,LB,1,2.58
2507286646,211,73,7314,102743424,11546,2012-05-10,90,CT,1,11.99
2507286646,211,63,6320,101111010,9907,2012-10-22,18,CT,2,3
2507286646,211,41,4105,102700020,8612,2013-01-26,14.5,OZ,10,5.4
2507288922,211,33,3305,102840020,5141,2012-08-24,11.5,OZ,1,1.88
2507299924,140,8,810,101111010,9907,2012-08-03,0.87,OZ,2,0.68
2507299924,140,99,9904,1081204989,27736,2013-03-10,16,OZ,2,2.58
2507300333,191,26,2628,101111010,9907,2012-04-22,1,RL,1,0.69
2507300333,191,56,5614,101111010,9907,2012-06-28,1,OZ,3,1
2507300333,191,58,5837,107705272,15490,2012-12-24,8,OZ,3,11.97
2507301162,191,8,801,101300010,8164,2012-04-20,32,OZ,1,2
2507307288,83,56,5616,104610040,15889,2013-06-25,8,OZ,1,3.49
2507307643,83,9,908,101111010,28113,2012-10-19,22,OZ,1,4.99
2507311329,215,9,922,102430020,10577,2012-04-28,12,OZ,1,1.79
2507311329,215,5,502,103800030,9543,2012-07-10,8,OZ,5,12.45
2507311329,215,9,921,104094848,35923,2013-03-23,4,OZ,2,1.1
2507311329,215,41,4109,105200050,19212,2013-06-01,15,OZ,1,0.5
2507325320,96,95,9518,1072047373,7848,2012-06-09,1,CT,2,10.98
2507325320,96,36,3611,104900040,4599,2012-07-23,405.6,OZ,1,5
2507325320,96,9,901,104400040,13243,2012-07-25,12,OZ,3,16.47
2507325601,96,31,3101,105210050,11382,2012-11-21,0.65,OZ,1,4.89
2507325746,96,92,9211,104155444,11347,2013-04-06,0.43,OZ,1,4.99
2507380320,46,97,9744,102600020,5723,2012-09-03,4,OZ,1,0.5
2507429781,3,63,6317,102529323,16410,2012-11-06,64,OZ,1,3.69
2507438972,4,58,5812,1063690666,12339,2013-04-12,14,OZ,2,6.98
2507453348,18,26,2630,102113020,15704,2012-11-01,76,CT,1,1.59
2507453348,18,99,9909,107127979,6732,2013-06-07,6,OZ,1,2.99
2507757233,42,19,1904,101122515,19197,2013-04-11,12,OZ,1,2.49
2507757307,42,33,3308,104126242,92654,2012-08-27,8,OZ,1,3.29
2507757506,42,14,1404,104149747,19710,2012-04-05,24,OZ,2,3.18
2507757506,42,26,2609,104149747,19710,2012-04-05,40,CT,1,1.99
2507757506,42,8,810,104149747,19710,2012-11-27,1.25,OZ,2,1.5
2507758736,42,10,1004,104300040,26232,2012-07-13,1,OZ,1,1.09
2508032965,376,63,6320,1071754474,17653,2013-01-17,18,CT,1,2.24
2508032965,376,27,2704,103810030,29945,2013-05-02,25,OZ,1,10.48
2508273715,31,29,2903,106414464,3342,2012-06-12,15,OZ,3,3
2508273715,31,55,5552,102114020,14434,2013-05-18,48,OZ,3,10
2508314362,101,37,3708,104100040,10522,2012-07-15,4.9,OZ,1,1.19
2508314362,101,33,3307,102900020,14112,2012-08-18,12.75,OZ,1,5.99
2508314362,101,23,2301,107130070,15474,2012-08-25,12,OZ,1,1
2508523828,98,5,501,101111010,9907,2012-06-08,20,OZ,2,2.7
2508523828,98,56,5617,102100020,9886,2012-11-13,12,OZ,3,4.47
2508526946,89,34,3405,1089345585,26874,2012-04-27,7,OZ,1,2.99
2508526946,89,51,5125,101380010,10271,2012-11-24,9,OZ,1,3.28
2508526946,89,73,7360,103076838,17627,2013-03-30,100,CT,1,5.59
2508527021,89,59,5910,103377636,16650,2012-10-03,15,OZ,1,3.19
2508528349,2,45,4510,101111010,9907,2012-07-12,48,OZ,1,7.99
2508528349,2,58,5823,104470040,13310,2012-07-17,8,OZ,1,4.99
2508528349,2,33,3304,102840020,6777,2012-12-04,10.5,OZ,1,2
2508542870,63,63,6320,101111010,6848,2012-04-07,12,CT,2,4.38
2508542870,63,95,9518,109210090,7848,2012-10-15,1,CT,1,2.79
2508546285,126,51,5123,102113121,11151,2012-10-08,24,OZ,1,5.59
2508571989,96,45,4509,103738636,20816,2012-06-21,12,OZ,1,6
2508581941,214,9,901,104400040,13243,2012-04-04,15.5,OZ,1,2.98
2508623701,46,57,5710,1068954464,6086,2013-04-08,17.6,OZ,1,3.59
2508633946,46,60,6001,105000050,30272,2012-12-15,16,OZ,1,2.69
2508692812,15,9,921,102113020,15704,2012-03-18,4,OZ,2,0.9
2508692812,15,9,907,102113020,15704,2012-05-06,24,OZ,1,1.77
2508692812,15,1,106,107989373,12908,2012-05-24,2.5,OZ,10,6.5
2508692812,15,9,921,102113020,15704,2012-12-06,4,OZ,2,1
2508729619,48,35,3509,107261373,401,2012-03-04,50,OZ,1,5.49
2508729619,48,4,418,103400030,9739,2012-03-11,10.78,OZ,2,6
2508729619,48,56,5616,104656747,14903,2012-04-01,8,OZ,1,3.5
2509000066,42,56,5620,102100020,9886,2012-12-20,8,OZ,1,3.99
2509001094,42,53,5307,104149747,19710,2012-08-07,24,OZ,1,1.69
2509479140,510,36,3603,104300040,4371,2012-07-28,384,OZ,2,6.58
2510251071,31,29,2904,102114020,19950,2012-07-21,14.5,OZ,1,2.79
2510351015,85,51,5117,104280040,18599,2012-10-07,10.5,OZ,2,3.34
2510351015,85,64,6408,108520080,17797,2013-03-28,0.75,LT,1,5.99
2510354969,85,99,9908,103825939,28907,2012-12-21,80,OZ,1,3.79
2510358530,85,73,7304,103680030,18533,2012-03-11,20,CT,1,4.29
2510358530,85,31,3101,103680030,3679,2012-10-10,2.5,OZ,1,0.99
2510358530,85,22,2201,103680030,3679,2012-11-27,128,OZ,1,1.98
2510365444,85,44,4404,1074816272,16521,2013-05-01,15,OZ,1,3.99
2510385178,21,21,2117,108768484,2903,2012-12-19,60,OZ,2,5.38
2510385375,21,56,5620,104119040,16347,2012-04-29,8,OZ,1,1.88
2510386285,21,55,5560,104154848,5603,2012-08-27,16.1,OZ,1,2.74
2510386285,21,58,5812,104470040,13310,2012-09-18,15,OZ,1,5.19
2510405277,104,57,5710,107047070,20230,2013-04-07,5.3,OZ,6,8.34
2510412345,8,26,2629,104116343,28439,2013-03-07,18,CT,2,2
2510414073,8,31,3101,104010040,27443,2013-02-26,0.7,OZ,1,6.49
2510416475,104,26,2608,104116343,8435,2012-08-30,24,CT,1,1.39
2510416475,104,21,2105,104900040,14357,2013-03-10,32,OZ,8,5.52
2510423343,101,63,6315,1068826767,81691,2013-04-29,128,OZ,1,3.76
2510423732,101,58,5899,107232272,27348,2013-04-20,20.8,OZ,4,15.96
2510423840,101,69,6901,107940070,5168,2012-10-07,2.6,OZ,2,7.79
2510423840,101,33,3305,102840020,18584,2013-02-09,14.5,OZ,1,3.99
2510423840,101,21,2105,105200050,7054,2013-03-30,32,OZ,10,14.72
2510425359,101,55,5558,1068826767,81691,2012-08-16,38.4,OZ,1,3.59
2510425959,101,97,9753,1023230424,0,2012-05-13,1,CT,1,11.53
2510425959,101,63,6325,1068826767,20614,2012-09-17,20,OZ,1,2.5
2510425959,101,26,2622,102570020,20361,2012-11-09,50,CT,1,2.35
2510425959,101,21,2106,103120030,12957,2013-04-21,64,OZ,1,2.99
2510427911,77,21,2112,107078474,18552,2012-03-15,64,OZ,1,2.99
2510427911,77,36,3631,107078474,18552,2012-07-23,67.6,OZ,1,1
2510428063,77,33,3316,101600010,2539,2012-03-19,7.5,OZ,1,2.79
2510428063,77,79,7903,108995585,27735,2012-03-30,1,CT,1,3.99
2510428063,77,63,6320,107078474,18552,2012-04-20,12,CT,1,1.49
2510428063,77,26,2614,103700030,514,2012-06-30,40,CT,1,3.5
2510428063,77,18,1829,104722343,17281,2013-01-04,1,CT,1,1
2510556280,65,99,9904,103338333,33170,2013-04-22,48,OZ,1,3.99
2510574437,65,51,5129,101450010,20864,2012-03-10,21,OZ,2,7.48
2510574437,65,56,5615,102100020,9886,2013-02-12,8,OZ,1,2.99
2510742370,65,16,1604,101254616,17473,2012-06-14,14,CT,1,1.49
2510742370,65,99,9909,107143070,5072,2013-03-02,11.1,OZ,1,1.99
2510816207,64,73,7304,101650010,25043,2013-01-03,20,CT,1,5.99
2510834131,65,41,4105,106414464,70939,2012-03-03,10,OZ,2,2.36
2510834131,65,55,5556,104154848,5603,2012-04-21,48,OZ,1,6.99
2510834131,65,58,5823,104470040,13310,2012-06-10,8,OZ,1,1.79
2510834131,65,51,5117,1072543979,40679,2012-06-16,22.35,OZ,1,3.29
2510834131,65,96,9609,1052073555,88199,2012-07-28,0,,1,-1
2510850646,165,26,2622,107203676,7953,2013-01-02,50,CT,1,3.79
2510852571,165,9,912,104812141,18322,2012-06-02,15,OZ,1,4.49
2510853733,26,35,3504,103500030,13470,2012-08-22,25,OZ,1,1.99
2510853733,26,63,6313,101111010,9907,2013-04-23,16,OZ,1,1.25
2510853733,26,1,103,101500010,7142,2013-06-02,7,OZ,1,1.04
2510853852,26,73,7356,103367434,12484,2012-04-28,50,CT,1,8.79
2510853852,26,21,2108,101111010,9907,2012-05-05,64,OZ,1,1.99
2510853852,26,36,3638,106827464,30855,2012-08-04,101.4,OZ,1,2
2510853852,26,9,902,103010030,47346,2013-02-09,16,OZ,1,2.5
2510854960,83,26,2633,101111010,9907,2013-06-24,12,RL,1,4.99
2510854960,83,8,807,101340919,17823,2013-07-05,18,OZ,1,2
2510862457,89,99,9904,1071575676,5278,2012-03-29,16,OZ,2,5
2510862543,89,36,3626,107800070,16223,2012-04-26,67.6,OZ,2,3.18
2510862543,89,44,4404,107045979,12587,2012-05-18,13.5,OZ,1,2.49
2510862543,89,41,4110,103940030,71386,2012-09-19,28,OZ,2,3.58
2510874789,431,0,0,10000,0,2012-08-02,0,,1,0
2510874789,431,21,2105,104900040,14357,2013-03-19,32,OZ,1,0.69
2510877229,151,96,9609,1053700050,88199,2012-10-19,0,,1,-2
2510877229,151,0,0,10000,0,2013-03-27,0,,2,0
2510898717,26,56,5621,101111010,9907,2012-07-08,8,OZ,2,4.58
2510900169,143,96,9632,107675070,25169,2012-06-07,1,CT,1,25
2510900169,143,97,9753,107675373,0,2012-06-07,1,CT,1,4.27
2510900169,143,36,3618,101200010,23361,2012-07-15,67.6,OZ,3,4.47
2510900169,143,5,501,101111010,9907,2012-08-12,11.5,OZ,1,1.99
2510900169,143,59,5906,104060040,26155,2013-04-15,15,OZ,2,5.94
2510900169,143,58,5814,104470040,10837,2013-05-28,8.9,OZ,2,5
2510901562,143,58,5823,1078533171,7796,2013-01-30,16,OZ,1,0.88
2510904662,89,63,6311,104180040,19713,2012-08-15,64,OZ,1,2.19
2510904937,89,9,907,101111010,9907,2012-09-17,15,OZ,1,1.99
2510924407,2,55,5555,107457070,26051,2013-01-19,28,OZ,1,6.99
2510925983,2,3,302,1074759979,7168,2012-09-18,10,OZ,1,4.29
2510938815,191,41,4107,101111010,6678,2012-08-27,14.5,OZ,2,1.34
2510938815,191,70,7002,104126040,9907,2012-12-19,25,CT,1,1.59
2510938815,191,23,2301,101111010,20588,2013-03-04,16,OZ,1,1.69
2510938815,191,56,5615,107283070,18390,2013-03-25,32,OZ,1,6.99
2510938815,191,31,3108,101111010,6678,2013-04-01,26,OZ,1,0.47
2510939935,191,10,1010,101111010,6678,2012-05-12,24,OZ,1,1.64
2510943766,58,58,5823,101111010,9907,2012-07-14,2.5,OZ,3,1.5
2510943766,58,15,1504,101111010,9907,2012-10-09,12,OZ,1,2.29
2510943766,58,26,2620,101111010,9907,2012-12-18,50,CT,1,2.5
2510945963,12,95,9518,1061029060,7848,2012-09-26,1,CT,1,3.99
2510945963,12,39,3903,101111010,20588,2012-12-31,8,OZ,1,5.49
2510946496,143,64,6401,108066080,11836,2012-07-05,144,OZ,1,11.99
2510946496,143,23,2301,104126040,20575,2012-07-14,16,OZ,1,1.67
2510946496,143,73,7308,104126040,9907,2012-11-18,25,CT,1,1.19
2510946496,143,4,421,104000040,16565,2012-12-07,2.17,OZ,2,1.78
2510946496,143,63,6315,101111010,9907,2013-01-25,128,OZ,1,2.89
2510988594,96,41,4120,102400020,3988,2012-06-17,6,OZ,2,1.5
2510988594,96,63,6305,104850040,18799,2012-11-27,128,OZ,2,14.78
2510988594,96,9,907,107131979,16021,2012-12-13,18,OZ,1,1.39
2510988840,96,63,6305,104850040,18799,2012-07-05,59,OZ,1,3.5
2510989057,96,9,922,104500040,8511,2012-07-29,13.5,OZ,1,2.5
2510989057,96,29,2930,103760030,72948,2013-02-23,10,OZ,1,2.99
2510990123,96,29,2914,102100020,71587,2012-03-26,12.9,OZ,1,3.99
2510990123,96,3,304,103003434,7175,2012-12-01,2,OZ,1,3.19
2510991183,96,4,419,1074759979,7168,2012-05-03,3.5,OZ,1,2.79
2510991183,96,79,7903,108995585,27735,2013-01-18,1,CT,1,3.99
2510992005,96,23,2301,107236878,4715,2012-05-07,16,OZ,1,3.19
2510992005,96,99,9904,1071575676,5278,2012-05-24,16,OZ,1,3.99
2510992005,96,18,1890,105209252,43069,2012-06-04,3,CT,1,6.29
2510992005,96,2,201,1064420969,5345,2012-07-24,16.5,OZ,1,1.79
2510992005,96,4,418,104000040,56360,2012-08-31,11,OZ,1,2.69
2510992005,96,5,516,101600010,12426,2012-12-28,7.1,OZ,2,6
2510992190,96,26,2617,103003434,7175,2012-07-05,1,CT,1,1.12
2510992190,96,9,905,104300040,17447,2012-11-01,6,OZ,1,2.29
2511013967,214,60,6007,101800010,14029,2012-05-26,8,OZ,1,2.08
