868576041,214,39,3903,1076172070,9488,2013-03-21,16,OZ,1,2.58
868591469,214,63,6315,104122040,23511,2012-05-09,64,OZ,1,2.18
868591469,214,8,805,107105373,3831,2012-06-14,4,OZ,1,0.99
868630152,214,23,2301,104122040,23511,2012-07-11,32,OZ,1,1.72
868758038,214,9,902,102410020,44209,2012-08-24,13.7,OZ,1,2.88
868758038,214,33,3307,104157040,2017,2012-09-29,16,OZ,1,6.92
868758038,214,19,1905,104122040,33746,2013-06-15,32,OZ,1,2.91
868758918,214,97,9753,101404515,0,2012-05-19,1,CT,1,28.67
868758918,214,36,3631,104122040,23511,2013-04-14,20,OZ,1,-0.05
868784822,214,27,2702,101780010,14717,2013-02-15,14,LB,1,22.97
868784822,214,79,7901,102710020,99696,2013-03-19,1,CT,1,4.5
868838415,214,36,3601,104900040,3809,2012-03-18,12,OZ,2,1.94
868838415,214,96,9609,1054122050,88199,2012-07-04,0,,1,-2
868838415,214,41,4107,104122040,20514,2012-07-12,15.25,OZ,2,1
868841450,214,5,501,103800030,11732,2012-05-11,15.8,OZ,1,2.58
868841450,214,10,1013,102400020,4704,2013-01-02,16,OZ,2,4
868841450,214,9,907,104122040,20514,2013-02-09,13,OZ,1,1.18
868894936,214,36,3635,101657111,17037,2012-05-01,17,OZ,3,3
868894936,214,99,9909,107143070,5072,2012-05-07,14,OZ,1,1.98
868894936,214,74,7407,107033070,1783,2012-12-02,8,CT,1,4.97
869035485,214,16,1601,102200020,20100,2012-03-09,45,CT,1,2.06
869075844,214,92,9214,107050171,12554,2012-05-29,7,CT,1,1.97
869075844,214,36,3630,107800070,5208,2013-01-02,144,OZ,1,4
869088233,214,4,410,1068646464,6426,2012-10-14,0.63,OZ,1,0.5
869088233,214,63,6320,104122040,20514,2013-02-12,12,CT,1,1.68
869122731,214,59,5907,101111515,8760,2013-05-20,16,OZ,2,1.76
869127363,214,28,2804,104122040,23511,2012-10-28,12,OZ,1,1.49
869143151,214,63,6316,107342070,4529,2012-04-28,16,OZ,1,1.98
869143151,214,60,6012,104122040,20514,2012-07-15,12.4,OZ,1,1.78
869143151,214,36,3635,104150848,27294,2012-09-28,25.3,OZ,1,1.38
869143151,214,45,4511,102370020,18969,2013-03-29,13.25,OZ,2,4
869148802,214,63,6315,104122040,23511,2012-03-10,32,OZ,1,1.5
869172049,214,17,1703,104129444,14048,2012-09-07,24,OZ,1,1.86
869172049,214,64,6409,108678585,15857,2012-11-30,0.75,LT,2,11.94
869175256,214,99,9908,103338333,33170,2012-05-03,16,OZ,1,1.39
869175256,214,0,0,10000,0,2013-03-25,0,,14,-10.45
869269860,214,96,9609,10999998595,88199,2012-07-06,0,,3,-1
869269860,214,69,6901,107940070,4696,2012-12-31,2.6,OZ,1,3.83
869276456,214,27,2701,101113212,491,2012-05-29,13.2,OZ,4,2.72
869278092,214,7,709,109955595,31032,2012-03-31,4.87,OZ,1,7.59
869278092,214,26,2613,103700030,10861,2012-06-14,27,CT,1,6.97
869278092,214,14,1405,104122040,20514,2012-06-17,16,OZ,1,0.99
869297999,214,99,9904,1066529060,52314,2012-05-12,16,OZ,1,1.77
869326022,214,33,3305,102840020,5141,2012-09-16,3.38,OZ,1,1.49
869326022,214,26,2634,103600030,4139,2013-03-03,4,RL,1,3.19
869332038,214,79,7901,1072527474,45338,2012-04-27,1,CT,1,2.99
869332038,214,17,1703,103500030,6073,2013-03-17,56,OZ,1,2.87
869401637,214,33,3315,102840020,21452,2012-06-12,1.88,OZ,2,1
869416507,214,81,8102,104210040,7716,2012-10-01,1.2,OZ,2,6.9
869416507,214,64,6408,108143484,1959,2013-02-22,0.75,LT,2,13.54
869431505,214,34,3403,103500030,8919,2012-11-23,30,OZ,1,4.25
869431505,214,18,1890,105209252,43069,2012-12-14,1,CT,1,2.97
869450432,214,36,3630,107800070,5208,2012-03-04,240,OZ,1,6.27
869450432,214,30,3009,102100020,9886,2012-03-15,24,OZ,1,3.16
869450432,214,21,2118,107618373,16756,2012-04-11,96,OZ,2,9.92
869450432,214,2,201,101600010,1756,2012-12-13,15.25,OZ,1,1.12
869478678,214,99,9908,103710232,11930,2013-01-17,8,OZ,1,1.78
869478678,214,26,2629,104200040,19231,2013-01-17,200,CT,1,1.82
869478678,214,9,907,104122040,23511,2013-02-17,11.75,OZ,1,1.68
869495453,214,97,9799,107314979,17357,2012-07-26,1,CT,1,5.97
869513533,214,9,920,107641070,10160,2013-05-04,11.25,OZ,1,2.38
869545013,214,63,6316,107342070,4529,2012-05-30,24,OZ,1,2.84
869555529,214,36,3601,101200010,13794,2013-03-13,67.6,OZ,1,1.34
869555529,214,36,3627,104122040,23511,2013-04-21,144,OZ,1,2.25
869589834,214,18,1823,103320030,875,2012-03-18,30,OZ,1,1.48
869589834,214,26,2633,104122040,20514,2012-05-28,12,RL,1,5.22
869596842,214,17,1703,1080812484,12129,2012-05-18,16,OZ,1,3.98
869596842,214,36,3618,104900040,23359,2013-02-01,67.6,OZ,1,1.67
869653099,214,18,1828,1089348484,2363,2012-11-18,14,OZ,1,2.47
869653099,214,97,9753,1020413525,0,2013-01-20,1,CT,1,1.55
869653099,214,26,2633,104122040,20514,2013-02-18,4,RL,1,1.65
869653099,214,55,5556,107189979,2010,2013-06-08,64,OZ,1,5.75
869667513,214,30,3001,102100020,9886,2012-10-03,12,OZ,1,2.27
869667513,214,6,610,1061126969,15041,2013-01-14,16,OZ,1,2.96
869667513,214,63,6315,104122040,23511,2013-03-23,128,OZ,1,3.38
869704561,214,31,3101,107175878,2139,2012-10-17,1,OZ,1,1.98
869796294,214,0,0,10000,0,2012-09-28,0,,1,50.11
869796294,214,12,1205,104800040,38150,2013-02-19,5,OZ,2,1.56
869799388,214,63,6328,102016929,16492,2012-07-07,24,OZ,1,2.98
869821271,214,36,3618,107800070,4944,2013-01-10,144,OZ,1,3.97
869837508,214,63,6305,104122040,20514,2012-06-23,64,OZ,1,1.98
869837508,214,36,3601,104122040,23511,2012-09-28,20,OZ,1,0.5
869837508,214,37,3709,104178949,11224,2012-12-19,36,OZ,1,2
869848561,214,96,9609,1050000050,88199,2013-02-23,0,,1,-0.78
869868543,214,58,5827,104122040,20514,2012-08-08,12,OZ,1,2.97
869876829,214,99,9904,1066529060,52314,2012-08-25,16,OZ,2,3
869876829,214,36,3603,107239272,74166,2013-01-23,768,OZ,2,1.84
869876829,214,64,6410,1063598565,11683,2013-05-10,134.4,OZ,1,13.47
869917311,214,96,9609,1057007454,88199,2012-04-19,0,,1,-2
869917311,214,12,1203,102010020,1525,2012-07-23,3.75,OZ,1,1
869917311,214,7,707,104122040,20514,2012-07-30,13,OZ,1,2.48
869917311,214,41,4107,104122040,20514,2013-02-19,14.5,OZ,2,1.36
869950113,214,9,917,104122040,23511,2012-04-28,25.5,OZ,1,1.38
869950113,214,18,1890,105209252,43069,2012-04-28,2,CT,1,2.97
869950113,214,37,3703,105100050,2820,2013-04-08,10.75,OZ,1,1
869982866,46,95,9518,106700868,25075,2012-05-24,1,CT,1,2.99
869982866,46,95,9517,106700868,25075,2013-03-24,1,CT,1,2.99
870065876,214,26,2629,104122040,23511,2013-04-17,500,CT,1,3.27
870082406,214,9,907,104122040,20514,2012-11-22,12,OZ,2,2
870118416,214,69,6901,1088348484,17764,2012-07-10,2.7,OZ,1,1.96
870118416,214,71,7113,1085509383,14407,2012-09-11,13.5,OZ,1,2.47
870118416,214,26,2609,104122040,20514,2012-09-17,50,CT,1,1.72
870118416,214,3,305,103320030,875,2013-02-05,8,OZ,2,0.88
870118416,214,23,2301,104122040,23511,2013-02-26,16,OZ,1,0.88
870141128,214,21,2103,103120030,12957,2012-03-11,64,OZ,1,3.28
870201787,214,9,906,107142979,20299,2012-06-05,12,OZ,1,1.34
870201787,214,29,2904,104122040,20514,2013-02-05,6.8,OZ,1,1
870222107,214,5,501,104122040,20514,2012-06-08,15,OZ,1,1.88
870222107,214,21,2117,108768484,2903,2012-09-15,60,OZ,1,2.28
870299588,214,96,9609,1050000050,88199,2012-08-22,0,,4,-2.55
870299588,214,28,2805,104122040,20514,2012-09-27,13,OZ,1,2.59
870299588,214,64,6401,107199070,9606,2013-04-05,360,OZ,1,14.97
870336206,214,31,3108,104122040,23511,2012-04-01,26,OZ,1,0.34
870336206,214,60,6011,104122040,20514,2012-04-28,16,OZ,1,1.36
870336206,214,73,7312,107430070,19436,2012-09-08,0.5,OZ,1,3.58
870336206,214,13,1306,104122040,20514,2012-11-03,5,LB,1,1.78
870336206,214,51,5115,107192171,25673,2012-11-21,23.4,OZ,1,5.38
870336206,214,22,2201,104460040,3718,2012-12-10,64,OZ,1,1.98
870336206,214,99,9908,103338333,33170,2013-02-16,160,OZ,1,3.77
870389816,214,26,2628,103600030,9787,2012-08-01,60,CT,1,2.77
870389816,214,96,9609,1050000050,88199,2012-12-05,0,,2,-1
870389816,214,24,2407,101700010,885,2013-04-09,4.75,OZ,2,0.96
870503826,214,56,5616,104122040,23511,2012-03-09,16,OZ,1,2.58
870503826,214,35,3509,103320030,875,2012-12-28,75,OZ,1,4.94
870503826,214,59,5905,102700020,6455,2013-04-05,11.9,OZ,1,2.12
870503826,214,45,4509,1061780767,26849,2013-05-07,32,OZ,2,27.88
870533843,46,33,3307,102900020,14112,2012-03-11,16,OZ,1,2.5
870533843,46,37,3709,107066272,12673,2012-06-02,3,OZ,3,1
870533843,46,58,5833,107057575,27210,2012-09-09,10,OZ,1,0.99
870533843,46,72,7205,103700030,4294,2012-09-09,6.4,OZ,1,1.96
870534229,214,8,808,104800141,8178,2013-02-23,9,OZ,1,1.76
870590553,214,9,907,107195575,2623,2012-04-14,24,OZ,1,2.14
870590553,214,97,9753,1020476020,0,2012-11-16,1,CT,1,3.07
870590553,214,58,5824,108242585,22534,2013-03-26,12,OZ,1,2.33
870593186,214,32,3202,104122040,20514,2012-09-03,48,OZ,1,2.58
870593186,214,58,5827,104122040,20514,2013-03-08,12,OZ,2,5.96
870593186,214,96,9609,1054300050,88199,2013-04-03,0,,8,-8
870607960,214,7,706,101200010,17286,2013-01-07,15,OZ,2,4.72
870618729,214,9,917,1070396575,18365,2012-10-06,14,OZ,1,1.28
870618729,214,75,7520,104122040,23511,2013-03-09,375,CT,1,2.06
870624700,214,57,5705,104667545,20216,2012-05-03,15,OZ,2,4.36
870624700,214,25,2508,102529323,16410,2013-01-06,64,OZ,2,5.96
870624700,214,29,2904,101600010,7860,2013-04-08,4.7,OZ,1,1.35
870624700,214,25,2508,102529323,16410,2013-04-08,32,OZ,1,1.99
870629702,214,41,4107,104122040,23511,2012-08-15,8.5,OZ,1,0.5
870629702,214,72,7203,103700030,16040,2013-04-26,33.8,OZ,1,3.97
870647994,214,30,3008,107110070,8280,2012-09-11,24,OZ,1,3.32
870647994,214,41,4108,103940030,71386,2013-01-03,16,OZ,1,0.77
870658063,214,63,6320,104122040,20514,2013-02-27,12,CT,1,1.68
870678670,214,37,3709,104178949,11224,2013-01-05,3,OZ,6,1.02
870678670,214,60,6011,101800010,14029,2013-01-11,17.3,OZ,1,1.48
870683449,214,97,9753,1085058282,0,2013-03-03,1,CT,1,1.98
870687398,214,51,5133,101769616,4744,2012-10-13,36,OZ,1,6.58
870687398,214,56,5616,102100020,9886,2012-11-25,8,OZ,2,4.96
870687398,214,4,418,103400030,22071,2012-12-02,4.4,OZ,1,1.25
870687398,214,99,9908,103338333,33170,2012-12-23,48,OZ,1,2.52
870687398,214,5,501,1088491282,16363,2012-12-23,15,OZ,1,2.78
870730196,214,29,2914,102100020,19279,2012-05-29,2.39,OZ,1,0.98
870730196,214,33,3304,102840020,6777,2012-06-01,10.5,OZ,1,2.28
870730196,214,36,3601,104900040,3809,2012-08-28,144,OZ,1,3.67
870785472,214,57,5710,1089470080,21065,2012-10-08,5.3,OZ,4,4
870811058,214,51,5122,108298888,19799,2013-01-05,9.5,OZ,1,3.78
870828741,214,58,5827,107962171,20097,2012-08-12,24,OZ,1,6.88
870828741,214,69,6901,101204414,13056,2012-10-09,2.6,OZ,1,3.97
870848546,214,18,1841,103700030,17864,2012-05-13,12,CT,1,6.52
870865692,214,41,4107,104122040,20514,2012-05-17,14.5,OZ,3,2.28
870865692,214,59,5902,103450030,10165,2012-08-30,8,OZ,1,2.75
870865692,214,97,9753,1023871020,0,2013-03-22,1,CT,2,14.97
870865692,214,7,708,107200373,17367,2013-05-07,12,OZ,1,8.75
870904568,214,4,421,102200020,17287,2012-05-04,14,OZ,2,4.56
870904568,214,25,2508,102529323,16410,2012-06-22,32,OZ,1,1.98
870904568,214,38,3801,104122040,23511,2012-06-29,4,LB,1,2.36
870904568,214,35,3508,103700030,18371,2013-03-01,57,OZ,1,8.97
870915630,46,29,2928,101740010,11748,2013-02-01,8.8,OZ,1,1.99
870979800,214,5,501,103800030,4352,2012-07-17,14.1,OZ,1,2.64
870979800,214,8,818,103620030,14868,2012-12-08,24,OZ,1,1.68
870979800,214,12,1206,104122040,23511,2012-12-08,6,OZ,1,2.75
871023017,214,26,2619,104122040,23511,2013-01-14,22,CT,1,3.84
871023017,214,16,1604,102200020,20100,2013-01-28,45,CT,1,2.99
871038470,214,33,3305,102840020,5141,2012-03-11,11.5,OZ,1,2.68
871038470,214,56,5619,104122040,23511,2013-06-09,32,OZ,1,4.58
871116847,214,33,3305,102840020,5141,2013-03-09,3.38,OZ,1,1.49
871205635,214,26,2622,104122040,23511,2012-11-19,25,CT,1,2.48
871226959,214,31,3101,105210050,11382,2012-11-30,0.5,OZ,1,2.98
871276640,214,51,5122,107142171,14012,2013-01-18,4.9,OZ,1,1.59
871360300,214,57,5710,108819484,2433,2012-04-19,6,OZ,1,0.8
871362622,214,97,9753,1020410323,0,2012-03-03,1,CT,1,2.59
871362622,214,26,2611,103600030,14191,2012-05-26,12,CT,1,4.58
871374772,214,74,7407,107033070,1783,2012-08-06,4,CT,1,5
871374772,214,5,502,103485636,19713,2012-10-18,9,OZ,1,2.34
871424405,214,97,9753,1020422525,0,2012-05-29,1,CT,1,7.08
871424405,214,99,9909,104122040,23511,2012-11-28,12,OZ,1,1.58
871461374,214,26,2617,101090010,15232,2012-04-07,1,CT,1,2.96
871461374,214,99,9904,103338333,33170,2012-06-24,16,OZ,1,3.98
871461374,214,72,7203,103700030,4294,2012-09-24,1.22,OZ,1,0.97
871461374,214,56,5616,104122040,23511,2012-12-16,16,OZ,1,2.47
871461374,214,99,9908,107146474,53154,2013-03-10,10,OZ,1,1.78
871461374,214,99,9904,107143070,5072,2013-07-07,16,OZ,1,1.78
871481073,214,40,4005,108098787,10089,2012-12-20,1.46,OZ,1,4.99
871481073,214,58,5827,102531727,763,2013-03-29,8,OZ,2,9.14
871576827,46,99,9904,1066529060,33170,2012-06-01,1,CT,1,2.5
871576827,46,63,6321,104082242,15667,2012-08-12,10,OZ,1,3
871576827,46,9,905,104300040,17447,2012-11-16,6,OZ,1,1
871576827,46,21,2111,103120030,12957,2012-12-15,64,OZ,1,2.5
871632965,214,63,6315,104122040,23511,2012-11-08,128,OZ,2,7.56
871632965,214,55,5559,102500020,11749,2012-12-06,12,OZ,2,2
871632965,214,36,3612,106827464,30855,2013-05-16,128,OZ,2,1.98
871632965,214,58,5815,102781525,885,2013-07-11,5,OZ,1,1.98
871654489,214,63,6315,104122040,23511,2012-12-09,64,OZ,1,2.08
871654489,214,18,1836,101680010,15565,2013-01-20,32,OZ,1,2.86
871654489,214,41,4107,104122040,20514,2013-03-17,14.5,OZ,2,1.52
871654489,214,29,2903,106414464,3342,2013-04-21,15,OZ,2,1.72
871664964,214,58,5824,1078391979,27491,2012-08-11,16,OZ,1,4.98
871711588,46,58,5824,104125040,11473,2012-09-24,6.4,OZ,2,2
871711588,46,71,7114,1071928373,11473,2013-02-11,20,OZ,1,1.29
871774144,214,96,9609,1050000050,88199,2012-08-19,0,,1,-1
871783771,214,37,3709,104178949,11224,2012-08-17,27,OZ,1,3.36
871783771,214,97,9748,107251272,13771,2012-08-21,3,CT,1,1.79
871783771,214,57,5707,104122040,23511,2013-03-27,18,OZ,1,2.14
871854191,214,31,3101,105210050,11382,2012-03-16,0.8,OZ,1,2.99
871854191,214,71,7115,1081568080,30905,2012-05-26,8,OZ,1,7.98
871854191,214,65,6502,101800010,14029,2012-06-23,14.1,OZ,2,5
871854191,214,9,903,1074951272,8666,2012-07-07,9,OZ,1,3.28
871854191,214,59,5902,103450030,10165,2012-11-10,15,OZ,1,3.48
871854191,214,58,5828,107790070,9200,2012-11-10,9.6,OZ,1,2.5
871854191,214,21,2117,108768484,2903,2012-11-24,60,OZ,1,3.49
871854191,214,53,5307,101450010,20864,2013-02-03,12,OZ,1,1.78
871863737,214,60,6012,104122040,20514,2012-04-02,13.9,OZ,1,1.68
871863737,214,97,9711,104889444,4319,2012-11-16,1,CT,1,29.97
871863737,214,9,907,107225070,12465,2013-02-23,20,OZ,1,2.78
871863737,214,9,901,102780020,12006,2013-03-01,12.5,OZ,1,2.68
871880686,214,56,5611,104122040,20514,2012-03-09,7.5,OZ,1,1.97
871880686,214,41,4105,102400020,4704,2012-04-30,14.5,OZ,1,0.88
871880686,214,11,1111,10834686,27393,2013-05-02,9.17,OZ,1,4.88
871889982,214,37,3703,105100050,2820,2013-03-19,10.75,OZ,1,1.5
871895923,214,26,2631,103600030,4139,2013-01-27,42,CT,1,1.96
871906173,214,56,5615,104122040,23511,2012-11-27,8,OZ,1,2.38
871957164,48,9,907,104656747,12717,2012-04-19,10,OZ,1,2.19
871957164,48,8,816,107873272,23228,2012-09-21,15,OZ,1,4.49
871957164,48,0,0,10000,0,2012-11-17,0,,-1,-3
871957164,48,63,6316,1071754474,17653,2012-12-27,16,OZ,1,2.39
871977991,214,4,421,104000040,17287,2012-03-22,7.3,OZ,1,2
871977991,214,73,7307,1035058030,1636,2012-09-20,8,OZ,1,8.24
871996244,214,33,3307,102900020,14112,2013-06-14,16,OZ,1,3.5
871997083,214,63,6312,102500020,2362,2012-07-27,59,OZ,1,1
871997083,214,18,1831,104150545,15107,2013-04-07,1,CT,5,8.85
872019605,48,17,1701,102340020,16836,2012-07-19,17,OZ,1,3.15
872019605,48,17,1704,104460040,18389,2013-03-29,32,OZ,1,5.19
872045141,214,97,9753,1023880828,0,2012-05-26,1,CT,1,3.92
872049723,214,35,3509,103320030,875,2012-07-08,57.12,OZ,1,5.47
872055197,48,59,5907,102740020,16291,2012-10-12,15,OZ,1,3.49
872059855,214,58,5823,105190050,26456,2012-08-06,16,OZ,1,3.98
872059855,214,73,7302,104122040,23511,2012-10-11,50,CT,1,2
872062909,214,95,9518,1072047373,7848,2012-06-24,1,CT,3,16.4
872070223,214,96,9609,1050000050,88199,2013-02-22,0,,1,-0.75
872078973,214,60,6012,101800010,14029,2012-12-31,12.4,OZ,1,1.98
872078973,214,58,5814,102781525,885,2013-01-12,10.6,OZ,1,2
872088424,214,32,3202,107339171,10732,2012-07-12,24,OZ,1,2.86
872126225,214,41,4107,104122040,20514,2012-07-30,14.5,OZ,1,0.67
872126225,214,45,4509,1078304171,22436,2012-12-13,14,OZ,1,5.98
872141134,214,58,5812,105450050,1322,2012-12-18,16,OZ,2,5.56
872141134,214,53,5307,107056070,14005,2013-02-06,8,OZ,2,5.7
872174738,214,51,5116,107192171,25673,2012-05-03,30.5,OZ,1,5.28
872174738,214,11,1102,1030002535,5842,2012-07-06,460,CT,1,5.69
872174738,214,75,7520,1030052131,27166,2013-02-13,500,CT,1,3.44
872178205,214,0,0,10000,0,2012-03-23,0,,1,-0.7
872178205,214,9,912,104812141,18322,2013-02-01,13,OZ,1,2.98
872179414,214,26,2629,103700030,2248,2012-08-25,160,CT,1,3.49
872179414,214,55,5552,107189979,2010,2013-02-16,64,OZ,1,4.97
872182182,214,41,4110,103940030,71386,2012-09-03,22,OZ,1,1.75
872183546,214,71,7113,1030815131,3609,2012-11-12,10.1,OZ,1,2.84
872185600,214,56,5620,103090030,19704,2012-03-26,8,OZ,1,2.78
872202452,214,97,9753,1020404626,0,2012-04-05,1,CT,1,2
872202452,214,97,9753,1020466323,0,2013-03-26,1,CT,1,1.82
872216966,214,33,3308,102840020,3387,2012-04-29,3.5,OZ,1,2
872216966,214,4,418,101070010,56124,2013-03-22,11.1,OZ,1,3.94
872222072,214,10,1011,107349171,9883,2012-04-11,24,OZ,1,2.67
872226035,214,4,419,104000040,5168,2013-03-28,8.5,OZ,1,1.74
872247695,214,97,9753,107143070,0,2012-04-14,1,CT,1,3.75
872247695,214,96,9609,1051904555,88199,2012-06-23,0,,1,-1
872247695,214,26,2622,102570020,20361,2012-06-30,24,CT,1,2.68
872247695,214,99,9909,104122040,23511,2013-02-02,12,OZ,1,2.53
872308316,214,97,9753,1020479828,0,2013-02-18,1,CT,1,2.16
872308316,214,57,5710,1089470080,21065,2013-06-12,5.3,OZ,5,6.1
872349904,214,21,2119,108390080,12546,2012-07-14,202.8,OZ,1,4.96
872349904,214,47,4704,102500020,11749,2012-07-17,12,OZ,1,1.18
872349904,214,5,502,101600010,1756,2013-02-16,8,OZ,1,2
872378011,214,22,2201,104460040,3718,2012-06-25,96,OZ,1,1.98
872378011,214,36,3632,107181777,73881,2012-07-26,144,OZ,1,3.97
872399386,214,96,9609,1054300050,88199,2012-06-21,0,,2,-0.4
872399386,214,36,3632,102113626,107125,2012-10-15,84.5,OZ,1,1.19
872414076,46,25,2506,1071373373,11473,2012-03-09,32,OZ,1,2.49
872414076,46,12,1206,108000080,17292,2013-03-20,5,OZ,4,5
872434814,214,26,2617,104122040,23511,2012-12-26,1,CT,1,2.36
872437672,214,29,2920,102970020,8711,2013-01-22,4,OZ,2,1.74
872441046,214,9,910,101410010,13791,2012-10-07,7.5,OZ,1,2.58
872441046,214,19,1910,1089111484,66584,2013-02-28,13,OZ,1,2.39
872442713,214,63,6315,104122040,23511,2012-07-31,64,OZ,1,2.18
872442713,214,59,5902,103450030,10165,2012-10-13,15,OZ,1,3.18
872469317,214,0,0,10000,0,2013-04-03,0,,1,3.99
872469317,214,9,917,107373171,11786,2013-04-15,27.5,OZ,1,1.78
872471577,214,37,3706,105100050,2820,2012-09-04,10.75,OZ,2,2.88
872471577,214,26,2634,103700030,3293,2012-09-11,30,RL,1,15
872471577,214,36,3632,102500020,11749,2012-12-17,144,OZ,2,9.14
872471577,214,26,2622,102570020,20361,2013-01-15,50,CT,1,2.08
872479009,48,58,5828,103390030,9286,2012-08-31,6.8,OZ,6,13.74
872484809,214,51,5132,104122040,23511,2012-03-18,11,OZ,1,2.65
872484960,214,9,907,104122040,20514,2012-07-27,24,OZ,1,0.88
872507626,214,56,5620,102100020,9886,2013-02-08,8,OZ,1,2.52
872507626,214,63,6315,104122040,23511,2013-02-13,128,OZ,1,3.58
872509949,48,64,6408,108158484,39787,2012-04-17,0.75,LT,2,37.98
872509949,48,34,3411,107418272,16853,2012-09-04,18,OZ,1,4.99
872518000,214,97,9753,1020481626,0,2012-03-08,1,CT,1,1.62
872518000,214,26,2604,107089676,19921,2012-07-12,75,CT,1,1.99
872518000,214,8,810,102150020,10238,2012-08-16,1.62,OZ,1,0.78
872533250,214,97,9753,1020402222,0,2012-03-22,1,CT,1,4.33
872556334,214,63,6315,104122040,23511,2012-06-03,64,OZ,1,1.98
872556334,214,59,5905,102900020,6455,2012-06-03,16,OZ,1,1.78
872556334,214,9,901,1070897171,10653,2012-11-30,13.5,OZ,1,3.35
872584360,214,33,3307,102900020,14112,2012-07-13,12,OZ,1,3.48
872618454,214,56,5615,104122040,23511,2012-12-22,16,OZ,1,4.23
872618454,214,29,2925,103520030,15256,2013-05-19,32,OZ,1,1.44
872621647,214,56,5619,102100020,19279,2012-03-22,16,OZ,1,3.98
872621647,214,64,6408,108591989,41908,2013-02-28,1.5,LT,6,36
872624572,214,7,709,109955595,68135,2012-03-09,4.8,OZ,1,8.48
872624572,214,97,9753,1020440222,0,2012-07-16,1,CT,1,1.07
872624572,214,9,907,107341070,13291,2012-10-05,12,OZ,1,2.48
872728641,214,5,501,101600010,15114,2012-04-05,18,OZ,1,2.68
872728641,214,26,2622,104122040,23511,2012-07-16,30,CT,1,1.5
872728641,214,99,9909,107143070,5072,2012-07-16,5,OZ,1,2.78
872728641,214,36,3630,107800070,5208,2012-10-14,144,OZ,1,4.27
872728641,214,29,2914,104122040,20514,2013-01-13,12.9,OZ,1,1.99
872753026,214,57,5706,103663232,4568,2012-05-25,32,OZ,1,2.38
872784019,214,96,9609,1050000050,88199,2012-04-15,0,,1,-1.5
872784019,214,63,6315,104122040,20449,2013-01-06,128,OZ,1,5.19
872784019,214,54,5403,103800030,17050,2013-01-31,13.4,OZ,1,4.96
872784019,214,30,3010,104133545,43106,2013-03-24,16,OZ,1,2.38
872784019,214,16,1604,101254616,17473,2013-04-14,14,CT,2,2.12
872792397,214,35,3504,103500030,13470,2012-03-31,30,OZ,1,2.5
872792397,214,56,5615,104122040,23511,2012-04-07,8,OZ,1,2.79
872792397,214,36,3632,107800070,4354,2013-05-08,144,OZ,1,4
872805991,214,72,7214,101254616,18738,2012-03-31,18,CT,2,1.98
872805991,214,9,901,101356212,713,2013-02-05,7,OZ,1,2.78
872817659,214,9,917,104122040,23511,2012-09-16,24,OZ,1,1.48
872817659,214,41,4105,106414464,70939,2013-04-07,10,OZ,1,0.93
872823341,48,13,1306,101600010,7366,2012-11-15,5,LB,1,2.99
872831987,214,73,7304,1064786565,322,2012-12-29,10,CT,1,6.47
872831987,214,4,410,1076839575,6954,2013-02-14,0.6,OZ,1,6
872838211,214,26,2634,103700030,3293,2012-08-19,6,RL,1,6.97
872838211,214,63,6313,104122040,23511,2013-05-17,16,OZ,1,4.48
872853312,214,34,3406,101700010,3764,2012-03-19,12,OZ,1,1.76
872863395,214,3,310,107045070,4913,2012-04-25,2.25,OZ,1,1.5
872863395,214,97,9753,1022026525,0,2013-05-31,1,CT,1,4.66
872924608,214,26,2617,104122040,23511,2012-09-19,1,CT,1,1
872975383,214,64,6401,103410030,11704,2012-06-02,144,OZ,1,6.99
872985289,214,99,9909,104122040,23511,2012-09-23,12,OZ,1,2.73
872985289,214,57,5710,1089470080,21065,2013-03-03,5.3,OZ,5,5
872991837,214,26,2609,107468878,61564,2012-03-18,80,CT,1,2.92
873029227,214,99,9908,1075166676,52506,2012-09-29,10.5,OZ,2,5.88
873046767,214,97,9753,1020402222,0,2012-03-09,1,CT,1,1.57
873046767,214,4,412,104122040,20514,2012-03-19,9.5,OZ,1,0.99
873104556,214,51,5134,104280040,18599,2012-06-18,59.3,OZ,1,8.18
873104556,214,51,5129,102000020,7655,2013-03-15,24,OZ,1,2.77
873104556,214,97,9753,1020406222,0,2013-06-15,1,CT,1,1.16
873116923,214,97,9717,1080777383,33170,2012-08-23,1,CT,1,3.99
873116923,214,14,1404,104122040,23511,2013-02-06,46,OZ,1,2
873116923,214,69,6901,103700030,16139,2013-03-08,2.7,OZ,1,2.42
873117467,214,51,5126,101380010,27474,2012-03-31,9.63,OZ,1,2.5
873117467,214,73,7343,1030057333,14423,2012-07-29,48,CT,1,5.44
873117467,214,9,901,104400040,12885,2012-08-14,8,OZ,1,1.98
873117467,214,33,3308,102840020,3336,2012-09-23,12.5,OZ,1,3.98
873117467,214,58,5828,103100030,1358,2013-01-01,6.4,OZ,1,1.14
873132332,214,20,2002,105100050,27873,2012-07-20,11.5,OZ,1,0.85
873132332,214,5,501,101600010,99527,2012-09-25,16.25,OZ,1,4.29
873132332,214,62,6202,102484222,2542,2013-04-09,9,OZ,1,3.98
873141003,214,95,9518,1061029060,7848,2012-05-07,1,CT,1,5.59
873141003,214,41,4107,102400020,4704,2012-07-21,11,OZ,1,0.82
873141003,214,64,6401,103410030,11704,2012-11-30,216,OZ,1,15.77
873162509,214,17,1726,104122040,20514,2012-10-30,35,CT,1,1
873179077,214,21,2119,101200010,10522,2013-03-16,202.8,OZ,1,4.96
873214349,214,63,6315,104122040,20514,2012-09-06,128,OZ,3,8.94
873214349,214,30,3002,102100020,11761,2013-03-19,15,OZ,1,2.77
873219594,214,14,1404,101480010,12021,2012-07-10,23.4,OZ,1,1.96
873219594,214,63,6320,104122040,20514,2012-11-24,36,CT,1,4.69
873226610,214,0,0,10000,0,2012-03-10,0,,1,14.94
873243699,214,63,6315,104122040,23511,2012-06-09,64,OZ,1,2.18
873243699,214,79,7901,1072527474,47030,2012-07-03,1,CT,1,2.95
873263546,214,99,9908,1071651979,11085,2012-03-15,6,OZ,1,3.54
873263546,214,11,1102,1072277676,17117,2012-06-14,400,CT,1,6.82
873263546,214,30,3010,102066222,12598,2013-03-23,16,OZ,1,3.34
873270903,214,58,5814,104470040,10837,2012-12-04,13,OZ,1,3.28
873276475,214,9,901,104122040,20514,2012-03-25,32,OZ,1,2.5
873310848,214,17,1708,102570020,27327,2012-11-01,1.34,OZ,1,3.97
873310848,214,31,3101,105210050,11382,2012-12-18,0.5,OZ,1,2.98
873344916,214,28,2805,107365171,11166,2013-02-03,5,OZ,1,1.78
873345119,214,99,9908,103338333,287,2012-12-08,48,OZ,1,3.67
873345119,214,53,5307,102000020,7655,2013-03-22,12,OZ,4,7.32
873356519,214,9,908,107225070,2011,2012-03-06,8,OZ,1,1.69
873363659,214,99,9904,104122040,23511,2012-11-08,0.5,OZ,4,15.92
873370502,214,96,9609,1050000050,88199,2012-05-18,0,,4,-2.5
873370502,214,4,416,104000040,26517,2012-09-15,3.68,OZ,1,1
873387715,214,9,907,104122040,20514,2012-11-22,24,OZ,2,1.76
873412976,214,99,9904,104122040,23511,2012-08-06,12,OZ,1,4.97
873412976,214,1,103,1081851282,23989,2012-08-20,4,OZ,1,1.48
873412976,214,21,2111,104122040,23511,2013-06-10,64,OZ,1,2.68
873417036,214,53,5305,102000020,7655,2012-07-01,10,OZ,1,1.38
873417036,214,27,2704,107910070,85180,2012-09-16,7,OZ,1,1
873424778,46,97,9707,102570020,20361,2012-11-11,4,CT,2,4.02
873457625,214,19,1905,105058454,63772,2012-12-09,12,OZ,1,1.5
873461180,214,63,6315,101400010,2199,2012-06-09,64,OZ,1,2.98
873480498,214,97,9753,1020406626,0,2013-01-12,1,CT,1,3.04
873506019,214,37,3706,104119646,14582,2012-10-24,18.5,OZ,2,2.96
873547783,214,73,7316,101559414,994,2013-06-09,2.5,OZ,1,5.48
873547783,214,36,3611,102259222,13400,2013-06-12,202.8,OZ,1,2.46
873562484,214,30,3006,107110070,8280,2012-03-17,16,OZ,2,2.64
873562484,214,9,901,104400040,13243,2012-11-18,15.35,OZ,1,2.98
873562484,214,81,8101,102720020,9854,2013-02-16,1,CT,1,5.4
873592447,214,22,2207,104460040,3718,2012-03-04,49.2,OZ,1,4.34
873592447,214,26,2634,103700030,3293,2012-10-27,6,RL,1,6.97
873592447,214,64,6409,108981989,1677,2013-04-19,0.75,LT,4,16.08
873617303,214,71,7113,108087888,13505,2012-05-30,12.6,OZ,1,3.33
873647211,214,58,5835,107011070,13378,2012-09-21,16,OZ,1,2.98
873647211,214,63,6320,104122040,20514,2013-04-06,18,CT,1,2.48
873660236,214,9,907,107341070,13291,2012-04-20,12,OZ,1,2.48
873660236,214,0,0,10000,0,2013-03-21,0,,2,-7.99
873675267,214,69,6904,104116747,7354,2012-04-12,4,OZ,1,3.95
873675267,214,9,918,101410010,13791,2012-09-24,6,OZ,1,2.68
873677561,214,0,0,10000,0,2012-08-19,0,,1,2.67
873677561,214,99,9908,103338333,33170,2013-02-13,160,OZ,1,2.5
873677561,214,9,907,104122040,23511,2013-02-26,24,OZ,1,1.48
873679082,214,16,1604,102200020,5558,2012-08-17,54,CT,1,1.88
873679082,214,10,1011,107349171,9883,2013-01-03,24,OZ,1,2.48
873679082,214,33,3304,102840020,6777,2013-02-18,1.25,OZ,1,0.5
873719262,214,63,6313,104122040,23511,2012-11-04,16,OZ,1,1.25
873720134,214,56,5607,107144878,469,2013-01-08,6.5,OZ,1,4.48
873739415,214,73,7357,107431272,12440,2012-04-06,2,OZ,1,6.23
873739415,214,96,9609,1054122050,88199,2012-06-15,0,,1,-0.58
873739415,214,56,5620,104122040,23511,2012-10-06,8,OZ,2,4.96
873739415,214,49,4901,101312010,26885,2012-12-30,24,OZ,1,2.88
873751185,214,63,6315,1076352878,14594,2012-07-03,64,OZ,1,3.37
873751185,214,9,901,104400040,13243,2012-09-09,15.35,OZ,1,2.98
873751185,214,37,3707,105100050,17812,2012-10-07,48,OZ,4,15.92
873751185,214,99,9908,107146474,2142,2013-01-05,20,OZ,1,3.98
873760271,214,64,6409,108678585,3139,2012-03-12,1.5,LT,2,24.54
873760271,214,63,6315,104122040,23511,2013-02-14,64,OZ,1,1.98
873764316,214,9,922,104500040,8511,2012-03-11,17,OZ,1,3.08
873764316,214,96,9609,1054122050,88199,2012-10-19,0,,2,-4.79
873764316,214,56,5613,104122040,20514,2013-06-02,32,OZ,1,6.98
873773926,214,58,5833,1065472161,18149,2013-01-18,16,OZ,3,26.94
873782947,214,5,501,101600010,85114,2012-04-26,17,OZ,1,2.98
873782947,214,36,3611,101200010,803,2013-01-31,96,OZ,1,2.99
873796584,214,4,418,103400030,15449,2012-12-10,11,OZ,2,5.56
873819901,214,51,5115,107218070,15035,2012-06-03,21.06,OZ,1,2.98
873825135,214,21,2119,107618373,16756,2012-10-15,16,OZ,1,0.97
873838649,214,41,4121,104122040,23511,2012-05-20,8,OZ,1,0.34
873838649,214,33,3316,104122040,23511,2012-05-30,15,OZ,1,2.38
873856138,214,29,2928,101530010,58299,2012-03-24,6.9,OZ,2,1.96
873861789,214,38,3801,107210070,26172,2012-12-27,4,LB,1,2.54
873880935,214,57,5705,104122040,23511,2012-10-04,6,OZ,2,0.88
873880935,214,42,4220,104359242,71433,2013-01-25,16,OZ,1,1.22
873909188,214,4,418,103400030,2689,2012-11-18,4,OZ,1,1.49
873909188,214,5,519,1088392181,24630,2013-02-18,7.05,OZ,1,1
873912649,214,69,6901,104740040,7196,2012-08-11,1.7,OZ,1,7.34
873923293,214,63,6325,104122040,23511,2012-03-22,26,OZ,1,6.98
873923293,214,97,9707,107169171,15583,2012-04-10,1,CT,1,5.29
873923293,214,97,9753,1020401121,0,2012-04-29,1,CT,1,0.62
873923293,214,41,4105,104122040,23511,2013-04-17,14.5,OZ,2,1.5
873924022,214,36,3632,107181777,73881,2013-02-28,67.6,OZ,1,1.34
873931877,214,29,2925,104122040,23511,2012-12-01,32,OZ,1,1.27
873934008,214,36,3601,104122040,23511,2012-07-21,144,OZ,2,4.96
873934008,214,63,6315,104122040,20514,2012-09-01,128,OZ,1,2.98
873934008,214,41,4108,103940030,71386,2013-01-12,15.8,OZ,5,2.52
873934008,214,8,818,107764474,64256,2013-04-28,24,OZ,1,1.5
873945614,214,18,1837,104210040,8523,2012-04-20,17.5,OZ,1,2
873945614,214,73,7356,101650010,26872,2012-04-26,50,CT,4,27.88
873945614,214,21,2119,1085774181,58208,2012-11-14,16,OZ,2,3.74
873945614,214,63,6319,107024272,15045,2013-04-19,128,OZ,1,1.98
873945614,214,64,6401,107199070,4043,2013-04-21,24,OZ,6,11.1
873952919,214,9,907,107347272,6562,2012-08-20,24,OZ,1,3.98
873953751,214,9,902,1068670060,6978,2012-06-27,14.7,OZ,1,1.98
873953751,214,97,9744,107934070,10649,2012-08-06,1,OZ,1,2.9
873953751,214,63,6320,104122040,20514,2013-01-16,12,CT,3,5.64
873953751,214,21,2105,104900040,14357,2013-04-07,32,OZ,3,2.64
873955972,214,5,501,101600010,3331,2013-01-02,14,OZ,1,2.68
873983056,214,99,9909,104122040,23511,2012-04-10,12,OZ,1,3.48
873983056,214,26,2619,101258717,7245,2012-04-25,38,CT,1,7.48
873993384,214,33,3303,102068525,2892,2012-06-16,8,OZ,1,2.68
873998912,214,63,6305,104850040,18799,2012-03-26,59,OZ,1,2.98
874001689,214,41,4107,1073639373,7308,2012-10-05,27,OZ,1,1.5
874001689,214,35,3509,103320030,875,2013-01-18,125,OZ,1,7.97
874003802,214,8,818,103620030,14868,2012-04-21,45,OZ,1,2.93
874003802,214,49,4901,101312010,26885,2012-09-24,32,OZ,1,2.42
874013933,214,75,7507,107704373,17223,2012-04-06,6,OZ,1,3
874013933,214,57,5710,1089470080,21065,2012-05-09,32,OZ,1,4.98
874013933,214,26,2617,104122040,23511,2012-10-30,1,CT,1,3.58
874018777,214,57,5710,1089470080,21065,2012-03-12,5.3,OZ,4,4.88
874018777,214,15,1504,104114343,17593,2012-04-06,20,OZ,1,3.28
874018777,214,51,5131,104227242,648,2012-11-16,13,OZ,1,5.48
874018844,214,10,1010,103400030,8247,2012-05-25,24,OZ,1,1.98
874018844,214,97,9753,1022001828,0,2013-01-12,1,CT,2,10.62
874024696,214,26,2622,104122040,23511,2013-01-10,50,CT,1,2.48
874024857,214,99,9909,107143070,5072,2012-07-06,14,OZ,1,1.58
874036208,214,41,4107,104122040,23511,2012-09-22,14.65,OZ,2,4.78
874048056,214,41,4109,105100050,2820,2012-07-06,11,OZ,4,1.6
874048056,214,8,807,102100020,9886,2013-01-04,17.5,OZ,1,1.26
874051733,214,62,6201,104122040,20514,2012-10-07,16,OZ,1,1.98
874083255,214,63,6320,104122040,20514,2012-12-08,18,CT,1,2.5
874084390,214,32,3203,106414464,13474,2013-03-21,5,OZ,1,3.24
874084390,214,64,6401,108857383,16320,2013-04-26,24,OZ,1,2.08
874086051,214,58,5832,104122040,23511,2012-03-02,28,OZ,1,9.99
874086051,214,17,1704,102570020,27327,2012-10-04,20,OZ,1,3.94
874086051,214,60,6011,101800010,14029,2013-01-31,16.3,OZ,1,1.48
874092226,214,36,3618,104900040,23359,2012-04-05,96,OZ,2,7.98
874092226,214,99,9904,103338333,33170,2013-05-09,16,OZ,1,1.24
874116601,214,58,5815,103760030,8501,2012-12-06,7,OZ,1,2.98
874122323,214,4,421,104136444,16936,2012-03-09,4.5,OZ,1,1.27
874122323,214,9,907,104122040,23511,2012-04-07,8.25,OZ,1,1.68
874122323,214,99,9908,104122040,23511,2012-08-26,7,OZ,1,0
874122323,214,14,1415,102400020,4704,2013-01-27,29,OZ,1,1.75
874122323,214,51,5119,107527878,6625,2013-02-09,29.3,OZ,1,5.68
874128154,214,51,5115,107218070,15035,2012-07-09,21.06,OZ,1,2.98
874149717,214,36,3611,104900040,4599,2013-01-22,33.8,OZ,1,1
874149717,214,96,9609,10999998898,88199,2013-03-24,0,,2,-2
874149717,214,54,5401,104122040,23511,2013-05-09,12.3,OZ,1,1.55
874171049,214,36,3632,107800070,17635,2013-02-18,101.4,OZ,1,3
874175242,214,97,9753,1022900626,0,2012-07-06,1,CT,1,1.5
874189630,214,4,410,104142040,6265,2012-05-08,7,OZ,1,1.18
874223599,214,23,2301,107112070,66627,2012-10-21,5,OZ,4,1.08
874242685,214,36,3612,107514070,4369,2012-09-16,128,OZ,1,0.99
874242685,214,63,6315,104122040,23511,2012-12-09,128,OZ,1,3.68
874257695,214,58,5827,104122040,20514,2013-01-29,16,OZ,1,3.78
874257695,214,35,3508,103700030,18371,2013-03-20,59,OZ,1,17.92
874271792,214,0,0,10000,0,2013-03-10,0,,5,38.85
874281476,48,9,912,104656747,14903,2012-09-12,19,OZ,1,2.98
874304116,214,97,9753,1022225727,0,2012-09-27,1,CT,1,12.35
874322003,214,96,9609,1051600050,88199,2012-04-18,0,,1,-1
874322003,214,97,9753,10000,0,2012-07-30,1,CT,1,3.68
874322003,214,54,5401,103800030,5618,2012-07-30,12.3,OZ,1,2.31
874329651,48,33,3303,104656747,14903,2012-11-03,9.5,OZ,1,2.49
874364708,214,51,5127,105100050,8605,2012-09-29,16,OZ,2,4.44
874365457,214,63,6320,102862121,6175,2012-03-24,12,CT,1,3
874365457,214,18,1823,104650040,7249,2012-04-23,32,OZ,1,1.87
874365457,214,99,9908,1075166676,52506,2012-07-12,10.5,OZ,1,3.98
874365457,214,5,516,101862717,9496,2012-08-24,7.4,OZ,2,5.96
874365457,214,36,3630,107800070,23561,2012-10-07,144,OZ,1,4
874365457,214,63,6317,102529323,16410,2013-04-23,64,OZ,1,2.63
874365457,214,16,1601,102200020,71567,2013-06-03,45,CT,1,1.99
874370626,214,63,6323,1085225181,8247,2012-05-13,12,OZ,2,2.56
874373163,214,5,501,104122040,20514,2012-04-05,13,OZ,1,1.89
874383558,214,63,6315,101400010,2199,2013-03-17,64,OZ,1,2.66
874422106,214,27,2702,101780010,14717,2012-08-08,14,LB,1,22.97
874426060,214,42,4220,104122040,23511,2013-06-19,32,OZ,1,1.99
874435002,214,73,7304,1030003131,15393,2013-04-23,8,OZ,1,7.56
874455694,214,64,6401,108378383,16392,2013-02-19,72,OZ,1,7.99
874457425,214,15,1506,107102272,11145,2012-04-10,6,OZ,1,1.99
874474910,214,56,5620,104122040,23511,2012-07-14,8,OZ,1,2.48
874474910,214,21,2105,105200050,7054,2012-08-27,72,OZ,2,6.58
874474910,214,96,9609,1050000050,88199,2013-03-25,0,,1,-0.55
874477092,214,58,5823,104122040,20514,2012-05-27,12,OZ,1,2.5
874477092,214,63,6320,104122040,20514,2013-02-02,12,CT,2,3.36
874477092,214,53,5307,104122040,23511,2013-03-15,80,OZ,1,5.75
874484210,214,8,818,103620030,14868,2012-03-27,16,OZ,1,1.68
874499815,214,58,5826,102265525,2626,2012-08-23,12,OZ,1,2.28
874499815,214,28,2806,107015272,1712,2012-11-16,22,OZ,1,2.46
874499815,214,9,907,104122040,23511,2013-03-14,24,OZ,1,1.88
874501784,214,58,5833,103477939,54807,2012-03-20,16,OZ,2,5.16
874501784,214,14,1416,104122040,20514,2012-04-09,15,OZ,1,0.88
874514808,214,63,6316,107342070,4529,2012-12-06,16,OZ,1,1.98
874518043,214,29,2920,102970020,8711,2012-03-05,2,OZ,1,0.42
874518043,214,0,0,10000,0,2012-12-17,0,,1,-1
874525752,214,56,5610,107027777,25673,2012-07-28,6,OZ,2,7.26
874525752,214,18,1850,105320050,43184,2012-09-25,4,CT,1,1.99
874525752,214,55,5556,107189979,2010,2012-12-19,64,OZ,1,5.75
874546261,214,9,907,104122040,20514,2012-03-15,24,OZ,1,1.98
874556346,214,9,901,103010030,9530,2012-04-13,16.2,OZ,1,4.38
874556346,214,56,5604,1061980161,10066,2012-04-27,8,OZ,1,2.98
