3632598750,89,9,970,103800030,62065,2012-11-08,14.7,OZ,4,5.96
3632598750,89,9,907,105172151,26411,2012-12-12,21,OZ,1,1.99
3632598750,89,29,2904,101600010,7860,2012-12-31,5.2,OZ,1,1.67
3632598870,89,72,7208,104126040,9907,2012-06-05,2,CT,1,1.5
3632598870,89,97,9753,1073231373,0,2013-03-20,1,CT,1,1.5
3632634637,96,5,501,103000030,45635,2013-01-18,13,OZ,1,2.5
3632638797,115,8,814,104123545,12134,2012-12-19,16,OZ,1,3.99
3632648726,214,25,2506,105000050,32115,2012-06-02,16,OZ,1,1.98
3632661713,214,0,0,10000,0,2013-01-14,0,,1,-1
3632661713,214,36,3632,104122040,20514,2013-05-11,101.4,OZ,1,1.09
3632670374,214,19,1908,105672353,83991,2013-05-25,18,OZ,1,3.58
3632706761,214,45,4517,104122040,23511,2012-05-27,30,OZ,1,11.97
3632706761,214,51,5126,103736333,11602,2012-07-02,11,OZ,1,2.98
3632706761,214,36,3601,104900040,3809,2012-08-23,144,OZ,1,3.67
3632706761,214,8,808,102100020,9886,2013-01-24,12,OZ,1,1.92
3632717908,206,8,835,104430040,9977,2013-01-03,13.75,OZ,1,2.58
3632794201,20,45,4514,102113020,15704,2013-01-28,64,OZ,1,9.96
3632797767,88,99,9904,1071575676,5278,2012-10-24,6,OZ,1,3.49
3632797767,88,9,907,107225070,12465,2012-11-26,16,OZ,1,2.99
3632797767,88,36,3632,102113020,15704,2012-12-31,144,OZ,1,2
3632801620,4,9,907,102113020,15704,2012-07-09,16,OZ,2,3.38
3633232450,285,57,5710,103663232,4568,2012-11-05,21.2,OZ,1,2.99
3633299577,377,9,907,104500040,8421,2012-06-06,20,OZ,1,2.5
3633336080,85,36,3632,109047898,9098,2013-04-30,50.7,OZ,1,2.19
3633368097,507,18,1898,104133343,5379,2012-09-25,6,CT,1,5.24
3633368097,507,17,1726,1073291373,23643,2012-12-01,35,CT,1,2.8
3633368097,507,63,6311,107146474,2142,2013-01-14,32,OZ,2,6.82
3633368665,508,97,9753,1049065141,0,2012-05-01,1,CT,3,69.97
3633370689,508,14,1404,1089000080,11289,2012-07-29,12.8,OZ,1,2.4
3633370689,508,19,1905,108523989,11176,2012-12-17,18,OZ,1,2.88
3633370689,508,97,9753,1020416525,0,2013-03-07,1,CT,1,-0.04
3633370689,508,41,4107,102400020,4704,2013-05-30,14.5,OZ,1,1.04
3633458312,240,59,5910,103377636,16650,2012-03-04,15,OZ,1,3.69
3633510232,306,53,5307,104113040,6449,2012-03-26,16,OZ,1,1.25
3633510232,306,21,2119,101200010,10522,2013-06-30,33.8,OZ,1,1
3633510232,306,99,9908,1070935171,5534,2013-07-07,10,OZ,1,1.99
3633520545,31,35,3509,103700030,6947,2012-07-02,100,OZ,1,7.99
3633520545,31,8,817,102700020,8612,2012-10-25,24,OZ,2,2
3633544273,31,96,9609,1051514151,88199,2013-04-25,0,,1,-0.35
3633549295,31,33,3316,101600010,3397,2012-11-29,8.75,OZ,2,5.58
3633566504,16,20,2035,1079852575,16784,2012-03-12,8,OZ,2,4.58
3633566504,16,47,4706,1087366888,19713,2013-04-16,7.6,OZ,1,4.49
3633567131,21,9,901,104400040,8463,2012-04-04,10,OZ,2,5.98
3633567131,21,41,4108,104119040,16347,2013-02-20,15.5,OZ,1,0.99
3633567399,21,9,907,103967737,16347,2012-03-31,16,OZ,1,1.5
3633567414,21,56,5620,104119040,16347,2012-04-30,8,OZ,1,1.88
3633567414,21,33,3308,104126242,92654,2012-05-07,8.5,OZ,1,1.64
3633569476,21,63,6309,101405414,12973,2012-05-04,12,OZ,1,2.69
3633571046,21,33,3315,101030010,5740,2012-04-05,7.5,OZ,4,10
3633578195,77,99,9904,103338333,33170,2013-01-18,48,OZ,1,5.49
3633603357,65,43,4302,107027272,15085,2012-11-22,13,OZ,1,3.4
3633620152,70,58,5824,104450040,8318,2012-06-01,12,OZ,1,2.79
3633637284,83,99,9908,101111010,9907,2012-04-18,16,OZ,1,1.99
3633637284,83,56,5607,101111010,9907,2012-05-16,8,OZ,2,4.58
3633637284,83,99,9908,101111010,9907,2012-08-11,10,OZ,1,2.99
3633637284,83,29,2914,101111010,9907,2012-08-11,12,OZ,2,3.58
3633637284,83,5,516,103000030,14760,2013-01-09,6.5,OZ,1,2.49
3633637284,83,24,2403,101111010,9907,2013-02-28,12.5,OZ,1,2.99
3633637284,83,8,814,101111010,9907,2013-03-21,15.5,OZ,1,2.59
3633637284,83,8,814,101111010,9907,2013-06-05,24,OZ,1,2
3633647005,89,27,2705,105000050,6775,2013-04-07,5.5,OZ,2,1.1
3633654235,126,64,6401,108992484,20251,2012-12-30,64,OZ,2,2
3633659350,211,14,1415,103890030,5072,2012-05-12,11,OZ,1,1.49
3633659350,211,63,6315,101111010,9907,2013-04-20,64,OZ,1,1.99
3633660083,431,46,4606,101111010,20588,2012-04-27,16,OZ,1,3.09
3633660188,211,63,6315,101111010,9907,2012-08-22,64,OZ,2,3.34
3633660263,431,29,2925,101740010,11011,2012-08-01,32,OZ,1,2.15
3633672085,2,4,411,107172575,33170,2012-08-21,18,OZ,1,2.99
3633695230,184,5,502,101600010,107416,2012-03-07,4.5,OZ,1,3.35
3633695230,184,5,516,103000030,14760,2012-10-02,6.7,OZ,2,5.98
3633695230,184,9,907,107341070,13291,2012-12-19,12,OZ,1,3.89
3633695282,184,99,9904,1071575676,5278,2012-11-20,6,OZ,2,7.98
3633695304,184,4,421,102200020,16565,2012-11-12,2,OZ,1,1.09
3633696887,184,23,2301,102920020,12168,2012-07-16,8,OZ,1,1.09
3633698623,184,5,519,103000030,14760,2012-06-07,11.5,OZ,1,3.19
3633698623,184,36,3629,101200010,23360,2013-06-10,96,OZ,1,4.49
3633699427,184,64,6401,101820010,2510,2012-05-27,288,OZ,1,18.99
3633699427,184,41,4121,106414464,70939,2012-09-09,8,OZ,1,0.85
3633700184,184,36,3630,104900040,23359,2012-05-25,144,OZ,1,5.79
3633700184,184,8,822,102840020,18584,2012-07-28,15,OZ,1,3.69
3633700184,184,26,2633,105400050,16048,2013-02-10,12,RL,0,0
3633700654,184,56,5607,102100020,13967,2012-06-27,8,OZ,1,2.59
3633700654,184,58,5827,1078533171,7796,2012-07-15,12,OZ,1,2.99
3633700654,184,9,908,107203070,5812,2013-02-04,17,OZ,1,6.69
3633700654,184,37,3703,105100050,2820,2013-02-18,10.75,OZ,2,2.78
3633702993,96,55,5561,103003434,7175,2013-04-14,32,OZ,1,2
3633703339,96,51,5115,107192171,18492,2012-07-04,23.7,OZ,1,6.39
3633703891,96,0,0,10000,0,2012-12-26,0,,1,0
3633704200,96,37,3707,102400020,3843,2012-10-23,14.5,OZ,2,2
3633704200,96,0,0,10000,0,2013-03-07,0,,1,0
3633704200,96,58,5815,103003434,7175,2013-06-07,8,OZ,1,4.49
3633709075,214,4,411,1066097363,23705,2012-10-05,2.3,OZ,2,3.88
3633709075,214,28,2806,105410050,19509,2012-12-05,80,OZ,1,3.98
3633756148,214,4,405,1060069969,55864,2012-06-13,10,OZ,1,1.08
3633756148,214,70,7002,1030813737,25162,2012-07-05,60,CT,1,1.96
3633756148,214,60,6012,101800010,14029,2012-07-11,12.4,OZ,1,1.98
3633756148,214,71,7113,104589343,5168,2012-08-18,12,OZ,2,5.96
3633756148,214,97,9753,1020435020,0,2012-12-10,1,CT,3,5.94
3633791934,46,0,0,10000,0,2012-12-07,0,,-2,-3.05
3633797266,46,26,2609,107695575,62118,2013-05-21,80,CT,1,3.09
3633852555,20,79,7903,10928191,26715,2012-03-24,1,CT,1,3.79
3633852555,20,27,2704,102310020,13705,2012-04-29,5.57,OZ,1,4
3633852555,20,63,6315,102113020,10786,2012-09-24,32,OZ,2,2.58
3633871442,18,21,2114,1081149787,18009,2012-05-28,7,OZ,1,2.49
3633871442,18,9,922,102113020,15704,2013-01-13,8.4,OZ,1,1.79
3633896674,360,9,907,104173545,14456,2012-12-31,28,OZ,1,3.99
3633897751,360,43,4302,107027272,15085,2012-07-08,6.5,OZ,1,2.5
3633897751,360,37,3707,105260353,13414,2013-03-13,32,OZ,1,3.99
3634165041,42,8,808,104800141,8178,2012-12-19,9,OZ,1,1.99
3634165041,42,36,3632,101480010,8019,2013-04-17,128,OZ,1,2.99
3634165041,42,56,5610,104149747,19710,2013-07-03,3,OZ,1,1.79
3634303115,285,95,9519,1079590272,7848,2012-03-10,6,CT,1,3.99
3634303115,285,45,4511,102392323,5494,2013-04-15,8,OZ,1,5.19
3634303115,285,58,5812,102531727,763,2013-04-20,12,OZ,1,4.99
3634391323,24,56,5620,102100020,9886,2012-05-14,8,OZ,1,2.98
3634391323,24,62,6202,1074275373,13609,2013-01-12,8,OZ,1,3.99
3634418176,507,97,9753,1084034181,0,2012-12-12,1,CT,1,9
3634445414,507,97,9753,1089326585,0,2012-08-28,1,CT,1,3.66
3634445414,507,1,106,1068374464,23664,2012-11-16,1,OZ,1,2.09
3634445414,507,1,103,101500010,7142,2013-01-19,8,OZ,1,2.35
3634445414,507,4,418,104000040,11198,2013-03-04,10.5,OZ,1,3.03
3634445414,507,1,106,101500010,7142,2013-05-10,7,OZ,5,5.7
3634446608,507,99,9908,103338333,33170,2012-10-07,80,OZ,1,3.14
3634527826,508,27,2705,102310020,19792,2012-11-12,36,OZ,1,4.89
3634575866,510,5,501,101600010,3331,2012-07-17,12.9,OZ,1,3.29
3634584660,510,78,7802,103825737,7894,2012-12-09,6,CT,1,5.47
3634698340,233,45,4509,105255252,16014,2013-04-19,8,OZ,2,1.98
3634726711,31,33,3303,102840020,10241,2012-06-20,10,OZ,1,3.5
3634726711,31,31,3111,1078735979,6734,2012-08-11,3.5,OZ,1,2.5
3634726711,31,9,908,102560020,18051,2012-09-04,11.5,OZ,2,2.99
3634732280,31,9,901,103010030,3454,2013-02-14,14.2,OZ,1,0
3634732280,31,53,5307,102114020,19950,2013-07-09,16,OZ,1,2.49
3634735625,31,41,4107,102114020,19950,2012-11-11,15.5,OZ,2,1.4
3634735625,31,63,6323,102114020,19950,2012-11-29,64,OZ,1,3.79
3634747364,40,29,2928,107142979,20299,2012-09-26,8,OZ,2,1.98
3634747364,40,51,5134,104670444,18213,2012-10-26,8,OZ,1,4.39
3634748061,31,26,2634,103600030,4139,2012-07-12,6,RL,2,9.88
3634750103,16,26,2629,1075480777,610,2012-09-22,250,CT,1,2.39
3634751957,21,35,3509,1088596787,330,2012-03-07,50,OZ,2,5.76
3634753138,21,29,2904,102100020,19279,2012-04-18,14.64,OZ,1,2.69
3634758521,101,37,3703,105100050,2820,2012-10-22,10.75,OZ,3,3
3634758521,101,41,4107,102000020,7655,2012-12-23,14.5,OZ,3,2.97
3634758521,101,63,6320,1071514171,25530,2013-01-03,12,CT,2,5.58
3634758660,101,97,9753,1020409323,0,2013-02-02,1,CT,50,1
3634762858,77,36,3638,101200010,803,2013-02-13,101.4,OZ,2,7.98
3634786831,64,36,3630,107800070,23561,2012-09-23,67.6,OZ,2,3.06
3634821491,165,28,2803,10930090,12157,2012-03-31,8,OZ,1,1.99
3634821491,165,58,5827,107203676,7953,2012-05-18,16,OZ,1,3.77
3634823052,83,31,3110,101111010,9907,2013-02-18,3.25,OZ,1,1.29
3634832158,89,63,6315,101111010,9907,2013-03-19,128,OZ,2,5.18
3634832158,89,73,7359,103160434,12423,2013-03-30,120,CT,2,7.99
3634832254,211,51,5131,101862717,9496,2012-05-18,9,OZ,1,3.27
3634832254,211,58,5828,107790070,9200,2012-07-19,9.6,OZ,1,3.99
3634832254,211,69,6901,107940070,17521,2012-08-29,1.4,OZ,2,2.14
3634839607,126,60,6010,101800010,14029,2012-03-08,12,OZ,1,1.59
3634839607,126,5,519,101111010,9907,2012-04-09,15,OZ,1,1.5
3634839607,126,95,9518,107000070,7848,2012-11-13,1,CT,2,1.98
3634839607,126,22,2207,1075703777,13386,2012-12-19,6.2,OZ,1,3.49
3634843441,211,96,9609,1057357050,88199,2012-04-16,0,,2,-1.5
3634843912,151,58,5827,101111010,9907,2012-06-21,16,OZ,1,2.95
3634843912,151,9,901,104400040,13243,2012-12-29,15.35,OZ,0,0
3634847444,12,57,5707,1074236575,8499,2012-03-20,16,OZ,1,3.59
3634847444,12,8,835,107581070,27293,2012-07-13,10,OZ,1,4.99
3634847444,12,51,5116,107218070,6718,2012-11-26,26.11,OZ,1,5.49
3634847444,12,63,6323,101570010,11414,2012-12-17,16,OZ,1,1.29
3634849273,63,33,3307,101111010,9907,2012-12-21,10,OZ,1,1
3634867522,215,36,3601,101200010,13794,2012-07-27,96,OZ,1,4
3634880934,184,56,5611,1089604080,58256,2012-11-30,12,OZ,1,5.99
3634880944,184,3,302,102800020,30272,2012-11-08,24,OZ,1,5.99
3634881954,184,8,811,102066222,12598,2012-10-05,24,OZ,1,2.99
3634881954,184,36,3618,104900040,23359,2012-12-19,96,OZ,1,3.79
3634881954,184,99,9908,103338333,33170,2013-03-23,16,OZ,1,1.99
3634883298,184,63,6332,104850040,61745,2012-04-18,59,OZ,1,3.89
3634883298,184,33,3307,102900020,14112,2012-05-16,10.25,OZ,1,6.65
3634884072,184,21,2105,105200050,7054,2012-05-26,32,OZ,1,1.55
3634884072,184,56,5617,105300050,2199,2013-01-17,12,OZ,1,2.79
3634884072,184,28,2804,107639777,9982,2013-02-23,7,OZ,1,1.79
3634884302,184,63,6315,107980171,1748,2012-05-12,128,OZ,1,3.79
3634884302,184,30,3008,107110070,8280,2012-10-06,16,OZ,1,4.15
3634884302,184,63,6315,107980171,1748,2013-04-12,128,OZ,1,3.79
3634884951,184,99,9908,103338333,33170,2012-03-17,16,OZ,2,3.78
3634884951,184,99,9908,103338333,33170,2012-05-26,80,OZ,1,3.99
3634884951,184,56,5609,102100020,2321,2012-09-08,3.9,OZ,2,1.98
3634884951,184,56,5615,107835474,2675,2013-06-22,8,OZ,1,2.99
3634885201,184,63,6315,107756777,28757,2013-04-10,32,OZ,1,1.79
3634885339,184,58,5823,1078533171,7796,2012-10-04,12,OZ,0,0
3634886997,184,63,6330,109396696,13264,2013-04-08,16,OZ,1,3.79
3634887864,184,36,3633,107397070,5186,2013-03-03,72,OZ,1,0.99
3634887864,184,58,5815,103760030,8501,2013-06-11,3.5,OZ,2,3.98
3634889407,184,33,3307,104157040,2017,2012-04-21,6,OZ,1,3.69
3634889407,184,57,5705,107047070,20230,2013-02-10,12,OZ,1,2.65
3634889407,184,63,6315,107145272,10768,2013-02-17,64,OZ,1,2.69
3634889407,184,8,810,107575676,47927,2013-04-05,0.75,OZ,1,0.99
3634896014,214,9,901,104400040,3453,2012-08-02,13.72,OZ,1,2.5
3634896014,214,9,907,107763373,17614,2012-08-09,20,OZ,1,2.58
3634896014,214,37,3709,104178949,11224,2012-09-27,3,OZ,6,1.02
3634904882,214,95,9518,1061029060,7848,2012-12-19,1,CT,3,13.57
3634993387,46,27,2706,105000050,6132,2012-06-27,3,OZ,4,2.32
3634993387,46,43,4302,104300040,4030,2012-08-25,12,OZ,1,1.88
3635039108,14,99,9904,103338333,33170,2012-05-01,16,OZ,2,-6.57
3635053002,4,27,2705,102310020,19792,2012-10-19,36,OZ,2,9.18
3635053002,4,91,9109,108200080,16696,2013-01-06,0.75,LT,1,14.29
3635053002,4,99,9908,102113020,15704,2013-02-24,16,OZ,1,2.69
3635061436,18,51,5125,107989373,5537,2013-02-14,8.5,OZ,2,4
3635664289,42,9,914,107246575,33343,2012-03-19,15,OZ,1,3.49
3635831332,109,99,9904,103338333,33170,2012-08-27,48,OZ,1,4.99
3635831332,109,8,809,105100050,2820,2013-04-16,10.25,OZ,1,1.79
3635879859,377,63,6315,1071754474,17653,2013-03-30,64,OZ,1,2.99
3635909789,85,96,9609,1053600050,88199,2013-05-24,0,,1,-1
3635909943,85,37,3707,105100050,17812,2012-03-16,32,OZ,2,5.28
3635972871,507,51,5125,101380010,10271,2013-02-25,10,OZ,1,2.19
3635972937,507,97,9753,1084543585,0,2012-08-29,1,CT,3,9.42
3635972937,507,73,7302,1037003030,23664,2013-06-12,24,CT,1,1.04
3635999058,508,78,7802,108669484,97272,2013-01-20,1,CT,1,1.05
3636026334,508,33,3319,101600010,3397,2012-04-01,4.44,OZ,1,2.54
3636026334,508,18,1819,103160030,9772,2012-11-28,12,OZ,1,7.49
3636026604,508,63,6315,108523989,102445,2012-04-25,64,OZ,6,16.7
3636026604,508,97,9753,1049043040,0,2012-05-05,1,CT,2,20.98
3636032513,508,26,2620,104116545,16879,2012-10-24,24,CT,1,3.54
3636038901,508,4,416,103400030,8247,2012-07-17,1.55,OZ,2,1.58
3636042208,508,97,9717,102519222,19097,2012-05-23,1,CT,1,5.25
3636094495,510,97,9753,1049033040,0,2012-09-11,1,CT,1,4.2
3636098865,510,95,9518,105958454,28718,2013-04-15,1,CT,1,5.95
3636238874,240,14,1415,104130343,38922,2012-11-24,15,OZ,1,1.49
3636239619,100,51,5125,101380010,10271,2013-02-21,9.38,OZ,1,4.79
3636240768,224,26,2633,105400050,16048,2012-08-25,8,RL,1,5.5
3636240768,224,58,5832,107274575,13804,2013-03-24,10,OZ,1,4.98
3636262769,31,57,5705,103663232,4568,2012-06-15,16,OZ,1,2.69
3636262769,31,70,7002,103680030,18533,2013-06-13,40,CT,1,1.19
3636262836,31,63,6315,102114020,19950,2012-06-02,128,OZ,1,3.69
3636262836,31,9,907,102114020,19950,2012-09-08,11,OZ,1,1.25
3636262836,31,30,3001,102100020,11761,2013-02-07,30,OZ,1,0
3636272690,31,36,3631,107800070,23209,2013-02-05,67.6,OZ,1,0
3636273747,31,99,9908,105783656,17665,2012-12-06,17.6,OZ,1,3.44
3636275210,31,36,3632,102114020,23503,2012-05-09,144,OZ,2,4.4
3636275210,31,59,5907,102740020,16291,2012-11-02,45,OZ,1,2.99
3636275210,31,36,3632,102114020,23503,2012-12-17,144,OZ,1,2.2
3636282665,31,9,912,107225070,12465,2012-05-13,22,OZ,2,4.29
3636290851,31,36,3618,102114020,23503,2012-05-18,67.6,OZ,8,8
3636290851,31,99,9908,103338333,33170,2012-12-05,48,OZ,1,2.99
3636290851,31,8,818,102114020,19950,2013-06-04,24,OZ,3,5
3636304801,31,63,6317,102529323,16410,2013-03-08,64,OZ,1,3
3636341261,31,45,4509,102114020,28428,2012-05-25,16,OZ,1,7.99
3636361096,31,64,6409,109865292,3700,2013-01-05,0.75,LT,1,13.99
3636361096,31,58,5833,103760030,8501,2013-03-03,24,OZ,1,6.89
3636367476,21,17,1715,101920010,27231,2013-03-29,9.8,OZ,1,9.19
3636369786,21,36,3625,104900040,23359,2012-03-14,67.6,OZ,1,1.5
3636369786,21,35,3509,1088596787,330,2012-05-31,50,OZ,5,13.85
3636369786,21,33,3308,107781777,1235,2012-07-21,6,OZ,2,4
3636375033,21,99,9908,104119040,16347,2012-05-05,16,OZ,1,1.67
3636375101,21,63,6312,102500020,11749,2012-10-26,59,OZ,2,4.58
3636377363,21,13,1306,104119040,16347,2012-06-07,5,LB,1,1.99
3636380472,101,56,5616,102100020,4218,2013-04-26,7,OZ,2,5.98
3636384497,101,26,2615,107301070,17990,2012-04-03,18,CT,1,3.79
3636384556,101,63,6320,1071514171,25530,2013-01-21,12,CT,2,5
3636385181,101,63,6319,1068826767,81691,2012-07-28,128,OZ,6,11.94
3636386785,77,8,814,102840020,18584,2012-06-28,15,OZ,1,3.34
3636386785,77,56,5610,107078474,18552,2012-10-22,8,OZ,1,2.99
3636386785,77,33,3303,104126242,19971,2013-04-02,9.75,OZ,1,0
3636386785,77,9,917,107885878,57184,2013-06-06,13,OZ,1,5.69
3636387124,77,41,4105,102400020,4704,2012-09-29,14.5,OZ,2,2
3636392423,101,33,3314,1068826767,81691,2012-03-29,4.9,OZ,1,1.89
3636392423,101,9,902,1068826767,7173,2012-07-29,14.4,OZ,1,2
3636392423,101,0,0,10000,20405,2012-11-04,0,,1,-8.54
3636392979,101,9,901,103010030,3454,2013-06-16,14.2,OZ,1,2.5
3636393153,101,26,2622,102570020,20361,2012-03-06,30,CT,1,3.99
3636393153,101,56,5621,1068826767,81691,2012-03-14,8,OZ,3,6
3636393153,101,33,3303,102840020,10241,2012-05-23,10,OZ,1,4.29
3636393153,101,51,5126,101380010,27474,2012-07-30,20,OZ,1,2.5
3636393153,101,9,907,1068826767,81691,2012-10-09,16,OZ,1,1
3636393153,101,4,416,104000040,26517,2012-12-23,1.69,OZ,1,0.99
3636393153,101,96,9609,1053010050,88199,2013-01-20,0,,1,-1
3636398775,68,5,501,103000030,58434,2013-02-20,13,OZ,1,1.99
3636399563,68,60,6012,101800010,14029,2012-06-12,17.5,OZ,1,3.99
3636399563,68,63,6320,1071514171,25530,2013-02-23,12,CT,1,2.6
3636402020,64,99,9908,103338333,33170,2012-03-15,8,OZ,1,1.87
3636402020,64,32,3204,104179040,1698,2012-04-20,17,OZ,1,7.99
3636402020,64,3,311,101600010,1756,2012-10-28,16,OZ,2,3
3636439188,64,9,908,1076036676,36011,2012-04-20,24,OZ,1,4.99
3636484681,70,14,1415,1073380373,4704,2012-07-22,15,OZ,1,2.19
3636484681,70,23,2301,1072543979,40679,2013-02-28,16,OZ,1,0.68
3636484682,70,64,6401,103410030,11704,2012-11-12,216,OZ,1,12.49
3636534051,165,9,917,102733121,9966,2013-01-30,16,OZ,1,2.69
3636534229,165,63,6320,1071514171,25530,2012-05-20,12,CT,1,2.99
3636534229,165,56,5621,107203676,7953,2012-08-21,8,OZ,1,2
3636536049,165,20,2002,105100050,27873,2012-08-26,46,OZ,1,3.95
3636539819,83,72,7203,1031254737,10554,2012-07-11,16.9,OZ,1,2.49
3636539819,83,96,9609,1055000050,88199,2012-11-28,0,,1,-0.75
3636539819,83,99,9904,103338333,33170,2012-12-18,80,OZ,1,5.99
3636541179,143,22,2207,104650040,16355,2012-04-24,14,OZ,1,3.49
3636541179,143,96,9609,1052570050,88199,2012-06-05,0,,1,-1
3636541179,143,36,3631,107800070,23209,2012-07-07,67.6,OZ,1,1
3636549030,211,97,9799,1079590272,7848,2012-12-22,1,CT,1,9.97
3636549030,211,29,2914,102100020,9886,2013-01-26,14,OZ,2,2.98
3636565313,58,33,3305,102840020,18584,2012-10-25,10,OZ,1,2.5
3636585229,191,12,1205,104800040,38150,2013-02-19,5,OZ,4,2
3636585420,191,26,2633,103040030,11407,2013-02-17,12,RL,2,10.58
3636585420,191,71,7113,107940070,3662,2013-03-02,12.7,OZ,2,10.58
3636585420,191,37,3703,105100050,2820,2013-03-09,10.5,OZ,4,5.52
3636585420,191,64,6401,107199070,4043,2013-04-27,216,OZ,2,27.98
3636587079,191,27,2710,103320030,875,2013-02-21,10.5,LB,1,8.19
3636587079,191,27,2705,101111010,13891,2013-06-06,5.5,OZ,14,4.83
3636591191,83,51,5115,107218070,18520,2013-07-21,14.55,OZ,1,1.99
3636591492,83,56,5607,101111010,9907,2012-04-04,8,OZ,1,2.04
3636591492,83,99,9908,101111010,9907,2013-02-23,160,OZ,1,2.88
3636591492,83,56,5621,101111010,9907,2013-03-03,8,OZ,1,2
3636593117,26,37,3703,105100050,2820,2012-09-22,10.5,OZ,1,1
3636593457,26,8,838,102700020,11091,2013-03-03,15,OZ,1,1
3636593457,26,36,3601,101200010,13794,2013-03-15,144,OZ,3,11
3636595270,89,9,907,107343575,9705,2012-12-23,16,OZ,1,3.49
3636597843,211,24,2403,107478575,19183,2012-05-08,5,OZ,1,1.39
3636597843,211,26,2633,105400050,16048,2012-12-05,16,RL,1,6.49
3636597843,211,59,5902,103450030,10165,2013-02-12,8,OZ,1,2.69
3636608433,126,51,5115,107192171,25673,2013-06-02,21.3,OZ,2,11
3636627845,2,97,9799,107169171,15583,2012-06-09,1,CT,1,1.67
3636627845,2,37,3706,104119646,14582,2012-12-16,18.5,OZ,3,3.75
3636638194,140,4,417,103400030,8247,2012-05-14,2.6,OZ,3,3
3636638194,140,9,907,101111010,16706,2012-08-06,20,OZ,1,1.49
3636638194,140,99,9909,101111010,9907,2012-11-02,24,OZ,1,2.49
3636638666,140,9,907,107313070,13291,2012-07-19,16,OZ,1,4.19
3636638666,140,79,7901,107244070,25222,2012-09-06,1,CT,1,5.99
3636638666,140,97,9753,10000,0,2012-11-28,1,CT,1,5.29
3636639510,191,9,907,101111010,4181,2013-01-15,24,OZ,3,5
3636639510,191,33,3305,102840020,15870,2013-03-22,16,OZ,1,2.99
3636641519,191,63,6309,104850040,18799,2013-02-12,12,OZ,4,7.16
3636641519,191,7,709,1076211171,17286,2013-04-10,4.4,OZ,1,11.19
3636641519,191,8,803,104150040,6714,2013-06-14,8,OZ,1,1.79
3636641519,191,67,6706,1030052131,19243,2013-06-14,1.75,OZ,2,3.38
3636674708,184,28,2805,1074164373,10768,2013-02-23,5.75,OZ,1,1.69
3636675091,184,58,5827,103760030,8501,2012-12-23,12,OZ,1,6.89
3636675246,184,96,9609,1053076858,88199,2013-04-07,0,,2,-2
3636676497,184,41,4107,104144343,11130,2012-03-11,14.5,OZ,2,2.58
3636676497,184,56,5611,107754171,17301,2012-12-15,11,OZ,1,3.19
3636678447,184,41,4107,102880020,7907,2012-10-26,38,OZ,1,2.39
3636678447,184,35,3508,103700030,18371,2013-01-12,50,OZ,1,8.45
3636679023,184,9,907,107225070,12465,2012-05-19,20,OZ,1,2.99
3636679023,184,27,2704,105849656,13705,2012-10-20,7.1,OZ,1,4.15
3636679218,184,26,2628,105400050,16048,2013-03-19,6,RL,2,16.58
3636680264,184,9,907,107225070,12465,2012-05-13,16,OZ,1,4.19
3636680685,184,58,5828,107790070,9200,2012-11-17,9.6,OZ,2,7.98
3636682240,184,36,3611,104900040,4599,2013-01-11,20,OZ,1,1.59
3636682286,184,35,3508,107261373,19976,2012-07-06,50,OZ,1,7.19
3636682286,184,9,970,103800030,62065,2012-11-02,14.7,OZ,1,2.59
3636682286,184,51,5133,107320272,9303,2013-03-08,20,OZ,1,6.69
3636682863,184,55,5552,102073525,18893,2012-08-02,48,OZ,2,9.98
3636682863,184,95,9518,1072047373,7848,2013-02-10,1,CT,1,3.99
3636683773,184,56,5611,108491686,23991,2013-02-28,14,OZ,1,4.29
3636685233,184,9,922,102430020,10577,2012-05-18,12,OZ,1,1.79
3636685233,184,36,3634,1078616272,7237,2012-07-20,120,OZ,1,6.99
3636687678,184,9,920,107641070,10160,2012-07-15,7.8,OZ,1,2.99
3636687678,184,72,7205,103500030,3830,2012-07-30,6.4,OZ,2,5.98
3636687678,184,33,3308,102840020,3336,2012-07-30,9.75,OZ,2,6.98
3636688046,184,49,4901,101312010,26885,2013-03-07,28,OZ,1,3.35
3636689029,184,36,3630,107800070,5208,2012-10-02,67.6,OZ,1,1.99
3636689029,184,63,6305,104850040,5072,2013-03-09,59,OZ,1,3.09
3636689120,184,64,6408,108500080,15104,2012-05-09,0.75,LT,1,8.99
3636690312,184,2,201,101600010,1756,2012-03-12,15.25,OZ,1,1.99
3636690590,184,95,9518,1061029060,7848,2012-06-14,1,CT,1,4.49
3636690590,184,64,6410,101820010,2510,2013-04-12,96,OZ,2,27.98
3636691711,184,33,3312,102840020,10241,2012-08-05,5.5,OZ,1,1.89
3636692352,184,17,1799,101112111,20099,2012-09-26,8,OZ,1,4.29
3636692352,184,29,2925,101740010,47096,2013-02-06,14,OZ,2,5.58
3636692352,184,51,5125,101380010,10271,2013-04-11,8.63,OZ,1,2.99
3636692352,184,51,5125,101380010,10271,2013-04-30,9.75,OZ,2,5.98
3636692352,184,34,3410,103680030,18533,2013-05-05,7.5,OZ,2,3.7
3636692352,184,33,3318,102840020,15441,2013-05-14,10,OZ,2,6.58
3636692352,184,51,5132,101380010,10271,2013-06-03,8,OZ,2,5.98
3636692533,184,41,4108,103940030,71386,2013-01-25,15.8,OZ,1,1.19
3636694355,184,25,2509,1074164373,10768,2012-11-13,32,OZ,1,2.69
3636694642,184,60,6007,101800010,14029,2012-03-29,8,OZ,1,2.39
3636694642,184,56,5616,1074164373,10768,2012-06-20,8,OZ,1,2.89
3636694642,184,51,5115,107218070,15035,2013-03-15,21.06,OZ,2,10.78
3636694642,184,4,411,102200020,17287,2013-04-02,13,OZ,1,3.39
3636695104,184,8,811,1070601070,1393,2013-04-13,24,OZ,1,3.19
3636695449,184,56,5604,1082058181,39890,2013-01-04,4,OZ,1,5.99
3636695739,184,26,2620,1074164373,10768,2012-06-24,20,CT,1,2.19
3636695739,184,63,6328,103760030,63690,2012-08-31,20,OZ,1,5.29
3636696048,184,27,2701,101113212,491,2012-06-20,13,OZ,3,2.97
3636696048,184,73,7310,1035310030,16891,2012-11-07,16,CT,1,3.79
3636696063,184,5,516,105844959,12466,2012-08-02,7.05,OZ,2,10.98
3636696089,184,9,907,101220010,11528,2012-03-29,20,OZ,2,5.18
3636696262,184,57,5710,1075854373,19530,2012-10-30,5.3,OZ,4,6
3636696262,184,26,2628,103680030,6866,2012-12-05,2,RL,1,2.99
3636696262,184,63,6315,107145272,10768,2013-01-29,128,OZ,1,3.89
3636697762,184,64,6408,108312080,38385,2012-04-06,0.75,LT,2,6.66
3636697762,184,54,5403,101800010,14029,2012-07-09,11.5,OZ,2,4.98
3636697865,184,63,6315,107145272,10768,2013-02-09,128,OZ,1,3.99
3636698199,184,99,9909,107127979,6732,2013-02-05,10.5,OZ,1,3.99
3636698269,184,63,6305,102500020,16489,2013-05-22,59,OZ,2,8.18
3636698857,184,64,6401,101820010,2595,2012-09-22,288,OZ,1,14.99
3636698857,184,51,5106,103100030,9626,2012-12-22,8.65,OZ,1,2.65
3636698859,184,99,9908,101833717,26028,2013-05-13,12,OZ,1,3.99
3636699917,184,9,917,102733121,13084,2012-03-08,16,OZ,1,3.45
3636699917,184,8,814,104156545,13412,2012-12-20,16,OZ,1,2.89
3636700012,184,23,2301,102920020,12168,2012-06-06,16,OZ,2,3.58
3636700012,184,30,3010,102100020,9886,2012-10-06,8,OZ,1,2.19
3636700106,184,41,4109,1074164373,10768,2013-01-19,16,OZ,1,0.89
3636700446,184,5,501,103800030,11732,2012-05-13,15.8,OZ,1,3.99
3636700446,184,96,9609,1051380050,88199,2012-12-01,0,,1,-1
3636700446,184,5,519,103000030,14760,2013-01-05,12.3,OZ,1,2.99
3636704147,96,8,803,103003434,7175,2012-03-19,12,OZ,1,1.5
3636704147,96,55,5552,102073525,18893,2012-05-06,48,OZ,2,6.67
3636704147,96,51,5121,104369545,10274,2013-03-08,9,OZ,2,4
3636704839,96,53,5307,102880020,7907,2012-07-28,12,OZ,1,1.75
3636705817,96,36,3626,104900040,17186,2012-08-13,144,OZ,1,4.33
3636706629,96,99,9909,103003434,7175,2012-10-02,5,OZ,1,3.99
3636706629,96,26,2632,1030813737,9259,2012-11-07,25,CT,2,5.98
3636722937,214,1,106,101500010,29555,2012-07-14,4.23,OZ,2,2.76
3636722937,214,2,214,104122040,20514,2013-03-21,32,OZ,1,1.38
3636736928,214,36,3611,107514070,4369,2013-01-16,540.8,OZ,1,3.99
3636741116,214,4,423,1087218181,4771,2013-03-10,3,OZ,1,1.82
3636742042,214,56,5613,104122040,20514,2012-05-01,32,OZ,2,12.56
3636742042,214,14,1404,1089000080,11289,2012-09-12,12.8,OZ,2,4.56
3636766669,214,51,5126,101380010,27474,2012-09-07,12,OZ,2,4.36
3636766669,214,58,5814,104660040,885,2013-01-13,2.6,OZ,2,1.94
3636772732,214,5,517,103800030,17050,2012-08-26,4.4,OZ,2,5
3636772732,214,36,3632,102500020,11749,2013-01-21,67.6,OZ,2,2.5
3636777087,214,4,423,103400030,8247,2012-07-04,3,OZ,1,1.97
3636813846,214,56,5609,104122040,23511,2013-01-23,24,OZ,3,5.64
3636819470,214,27,2707,101780010,93964,2012-10-24,3.15,LB,1,3.88
3636820212,214,26,2620,104122040,23511,2012-03-28,20,CT,2,2.18
3636820212,214,63,6340,1078539171,58665,2012-05-30,6,OZ,1,1.82
3636820212,214,9,907,101410010,13791,2012-10-21,14.5,OZ,1,2.98
3636820212,214,92,9212,107780272,28813,2012-11-16,0.13,OZ,1,0.99
3636902111,46,12,1205,108660080,2559,2012-05-11,5,OZ,7,4.83
3636930400,46,55,5552,1071928373,11473,2013-02-04,56,OZ,1,3.49
3636930400,46,72,7208,103500030,3830,2013-06-22,1,CT,1,2.96
3636983518,46,71,7113,102279626,13267,2012-07-21,4,OZ,1,6.39
3636983518,46,33,3303,102840020,10241,2012-09-15,10.5,OZ,1,3
3636995858,46,99,9904,1066529060,33170,2012-06-03,1,CT,1,2.5
3636995858,46,56,5616,1088692686,11473,2012-11-09,8,OZ,1,3.29
3637019474,46,7,708,1076211171,17286,2012-06-15,12,OZ,1,7.49
3637019474,46,23,2301,1070882070,11473,2012-07-27,16,OZ,1,1.19
3637019474,46,29,2925,104125040,11473,2012-09-07,14,OZ,2,3.78
3637019474,46,99,9909,107143070,5072,2013-03-29,12,OZ,2,5
3637079056,15,72,7205,103500030,3830,2012-09-28,5.8,OZ,1,3.49
3637079964,18,63,6315,102113020,10786,2012-03-18,32,OZ,1,1.39
3637082288,18,23,2301,102113020,30626,2013-02-08,12,OZ,2,1.98
3637109153,95,25,2506,104127141,26189,2013-01-24,32,OZ,1,3
3637109153,95,9,922,102113020,15704,2013-04-13,12,OZ,1,1.99
3637132242,360,2,201,101600010,1756,2013-01-26,15.25,OZ,1,2.19
3637133187,360,9,918,107351070,17346,2012-03-10,9,OZ,1,3.19
3637133187,360,9,918,107351070,17346,2012-04-18,9,OZ,1,3.19
3637133187,360,26,2630,103700030,14647,2012-05-04,100,CT,1,1.59
3637133187,360,9,907,104173545,14456,2012-07-25,22,OZ,1,2.39
3637133187,360,97,9753,10000,0,2012-07-25,1,CT,1,1
3637133187,360,33,3309,104173545,14456,2012-07-25,13,OZ,1,1.5
3637133187,360,9,907,104173545,14456,2013-04-02,16,OZ,1,1.79
3637133187,360,58,5812,1063690666,12339,2013-04-12,14,OZ,1,4.99
3637143141,360,37,3708,104100040,10522,2013-02-24,4.9,OZ,1,1.79
3637715678,42,33,3303,104178040,19154,2012-08-15,10,OZ,1,4.29
3637715678,42,36,3626,104900040,17186,2013-04-30,144,OZ,1,5.49
3637717631,42,51,5133,107320272,9303,2012-08-29,22.5,OZ,2,11.78
3637717631,42,55,5558,107585676,9798,2012-12-29,25.3,OZ,1,3.79
3638075476,285,58,5812,101115010,15530,2012-11-18,16,OZ,1,3.29
3638075779,285,35,3509,101115010,15530,2012-06-01,50,OZ,1,5.39
3638075779,285,99,9909,107127979,6732,2013-03-06,6,OZ,1,2
3638075982,285,63,6320,1071514171,25530,2012-08-04,12,CT,3,11.97
3638075982,285,41,4108,101115010,15530,2013-01-28,15,OZ,2,2.38
3638076787,285,25,2509,104190040,4664,2012-11-20,32,OZ,2,2.98
3638077652,285,26,2622,102570020,20361,2012-06-07,40,CT,1,4.18
3638077807,285,51,5125,107265575,8089,2012-05-14,10.1,OZ,1,3.85
3638077807,285,56,5614,104610040,15889,2012-06-06,24,OZ,1,6.89
3638077807,285,35,3508,103700030,18371,2012-10-14,12,OZ,1,4.58
3638078048,285,51,5115,107192171,18492,2012-06-10,12,OZ,2,7.5
3638078420,285,16,1604,102200020,20100,2012-03-21,15,CT,1,1.49
3638088604,108,63,6312,102500020,16487,2012-08-19,59,OZ,1,3.69
3638088604,108,26,2634,104200040,14813,2012-12-01,12,RL,1,8.99
3638110374,134,99,9909,107127979,6732,2012-11-03,24,OZ,1,2.99
3638309188,85,41,4109,105200050,19212,2012-05-06,7.75,OZ,2,1.76
3638309188,85,56,5604,107027777,1008,2012-09-08,4,OZ,1,2.49
3638309188,85,62,6201,1060788060,16965,2013-02-03,48,OZ,1,5.99
3638314705,85,0,0,10000,20405,2012-08-11,0,,2,-1
3638364813,507,1,106,102392323,5494,2012-04-07,4,OZ,6,5.28
3638364813,507,9,907,101410010,13791,2012-04-22,14,OZ,1,3.14
3638364813,507,99,9904,1071575676,5278,2012-06-23,16,OZ,1,2.3
3638364813,507,97,9753,1049062040,0,2012-11-30,1,CT,1,4.24
3638364813,507,97,9753,102241525,0,2012-12-09,1,CT,1,14.68
3638364813,507,56,5620,102100020,9886,2012-12-09,8,OZ,1,2.67
3638369866,507,16,1604,102200020,6021,2012-07-16,45,CT,1,1.57
3638369866,507,18,1828,102340020,15181,2012-09-28,22.5,OZ,1,2.93
3638382284,507,33,3304,102840020,6777,2012-05-11,4.63,OZ,1,1.46
3638382284,507,97,9753,104310040,0,2012-08-27,1,CT,1,3.66
3638400491,508,97,9747,102120020,52,2012-09-04,1,CT,1,6.47
3638401245,508,4,421,107279979,11066,2013-03-30,3.53,OZ,1,1.05
3638409539,508,97,9707,107169171,15583,2012-10-12,8,CT,1,3.99
3638433781,508,4,418,103400030,20231,2013-02-27,10.5,OZ,1,2.66
3638453766,509,97,9735,1074677575,6388,2012-08-23,1,CT,1,14.99
3638471459,510,72,7209,1030004131,26880,2012-11-13,75,CT,1,2.77
3638523338,507,33,3309,108523989,833,2012-09-07,14,OZ,2,6.28
3638530111,507,97,9753,104116545,0,2012-09-20,1,CT,2,5.98
3638530111,507,33,3325,102840020,21452,2013-04-26,20,OZ,1,6.49
3638565418,507,97,9753,1049036141,0,2012-11-23,1,CT,1,3.79
3638587632,507,58,5814,104470040,10837,2012-09-14,4.2,OZ,2,2.56
3638587632,507,97,9753,1020401121,0,2013-03-08,1,CT,1,2.35
3638626710,507,92,9211,104155444,11347,2012-05-22,0.17,OZ,1,5.24
3638665308,508,97,9753,1049016040,0,2012-12-29,1,CT,3,60.87
3638671019,508,4,407,103400030,18947,2012-04-14,24,OZ,1,2.93
3638671019,508,9,912,108523989,11176,2012-07-14,11.5,OZ,1,1.44
3638685699,508,5,516,101600010,12426,2012-10-04,7.4,OZ,2,5
3638709054,508,4,419,107022171,18468,2012-05-29,3.52,OZ,2,3.64
3638709054,508,36,3628,101200010,12029,2012-11-28,67.6,OZ,1,1.18
3638709054,508,9,902,102410020,44209,2013-03-21,21,OZ,1,3.77
3638716169,509,14,1416,102400020,4704,2012-11-05,15,OZ,1,1.05
3638716169,509,58,5823,107527878,6625,2012-12-17,10,OZ,1,2.67
3638943533,100,51,5126,101380010,27474,2012-03-03,6,OZ,2,4.03
3638943533,100,54,5401,103800030,5618,2012-08-11,10.7,OZ,1,2.79
3638943533,100,55,5556,102073525,18893,2012-08-25,48,OZ,1,3.89
3638943533,100,37,3707,105100050,17812,2012-11-17,49.5,OZ,1,3.49
3638963229,104,4,427,103400030,8682,2012-03-23,1.5,OZ,1,2
3638963229,104,45,4509,104113040,28168,2013-01-10,32,OZ,1,14.38
3639004804,224,96,9609,1051410050,88199,2012-04-14,0,,1,-0.4
3639004804,224,97,9707,102570020,20361,2012-12-29,5,CT,1,2.5
3639004804,224,30,3008,101598414,22433,2013-05-11,16,OZ,1,1.79
3639030507,31,41,4107,1073639373,7308,2012-08-25,27,OZ,1,1.67
3639041190,31,24,2406,103760030,17027,2012-07-18,12,OZ,1,2.99
3639041190,31,13,1306,102114020,19950,2012-12-22,5,LB,1,2.49
3639041190,31,64,6409,108273484,21125,2013-06-14,0.75,LT,4,28.76
3639083606,21,31,3101,101115212,5430,2013-02-15,2,OZ,1,2.59
3639089093,101,26,2622,1068826767,81691,2013-03-23,200,CT,1,3.69
3639089093,101,99,9908,1068826767,7173,2013-04-21,80,OZ,1,4.99
3639089099,101,63,6320,1068826767,81691,2012-10-05,18,CT,1,2.79
3639089099,101,19,1905,1068826767,81691,2012-12-26,32,OZ,1,2.99
3639089099,101,14,1410,1068826767,7173,2013-03-09,21,OZ,2,4
3639089711,101,99,9904,1071575676,5278,2013-06-02,16,OZ,2,4.99
3639090069,101,33,3314,1061667666,22454,2012-03-09,5.5,OZ,1,2.89
3639090069,101,56,5614,107104070,76668,2012-08-28,12,OZ,1,4.49
3639090069,101,51,5131,101143313,17996,2012-09-05,9,OZ,1,2.99
3639090069,101,21,2117,107630171,755,2013-04-04,54,OZ,2,5
3639090069,101,9,907,101410010,45039,2013-04-04,12,OZ,1,2.3
3639090069,101,33,3318,107797575,27417,2013-04-22,12,OZ,2,7.38
3639090069,101,18,1831,105210050,2732,2013-05-20,20,CT,1,0.99
3639090338,101,36,3628,101200010,12029,2012-06-18,240,OZ,1,5.99
3639090338,101,53,5307,1068826767,81691,2012-10-20,32,OZ,1,2.33
3639090338,101,60,6007,101800010,14029,2012-10-20,11,OZ,2,4.9
3639155306,70,33,3303,102840020,10241,2012-09-01,10,OZ,1,2.14
3639155306,70,5,516,103800030,69260,2013-01-18,7.4,OZ,1,2.5
3639155306,70,58,5823,104470040,13310,2013-05-20,9,OZ,1,3.79
3639157149,70,9,908,1076036676,6564,2012-06-05,14,OZ,1,3.29
3639157149,70,31,3110,105210050,11382,2012-06-11,4.4,OZ,1,1.52
3639157149,70,37,3709,104178949,11224,2012-09-30,18,OZ,1,1.35
3639157149,70,63,6315,1072543979,40679,2012-11-20,128,OZ,1,3.5
3639166794,165,97,9781,10000,8255,2012-10-18,1,CT,1,-1.05
3639167077,165,26,2634,104200040,14813,2012-11-21,12,RL,1,8.49
3639167077,165,32,3202,102700020,19737,2012-11-21,48,OZ,1,3.49
3639168821,83,0,0,10000,0,2012-03-18,0,,-1,-0.05
3639173159,143,36,3632,107800070,17635,2012-07-04,67.6,OZ,1,1
3639173159,143,4,416,103701434,24266,2013-01-11,3,OZ,1,2.49
3639173305,143,99,9908,103338333,33170,2013-03-26,16,OZ,1,0.99
3639173448,143,33,3305,102840020,5141,2012-07-20,11.5,OZ,1,1.99
3639173448,143,8,807,102100020,9886,2013-01-31,17.5,OZ,2,1.98
3639176290,98,25,2506,105000050,32115,2012-06-20,32,OZ,1,3.54
3639176290,98,97,9753,108609383,0,2012-08-15,1,CT,1,10.39
3639176290,98,9,914,107343575,9705,2013-03-10,24,OZ,1,5.49
3639177312,126,34,3411,107940070,17521,2012-05-05,12,OZ,1,2.07
3639179808,431,63,6320,101111010,9907,2012-10-18,6,CT,1,0.99
3639179808,431,1,103,101500010,7142,2013-02-18,8,OZ,1,1.94
3639179808,431,51,5122,101111010,9907,2013-04-02,5.3,OZ,2,2
3639183612,89,58,5824,107778272,9260,2012-08-26,14,OZ,1,2.99
3639184239,151,6,601,107092070,17882,2012-04-03,7.3,OZ,1,2.65
3639184239,151,55,5557,107756777,11005,2012-06-01,10.14,OZ,2,7.98
3639184239,151,0,0,10000,0,2012-11-21,0,,1,0
3639184239,151,33,3350,101111010,9907,2012-11-26,3.25,OZ,2,6.7
3639184239,151,33,3350,101111010,9907,2013-05-19,3.25,OZ,2,6.7
3639186169,89,26,2628,103700030,2248,2012-05-06,1,RL,1,2.39
3639186169,89,55,5552,101111010,9907,2013-01-20,16,OZ,2,1.78
3639186169,89,96,9609,1053700050,88199,2013-03-03,0,,1,-1
3639186169,89,18,1890,105113151,16044,2013-04-07,1,CT,2,6.18
3639201586,63,21,2105,104900040,14357,2012-11-17,32,OZ,8,7.12
3639211763,2,54,5401,103800030,5618,2013-01-22,10.75,OZ,1,2.99
