767213713,98,7,709,104300040,11339,2013-02-01,3.7,OZ,1,7.69
767220239,26,97,9753,1022807626,0,2012-12-16,1,CT,1,2.84
767223246,63,9,907,101111010,6848,2012-08-13,24,OZ,1,0.9
767223246,63,56,5617,102100020,9886,2012-08-13,12,OZ,1,2.79
767223246,63,63,6316,101111010,9907,2013-02-28,24,OZ,1,1.79
767225193,191,58,5823,104470040,13310,2012-05-07,16,OZ,1,5.49
767225193,191,30,3010,101111010,20588,2012-05-19,12,OZ,1,2.69
767225193,191,18,1828,106233868,319,2012-06-08,1.34,OZ,1,4.99
767225193,191,55,5560,104154848,5603,2012-09-29,18,OZ,2,6
767233307,12,9,907,101111010,9698,2013-05-26,14,OZ,1,1
767236736,89,5,516,103000030,14760,2012-06-19,3.5,OZ,1,1.39
767236736,89,4,405,1060069969,55864,2012-07-22,8,OZ,1,1.25
767236736,89,33,3351,103282333,57769,2012-09-28,3,OZ,2,2
767236736,89,63,6320,101111010,9907,2013-06-06,12,CT,2,2.5
767236973,211,9,902,102410020,44209,2013-01-04,15,OZ,1,2.99
767236973,211,72,7209,104126040,9907,2013-01-08,30,CT,1,1
767240055,431,31,3101,101111010,9907,2012-11-15,4.25,OZ,1,4.22
767240055,431,0,0,10000,0,2013-02-25,0,,1,0
767243168,126,29,2925,101740010,47096,2013-01-10,14,OZ,1,2.19
767251852,431,9,907,101410010,13791,2012-12-20,24,OZ,1,4.29
767286296,98,5,516,101111010,9907,2012-05-07,7.4,OZ,2,4.38
767286296,98,41,4107,102400020,4704,2012-08-22,14.5,OZ,2,1.64
767286296,98,37,3708,101111010,9907,2012-08-22,2,OZ,1,1.19
767286296,98,63,6315,101111010,9907,2012-09-19,64,OZ,1,1.99
767286485,431,58,5813,104470040,13310,2012-08-19,16,OZ,1,1.99
767286485,431,51,5128,1071785474,11614,2012-09-16,8.5,OZ,1,0.89
767287979,83,33,3314,103000030,14760,2013-01-04,3,OZ,2,3.98
767288717,12,55,5559,107756777,14286,2012-08-06,33,OZ,1,2.99
767293868,89,5,501,103800030,9543,2012-07-02,8.56,OZ,1,3.74
767310509,151,51,5125,107265575,8089,2012-04-15,9,OZ,1,2.18
767310509,151,9,904,101111010,9907,2012-09-05,5,OZ,1,1
767319877,83,53,5307,101111010,9907,2012-08-12,12,OZ,2,2.19
767319877,83,45,4514,102370020,18969,2012-08-28,48,OZ,1,6.99
767322118,83,36,3632,107380070,6226,2012-07-08,20,OZ,5,2.95
767322118,83,33,3318,101111010,9907,2013-01-08,15,OZ,1,1.99
767322118,83,9,901,103010030,15287,2013-02-16,4.44,OZ,1,3.59
767327318,89,73,7307,104110040,3614,2012-04-13,30,CT,1,20.82
767327318,89,0,0,10000,0,2012-06-04,0,,1,0
767327318,89,57,5704,101111010,9907,2012-07-31,6,OZ,2,0.8
767327318,89,33,3308,102840020,3387,2013-02-11,4.5,OZ,1,2
767327318,89,63,6320,101111010,9907,2013-03-29,12,CT,1,1.29
767327440,89,54,5403,107790070,9200,2012-04-06,36,OZ,1,9.99
767327440,89,74,7407,101111010,9907,2012-04-06,4,CT,2,6.92
767333663,12,36,3635,101111010,9907,2012-05-28,67.6,OZ,1,0.39
767336197,98,33,3315,101111010,9907,2013-06-30,12,OZ,1,4.99
767349223,63,11,1102,101111010,9907,2012-08-01,1,CT,1,3.59
767349223,63,63,6315,101111010,6848,2013-04-09,64,OZ,1,0.88
767349949,133,33,3308,101566515,98644,2012-06-04,4.5,OZ,1,2
767349949,133,10,1010,101857919,9139,2013-04-19,16,OZ,1,2.99
767349949,133,57,5710,101111010,9907,2013-07-07,6,OZ,1,0.8
767353833,133,38,3801,101111010,9907,2012-05-09,4,LB,1,2.14
767359601,12,96,9609,1052900050,88199,2012-06-24,0,,1,-1
767359601,12,73,7359,103076838,17627,2012-07-29,30,CT,1,5.79
767377614,89,56,5609,101111010,9907,2012-05-12,24,OZ,2,3.34
767377614,89,8,809,107229070,18158,2013-01-14,8,OZ,2,1.98
767379611,143,64,6408,108520080,17797,2012-12-22,0.75,LT,1,5.59
767385223,191,0,0,10000,0,2012-10-30,0,,2,0
767394697,191,14,1411,103890030,5072,2012-12-24,20,OZ,1,1.5
767396332,58,36,3611,101200010,803,2012-03-25,20,OZ,1,1.59
767396332,58,9,907,101111010,9907,2012-07-02,12,OZ,2,1.55
767397923,89,41,4121,102700020,8612,2013-01-31,15,OZ,1,0.49
767406636,211,63,6332,102500020,11749,2012-03-30,59,OZ,1,3.49
767406636,211,25,2506,104127141,26189,2012-05-23,32,OZ,1,2.99
767406636,211,18,1841,103700030,17864,2012-08-31,24,CT,1,7.99
767406636,211,36,3636,104300040,4371,2012-11-07,169,OZ,2,6.58
767408292,140,51,5125,101380010,10271,2012-05-02,6,OZ,2,5.54
767408292,140,0,0,10000,0,2012-08-04,0,,1,0
767408292,140,56,5610,101111010,9907,2012-08-26,6,OZ,1,2.99
767408292,140,26,2633,101111010,9907,2013-02-11,6,RL,1,2.99
767408292,140,34,3411,107940070,17521,2013-06-02,18,OZ,1,1.67
767413625,26,73,7359,107431272,12440,2012-03-05,120,CT,2,19.98
767413625,26,99,9904,103338333,33170,2012-06-16,16,OZ,2,5
767431402,98,9,902,101410010,45039,2013-01-20,6.6,OZ,1,1.98
767431402,98,9,902,101410010,45039,2013-02-10,6.6,OZ,1,1.98
767434375,98,31,3101,1060502161,12114,2012-06-26,2.5,OZ,1,2.89
767436703,98,92,9204,109100090,15219,2012-12-29,0.5,OZ,4,14.96
767436703,98,6,603,102800020,12545,2013-03-18,10.9,OZ,1,2.99
767437520,431,26,2622,101111010,9907,2013-03-12,60,CT,1,1.49
767439362,89,60,6011,101800010,14029,2013-02-08,16.3,OZ,2,3
767449161,26,51,5134,101111010,9907,2013-04-08,11.5,OZ,1,3.29
767455313,83,96,9609,1051800050,88199,2012-08-12,0,,1,-0.4
767457049,12,33,3307,101111010,9907,2012-03-15,12,OZ,1,3.19
767457049,12,33,3305,101583919,7001,2012-08-10,8.1,OZ,2,3.58
767457049,12,9,902,104400040,19783,2013-01-29,8,OZ,1,1.88
767457049,12,4,418,103400030,20231,2013-02-14,11,OZ,1,3.5
767465289,26,99,9908,1075166676,52506,2013-03-13,10.5,OZ,1,3.69
767465716,126,41,4107,102400020,4704,2013-04-25,15.25,OZ,3,4.77
767465716,126,33,3325,102840020,21452,2013-06-14,19,OZ,1,6.99
767466693,83,33,3303,102840020,10241,2012-05-23,10,OZ,1,2
767486408,126,5,517,1067852363,7326,2012-12-18,7.1,OZ,1,6.49
767490319,211,71,7113,107940070,3662,2012-08-19,12.9,OZ,2,9.98
767490319,211,9,922,102560020,18051,2013-03-17,14.25,OZ,1,2.99
767494835,151,51,5117,104280040,18599,2013-02-09,10.2,OZ,4,5
767501308,89,9,903,102100020,85727,2012-03-06,6,OZ,1,2.99
767501308,89,26,2611,104126040,9907,2012-08-02,16,CT,1,9.39
767501308,89,4,412,101900010,10421,2012-09-27,6.25,OZ,1,1.89
767507743,211,41,4107,101111010,9907,2012-04-21,15.25,OZ,1,0.56
767509946,12,30,3007,107184070,11154,2013-05-11,11.5,OZ,1,4.29
767517952,211,53,5309,101111010,9907,2013-05-14,6,CT,1,1.89
767527317,126,63,6305,102500020,16489,2012-05-20,59,OZ,1,3.39
767527317,126,4,419,1074759979,7168,2012-07-01,4.87,OZ,1,4.25
767527317,126,33,3319,102840020,10241,2013-03-22,9,OZ,1,3.99
767527317,126,25,2506,105000050,32115,2013-05-12,32,OZ,1,2.99
767527317,126,63,6315,104138343,10091,2013-06-03,64,OZ,1,3.35
767528118,58,53,5307,102000020,7655,2012-06-17,24,OZ,1,4.29
767528118,58,96,9609,1055170050,88199,2012-11-09,0,,1,-1
767529303,26,99,9908,101111010,9907,2012-11-19,80,OZ,1,1
767530246,191,33,3318,101111010,6678,2013-06-07,15,OZ,1,1.59
767547888,26,36,3611,101111010,9907,2012-05-03,405.6,OZ,1,0
767547888,26,99,9908,101111010,9907,2013-02-10,16,OZ,1,2
767547888,26,53,5307,107056070,14005,2013-06-21,10,OZ,2,3.98
767553681,63,99,9904,103338333,33170,2012-09-29,6,OZ,1,2.99
767553681,63,67,6702,1030813737,9259,2012-12-23,1.5,OZ,3,5
767553681,63,58,5827,103760030,8501,2012-12-30,16,OZ,1,3.99
767553681,63,29,2914,102100020,9886,2013-02-24,7.25,OZ,3,3
767580656,26,63,6314,101111010,9907,2012-09-04,16,OZ,1,1.68
767580656,26,96,9609,1055100050,88199,2012-09-16,0,,1,-0.4
767580656,26,5,501,107172575,33170,2012-11-16,16,OZ,1,2.99
767596964,151,30,3002,104800141,8178,2012-04-06,30,OZ,1,3.99
767600040,143,33,3308,104178040,19154,2012-04-21,4,OZ,1,1.59
767602180,211,23,2301,101395111,68281,2012-06-06,12,OZ,2,6.64
767602180,211,56,5609,101111010,9907,2012-10-17,48,OZ,1,6.39
767602180,211,37,3704,109830898,73880,2013-02-06,8,OZ,1,4.13
767602514,143,56,5611,107981373,2252,2012-06-26,5.2,OZ,1,6.49
767602514,143,53,5309,101111010,9907,2012-10-30,6,CT,1,1.99
767615012,83,7,707,104300040,11339,2012-06-16,34.5,OZ,1,9.39
767618903,143,0,0,10000,0,2013-02-05,0,,1,-1.87
767625900,12,1,106,101500010,29555,2012-05-21,5,OZ,1,1.99
767626457,89,99,9904,1071575676,5278,2012-07-22,6,OZ,2,4
767626457,89,60,6012,101800010,14029,2012-11-20,12.4,OZ,3,5.64
767626457,89,21,2105,104900040,14357,2013-06-09,32,OZ,10,5.9
767638658,143,58,5834,1070405171,4429,2013-03-31,10,OZ,1,4.99
767638658,143,11,1102,101111010,9907,2013-04-14,1,CT,1,4.99
767663216,211,63,6305,101111010,9907,2012-04-16,128,OZ,1,4.29
767663216,211,63,6305,101111010,9907,2012-04-29,64,OZ,1,1.99
767663216,211,63,6311,104180040,19713,2012-07-10,64,OZ,1,2
767663766,211,18,1827,106233868,319,2012-08-25,8,OZ,1,1
767663766,211,3,310,101111010,9907,2012-11-17,6,OZ,1,3.99
767663766,211,58,5823,104450040,8318,2012-12-01,8,OZ,1,3.27
767671312,126,56,5607,101111010,9907,2012-03-26,8,OZ,1,1
767671312,126,33,3309,101111010,9907,2012-05-02,10,OZ,1,1
767671312,126,99,9909,101111010,28083,2012-11-28,10,OZ,1,1.6
767672869,58,63,6305,101111010,9907,2012-12-16,59,OZ,1,2.69
767674076,58,27,2702,101780010,95301,2012-04-24,8,LB,1,2
767674076,58,28,2805,101111010,9907,2013-04-24,14,OZ,1,3.99
767681613,431,29,2904,101600010,7860,2012-10-26,4.9,OZ,1,1.67
767681631,58,18,1890,105209252,43069,2012-06-28,1,CT,1,2.14
767685842,89,15,1504,104114343,17593,2012-05-05,20,OZ,1,3.99
767685842,89,51,5126,104172949,58325,2013-01-23,13,OZ,3,7.47
767685842,89,29,2908,101111010,9907,2013-05-25,16,OZ,1,0.88
767687187,89,40,4004,101115616,18190,2012-06-09,7,OZ,1,3.59
767693336,58,99,9909,101111010,9907,2012-03-08,12,OZ,1,1.69
767693336,58,10,1004,104300040,26232,2012-07-26,1,OZ,4,5.16
767693336,58,24,2403,103760030,8501,2012-07-26,10,OZ,1,3.49
767693336,58,29,2904,101600010,21633,2013-01-07,6.1,OZ,1,1.66
767713085,211,63,6315,101111010,9907,2012-10-29,64,OZ,1,1.5
767713085,211,63,6315,101111010,9907,2012-12-22,64,OZ,1,1.99
767713303,83,63,6316,107342070,4529,2012-07-01,24,OZ,1,2.99
767713303,83,63,6316,101111010,9907,2012-10-09,16,OZ,1,1.79
767713303,83,26,2607,101090010,15232,2012-12-16,1,CT,1,3.59
767713303,83,58,5832,102370020,18969,2013-01-09,6,OZ,3,7.5
767714100,89,96,9609,1053800050,88199,2013-03-09,0,,1,-1
767721194,126,28,2805,101111010,9907,2012-03-04,6,OZ,1,1
767721194,126,63,6315,101111010,9907,2012-10-13,64,OZ,1,2.09
767721435,89,95,9518,1061029060,7848,2012-03-31,1,CT,1,1.99
767721435,89,73,7304,101111010,9907,2012-04-28,8,OZ,1,2.88
767721435,89,9,917,102733121,13084,2012-05-19,33,OZ,1,1.5
767727625,98,51,5115,107192171,25673,2012-11-13,22.1,OZ,2,10.54
767727700,191,60,6012,101800010,14029,2012-11-21,17.5,OZ,1,3
767727700,191,9,907,101111010,4181,2013-07-20,24,OZ,1,2
767734535,89,9,907,101111010,9907,2012-03-23,8,OZ,1,1.19
767734535,89,33,3303,104163242,53207,2012-04-22,9,OZ,1,3.49
767734535,89,16,1604,102200020,13228,2012-07-06,14,CT,2,2.58
767734535,89,32,3203,101111010,9907,2012-11-01,6,OZ,1,2.18
767734535,89,45,4511,102370020,18969,2012-12-08,25,OZ,1,4.99
767734535,89,63,6313,101111010,20588,2013-01-26,12,OZ,1,3.69
767735426,431,11,1111,1063748060,1011,2012-04-24,10.5,OZ,2,17.98
767735426,431,36,3635,101111010,4367,2012-05-05,33.8,OZ,4,3.16
767735967,26,4,412,104126040,9907,2012-04-04,11,OZ,1,1.5
767735967,26,55,5559,101111010,9907,2012-08-29,19.8,OZ,1,1.67
767735967,26,33,3303,107336474,95166,2012-09-19,16,OZ,4,17.96
767737956,98,21,2119,1061300868,867,2012-06-08,23,OZ,1,0.88
767737956,98,64,6401,108857383,16320,2013-05-18,72,OZ,1,8.39
767737956,98,10,1007,104300040,26232,2013-06-11,3,OZ,3,2.67
767748984,151,41,4110,103940030,71386,2012-03-09,22,OZ,1,2.15
767748984,151,4,418,103400030,1991,2012-09-22,8.6,OZ,2,6
767751028,431,63,6315,101111010,9907,2012-07-02,128,OZ,1,2.99
767751028,431,57,5705,101111010,9907,2012-08-16,6,OZ,10,4
767751028,431,56,5615,101111010,9907,2013-02-22,16,OZ,1,4.39
767751616,133,26,2613,104126040,9907,2012-03-15,42,CT,1,6.21
767761911,211,4,418,104000040,26517,2012-07-29,12.6,OZ,1,3
767761911,211,99,9908,101111010,9907,2012-12-21,160,OZ,1,4.17
767761911,211,36,3601,101200010,13794,2013-04-18,67.6,OZ,1,1.5
767762009,151,96,9609,1051380050,88199,2012-07-02,0,,1,-1
767769045,63,96,9609,1054150050,88199,2012-04-07,0,,4,-2
767769290,63,21,2105,105200050,7054,2012-03-31,32,OZ,4,5.36
767769290,63,36,3631,101111010,1814,2012-04-27,67.6,OZ,1,0.75
767772073,23,5,501,101600010,3396,2012-03-11,13.5,OZ,1,3.99
767772073,23,63,6315,104138343,10091,2012-06-29,64,OZ,2,8.38
767772073,23,63,6315,102640020,4584,2012-09-08,64,OZ,1,3.99
767772073,23,3,303,107116979,1756,2012-11-19,1.3,OZ,1,1.99
767772411,63,58,5833,101111010,6848,2012-04-23,16,OZ,1,3.79
767772411,63,82,8201,101111010,9907,2012-07-26,1,CT,1,5.99
767772411,63,63,6316,101111010,9907,2012-11-09,16,OZ,1,1.25
767774506,191,96,9609,1057417050,88199,2012-09-24,0,,1,-1
767779886,211,0,0,10000,0,2012-05-26,0,,1,0
767789849,126,0,0,10000,0,2013-03-31,0,,2,0
767792363,26,99,9904,103338333,33170,2012-07-07,16,OZ,1,2
767815896,431,75,7515,107346272,15890,2012-06-09,7.5,OZ,1,10.99
767818879,140,99,9908,103338333,33170,2012-06-28,16,OZ,1,0.73
767826513,63,63,6320,101111010,6848,2012-07-11,18,CT,1,2.09
767826513,63,35,3508,103700030,18371,2012-10-03,50,OZ,1,5.39
767826513,63,33,3316,101111010,9907,2012-10-10,8.75,OZ,1,1.69
767826513,63,17,1703,101111010,9907,2013-03-30,2,CT,1,1.49
767832022,63,63,6330,101111010,9907,2012-04-17,16,OZ,1,2.99
767832022,63,5,501,103800030,11732,2012-05-20,15.5,OZ,1,4.29
767852181,63,41,4106,101111010,9907,2013-06-21,7,OZ,1,0.68
767852618,98,49,4901,101111010,9907,2012-10-29,32,OZ,1,1.99
767857719,431,21,2117,101111010,9907,2012-03-30,60,OZ,1,1.99
767870454,143,9,901,103068434,26611,2012-07-31,8,OZ,1,3.29
767870454,143,56,5616,104610040,15889,2013-01-30,7.5,OZ,1,3.29
767870895,63,63,6320,107954878,10165,2012-07-08,12,CT,1,2.99
767870895,63,63,6320,101111010,6848,2012-09-04,12,CT,1,1.99
767877149,143,99,9908,101111010,20588,2012-10-31,8,OZ,1,2.99
767882251,89,0,0,10000,0,2012-05-26,0,,1,0
767882836,191,0,0,10000,0,2013-03-16,0,,2,0
767882836,191,92,9210,10425003545,5884,2013-06-11,0.38,OZ,1,2.49
767886317,191,36,3618,104900040,23359,2012-09-26,60,OZ,1,3.19
767886317,191,72,7203,104116747,193,2013-01-30,18,OZ,1,3.79
767886317,191,51,5115,102066222,12598,2013-03-27,13.3,OZ,1,6.99
767886317,191,73,7302,101111010,9907,2013-05-31,100,CT,1,2.48
767906411,191,34,3410,107418272,16853,2013-07-22,7.5,OZ,6,6
767907714,151,8,805,105440050,23210,2012-07-07,10,OZ,1,3.49
767907714,151,33,3310,107208070,7395,2012-11-13,1.63,OZ,2,2
767907714,151,70,7002,104126040,9907,2012-11-13,1,CT,1,2.99
767922016,431,41,4110,103940030,71386,2012-03-25,16,OZ,1,1.65
767922016,431,63,6330,101111010,9907,2012-06-04,16,OZ,1,2.15
767922016,431,45,4516,102781525,885,2012-09-01,14,OZ,2,7.18
767922016,431,15,1506,103120030,12957,2012-10-25,5,OZ,1,2.79
767922016,431,56,5614,101111010,9907,2012-11-17,12,OZ,1,3.89
767925541,143,9,914,107261070,8162,2012-04-24,15,OZ,1,2.99
767925541,143,4,419,1087218181,4771,2012-05-23,1.76,OZ,1,1
767925541,143,2,202,101600010,1756,2012-06-11,15.3,OZ,1,2.99
767925541,143,4,418,103400030,15113,2012-08-09,9,OZ,1,3
767925541,143,92,9210,104155444,11347,2012-11-06,0.7,OZ,1,4.44
767925541,143,96,9609,1054119656,88199,2013-01-30,0,,1,-0.5
767935968,151,56,5614,101111010,9907,2012-06-26,1,OZ,4,1.56
767935968,151,62,6201,101111010,9907,2013-01-05,16,OZ,1,1
767937164,191,55,5552,107120373,19032,2012-09-07,56,OZ,1,3.5
767937164,191,4,410,107920070,20031,2012-10-26,12,OZ,2,5
767954861,211,8,810,101111010,9907,2012-05-12,1.31,OZ,1,0.69
767954861,211,8,801,101300010,8164,2013-03-11,20,OZ,1,1.99
767956283,83,0,0,10000,0,2013-06-28,0,,1,0
767960986,89,45,4509,101111010,9907,2013-04-11,40,OZ,2,22.98
767965571,58,9,907,101111010,9907,2012-08-19,20,OZ,1,1
767985252,98,79,7901,107099272,41752,2012-08-17,1,CT,1,5.99
767985252,98,58,5814,104470040,13310,2012-12-21,3.9,OZ,2,4.78
767988077,211,33,3303,102840020,10241,2012-05-24,10.5,OZ,2,4
767988077,211,32,3202,101111010,9907,2012-11-28,32,OZ,1,2.19
767988077,211,9,922,102430020,10577,2012-12-03,12.5,OZ,1,1.5
767988077,211,51,5119,102370020,78850,2013-01-31,28,OZ,1,5.99
767989470,12,33,3313,107020070,11244,2012-09-05,12,OZ,1,3.99
767991203,211,97,9753,1063204565,0,2012-12-01,1,CT,1,3.99
767992651,151,70,7002,1030813737,25162,2012-06-12,60,CT,1,2.17
767992651,151,37,3709,104178949,11224,2012-09-01,3,OZ,1,0.17
767992651,151,9,907,107313070,13291,2013-01-04,48,OZ,1,2.99
768000144,211,99,9909,107143070,5072,2013-02-13,6,OZ,1,2.99
768000847,98,63,6332,104850040,61745,2013-02-18,59,OZ,1,3.38
768000847,98,9,907,1085850787,93744,2013-04-05,12,OZ,1,3.69
768003512,191,4,418,103400030,15449,2012-04-26,8,OZ,1,3
768003512,191,36,3635,101111010,6678,2013-02-16,33.8,OZ,6,4.74
768003512,191,9,920,103010030,9530,2013-03-02,11.04,OZ,1,3.29
768005648,89,44,4404,101111010,9907,2012-04-06,26.4,OZ,1,2.99
768005648,89,18,1890,107830070,14142,2012-05-19,30,CT,1,5.49
768005648,89,0,0,10000,0,2012-11-29,0,,1,0
768009238,191,31,3101,101111010,9907,2013-03-15,3.4,OZ,1,1.67
768009889,89,99,9909,101111010,85048,2012-03-24,5,OZ,1,2.99
768009889,89,8,826,104150040,6667,2012-12-09,23,OZ,1,4.19
768009889,89,99,9909,101111010,9907,2013-01-17,24,OZ,1,2.89
768015861,89,97,9753,1075166676,0,2013-01-02,1,CT,1,2.99
768024051,191,91,9133,108954080,8338,2012-05-21,0.75,LT,1,15.49
768024561,89,33,3309,1078113878,13130,2012-03-30,12,OZ,1,2.99
768024561,89,37,3706,105100050,2820,2013-07-13,10.75,OZ,1,1.59
768027795,191,63,6315,109396696,13264,2013-05-19,128,OZ,1,5.78
768030277,191,97,9717,1078693676,2516,2012-11-19,1,CT,1,19.99
768030277,191,17,1726,101111010,6678,2013-04-08,25,CT,1,2.39
768037194,211,29,2921,102970020,8711,2012-11-29,3.95,OZ,1,1
768037194,211,99,9908,101111010,9907,2013-01-22,80,OZ,1,2.5
768039237,143,10,1007,104300040,26232,2012-05-09,0.6,OZ,3,3.75
768044658,98,26,2628,101111010,9907,2012-04-10,8,RL,1,7.99
768044658,98,82,8201,101111010,9907,2012-09-02,1,CT,1,5.19
768044658,98,4,419,104000040,5168,2012-11-05,8.87,OZ,1,2.99
768044658,98,26,2628,104200040,2308,2012-11-13,8,RL,1,5.99
768044658,98,63,6315,101400010,2199,2013-03-04,16,OZ,1,1.39
768044658,98,9,922,107651575,15878,2013-03-14,12.5,OZ,1,2.5
768047723,211,5,517,103800030,17050,2012-09-12,4.4,OZ,2,6.78
768052183,63,57,5705,103663232,4568,2013-03-25,24,OZ,2,4.98
768058474,191,63,6311,104850040,5072,2012-04-08,59,OZ,1,3.19
768063747,89,28,2806,105410050,19509,2012-05-05,24,OZ,1,2.5
768065454,98,9,907,101111010,9907,2012-10-28,24,OZ,1,1.16
768065454,98,63,6313,107357070,8185,2013-01-29,12,OZ,1,1.25
768065454,98,51,5127,103100030,1358,2013-04-30,7.1,OZ,1,1
768077521,2,29,2905,107313070,2079,2012-06-10,38,OZ,1,7.49
768077521,2,36,3611,107114272,915,2012-09-26,405.6,OZ,1,3.99
768077521,2,7,708,107447171,2608,2012-10-20,10,OZ,1,5.29
768077521,2,25,2509,101111010,14907,2013-04-02,64,OZ,1,4.39
768080033,63,57,5705,107047070,20230,2012-12-26,6,OZ,10,6
768082068,191,0,0,10000,0,2012-06-03,0,,1,0
768082068,191,59,5902,102640020,4584,2012-06-10,16,OZ,1,2.5
768082886,83,8,803,101111010,9907,2012-08-17,20,OZ,1,1.49
768082886,83,51,5127,103100030,1358,2013-04-20,7.1,OZ,2,2
768087269,83,56,5620,101111010,9907,2012-08-07,24,OZ,1,5.99
768087269,83,79,7901,109256797,21373,2012-09-30,1,CT,1,2.79
768094282,431,41,4107,101111010,9907,2012-07-18,14.25,OZ,1,0.67
768094926,151,29,2902,101111010,9907,2012-08-05,7.37,OZ,1,0.99
768094926,151,27,2704,107910070,85180,2012-09-23,7,OZ,1,1.09
768094926,151,33,3303,101111010,9907,2012-10-30,11,OZ,1,2
768097248,151,0,0,10000,0,2012-05-03,0,,1,0
768097248,151,95,9518,1061029060,7848,2013-05-11,1,CT,2,7.98
768100136,63,63,6320,1071514171,25530,2013-02-09,12,CT,1,2.79
768100332,431,35,3510,101111010,5981,2012-03-07,50,OZ,1,4.99
768100332,431,63,6317,102529323,16410,2012-04-24,64,OZ,1,3.43
768100332,431,0,0,10000,0,2012-09-08,0,,2,0
768100332,431,96,9609,1052073555,88199,2012-09-14,0,,1,-1
768100332,431,9,902,102410020,44209,2012-12-21,13.7,OZ,1,2.5
768111532,83,96,9609,1053700050,88199,2013-01-23,0,,1,-1
768112459,431,36,3611,101111010,9907,2012-04-12,33.8,OZ,1,0.75
768112459,431,0,0,10000,0,2012-05-30,0,,2,0
768112459,431,5,504,109742191,22339,2012-12-08,1.58,OZ,1,1
768161929,191,33,3302,102389626,14268,2013-03-25,9.6,OZ,2,4
768186280,63,38,3801,101111010,9907,2013-01-26,4,LB,1,2.29
768186952,83,5,516,1060265262,9673,2012-08-23,16.8,OZ,0,0
768186952,83,56,5621,101111010,9907,2012-09-17,24,OZ,1,6.29
768186952,83,56,5616,104610040,15889,2013-06-15,7,OZ,1,3.49
768188455,191,9,917,107373171,11786,2013-03-04,27.5,OZ,1,1.97
768188455,191,51,5126,102113121,11151,2013-04-23,13,OZ,2,5.54
768188455,191,99,9904,1082757585,5338,2013-05-05,3.5,OZ,1,2.5
768188455,191,36,3601,104900040,3809,2013-06-03,144,OZ,1,4.5
768195717,89,7,702,102800020,18041,2012-08-06,0.42,OZ,3,4.17
768195717,89,64,6401,108992484,20251,2012-11-19,144,OZ,2,20.98
768195717,89,58,5837,101111010,9907,2013-01-22,2.1,OZ,1,2.69
768195717,89,58,5815,103760030,8501,2013-03-19,7,OZ,1,2.79
768207571,133,9,907,101111010,9907,2012-07-18,16,OZ,1,0.88
768207571,133,56,5620,104610040,15889,2012-11-18,8,OZ,2,3.58
768207873,26,58,5836,101111010,9907,2012-11-08,12,OZ,1,2.5
768222283,58,36,3601,104900040,3809,2012-05-26,144,OZ,2,6.67
768222283,58,59,5907,102900020,2012,2013-01-05,16,OZ,1,0.97
768225258,133,9,902,101111010,9907,2013-04-11,16,OZ,2,2.98
768236844,151,9,908,102430020,10577,2012-03-07,8.46,OZ,1,1.79
768236844,151,45,4511,102370020,18969,2012-03-23,26,OZ,1,6.99
768236844,151,9,907,101111010,9907,2012-04-12,13,OZ,2,2.58
768236844,151,63,6312,101111010,9907,2012-07-14,128,OZ,2,2
768236844,151,58,5828,103100030,1358,2012-12-13,6.4,OZ,2,2
768236844,151,36,3601,104900040,3809,2013-04-07,101.4,OZ,1,2.75
768238976,431,11,1111,1075365676,18312,2012-05-06,2.1,OZ,8,10
768252928,98,99,9904,1071575676,5278,2012-07-14,32,OZ,1,2.88
768252928,98,99,9909,101111010,28083,2012-10-15,12,OZ,1,2.01
768286549,58,19,1906,105150050,16728,2012-07-10,10,OZ,1,2.99
768298130,12,26,2622,101370010,8154,2012-07-06,13,CT,1,1.99
768298130,12,33,3305,102840020,18584,2012-09-07,10,OZ,1,2.99
768298130,12,96,9609,1050052151,88199,2013-02-15,0,,1,-1
768298130,12,63,6320,101111010,9698,2013-03-22,12,CT,1,1.69
768302250,191,96,9609,1052529353,88199,2012-07-10,0,,1,-0.55
768312103,83,99,9909,101111010,28083,2012-04-01,10,OZ,1,3.29
768317528,211,58,5823,107597171,15878,2012-05-09,10,OZ,2,8.98
768317528,211,53,5307,101111010,9907,2012-07-16,12,OZ,2,2
768317528,211,0,0,10000,0,2012-11-02,0,,1,0
768317528,211,2,213,1073639373,7308,2012-11-16,7.5,OZ,3,2.07
768317528,211,9,908,104157343,6678,2013-01-05,18,OZ,1,4.59
768322563,191,9,914,101111010,9907,2012-08-19,12,OZ,1,2.29
768332020,98,9,907,101111010,9907,2013-02-10,12,OZ,1,1
768344486,211,4,416,104000040,11698,2012-07-22,3.36,OZ,1,1
768344486,211,34,3410,101111010,9907,2012-08-01,8,OZ,1,2.1
768344486,211,5,518,102430020,10577,2012-09-15,6.7,OZ,1,1.66
768344486,211,36,3603,104300040,4186,2013-06-04,256,OZ,1,2.49
768354453,191,6,610,107084777,11910,2013-03-31,16,OZ,2,3.34
768359255,431,96,9609,1053500050,88199,2012-11-07,0,,1,-0.5
768359255,431,96,9609,1051600050,88199,2013-04-10,0,,1,-0.5
768370566,126,34,3410,107418272,16853,2012-07-31,7.5,OZ,2,2
768374976,98,99,9908,101111010,9907,2012-10-07,10,OZ,1,2.29
768378344,58,51,5125,105010050,8089,2012-11-04,10.5,OZ,1,1.69
768378344,58,5,516,103000030,14760,2013-05-05,6.3,OZ,1,1.88
768378344,58,29,2914,101111010,9907,2013-07-12,14,OZ,1,1.78
768378344,58,58,5812,104470040,13310,2013-07-12,16,OZ,1,2.34
768383061,191,18,1828,103700030,6236,2013-01-12,0.88,OZ,1,5.29
768393800,191,9,907,104157343,6678,2012-10-31,16,OZ,1,2.14
768394040,211,57,5705,101111010,9907,2013-02-15,32,OZ,1,1.79
768402054,143,9,912,104812141,18322,2012-04-06,20,OZ,1,4.49
768402054,143,7,709,101111010,20588,2013-02-19,4.23,OZ,1,5.29
768414842,151,99,9901,101111010,20588,2012-06-03,0.66,OZ,1,2
768414842,151,58,5824,104450040,8318,2013-05-03,14,OZ,2,6.78
768428592,63,5,501,101111010,9907,2012-10-17,20,OZ,1,1.79
768429377,98,9,908,101111010,9907,2012-07-02,3,OZ,2,4.58
768429377,98,45,4511,102370020,18969,2013-01-16,40,OZ,1,9.49
768433574,89,53,5307,101111010,9907,2012-10-18,12,OZ,3,2
768434767,126,63,6320,101111010,9907,2012-10-13,12,CT,1,1.85
768434767,126,51,5127,103100030,1358,2012-10-21,9.25,OZ,1,1
768436118,83,63,6315,101111010,9907,2012-03-05,128,OZ,1,2.79
768437653,63,37,3703,105100050,2820,2012-11-05,10.75,OZ,1,1.19
768437653,63,31,3101,101111010,9907,2012-11-21,0.5,OZ,1,1
768445435,83,63,6316,101111010,9907,2013-02-09,24,OZ,1,2
768463401,191,54,5401,105844959,12466,2012-06-03,7.5,OZ,1,2.99
768463401,191,58,5824,104450040,8318,2012-08-24,14,OZ,3,12.84
768469138,83,5,501,101600010,3331,2012-03-08,12.8,OZ,2,7.78
768469138,83,5,502,1072225272,3695,2012-05-08,0.7,OZ,4,2.76
768469138,83,34,3403,104126040,9907,2012-11-16,6.4,OZ,1,0.88
768469766,89,63,6320,101111010,9907,2012-03-27,12,CT,1,1.69
768469766,89,63,6305,101111010,9907,2012-05-23,64,OZ,1,1.99
768469766,89,5,516,101111010,9907,2012-06-27,15.2,OZ,1,3.19
768469766,89,96,9609,10991600090,88199,2012-08-22,0,,1,-3
768469766,89,25,2508,102529323,16410,2012-09-06,64,OZ,1,2.99
768469766,89,0,0,10000,0,2012-12-24,0,,1,0
768470865,83,5,501,103800030,14900,2012-04-02,18.2,OZ,2,7.78
768470865,83,56,5617,101111010,9907,2012-08-19,12,OZ,1,1.29
768470865,83,4,418,104000040,16765,2012-09-21,11.5,OZ,1,3.89
768470865,83,54,5402,101111010,9907,2013-03-23,12.5,OZ,1,1.39
768474701,58,24,2415,101700010,885,2012-06-11,3,OZ,1,0.53
768474701,58,45,4514,101111010,9907,2012-07-01,48,OZ,1,5.99
768474701,58,56,5615,102100020,9886,2012-07-29,7,OZ,1,2
768481527,140,31,3101,105210050,11382,2012-11-19,1.5,OZ,1,4.39
768481527,140,63,6315,101111010,12028,2013-05-17,128,OZ,1,2.69
768483829,98,30,3001,104800141,8178,2012-06-18,30,OZ,1,3.98
768483829,98,58,5827,107010070,9243,2013-01-09,12,OZ,2,6
768486463,431,97,9753,1021165323,0,2013-06-02,1,CT,1,6.61
768489525,98,25,2503,105000050,32115,2012-04-19,16,OZ,1,3.18
768489525,98,26,2628,101111010,9907,2012-09-17,1,RL,1,0.57
768489525,98,50,5002,103100030,1358,2012-09-20,7,OZ,3,2.16
768489525,98,19,1908,101111010,9907,2012-12-18,17,OZ,1,2.05
768495766,63,53,5307,101111010,9907,2012-05-24,12,OZ,1,1
768496609,26,63,6315,101111010,9907,2012-03-02,128,OZ,1,2.99
768496609,26,72,7209,101111010,9907,2012-07-16,100,YD,2,2.68
768496609,26,63,6320,101111010,9907,2012-11-10,12,CT,1,1.89
768507581,191,73,7304,104126040,9907,2013-02-04,24,CT,1,3.19
768510082,12,9,917,107373171,11786,2012-10-26,27.5,OZ,1,1.99
768515619,83,69,6901,107940070,17521,2012-03-20,6,OZ,1,3.29
768515619,83,41,4107,101111010,9907,2012-11-01,15,OZ,1,0.74
768515619,83,63,6320,101111010,9907,2012-11-28,12,CT,1,1.69
768515619,83,51,5115,107192171,18492,2013-04-28,21.6,OZ,1,2.5
768515619,83,9,901,101111010,9907,2013-05-28,32,OZ,1,2.19
768516818,151,36,3601,101200010,13794,2012-05-22,144,OZ,1,3.67
768516818,151,9,907,107225070,12465,2012-08-17,20,OZ,1,3.15
768517891,83,26,2622,102570020,20361,2013-01-27,50,CT,1,5.99
768518402,98,5,517,103800030,17050,2012-07-10,4.4,OZ,2,6.58
768518402,98,4,419,103129030,7346,2012-08-02,3.5,OZ,1,3.49
768520847,26,63,6312,104850040,5072,2012-06-24,64,OZ,1,2.29
768546168,431,0,0,10000,0,2012-09-29,0,,1,0
768553633,151,36,3618,104900040,23359,2012-11-21,96,OZ,1,4.34
768553633,151,41,4107,107236878,4715,2012-12-31,12,OZ,1,3.39
768559027,431,8,838,102700020,11091,2012-07-22,15,OZ,1,1.07
768560222,211,7,706,101200010,17286,2012-03-10,38,OZ,2,13.18
768560222,211,59,5902,101111010,9907,2012-04-03,16,OZ,2,6.38
768560222,211,49,4901,101312010,26885,2012-05-09,20,OZ,1,2.91
768563478,191,55,5567,107064070,19704,2012-03-15,21,OZ,1,4.99
768564448,191,9,912,107294575,15878,2012-03-28,15,OZ,1,3.29
768585276,26,30,3008,101111010,9907,2013-02-16,16,OZ,1,1.67
768585276,26,79,7902,104090141,45763,2013-02-27,1,CT,1,1
768591505,191,18,1890,105209252,43069,2012-11-20,1,CT,1,1.59
768595663,26,63,6323,101111010,9907,2012-04-19,128,OZ,2,7.38
768595663,26,60,6011,101800010,14029,2012-06-24,16.3,OZ,1,1.94
768595663,26,36,3618,104900040,23359,2012-10-25,144,OZ,3,12
768597157,143,0,0,10000,0,2012-07-16,0,,2,0
768597157,143,1,104,107109171,12846,2013-05-31,128,OZ,1,1.49
768611301,191,5,501,101600010,3331,2012-09-05,11.25,OZ,1,2
768638959,133,36,3634,101111010,20575,2013-02-08,20,OZ,1,1.99
768638959,133,56,5609,101111010,9907,2013-03-22,24,OZ,1,1.67
768638959,133,99,9908,1075166676,52506,2013-05-03,10.5,OZ,1,3
768640292,143,56,5614,107104070,76668,2013-02-13,12,OZ,1,4.79
768646264,211,72,7203,1031254737,10554,2012-08-01,33.8,OZ,1,5.39
768646264,211,75,7515,101904515,4422,2012-09-19,13,OZ,1,5.49
768646264,211,71,7113,102240020,25033,2013-01-30,15,OZ,10,7.9
768650603,98,97,9753,1020442626,0,2012-07-29,1,CT,3,5.07
768656150,191,9,902,104400040,18775,2012-08-27,9,OZ,1,2
768662492,431,99,9908,101111010,9907,2012-10-31,16,OZ,2,3.48
768670729,26,33,3303,102840020,10241,2012-07-01,10,OZ,1,1.99
768670729,26,58,5812,105450050,1322,2012-07-08,16,OZ,1,2.5
768670729,26,9,901,104400040,12885,2012-09-25,3,OZ,1,1.29
768680115,12,99,9904,10000,33170,2012-06-15,1,CT,1,1.47
768698801,211,7,707,104300040,11339,2012-06-21,11.5,OZ,1,4.09
768698801,211,63,6305,104850040,18799,2012-07-11,59,OZ,2,5.56
768698801,211,96,9609,1052412656,88199,2012-08-15,0,,2,-0.5
768698801,211,33,3318,107797575,27417,2013-04-17,16,OZ,1,1.99
768704604,83,5,501,103800030,15251,2012-09-10,12,OZ,1,3.29
768733582,89,2,202,105150050,14029,2012-04-21,19.5,OZ,1,2.09
768742939,126,63,6321,104082242,15667,2012-05-05,10,OZ,1,3
768742939,126,37,3709,104178949,11224,2013-02-23,72,OZ,1,5.35
768748010,58,5,519,103000030,14760,2012-05-25,2.57,OZ,3,5.07
768770096,26,0,0,10000,0,2012-08-23,0,,1,0
768770096,26,45,4509,101111010,9907,2013-01-15,32,OZ,1,10.78
768770096,26,33,3301,102840020,16680,2013-01-15,0.75,OZ,1,0.5
768778078,26,23,2301,103340030,68309,2013-01-26,12,OZ,2,4.58
768790266,211,56,5610,102100020,9886,2012-04-01,8,OZ,1,4.25
768790266,211,9,907,104130040,2636,2012-04-01,20,OZ,1,2.99
768793607,26,37,3703,105100050,2820,2013-02-28,10.75,OZ,2,3
768795881,191,5,516,101600010,12426,2012-10-19,8.9,OZ,1,2.5
768796630,143,33,3314,103000030,14760,2012-05-23,7.04,OZ,1,3.29
768796630,143,39,3903,101111010,9907,2012-10-14,16,OZ,1,2
768796630,143,73,7304,1032390030,30125,2012-10-21,12,OZ,1,7.39
768796630,143,20,2035,101480010,3611,2012-12-02,32,OZ,2,6.58
768796630,143,21,2105,105200050,7054,2013-03-10,32,OZ,10,10
768800749,133,51,5117,104280040,18599,2013-03-02,10.2,OZ,2,2.67
768800749,133,53,5307,101111010,9907,2013-03-03,12,OZ,5,5
768800749,133,0,0,10000,0,2013-03-06,0,,2,0
768810733,126,73,7349,101111010,9907,2012-08-15,60,CT,2,4.98
768812879,126,54,5401,103800030,5618,2012-06-20,29.6,OZ,1,2.99
768812879,126,97,9753,10000,0,2012-07-21,1,CT,1,0.89
768812879,126,99,9909,107143070,5072,2012-12-03,6,OZ,1,2.5
768813300,191,96,9609,1051111151,88199,2012-07-20,0,,1,-1
768813300,191,0,0,10000,0,2012-08-03,0,,1,0
768813300,191,9,917,107373171,11786,2012-10-18,17.5,OZ,1,2.38
768813300,191,55,5552,107283070,18390,2012-11-02,56,OZ,1,3
768813300,191,9,907,103967737,34197,2012-11-24,16,OZ,1,2.29
768813300,191,2,201,101600010,1756,2013-01-24,16.25,OZ,1,1.95
768814932,98,31,3111,104150141,13296,2013-02-16,3.5,OZ,1,2.59
768815683,12,60,6012,1089810282,1478,2012-03-03,18,OZ,1,3.99
768815683,12,96,9609,1054110050,88199,2012-07-25,0,,2,-2
768815683,12,60,6001,105000050,30272,2012-08-18,16,OZ,1,2.97
768821756,89,33,3303,102840020,10241,2012-04-15,10,OZ,1,2.99
768821756,89,26,2614,103700030,514,2012-12-15,16,CT,1,4.59
768821756,89,96,9632,107675070,17327,2012-12-24,1,CT,1,15
768829621,26,9,913,104812141,18322,2012-05-31,12,OZ,1,3.99
768835309,26,41,4110,103940030,71386,2012-08-26,28,OZ,1,1.87
768835309,26,37,3711,105100050,2820,2012-10-28,14,OZ,2,7.58
768839473,26,53,5305,101111010,9907,2012-10-29,9,OZ,1,1
768858693,83,53,5307,101111010,9907,2012-03-18,12,OZ,1,1
768858693,83,5,501,101600010,15114,2012-09-16,13,OZ,1,1.99
768860030,140,41,4108,107227373,27268,2013-02-11,15.25,OZ,1,1.09
768861643,191,36,3631,107800070,23209,2013-04-06,67.6,OZ,1,0.89
768865991,431,95,9518,107000070,7848,2012-06-02,1,CT,1,0.99
768865991,431,37,3709,104178949,11224,2012-07-24,3,OZ,2,0.4
768865991,431,63,6315,101111010,9907,2013-03-29,128,OZ,1,2.98
768865991,431,0,0,10000,0,2013-04-02,0,,1,0
768865991,431,57,5710,103663232,4568,2013-07-11,5.3,OZ,2,2
768867209,26,96,9609,1054105858,88199,2013-06-08,0,,1,-8.99
768871168,98,36,3618,104900040,23359,2012-10-21,144,OZ,1,3.67
768871168,98,63,6312,102500020,16487,2012-12-30,59,OZ,1,2.49
768875696,83,99,9909,101111010,9907,2012-10-23,12,OZ,1,1.09
768876037,83,4,416,103400030,8247,2012-10-23,1.55,OZ,1,0
768882753,211,5,501,1088491282,16363,2012-04-18,18,OZ,1,4.15
768882753,211,5,501,101111010,9907,2013-07-08,14.5,OZ,1,1.99
768889685,63,29,2921,101600010,1756,2012-11-25,5,OZ,1,1
768890372,26,36,3603,104300040,26420,2012-06-18,256,OZ,3,6
768890372,26,9,901,101111010,9907,2012-10-02,15,OZ,1,1.99
768890372,26,35,3504,101111010,9907,2012-11-15,24,OZ,2,3.78
768890372,26,4,419,107726070,15624,2013-02-09,8.5,OZ,1,6.99
768892028,89,41,4109,105200050,19212,2012-03-09,15,OZ,1,0.99
768892028,89,29,2924,101740010,11748,2012-09-16,28,OZ,1,4.29
768892028,89,29,2920,101600010,1756,2013-01-06,6.6,OZ,2,2.76
768892028,89,96,9609,1051380050,88199,2013-02-03,0,,1,-2
768903974,191,73,7308,1037811232,3468,2012-06-20,6,OZ,1,5.19
768903974,191,29,2924,101740010,11748,2013-04-15,14,OZ,2,4.36
768907813,191,33,3318,102840020,15441,2012-11-06,16,OZ,1,2.28
768911285,191,53,5307,101111010,9907,2013-03-16,16,OZ,1,2.19
768911285,191,29,2925,107440171,66788,2013-06-01,32,OZ,1,8.99
768915702,191,57,5704,107047070,20230,2012-05-29,6,OZ,2,1.78
768919500,126,12,1206,108660080,2559,2012-08-26,5,OZ,1,2.19
768919500,126,58,5828,101111010,9907,2013-03-23,12,OZ,2,5
