496782060,21,9,907,102209929,35006,2012-12-26,20,OZ,1,1.19
496782104,21,4,418,107172070,3285,2012-04-18,4,OZ,1,1
496782207,21,9,902,101410010,45039,2012-03-11,8,OZ,1,2.09
496782207,21,14,1411,103890030,5072,2012-05-13,20,OZ,1,1.69
496782207,21,14,1411,104119040,6164,2012-08-12,20,OZ,1,1
496782207,21,0,0,10000,20405,2012-09-02,0,,1,0
496782207,21,45,4511,102370020,18969,2012-09-09,32,OZ,1,6.99
496782207,21,38,3801,104920040,5098,2012-09-09,2,LB,1,2.29
496782207,21,5,518,103800030,15251,2013-06-07,6.2,OZ,1,2.79
496782263,21,12,1206,104800040,38150,2012-09-23,5,OZ,2,2.58
496782389,21,9,907,102591121,67828,2012-06-03,17,OZ,2,5
496782389,21,9,908,107203070,5812,2013-03-20,12.25,OZ,2,6.68
496782581,21,51,5126,101380010,27474,2012-06-07,15.5,OZ,6,21
496782581,21,97,9753,1020050727,0,2013-02-07,1,CT,1,5.69
496782822,21,58,5824,102836424,14418,2013-05-14,16,OZ,1,3.79
496783289,21,59,5910,103377636,16650,2012-11-29,13,OZ,2,6.98
496783306,21,57,5705,107047070,20230,2012-03-08,4,OZ,6,4.5
496783306,21,5,501,103800030,14900,2012-03-11,18.2,OZ,1,4.39
496783306,21,99,9908,104119040,16347,2012-09-08,16,OZ,1,2.5
496783306,21,9,901,104400040,3453,2013-03-15,12.4,OZ,1,3.69
496783936,21,63,6316,107342070,4529,2012-06-16,16,OZ,1,1.69
496784643,21,9,916,103010030,47346,2013-03-22,9.5,OZ,1,3.49
496785164,21,60,6012,101800010,14029,2012-11-03,17.5,OZ,1,4.02
496786103,21,63,6315,104119040,16347,2012-03-20,64,OZ,1,2.09
496786104,21,19,1905,105150050,16728,2012-11-19,12,OZ,1,1.99
496786104,21,9,913,104812141,18322,2012-12-11,24,OZ,1,2.99
496786939,21,26,2635,104119040,16347,2012-09-07,50,CT,1,0.88
496786939,21,9,907,1069989262,35189,2013-04-14,10,OZ,2,4.58
496787329,21,70,7001,104119040,16347,2012-08-25,32,OZ,1,0.99
496787350,21,4,423,107726070,15624,2012-06-12,3,OZ,2,3.98
496787350,21,33,3303,108379181,4988,2012-11-01,5,OZ,1,2
496787350,21,63,6320,1074199474,58508,2012-11-23,12,CT,1,3.59
496787698,21,63,6315,104119040,16347,2012-06-03,128,OZ,2,6.58
496787698,21,33,3303,102840020,10241,2012-09-28,10,OZ,1,2.14
496787698,21,62,6201,107756171,55208,2013-04-03,16,OZ,1,2.99
496787698,21,5,501,101600010,10797,2013-04-12,20.5,OZ,1,4.79
496788002,21,63,6315,104119040,16347,2013-02-26,32,OZ,1,1.19
496788081,21,9,912,104119040,16347,2013-03-01,21,OZ,1,1.79
496788596,21,18,1827,104650040,7249,2012-05-19,9,OZ,2,2.78
496788596,21,9,907,101410010,13791,2012-11-24,16,OZ,1,4.29
496788596,21,33,3303,102840020,15598,2013-01-26,9.5,OZ,1,2.79
496788922,21,63,6320,1071514171,25530,2012-03-18,12,CT,1,2.99
496788922,21,28,2805,104119040,16347,2012-06-30,6,OZ,3,2.97
496788922,21,0,0,10000,20405,2012-09-29,0,,1,0
496788922,21,56,5607,104119040,16347,2013-02-16,8,OZ,1,1.49
496789395,21,9,907,107130575,11013,2012-07-10,20,OZ,1,1.99
496789395,21,45,4515,107254575,61490,2013-01-08,21,OZ,1,8.29
496789395,21,36,3630,107800070,23561,2013-01-10,144,OZ,1,4.3
496790026,21,29,2925,104119040,16347,2012-08-05,80,OZ,1,2.99
496790026,21,9,902,104950848,16730,2013-01-06,7.2,OZ,1,2.99
496790026,21,18,1890,105209252,43069,2013-03-16,5,CT,2,2.98
496790147,21,99,9908,104119040,16347,2012-11-07,16,OZ,1,1.5
496790292,21,55,5552,102983929,6763,2013-03-09,48,OZ,1,2.69
496790595,21,63,6305,104850040,18799,2012-12-19,59,OZ,2,5.98
496790687,21,56,5614,107403070,16922,2013-01-29,12,OZ,1,3.99
496790816,21,99,9908,103338333,33170,2012-06-01,4,OZ,1,1.49
496791199,21,26,2630,103600030,9787,2013-01-18,174,CT,1,1.84
496791494,21,5,517,103800030,17050,2012-03-03,4.86,OZ,1,2.99
496791494,21,9,907,107130575,11013,2012-09-14,20,OZ,1,1.99
496791682,21,56,5616,104610040,15889,2012-08-15,8,OZ,1,3.29
496792166,21,36,3611,104900040,4599,2012-07-27,405.6,OZ,1,3.99
496792166,21,9,922,107235979,2011,2013-01-08,12,OZ,1,2.79
496792409,21,9,907,103967737,16347,2013-01-01,16,OZ,1,1.59
496792431,21,18,1890,105209252,43069,2013-03-06,6,CT,1,1.49
496792519,21,74,7407,107033070,1783,2012-03-22,4,CT,1,4.99
496792923,21,55,5555,107457070,26051,2012-03-12,14,OZ,1,3.09
496792923,21,9,918,103904737,19575,2012-12-07,5.3,OZ,1,3.79
496793608,21,35,3504,103700030,4628,2012-05-04,19,OZ,1,3.49
496793653,21,36,3618,104900040,23359,2012-08-12,67.6,OZ,1,1.79
496793653,21,55,5555,107756777,7459,2012-11-29,16,OZ,1,4.29
496793653,21,53,5305,104119040,16347,2013-01-22,10,OZ,1,1
496794189,21,9,918,107351070,17346,2012-11-12,4.86,OZ,1,3.49
496794249,21,26,2628,103600030,9787,2013-03-30,1,RL,2,3.98
496794474,21,63,6315,104119040,16347,2013-04-26,64,OZ,1,2.59
496795021,21,16,1604,101254616,4806,2012-08-04,60,CT,1,3.79
496795021,21,99,9902,107637171,21676,2013-01-05,16,OZ,1,1.69
496795162,21,26,2614,104160848,17568,2012-12-17,1.6,OZ,1,3.59
496795260,21,99,9908,104119040,16347,2013-01-08,10,OZ,1,1.99
496795388,21,41,4107,102000020,7655,2012-11-09,14.5,OZ,2,2.3
496795626,21,33,3318,107781777,1235,2012-06-13,9,OZ,1,2
496795626,21,29,2902,103760030,8501,2013-02-26,10.5,OZ,1,1.67
496795881,21,9,908,104069747,25321,2012-05-30,10.5,OZ,1,3.69
496795917,21,8,809,105100050,2820,2012-11-18,10.5,OZ,2,2.38
496796338,21,5,501,103800030,14570,2012-06-12,12,OZ,1,4.19
496796338,21,40,4005,107695070,23056,2013-01-07,1.12,OZ,1,2.99
496796708,21,96,9609,1053890050,88199,2012-11-07,0,,1,-1
496797137,21,35,3509,103320030,875,2012-03-18,50,OZ,2,7.98
496797137,21,17,1724,104650040,14149,2012-10-31,27,OZ,1,4.79
496797294,21,63,6305,104850040,18799,2012-06-01,59,OZ,2,5.58
496797341,21,45,4509,1074025070,54758,2013-01-25,32,OZ,1,3.49
496797509,21,63,6321,104082242,15667,2013-04-12,10,OZ,1,3.99
496797661,21,10,1012,102700020,23332,2013-03-15,13,OZ,2,2
496797667,21,40,4004,107017777,18928,2012-03-24,1.41,OZ,1,3.19
496797667,21,36,3635,104119040,16347,2012-06-23,33.8,OZ,5,2
496797858,21,8,811,1070601070,1393,2013-01-27,24,OZ,4,8.64
496798037,21,25,2504,105000050,3001,2012-11-03,12,OZ,2,2.2
496798037,21,36,3634,1078616272,7237,2013-02-23,20,OZ,8,8
496798037,21,63,6315,104119040,16347,2013-03-12,128,OZ,1,3.99
496798382,21,30,3010,104100040,19975,2012-03-02,16,OZ,1,2.69
496798382,21,37,3706,104119646,14582,2012-12-14,19,OZ,2,4
496798382,21,58,5836,107778272,9260,2013-02-21,12,OZ,1,3.49
496798407,21,21,2117,108768484,2903,2012-04-21,60,OZ,1,2.59
496798407,21,64,6408,10100010,33170,2012-11-17,25.3,OZ,1,-1
496798741,21,35,3504,107261373,17576,2012-03-11,25,OZ,1,0.99
496798741,21,41,4105,107294070,18909,2012-10-21,35,OZ,1,1.79
496798741,21,9,902,103010030,18457,2012-11-12,8,OZ,1,3.19
496799488,21,9,907,107341070,888,2012-05-24,12,OZ,1,2.49
496799510,21,53,5305,104119040,16347,2012-03-23,10,OZ,3,3.75
496799724,21,5,501,103800030,11732,2012-08-28,70,OZ,1,7.99
496799724,21,25,2509,104119040,16347,2013-03-21,64,OZ,2,5.98
496800399,21,26,2626,104119040,16347,2012-09-11,1,CT,1,2.99
496800399,21,37,3707,105100050,17812,2012-10-19,32,OZ,1,2.99
496800405,21,29,2914,104119040,16347,2012-11-02,36.25,OZ,2,4.78
496801082,21,74,7407,1084105888,15983,2012-03-02,4,CT,1,8.99
496801082,21,36,3635,104119040,16347,2012-07-23,33.8,OZ,3,2
496801427,21,9,908,107203070,5812,2012-04-03,12,OZ,1,2.24
496801427,21,28,2804,107079676,3198,2012-12-11,12,OZ,1,2.69
496801649,21,23,2301,107130070,15474,2012-03-21,16,OZ,1,1.99
496801649,21,37,3705,105100050,2820,2012-08-22,18.8,OZ,1,2.59
496802058,21,73,7307,104119040,16347,2012-03-27,30,CT,1,5.49
496802058,21,33,3305,102840020,5141,2013-01-19,17,OZ,1,3.99
496802234,21,33,3316,101600010,3397,2012-12-19,8.75,OZ,1,2.5
496802384,21,58,5833,105229454,26863,2012-06-21,16,OZ,1,5.99
496802384,21,74,7404,101204414,13056,2012-09-24,4,OZ,1,4.49
496802384,21,51,5128,104119040,16347,2012-10-03,12,OZ,2,3
496802384,21,36,3601,104900040,3809,2012-11-13,67.6,OZ,4,6
496802384,21,60,6007,101800010,14029,2012-11-19,8,OZ,2,4.62
496802398,21,56,5610,107571777,15284,2012-09-24,8,OZ,1,6.49
496802400,21,27,2704,103810030,14717,2012-03-09,6.5,OZ,1,3.99
496802400,21,10,1010,104119040,16347,2012-08-09,22,OZ,1,2.19
496802400,21,8,818,107050676,3860,2012-12-04,26,OZ,1,0.99
496802400,21,27,2704,107910070,30096,2013-03-28,15,OZ,1,2.99
496803157,21,17,1719,101920010,10882,2012-04-18,19,OZ,1,7.29
496803945,21,18,1854,104119040,16347,2012-12-21,3,CT,1,1.49
496804149,21,10,1004,107239272,12247,2012-07-15,3.13,OZ,1,0.5
496804149,21,10,1004,107239272,12247,2012-12-02,3.13,OZ,1,0.5
496804149,21,97,9753,1020050222,0,2013-01-26,1,CT,1,4.94
496804149,21,8,810,104140949,3957,2013-01-26,1.27,OZ,1,0.99
496804880,21,17,1726,104460040,3718,2012-05-13,35,CT,1,2.99
496804938,21,99,9904,1078035373,53977,2013-03-06,16,OZ,2,4.98
496805374,21,56,5607,102100020,2321,2012-06-24,8,OZ,1,2.59
496805374,21,75,7503,104138848,1993,2012-09-23,0.13,OZ,1,1.89
496805374,21,37,3706,104119646,14582,2012-11-25,19,OZ,1,2
496805449,21,55,5555,1018685212,22794,2012-04-29,16,OZ,1,2.5
496805449,21,58,5824,107778272,9260,2012-12-20,13.5,OZ,1,2.5
496805661,21,25,2506,104410040,8481,2012-04-29,16,OZ,1,1.49
496805748,21,72,7203,104119040,16347,2012-07-31,18,OZ,1,2.69
496805748,21,26,2628,105400050,16048,2012-10-22,10,RL,1,10.29
496805748,21,63,6313,107357070,8185,2012-12-22,12,OZ,1,1.49
496806262,21,9,902,101410010,45039,2012-06-13,6.6,OZ,1,2.39
496806311,21,14,1416,102400020,4704,2013-03-03,15,OZ,2,3.78
496806520,21,96,9609,10995000090,88199,2012-03-10,0,,1,-1
496806520,21,51,5134,104132242,6167,2012-12-27,22,OZ,1,4.49
496806675,21,26,2628,105400050,16048,2012-05-18,10,RL,1,10.29
496806675,21,36,3638,101906313,6830,2012-06-10,96,OZ,2,5
496806675,21,9,906,104300040,16249,2013-01-27,5.75,OZ,1,2.49
496807094,21,96,9609,10990815191,88199,2012-06-18,0,,1,-3
496807439,21,5,501,101600010,3331,2013-01-05,8.9,OZ,2,6
496807439,21,25,2509,103450030,10165,2013-01-22,32,OZ,1,2.89
496807530,21,35,3509,103320030,875,2012-08-15,50,OZ,2,5.98
496807530,21,99,9904,103338333,33170,2012-09-01,16,OZ,1,4.99
496807678,21,51,5126,101380010,27474,2012-04-09,12,OZ,4,10
496807678,21,27,2701,102310020,13705,2012-08-26,13.2,OZ,4,3
496807678,21,33,3302,102389626,14268,2012-09-03,19.2,OZ,1,3.99
496807678,21,36,3601,104900040,3809,2013-03-17,20,OZ,1,1.79
496807993,21,99,9908,1078670575,27139,2013-02-24,80,OZ,1,2.99
496808188,21,63,6311,104850040,5072,2012-03-26,59,OZ,1,2.99
496808398,21,58,5832,107274575,13804,2012-08-07,9,OZ,2,7.18
496808398,21,33,3307,104119040,16347,2013-02-21,10.3,OZ,1,5.49
496808950,21,3,302,103400030,8247,2012-11-29,12,OZ,1,2.29
496809275,21,99,9908,103338333,33170,2012-07-03,16,OZ,2,5
496809275,21,8,821,104139040,9659,2012-08-13,10,OZ,1,2.79
496809275,21,11,1102,104480040,22728,2012-12-27,100,CT,1,3.69
496809275,21,97,9753,1020110424,0,2013-01-15,1,CT,1,6.46
496809684,21,5,501,103800030,14900,2012-04-19,20,OZ,1,3.89
496809684,21,51,5125,101380010,10271,2012-06-29,8,OZ,1,3.5
496809714,21,55,5560,104154848,5603,2012-04-05,16.1,OZ,2,7
496809714,21,63,6312,104850040,18799,2012-07-14,59,OZ,1,1.99
496809911,21,99,9904,103338333,33170,2012-07-08,16,OZ,1,2.49
496809911,21,18,1827,103700030,6236,2012-10-20,9.7,OZ,1,3.39
496809911,21,33,3307,101030010,5740,2012-11-01,11,OZ,1,5.99
496810286,21,30,3008,104133545,43106,2012-07-19,9,OZ,1,1.67
496810286,21,33,3307,101030010,5740,2012-09-02,5,OZ,1,3.29
496810523,21,63,6315,104119040,16347,2012-04-13,128,OZ,1,2.89
496810523,21,36,3632,102500020,11749,2012-05-18,67.6,OZ,1,1.5
496810532,21,99,9909,107143070,5072,2012-12-16,10,OZ,1,2.5
496810797,21,99,9908,103338333,33170,2013-02-07,80,OZ,1,1.99
496810980,21,5,501,103000030,45635,2012-11-05,13,OZ,1,2.59
496811334,21,13,1306,101600010,7366,2012-12-07,5,LB,1,2.69
496811758,21,55,5561,107047272,26467,2013-03-29,32,OZ,1,1.89
496811857,21,36,3601,101200010,13794,2012-06-07,240,OZ,2,13.98
496811857,21,9,913,104812141,18322,2013-01-24,12,OZ,1,1.99
496812783,21,63,6315,104119040,16347,2012-03-05,128,OZ,1,4.29
496813271,21,21,2119,108390080,12546,2012-03-24,202.8,OZ,1,4.24
496813271,21,69,6901,102220020,17067,2012-08-26,2,OZ,3,3.27
496814262,21,99,9908,103338333,33170,2012-03-14,16,OZ,1,0.99
496814573,21,9,913,104812141,18322,2013-02-21,12,OZ,1,1.49
496814783,21,45,4517,1070463979,2468,2012-06-10,32,OZ,1,9.99
496814783,21,18,1828,106233868,319,2012-11-10,1,OZ,2,1.98
496814783,21,69,6901,103700030,16139,2012-12-05,2.6,OZ,2,5.98
496815091,21,54,5401,101960010,1058,2012-05-30,12.3,OZ,2,3.98
496815193,21,56,5609,102100020,2321,2012-03-27,16,OZ,1,1.69
496815193,21,36,3635,107800070,2829,2012-08-07,33.8,OZ,1,1.59
496815321,21,63,6312,102500020,11749,2013-02-18,59,OZ,2,1.98
496816049,21,18,1854,104119040,16347,2012-04-15,4,CT,1,1.99
496816049,21,72,7205,103700030,4294,2012-05-20,4.6,OZ,3,8.64
496816049,21,63,6315,104119040,16347,2012-06-24,128,OZ,1,3.39
496816049,21,36,3611,107572070,14196,2012-06-25,405.6,OZ,3,13.47
496816049,21,59,5902,102100020,2321,2012-11-11,8,OZ,1,1.99
496816049,21,37,3708,107107272,382,2013-01-06,4.1,OZ,1,1.99
496816049,21,57,5705,104119040,16347,2013-02-18,6,OZ,10,4.5
496816808,21,33,3307,101030010,5740,2012-03-29,3.92,OZ,1,3.79
496816808,21,57,5710,1089470080,21065,2012-11-29,5.3,OZ,1,1.25
496817130,21,9,908,107203070,5812,2012-03-04,13,OZ,1,2.14
496817130,21,34,3402,1030052131,14250,2013-04-14,2,OZ,1,4.69
496817430,21,33,3350,102620020,16611,2012-09-01,4.2,OZ,1,3.49
496817430,21,27,2702,107910070,33128,2012-12-21,4,LB,1,5.79
496817686,21,21,2112,107045070,17674,2012-03-04,32,OZ,1,2.89
496817686,21,9,907,107341070,888,2012-07-15,24,OZ,2,4.48
496817886,21,33,3318,107797575,27417,2012-11-01,12,OZ,2,6
496818001,21,22,2211,103700030,5174,2013-03-05,80,CT,1,4.99
496818257,21,8,801,102700020,8612,2013-01-17,28,OZ,1,1.99
496818269,21,9,912,104812141,18322,2012-11-14,20,OZ,2,9.38
496818561,21,55,5556,102983929,6763,2012-04-29,48,OZ,2,6.18
496818561,21,36,3611,107572070,14196,2013-01-04,96,OZ,2,4
496819231,21,56,5619,1072776676,11374,2012-03-21,8,OZ,1,1.49
496819231,21,9,907,1082684686,33388,2012-03-28,11.4,OZ,1,2.89
496819231,21,63,6320,104119040,16347,2012-04-03,12,CT,1,2.49
496819258,21,97,9753,10000,0,2012-11-18,1,CT,1,0.74
496819588,21,27,2704,107910070,30096,2012-03-07,28.6,OZ,1,3.49
496819588,21,33,3314,104119040,16347,2012-05-22,5.46,OZ,1,1.5
496820539,21,31,3101,1070742575,50086,2013-01-12,7,OZ,1,1.19
496820539,21,26,2629,104119040,16347,2013-03-29,250,CT,1,1.49
496821015,21,51,5126,101380010,27474,2012-03-23,10.5,OZ,2,6.66
496821015,21,26,2609,104200040,19231,2012-10-05,18,CT,2,5.98
496821132,21,26,2609,104119040,16347,2012-09-29,24,CT,1,2.89
496821236,21,38,3801,104119040,16347,2013-01-29,5,LB,1,2.89
496821413,21,21,2118,107618373,16756,2012-12-20,16,OZ,1,1.09
496821413,21,35,3504,107261373,17576,2013-02-20,20,OZ,1,1.19
496821731,21,33,3303,102068525,2892,2012-06-03,6,OZ,1,3.99
496821731,21,9,912,1067852363,7326,2012-10-14,20.8,OZ,1,6.59
496822170,21,56,5613,104119040,16347,2012-04-22,15,OZ,1,2.19
496822170,21,27,2701,102310020,13705,2012-05-13,13.2,OZ,1,0.8
496822170,21,5,501,101862717,9496,2012-06-17,14,OZ,1,3.29
496822170,21,9,901,103010030,6852,2012-11-04,11.5,OZ,1,2.99
496822238,21,97,9753,1020991020,0,2013-01-20,1,CT,1,2.55
496822238,21,95,9518,1061029060,6015,2013-03-10,1,CT,1,3.69
496823112,21,19,1905,105150050,16728,2012-04-07,32,OZ,2,5.68
496823683,21,23,2301,107680878,1393,2012-09-11,13.25,OZ,2,2.8
496823683,21,23,2301,107130070,15474,2012-11-11,16,OZ,1,1.99
496824002,21,19,1904,107326070,7383,2012-11-14,12,OZ,1,4.59
496825178,21,63,6328,107590070,2073,2012-06-04,22,OZ,1,3.49
496825178,21,56,5615,103651434,7627,2012-09-19,8,OZ,1,2.49
496825178,21,59,5902,103450030,10165,2013-01-26,8,OZ,1,2.49
496825228,21,51,5129,101450010,20864,2012-11-06,21,OZ,2,7.38
496825251,21,27,2706,105000050,6132,2013-01-13,3,OZ,1,0.58
496825521,21,72,7209,103700030,26880,2012-10-16,43.7,YD,1,3.49
496825521,21,99,9909,1078970777,53320,2013-04-22,5,OZ,1,2.99
496826326,21,51,5123,107019777,17274,2012-03-02,20,OZ,2,7.18
496826326,21,56,5613,107403070,16922,2012-10-05,32,OZ,2,8.58
496827014,21,23,2301,104119040,16347,2012-05-22,16,OZ,1,0.88
496827014,21,97,9753,10000,0,2012-09-07,1,CT,1,0.69
496827014,21,4,416,104000040,16765,2012-09-20,2.07,OZ,2,1.58
496827014,21,14,1405,104119040,16347,2012-11-17,16,OZ,1,0.99
496827116,21,26,2628,103700030,2248,2012-07-23,15,RL,1,17.39
496827583,21,27,2715,104133444,9293,2012-03-16,5,CT,1,2.49
496827583,21,23,2301,107173070,12706,2012-04-20,12,OZ,1,2.24
496827583,21,72,7203,1031254737,10554,2012-07-11,3.2,OZ,1,1.99
496827583,21,42,4220,1089703484,43167,2013-01-04,4.8,OZ,2,5.58
496827840,21,53,5307,101450010,20864,2013-01-02,12,OZ,3,5.37
496827917,21,8,810,105210050,11382,2012-11-09,0.87,OZ,6,5.97
496827917,21,73,7304,10400040,13626,2013-01-18,10,OZ,1,-1
496827917,21,63,6320,104119040,16347,2013-01-25,12,CT,1,2.39
496827991,21,99,9909,107143070,5072,2012-04-25,9,OZ,1,1.67
496827991,21,8,816,1064034464,51320,2012-05-08,8,OZ,1,3.99
496827991,21,33,3318,107797575,27417,2012-12-22,10,OZ,1,2.99
496828124,21,95,9518,1061029060,7848,2012-05-12,1,CT,1,1.99
496828461,21,9,902,109608696,20765,2012-03-11,80,OZ,1,3.99
496828461,21,21,2106,107572070,14196,2012-09-23,20,OZ,2,2.5
496828461,21,18,1850,107088171,2383,2012-10-05,2,CT,2,2.58
496828461,21,29,2928,107142979,20299,2013-01-18,7.4,OZ,1,1
496828461,21,13,1306,104119040,16347,2013-03-24,5,LB,1,1.69
496828461,21,19,1908,104119040,16347,2013-03-24,18,OZ,1,1.69
496828878,21,56,5620,104119040,16347,2012-08-29,12,OZ,1,3.39
496829814,21,99,9909,1078970777,53320,2012-08-07,5,OZ,1,2.99
496829814,21,63,6320,104119040,16347,2012-10-20,18,CT,2,4.66
496829814,21,99,9909,103260131,5489,2012-11-05,5,OZ,1,2.99
496829852,21,53,5305,101450010,20864,2012-07-29,9,OZ,2,2.6
496829852,21,36,3603,107239272,20113,2012-11-06,384,OZ,1,1.99
496831462,21,41,4107,104119040,16347,2012-09-16,14.5,OZ,1,0.79
496831462,21,4,419,107022171,18468,2012-09-20,3.52,OZ,1,1.99
496831626,21,99,9908,103338333,33170,2012-04-24,13,OZ,2,3
496831626,21,26,2630,103600030,9787,2012-11-13,80,CT,1,2.49
496831626,21,9,917,107373171,11786,2013-02-22,12,OZ,1,4.99
496831843,21,63,6315,10400040,13626,2012-07-24,128,OZ,1,-1.01
496831843,21,8,811,104112949,3635,2012-07-27,15,OZ,2,5
496831843,21,5,501,103800030,17050,2013-05-10,12.5,OZ,1,2.99
496831890,21,4,412,102800020,12669,2012-03-04,4,OZ,4,4
496832162,21,9,913,104812141,18322,2012-03-28,12,OZ,1,1.99
496832162,21,58,5828,104120848,18062,2012-05-15,6,OZ,1,2.99
496832411,21,41,4105,107294070,18909,2012-07-13,35,OZ,6,9.18
496832715,21,28,2805,104119040,16347,2012-05-20,6,OZ,2,1.76
496832715,21,4,405,104119040,16347,2012-11-27,10,OZ,1,0.99
496832718,21,28,2806,10930090,12157,2012-09-04,128,OZ,1,2.89
496833182,21,99,9908,104119040,16347,2012-07-28,16,OZ,1,2.5
496833313,21,58,5814,104470040,10837,2012-11-08,10.6,OZ,2,5.98
496833461,21,41,4108,107571777,15284,2012-04-13,15,OZ,2,1.38
496833832,21,56,5613,104119040,16347,2013-03-22,48,OZ,3,17.97
496833967,21,58,5824,102836424,14418,2012-04-03,16,OZ,2,7.98
496833967,21,51,5134,107008575,26885,2012-07-28,7,OZ,1,2.09
496833967,21,24,2403,108660080,2559,2012-11-11,5,OZ,1,1.59
496833967,21,56,5620,104119040,16347,2012-12-09,8,OZ,1,1.78
496833967,21,99,9908,104119040,16347,2013-03-02,16,OZ,1,1.67
496834289,21,26,2629,104119040,16347,2013-03-14,250,CT,1,1.49
496834743,21,37,3707,102400020,3843,2013-02-23,14.5,OZ,1,1
496834950,21,63,6320,104119040,16347,2012-09-10,30,CT,1,4.49
496835524,21,8,830,107185171,2181,2012-11-09,9,OZ,1,2.29
496835835,21,99,9909,107143070,5072,2012-03-31,9,OZ,1,1.67
496835835,21,54,5401,103800030,5618,2012-06-16,12.3,OZ,1,2.99
496835903,21,36,3629,104900040,6716,2012-05-10,67.6,OZ,1,1.5
496835903,21,99,9904,103338333,33170,2012-07-13,16,OZ,1,2.49
496835903,21,38,3801,104920040,5098,2013-01-05,4,LB,1,2.79
496837369,21,41,4108,104119040,16347,2012-04-05,15,OZ,2,1.78
496837369,21,25,2501,1065272969,5453,2012-06-29,14,OZ,1,2.99
496837369,21,96,9609,1057261353,88199,2012-11-24,0,,1,-1
496838340,21,25,2506,104127141,26189,2012-10-01,32,OZ,2,6.48
496838355,21,26,2609,104116545,16879,2012-06-02,22,CT,1,2.69
496838355,21,9,970,103800030,62065,2012-09-27,14.7,OZ,1,2.69
496839324,21,12,1206,108660080,2559,2012-06-03,5,OZ,8,10.72
496839324,21,41,4105,107294070,18909,2013-01-05,28,OZ,2,1.78
496839429,21,63,6320,1071514171,25530,2012-05-11,12,CT,1,2.69
496839429,21,27,2707,101780010,93964,2012-11-16,3.15,LB,2,8.38
496840798,21,51,5125,101380010,10271,2012-08-25,9,OZ,5,15.5
496840798,21,51,5123,102066222,12598,2012-09-15,24,OZ,1,7.99
496841696,21,54,5401,103800030,5618,2012-11-27,12.3,OZ,2,5
496843029,21,7,707,107103878,25424,2012-03-25,33.9,OZ,2,24.98
496843029,21,59,5907,102740020,16291,2012-07-19,45,OZ,1,4.49
496843029,21,41,4110,103940030,71386,2013-01-06,16,OZ,2,4
496843893,21,55,5556,104154848,5603,2012-11-27,48,OZ,1,2.5
496843933,21,14,1416,104570040,71066,2012-07-07,29,OZ,1,1.29
496844519,21,2,214,107468373,56499,2012-06-06,24,OZ,1,3.49
496844519,21,9,912,104812141,18322,2012-07-15,20,OZ,1,2.99
496845181,21,9,907,104500040,20016,2012-05-03,20,OZ,1,3.39
496845181,21,51,5131,104345444,10440,2013-01-08,10,OZ,1,3.5
496845181,21,37,3703,105100050,2820,2013-03-17,10.5,OZ,1,1.99
496845327,21,9,905,104119040,16347,2012-03-24,6,OZ,1,1.19
496845327,21,45,4515,104119040,16347,2012-04-13,6,OZ,1,1.67
496845327,21,73,7344,104119040,16347,2012-11-10,72,CT,1,1.99
496845327,21,9,901,10100010,15704,2013-02-02,15,OZ,1,-4
496845849,21,9,907,107133070,25887,2012-07-19,20,OZ,1,1.99
496845849,21,9,907,107133070,25887,2013-02-06,20,OZ,1,2.29
496846050,21,9,902,102410020,44209,2012-03-25,13.7,OZ,1,3.49
496846050,21,2,214,105150050,8604,2012-06-14,32,OZ,1,2.99
496846050,21,55,5562,102983929,6763,2012-06-28,48,OZ,1,2.99
496846050,21,43,4302,104119040,16347,2012-07-02,13,OZ,1,3.29
496846050,21,11,1114,104119040,16347,2012-07-10,32,OZ,1,3.79
496846050,21,34,3403,1081655989,20331,2012-09-05,32,OZ,1,4.99
496846798,21,26,2614,103700030,514,2013-01-23,20,CT,2,1.98
496847010,21,9,920,104400040,15335,2012-11-14,6,OZ,1,3.49
496847877,21,56,5620,10100010,13626,2012-08-28,16,OZ,1,-1
496847877,21,36,3612,104119040,16347,2013-02-20,320,OZ,1,2.99
496847877,21,36,3633,107397070,5186,2013-03-03,67.6,OZ,1,1.5
496847924,21,26,2629,104119040,16347,2012-03-12,250,CT,1,1.69
496847924,21,9,907,104500040,12473,2012-11-18,24,OZ,1,1.99
496848036,21,99,9909,107774575,14997,2012-07-12,5,OZ,1,2.5
496848036,21,99,9908,1078670575,27139,2012-09-27,80,OZ,1,2.5
496848036,21,56,5619,102100020,19279,2012-12-05,8,OZ,1,2.69
496848494,21,5,516,101600010,12426,2013-03-23,6,OZ,1,3.39
496849213,21,63,6320,1071514171,25530,2013-04-19,12,CT,2,5.38
496849221,21,16,1604,101254616,4806,2012-08-16,48,CT,1,2.69
496849433,21,63,6315,104119040,16347,2012-03-18,64,OZ,1,2.49
496849629,21,17,1708,104173747,68024,2012-06-24,1.6,OZ,2,1.98
496849629,21,5,501,103800030,6796,2012-08-24,14.7,OZ,1,3.63
496849629,21,56,5621,104119040,16347,2012-12-21,8,OZ,1,1.88
496850133,21,33,3305,102840020,5141,2012-08-08,12,OZ,1,4.29
496851104,21,99,9908,104119040,16347,2012-05-06,10,OZ,2,3.98
496851995,21,37,3707,104119040,16347,2012-06-22,14.5,OZ,3,2
496852006,21,72,7205,103700030,4294,2013-03-09,3.5,OZ,1,0.99
496852006,21,45,4511,102370020,18969,2013-04-15,22,OZ,1,8.99
496852068,21,59,5907,102700020,2012,2012-03-02,15,OZ,1,1
496852147,21,33,3318,102840020,15441,2013-02-10,16,OZ,1,2.5
496852505,21,7,709,109955595,7661,2013-02-24,4.87,OZ,1,8.99
496852662,21,58,5831,103927232,26234,2013-01-29,20,OZ,1,7.49
496853109,21,9,902,101410010,45039,2012-03-22,6.6,OZ,1,2.39
496853109,21,39,3903,104119040,16347,2012-03-31,24,OZ,1,1.99
496853109,21,63,6323,104119040,16347,2012-08-06,64,OZ,1,2.39
496853109,21,99,9908,103338333,33170,2012-09-06,16,OZ,1,1.99
496853109,21,33,3350,102620020,16611,2012-11-20,1.12,OZ,1,1
496853232,21,59,5906,103450030,10165,2012-09-22,15,OZ,1,2.69
496853232,21,25,2509,104119040,16347,2012-09-22,16,OZ,1,1.49
496853232,21,4,418,101121515,7997,2012-10-24,5,OZ,1,1.29
496853232,21,0,0,10000,20405,2012-11-17,0,,1,0
496853232,21,17,1703,103500030,6073,2013-03-15,22,OZ,1,1.88
496853519,21,9,907,104500040,20016,2012-05-25,12,OZ,2,2.58
496853519,21,9,902,103800030,17050,2012-07-27,4,OZ,1,2.99
496853519,21,51,5115,101960010,3174,2012-09-28,5.08,OZ,4,3.92
496853725,21,21,2119,1061300868,867,2013-02-14,42,OZ,2,1.76
496853769,21,54,5403,1074300272,43084,2012-12-11,14.8,OZ,1,4.39
496854147,21,58,5811,104542545,21248,2012-05-31,12,OZ,1,7.49
496854147,21,37,3703,105100050,2820,2013-03-16,10.75,OZ,2,3.98
496854204,21,29,2906,104119040,16347,2012-03-09,16,OZ,1,2.5
496854204,21,56,5611,104175747,19978,2012-07-22,8,OZ,1,4.99
496854204,21,37,3705,105100050,2820,2012-10-08,18.4,OZ,1,1.89
496854204,21,4,419,107726070,15624,2013-02-07,10,OZ,1,5.99
496854440,21,4,423,103331434,23894,2012-06-10,3.5,OZ,1,1.99
496854440,21,99,9909,107143070,5072,2013-04-07,9,OZ,1,2.49
496854749,21,33,3310,1072822979,18169,2012-08-21,6,OZ,1,4.19
496854749,21,57,5707,103663232,4568,2012-12-08,18.6,OZ,1,3.19
496854749,21,33,3305,102840020,18584,2013-02-23,10,OZ,1,3
496854749,21,34,3410,104119040,16347,2013-04-14,7.5,OZ,1,1.39
496854896,21,72,7203,1031254737,10554,2012-05-19,33.8,OZ,1,4.69
496854896,21,58,5831,1085192787,50681,2012-08-19,16,OZ,1,5.49
496855267,21,36,3611,104119040,16347,2012-08-07,405.6,OZ,3,10
496855267,21,7,709,109955595,7661,2013-02-10,4.02,OZ,1,8.69
496855873,21,63,6316,107148171,6765,2012-06-17,16,OZ,1,1.49
496855873,21,99,9908,104119040,16347,2013-01-26,16,OZ,1,0.99
496856148,21,95,9518,107000070,7848,2012-04-13,1,CT,1,0.99
496856148,21,63,6315,1074236575,8499,2013-01-03,64,OZ,1,4.59
496856355,21,26,2629,107331070,11125,2012-08-26,300,CT,2,4.58
496856355,21,56,5607,104119040,16347,2012-12-18,8,OZ,2,2.58
496856542,21,58,5831,107274575,13804,2012-04-29,16,OZ,1,2.21
496856542,21,36,3611,107572070,14196,2012-07-15,96,OZ,2,4
496856625,21,18,1828,103700030,6236,2012-10-15,0.88,OZ,1,5.49
496856625,21,51,5123,1065123565,7522,2012-12-14,22,OZ,2,5.98
496856783,21,58,5828,103100030,1358,2012-08-02,6.4,OZ,2,3.54
496856783,21,8,801,102700020,8612,2012-08-31,35,OZ,1,1.99
496857336,21,30,3010,104100040,19975,2012-05-20,16,OZ,1,2.39
496857336,21,72,7203,104119040,16347,2012-07-29,33.8,OZ,1,2.79
496857398,21,11,1102,104480040,22777,2012-05-21,500,CT,1,4.79
496857398,21,97,9753,1020050222,0,2012-05-28,1,CT,2,7.39
496857524,21,58,5825,104450040,8318,2012-04-05,13,OZ,1,2.99
496857524,21,55,5552,102073525,18893,2012-09-18,48,OZ,1,3.29
496857589,21,33,3305,102840020,18584,2012-08-17,14.5,OZ,1,3.99
496858961,21,29,2920,102970020,8711,2012-04-20,4,OZ,1,1
496859385,21,26,2614,1030800434,17323,2013-01-30,24,CT,1,2.89
496859691,21,55,5567,107585676,9798,2012-04-29,16,OZ,1,3.69
496859691,21,36,3604,107800070,2829,2012-10-25,67.6,OZ,1,1.36
496859691,21,99,9908,103338333,33170,2013-01-05,16,OZ,1,1.19
496859691,21,60,6007,104119040,16347,2013-01-19,8,OZ,1,1.99
496859691,21,73,7308,1085406585,14041,2013-03-11,32,CT,1,3.29
496859733,21,18,1850,104119040,16347,2012-11-06,1,CT,1,1.19
496859768,21,12,1205,108660080,2559,2012-09-29,5,OZ,2,2.38
496859887,21,79,7901,107224676,20014,2012-11-19,1,CT,1,1.79
496859887,21,9,970,103800030,62065,2013-02-08,14.1,OZ,1,2.69
496860076,21,97,9753,1020002424,0,2012-09-15,1,CT,1,8.34
496860179,21,33,3317,10980090,12851,2012-11-25,1.8,OZ,1,1.49
496860259,21,97,9753,1020000525,0,2013-05-25,1,CT,2,16.96
496860610,21,26,2620,101370010,8154,2012-04-29,30,CT,1,2.79
496860610,21,36,3612,107572070,14196,2012-09-16,128,OZ,4,4
496860610,21,18,1898,103980030,5782,2012-10-12,8,CT,1,5.99
496860610,21,36,3612,107572070,14196,2013-03-09,128,OZ,5,5
496860885,21,17,1703,101980010,19934,2012-07-09,32,OZ,2,7.38
496860885,21,9,913,104812141,18322,2012-07-14,12,OZ,1,1.99
496861748,21,26,2633,104303242,11116,2012-04-13,12,RL,1,9.49
496861748,21,57,5704,105215959,41981,2012-10-23,6,OZ,7,6.93
496861748,21,63,6315,104119040,16347,2013-01-13,128,OZ,1,5.99
496861752,21,54,5401,101960010,1058,2012-05-09,12.3,OZ,1,1.99
496861752,21,30,3010,104119040,16347,2012-09-16,16,OZ,1,1.99
496861752,21,22,2214,103700030,18371,2013-01-21,7.9,OZ,1,7.99
496861752,21,8,809,101300010,8164,2013-03-09,12,OZ,1,1.99
496862293,21,56,5607,102100020,13967,2012-12-12,8,OZ,4,7.56
496862328,21,56,5611,103090030,19704,2012-05-28,4,OZ,1,2.5
496862328,21,5,501,104240040,40317,2012-09-28,19.5,OZ,1,3.79
496862328,21,21,2106,103120030,12957,2012-12-14,64,OZ,2,4
496862328,21,33,3318,102840020,15441,2013-01-07,10,OZ,1,2.79
496862683,21,79,7902,1081418686,46078,2012-09-09,1,CT,1,2
496862683,21,99,9908,105783656,17665,2012-09-30,17.6,OZ,1,2.5
496863116,21,0,0,10000,20405,2012-11-25,0,,2,8.18
496863189,21,36,3618,101200010,23361,2012-03-25,67.6,OZ,1,1.79
496863189,21,63,6315,104119040,16347,2012-09-26,64,OZ,1,2.09
496863476,21,5,501,101600010,18781,2012-06-11,10.7,OZ,1,3.49
496863476,21,56,5611,103090030,19704,2012-10-13,4,OZ,1,2.29
496863476,21,56,5613,104119040,16347,2012-11-09,16,OZ,1,2.78
496863476,21,21,2122,107270070,11079,2013-04-15,64,OZ,1,3.99
496863641,21,99,9908,104119040,16347,2012-11-19,5,LB,1,3.49
496864140,21,74,7402,1084105888,16559,2012-07-28,7,OZ,1,2.49
496864140,21,37,3709,104178949,11224,2013-02-04,2.25,OZ,5,2
496864140,21,23,2301,107130070,15474,2013-03-02,16,OZ,1,1.39
496864257,21,51,5133,107320272,9303,2013-01-19,20,OZ,1,6.99
496864562,21,53,5307,107056070,14005,2012-03-05,12,OZ,1,1.67
496864562,21,27,2704,107910070,85180,2012-07-27,7,OZ,1,1.35
496864562,21,32,3204,104173646,6305,2012-10-27,16.9,OZ,1,3.99
496865014,21,27,2704,1076830373,2690,2012-09-19,8,OZ,1,2.99
496865014,21,9,902,104400040,15335,2013-01-30,12.73,OZ,1,3.79
496865014,21,26,2614,101150919,19168,2013-04-28,1,OZ,1,5.99
496866220,21,23,2301,107680878,1393,2012-05-27,16,OZ,6,8.94
496866225,21,99,9909,107143070,5072,2012-11-08,14,OZ,1,1.67
496866225,21,71,7113,108087888,13505,2012-11-25,25.4,OZ,1,5.79
496866263,21,23,2301,107680878,1393,2012-05-12,16,OZ,1,1.4
496866263,21,70,7002,104119040,16347,2013-01-09,64,OZ,1,2.59
496866296,21,8,822,102840020,18584,2012-07-09,10,OZ,1,3
496866296,21,18,1890,105209252,43069,2012-07-26,1,CT,5,14.95
496866296,21,63,6315,107205070,31277,2012-09-29,64,OZ,1,3.19
496866577,21,54,5403,107218070,15035,2012-04-22,10,OZ,2,6.66
496866577,21,9,901,104400040,12279,2012-10-26,21.2,OZ,1,5.99
496866587,21,27,2704,102310020,13705,2012-03-17,5.57,OZ,1,3.99
496866587,21,26,2629,104119040,16347,2012-06-16,120,CT,1,1.29
496866587,21,9,907,101410010,13791,2012-10-18,14.5,OZ,1,3.49
496866587,21,5,501,102430020,17616,2012-11-02,16,OZ,2,5
496866799,21,8,807,101340919,17823,2012-05-18,18,OZ,2,3.34
496866799,21,81,8105,107173777,2906,2012-12-08,20,CT,2,10.58
496866799,21,56,5611,104175747,19978,2013-02-02,8,OZ,1,3.99
496867070,21,9,907,104119040,16347,2012-07-23,12,OZ,2,2.3
496867682,21,37,3705,104119646,14582,2012-10-19,19,OZ,1,1.79
496867963,21,9,910,101410010,13791,2012-03-22,6,OZ,2,6.98
496867963,21,9,912,104812141,18322,2012-11-28,20,OZ,1,4.69
496868023,21,36,3612,107572070,14196,2012-06-18,128,OZ,7,7
496868291,21,99,9908,1060580666,7655,2012-12-07,29,OZ,1,1.79
496868291,21,99,9908,104119040,16347,2013-03-29,16,OZ,1,1.67
496868291,21,9,903,107891373,9530,2013-04-19,13.5,OZ,1,2.99
496868522,21,21,2118,107618373,16756,2012-05-23,16,OZ,2,2.18
496868589,21,56,5613,103114232,25202,2012-09-17,8,OZ,1,2.49
496868589,21,63,6319,102073525,18893,2013-01-24,128,OZ,1,2.88
496868589,21,30,3001,104800141,8178,2013-05-19,30,OZ,1,3.99
496868589,21,79,7901,10912898,25836,2013-06-06,1,CT,1,2.49
496868857,21,9,904,107067070,15112,2012-08-23,6,OZ,1,1.49
496869299,21,14,1416,102400020,4704,2012-12-19,14.5,OZ,2,3.78
496869366,21,28,2805,104119040,16347,2012-03-27,6,OZ,3,2.64
496869981,21,92,9204,109698696,4442,2012-10-15,6,OZ,1,1.89
496870103,21,63,6315,104119040,16347,2012-04-25,64,OZ,2,4.08
496870129,21,32,3202,1076172070,11358,2013-05-08,48,OZ,1,4.99
496870403,21,55,5557,107457070,26051,2012-10-06,9,OZ,1,3.99
496870403,21,63,6305,104850040,18799,2012-11-17,89,OZ,1,4.99
496870858,21,22,2210,103500030,17523,2012-05-25,150,OZ,1,7.99
496870858,21,5,501,101600010,6283,2012-08-01,16.2,OZ,1,4.59
496870858,21,21,2105,105200050,7054,2012-10-05,64,OZ,3,6
496870858,21,17,1703,101920010,10882,2012-10-11,40,OZ,1,2.79
496870858,21,17,1719,104460040,3718,2012-11-26,64,OZ,1,4.99
496870901,21,34,3405,104184040,20187,2012-06-07,4,OZ,3,6.57
496870901,21,27,2702,101780010,95301,2012-11-14,16.5,LB,1,21.19
496870901,21,26,2632,104119040,16347,2013-01-22,80,CT,1,1.88
496870901,21,26,2633,103040030,683,2013-01-22,18,RL,1,9.07
496870901,21,29,2907,104600040,13023,2013-02-21,4.7,OZ,1,1.88
496871482,21,17,1721,104650040,14149,2013-02-08,9.7,OZ,1,4.49
496872003,21,37,3709,104178949,11224,2013-02-07,3,OZ,4,1.33
496873118,21,21,2117,102500020,26108,2012-05-29,67.5,OZ,2,5
