2255653295,134,9,902,107396070,47635,2012-08-08,7,OZ,1,3.49
2255653295,134,58,5823,104470040,13310,2012-08-09,16,OZ,49,262.51
2255653295,134,18,1828,102340020,15181,2012-08-09,7.5,OZ,8,8.9
2255653295,134,4,416,104000040,26517,2012-08-09,1.69,OZ,10,8.9
2255653295,134,9,901,103170434,36123,2012-08-09,9.8,OZ,1,1.27
2255653295,134,33,3325,102840020,21452,2012-08-09,20,OZ,3,24.87
2255653295,134,91,9127,108200080,16095,2012-08-10,0.75,LT,1,15.99
2255653295,134,73,7344,103680030,18533,2012-08-10,72,CT,3,8.61
2255653295,134,73,7316,1030800434,32363,2012-08-10,2.5,OZ,1,6.99
2255653295,134,97,9707,101121313,17040,2012-08-10,5,CT,2,5.98
2255653295,134,67,6708,1085737181,14968,2012-08-10,1,CT,1,3.99
2255653295,134,8,814,107210171,10069,2012-08-10,12,OZ,4,5.96
2255653295,134,8,814,1078113878,13130,2012-08-10,15.5,OZ,2,7.98
2255653295,134,35,3504,103700030,4628,2012-08-11,30,OZ,1,4.99
2255653295,134,73,7303,104116747,8705,2012-08-11,1.25,OZ,1,4.39
2255653295,134,19,1904,101870010,62869,2012-08-11,16,OZ,1,5.79
2255653295,134,8,807,105410050,13182,2012-08-11,18,OZ,36,55.57
2255653295,134,63,6313,1061611262,23016,2012-08-11,6,OZ,1,2.37
2255653295,134,21,2109,101121313,17040,2012-08-11,64,OZ,4,14.96
2255653295,134,64,6401,107231171,5150,2012-08-11,144,OZ,2,27.86
2255653295,134,26,2634,104200040,14813,2012-08-11,9,RL,3,22.67
2255653295,134,9,908,107131474,13822,2012-08-11,11.5,OZ,6,15
2255653295,134,55,5557,107756777,11005,2012-08-11,10.14,OZ,5,31.33
2255653295,134,64,6410,108500080,1426,2012-08-11,48,OZ,5,18.87
2255653295,134,29,2921,101114010,8604,2012-08-12,6.1,OZ,1,2.39
2255653295,134,21,2110,101121313,17040,2012-08-12,64,OZ,3,7.47
2255653295,134,56,5620,101121313,17040,2012-08-12,7,OZ,12,30.65
2255653295,134,58,5814,104470040,10837,2012-08-12,9.1,OZ,2,5.98
2255653295,134,30,3001,102100020,9886,2012-08-12,12,OZ,6,19.14
2255653295,134,36,3611,102113626,107125,2012-08-12,12,OZ,4,2.76
2255653295,134,26,2622,101121313,17040,2012-08-13,10,CT,4,6.21
2255653295,134,97,9799,105159656,17504,2012-08-13,1,CT,1,2.99
2255653295,134,51,5130,101380010,27474,2012-08-14,12.38,OZ,4,15.96
2255653295,134,92,9210,102270020,4197,2012-08-14,1,OZ,1,6.99
2255653295,134,8,836,101122515,19197,2012-08-14,128,OZ,1,2.59
2255653295,134,55,5559,107756777,14286,2012-08-14,19.8,OZ,1,4.59
2255653295,134,9,920,103010030,9530,2012-08-14,11,OZ,4,12.86
2255653295,134,31,3101,107457474,25426,2012-08-14,2.5,OZ,1,0.99
2255653295,134,6,603,102800020,12545,2012-08-14,14.1,OZ,1,3.99
2255653295,134,4,418,103400030,9739,2012-08-14,10.78,OZ,2,7.7
2255653295,134,4,410,107920070,20031,2012-08-15,12,OZ,3,11.97
2255653295,134,2,202,1064420969,5345,2012-08-15,18.3,OZ,1,2.39
2255653295,134,64,6410,108200080,16696,2012-08-15,134.4,OZ,1,14.49
2255653295,134,3,310,107045070,4913,2012-08-15,2.25,OZ,4,14.72
2255653295,134,8,807,101300010,9031,2012-08-15,19,OZ,3,7.87
2255653295,134,44,4407,107680070,10333,2012-08-15,16.5,OZ,1,2.29
2255653295,134,18,1802,104316848,25919,2012-08-16,4,CT,6,18.34
2255653295,134,33,3307,104157040,2017,2012-08-16,16,OZ,4,21.73
2255653295,134,36,3601,107800070,74719,2012-08-16,67.6,OZ,0,-1.12
2255653295,134,64,6401,108982686,43839,2012-08-16,144,OZ,2,26.74
2255653295,134,26,2619,101121313,17040,2012-08-17,10,CT,6,19.48
2255653295,134,64,6410,107031070,16095,2012-08-17,44.8,OZ,2,9.38
2255653295,134,9,908,102430020,10577,2012-08-17,8.27,OZ,2,5.18
2255653295,134,51,5121,104369545,8522,2012-08-17,9,OZ,24,57.97
2255653295,134,29,2920,101600010,1756,2012-08-17,13.75,OZ,1,2.99
2255653295,134,22,2211,103700030,2246,2012-08-18,40,CT,2,6.78
2255653295,134,79,7901,107189676,47358,2012-08-18,1,CT,1,5.95
2255653295,134,29,2923,102100020,9886,2012-08-18,6.6,OZ,1,2.19
2255653295,134,56,5615,101121313,17040,2012-08-18,16,OZ,6,45.64
2255653295,134,96,9609,1052590050,88199,2012-08-18,0,,1,-0.5
2255653295,134,97,9753,10000,0,2012-08-18,1,CT,34,80.99
2255653295,134,29,2927,107225171,12502,2012-08-19,5.8,OZ,1,2.99
2255653295,134,59,5902,103450030,10165,2012-08-20,6.5,OZ,2,0.38
2255653295,134,1,105,1030008737,5794,2012-08-20,12.5,OZ,25,389.86
2255653295,134,49,4901,101312010,26885,2012-08-20,30,OZ,3,9.77
2255653295,134,4,416,103400030,15113,2012-08-21,1.53,OZ,1,0.89
2255653295,134,29,2921,101600010,1756,2012-08-21,4.6,OZ,2,4.38
2255653295,134,30,3001,101122515,19197,2012-08-21,30,OZ,3,8.47
2255653295,134,10,1004,104300040,26232,2012-08-21,1.5,OZ,2,2.78
2255653295,134,9,907,107618575,33369,2012-08-21,19,OZ,1,3.49
2255653295,134,9,912,104812141,18322,2012-08-21,20,OZ,10,42.4
2255653295,134,9,901,104400040,12279,2012-08-21,21.2,OZ,2,12.98
2255653295,134,5,501,101600010,10797,2012-08-22,16,OZ,2,7.86
2255653295,134,23,2301,107130070,15474,2012-08-22,12,OZ,2,3.98
2255653295,134,26,2617,101090010,15232,2012-08-22,1,CT,3,14.27
2255653295,134,97,9799,104797747,11201,2012-08-22,1,CT,2,20.75
2255653295,134,56,5699,104175747,10216,2012-08-23,4.5,OZ,1,4.49
2255653295,134,1,104,101500010,29555,2012-08-23,4.23,OZ,3,4.47
2255653295,134,8,803,101121313,17040,2012-08-23,8,OZ,26,22.38
2255653295,134,91,9127,108484888,77673,2012-08-23,1.75,LT,2,27.9
2255653295,134,26,2632,103600030,8583,2012-08-24,184,CT,2,13.98
2255653295,134,6,601,107092070,17882,2012-08-24,9.6,OZ,1,2.99
2255653295,134,58,5814,104470040,10837,2012-08-24,8.9,OZ,8,23.92
2255653295,134,2,214,103000030,1058,2012-08-24,32,OZ,4,14.06
2255653295,134,55,5560,104154848,5603,2012-08-24,18,OZ,6,29.94
2255653295,134,97,9709,107575575,18536,2012-08-25,4,CT,3,4.47
2255653295,134,18,1850,101121313,17040,2012-08-25,4,CT,1,1.99
2255653295,134,41,4105,107090070,4697,2012-08-25,28,OZ,3,6.57
2255653295,134,9,922,104500040,8511,2012-08-25,13.5,OZ,13,42.81
2255653295,134,5,502,105796151,102058,2012-08-25,0.5,OZ,74,18.5
2255653295,134,64,6409,108500080,11770,2012-08-26,0.75,LT,7,84.97
2255653295,134,5,501,103800030,8466,2012-08-26,15.3,OZ,3,8.3
2255653295,134,21,2108,102800020,56490,2012-08-26,64,OZ,3,10.07
2255653295,134,10,1004,101121313,17040,2012-08-26,3.9,OZ,2,1.98
2255653295,134,29,2914,102100020,9886,2012-08-26,2,OZ,1,1.25
2255653295,134,31,3101,101121313,17040,2012-08-26,4.5,OZ,1,3.69
2255653295,134,79,7901,107336171,43614,2012-08-27,1,CT,2,13.98
2255653295,134,46,4606,101121313,17040,2012-08-27,12,OZ,1,3.99
2255653295,134,4,418,104000040,16765,2012-08-27,40,OZ,1,10.49
2255653295,134,4,416,102800020,2631,2012-08-27,3.9,OZ,2,2
2255653295,134,9,908,107203070,5812,2012-08-27,16,OZ,1,4.99
2255653295,134,58,5810,104470040,13310,2012-08-27,8,OZ,1,3.49
2255653295,134,64,6401,108382080,7766,2012-08-28,59.6,OZ,1,8.39
2255653295,134,26,2614,103700030,514,2012-08-28,24,CT,1,4.39
2255653295,134,9,902,104400040,15335,2012-08-28,12.73,OZ,5,10.47
2255653295,134,6,610,107084777,11910,2012-08-28,62,OZ,1,7.49
2255653295,134,4,416,102800020,4346,2012-08-28,2.7,OZ,1,1
2255653295,134,9,908,107972979,35368,2012-08-28,25,OZ,1,9.99
2255653295,134,78,7802,107001171,12696,2012-08-29,3,CT,1,5.49
2255653295,134,4,407,103400030,18947,2012-08-29,14,OZ,1,1.99
2255653295,134,72,7205,103500030,3830,2012-08-29,6,OZ,1,2.27
2255653295,134,38,3801,101121313,17040,2012-08-30,10,LB,1,5.99
2255653295,134,9,917,1072953979,5654,2012-08-30,25,OZ,18,23.22
2255653295,134,63,6328,101121313,17040,2012-08-30,24,OZ,6,17.94
2255653295,134,97,9709,107575575,18536,2012-08-30,1,CT,21,23.95
2255653295,134,45,4517,101121313,17040,2012-08-30,24,OZ,1,4.99
2255653295,134,97,9743,105113151,16044,2012-08-31,1,CT,1,1.19
2255653295,134,79,7903,1072527474,27869,2012-08-31,1,CT,23,114.77
2255653295,134,73,7302,1031284333,1500,2012-08-31,36,CT,3,7.97
2255653295,134,9,902,104400040,18775,2012-08-31,7.6,OZ,23,69.44
2255653295,134,26,2620,104116545,16879,2012-08-31,30,CT,23,78.91
2255653295,134,31,3101,105210050,11382,2012-08-31,2.75,OZ,4,13.24
2255653295,134,58,5812,101121313,17040,2012-09-01,48,OZ,16,64.26
2255653295,134,26,2632,103700030,13481,2012-09-01,72,CT,2,6.58
2255653295,134,97,9753,1021991020,0,2012-09-01,1,CT,1,13.99
2255653295,134,70,7002,103680030,18533,2012-09-02,20,CT,2,3.66
2255653295,134,51,5125,101380010,10271,2012-09-02,8,OZ,1,4.19
2255653295,134,19,1908,105150050,9189,2012-09-02,40,OZ,4,29.48
2255653295,134,35,3504,103700030,4628,2012-09-02,9,OZ,15,23.55
2255653295,134,4,419,103746636,10488,2012-09-02,3.5,OZ,6,9.48
2255653295,134,21,2105,105200050,7054,2012-09-02,20,OZ,2,3.18
2255653295,134,45,4513,104222242,26234,2012-09-03,48,OZ,1,9.99
2255653295,134,29,2902,102300020,2420,2012-09-03,30.5,OZ,3,7.77
2255653295,134,33,3350,101708212,9033,2012-09-03,3.25,OZ,4,25.46
2255653295,134,30,3009,102100020,9886,2012-09-03,16,OZ,3,7.67
2255653295,134,54,5401,103800030,5618,2012-09-03,29.6,OZ,1,4.37
2255653295,134,9,908,107010979,25229,2012-09-03,6,OZ,2,6.58
2255653295,134,9,902,103010030,47346,2012-09-04,11,OZ,1,2.87
2255653295,134,11,1102,1072277676,17117,2012-09-04,1,CT,2,12.28
2255653295,134,36,3630,104900040,23359,2012-09-04,67.6,OZ,1,1.79
2255653295,134,73,7307,1031254737,1636,2012-09-04,24,CT,1,4.99
2255653295,134,40,4004,104100040,10522,2012-09-04,3.1,OZ,1,3.79
2255653295,134,56,5615,107701777,19908,2012-09-04,5.5,OZ,1,3.49
2255653295,134,64,6408,108312080,6670,2012-09-05,5,LT,8,106.45
2255653295,134,8,836,101300010,8164,2012-09-05,16,OZ,1,1.19
2255653295,134,45,4511,102370020,18969,2012-09-05,22,OZ,3,27.27
2255653295,134,36,3601,101200010,13794,2012-09-05,67.6,OZ,32,39.81
2255653295,134,36,3626,101200010,16391,2012-09-05,135.2,OZ,2,9.86
2255653295,134,31,3101,105210050,11382,2012-09-05,0.8,OZ,1,3.99
2255653295,134,9,902,102410020,44209,2012-09-05,15,OZ,1,5.99
2255653295,134,55,5552,101122515,19197,2012-09-05,160,OZ,9,59.31
2255653295,134,36,3632,104171040,4354,2012-09-06,20,OZ,1,1.59
2255653295,134,4,416,104000040,26517,2012-09-06,3.27,OZ,7,10.83
2255653295,134,97,9701,104878949,4913,2012-09-06,8,CT,1,2.45
2255653295,134,72,7203,103700030,4294,2012-09-06,33.8,OZ,2,10.38
2255653295,134,5,519,103000030,14760,2012-09-06,12.3,OZ,3,9.25
2255653295,134,64,6410,107825070,17039,2012-09-07,16,OZ,1,1.09
2255653295,134,10,1004,104300040,26232,2012-09-07,3.3,OZ,1,1.19
2255653295,134,10,1010,102800020,12545,2012-09-07,22,OZ,3,8.37
2255653295,134,27,2702,101901414,8664,2012-09-07,17.5,LB,1,19.99
2255653295,134,64,6408,108858686,25456,2012-09-08,0.75,LT,2,25.86
2255653295,134,51,5126,101380010,27474,2012-09-08,11.5,OZ,1,3.99
2255653295,134,56,5620,107580575,17344,2012-09-08,5,OZ,1,5.49
2255653295,134,9,905,104300040,17447,2012-09-08,12,OZ,1,3.99
2255653295,134,97,9753,10978051595,0,2012-09-08,1,CT,1,7.99
2255653295,134,91,9120,1072173373,13633,2012-09-08,0.75,LT,1,51.98
2255653295,134,97,9753,1023573727,0,2012-09-08,1,CT,5,28.27
2255653295,134,58,5815,105010050,885,2012-09-09,6,OZ,4,10.92
2255653295,134,21,2105,104900040,14357,2012-09-09,32,OZ,139,138.56
2255653295,134,29,2924,101740010,11748,2012-09-09,8.8,OZ,3,7.27
2255653295,134,9,920,107641070,10160,2012-09-10,12,OZ,4,14.36
2255653295,134,9,912,101121313,17040,2012-09-10,14.25,OZ,7,12.23
2255653295,134,7,707,104300040,11339,2012-09-10,11.5,OZ,4,21.16
2255653295,134,64,6409,108678585,3139,2012-09-10,0.75,LT,1,11.99
2255653295,134,33,3315,103623232,8278,2012-09-11,3.75,OZ,8,8
2255653295,134,26,2622,101121313,17040,2012-09-11,40,CT,3,11.07
2255653295,134,69,6901,102220020,17067,2012-09-11,3,OZ,3,7.67
2255653295,134,10,1011,104427646,10134,2012-09-11,5.5,OZ,1,1.29
2255653295,134,4,407,1079372474,23846,2012-09-11,16,OZ,4,11.16
2255653295,134,26,2628,101121313,17040,2012-09-12,1,RL,14,14
2255653295,134,17,1704,101920010,10882,2012-09-12,32,OZ,1,3.49
2255653295,134,29,2914,102100020,9886,2012-09-12,7.6,OZ,1,3.07
2255653295,134,58,5823,101590010,1366,2012-09-12,12,OZ,8,9.68
2255653295,134,41,4107,102300020,16431,2012-09-12,16,OZ,3,5.57
2255653295,134,59,5910,103377636,16650,2012-09-12,7.5,OZ,2,4.98
2255653295,134,9,922,102430020,10577,2012-09-12,12.88,OZ,1,1.99
2255653295,134,29,2907,104150141,13296,2012-09-12,21.3,OZ,2,2.95
2255653295,134,26,2630,103700030,14647,2012-09-12,372,CT,1,4.37
2255653295,134,12,1207,108660080,2559,2012-09-13,3.75,OZ,3,8.97
2255653295,134,81,8101,102820020,1437,2012-09-13,1,CT,2,14.38
2255653295,134,92,9215,107050171,12554,2012-09-13,1.4,OZ,1,13.49
2255653295,134,13,1302,103000030,14760,2012-09-14,24,OZ,1,2.39
2255653295,134,72,7209,1065108060,14091,2012-09-14,36,CT,1,1.79
2255653295,134,36,3611,104900040,4599,2012-09-14,96,OZ,2,6.38
2255653295,134,8,826,101121010,17930,2012-09-14,5,OZ,3,12.57
2255653295,134,91,9131,108676787,1270,2012-09-14,0.75,LT,2,49.9
2255653295,134,36,3618,104900040,23359,2012-09-14,96,OZ,12,50.45
2255653295,134,14,1404,103732333,12209,2012-09-14,48,OZ,1,4.19
2255653295,134,27,2705,105000050,6775,2012-09-15,5.5,OZ,5,3.69
2255653295,134,62,6201,1071651979,11085,2012-09-15,12,OZ,1,2
2255653295,134,59,5905,103450030,10165,2012-09-15,16,OZ,1,2.59
2255653295,134,71,7102,1030813737,1121,2012-09-15,8,OZ,1,5.29
2255653295,134,9,918,101410010,13791,2012-09-15,7,OZ,1,3.69
2255653295,134,17,1703,104129444,14048,2012-09-15,28,OZ,1,2.79
2255653295,134,27,2707,107119070,4502,2012-09-15,3,LB,3,6.87
2255653295,134,7,702,102550020,6550,2012-09-16,8,OZ,1,7.99
2255653295,134,4,416,103400030,15113,2012-09-16,1.4,OZ,2,1.78
2255653295,134,41,4121,102400020,3988,2012-09-16,15,OZ,1,1.49
2255653295,134,63,6315,1074236575,8499,2012-09-16,128,OZ,2,12.98
2255653295,134,63,6321,107890272,18730,2012-09-16,18,OZ,2,11.98
2255653295,134,2,211,101600010,1910,2012-09-16,20,OZ,1,2.89
2255653295,134,42,4220,101121313,17040,2012-09-16,16,OZ,5,8.15
2255653295,134,9,917,104335444,25412,2012-09-16,12,OZ,4,6.08
2255653295,134,56,5614,104610040,15889,2012-09-16,18,OZ,3,19.47
2255653295,134,73,7345,103680030,18533,2012-09-16,50,CT,1,6.99
2255653295,134,56,5613,104175747,10216,2012-09-16,6,OZ,2,8.48
2255653295,134,5,501,103800030,14900,2012-09-16,18.2,OZ,2,7.86
2255653295,134,37,3706,105100050,2820,2012-09-16,10.5,OZ,2,3.74
2255653295,134,56,5620,102100020,9886,2012-09-17,7,OZ,1,3.69
2255653295,134,58,5823,101121313,17040,2012-09-18,7,OZ,4,13.24
2255653295,134,33,3308,107593474,33170,2012-09-18,5.5,OZ,3,3
2255653295,134,8,801,101122515,19197,2012-09-19,24,OZ,1,1.29
2255653295,134,4,417,102800020,54992,2012-09-19,3.5,OZ,2,1.38
2255653295,134,41,4120,102700020,8612,2012-09-19,12,OZ,6,10.14
2255653295,134,58,5823,101121313,17040,2012-09-19,2,OZ,6,4.74
2255653295,134,5,520,103000030,14760,2012-09-20,42,OZ,6,21.43
2255653295,134,73,7308,1031254636,7853,2012-09-20,25,CT,17,22.26
2255653295,134,64,6408,108210080,69805,2012-09-20,0.75,LT,2,43.98
2255653295,134,36,3632,107800070,4354,2012-09-20,67.6,OZ,4,4.92
2255653295,134,18,1890,101121313,17040,2012-09-20,1,CT,1,2.99
2255653295,134,26,2619,101370010,8154,2012-09-20,15,CT,2,10.46
2255653295,134,63,6317,108425383,15248,2012-09-20,64,OZ,3,11.37
2255653295,134,43,4302,104300040,4030,2012-09-20,8,OZ,6,9.14
2255653295,134,26,2609,104200040,5016,2012-09-21,50,CT,6,31.74
2255653295,134,9,902,103010030,18457,2012-09-21,12,OZ,6,26.54
2255653295,134,55,5557,104767747,5168,2012-09-21,8.67,OZ,3,14.97
2255653295,134,36,3611,101200010,803,2012-09-21,405.6,OZ,48,258.74
2255653295,134,9,907,107131474,1061,2012-09-21,20,OZ,5,16.45
2255653295,134,33,3307,107641070,10160,2012-09-22,1.37,OZ,1,0.5
2255653295,134,8,801,101300010,8164,2012-09-22,36,OZ,2,5.58
2255653295,134,64,6410,108769282,18943,2012-09-22,24,OZ,3,5.83
2255653295,134,9,907,104500040,8421,2012-09-22,20,OZ,3,4.78
2255653295,134,75,7503,104138848,1993,2012-09-22,0.32,OZ,2,4.98
2255653295,134,5,501,103000030,99506,2012-09-22,14.5,OZ,2,9.98
2255653295,134,81,8102,107310070,16567,2012-09-23,1.2,OZ,1,5.29
2255653295,134,58,5826,102265525,2626,2012-09-23,6,OZ,3,5.97
2255653295,134,21,2112,1089899989,19445,2012-09-23,16.9,OZ,3,8.07
2255653295,134,26,2630,103700030,14647,2012-09-23,124,CT,4,8.56
2255653295,134,25,2509,107026272,25314,2012-09-23,32,OZ,1,3.99
2255653295,134,51,5125,105010050,8089,2012-09-24,10.7,OZ,1,2.87
2255653295,134,33,3303,102840020,10241,2012-09-24,14.5,OZ,2,7.74
2255653295,134,3,305,101121313,17040,2012-09-24,16,OZ,1,0.85
2255653295,134,30,3001,102100020,11761,2012-09-24,48,OZ,1,6.29
2255653295,134,7,708,1076211171,17286,2012-09-24,12,OZ,5,44.3
2255653295,134,12,1206,104800040,38150,2012-09-24,4,OZ,1,1.99
2255653295,134,2,213,107248676,9190,2012-09-24,8.5,OZ,9,5.37
2255653295,134,34,3411,101111111,1141,2012-09-25,16,OZ,1,4.99
2255653295,134,3,305,103320030,875,2012-09-25,16,OZ,3,2.97
2255653295,134,64,6401,107031070,26445,2012-09-25,180,OZ,1,11.37
2255653295,134,33,3308,102840020,3336,2012-09-25,20.5,OZ,2,9.98
2255653295,134,51,5125,101380010,10271,2012-09-25,8,OZ,1,3.19
2255653295,134,74,7407,103680030,18533,2012-09-26,6,CT,1,1.39
2255653295,134,64,6410,108500080,1426,2012-09-26,12,OZ,4,5.16
2255653295,134,8,821,104430040,9977,2012-09-26,10,OZ,1,2.99
2255653295,134,45,4513,102265525,2626,2012-09-26,32,OZ,2,17.98
2255653295,134,26,2629,101121313,17040,2012-09-26,100,CT,2,2.34
2255653295,134,63,6305,101121313,17040,2012-09-27,128,OZ,6,25.44
2255653295,134,21,2103,104300040,4186,2012-09-27,67.6,OZ,3,5
2255653295,134,72,7205,103700030,4294,2012-09-27,3.5,OZ,7,8.37
2255653295,134,26,2628,103700030,2248,2012-09-27,6,RL,5,43.75
2255653295,134,64,6401,107199070,4043,2012-09-27,288,OZ,12,169.42
2255653295,134,49,4901,101121313,17040,2012-09-27,30,OZ,2,5.64
2255653295,134,9,908,104500040,8511,2012-09-27,10.5,OZ,5,10.84
2255653295,134,75,7503,104138848,1993,2012-09-28,0.28,OZ,1,2.49
2255653295,134,91,9115,108048080,1230,2012-09-28,0.75,LT,8,103.66
2255653295,134,64,6401,106206767,26445,2012-09-28,288,OZ,16,231.04
2255653295,134,18,1827,1064441868,33170,2012-09-28,26,OZ,2,11.98
2255653295,134,58,5831,102265525,2626,2012-09-29,16,OZ,2,6.78
2255653295,134,74,7402,1084105888,15983,2012-09-29,8.4,OZ,1,3.69
2255653295,134,36,3601,104900040,3809,2012-09-29,32,OZ,1,1.99
2255653295,134,5,516,103000030,14760,2012-09-29,6.3,OZ,1,2.99
2255653295,134,9,907,107082171,1061,2012-09-30,48,OZ,1,3.49
2255653295,134,36,3628,107800070,17203,2012-09-30,67.6,OZ,3,4.98
2255653295,134,21,2119,101200010,10522,2012-09-30,128,OZ,4,13.76
2255653295,134,36,3631,107380070,6226,2012-09-30,20,OZ,2,1.3
2255653295,134,97,9748,107251272,13771,2012-09-30,5,CT,1,2.99
2255653295,134,37,3703,101121313,17040,2012-10-01,10.5,OZ,49,40.58
2255653295,134,21,2113,102500020,11749,2012-10-03,67.5,OZ,1,2.67
2255653295,134,8,811,104112949,3635,2012-10-04,24,OZ,1,3.39
2255653295,134,6,610,1061126969,15041,2012-10-04,16,OZ,1,3.99
2255653295,134,8,810,105210050,11382,2012-10-04,0.75,OZ,1,1.89
2255653295,134,97,9743,107575575,18536,2012-10-05,36,CT,1,1.99
2255653295,134,97,9730,107385474,1784,2012-10-05,1,CT,3,10.77
2255653295,134,4,405,1060069969,55864,2012-10-05,16,OZ,2,5.88
2255653295,134,33,3303,102840020,15598,2012-10-05,8.75,OZ,2,8.58
2255653295,134,4,410,101130010,2272,2012-10-05,22,OZ,5,13.95
2255653295,134,21,2113,102500020,11749,2012-10-06,67.5,OZ,1,2.67
2255653295,134,27,2702,101780010,5056,2012-10-06,18.5,LB,1,12.49
2255653295,134,99,9902,108569686,11978,2012-10-06,12.3,OZ,1,2.99
2255653295,134,51,5127,1065827666,8605,2012-10-07,15,OZ,2,7.98
2255653295,134,63,6340,101037414,27604,2012-10-07,32,OZ,1,16.99
2255653295,134,79,7901,109256797,23317,2012-10-07,1,CT,1,4.99
2255653295,134,16,1604,101254616,4806,2012-10-07,16,CT,3,3.87
2255653295,134,2,213,101600010,1756,2012-10-07,18.25,OZ,1,3.19
2255653295,134,7,708,104133141,7531,2012-10-07,8.8,OZ,1,4.19
2255653295,134,33,3315,103623232,33170,2012-10-08,4,OZ,4,4
2255653295,134,45,4508,101960010,19214,2012-10-08,19,OZ,1,6.99
2255653295,134,4,419,107726070,15624,2012-10-08,12,OZ,1,8.99
2255653295,134,14,1417,101121313,17040,2012-10-08,24.5,OZ,1,2.69
2255653295,134,99,9908,103597131,52691,2012-10-08,14,OZ,1,3.69
2255653295,134,29,2925,107067070,15112,2012-10-09,4,OZ,1,4.49
2255653295,134,32,3203,106414464,13474,2012-10-09,5,OZ,1,3.69
2255653295,134,15,1504,101121313,17040,2012-10-09,20,OZ,4,13.96
2255653295,134,64,6409,104198545,4071,2012-10-09,3,LT,1,13.99
2255653295,134,33,3305,101122515,19197,2012-10-10,8,OZ,1,1.39
2255653295,134,91,9115,108048080,1230,2012-10-10,1.75,LT,1,21.96
2255653295,134,33,3305,102840020,18584,2012-10-10,13,OZ,5,16.59
2255653295,134,97,9799,107596777,19276,2012-10-10,1,CT,1,3.49
2255653295,134,97,9753,1020005020,0,2012-10-10,1,CT,6,69.38
2255653295,134,7,703,101840010,29806,2012-10-10,16,OZ,1,4.19
2255653295,134,5,501,103800030,4352,2012-10-10,10.8,OZ,1,2.67
2255653295,134,42,4220,107225171,12502,2012-10-10,6,OZ,1,3.59
2255653295,134,36,3628,107380070,6226,2012-10-11,67.6,OZ,2,2.78
2255653295,134,4,421,104000040,17287,2012-10-11,16.8,OZ,1,3.29
2255653295,134,29,2930,103760030,4979,2012-10-11,7.5,OZ,4,5.96
2255653295,134,8,821,101121313,17040,2012-10-11,10,OZ,1,1.99
2255653295,134,9,917,107373171,11786,2012-10-11,12,OZ,1,5.49
2255653295,134,99,9909,103260131,5489,2012-10-11,7,OZ,1,3.69
2255653295,134,63,6313,1076711979,20250,2012-10-11,8,OZ,3,13.47
2255653295,134,51,5115,107218070,15035,2012-10-11,11.2,OZ,2,3.17
2255653295,134,36,3632,107800070,17635,2012-10-12,144,OZ,1,3.99
2255653295,134,28,2806,105410050,19509,2012-10-12,16,OZ,3,8.97
2255653295,134,53,5307,101450010,20864,2012-10-12,28,OZ,1,2.79
2255653295,134,91,9115,108954080,11045,2012-10-12,0.75,LT,5,65.95
2255653295,134,51,5126,101380010,27474,2012-10-12,10.5,OZ,3,9.89
2255653295,134,26,2628,103700030,2248,2012-10-12,1,RL,7,10.93
2255653295,134,11,1112,102898929,26666,2012-10-12,12,OZ,1,4.99
2255653295,134,8,808,102100020,9886,2012-10-13,12,OZ,2,4.98
2255653295,134,9,915,107312474,18613,2012-10-13,12,OZ,1,2.29
2255653295,134,64,6401,108382080,16709,2012-10-13,72,OZ,1,8.27
2255653295,134,97,9707,101121313,17040,2012-10-13,5,CT,3,7.85
2255653295,134,3,399,104140949,3957,2012-10-13,14,OZ,1,3.99
2255653295,134,56,5616,102100020,13967,2012-10-13,7,OZ,2,6.78
2255653295,134,60,6001,101800010,14029,2012-10-13,30,OZ,2,9.38
2255653295,134,26,2615,107301070,17990,2012-10-13,20,CT,1,4.99
2255653295,134,9,901,101122515,19197,2012-10-13,13,OZ,5,7.83
2255653295,134,45,4508,1073114979,792,2012-10-14,24,OZ,2,19.98
2255653295,134,9,920,104400040,15335,2012-10-14,10.8,OZ,1,3.19
2255653295,134,4,405,101122515,19197,2012-10-14,16,OZ,1,1.49
2255653295,134,28,2803,101121313,17040,2012-10-14,16,OZ,1,2.19
2255653295,134,30,3008,107110070,8280,2012-10-14,16,OZ,6,20.34
2255653295,134,54,5401,108994787,19234,2012-10-15,8,OZ,2,6.98
2255653295,134,1,105,1030008737,5794,2012-10-16,22.2,OZ,1,25.39
2255653295,134,33,3308,101122515,19197,2012-10-16,9,OZ,1,1.29
2255653295,134,51,5125,107265575,8089,2012-10-17,9.5,OZ,2,7.18
2255653295,134,5,501,1088491282,8459,2012-10-18,14.5,OZ,2,7.08
2255653295,134,56,5613,101121313,17040,2012-10-18,24,OZ,3,23.35
2255653295,134,19,1905,101121313,17040,2012-10-18,32,OZ,1,2.49
2255653295,134,10,1011,104300040,26232,2012-10-19,14.1,OZ,1,2.59
2255653295,134,27,2704,103810030,14717,2012-10-19,7,OZ,1,3.29
2255653295,134,36,3601,101200010,13794,2012-10-19,144,OZ,34,148.32
2255653295,134,6,610,1087811484,52041,2012-10-20,2,OZ,4,4
2255653295,134,63,6313,101121313,17040,2012-10-20,17,OZ,5,29.95
2255653295,134,9,907,107131474,1061,2012-10-21,24.5,OZ,2,5.98
2255653295,134,26,2613,103600030,8583,2012-10-21,19,CT,1,8.37
2255653295,134,26,2613,103700030,13481,2012-10-21,50,CT,2,18.98
2255653295,134,58,5815,104750040,2359,2012-10-21,6,OZ,1,4.99
2255653295,134,56,5610,102100020,9886,2012-10-21,7,OZ,5,21.05
2255653295,134,58,5814,104470040,10837,2012-10-21,3.5,OZ,6,10.82
2255653295,134,32,3203,106414464,13474,2012-10-22,6,OZ,1,3.69
2255653295,134,29,2928,101121313,17040,2012-10-22,6.2,OZ,1,0.99
2255653295,134,5,522,104240040,70241,2012-10-22,28,OZ,1,2.87
2255653295,134,9,907,104500040,20016,2012-10-23,20,OZ,1,2.99
2255653295,134,4,417,102800020,55437,2012-10-23,3.2,OZ,2,2.5
2255653295,134,60,6007,101800010,14029,2012-10-24,8,OZ,2,4.28
2255653295,134,30,3009,102100020,9886,2012-10-24,8,OZ,2,3.98
2255653295,134,34,3403,103500030,8919,2012-10-24,11.25,OZ,1,2.49
2255653295,134,41,4110,103940030,71386,2012-10-24,55,OZ,2,8.38
2255653295,134,27,2707,107910070,85,2012-10-25,3.15,LB,1,4.99
2255653295,134,8,810,105210050,11382,2012-10-25,2.25,OZ,1,1.59
2255653295,134,51,5116,101121313,17040,2012-10-25,32.7,OZ,1,5.39
2255653295,134,96,9609,1052586656,88199,2012-10-25,0,,1,-1
2255653295,134,19,1910,10980090,12851,2012-10-25,26.5,OZ,2,15.98
2255653295,134,29,2920,101600010,1756,2012-10-25,13.75,OZ,1,3.29
2255653295,134,64,6401,103410030,7865,2012-10-25,360,OZ,2,26.78
2255653295,134,36,3630,104900040,23359,2012-10-26,144,OZ,2,10.98
2255653295,134,9,907,101121313,17040,2012-10-26,12.5,OZ,98,152.81
2255653295,134,51,5125,1071785474,11614,2012-10-26,8.5,OZ,1,0.67
2255653295,134,4,416,103400030,12022,2012-10-26,1.75,OZ,4,3.56
2255653295,134,26,2633,101122515,19197,2012-10-26,4,RL,1,1.09
2255653295,134,51,5117,104280040,18599,2012-10-26,10.7,OZ,2,2.26
2255653295,134,31,3101,107582070,17100,2012-10-26,3,OZ,1,3.99
2255653295,134,31,3101,107766171,10562,2012-10-26,0.35,OZ,1,4.99
2255653295,134,8,810,107575676,47927,2012-10-27,0.75,OZ,3,2.97
2255653295,134,33,3307,102900020,14112,2012-10-28,11,OZ,1,7.59
2255653295,134,36,3618,101200010,23361,2012-10-28,101.4,OZ,3,10.47
2255653295,134,51,5125,102580020,16668,2012-10-28,9,OZ,9,21.41
2255653295,134,51,5126,101380010,27474,2012-10-28,12,OZ,9,32.31
2255653295,134,5,501,101600010,3331,2012-10-28,18,OZ,2,8.98
2255653295,134,33,3310,107707979,56275,2012-10-28,4.5,OZ,6,4.6
2255653295,134,4,422,107034676,9886,2012-10-29,14,OZ,3,8.97
2255653295,134,64,6401,101820010,22604,2012-10-30,12,OZ,2,0.27
2255653295,134,5,501,101600010,10797,2012-10-30,16,OZ,2,9.78
2255653295,134,3,307,1076172070,854,2012-10-30,16,OZ,2,3.98
2255653295,134,18,1829,1064412464,33170,2012-10-30,1,CT,3,3.87
2255653295,134,7,707,104300040,11339,2012-10-30,10.5,OZ,1,5.29
2255653295,134,29,2925,103680030,6866,2012-10-30,7.4,OZ,3,5.97
2255653295,134,51,5121,1068570767,29514,2012-10-31,13,OZ,1,2.69
2255653295,134,36,3601,101200010,13794,2012-10-31,135.2,OZ,13,65.77
2255653295,134,72,7205,103500030,3830,2012-10-31,6.4,OZ,2,5.98
2255653295,134,79,7901,104849545,25054,2012-10-31,1,CT,1,3.99
2255653295,134,6,603,1075174676,13359,2012-10-31,12,OZ,1,4.59
2255653295,134,26,2628,101121313,17040,2012-11-01,2,RL,4,9.03
2255653295,134,22,2207,103700030,18371,2012-11-01,68,OZ,1,10.87
2255653295,134,33,3315,103680030,6866,2012-11-01,3.5,OZ,2,5
2255653295,134,33,3307,101121313,17040,2012-11-02,24,OZ,2,9.06
2255653295,134,36,3601,101121313,17040,2012-11-02,67.6,OZ,10,3.82
2255653295,134,73,7302,103680030,18533,2012-11-02,100,CT,7,50.11
2255653295,134,25,2509,107026272,25314,2012-11-03,32,OZ,2,7.58
2255653295,134,5,501,101862717,9496,2012-11-03,14,OZ,1,4.39
2255653295,134,92,9212,1060933262,32336,2012-11-03,0.5,OZ,1,2
2255653295,134,38,3802,103680030,6866,2012-11-03,1.5,LB,1,4.39
2255653295,134,55,5552,104154848,5603,2012-11-03,48,OZ,6,24.35
2255653295,134,26,2614,103700030,514,2012-11-04,45,CT,1,6.49
2255653295,134,75,7520,1030052131,27166,2012-11-04,300,CT,1,2.99
2255653295,134,8,836,101121313,17040,2012-11-04,32,OZ,1,1.59
2255653295,134,27,2704,101780010,30972,2012-11-04,12.5,OZ,3,10.63
2255653295,134,79,7901,107098979,47298,2012-11-05,1,CT,1,11.99
2255653295,134,8,803,101121313,17040,2012-11-05,20,OZ,1,1.99
2255653295,134,54,5401,103800030,5618,2012-11-06,10.75,OZ,3,6.25
2255653295,134,41,4108,101121313,17040,2012-11-06,15.5,OZ,3,3.37
2255653295,134,33,3350,101708212,9033,2012-11-06,3.25,OZ,2,11.98
2255653295,134,19,1908,101121313,17040,2012-11-06,16,OZ,2,4.86
2255653295,134,12,1205,108000080,17292,2012-11-06,4.1,OZ,2,5.58
2255653295,134,63,6313,107020070,11244,2012-11-07,13.5,OZ,1,3.99
2255653295,134,4,418,103400030,8247,2012-11-07,36,OZ,1,8.42
2255653295,134,9,908,104069747,25321,2012-11-07,16,OZ,1,3.37
2255653295,134,53,5305,102000020,7655,2012-11-08,10,OZ,2,4.98
2255653295,134,97,9753,107143070,0,2012-11-08,1,CT,11,31.89
2255653295,134,51,5119,104670444,18213,2012-11-08,8,OZ,2,8.78
2255653295,134,36,3614,107049171,62474,2012-11-08,33.8,OZ,1,4.57
2255653295,134,9,908,107010979,25229,2012-11-08,6,OZ,3,10.47
2255653295,134,9,908,107203070,5812,2012-11-09,18.5,OZ,1,5.69
2255653295,134,44,4404,101800010,14029,2012-11-09,25,OZ,4,15.36
2255653295,134,8,836,101300010,8164,2012-11-10,16,OZ,2,3.18
2255653295,134,39,3903,103000030,1058,2012-11-10,36,OZ,1,6.19
2255653295,134,36,3611,104612141,150,2012-11-10,120,OZ,1,2.17
2255653295,134,3,304,101121313,17040,2012-11-11,8,OZ,2,3.38
2255653295,134,56,5615,104242141,2071,2012-11-11,8,OZ,1,5.49
2255653295,134,33,3302,102700020,57417,2012-11-11,30,OZ,1,5.99
2255653295,134,81,8101,102720020,13461,2012-11-11,1,CT,2,13.3
2255653295,134,73,7308,1031254636,7853,2012-11-11,80,CT,1,3.29
2255653295,134,26,2628,103600030,9787,2012-11-12,3,RL,1,6.29
2255653295,134,19,1905,101121313,17040,2012-11-13,32,OZ,2,5.58
2255653295,134,7,707,101121313,17040,2012-11-13,11.3,OZ,1,4.49
2255653295,134,5,501,101600010,10797,2012-11-14,20.5,OZ,1,4.49
2255653295,134,5,502,103800030,9543,2012-11-14,8,OZ,6,16.82
2255653295,134,99,9908,103338333,33170,2012-11-14,160,OZ,4,19.96
2255653295,134,2,213,101122515,19197,2012-11-14,7.5,OZ,3,1.47
2255653295,134,74,7402,107214070,12679,2012-11-14,8.7,OZ,1,2.49
2255653295,134,8,821,104430040,9977,2012-11-14,15,OZ,1,3.39
2255653295,134,36,3631,104900040,1414,2012-11-14,67.6,OZ,1,1.79
2255653295,134,4,421,107172070,18529,2012-11-14,7.5,OZ,2,2.5
2255653295,134,23,2301,107680878,1393,2012-11-14,13.25,OZ,2,2.98
2255653295,134,26,2632,103680030,18533,2012-11-14,72,CT,10,16.13
2255653295,134,56,5607,102100020,13967,2012-11-14,11.5,OZ,1,4.09
2255653295,134,3,304,101121313,17040,2012-11-15,8,OZ,3,5.47
2255653295,134,9,902,101410010,45039,2012-11-15,6.6,OZ,6,9.03
2255653295,134,23,2301,102920020,12168,2012-11-15,32,OZ,3,8.97
2255653295,134,1,106,101500010,7142,2012-11-15,6,OZ,14,10.5
2255653295,134,18,1890,105209252,43069,2012-11-15,5,CT,5,13.75
2255653295,134,58,5823,105050959,4410,2012-11-16,8,OZ,6,19.74
2255653295,134,75,7515,103680030,18533,2012-11-16,1,OZ,1,4.49
2255653295,134,99,9908,103260131,5489,2012-11-16,24,OZ,2,7.98
2255653295,134,8,810,101121313,17040,2012-11-16,0.87,OZ,5,4.95
2255653295,134,45,4516,103666939,29208,2012-11-17,14,OZ,1,3.49
2255653295,134,38,3801,107640070,14062,2012-11-17,25,LB,2,37.98
2255653295,134,26,2634,103700030,3293,2012-11-17,24,RL,2,30.86
2255653295,134,9,914,107131474,1061,2012-11-17,17,OZ,4,5.38
2255653295,134,54,5403,107790070,9200,2012-11-17,8.6,OZ,10,34.9
2255653295,134,34,3411,1081655989,20331,2012-11-17,13.5,OZ,1,3.49
2255653295,134,28,2804,104600040,13023,2012-11-17,4.5,OZ,4,7.46
2255653295,134,30,3001,102100020,11761,2012-11-17,30,OZ,6,24.24
2255653295,134,64,6401,101820010,2510,2012-11-18,24,OZ,13,17.92
2255653295,134,63,6305,102500020,16489,2012-11-18,13.5,OZ,2,3.58
2255653295,134,75,7501,1030029939,3224,2012-11-18,8,OZ,1,11.49
2255653295,134,73,7304,103680030,18533,2012-11-18,12,CT,1,4.19
2255653295,134,58,5823,101121313,17040,2012-11-18,10,OZ,7,20.93
2255653295,134,33,3350,101708212,9033,2012-11-18,3.25,OZ,3,18.97
2255653295,134,91,9132,109674999,524,2012-11-19,0.75,LT,1,6.79
2255653295,134,37,3708,101121313,17040,2012-11-19,2,OZ,10,12.28
2255653295,134,33,3303,102840020,15598,2012-11-19,9.5,OZ,3,12.87
2255653295,134,4,418,101130010,2272,2012-11-19,12,OZ,1,3.99
2255653295,134,97,9799,1071981272,13389,2012-11-19,1,CT,1,6.99
2255653295,134,33,3319,102840020,15598,2012-11-19,8.5,OZ,1,4.29
2255653295,134,36,3625,104900040,3809,2012-11-19,144,OZ,2,8.74
2255653295,134,96,9631,1079936676,53942,2012-11-20,1,CT,2,23.88
2255653295,134,97,9744,105242757,7501,2012-11-20,2,OZ,1,5.69
2255653295,134,73,7344,103680030,18533,2012-11-20,96,CT,2,6.86
2255653295,134,64,6401,101820010,11616,2012-11-21,216,OZ,4,67.46
2255653295,134,74,7409,104740040,7196,2012-11-21,5,CT,1,19.99
2255653295,134,91,9115,108200080,2911,2012-11-21,1.75,LT,8,199.92
2255653295,134,71,7114,107940070,17521,2012-11-21,11,OZ,2,5.38
2255653295,134,10,1010,105150050,16728,2012-11-22,12.25,OZ,1,2.69
2255653295,134,31,3101,101121313,17040,2012-11-22,2.12,OZ,3,7.67
2255653295,134,8,830,107142979,20299,2012-11-22,1.25,OZ,1,1.09
2255653295,134,73,7309,1031284333,13972,2012-11-23,12,OZ,2,10.48
2255653295,134,97,9753,1023170929,0,2012-11-23,1,CT,2,7.25
2255653295,134,17,1706,101980010,19934,2012-11-23,67.6,OZ,1,6.29
2255653295,134,54,5403,101960010,1058,2012-11-24,6.8,OZ,2,3.98
2255653295,134,6,601,107092070,17882,2012-11-24,7.5,OZ,1,2.79
2255653295,134,74,7402,104740040,7196,2012-11-24,7,OZ,1,2.99
2255653295,134,8,814,1078113878,13130,2012-11-24,16,OZ,7,21.43
2255653295,134,9,901,101121313,17040,2012-11-24,13.5,OZ,2,6.58
2255653295,134,63,6325,107590070,2073,2012-11-24,20,OZ,3,16.25
2255653295,134,91,9131,108954080,9444,2012-11-25,1.75,LT,1,34.99
2255653295,134,64,6401,103410030,11704,2012-11-25,24,OZ,6,9.12
2255653295,134,63,6315,103377636,16650,2012-11-25,64,OZ,3,9.33
2255653295,134,5,501,101600010,3331,2012-11-25,18,OZ,3,11.73
2255653295,134,81,8101,101230010,19956,2012-11-26,1,CT,2,14.1
2255653295,134,26,2620,101121313,17040,2012-11-26,51,CT,25,39.75
2255653295,134,29,2928,104100040,9814,2012-11-26,5.5,OZ,2,2.48
2255653295,134,44,4404,107045979,12587,2012-11-26,7.3,OZ,1,3.09
2255653295,134,64,6401,106206767,26445,2012-11-26,69,OZ,2,11.46
2255653295,134,55,5555,107684070,32094,2012-11-27,16,OZ,6,29.94
2255653295,134,51,5125,102580020,16668,2012-11-27,8.5,OZ,1,2.99
2255653295,134,8,835,104430040,9977,2012-11-28,13.75,OZ,1,2.99
2255653295,134,18,1850,102120020,16044,2012-11-29,3,CT,1,3.69
2255653295,134,9,907,107131474,1061,2012-11-29,12.5,OZ,8,24.57
2255653295,134,27,2707,101901414,8664,2012-11-29,7.5,LB,1,13.99
2255653295,134,6,610,1061126969,15041,2012-11-29,12,OZ,2,4.86
2255653295,134,56,5614,101121313,17040,2012-11-30,20,OZ,1,6.79
2255653295,134,37,3705,105100050,2820,2012-11-30,18.6,OZ,5,9.04
2255653295,134,64,6401,106821363,28944,2012-11-30,288,OZ,2,32.86
2255653295,134,55,5559,107756777,14286,2012-11-30,32,OZ,1,5.79
2255653295,134,34,3411,101111111,5168,2012-12-01,13.5,OZ,1,4.49
2255653295,134,6,610,1061126969,15041,2012-12-01,12,OZ,4,9.72
2255653295,134,99,9908,103260131,5489,2012-12-02,1,CT,4,11.96
2255653295,134,72,7205,103700030,4294,2012-12-02,6.2,OZ,3,9.57
2255653295,134,73,7304,1032390030,30125,2012-12-02,12,OZ,1,8.39
