4435714998,187,55,5555,107684070,32094,2013-02-15,16,OZ,2,7.98
4435716291,187,63,6315,107545070,20526,2012-12-29,128,OZ,1,3.59
4435716291,187,59,5905,107545070,20526,2013-06-07,16,OZ,1,1.38
4435716291,187,33,3303,102840020,15598,2013-06-07,9,OZ,1,4.29
4435719464,187,25,2506,107545070,20526,2013-01-27,32,OZ,1,2.99
4435719464,187,56,5620,107545070,20526,2013-05-10,8,OZ,2,3.76
4435725056,187,36,3601,104900040,3809,2013-03-02,288,OZ,1,6.5
4435731682,96,36,3601,101200010,13794,2013-02-13,144,OZ,3,9
4435732537,96,97,9753,10000,0,2012-12-23,1,CT,1,1.59
4435732945,96,12,1205,104800040,38150,2013-01-13,12,OZ,1,3.29
4435823886,214,8,810,104122040,20514,2013-02-17,2,OZ,1,0.46
4435912837,46,21,2105,105200050,7054,2013-05-08,160,OZ,1,5.99
4435917901,46,36,3611,104612141,150,2013-06-14,591.5,OZ,1,4.99
4435955169,46,30,3010,102100020,9886,2013-06-21,16,OZ,1,1.99
4435957803,46,99,9904,1066529060,52314,2013-06-14,16,OZ,1,1.25
4435996661,18,36,3601,101200010,13794,2013-03-24,50.7,OZ,1,1.09
4436179115,389,73,7305,1031191737,19572,2013-01-08,0.5,OZ,1,5.49
4436403394,392,97,9743,105114151,52,2013-05-22,1,CT,2,3.58
4436499438,399,73,7308,1081483282,10808,2013-04-16,30,CT,1,2.39
4437159687,377,55,5552,107756777,2347,2013-01-31,48,OZ,2,9.96
4437191100,85,58,5833,102874929,54239,2013-02-27,16,OZ,1,4.99
4437295554,507,97,9735,1065356969,27063,2013-02-01,1,CT,1,20.99
4437561461,508,9,913,107147979,1505,2013-04-14,12,OZ,1,2.56
4437865615,508,63,6323,1074236575,8499,2013-03-17,64,OZ,1,3.78
4437865615,508,44,4401,103210030,15878,2013-03-28,9.6,OZ,1,3.73
4437926500,507,57,5707,103663232,4568,2013-01-02,18.6,OZ,2,5.25
4437946352,507,16,1604,102200020,6021,2013-03-22,15,CT,1,1.04
4437955618,508,4,410,1076839575,33170,2013-03-28,4.4,OZ,1,5.24
4437972329,508,4,418,103400030,45489,2012-12-13,10.5,OZ,1,2.93
4437972329,508,97,9753,1084517484,0,2013-01-17,1,CT,1,32.54
4438003312,507,18,1827,103700030,6236,2013-01-31,19.4,OZ,1,5.76
4438044560,508,1,106,1085269787,7918,2013-03-12,4,OZ,5,7.5
4438090430,507,34,3410,107385272,14709,2013-06-01,2,OZ,1,1.6
4438128827,507,36,3630,107800070,23561,2013-03-02,144,OZ,1,2.89
4438150830,508,9,917,107373171,11786,2013-01-27,10.4,OZ,1,2.6
4438150830,508,97,9753,1020101929,0,2013-04-04,1,CT,1,4.17
4438256431,508,9,910,105929050,3034,2013-04-16,4.25,OZ,1,3.66
4438258108,507,4,410,107920070,20031,2013-03-24,3.4,OZ,1,6.29
4438314580,508,97,9707,102570020,20361,2012-12-26,1,CT,2,15.38
4438489702,31,63,6315,103680030,3679,2012-12-15,128,OZ,1,3.85
4438489702,31,33,3305,102840020,5141,2013-04-22,3.38,OZ,1,1.49
4438519363,40,5,501,103800030,14900,2013-05-13,18.7,OZ,1,4.19
4438525930,153,8,829,104119646,14582,2012-08-19,18,OZ,2,5.18
4438525930,153,63,6312,105020050,52045,2012-09-27,16,OZ,4,4
4438525930,153,9,907,107519979,2771,2013-03-13,15,OZ,2,5.98
4438525930,153,2,201,1064420969,5345,2013-03-15,16.5,OZ,1,1.5
4438529625,6,63,6305,101630010,6509,2013-04-14,59,OZ,1,3.69
4438622338,191,30,3007,107184070,11154,2013-02-18,11.5,OZ,1,4.79
4438637919,187,7,707,107545070,20526,2013-05-17,34.5,OZ,1,7.99
4438640064,187,16,1604,101254616,18738,2013-04-28,18,CT,1,1
4438643940,187,9,911,103010030,9530,2013-05-14,4,OZ,1,2.78
4438648968,187,4,410,101070010,9275,2012-12-18,6.3,OZ,2,4.36
4438652746,187,49,4901,107545070,20526,2013-03-04,32,OZ,1,2.5
4438656213,187,31,3110,103760030,8501,2013-05-25,3,OZ,1,2.28
4438669305,187,63,6320,107545070,20526,2012-12-24,18,CT,1,2.99
4438669305,187,38,3801,107545070,20564,2013-06-29,4,LB,1,1.99
4438670954,187,99,9908,103710232,11930,2013-04-13,8,OZ,1,2
4438670954,187,2,213,1073639373,7308,2013-05-04,7.5,OZ,2,1.98
4438670954,187,9,907,107519272,15518,2013-06-01,17,OZ,1,1.99
4438673210,187,33,3308,102840020,3336,2013-01-30,9.75,OZ,1,3.49
4438673210,187,0,0,10000,0,2013-01-30,0,,3,-2.4
4438676503,187,57,5704,1085392383,29507,2013-02-12,8,OZ,3,6.87
4438678186,187,51,5115,107218070,18520,2013-04-20,7.04,OZ,5,5
4438681243,96,8,811,1074747979,14926,2013-02-06,24,OZ,1,8.29
4438762583,214,27,2712,104679848,18192,2013-01-05,1,OZ,1,1.97
4438771758,214,96,9609,1050000050,88199,2013-05-06,0,,3,-4
4438771758,214,51,5125,101380010,10271,2013-05-20,9,OZ,1,-1.2
4438784276,46,25,2506,105000050,32115,2013-02-17,32,OZ,1,3
4438784276,46,19,1906,105150050,16728,2013-03-25,15.5,OZ,1,3.59
4438844520,46,26,2622,102570020,20361,2013-03-29,18,CT,1,2.99
4438958206,389,0,0,10000,0,2013-05-26,0,,4,0
4438958206,389,9,921,104902242,28866,2013-06-20,4.6,OZ,1,1.69
4439107463,390,34,3402,107560979,13012,2013-02-23,7,OZ,0,0
4439574073,394,0,0,10000,0,2013-02-10,0,,3,0
4439667202,396,75,7520,104902242,17495,2012-12-30,50,CT,1,1.29
4439857813,391,17,1708,101980010,19230,2013-04-19,1.7,OZ,1,1.99
4439865528,42,97,9753,1020064828,0,2013-02-18,1,CT,2,10.94
4440096535,377,53,5307,102000020,7655,2013-02-11,12,OZ,1,2.49
4440098486,377,91,9133,108470484,9865,2013-02-04,1.75,LT,1,17.98
4440107611,24,32,3203,106414464,13474,2012-12-10,8,OZ,1,5.49
4440122446,85,9,907,103680030,3679,2013-05-29,12,OZ,2,1.98
4440265705,507,58,5824,107778272,9260,2013-06-09,12,OZ,1,2.98
4440771698,31,57,5710,107047070,20230,2013-03-15,5.3,OZ,5,4.95
4440771698,31,17,1703,104129444,14048,2013-04-18,48,OZ,2,6
4440771698,31,99,9909,107143070,5072,2013-05-20,12,OZ,1,3.49
4440809528,152,58,5823,104470040,13310,2012-08-27,9,OZ,1,3.99
4440809528,152,72,7205,103700030,4294,2012-10-25,6,OZ,1,3.49
4440809528,152,33,3305,102840020,5141,2012-12-14,1.25,OZ,4,2
4440809528,152,21,2105,105200050,7054,2013-01-10,32,OZ,2,3.18
4440809623,152,73,7309,1068142161,5339,2012-03-12,30,CT,1,5.99
4440809623,152,21,2111,103120030,12957,2012-10-14,64,OZ,1,3.99
4440809692,152,26,2628,103600030,9787,2012-05-11,1,RL,1,2.45
4440809997,152,44,4404,105100050,13791,2012-04-15,14,OZ,2,7.98
4440809997,152,99,9908,1074941070,52757,2012-12-11,20,OZ,1,2.49
4440810047,152,21,2119,1061300868,867,2012-06-14,128,OZ,1,3.29
4440810047,152,57,5710,1089470080,21065,2012-06-20,5.3,OZ,1,1.25
4440810047,152,9,918,1069499060,10775,2013-01-12,5.29,OZ,1,2.5
4440810047,152,25,2508,102529323,16410,2013-03-25,64,OZ,1,3.5
4440810067,152,18,1831,101117919,19084,2012-06-04,20,CT,1,0.99
4440810067,152,9,901,1071860474,12733,2012-06-05,6.88,OZ,1,3.49
4440810067,152,58,5823,103503232,23232,2012-09-11,4,OZ,2,11.58
4440810067,152,4,419,104000040,5168,2013-02-20,8.87,OZ,1,2.04
4440810067,152,39,3903,103000030,1058,2013-03-29,24,OZ,1,2.99
4440818538,70,1,106,101500010,7142,2013-06-27,7,OZ,16,17.78
4440830079,68,63,6323,1072543979,40679,2013-01-18,64,OZ,1,2.5
4440830079,68,97,9753,1060504969,0,2013-05-05,1,CT,1,3.99
4440830079,68,36,3628,101200010,12029,2013-05-29,20,OZ,1,1.69
4440837065,373,9,901,104400040,13243,2013-06-19,14.3,OZ,1,2.99
4440919880,187,8,818,107545070,20526,2013-04-06,24,OZ,2,3.16
4440923489,187,25,2503,107545070,20526,2013-04-02,22,OZ,1,2.99
4440926823,187,5,501,1088491282,86364,2013-04-27,16,OZ,1,3.99
4440929028,187,8,803,101122515,20067,2013-03-22,9.5,OZ,1,2.49
4440931211,187,56,5607,107545070,20526,2012-12-11,8,OZ,1,0.99
4440931735,187,97,9753,10000,0,2013-01-05,1,CT,1,5.28
4440932037,187,37,3706,104119646,14582,2012-12-11,18.5,OZ,4,6
4440932037,187,56,5607,104175747,10216,2013-03-19,6,OZ,1,3.99
4440945374,187,41,4108,103940030,71386,2013-01-28,16,OZ,1,0.89
4440950881,187,56,5620,107545070,20526,2013-01-29,12,OZ,1,2.97
4440956080,96,63,6305,102500020,16489,2013-01-29,59,OZ,1,3.99
4440957508,96,26,2635,1061029060,7848,2012-12-19,1,CT,1,0.49
4440957508,96,63,6311,107146474,2142,2013-01-03,32,OZ,2,6
4441075392,46,41,4107,104125040,11473,2013-01-07,16,OZ,1,1.39
4441081550,46,9,907,104125040,11473,2013-03-29,24,OZ,1,2.99
4441337512,390,0,0,10000,0,2013-04-26,0,,9,0
4441717954,390,95,9519,102647727,25811,2013-04-14,12,CT,2,3
4441717954,390,36,3611,104900040,4599,2013-04-14,405.6,OZ,2,7
4441891180,394,4,421,107172070,18529,2013-04-07,7.5,OZ,2,2.98
4442108938,390,26,2634,103600030,4139,2013-05-27,12,RL,1,5
4442366299,377,57,5710,108819484,2433,2012-12-11,6,OZ,15,14.11
4442367380,24,8,815,102100020,17938,2013-03-02,8,OZ,1,2.79
4442389530,85,9,902,104400040,15335,2013-02-27,8.1,OZ,2,6
4442657012,507,22,2207,104460040,3718,2013-05-15,66,OZ,1,8.49
4442742851,508,73,7316,1030800434,32363,2013-03-13,3,OZ,1,15.74
4442869293,510,1,106,1089018080,14157,2013-02-20,4,OZ,5,7.6
4443065015,31,36,3618,104900040,23359,2013-03-02,60,OZ,1,2.99
4443096297,101,63,6319,102073525,18893,2013-04-25,64,OZ,2,3.3
4443096691,153,51,5125,101380010,10271,2012-10-05,9,OZ,2,6
4443098345,152,53,5305,102000020,7655,2012-05-10,8,OZ,1,2
4443098345,152,70,7002,104152040,2963,2012-09-29,30,CT,1,2
4443098345,152,26,2615,107301070,17990,2013-02-17,40,CT,1,8.49
4443098345,152,51,5115,107218070,15035,2013-03-08,20.6,OZ,1,4.99
4443098474,152,33,3302,102700020,57417,2012-10-04,6,OZ,1,3.15
4443212194,187,79,7903,105511353,96536,2013-03-08,1,CT,1,6.99
4443217980,187,35,3504,103680030,6866,2012-12-18,25,OZ,1,3.59
4443221742,187,0,0,10000,0,2012-12-12,0,,1,-0.4
4443221742,187,97,9753,1023835424,0,2013-03-07,1,CT,2,8.98
4443221742,187,17,1701,102340020,16836,2013-03-30,26,OZ,1,3.29
4443227789,187,36,3630,107800070,5208,2013-04-04,144,OZ,1,4.78
4443233646,187,73,7310,1089940787,82344,2013-01-18,14.5,OZ,4,9.96
4443235696,187,36,3634,1073951070,16807,2013-02-07,20,OZ,4,5
4443237785,187,2,201,101600010,1756,2013-01-06,15.25,OZ,1,1.34
4443240892,96,63,6308,1072534171,12336,2012-12-24,32,OZ,1,3.49
4443263975,214,97,9753,1085229888,0,2013-04-17,1,CT,1,0.97
4443277249,214,7,799,108903686,18556,2013-01-17,12.7,OZ,1,4.63
4443277249,214,31,3101,101629111,26667,2013-01-27,2.3,OZ,1,7.45
4443334235,214,16,1604,101254616,17473,2013-02-11,14,CT,2,2.12
4443394127,46,5,501,101600010,18781,2012-12-12,14.8,OZ,1,2.5
4443870129,398,81,8101,102820020,11186,2013-02-04,1,CT,1,5.49
4444112425,395,27,2707,101780010,3108,2013-02-02,3.5,LB,1,6.99
4444271421,396,69,6901,107940070,5168,2013-01-11,0.5,OZ,1,1.49
4444728133,24,29,2928,101530010,58299,2012-12-20,6.9,OZ,2,3.38
4445205254,508,7,708,108523989,833,2012-12-17,1.75,OZ,1,1.04
4445205254,508,59,5902,103450030,10165,2013-04-18,16,OZ,1,3.64
4445489136,101,99,9904,103338333,33170,2012-12-31,32,OZ,1,2.5
4445489136,101,99,9904,10505037252,3457,2013-03-11,1,CT,1,2.99
4445489136,101,9,907,107225070,12465,2013-04-08,24,OZ,1,2.99
4445489273,101,99,9909,107143070,5072,2013-04-05,14,OZ,2,3.78
4445490622,153,19,1908,104800141,16564,2013-02-03,16.3,OZ,1,3.69
4445491959,152,4,416,104000040,16765,2013-03-18,1.1,OZ,2,1.18
4445492079,152,8,809,101300010,8164,2012-07-11,12,OZ,1,1.99
4445492079,152,10,1010,103400030,8247,2012-12-17,22,OZ,1,2.59
4445492170,152,57,5705,107047070,20230,2012-05-13,6,OZ,6,5.34
4445511321,65,33,3305,102840020,5141,2013-01-05,11.5,OZ,2,8.58
4445511321,65,97,9753,107143070,0,2013-05-21,1,CT,1,3.79
4445565436,98,99,9904,1066529060,33170,2013-02-17,1,CT,1,2.5
4445585419,191,92,9211,102270020,4197,2012-12-24,0.01,OZ,1,5.49
4445602878,166,59,5907,102740020,16291,2013-01-06,45,OZ,1,3.59
4445602878,166,33,3303,102840020,10241,2013-02-26,10.5,OZ,1,2.99
4445612412,187,63,6316,107545070,20526,2013-02-05,16,OZ,1,1.68
4445618870,187,10,1011,104300040,26232,2013-05-21,14.5,OZ,1,2
4445619314,187,58,5823,107545070,20526,2013-01-10,16,OZ,1,1.99
4445619314,187,4,418,104000040,26517,2013-02-22,42,OZ,1,8.99
4445619314,187,5,502,107545070,20526,2013-04-06,4.8,OZ,2,3.5
4445619314,187,31,3101,107545070,20564,2013-06-30,2.5,OZ,1,1.39
4445622894,187,63,6315,107545070,20526,2013-03-03,64,OZ,1,1.99
4445622894,187,9,970,103800030,62065,2013-04-07,14.1,OZ,1,1.99
4445622894,187,31,3101,103395434,11133,2013-05-19,0.8,OZ,1,0.99
4445624518,187,41,4110,103940030,71386,2012-12-23,28,OZ,1,2.19
4445627122,187,99,9908,103338333,33170,2013-02-01,16,OZ,1,1.59
4445627122,187,27,2704,107910070,16761,2013-03-23,9.75,OZ,1,3.99
4445627410,187,63,6325,107536575,13177,2013-01-28,19.8,OZ,1,6.99
4445629793,187,51,5127,103100030,1358,2013-05-03,10,OZ,2,2
4445632607,187,63,6315,103450030,10165,2013-02-26,128,OZ,1,3.55
4445633952,187,56,5616,107592575,4368,2013-06-08,7,OZ,1,2.95
4445634613,187,33,3305,102840020,5141,2013-07-01,11,OZ,2,3.76
4445742626,206,4,407,103400030,18947,2013-04-13,16,OZ,1,2.27
4445811838,46,55,5567,107619777,4664,2012-12-13,18,OZ,1,2.5
4445811838,46,58,5814,104470040,10837,2013-01-07,13.5,OZ,1,2.5
4445811838,46,62,6201,104125040,11473,2013-03-12,16,OZ,1,2.19
4446661780,397,18,1813,107535373,5324,2012-12-13,1,RL,1,4.79
4446877018,42,97,9735,102708424,6388,2013-02-13,1,CT,1,8.99
4447125708,377,58,5827,101590010,1366,2013-01-12,12,OZ,1,3.99
4447125708,377,63,6315,1071754474,17653,2013-02-08,128,OZ,1,4.19
4447125708,377,33,3307,104157040,2017,2013-03-03,1.5,OZ,1,1
4447136788,85,19,1908,103377636,16650,2013-03-03,16,OZ,1,3.59
4447977415,152,7,707,104300040,7161,2012-11-28,12,OZ,2,16.98
4447977418,152,9,907,107167373,17480,2012-08-08,22,OZ,1,3.69
4447977418,152,19,1908,102900020,14112,2012-09-29,28,OZ,1,5.69
4447977418,152,41,4108,1068826767,81691,2012-11-21,15.5,OZ,2,1.78
4447977418,152,23,2301,107130070,15474,2013-01-27,16,OZ,2,3.38
4447977418,152,0,0,10000,0,2013-05-08,0,,1,0
4447977558,152,8,816,108062181,15849,2012-09-29,14,OZ,2,7.98
4447978857,153,9,912,1068826767,81691,2013-03-07,22,OZ,1,2.79
4447981443,101,63,6315,1068826767,81691,2012-12-28,128,OZ,1,4.06
4447981443,101,41,4105,1068826767,81691,2013-02-10,14.5,OZ,4,2.76
4447981443,101,12,1203,103480030,9694,2013-04-19,3.75,OZ,2,5.18
4447983862,153,35,3506,105170050,6335,2012-07-14,14.3,OZ,1,4.65
4447987329,152,32,3201,105150050,4307,2012-09-15,16,OZ,1,2.99
4447987594,152,99,9908,108891484,10789,2012-05-19,8,OZ,1,3.49
4447989535,6,33,3307,102840020,12186,2012-06-18,1.38,OZ,1,0.5
4447989535,6,12,1206,108660080,2559,2012-08-21,5,OZ,6,14.34
4447989535,6,4,418,103400030,20231,2012-12-30,11,OZ,1,4.19
4448129921,151,4,418,104000040,26517,2013-04-26,9.9,OZ,2,6
4448129921,151,26,2622,102570020,20361,2013-05-28,20,CT,1,3.69
4448129921,151,36,3601,104900040,3809,2013-06-21,96,OZ,2,9.98
4448149946,191,4,416,101070010,56124,2013-01-18,1.85,OZ,1,0.85
4448149946,191,99,9908,103338333,33170,2013-02-27,160,OZ,1,1.68
4448238270,187,29,2908,107545070,20526,2013-03-10,15,OZ,1,0.98
4448238270,187,58,5823,104470040,13310,2013-04-26,9,OZ,1,3.99
4448244836,187,56,5620,102100020,9886,2013-02-23,8,OZ,2,5
4448246208,187,99,9904,1071575676,5278,2013-02-08,16,OZ,1,1.99
4448248997,187,51,5133,107320272,9303,2013-02-11,18,OZ,1,5
4448255199,187,99,9908,103338333,33170,2013-07-17,16,OZ,1,1.49
4448260503,187,9,902,104400040,19783,2013-03-16,9.1,OZ,1,2.5
4448260503,187,95,9518,1061029060,7848,2013-04-14,1,CT,1,2.99
4448266604,187,17,1703,103700030,12071,2013-04-14,40,OZ,1,3.25
4448266604,187,26,2633,103700030,3293,2013-07-16,12,RL,1,4.88
4448269984,187,91,9122,108200080,16696,2013-02-12,10,OZ,1,1.89
4448269984,187,4,416,103400030,44358,2013-05-22,1.55,OZ,1,0.67
4448270275,187,75,7503,104138848,1993,2013-01-02,0.32,OZ,1,1.97
4448271411,187,23,2301,107545070,20526,2013-04-06,16,OZ,2,2
4448278468,187,5,501,103800030,14900,2013-05-16,18.2,OZ,1,3.99
4448278468,187,63,6320,107545070,20526,2013-05-30,12,CT,1,1.68
4448281739,187,2,213,107248676,9190,2013-05-27,8.5,OZ,1,0.65
4448281739,187,4,418,103400030,8247,2013-07-05,38.5,OZ,1,9.69
4448295505,187,36,3603,104300040,26420,2013-02-09,64,OZ,5,1
4448296737,187,34,3405,101111111,5168,2013-06-14,24,OZ,1,7.48
4448306307,96,18,1841,103700030,17864,2013-01-13,12,CT,1,7.49
4448306307,96,5,501,101600010,3789,2013-06-14,11.8,OZ,1,3.49
4448362318,214,36,3635,104122040,23511,2013-02-07,144,OZ,1,3.29
4448362318,214,70,7001,104122040,23511,2013-05-22,32,OZ,1,0.88
4448449455,214,45,4511,107590171,6195,2013-02-08,56,OZ,1,6.98
4448449455,214,36,3612,104122040,23511,2013-04-27,128,OZ,2,1.4
4448726954,46,58,5823,104125040,11473,2013-05-23,16,OZ,1,2.69
4448762298,46,97,9753,10000,0,2013-02-09,1,CT,1,3.42
4448762298,46,58,5831,104222242,26234,2013-04-05,48,OZ,1,6.99
4448780897,46,63,6320,104125040,11473,2013-02-28,12,CT,1,1.68
4449245684,393,18,1898,104902242,19572,2013-04-04,8,CT,1,7.29
4450980752,395,33,3315,104902242,22148,2013-01-23,12,OZ,0,0
4450980752,395,73,7303,1030057333,27642,2013-02-04,1,CT,1,2.54
4450980752,395,4,411,1079051373,7200,2013-04-05,14,OZ,2,1.48
4451537493,285,30,3007,107184070,11154,2013-02-15,11.5,OZ,1,3.99
4451685272,24,23,2301,107680878,1393,2013-03-05,16,OZ,1,1.79
4451686884,377,59,5902,1071754474,24625,2012-12-15,16,OZ,1,2.89
4452238442,508,71,7112,1073530373,12069,2013-01-18,36,OZ,1,3.79
4452388498,508,26,2608,104142646,4913,2013-03-15,48,CT,1,2.99
4452425590,509,7,709,1076211171,17286,2013-03-15,7,OZ,1,12.99
4452425590,509,4,407,103400030,18947,2013-04-26,10,OZ,1,2.55
4452597541,507,97,9753,10471114848,0,2012-12-24,1,CT,1,9.1
4452718801,507,21,2117,108768484,2903,2012-12-15,120,OZ,1,4.79
4452727774,507,97,9753,1049200040,0,2013-06-12,1,CT,1,8.39
4453424484,510,97,9753,1049053040,0,2013-06-02,1,CT,1,3.09
4453521855,508,56,5615,102100020,9886,2013-03-30,7,OZ,1,2.1
4453761104,510,26,2634,103600030,4139,2013-05-09,18,RL,1,12.06
4453763332,508,36,3618,104900040,23359,2013-06-14,96,OZ,1,4.71
4453814153,507,99,9904,1071575676,5278,2013-06-07,32,OZ,1,4.08
4453856710,510,97,9726,104549646,12667,2013-03-08,1,CT,1,104.99
4454145737,233,58,5812,107317070,13069,2013-03-20,20,OZ,1,5.99
4454152449,224,35,3504,103700030,8993,2013-02-26,24,OZ,1,2.75
4454154862,205,36,3635,103049434,742,2013-06-14,33.8,OZ,4,11.16
4454163749,233,2,214,101600010,1910,2013-04-20,10.6,OZ,1,2.69
4454163749,233,99,9908,1079655373,33170,2013-06-22,16,OZ,1,2.99
4454167771,306,64,6401,1076317676,31095,2013-02-10,72,OZ,1,7.99
4454202890,31,33,3309,107373171,11786,2013-01-26,13,OZ,2,3.19
4454216204,16,58,5828,103100030,1358,2012-12-31,6.4,OZ,2,3.98
4454220854,21,26,2619,102990020,7468,2013-02-14,25,CT,1,2.49
4454222578,101,0,0,10000,0,2013-03-30,0,,1,1.99
4454222578,101,11,1112,102898929,26666,2013-05-19,8,OZ,2,6
4454223976,152,9,907,1068826767,81691,2012-08-04,12,OZ,1,2.19
4454224198,152,9,907,1068826767,81691,2012-04-27,16,OZ,1,0.99
4454224198,152,7,707,102550020,6550,2013-03-31,10.8,OZ,1,2.99
4454224204,152,9,902,103800030,17050,2012-04-28,4,OZ,1,3.79
4454224475,152,33,3309,102840020,18584,2012-06-02,13,OZ,1,3.99
4454224475,152,51,5126,102113121,11151,2012-07-21,13,OZ,1,4.49
4454224475,152,59,5902,1068826767,81691,2012-09-16,16,OZ,1,3.99
4454224475,152,56,5615,1068826767,7173,2013-04-27,8,OZ,1,2.5
4454226821,153,55,5552,107756777,2347,2013-03-23,48,OZ,2,4.49
4454290388,26,63,6328,107590070,2073,2013-02-11,24,OZ,2,5.38
4454290388,26,8,807,101340919,17823,2013-02-25,18,OZ,1,2.89
4454315916,211,56,5621,101111010,9907,2013-01-27,8,OZ,2,3.3
4454332656,191,41,4107,1063888262,6173,2012-12-22,15,OZ,2,2.79
4454332656,191,36,3611,101200010,803,2013-03-30,405.6,OZ,1,3.99
4454359725,187,45,4511,103100030,1358,2013-03-15,24,OZ,1,3.99
4454360867,187,9,901,107545070,20526,2013-05-10,8.9,OZ,1,1.5
4454363703,187,51,5119,102370020,78850,2012-12-26,25.5,OZ,1,6.99
4454363703,187,99,9904,1071575676,5278,2013-06-01,6,OZ,4,11.52
4454363703,187,33,3307,107545070,20526,2013-07-21,8.75,OZ,2,6.96
4454364278,187,55,5552,108305787,1592,2013-06-01,16,OZ,1,1.99
4454364875,187,25,2506,105000050,32115,2013-03-30,32,OZ,1,3.29
4454378089,187,5,501,1088491282,16363,2013-04-07,15,OZ,1,3.99
4454378089,187,9,920,104400040,15335,2013-05-19,9.5,OZ,1,3
4454388481,214,8,816,1065313969,62774,2013-01-07,16,OZ,1,4.97
4454394383,214,36,3618,104900040,23359,2013-03-03,96,OZ,1,4.27
4454399759,214,54,5401,103800030,5618,2013-02-17,10.75,OZ,1,2.38
4454438671,214,63,6315,104122040,23511,2013-04-22,64,OZ,1,2.18
4454557059,46,75,7520,1071928373,11473,2013-01-14,100,CT,2,2
4454635281,46,56,5611,104175747,10216,2013-06-29,6,OZ,1,3.49
4455482755,397,0,0,10000,0,2013-05-22,0,,1,0
4456012586,85,8,814,1060788060,16965,2013-02-10,15.5,OZ,1,1.99
4456012586,85,5,504,1072225272,3695,2013-02-18,1.69,OZ,3,3.57
4456549267,508,29,2903,105100050,72482,2013-03-18,14.75,OZ,1,1.02
4456913098,153,12,1206,108660080,2559,2012-09-13,12,OZ,2,9.5
4456914536,152,21,2119,1061300868,867,2012-04-21,128,OZ,1,3.29
4456914536,152,14,1417,107402777,14200,2012-08-09,10,OZ,1,1.19
4456914536,152,24,2403,1068826767,7173,2012-12-21,5,OZ,1,1.39
4456914536,152,18,1841,103700030,17864,2013-05-23,16,CT,1,4.85
4456914569,152,2,202,105150050,14029,2012-12-30,19.5,OZ,2,3.58
4456914641,152,50,5001,101380010,27474,2013-02-07,16,OZ,1,4.39
4456914641,152,23,2301,107130070,15474,2013-02-18,12,OZ,2,3.98
4456914781,152,40,4005,107695070,23056,2012-05-13,0.85,OZ,1,3.99
4456914781,152,7,707,102550020,6550,2012-10-24,11.3,OZ,1,4.69
4456916373,6,29,2923,101600010,17539,2012-03-18,7.75,OZ,2,4.78
4456916373,6,63,6315,1068826767,81691,2013-03-16,128,OZ,1,3.99
4456916373,6,5,516,102190828,10187,2013-05-20,1.6,OZ,4,5.16
4456928707,62,9,907,107225070,12465,2013-01-17,16,OZ,1,2.49
4457030312,187,29,2907,104128949,1158,2012-12-17,5.6,OZ,1,2.69
4457030322,187,99,9909,107545070,20526,2013-01-20,8,OZ,1,1.99
4457030322,187,63,6317,102529323,16410,2013-02-27,64,OZ,1,2.99
4457030322,187,29,2914,102100020,9886,2013-03-02,7.25,OZ,2,1.98
4457030322,187,99,9909,107143070,5072,2013-04-28,14,OZ,1,1.98
4457034847,187,30,3008,107545070,20526,2013-03-19,24,OZ,1,2.89
4457034847,187,27,2707,101780010,95301,2013-04-18,3.5,LB,1,8.48
4457039797,187,99,9908,103710232,11930,2013-03-09,8,OZ,2,4.98
4457039797,187,57,5710,1089470080,21065,2013-03-09,5.3,OZ,10,10
4457039797,187,33,3313,107020070,11244,2013-04-06,12,OZ,1,3.99
4457040196,187,27,2701,101113212,491,2013-01-13,13.2,OZ,10,7.9
4457040326,187,59,5907,102900020,2012,2013-01-07,16,OZ,1,0.99
4457049540,187,58,5814,104470040,10837,2013-04-11,15,OZ,1,3.69
4457052688,96,4,416,1074613272,5708,2013-04-18,0.53,OZ,1,0.5
4457074365,214,27,2702,1078087272,33537,2013-05-20,5.5,LB,1,14.97
4457080907,214,95,9518,107000070,7848,2013-04-13,1,CT,1,2.99
4457121790,214,64,6410,1063598565,11683,2012-12-17,67.2,OZ,1,7.98
4457236958,46,26,2630,1088692686,11473,2013-05-17,90,CT,2,2
4457517705,399,0,0,10000,0,2013-02-16,0,,1,0
4457732568,393,0,0,10000,0,2012-12-21,0,,2,0
4457732568,393,26,2633,104902242,95603,2013-04-12,6,RL,1,4.24
4457732568,393,73,7310,1032390030,103164,2013-06-10,24,OZ,1,11.04
4458018677,394,91,9127,108218484,9031,2013-06-14,0.75,LT,1,19.99
4458241462,396,33,3308,102840020,3336,2013-04-03,3.75,OZ,1,1.49
4458371454,42,21,2117,107630171,755,2012-12-17,54,OZ,1,2.99
4458577766,285,32,3204,101952111,2933,2013-05-29,17,OZ,1,6.68
4458578067,285,62,6203,102484222,2542,2012-12-17,10,OZ,2,5.98
4458635236,377,33,3304,102840020,6777,2012-12-30,10.5,OZ,1,1.99
4458649221,24,73,7310,103680030,18533,2013-03-14,32,CT,1,5.99
4458649535,24,26,2635,103247636,10794,2013-02-23,50,CT,1,0.1
4459048955,508,63,6305,104850040,18799,2012-12-17,59,OZ,1,3.49
4459270657,510,97,9753,1049205040,0,2013-02-09,1,CT,2,27.98
4459270657,510,33,3307,102900020,14112,2013-05-12,16,OZ,1,3.54
4459491053,31,56,5613,107104070,76668,2013-02-12,16,OZ,1,4.69
4459520806,101,63,6305,104850040,18799,2013-01-11,89,OZ,1,4.39
4459525402,6,95,9518,1061029060,7848,2012-03-30,1,CT,1,1.99
4459525402,6,4,417,107172070,9365,2012-07-23,4,OZ,2,3.38
4459649221,187,5,501,107545070,20526,2013-01-28,15,OZ,2,4.66
4459652217,187,14,1410,103900030,10383,2013-01-08,29,OZ,1,3.19
4459653459,187,35,3509,102420020,14716,2013-02-15,50,OZ,1,2.5
4459653459,187,97,9753,1023164424,0,2013-05-21,1,CT,1,3.87
4459660769,184,33,3318,107797575,27417,2013-05-05,16,OZ,1,3.49
4459766846,214,4,410,104142040,6265,2013-03-29,6,OZ,1,0.97
4459907075,4,25,2509,107989373,12908,2013-03-15,32,OZ,1,2.99
4460223749,391,34,3410,104902242,19572,2013-01-20,8,OZ,1,2.99
4460831222,396,71,7114,1071722676,9241,2013-05-07,2.4,OZ,1,7.79
4461533496,507,4,418,104000040,26517,2013-05-03,14,OZ,1,3.15
4461705345,507,36,3636,104300040,4371,2013-04-06,169,OZ,1,2.49
4461778595,508,36,3636,104300040,4371,2013-03-19,169,OZ,1,2.49
4461788852,508,4,418,103400030,45489,2013-02-13,11,OZ,1,3.35
4461889800,508,5,516,103000030,14760,2013-03-22,6.7,OZ,1,2.19
4462216530,153,9,920,104400040,15335,2012-04-28,6,OZ,1,2.85
4462216530,153,22,2207,1075703777,13386,2012-05-06,21.5,OZ,1,3.39
4462216530,153,99,9904,1081204989,27736,2012-06-22,16,OZ,3,11.97
4462216530,153,9,912,104812141,18322,2012-07-28,20,OZ,1,4.69
4462216530,153,14,1404,101480010,12021,2012-08-07,23.4,OZ,1,2.39
4462216629,153,29,2914,102100020,9886,2012-03-04,7.25,OZ,2,2.5
4462216629,153,36,3632,101480010,8019,2012-03-11,128,OZ,1,3.29
4462216629,153,37,3703,105100050,2820,2012-06-13,10.75,OZ,1,2.65
4462219325,152,63,6315,107060070,29609,2013-01-26,64,OZ,1,3.19
4462219488,152,63,6321,1068826767,16481,2012-10-15,10,OZ,1,3.5
4462222176,6,31,3101,1068826767,7740,2012-08-27,0.5,OZ,1,1
4462222176,6,63,6305,104850040,18799,2012-11-18,59,OZ,2,8.38
4462222176,6,9,902,104400040,8463,2013-02-26,14.4,OZ,1,3.85
4462222200,6,12,1206,108660080,2559,2012-11-08,20,OZ,1,7.69
4462222200,6,8,814,102840020,18584,2012-12-17,15.5,OZ,1,3.29
4462222200,6,9,907,107265979,13545,2013-02-01,20,OZ,1,3.99
4462349111,187,33,3303,102840020,10241,2013-07-17,9.5,OZ,1,2.77
4462352216,187,73,7302,107545070,20526,2013-03-30,250,CT,1,6.99
4462352216,187,23,2310,104130848,15022,2013-04-29,12,OZ,1,2.79
4462359495,187,63,6320,1063547565,59591,2013-02-14,12,CT,1,2.49
4462364028,187,9,901,108220484,36163,2013-03-17,10,OZ,1,0.99
4462403133,214,36,3601,104900040,3809,2013-03-18,20,OZ,1,1.67
4462403133,214,9,907,107225070,12465,2013-05-01,20,OZ,1,2.78
4462417580,214,64,6401,107231171,5150,2013-01-24,144,OZ,1,13.77
4462417580,214,58,5823,104122040,20514,2013-02-12,12,OZ,1,2.5
4462449954,214,28,2805,104122040,23511,2013-01-20,3.5,OZ,2,3.36
4462471478,214,26,2609,104122040,23511,2013-04-22,24,CT,1,2
4462510725,214,5,504,1072225272,3695,2013-07-01,2.4,OZ,2,2
4464110826,376,58,5824,104262949,12592,2013-01-27,16,OZ,2,7.96
4464110826,376,10,1010,105150050,16728,2013-02-24,12,OZ,1,2.62
4464127874,85,55,5567,107524373,11352,2013-05-01,24,OZ,1,4.39
4464616954,508,21,2119,108390080,7368,2013-04-17,18.5,OZ,3,4.47
4464909318,510,9,901,108523989,11176,2013-03-02,15.5,OZ,1,1.72
4465094110,153,9,922,102430020,10577,2013-01-03,13.1,OZ,2,3.58
4465094110,153,33,3316,102410020,44209,2013-02-07,9.75,OZ,1,3.69
4465094110,153,51,5121,104369545,8522,2013-02-21,9,OZ,2,6.67
4465094110,153,21,2105,104900040,14357,2013-03-15,32,OZ,4,4.76
4465094230,153,9,905,104300040,17447,2012-06-16,6,OZ,1,2.39
4465094230,153,56,5620,1068826767,81691,2012-07-15,8,OZ,1,2.49
4465095860,152,57,5710,1089470080,21065,2012-11-12,5.3,OZ,9,12
4465095896,152,9,902,104400040,18775,2012-10-13,7.6,OZ,1,3.75
4465123462,68,27,2704,101113212,491,2013-03-04,16,OZ,1,2.29
4465148613,65,4,418,103400030,8247,2013-01-31,19.75,OZ,2,11.69
4465148613,65,54,5401,103800030,5618,2013-04-14,10.7,OZ,1,2.5
4465148613,65,45,4511,1072543979,40679,2013-05-21,32,OZ,1,4.46
4465179730,89,57,5710,104114848,10384,2013-02-25,6,OZ,2,2.5
4465179730,89,57,5710,104114848,10384,2013-03-06,6,OZ,2,2
4465227841,187,42,4220,103680030,6866,2013-03-03,16,OZ,1,2.29
4465232044,187,9,902,102410020,44209,2012-12-20,13.7,OZ,1,2
4465232868,187,8,818,107545070,20526,2013-03-08,24,OZ,1,1.58
4465232868,187,29,2908,107545070,20526,2013-04-05,16,OZ,1,0.79
4465237414,187,63,6315,107545070,20526,2013-04-30,128,OZ,1,3.07
4465311453,214,25,2506,105000050,32115,2013-01-01,32,OZ,2,5.56
4465366505,214,55,5563,1074447373,16798,2013-03-04,16,OZ,1,5.27
4466372919,396,75,7520,104902242,17495,2013-02-12,80,CT,1,2.99
4466408089,396,73,7302,1030057333,250,2013-02-14,125,CT,1,7.99
4466510313,397,0,0,10000,0,2013-02-13,0,,1,0
4467709359,508,36,3618,104900040,23359,2013-03-25,144,OZ,1,2.5
4467709359,508,97,9707,107169171,15583,2013-04-02,1,CT,1,10.99
4467709359,508,97,9753,1020407828,0,2013-05-15,1,CT,6,2.34
4467741089,508,26,2630,103700030,14647,2013-04-01,56,CT,1,1.62
4467886903,510,18,1898,103980030,5782,2012-12-20,12,CT,1,9.59
4467910521,510,34,3405,103700030,13012,2013-02-23,8,OZ,1,2.49
4468098408,31,99,9904,103338333,33170,2013-03-24,80,OZ,1,3.49
4468098408,31,53,5307,107056070,14005,2013-03-24,10,OZ,1,1.25
4468130868,31,63,6315,102114020,19950,2013-02-27,128,OZ,1,3.99
4468195387,21,55,5555,107457070,26051,2013-02-13,14,OZ,7,23.03
4468204265,153,63,6315,1068826767,81691,2012-03-07,128,OZ,1,3.59
4468205713,152,9,907,107102575,102885,2013-01-13,15,OZ,1,4.19
4468209710,152,36,3627,104900040,23363,2012-09-17,144,OZ,3,16.47
4468209797,152,99,9908,102112020,20616,2012-03-25,80,OZ,1,3.99
4468209797,152,63,6320,1068826767,12475,2012-10-26,18,CT,1,4.39
4468210017,152,58,5828,104120848,18062,2013-04-10,6,OZ,1,2.99
4468210017,152,63,6315,1068826767,81691,2013-04-26,128,OZ,1,3.99
4468215813,101,63,6316,107342070,4529,2013-03-29,16,OZ,1,1.8
4468247554,64,58,5833,1072543979,6564,2013-01-19,16,OZ,4,18.01
4468247554,64,58,5812,1063690666,12339,2013-04-21,14,OZ,1,2.64
4468341449,68,9,907,107518575,11221,2012-12-31,15,OZ,2,6.64
4468355562,64,40,4001,104144949,484,2013-03-10,80,OZ,1,2.26
4468355562,64,96,9609,1053500050,88199,2013-03-24,0,,1,-0.5
4468355562,64,51,5126,102113121,11151,2013-03-30,13.6,OZ,1,2.99
4468478377,191,0,0,10000,0,2013-02-18,0,,1,0
4468478377,191,64,6408,1089450989,27653,2013-03-30,1,LT,1,5.99
4468478377,191,97,9717,1088392989,33170,2013-06-08,1,CT,1,10.99
4468529341,187,95,9518,1061029060,7848,2013-04-07,1,CT,1,2.69
4468529667,187,33,3304,107545070,20526,2013-01-14,10,OZ,1,1.48
4468534133,187,33,3318,107797575,27417,2012-12-21,16,OZ,1,3
4468536731,187,9,970,103800030,62065,2013-07-20,14.7,OZ,2,3.98
4468546557,187,56,5617,102100020,9886,2013-02-17,12,OZ,1,1.99
4468547448,187,99,9904,1071575676,5278,2013-02-11,16,OZ,2,4.96
4468547448,187,41,4107,107227373,2622,2013-05-04,14.5,OZ,4,1.96
4468549350,187,63,6320,107545070,20526,2013-02-10,18,CT,1,2.98
4468549441,187,92,9211,104155444,11347,2013-01-01,0.22,OZ,1,6.84
4468550838,187,56,5609,107104373,29438,2013-03-09,12,OZ,1,2.19
4468554052,187,26,2630,103700030,14647,2013-05-23,56,CT,2,2.98
4468556458,187,9,907,107545070,20526,2013-03-07,16,OZ,1,1.84
4468556458,187,63,6320,107545070,20526,2013-03-07,18,CT,3,8.35
4468565272,187,95,9518,1061029060,7848,2013-03-17,1,CT,1,2.99
4468565272,187,56,5620,107545070,20526,2013-04-14,8,OZ,2,4
4468794625,214,64,6401,101820010,11616,2012-12-24,216,OZ,1,19.95
4468794625,214,58,5824,104122040,23511,2013-02-28,12,OZ,1,2.48
4468794625,214,57,5710,1089470080,21065,2013-05-23,5.3,OZ,3,3
4468814959,214,33,3303,102840020,10241,2013-03-17,10,OZ,1,2.68
4468923929,214,5,502,101600010,86101,2013-04-21,5,OZ,1,2
4468923929,214,96,9609,10999998595,88199,2013-05-30,0,,2,-2
4469319346,46,58,5823,107681979,54678,2013-07-10,40,OZ,1,12.22
4470460418,398,36,3632,108155383,26274,2012-12-21,7,OZ,1,0.44
4470766931,389,26,2632,103600030,8583,2013-05-18,400,CT,1,8.99
4471067549,399,0,0,10000,0,2012-12-22,0,,1,0
4471506596,394,72,7208,103500030,3830,2013-03-14,1,CT,1,2.99
4472509165,285,7,707,101115010,15530,2013-04-06,10,OZ,1,4.99
4472657500,377,99,9908,103338333,33170,2013-06-09,16,OZ,1,1.49
4473158813,507,25,2509,108523989,11176,2013-03-03,32,OZ,1,1.77
4473658020,508,27,2704,107000272,14717,2013-03-08,3,CT,3,7.98
4473730905,509,75,7501,107214070,5929,2013-05-18,21,OZ,1,8.07
4473791159,510,60,6010,101800010,14029,2013-02-16,6,OZ,1,0.94
4473791159,510,29,2904,101530010,13610,2013-04-27,6.2,OZ,1,1.04
4474253955,507,4,419,104000040,5168,2013-01-18,8.87,OZ,1,3.69
4474905397,510,19,1905,104180040,19713,2013-02-01,19.8,OZ,1,2.59
4474905397,510,33,3325,102840020,21452,2013-02-25,20,OZ,1,6.49
4475383002,153,51,5134,1068826767,81691,2012-12-01,20,OZ,1,3.5
4475383013,153,14,1405,1068826767,81691,2012-03-03,14,OZ,2,2
4475383013,153,51,5121,104369545,10274,2013-03-09,9,OZ,2,6.67
4475383013,153,25,2506,105000050,32115,2013-04-06,16,OZ,2,5.58
4475388522,152,71,7113,108087888,13505,2012-06-16,8.5,OZ,2,11.98
4475388522,152,63,6320,1071514171,25530,2012-12-23,18,CT,1,4.99
4475500852,133,63,6315,104126040,4962,2013-02-12,128,OZ,1,1.99
4475500852,133,29,2930,103760030,8501,2013-04-16,7.5,OZ,2,2.98
4475500852,133,37,3708,104100040,10522,2013-06-21,2.4,OZ,1,0.69
4475576224,187,43,4302,107545070,20526,2013-04-14,8,OZ,2,2.98
4475577576,187,34,3411,1081655989,20331,2013-03-19,18,OZ,1,3.49
4475577576,187,9,907,101410010,13791,2013-04-20,16,OZ,1,4.19
4475579005,187,99,9904,1071575676,5278,2013-04-21,16,OZ,1,3.99
4475580503,187,56,5620,102100020,9886,2013-02-10,8,OZ,1,2.69
4475581877,187,9,922,102430020,10577,2013-04-14,13,OZ,1,1.98
4475588432,187,26,2630,107545070,20564,2013-03-23,160,CT,2,1.94
4476002473,46,33,3319,102840020,18584,2013-06-16,9,OZ,1,3.29
4476003096,46,9,902,102410020,44209,2013-06-27,13.7,OZ,2,5
4476003096,46,7,709,104300040,7161,2013-07-07,4.12,OZ,1,6.99
4476223633,391,4,410,1076839575,33170,2013-03-28,0.3,OZ,1,2.99
4476299195,389,9,907,107225070,4558,2013-05-09,12,OZ,1,2.29
4477639201,377,21,2117,107630171,755,2013-01-05,54,OZ,1,3.79
4477639578,24,99,9909,107127979,6732,2013-02-09,6,OZ,1,2.99
4477672082,24,4,411,104223848,7932,2012-12-23,5,OZ,2,2
4477672082,24,30,3001,104800141,1707,2013-04-15,30,OZ,1,3.98
4477672082,24,58,5811,107929676,10737,2013-04-25,7.5,OZ,1,2.99
4477974132,507,10,1013,102400020,4704,2013-02-13,16,OZ,1,2.16
4477974132,507,33,3305,102840020,5141,2013-04-12,3.38,OZ,1,1.41
4478085328,507,11,1111,10834686,27393,2013-01-14,12.83,OZ,4,24.8
4478424531,508,97,9753,1049096040,0,2013-01-18,1,CT,1,9.98
4478560930,508,97,9753,1049016040,0,2013-03-29,1,CT,2,31.5
4478632545,507,36,3636,104300040,4371,2013-01-16,169,OZ,1,2.4
4478654226,507,26,2634,103700030,3293,2013-04-03,30,RL,1,13.35
4478655310,508,97,9762,102572525,6664,2013-04-07,1,CT,1,15.74
4478693333,508,97,9753,1049075040,0,2013-03-30,1,CT,1,12
4478702143,507,27,2710,107023070,18373,2013-06-17,20,LB,1,7.34
4478744508,510,12,1205,108660080,2559,2013-01-06,8.1,OZ,1,3.19
4478749342,510,33,3313,102840020,10241,2013-04-28,15,OZ,1,3.15
4478937969,510,97,9763,102675323,11081,2013-03-08,1,CT,1,5.24
4479461486,233,6,610,1079357373,70027,2013-04-09,16,OZ,1,1.69
4479562860,153,57,5703,1068826767,81691,2012-04-15,6,OZ,14,7
4479562870,153,30,3001,102100020,11761,2012-06-22,15,OZ,1,3.35
4479562896,153,58,5814,104470040,10837,2012-12-22,3.2,OZ,1,2
4479562896,153,51,5115,101960010,3174,2012-12-29,5.22,OZ,1,1
4479562990,153,99,9909,107143070,5072,2012-07-23,16,OZ,1,2.99
4479562990,153,43,4302,1068826767,81691,2012-10-27,8,OZ,1,1.39
4479564060,101,26,2634,104200040,14813,2013-03-15,12,RL,1,6.99
4479565232,101,26,2633,1068826767,33170,2013-04-06,4,RL,1,2.45
4479565232,101,35,3509,107261373,401,2013-04-27,16.9,OZ,1,4.79
4479569250,6,96,9609,1050099757,88199,2013-02-20,0,,1,-1
4479678702,26,70,7001,101111010,9907,2013-05-29,1,OZ,1,2.49
4479715791,133,33,3315,108487282,4537,2013-02-06,16,OZ,1,2.99
4479716747,63,75,7515,104116747,4117,2013-03-31,1,OZ,1,6.29
4479716747,63,7,707,101111010,9907,2013-05-01,34.5,OZ,1,6.99
4479716747,63,99,9909,101111010,28083,2013-05-01,16,OZ,1,1.49
4479716747,63,99,9908,101111010,9907,2013-05-01,80,OZ,1,2.49
4479737898,191,10,1011,104300040,26232,2013-04-14,6.7,OZ,1,1.59
4479770488,187,55,5552,107756777,2347,2013-06-26,48,OZ,1,2.99
4479787197,96,99,9908,103003434,28496,2013-01-02,8,OZ,2,2.5
4479787197,96,55,5559,103003434,7175,2013-05-20,42,OZ,1,3.5
4479989796,214,36,3601,101200010,13794,2013-02-02,20,OZ,1,1.67
4480211400,88,35,3504,103700030,4628,2013-05-13,24,OZ,1,2.34
4480523190,399,9,907,104902242,22148,2013-06-07,16,OZ,1,1.29
4481503308,397,6,610,1087277484,6806,2013-03-26,4,OZ,1,4.99
4481521825,396,0,0,10000,0,2013-05-05,0,,1,0
4482218648,377,29,2902,106414464,4790,2013-01-26,15,OZ,1,1.79
4482934973,508,4,416,103400030,2689,2013-02-23,1.2,OZ,1,0.65
