3705593987,24,49,4901,101312010,26885,2012-12-14,20.25,OZ,1,2.99
3705593987,24,9,914,109848797,53381,2013-02-19,15,OZ,3,9.84
3705598541,377,63,6305,104850040,18799,2012-07-30,89,OZ,1,5.99
3705639259,85,8,826,107550070,18204,2012-06-22,16.5,OZ,1,2.79
3705639259,85,8,810,105210050,11382,2013-01-21,1.12,OZ,1,1.19
3705639259,85,9,908,102560020,18051,2013-05-15,11.5,OZ,1,2.99
3705647502,85,26,2630,103600030,9787,2012-07-19,174,CT,2,4.76
3705647502,85,9,908,107203070,5812,2012-08-17,8.25,OZ,2,4.48
3705647502,85,4,416,103400030,8247,2012-09-21,1.45,OZ,2,0.98
3705690964,507,73,7315,1037003030,23664,2012-12-22,4,OZ,2,8.28
3705727610,507,29,2904,1089002686,81629,2012-08-31,3.5,OZ,1,3.68
3705764376,507,99,9904,103338333,33170,2013-03-23,64,OZ,1,3.99
3705894599,510,25,2506,105000050,32115,2012-11-14,16,OZ,1,3.14
3705894599,510,21,2119,1061300868,867,2013-01-10,128,OZ,1,2.77
3705894599,510,99,9908,103338333,33170,2013-02-18,16,OZ,2,2.92
3705894599,510,97,9753,1089326585,0,2013-03-23,1,CT,1,3.66
3705970521,8,14,1404,101480010,12021,2012-08-26,24,OZ,1,3.39
3706019923,31,72,7208,103500030,3830,2013-02-07,1,CT,1,1
3706039576,31,33,3305,102840020,5141,2012-09-28,3.25,OZ,2,2.45
3706039576,31,33,3308,102840020,3336,2012-12-21,6,OZ,1,2.49
3706047170,31,26,2629,102114020,19950,2013-04-03,250,CT,1,2.5
3706050498,31,8,836,102114020,19950,2012-06-07,32,OZ,1,2.19
3706050498,31,63,6320,1071514171,25530,2012-12-21,12,CT,1,3.59
3706076714,21,28,2804,107041070,11069,2013-03-27,12,OZ,1,2
3706076973,21,36,3618,104900040,23359,2013-03-23,144,OZ,1,4.5
3706077309,21,56,5620,104119040,16347,2012-03-04,8,OZ,1,2.29
3706077309,21,29,2905,103545737,11061,2012-03-31,24,OZ,1,4.29
3706077309,21,2,201,105150050,14029,2012-06-02,15.25,OZ,1,1.29
3706077903,21,33,3318,102840020,15441,2013-02-10,10,OZ,1,2.5
3706086193,101,45,4508,104440040,7504,2012-10-07,18.2,OZ,1,4.99
3706086193,101,26,2608,1068826767,7740,2013-03-24,24,CT,1,0.5
3706086332,101,19,1908,105150050,9189,2012-10-16,18,OZ,1,3.69
3706116645,64,36,3618,104900040,23359,2012-10-19,144,OZ,1,5.89
3706121064,65,58,5823,105190050,26456,2012-03-15,20,OZ,1,5.99
3706126646,65,17,1704,1075703777,9439,2012-10-21,19,OZ,1,3.5
3706126646,65,17,1703,101980010,19934,2012-12-07,26,OZ,1,3.39
3706135390,65,57,5705,107047070,20230,2012-09-01,6,OZ,5,3.21
3706179069,83,5,516,101600010,6283,2012-10-08,4.1,OZ,2,5
3706179069,83,35,3509,102420020,14716,2013-03-23,150,OZ,3,20.97
3706179390,26,63,6315,101111010,9907,2012-03-27,64,OZ,2,3.98
3706179390,26,26,2622,101370010,8154,2012-08-24,13,CT,1,1.49
3706187624,58,55,5552,101111010,20588,2012-04-16,48,OZ,1,5.49
3706187624,58,5,519,103000030,14760,2013-07-22,11.5,OZ,2,6.28
3706187907,89,58,5823,104470040,13310,2012-04-21,16,OZ,1,3.49
3706187907,89,4,411,101900010,10421,2012-09-22,7,OZ,2,2
3706187907,89,36,3636,104300040,4371,2013-04-26,192,OZ,1,3.49
3706214435,63,51,5126,101380010,27474,2013-05-21,16,OZ,1,2.77
3706226211,2,99,9908,101111010,9907,2012-10-07,16,OZ,1,1.49
3706226211,2,25,2506,105000050,32115,2013-02-22,32,OZ,1,2.99
3706229913,140,58,5824,101111010,9907,2012-05-31,16,OZ,2,6
3706229913,140,5,501,101111010,9907,2012-11-10,20,OZ,1,1.99
3706229913,140,9,907,101111010,9907,2013-01-14,16,OZ,2,1.76
3706229913,140,7,707,101111010,9907,2013-03-14,34.5,OZ,1,6.49
3706232456,191,97,9748,107166272,4239,2012-05-06,8,CT,1,3.29
3706232456,191,26,2607,101090010,15232,2012-06-12,1,CT,1,1.69
3706232456,191,97,9753,1070722676,0,2012-06-20,1,CT,1,6.99
3706232456,191,27,2712,107185979,33719,2012-09-24,32,OZ,1,5.99
3706232456,191,96,9609,1053700050,88199,2012-11-20,0,,1,-1
3706232456,191,64,6406,108500080,673,2012-12-21,0.75,LT,6,26.94
3706232456,191,55,5556,104154848,5603,2013-01-27,48,OZ,1,3
3706232456,191,71,7102,1030813737,9259,2013-03-16,13,OZ,1,3.19
3706234303,191,26,2622,101111010,6678,2012-04-18,100,CT,1,2.29
3706234303,191,33,3303,102840020,10241,2012-07-09,10.5,OZ,1,2.99
3706234303,191,9,907,101111010,4181,2012-07-25,24,OZ,1,2
3706234303,191,36,3611,106827464,30855,2012-09-26,405.6,OZ,1,3.99
3706234303,191,9,908,104157343,6678,2012-10-11,18,OZ,1,4.49
3706234303,191,4,419,107726070,15624,2012-12-18,5.1,OZ,1,4.99
3706234303,191,22,2211,107261373,16794,2013-05-29,70,CT,1,2.99
3706234303,191,0,0,10000,0,2013-06-29,0,,1,0
3706258492,184,36,3627,104900040,23363,2012-09-01,67.6,OZ,2,3.98
3706258492,184,96,9609,1053890050,88199,2013-03-30,0,,1,-0.5
3706261853,184,36,3628,107800070,17587,2012-12-10,144,OZ,4,24.76
3706262442,184,5,501,103800030,11732,2012-09-01,15.5,OZ,1,4.15
3706262442,184,97,9753,10000,0,2013-01-07,1,CT,1,1.49
3706264361,96,70,7002,103680030,18533,2013-06-07,10,CT,1,2.19
3706265022,96,27,2704,101780010,17914,2012-03-04,45,OZ,1,11.19
3706265022,96,4,418,103400030,8247,2012-06-12,9.3,OZ,2,8
3706265022,96,99,9904,1081204989,27736,2012-09-09,1,CT,1,2.99
3706266787,96,33,3305,103003434,7175,2012-09-20,13,OZ,1,2.5
3706270553,214,25,2507,107235070,68047,2012-05-07,65,OZ,1,2.98
3706270778,214,58,5814,104470040,13310,2012-05-11,4.5,OZ,2,4
3706270778,214,4,410,104122040,20514,2013-02-09,14,OZ,1,2.5
3706282286,214,63,6315,101400010,2199,2012-03-22,64,OZ,1,2.88
3706343366,214,11,1102,104122040,20514,2012-07-27,400,CT,4,8.48
3706343366,214,97,9753,1020408222,0,2012-11-16,1,CT,1,2.11
3706345364,214,0,0,10000,0,2012-06-03,0,,1,-31.1
3706345364,214,26,2633,103040030,683,2012-11-19,12,RL,1,3.72
3706346183,214,63,6320,104122040,20514,2012-08-28,18,CT,1,2.5
3706357767,214,99,9904,1064312666,5072,2012-10-11,1,CT,1,1.98
3706361475,214,22,2207,106233868,15197,2012-10-30,60,OZ,1,4.46
3706361475,214,63,6319,104850040,10522,2013-05-05,59,OZ,1,2
3706361475,214,4,418,104000040,26517,2013-05-07,14,OZ,2,5
3706365765,214,73,7347,1030076636,12640,2013-05-22,100,CT,1,38.77
3706378045,214,8,810,104146040,14062,2012-09-14,2.75,OZ,1,0.92
3706378045,214,3,304,105210050,11382,2013-02-02,1,OZ,2,7.06
3706407150,46,9,922,102430020,10577,2013-03-17,13,OZ,2,3
3706409202,46,5,501,101600010,10797,2012-03-02,11.5,OZ,1,2.99
3706409202,46,33,3301,1084357181,14274,2012-06-22,9.75,OZ,1,3.59
3706416792,46,63,6309,101405414,12973,2012-12-09,12,OZ,1,1.67
3706481689,17,14,1414,102400020,4704,2012-10-26,8.5,OZ,2,2.78
3706501531,88,9,917,104856444,7755,2012-08-10,16,OZ,2,5.38
3706513112,95,27,2702,101780010,33092,2013-06-14,32,LB,1,22.99
3706521110,18,24,2406,107989373,29344,2013-06-01,10,OZ,1,6.49
3706869925,42,17,1703,104129444,14048,2012-10-09,28,OZ,1,2.49
3706869925,42,99,9908,107878373,26033,2012-10-28,48,OZ,1,4.49
3706869925,42,99,9908,104525545,11481,2013-05-17,24,OZ,1,3.99
3707031379,285,41,4121,107023474,36400,2012-10-30,8,OZ,1,0.39
3707031379,285,15,1506,101115010,15530,2012-12-18,8,OZ,1,3.99
3707031711,285,53,5307,104880040,19757,2012-03-16,16,OZ,1,1.3
3707031711,285,63,6315,101115010,15530,2012-04-14,128,OZ,3,14.37
3707031711,285,97,9753,10000,0,2012-09-05,1,CT,1,0.68
3707031711,285,9,918,101410010,13791,2012-12-02,13.5,OZ,1,5.39
3707187033,85,47,4701,1060788060,16965,2013-01-15,12,OZ,1,1.89
3707240638,507,27,2704,107910070,16761,2012-03-24,10,OZ,1,2.36
3707300081,507,97,9753,101467111,0,2012-09-22,1,CT,1,18.89
3707310670,508,41,4107,102400020,4704,2013-05-05,14.5,OZ,3,3.47
3707310670,508,97,9753,1080521989,0,2013-06-14,1,CT,1,3.66
3707388192,510,97,9753,1079936676,0,2012-06-12,1,CT,1,29
3707388192,510,69,6901,103700030,16139,2013-05-13,1.6,OZ,1,8.29
3707492514,104,75,7520,104116343,5845,2012-07-11,200,CT,1,2.15
3707492514,104,8,810,105210050,11382,2013-03-27,1,OZ,1,0.98
3707492514,104,0,0,10000,0,2013-03-31,0,,1,0
3707510400,278,46,4606,101153515,19868,2012-09-25,10,OZ,1,3.99
3707533789,240,2,201,104140949,3957,2012-09-16,8.5,OZ,1,1
3707534180,240,45,4511,102370020,18969,2012-11-14,29,OZ,1,5.99
3707535692,100,19,1908,104800141,16564,2012-03-08,16.3,OZ,1,4.69
3707535692,100,95,9518,106700868,25075,2012-07-08,1,CT,1,2.99
3707535692,100,0,0,10000,0,2012-08-03,0,,-3,0.75
3707535692,100,9,906,104300040,13361,2012-11-04,4.2,OZ,1,2.89
3707546107,104,63,6318,104116343,28296,2013-01-05,33,OZ,1,7.19
3707546107,104,51,5115,107570676,13458,2013-06-02,16.55,OZ,1,3.99
3707546982,240,55,5552,104113040,84481,2012-03-27,48,OZ,1,2.25
3707546982,240,63,6315,104113040,28204,2012-11-07,128,OZ,1,2.99
3707546982,240,51,5116,107192171,25673,2013-01-31,33.3,OZ,1,5
3707559310,240,33,3303,102068525,2892,2013-01-14,6,OZ,1,3.99
3707600864,31,33,3305,102114020,19950,2013-01-25,9,OZ,1,1.5
3707608505,31,27,2701,101113212,491,2013-01-19,13.2,OZ,1,0.85
3707608505,31,36,3636,104300040,4371,2013-01-28,169,OZ,1,2.99
3707608505,31,56,5607,102114020,19950,2013-02-27,8,OZ,1,1.58
3707608505,31,63,6315,102114020,19950,2013-03-11,128,OZ,1,3.99
3707608505,31,4,416,103400030,15113,2013-05-10,1.5,OZ,2,1.19
3707608505,31,58,5812,105450050,1322,2013-06-12,16,OZ,1,3.34
3707609787,31,99,9904,107143070,5072,2012-04-29,16,OZ,1,2.99
3707659312,40,73,7302,1030057333,250,2012-04-10,20,CT,1,2.99
3707659312,40,27,2713,103680030,13656,2013-04-01,3.5,OZ,1,0.7
3707673631,40,27,2707,1082927484,11516,2012-03-08,16,LB,1,12.99
3707697777,21,5,501,1088491282,14313,2012-11-12,14.5,OZ,1,2.99
3707697887,21,1,106,101500010,29555,2012-07-14,5,OZ,1,2.39
3707697887,21,56,5609,104119040,16347,2012-07-15,16,OZ,2,3.76
3707697887,21,29,2905,107313070,2079,2012-09-27,10,OZ,2,6.78
3707700210,21,72,7205,103500030,3830,2012-10-13,4,OZ,1,0.99
3707702001,21,51,5115,107218070,6718,2012-09-07,16.32,OZ,1,4.99
3707702001,21,25,2507,107235070,68047,2013-04-07,65,OZ,1,3.99
3707702890,21,9,902,103010030,3744,2012-05-30,14,OZ,1,3.39
3707702890,21,28,2801,104470040,3640,2012-07-30,24,OZ,1,3.69
3707705176,101,53,5305,102000020,7655,2013-02-17,10,OZ,1,1.67
3707705176,101,97,9781,10000,8255,2013-03-20,1,CT,1,-0.37
3707707099,101,14,1404,1068826767,81691,2013-01-31,24,OZ,1,1.99
3707750315,64,63,6305,104850040,18799,2013-02-16,89,OZ,1,5.39
3707750945,64,58,5823,1072543979,40679,2012-07-24,16,OZ,1,3.59
3707750945,64,29,2904,1072543979,40679,2012-08-29,4.7,OZ,2,2.34
3707750945,64,44,4404,103582636,6564,2013-02-21,14,OZ,1,2.79
3707753077,70,44,4404,103582636,6564,2013-03-09,11.25,OZ,1,1.98
3707859319,143,25,2507,1074236575,8499,2012-09-03,8,OZ,10,10
3707869021,126,8,836,101111010,9907,2012-03-04,32,OZ,1,0.88
3707869021,126,99,9908,101111010,9907,2012-05-10,10,OZ,1,2.99
3707880921,58,23,2310,104130848,15022,2012-12-01,16,OZ,1,3.29
3707900939,211,9,922,102430020,10577,2012-11-24,31.78,OZ,1,3.68
3707901410,431,63,6320,101111010,85048,2012-08-22,12,CT,1,2.5
3707901410,431,53,5305,101111010,9907,2013-02-13,10,OZ,2,1.98
3707910123,63,36,3618,104900040,23359,2012-06-11,240,OZ,1,5.99
3707910123,63,9,917,107373171,11786,2012-09-26,22.5,OZ,1,2.59
3707910123,63,81,8101,102720020,13461,2012-12-02,1,CT,2,10.82
3707919243,2,51,5124,107960676,18410,2012-05-27,4,OZ,20,8
3707935917,140,58,5812,107495676,8144,2012-05-06,12,OZ,1,3.99
3707935917,140,56,5613,1073882474,21469,2012-05-29,12,OZ,1,6.99
3707935917,140,53,5307,107800474,2519,2012-10-14,13,OZ,2,5.98
3707935917,140,97,9753,10000,0,2012-11-24,1,CT,1,0.79
3707935917,140,9,907,1078142171,21825,2012-12-02,15,OZ,1,1.49
3707935917,140,57,5710,107835575,61673,2013-02-18,24,OZ,1,3.09
3707937381,191,63,6330,101111010,6678,2012-07-22,32,OZ,1,3.41
3707977563,184,37,3709,104178949,11224,2013-02-22,18,OZ,1,1.55
3707984601,96,26,2634,103600030,4139,2012-11-10,6,RL,1,4.69
3707984601,96,26,2634,104200040,14813,2013-02-23,6,RL,1,4.69
3707985201,96,5,501,101600010,3331,2012-03-14,9,OZ,2,8.38
3707985350,96,8,814,103760030,25412,2012-08-30,16,OZ,1,2.5
3707985350,96,55,5552,102073525,18893,2012-09-17,48,OZ,2,5.98
3707985378,96,63,6399,104171747,63681,2012-10-13,32,OZ,1,2
3707986540,96,58,5835,103003434,7175,2013-03-16,16,OZ,1,3
3707987157,96,9,908,104500040,8511,2012-10-13,10.5,OZ,2,5
3707987157,96,22,2210,103700030,2246,2012-11-04,1.92,OZ,1,6.49
3707987495,96,97,9753,1023558525,0,2012-06-02,1,CT,1,1.85
3707987495,96,63,6320,103003434,7175,2013-05-04,18,CT,1,2.47
3707987585,96,57,5704,104667545,20216,2012-08-15,16,OZ,3,7.5
3707987812,96,9,902,103010030,47346,2012-12-01,16,OZ,1,2.5
3707987812,96,51,5125,101380010,10271,2012-12-08,6,OZ,1,3.69
3707987883,96,51,5130,101380010,27474,2012-06-25,11.75,OZ,2,5
3707987883,96,51,5130,101380010,27474,2012-09-01,11.25,OZ,2,5
3707987883,96,63,6313,107020070,11244,2012-12-30,15.5,OZ,1,3.99
3708069649,214,97,9799,102663525,23511,2012-05-05,1,CT,1,2.99
3708069649,214,30,3010,107245777,19570,2013-02-01,12,OZ,1,3.42
3708069649,214,19,1908,105150050,82528,2013-03-24,16,OZ,1,2.96
3708086494,214,18,1841,107464272,12907,2012-09-18,1,CT,1,11.47
3708104959,214,34,3411,107418272,16853,2012-05-20,18,OZ,1,3
3708104959,214,64,6409,108981989,11526,2012-11-04,0.75,LT,4,20.6
3708111760,214,27,2713,101901414,8664,2013-01-13,12.3,OZ,3,3.84
3708183008,46,5,501,103800030,17050,2012-08-07,12.4,OZ,1,3.29
3708186056,46,56,5616,102100020,9886,2012-11-10,7,OZ,1,2.5
3708235247,46,59,5910,103377636,16650,2013-01-17,15,OZ,2,3.98
3708267025,46,43,4302,107027272,15085,2012-04-16,6.5,OZ,1,2.37
3708267025,46,56,5614,104610040,15889,2012-04-20,9,OZ,1,3.79
3708267025,46,17,1703,104650040,14149,2012-07-26,16,OZ,1,3.99
3708267025,46,97,9731,103505131,102087,2013-03-24,1,CT,1,9.99
3708300979,20,57,5704,102113020,30626,2012-12-12,6,OZ,3,1.06
3708301290,20,34,3410,107385272,14709,2012-09-12,2,OZ,1,1.99
3708326007,95,26,2633,103040030,11407,2012-11-30,12,RL,2,10
3708340794,18,26,2631,107830070,14142,2012-09-03,24,CT,1,2.99
3708340794,18,73,7308,103660232,15274,2012-12-10,21,CT,1,1.88
3708340794,18,99,9904,10505037252,3457,2012-12-27,1,CT,1,2.99
3708341326,18,33,3305,102840020,5141,2012-06-02,11.5,OZ,1,3.5
3708341326,18,8,836,107321070,17274,2012-12-06,25,OZ,1,3.45
3708772974,42,97,9753,1020101222,0,2013-03-12,1,CT,2,11.22
3708773840,42,4,419,103746636,10488,2012-10-07,3.5,OZ,2,4.78
3709129035,377,99,9909,103022333,18063,2012-09-03,5,OZ,1,2.89
3709129035,377,12,1205,108000080,17292,2012-12-03,2.6,OZ,2,3.58
3709135648,377,32,3204,107040474,14245,2012-04-29,24,OZ,1,4.79
3709135648,377,64,6409,108500080,20694,2012-11-24,0.75,LT,1,8.98
3709238120,507,21,2117,108768484,2903,2012-06-25,60,OZ,1,4.96
3709252761,507,97,9753,104650040,0,2012-11-08,1,CT,1,1.55
3709279605,507,55,5567,1078978575,16558,2012-09-27,8.1,OZ,1,1.3
3709288183,507,73,7304,1030003131,15393,2012-08-29,4,OZ,1,5.96
3709318974,507,51,5125,102580020,16668,2012-06-05,9.25,OZ,2,3.78
3709333923,507,69,6901,107940070,4696,2013-05-27,5.2,OZ,1,3.99
3709363844,508,9,901,104400040,13243,2012-03-02,15.35,OZ,1,3.14
3709363844,508,97,9753,107538171,0,2012-12-29,1,CT,1,41.99
3709469076,510,9,907,107294575,15878,2012-10-02,20,OZ,1,2.09
3709484485,510,63,6311,107146474,2142,2012-05-07,52,OZ,1,5.82
3709592487,104,8,818,104113040,21174,2013-03-01,16.4,OZ,1,2.92
3709592487,104,8,815,103900030,13296,2013-05-26,16,OZ,1,2.89
3709679559,424,99,9908,103338333,33170,2012-03-17,8,OZ,1,2.09
3709852917,98,99,9904,1071575676,5278,2012-06-29,16,OZ,1,1.77
3709863057,63,17,1703,103700030,12071,2012-12-02,40,OZ,1,3.99
3709884277,191,9,908,101111010,14907,2012-11-21,22,OZ,1,3.99
3709884277,191,45,4508,104440040,7504,2013-01-04,18.1,OZ,1,5.38
3709884277,191,51,5134,104670444,18213,2013-03-03,11,OZ,1,2.69
3709884277,191,27,2701,107202373,22919,2013-07-10,14,OZ,1,1
3709884356,191,5,501,103800030,4089,2012-09-13,12.5,OZ,1,4.07
3709916320,214,9,901,104400040,3453,2013-01-06,13,OZ,1,2.5
3709935675,214,97,9732,1067341969,10312,2012-11-08,1,CT,1,6.98
3709935675,214,56,5621,104122040,23511,2012-11-19,8,OZ,1,2.48
3709959270,46,95,9518,1064541666,25075,2013-06-04,1,CT,1,3.99
3710042743,46,51,5125,101380010,10271,2013-01-27,11.5,OZ,2,4.36
3710101089,14,63,6315,102113020,10786,2012-09-10,64,OZ,1,2.99
3710101089,14,18,1828,102340020,15181,2013-02-10,5.64,OZ,1,2.99
3710797813,285,51,5117,107465373,9039,2013-01-26,17.2,OZ,1,2.2
3710867348,24,63,6315,1074236575,8499,2013-01-05,64,OZ,1,4.29
3711002561,31,36,3618,101200010,23361,2012-07-22,67.6,OZ,3,5
3711002561,31,97,9753,1068896262,0,2012-12-03,1,CT,1,2.5
3711002561,31,36,3618,102114020,23503,2013-01-31,67.6,OZ,2,1.58
3711017514,31,36,3630,101200010,13794,2012-04-24,67.6,OZ,1,1.25
3711017514,31,41,4107,102114020,19950,2013-02-01,15,OZ,4,2
3711090456,21,8,818,107050676,3860,2012-12-22,26,OZ,1,0.99
3711092274,21,26,2629,104303242,11116,2012-12-05,250,CT,1,2.88
3711092274,21,27,2705,107910070,85,2012-12-16,22,OZ,1,1.77
3711092274,21,36,3601,101200010,13794,2013-01-09,67.6,OZ,1,1.5
3711092656,21,51,5115,105833656,25702,2012-03-22,11.5,OZ,1,5.99
3711092656,21,33,3303,104126242,19971,2012-05-04,8.75,OZ,1,1.99
3711092656,21,29,2903,105100050,72482,2012-05-09,15,OZ,1,1.15
3711092656,21,35,3504,103500030,330,2012-07-10,14,OZ,1,1.19
3711092656,21,29,2928,107142979,20299,2012-09-07,6,OZ,1,1.5
3711094361,21,96,9609,1054180050,88199,2012-06-07,0,,4,-3
3711103878,77,27,2707,107119070,4502,2013-03-08,16,LB,1,9.99
3711103878,77,27,2705,1082927484,11516,2013-04-03,2.75,OZ,10,7.09
3711103878,77,0,0,10000,20405,2013-04-15,0,,2,-29.37
3711105302,101,12,1206,108660080,2559,2012-08-06,9,OZ,1,3.29
3711105302,101,18,1822,103700030,6236,2012-12-01,16.9,OZ,1,3.19
3711106390,101,33,3307,1068826767,81691,2012-11-25,16,OZ,1,3.29
3711106390,101,42,4220,104133141,7531,2013-06-15,16,OZ,1,1.79
3711126909,70,10,1012,102700020,23332,2012-07-08,13,OZ,1,1.25
3711126909,70,58,5814,104470040,10837,2013-05-21,4.4,OZ,2,2.79
3711126909,70,58,5827,103582636,6564,2013-06-09,16,OZ,1,3.3
3711150484,65,29,2914,102100020,19279,2013-04-26,12,OZ,1,2
3711164350,373,9,907,1072543979,40679,2012-10-21,20,OZ,1,1.29
3711174144,70,34,3411,107940070,17521,2012-04-21,18,OZ,2,4.38
3711181383,64,23,2301,107173070,12706,2012-09-06,12,OZ,1,1.52
3711224356,165,18,1813,107203676,7953,2012-10-17,1,RL,1,2.49
3711227330,26,5,501,1075928373,1243,2012-03-24,13.5,OZ,1,5.49
3711227330,26,58,5824,102781525,5557,2012-05-29,13,OZ,1,2.99
3711227330,26,26,2608,101111010,9907,2012-07-04,48,CT,1,1.49
3711227330,26,54,5401,103800030,5618,2013-01-15,10.75,OZ,1,2.38
3711231328,83,51,5128,1071785474,11614,2012-03-17,8,OZ,2,2
3711231328,83,34,3411,101111111,5168,2012-06-08,24,OZ,1,5.99
3711231328,83,36,3618,101111010,1814,2012-11-09,288,OZ,1,4.48
3711231679,58,25,2509,103450030,10165,2012-04-06,32,OZ,1,3.59
3711233467,89,10,1011,104300040,26232,2013-06-12,15.5,OZ,1,2.49
3711240587,98,55,5556,101111010,9907,2012-05-04,48,OZ,1,2.68
3711240587,98,50,5001,102113121,11151,2013-02-10,16,OZ,1,2.5
3711250862,63,0,0,10000,0,2012-10-15,0,,1,0
3711250862,63,99,9909,101111010,28083,2012-11-06,10,OZ,1,2.1
3711250862,63,26,2631,103600030,4139,2012-11-20,42,CT,2,6.98
3711250862,63,58,5827,104470040,13310,2012-12-05,12,OZ,1,4.99
3711250862,63,63,6315,102830020,16257,2013-03-07,96,OZ,1,3.09
3711252267,63,45,4514,101111010,9907,2012-06-21,48,OZ,1,6.99
3711263804,191,0,0,10000,0,2012-05-29,0,,2,0
3711263804,191,72,7212,107094272,75834,2012-07-19,1,CT,1,2.59
3711263804,191,0,0,10000,0,2012-09-01,0,,3,0
3711264326,191,58,5823,107187171,13310,2012-06-26,16,OZ,1,2.49
3711267914,26,32,3203,101111010,9907,2012-11-04,8,OZ,1,2.99
3711267914,26,73,7307,104110040,3614,2013-07-01,15,CT,1,18.99
3711277590,89,5,501,103800030,758,2012-03-03,17,OZ,1,3.59
3711277590,89,96,9609,1055000050,88199,2012-05-02,0,,1,-0.5
3711277590,89,60,6010,101800010,14029,2012-10-20,12,OZ,3,3
3711277590,89,23,2301,101111010,9907,2013-06-05,16,OZ,1,1.58
3711277590,89,63,6315,101111010,9907,2013-07-20,128,OZ,1,2.59
3711281246,98,99,9909,1082676686,58105,2012-05-29,8,OZ,1,2.99
3711281246,98,59,5907,102700020,2012,2013-02-03,15,OZ,1,1.19
3711291548,12,9,907,107313070,13291,2012-03-25,24,OZ,1,4.59
3711291548,12,0,0,10000,0,2012-10-17,0,,2,0
3711333358,166,56,5616,104263444,486,2012-10-01,8,OZ,1,4.69
3711342634,184,72,7205,103700030,4294,2012-07-23,3.5,OZ,3,3
3711342634,184,5,501,103800030,6790,2013-07-14,10.5,OZ,3,11.67
3711347939,96,96,9609,10990000090,88199,2012-06-03,0,,1,11.98
3711349768,96,63,6315,103003434,7175,2012-12-21,64,OZ,1,2.04
3711350732,96,12,1205,104800040,38150,2012-06-13,5,OZ,3,3
3711367488,214,37,3703,105100050,2820,2012-09-01,10.5,OZ,1,1.44
3711403897,214,26,2619,104122040,23511,2012-03-16,14,CT,9,25.11
3711403897,214,9,913,104812141,18322,2012-04-22,11,OZ,1,2.88
3711404156,214,35,3508,103700030,18371,2012-06-13,150,OZ,1,17.92
3711404156,214,25,2501,104122040,20514,2012-07-19,14,OZ,1,1.48
3711404156,214,55,5552,104122040,82828,2012-08-25,16,OZ,1,1.49
3711404156,214,7,707,102586929,30286,2012-09-29,11,OZ,1,3.99
3711404156,214,58,5835,107790070,9200,2013-01-13,16,OZ,1,2.98
3711423144,214,16,1604,102200020,13228,2012-04-20,35,CT,1,2.48
3711423144,214,64,6401,108378383,16392,2012-06-25,144,OZ,1,13.98
3711423144,214,9,901,104400040,13243,2012-12-10,15.5,OZ,1,2.98
3711423144,214,9,917,107373171,11786,2012-12-21,15,OZ,1,2.84
3711423144,214,64,6401,108378383,16392,2013-01-15,144,OZ,1,14.97
3711424030,214,97,9753,1020404626,0,2012-04-24,1,CT,1,1.28
3711463663,214,26,2626,101258717,7245,2013-01-19,1,CT,1,1.5
3711463663,214,19,1905,104122040,23511,2013-03-24,18,OZ,1,2.68
3711470121,214,17,1726,104460040,3718,2012-12-22,35,CT,1,2.48
3711486279,214,96,9609,1057007454,88199,2012-11-02,0,,2,-6
3711486279,214,9,902,104400040,15335,2013-02-13,15.1,OZ,2,5
3711495272,214,26,2629,104122040,23511,2012-05-23,100,CT,1,1.87
3711495272,214,37,3703,105100050,2820,2012-06-20,10.75,OZ,2,1.58
3711518569,46,56,5614,104171646,6769,2012-10-11,20,OZ,1,6.99
3711546233,46,22,2201,1071928373,11473,2012-03-25,182,OZ,1,2.98
3711546233,46,59,5907,102900020,2012,2012-04-26,16,OZ,1,0.69
3711546233,46,97,9753,10000,0,2012-06-03,1,CT,1,0.95
3711562809,46,22,2205,102460020,11990,2012-04-29,40,LB,4,19.16
3711668832,46,99,9904,103338333,33170,2012-12-07,48,OZ,1,3.99
3711788085,15,55,5556,102113020,15704,2012-09-12,48,OZ,1,2.99
3711791246,18,51,5106,103100030,9626,2012-09-21,8.8,OZ,1,2.49
3711791246,18,9,907,104130040,17856,2012-11-15,20,OZ,1,3.5
3711815645,15,57,5705,107047070,20230,2012-03-03,4,OZ,3,-0.89
3711923838,360,57,5704,107047070,20230,2012-11-23,6,OZ,6,5.34
3712606975,42,27,2709,107910070,14329,2012-07-17,6.5,OZ,2,3.98
3712606975,42,29,2930,106414464,3342,2013-01-11,7.5,OZ,10,12.9
3712606975,42,31,3111,104150040,6714,2013-06-06,6,OZ,2,8.58
3712652378,402,4,421,102200020,17287,2013-03-18,10.58,OZ,1,1
3712735868,402,69,6901,107940070,17521,2012-05-08,2.6,OZ,1,1.89
3713272742,402,97,9766,102919828,33170,2012-03-09,1,CT,1,13.74
3713272742,402,92,9209,107410878,9241,2013-05-22,1,CT,1,4.49
3713660322,109,55,5558,107585676,9798,2012-12-07,16,OZ,1,3.49
3713740985,377,51,5123,101380010,27474,2012-10-29,57,OZ,1,10.48
3713740985,377,56,5620,1071754474,17653,2013-03-20,16,OZ,1,3
3713749178,376,73,7329,1085773484,5678,2012-07-21,48,OZ,2,15.96
3713749178,376,51,5125,105010050,8089,2012-12-08,11.35,OZ,1,2.65
3713749178,376,33,3314,1071754474,17649,2013-06-15,3,OZ,2,2.78
3713772670,85,59,5906,104060040,26155,2012-07-25,15,OZ,1,3.39
3713827183,507,97,9753,1020801121,0,2012-08-04,1,CT,4,0.96
3713916140,507,51,5123,108523989,11176,2012-03-26,32,OZ,2,9.98
3713916140,507,75,7520,1030813737,9259,2012-05-04,55,CT,1,1.31
3713916140,507,58,5831,102410525,28615,2012-11-27,20,OZ,2,7.54
3713916140,507,26,2614,103700030,514,2013-02-02,16,CT,1,3.93
3713985348,507,95,9518,1088351585,2988,2012-05-31,1,CT,1,1.04
3714243829,508,95,9518,1088351585,2988,2013-05-03,1,CT,1,0.99
3714328095,508,71,7113,1030815131,3609,2012-06-06,10.1,OZ,2,6.28
3714328095,508,5,517,103800030,17050,2012-06-19,4.4,OZ,1,2.5
3714328095,508,58,5823,108523989,11176,2012-08-12,9,OZ,2,5.24
3714328095,508,54,5401,103800030,5618,2012-11-19,12.3,OZ,2,4.2
3714328095,508,5,518,103800030,15251,2013-01-06,12.4,OZ,1,3.98
3714328095,508,9,902,102410020,44209,2013-02-25,13.7,OZ,1,3.01
3714328095,508,97,9753,1049225040,0,2013-04-16,1,CT,1,4.71
3714429006,508,97,9753,108680080,0,2012-06-25,1,CT,1,14.69
3714429006,508,7,709,109955595,37013,2012-10-26,1.44,OZ,1,3.14
3714429006,508,4,418,103400030,15113,2012-12-18,4.4,OZ,1,1.05
3714534679,510,21,2105,105200050,7054,2012-10-11,32,OZ,1,1.08
3714534679,510,97,9753,10978031696,0,2013-03-07,1,CT,1,9.09
3714537732,510,97,9753,1049039040,0,2012-07-26,1,CT,1,10.49
3714537732,510,63,6315,102830020,16257,2013-03-20,96,OZ,2,9.22
3714551253,510,57,5705,107047070,20230,2012-07-08,6,OZ,5,3
3714687590,507,17,1708,104650040,18486,2012-07-27,1.7,OZ,3,4.5
3714710007,507,18,1841,104178545,12907,2013-04-27,1,CT,1,11.99
3714810736,507,97,9753,1049016040,0,2013-06-16,1,CT,1,8
3714818754,507,97,9753,1049238040,0,2013-04-08,1,CT,2,27.92
3714830238,508,16,1604,102200020,6021,2013-01-19,45,CT,1,2.31
3714856123,507,97,9753,1060580666,0,2012-07-08,1,CT,1,3.99
3714856123,507,51,5116,107218070,6718,2012-11-25,27.35,OZ,2,9.28
3714856123,507,41,4120,1072534272,12171,2012-12-11,6,OZ,2,1.98
3714900841,508,58,5812,107495676,8144,2012-03-07,12,OZ,2,8.38
3714916049,508,21,2112,107468272,27266,2013-04-24,32,OZ,1,7.34
3714947123,510,97,9743,105113151,16044,2013-04-07,1,CT,1,2.09
3714973701,510,58,5823,108523989,11176,2012-10-13,9,OZ,1,1.57
3714973701,510,17,1726,104460040,3718,2012-11-03,75,CT,1,4.63
3715001994,509,26,2622,101121717,23664,2012-07-06,80,CT,1,2.61
3715073836,386,36,3627,107800070,23362,2012-09-16,67.6,OZ,5,7.45
3715121074,240,56,5604,104113040,21174,2012-04-25,4,OZ,1,2.59
3715121074,240,79,7901,1072527474,45338,2012-08-12,1,CT,1,2.99
3715121074,240,7,707,104130343,38922,2012-12-03,29,OZ,1,5.99
3715165198,205,99,9908,103338333,33170,2012-09-07,48,OZ,1,2
3715165198,205,41,4107,102400020,4704,2013-06-17,15,OZ,2,2.74
3715176346,233,7,706,101200010,17286,2012-09-28,15,OZ,1,2.29
3715176346,233,4,418,104126949,13467,2012-12-05,20,OZ,1,1
3715222416,21,26,2622,104119040,16347,2012-06-14,30,CT,2,4.38
3715222416,21,27,2709,101780010,19793,2012-07-10,3,OZ,2,2.78
3715222529,21,9,901,104400040,3453,2013-01-11,11.75,OZ,1,3.49
3715223417,21,63,6313,107020070,11244,2012-05-11,13.5,OZ,1,3.99
3715223417,21,9,922,101290010,17055,2013-03-11,5,OZ,1,1.69
3715223819,21,45,4509,1081412787,60654,2012-08-04,32,OZ,1,6.99
3715223819,21,55,5557,107756777,11005,2012-10-13,10.14,OZ,4,7.96
3715223819,21,12,1206,108000080,17292,2012-12-08,5,OZ,2,3
3715223819,21,63,6319,102073525,18893,2013-02-02,64,OZ,2,2.5
3715223819,21,5,516,103000030,14760,2013-07-13,6.1,OZ,3,7.5
3715224526,21,9,902,103010030,18457,2012-11-09,8,OZ,1,3.99
3715230812,101,9,901,104400040,3453,2012-10-21,14,OZ,1,2.99
3715230812,101,57,5705,1068826767,81691,2012-10-28,6,OZ,5,2.25
3715230812,101,97,9781,10000,8255,2013-03-17,1,CT,1,-2.33
3715230812,101,41,4105,1068826767,81691,2013-05-06,28,OZ,1,0.99
3715230812,101,63,6320,1068826767,81691,2013-05-11,18,CT,1,2.59
3715230899,101,69,6901,1030099737,11804,2012-07-01,2.25,OZ,1,2.99
3715251632,64,11,1114,1070662474,13528,2012-08-03,32,OZ,1,4.49
3715257162,65,58,5814,104470040,10837,2012-10-07,10.7,OZ,1,2.79
3715262512,64,36,3601,101200010,13794,2012-04-03,67.6,OZ,2,3.33
3715285181,165,56,5610,104242141,2071,2012-12-01,6,OZ,1,4.99
3715285181,165,29,2925,105480050,19039,2013-02-19,14,OZ,1,2.99
3715285181,165,33,3308,102840020,3336,2013-05-18,8,OZ,1,3.99
3715299273,12,55,5552,101111010,9907,2012-03-29,48,OZ,1,3.49
3715300327,12,37,3705,101111010,9907,2012-04-01,18.8,OZ,2,3.38
3715300327,12,73,7358,103367434,12484,2012-05-28,16,OZ,1,9.49
3715300327,12,41,4107,101111010,9907,2012-09-24,15.25,OZ,1,0.69
3715304998,126,79,7901,107485171,94478,2012-06-09,1,CT,1,6.95
3715316010,98,38,3801,104480040,62568,2012-10-16,2,LB,1,4.29
3715319422,431,4,419,104000040,5168,2012-12-02,4.5,OZ,1,3.49
3715319422,431,5,517,103800030,17050,2012-12-22,4.6,OZ,1,3.39
3715319422,431,9,908,107247070,9903,2013-03-23,18.4,OZ,1,5.49
3715324511,26,9,970,103800030,62065,2012-10-12,21,OZ,1,2.99
3715324511,26,96,9609,1051780050,88199,2013-04-24,0,,1,-1
3715324511,26,4,418,103400030,8247,2013-05-26,9.3,OZ,2,6
3715335926,184,25,2506,104127141,26189,2012-07-08,32,OZ,1,3.59
3715336732,184,17,1709,107092272,2262,2013-04-05,3.4,OZ,1,1.99
3715339078,184,2,201,101600010,1756,2012-04-24,16.25,OZ,1,1.99
3715339078,184,21,2117,107630171,755,2012-04-27,54,OZ,1,3.89
3715339078,184,33,3304,102840020,6777,2012-11-14,10.5,OZ,2,6.98
3715339078,184,56,5616,104610040,15889,2013-05-22,8,OZ,1,3.65
3715379186,214,29,2903,106414464,3342,2012-05-24,15,OZ,5,4.2
3715379186,214,63,6332,104850040,61745,2012-06-24,59,OZ,1,2.28
3715416498,206,59,5902,103450030,10165,2012-04-09,15,OZ,1,3.88
3715444067,46,63,6313,1070882070,11473,2013-03-22,12,OZ,1,3.99
3715452727,46,56,5620,102100020,9886,2012-04-27,8,OZ,2,4.98
3715499775,4,7,706,101200010,17286,2013-04-27,38,OZ,2,8.98
3715514623,14,12,1205,108000080,17292,2012-03-11,5,OZ,2,1.01
3715514623,14,58,5824,107778272,9260,2012-05-28,19,OZ,1,3.99
3715514623,14,44,4404,107045979,12587,2013-05-05,11.25,OZ,1,2.5
3715800007,42,23,2301,104149747,19710,2012-03-11,16,OZ,1,1.49
3715800007,42,56,5614,104149747,19710,2012-08-05,24,OZ,1,7.99
3715800007,42,8,810,105210050,11382,2012-09-15,1.12,OZ,1,0.99
3716014625,285,51,5133,107100777,5656,2013-02-02,22.4,OZ,1,3.99
3716072239,377,99,9908,103710232,11930,2012-03-17,5,OZ,1,3.5
3716105318,85,32,3201,105150050,4307,2012-12-12,16,OZ,1,2.89
3716105318,85,71,7113,102240020,18715,2013-02-14,32,OZ,1,4.99
3716198985,507,99,9904,1081204989,27736,2012-08-11,16,OZ,1,3.14
3716198985,507,97,9753,1020422525,0,2013-02-03,1,CT,3,4.06
3716227016,507,36,3636,104300040,4371,2012-04-25,169,OZ,1,2.14
3716285038,508,58,5814,104470040,10837,2012-12-09,3.5,OZ,1,1.33
3716285038,508,26,2628,103700030,2248,2013-02-10,6,RL,1,6.27
3716445119,306,41,4107,107227373,2622,2012-03-02,14.5,OZ,2,1.8
3716455918,31,63,6320,102114020,19950,2013-03-30,12,CT,1,2.19
3716489774,21,28,2806,10930090,12157,2012-08-27,16,OZ,1,1.79
3716490398,21,29,2903,106414464,3342,2013-02-07,15,OZ,2,2
3716494508,101,95,9518,107000070,7848,2013-05-05,1,CT,1,0.99
3716497787,77,5,501,103000030,45635,2012-03-08,18,OZ,1,4.39
3716497787,77,8,809,101300010,8164,2012-04-03,12,OZ,1,2
3716516386,65,9,907,101220010,11528,2012-04-23,16,OZ,1,1.52
3716516386,65,30,3006,107110070,8280,2013-01-13,16,OZ,1,1.32
3716519487,65,5,501,103582636,6564,2013-01-20,11,OZ,1,2.39
3716537899,70,33,3312,103700030,14494,2012-12-27,6.41,OZ,3,5.64
3716553844,98,51,5132,101380010,10271,2012-11-13,8,OZ,1,2.68
3716553844,98,36,3630,107800070,5208,2012-12-06,101.4,OZ,2,7
3716558623,89,18,1828,1060240666,19393,2012-05-21,1,CT,1,1.99
3716558623,89,57,5707,107047070,20230,2012-11-24,16,OZ,1,2
3716558623,89,58,5814,104470040,10837,2013-05-12,4.3,OZ,2,3.16
3716564639,126,25,2506,104127141,26189,2012-07-24,32,OZ,1,3.09
3716564639,126,29,2923,104100040,9814,2012-08-07,4.4,OZ,1,1
3716564639,126,36,3603,104140949,3957,2013-06-22,24,OZ,2,1.98
3716568164,151,58,5814,104470040,10837,2012-08-08,3.4,OZ,1,1.67
3716568978,431,18,1829,104650040,7249,2012-12-17,1,CT,2,2.58
3716570135,431,5,516,101111010,9907,2012-12-07,7.4,OZ,1,2.09
3716585742,191,36,3611,106827464,30855,2012-03-15,405.6,OZ,1,4.99
3716597046,166,63,6315,103190333,1436,2012-06-18,128,OZ,1,2.59
3716597046,166,5,501,107061777,1370,2012-11-28,11,OZ,1,5.49
3716597046,166,57,5710,1089470080,21065,2013-01-05,5.3,OZ,3,3.75
3716602985,96,0,0,10000,0,2012-07-25,0,,1,0
3716604722,96,59,5902,103003434,7175,2012-06-07,16,OZ,1,1.99
3716604722,96,26,2615,107830070,14142,2012-11-26,36,CT,1,5.99
3716604735,96,9,907,107131979,16021,2012-09-07,20,OZ,1,2.19
3716604735,96,63,6320,103003434,7175,2013-02-10,12,CT,1,1.79
3716619011,214,36,3611,102259222,13400,2013-02-27,202.8,OZ,1,2.46
3716644821,214,58,5835,107790070,9200,2012-03-25,16,OZ,1,2.98
3716674427,214,11,1114,1070662474,13528,2012-06-05,32,OZ,1,3.98
3716674427,214,9,901,104400040,13243,2012-10-22,11.3,OZ,1,2.98
3716674427,214,51,5125,102580020,16668,2012-10-22,9,OZ,3,5.34
3716724962,46,92,9210,104438646,27042,2012-09-24,1.5,OZ,1,10.69
3716752490,88,58,5824,107456272,2682,2013-02-06,10,OZ,1,0.99
3716773849,360,38,3801,104920040,5098,2012-11-19,4,LB,1,3.59
3717306532,377,64,6408,108500080,18898,2012-07-30,0.75,LT,1,6.99
3717306532,377,41,4121,102400020,4704,2012-11-01,8,OZ,1,0.58
3717306532,377,64,6408,108224282,49,2013-03-13,0.75,LT,1,10.98
3717328112,85,37,3707,105100050,17812,2013-01-22,14.5,OZ,1,1.19
3717449788,508,47,4704,102500020,11749,2012-08-24,12,OZ,2,2.5
3717449788,508,97,9717,104339646,3896,2012-11-15,1,CT,1,24.14
3717457963,508,58,5831,102410525,28615,2012-03-05,20,OZ,1,7.02
3717495122,509,8,829,108523989,833,2012-03-22,13.2,OZ,1,3.08
3717520980,510,26,2622,102570020,20361,2013-04-14,52,CT,1,4.99
3717534972,510,32,3202,108523989,11176,2012-04-18,48,OZ,1,3.03
3717551401,507,30,3009,102100020,9886,2013-03-24,16,OZ,1,2.09
3717574543,509,4,423,107726070,15624,2013-02-13,10,OZ,1,5.08
3717574543,509,8,803,104150040,6714,2013-03-22,14,OZ,1,1.39
3717589125,508,72,7203,103700030,4294,2012-06-16,33.8,OZ,1,5.03
3717605968,507,75,7501,107560979,13012,2012-04-14,4,OZ,1,7.32
