3428618673,508,50,5001,102113121,11151,2012-10-01,40,OZ,1,7.28
3428618673,508,26,2632,107488777,23664,2012-10-12,240,CT,1,4.98
3428622077,508,8,821,108523989,11176,2012-04-17,15,OZ,1,1.82
3428630985,508,64,6408,108823282,19284,2012-04-13,0.5,LT,1,3.89
3428630985,508,9,914,108523989,833,2012-10-07,12,OZ,1,2.99
3428735904,224,36,3612,101598414,22433,2012-07-05,128,OZ,1,0.83
3428735904,224,63,6315,107999777,15502,2013-06-13,128,OZ,2,7.12
3428833953,224,63,6328,107590070,2073,2012-03-26,24,OZ,1,3.98
3428833953,224,3,311,1064420969,5345,2012-06-21,16,OZ,2,3.78
3428833953,224,58,5830,107091979,7981,2012-07-06,16,OZ,1,5.98
3428833953,224,63,6319,107774171,3738,2012-07-22,128,OZ,4,8.36
3428833953,224,62,6201,102060323,61846,2012-09-27,8,OZ,1,3.48
3428833953,224,59,5906,104060040,26155,2012-10-26,15,OZ,1,3.25
3428833953,224,36,3611,108265787,4687,2012-10-28,101.4,OZ,1,1.09
3428833953,224,23,2301,102920020,12168,2012-11-02,16,OZ,6,6
3428834381,233,56,5607,104130343,38922,2012-12-09,8,OZ,1,1.39
3428935985,233,56,5610,103114232,25202,2012-09-02,5,OZ,1,3.99
3428935985,233,5,501,102430020,17616,2013-04-17,16,OZ,1,2.79
3429034758,233,36,3627,107800070,23362,2012-10-06,67.6,OZ,2,3.78
3429034758,233,25,2506,104127141,26189,2013-05-11,16,OZ,1,2
3429133654,233,33,3307,107069070,6386,2012-03-23,14,OZ,2,5.98
3429133654,233,73,7360,104116343,5845,2012-06-22,250,CT,1,6.45
3429138115,306,64,6409,103125939,20202,2013-01-28,0.75,LT,2,11.54
3429233798,233,26,2634,103700030,3293,2012-12-19,6,RL,1,5.09
3429233798,233,36,3601,104900040,3809,2013-01-31,101.4,OZ,1,2.75
3429234390,233,63,6320,104113040,6449,2012-06-18,12,CT,1,1.19
3429234661,224,33,3303,104178040,19154,2012-06-12,8,OZ,2,5
3429235779,205,5,501,103800030,4086,2013-05-05,12,OZ,1,3.73
3429334054,306,5,501,103800030,15251,2013-03-15,12,OZ,2,4.88
3429334688,306,9,907,107605777,19395,2012-11-11,20,OZ,1,1.48
3429433913,224,5,501,101600010,10797,2012-08-10,11.5,OZ,1,2.5
3429440944,306,5,516,103800030,24525,2012-08-20,6.3,OZ,1,3.49
3429536289,224,22,2211,104130343,38922,2013-06-07,80,CT,1,1.95
3429736216,233,63,6315,104148343,9547,2013-01-20,16,OZ,1,1.09
3430034260,233,75,7507,1031074232,13390,2012-03-02,6,OZ,1,5.25
3430034260,233,8,805,104142141,20099,2012-03-02,3.5,OZ,1,2.27
3430034260,233,14,1410,104127040,8723,2012-03-03,21,OZ,1,4.55
3430034260,233,53,5307,101450010,20864,2012-03-03,12,OZ,4,7.5
3430034260,233,58,5823,102781525,8100,2012-03-04,7,OZ,2,5
3430034260,233,9,907,104127040,8723,2012-03-05,20,OZ,1,1.89
3430034260,233,56,5617,102100020,19279,2012-03-05,12,OZ,2,8.98
3430034260,233,36,3601,107282777,19327,2012-03-06,144,OZ,2,5.49
3430034260,233,97,9753,1020443323,0,2012-03-06,1,CT,1,3.99
3430034260,233,97,9753,1020032626,0,2012-03-06,1,CT,1,4.19
3430034260,233,56,5610,102654222,8971,2012-03-07,8,OZ,1,2.99
3430034260,233,33,3312,103700030,14494,2012-03-08,5.71,OZ,1,2.25
3430034260,233,9,918,101410010,13791,2012-03-08,8.6,OZ,1,3.49
3430034260,233,28,2804,104113040,2982,2012-03-10,4,OZ,1,1.15
3430034260,233,33,3350,101708212,27482,2012-03-12,32,OZ,1,5.99
3430034260,233,9,907,107776575,14720,2012-03-12,13,OZ,1,2.89
3430034260,233,55,5558,107255474,35506,2012-03-12,36.8,OZ,1,7.29
3430034260,233,33,3301,1083765484,31505,2012-03-12,4.4,OZ,1,3.99
3430034260,233,9,922,102430020,10577,2012-03-13,13,OZ,4,7.16
3430034260,233,33,3308,102840020,3336,2012-03-13,11,OZ,1,3.49
3430034260,233,41,4108,104127040,8723,2012-03-14,15,OZ,2,1.98
3430034260,233,23,2301,107173070,12706,2012-03-15,12,OZ,1,2.19
3430034260,233,44,4404,107105272,3829,2012-03-16,14,OZ,2,7.06
3430034260,233,33,3315,1079042979,22943,2012-03-16,9,OZ,1,2.99
3430034260,233,5,501,1088491282,14900,2012-03-16,20,OZ,1,3.99
3430034260,233,97,9753,1021630020,0,2012-03-18,1,CT,1,2.89
3430034260,233,97,9753,1020490929,0,2012-03-18,1,CT,7,94.71
3430034260,233,36,3611,104900040,4599,2012-03-19,20,OZ,2,2.98
3430034260,233,23,2301,107020070,623,2012-03-19,12,OZ,3,7.77
3430034260,233,79,7901,107224676,20014,2012-03-19,1,CT,1,1.79
3430034260,233,37,3709,104178949,11224,2012-03-19,18,OZ,1,1.85
3430034260,233,56,5615,109707393,26243,2012-03-23,7,OZ,1,3.09
3430034260,233,51,5132,1082748686,17758,2012-03-23,7,OZ,2,9.7
3430034260,233,26,2628,103700030,2248,2012-03-23,8,RL,2,22.08
3430034260,233,9,906,104123444,7391,2012-03-24,8,OZ,1,2.89
3430034260,233,33,3305,102840020,5141,2012-03-25,6,OZ,1,2.49
3430034260,233,56,5607,104127040,8723,2012-03-25,8,OZ,5,8.4
3430034260,233,56,5617,104127040,8723,2012-03-25,12,OZ,2,4.98
3430034260,233,30,3001,102100020,11761,2012-03-26,30,OZ,2,11.1
3430034260,233,5,501,101600010,9773,2012-03-28,12,OZ,1,4.49
3430034260,233,58,5823,105190050,26456,2012-03-28,16,OZ,6,25.5
3430034260,233,59,5907,102740020,16291,2012-04-01,80,OZ,1,7.03
3430034260,233,55,5567,107064070,19704,2012-04-02,21,OZ,1,6.23
3430034260,233,9,901,1070897171,10653,2012-04-03,13.5,OZ,2,5.78
3430034260,233,31,3101,105210050,11382,2012-04-03,0.3,OZ,1,5.43
3430034260,233,8,818,103620030,14868,2012-04-04,24,OZ,1,2.89
3430034260,233,9,902,104157040,2017,2012-04-06,4.25,OZ,1,3.49
3430034260,233,97,9753,1020443323,0,2012-04-06,1,CT,9,37.91
3430034260,233,30,3008,107110070,8280,2012-04-09,8,OZ,1,2.47
3430034260,233,95,9518,1060503060,7182,2012-04-10,1,CT,2,8.38
3430034260,233,9,907,102412626,10365,2012-04-10,24,OZ,1,3.09
3430034260,233,38,3801,104127040,8723,2012-04-10,4,LB,3,9.87
3430034260,233,21,2105,105200050,7054,2012-04-11,4,OZ,1,1.47
3430034260,233,9,922,102430020,10577,2012-04-15,12.88,OZ,1,1.79
3430034260,233,23,2301,104127040,8723,2012-04-16,32,OZ,1,3.39
3430034260,233,2,201,1064420969,5345,2012-04-18,16,OZ,2,5.3
3430034260,233,35,3509,109451494,20153,2012-04-18,75,OZ,2,4
3430034260,233,18,1802,104613545,17898,2012-04-20,4,CT,1,1
3430034260,233,99,9908,1071651979,11085,2012-04-23,12,OZ,1,2.79
3430034260,233,29,2923,104100040,9814,2012-04-23,4.3,OZ,2,3.38
3430034260,233,36,3618,101200010,23361,2012-04-24,20,OZ,1,1.59
3430034260,233,47,4701,104127040,8723,2012-04-25,12,OZ,2,4.9
3430034260,233,27,2705,107910070,85,2012-04-28,22,OZ,1,2.05
3430034260,233,19,1908,104530040,13915,2012-04-29,16.3,OZ,4,10
3430034260,233,51,5117,104280040,18599,2012-04-29,9.8,OZ,1,1.79
3430034260,233,37,3708,104100040,10522,2012-04-30,2,OZ,1,1.59
3430034260,233,9,922,102430020,10577,2012-05-03,13.1,OZ,1,1.79
3430034260,233,31,3101,105210050,11382,2012-05-03,0.2,OZ,2,4.62
3430034260,233,14,1411,103890030,5072,2012-05-06,8,OZ,1,1.05
3430034260,233,60,6011,104127040,8723,2012-05-07,16,OZ,2,4.46
3430034260,233,29,2904,101600010,21633,2012-05-07,5.6,OZ,2,4.7
3430034260,233,4,411,104113040,6449,2012-05-08,11,OZ,1,1.5
3430034260,233,9,903,104119646,14582,2012-05-09,15,OZ,1,2.25
3430034260,233,72,7208,104116343,5845,2012-05-11,3,CT,1,1.99
3430034260,233,58,5827,1075919979,11221,2012-05-11,16,OZ,1,4.59
3430034260,233,45,4510,107701373,4192,2012-05-12,160,OZ,1,8.9
3430034260,233,5,502,101600010,101199,2012-05-13,5.4,OZ,1,3.15
3430034260,233,72,7210,103700030,6414,2012-05-14,2.2,OZ,1,5.73
3430034260,233,21,2109,102800020,56490,2012-05-14,64,OZ,1,4.05
3430034260,233,59,5902,103450030,10165,2012-05-14,7,OZ,1,2.37
3430034260,233,97,9744,107848474,6394,2012-05-14,1,CT,1,2.59
3430034260,233,51,5121,104280040,18599,2012-05-14,14,OZ,1,2.88
3430034260,233,33,3301,109093999,56513,2012-05-14,3,OZ,1,1.29
3430034260,233,99,9909,107143070,5072,2012-05-15,12,OZ,2,6.58
3430034260,233,97,9753,1021100020,0,2012-05-15,1,CT,1,3.99
3430034260,233,4,418,104000040,26517,2012-05-17,19.2,OZ,1,5.59
3430034260,233,9,907,104127040,8723,2012-05-20,16,OZ,10,10.8
3430034260,233,33,3321,107332171,17710,2012-05-21,9,OZ,1,2.99
3430034260,233,58,5815,103760030,8501,2012-05-22,5,OZ,1,3.49
3430034260,233,5,501,1088491282,19549,2012-05-25,11.5,OZ,1,3.99
3430034260,233,51,5127,103100030,1358,2012-05-25,8,OZ,14,19.25
3430034260,233,8,811,104112949,3635,2012-05-26,15,OZ,2,6.98
3430034260,233,30,3008,104127040,8723,2012-05-27,16,OZ,1,2
3430034260,233,26,2613,103600030,8583,2012-05-27,31,CT,1,11.59
3430034260,233,99,9908,103338333,7655,2012-05-28,21.33,OZ,1,2.29
3430034260,233,4,411,104113040,6449,2012-05-29,10,OZ,2,3.9
3430034260,233,5,502,103800030,9543,2012-05-29,8,OZ,3,8.97
3430034260,233,2,201,105150050,14029,2012-05-31,18.25,OZ,4,6
3430034260,233,55,5559,107273070,12760,2012-06-02,15,OZ,1,1.63
3430034260,233,99,9909,102791828,53783,2012-06-05,1,CT,2,4.98
3430034260,233,9,922,102430020,10577,2012-06-07,12,OZ,1,1.79
3430034260,233,55,5559,107273070,12760,2012-06-11,15,OZ,3,4.89
3430034260,233,36,3603,104300040,26420,2012-06-14,256,OZ,4,10
3430034260,233,36,3605,104300040,17997,2012-06-14,192,OZ,1,3.97
3430034260,233,19,1908,104113040,28204,2012-06-15,18,OZ,1,3.63
3430034260,233,97,9709,104310040,11411,2012-06-16,1,CT,1,1.13
3430034260,233,28,2804,107152474,10039,2012-06-16,4,OZ,2,2.58
3430034260,233,63,6320,107723676,5401,2012-06-16,6,CT,2,1.66
3430034260,233,25,2508,102529323,16410,2012-06-17,32,OZ,2,4.46
3430034260,233,92,9206,107940070,1141,2012-06-17,4,OZ,1,4.19
3430034260,233,81,8101,102720020,13461,2012-06-18,1,CT,2,8.38
3430034260,233,59,5907,102700020,2012,2012-06-18,15,OZ,1,1.29
3430034260,233,9,921,102430020,10577,2012-06-22,3.4,OZ,1,0.75
3430034260,233,26,2628,103600030,9787,2012-06-23,1,RL,2,4.5
3430034260,233,14,1410,104127040,8723,2012-06-23,21,OZ,2,6.86
3430034260,233,30,3009,104134444,65891,2012-06-23,32,OZ,1,5.99
3430034260,233,21,2116,1088331585,62584,2012-06-24,10.1,OZ,1,0.79
3430034260,233,51,5121,104369545,10274,2012-06-24,9,OZ,1,2.99
3430034260,233,56,5620,109194595,5401,2012-06-25,8,OZ,1,2.75
3430034260,233,8,807,101340919,17823,2012-06-28,18,OZ,2,3.68
3430034260,233,9,970,103800030,62065,2012-06-28,14.1,OZ,1,2.99
3430034260,233,32,3204,105150050,4307,2012-07-01,16.9,OZ,1,6.57
3430034260,233,58,5823,105190050,26456,2012-07-01,16,OZ,2,11.1
3430034260,233,92,9208,104319444,16067,2012-07-02,4,CT,1,4.33
3430034260,233,9,917,107321979,1276,2012-07-03,10,OZ,1,1.73
3430034260,233,0,0,10000,0,2012-07-04,0,,40,178.69
3430034260,233,59,5902,104127040,8723,2012-07-04,16,OZ,2,5.26
3430034260,233,73,7302,104116343,5845,2012-07-06,200,CT,1,4.39
3430034260,233,79,7901,107098979,45119,2012-07-06,1,CT,1,4.99
3430034260,233,41,4110,103940030,71386,2012-07-06,16,OZ,2,3.46
3430034260,233,26,2628,104127040,8723,2012-07-06,3,RL,1,3.49
3430034260,233,51,5117,104280040,18599,2012-07-07,9.8,OZ,3,3.75
3430034260,233,10,1010,105150050,16728,2012-07-08,12.25,OZ,1,2.69
3430034260,233,55,5552,107756777,2347,2012-07-09,48,OZ,2,11.46
3430034260,233,41,4108,103940030,71386,2012-07-09,16,OZ,1,1.29
3430034260,233,29,2904,101600010,7860,2012-07-10,6,OZ,1,2.35
3430034260,233,51,5116,107192171,25673,2012-07-11,8.5,OZ,2,12.18
3430034260,233,41,4108,107032070,18670,2012-07-12,15.5,OZ,2,4.58
3430034260,233,33,3302,102700020,57417,2012-07-13,17.4,OZ,1,4.49
3430034260,233,43,4302,104300040,4030,2012-07-15,12,OZ,1,2.89
3430034260,233,63,6305,107273070,14377,2012-07-15,128,OZ,1,5.25
3430034260,233,56,5612,102100020,9886,2012-07-20,5.8,OZ,1,2.5
3430034260,233,51,5117,107465373,9039,2012-07-21,17.5,OZ,4,13.09
3430034260,233,26,2622,102570020,20361,2012-07-21,30,CT,1,2.63
3430034260,233,56,5604,109707393,26243,2012-07-22,12,OZ,1,4.19
3430034260,233,36,3629,107164474,16537,2012-07-23,120,OZ,1,1.29
3430034260,233,9,907,104127040,8723,2012-07-24,12,OZ,8,11.12
3430034260,233,9,908,104500040,8511,2012-07-24,14.25,OZ,1,1.79
3430034260,233,36,3627,104900040,23363,2012-07-27,144,OZ,3,12
3430034260,233,21,2106,107535575,13044,2012-07-30,64,OZ,1,2.59
3430034260,233,19,1908,104127040,8723,2012-07-30,28,OZ,1,5.55
3430034260,233,53,5307,101450010,20864,2012-08-03,16,OZ,1,2
3430034260,233,9,908,102430020,10577,2012-08-03,11.39,OZ,1,2.59
3430034260,233,29,2904,101530010,13610,2012-08-04,4.7,OZ,2,2
3430034260,233,22,2207,104650040,16355,2012-08-05,22,OZ,1,3.23
3430034260,233,8,818,103620030,14868,2012-08-06,16,OZ,2,5.78
3430034260,233,37,3703,105100050,2820,2012-08-07,10.5,OZ,2,3.78
3430034260,233,3,304,105210050,11382,2012-08-08,1,OZ,1,2.83
3430034260,233,28,2804,10930090,12157,2012-08-08,12,OZ,1,2.49
3430034260,233,4,410,102800020,20031,2012-08-08,0.81,OZ,4,1.32
3430034260,233,26,2606,104130343,38922,2012-08-09,100,CT,1,0.99
3430034260,233,9,904,107067070,15112,2012-08-11,5,OZ,1,2.49
3430034260,233,9,907,104500040,20016,2012-08-11,20,OZ,1,1.49
3430034260,233,5,501,101600010,3331,2012-08-12,14,OZ,1,4.63
3430034260,233,99,9908,103338333,33170,2012-08-17,160,OZ,6,26.94
3430034260,233,97,9753,1021100020,0,2012-08-18,1,CT,5,19.95
3430034260,233,25,2506,105000050,32115,2012-08-18,16,OZ,1,2.79
3430034260,233,30,3009,102100020,9886,2012-08-19,16,OZ,2,5.58
3430034260,233,8,818,103620030,14868,2012-08-21,14,OZ,1,2.19
3430034260,233,63,6315,105385959,61509,2012-08-21,64,OZ,3,12.57
3430034260,233,29,2906,1084190585,45495,2012-08-21,10,OZ,4,14.36
3430034260,233,30,3007,107020070,11244,2012-08-22,15,OZ,1,4.99
3430034260,233,63,6312,105020050,52045,2012-08-23,64,OZ,1,2.15
3430034260,233,60,6011,104127040,8723,2012-08-23,16,OZ,2,4.46
3430034260,233,97,9753,1020064828,0,2012-08-23,1,CT,1,5.82
3430034260,233,21,2108,107535575,13044,2012-08-23,64,OZ,2,6.34
3430034260,233,21,2119,1061300868,867,2012-08-26,128,OZ,2,5.98
3430034260,233,33,3318,102840020,15441,2012-08-27,14,OZ,1,2.5
3430034260,233,27,2709,105849656,29292,2012-08-31,3,OZ,1,1.97
3430034260,233,97,9753,1020032626,0,2012-08-31,1,CT,2,8.46
3430034260,233,5,501,104127040,8723,2012-09-03,11.5,OZ,2,4
3430034260,233,28,2803,104127040,8723,2012-09-03,10,OZ,1,1.97
3430034260,233,62,6201,107347474,20218,2012-09-04,14,OZ,1,1.99
3430034260,233,21,2121,105385959,9582,2012-09-07,33,OZ,1,2.69
3430034260,233,99,9904,103338333,33170,2012-09-11,64,OZ,1,4.59
3430034260,233,36,3601,107800070,74719,2012-09-13,20,OZ,2,1.78
3430034260,233,33,3350,101708212,9033,2012-09-14,2.2,OZ,1,1.99
3430034260,233,58,5823,104470040,13310,2012-09-14,12,OZ,1,2.75
3430034260,233,29,2928,104100040,9814,2012-09-15,5.6,OZ,2,3.5
3430034260,233,9,907,101410010,13791,2012-09-16,14.5,OZ,1,3.29
3430034260,233,2,213,101600010,1756,2012-09-16,15.8,OZ,1,3.07
3430034260,233,5,501,103000030,45635,2012-09-16,13,OZ,2,8.54
3430034260,233,57,5705,107047070,20230,2012-09-19,6,OZ,2,1.78
3430034260,233,58,5824,107050575,54979,2012-09-20,48,OZ,1,10.99
3430034260,233,8,810,105210050,11382,2012-09-22,0.87,OZ,2,2.5
3430034260,233,56,5604,107015777,18691,2012-09-23,5,OZ,1,2.99
3430034260,233,36,3636,104300040,29501,2012-09-23,192,OZ,1,3.99
3430034260,233,72,7214,102200020,13228,2012-09-24,60,CT,1,3.63
3430034260,233,36,3634,1078616272,7237,2012-09-25,20,OZ,4,4.82
3430034260,233,41,4108,107639777,9982,2012-09-27,19.75,OZ,1,2.29
3430034260,233,36,3628,101200010,12029,2012-09-30,288,OZ,1,6.99
3430034260,233,2,202,101600010,1756,2012-10-02,16,OZ,1,4.97
3430034260,233,5,519,103000030,14760,2012-10-06,11.5,OZ,1,3
3430034260,233,9,908,107010979,25229,2012-10-06,6,OZ,3,9.57
3430034260,233,21,2117,104300040,26420,2012-10-07,60,OZ,1,3.17
3430034260,233,31,3101,1067017161,9581,2012-10-07,3,OZ,1,3.09
3430034260,233,51,5117,107465373,9039,2012-10-08,17.5,OZ,1,4.09
3430034260,233,99,9908,102170626,13972,2012-10-08,8,OZ,1,1.5
3430034260,233,37,3711,105100050,2820,2012-10-09,15.25,OZ,1,2.89
3430034260,233,71,7114,107940070,17521,2012-10-10,11,OZ,1,2.79
3430034260,233,57,5705,107047070,20230,2012-10-13,6,OZ,1,0.89
3430034260,233,8,801,101300010,8164,2012-10-14,20,OZ,2,4.28
3430034260,233,8,801,101300010,8164,2012-10-15,20,OZ,1,1.99
3430034260,233,6,610,107084777,11910,2012-10-16,64,OZ,1,6.99
3430034260,233,9,907,104127040,8723,2012-10-17,12,OZ,9,12.51
3430034260,233,97,9753,108890888,0,2012-10-17,1,CT,1,1.29
3430034260,233,4,418,103400030,15113,2012-10-18,10.5,OZ,1,3.49
3430034260,233,9,902,102410020,44209,2012-10-18,13.7,OZ,6,26.94
3430034260,233,41,4105,102700020,8612,2012-10-19,28,OZ,3,5.97
3430034260,233,9,913,102412626,8097,2012-10-20,12,OZ,1,2.19
3430034260,233,51,5125,101380010,10271,2012-10-22,5.25,OZ,1,2.99
3430034260,233,16,1601,102200020,1827,2012-10-24,15,CT,1,1.33
3430034260,233,97,9753,1021280020,0,2012-10-24,1,CT,5,14.45
3430034260,233,23,2301,107173070,12706,2012-10-25,12,OZ,2,4
3430034260,233,59,5907,102740020,8760,2012-10-25,9,OZ,1,1.37
3430034260,233,44,4404,104127040,8723,2012-10-26,80,OZ,1,5.25
3430034260,233,38,3802,104127040,8723,2012-10-26,2,LB,7,12.53
3430034260,233,58,5823,107024777,6176,2012-10-27,8,OZ,1,1.29
3430034260,233,29,2914,102100020,9886,2012-10-27,7.25,OZ,2,3.5
3430034260,233,51,5126,101380010,27474,2012-10-27,19,OZ,2,5
3430034260,233,9,902,104400040,15335,2012-10-29,13.7,OZ,1,3.99
3430034260,233,56,5620,104130343,38922,2012-10-29,8,OZ,1,2
3430034260,233,36,3611,1063256565,6303,2012-10-29,16.9,OZ,1,0.99
3430034260,233,33,3310,102840020,3387,2012-10-31,6,OZ,1,2
3430034260,233,53,5307,101450010,20864,2012-11-01,12,OZ,1,2
3430034260,233,5,501,104240040,40317,2012-11-02,38,OZ,2,12.78
3430034260,233,4,419,10980090,6267,2012-11-05,1.3,OZ,1,1.55
3430034260,233,36,3618,104900040,23359,2012-11-06,144,OZ,4,19.96
3430034260,233,99,9908,1071651979,11085,2012-11-07,18,OZ,1,2.29
3430034260,233,29,2928,107142979,20299,2012-11-08,8,OZ,4,10.12
3430034260,233,41,4108,107089070,9218,2012-11-08,15,OZ,1,1.19
3430034260,233,56,5615,102100020,9886,2012-11-09,8,OZ,2,5
3430034260,233,8,818,105100050,14403,2012-11-10,24,OZ,1,2.89
3430034260,233,81,8102,107310070,4051,2012-11-11,1.2,OZ,1,4.99
3430034260,233,53,5305,102000020,7655,2012-11-12,10,OZ,1,2.29
3430034260,233,29,2904,101600010,7860,2012-11-12,4.4,OZ,1,2.35
3430034260,233,40,4005,107073474,25373,2012-11-14,1.2,OZ,1,5.59
3430034260,233,49,4901,104127040,8723,2012-11-15,80,OZ,1,5.89
3430034260,233,36,3601,104900040,3809,2012-11-17,67.6,OZ,3,4.39
3430034260,233,9,902,101410010,45039,2012-11-18,30,OZ,1,7.99
3430034260,233,59,5907,104127040,8723,2012-11-18,16,OZ,1,1.75
3430034260,233,97,9753,1020017626,0,2012-11-19,1,CT,2,8.05
3430034260,233,33,3305,102840020,5141,2012-11-19,10.5,OZ,1,3
3430034260,233,8,807,101340919,17823,2012-11-21,28,OZ,1,3.75
3430034260,233,8,838,107683474,64655,2012-11-23,8,OZ,1,1.99
3430034260,233,23,2301,107151878,8349,2012-11-25,16,OZ,1,2.59
3430034260,233,33,3308,102840020,3336,2012-11-25,9.75,OZ,7,16.98
3430034260,233,23,2301,107209878,12146,2012-11-26,16,OZ,2,6.58
3430034260,233,45,4514,101398515,11625,2012-11-27,40,OZ,1,5.99
3430034260,233,18,1831,107116979,1756,2012-11-27,1,CT,1,2.85
3430034260,233,58,5822,104450040,8318,2012-11-28,14,OZ,2,5
3430034260,233,44,4404,107105272,3829,2012-11-29,14,OZ,2,4
3430034260,233,9,908,1079954070,20808,2012-11-29,2.6,OZ,1,1.69
3430034260,233,99,9908,105349555,33170,2012-11-29,14,OZ,1,2.19
3430034260,233,14,1404,104127040,8723,2012-12-01,48,OZ,2,6.9
3430034260,233,99,9904,103338333,33170,2012-12-02,64,OZ,1,3.99
3430034260,233,20,2002,105100050,27873,2012-12-04,46,OZ,2,8.18
3430034260,233,8,818,103620030,14868,2012-12-06,23.9,OZ,1,1.5
3430034260,233,14,1411,103890030,5072,2012-12-08,20,OZ,2,3.66
3430034260,233,31,3101,105210050,11382,2012-12-08,2.62,OZ,1,4.09
3430034260,233,45,4511,102370020,18969,2012-12-10,13.25,OZ,1,2.99
3430034260,233,51,5125,102580020,16668,2012-12-10,9.25,OZ,1,3.83
3430034260,233,6,601,107092070,17882,2012-12-14,28.5,OZ,1,4.99
3430034260,233,63,6315,104127040,8723,2012-12-15,128,OZ,40,156.4
3430034260,233,58,5835,107229070,18158,2012-12-15,16,OZ,6,24.9
3430034260,233,55,5552,107273070,14377,2012-12-16,128,OZ,2,16.9
3430034260,233,58,5827,104470040,13310,2012-12-16,16,OZ,2,6.98
3430034260,233,41,4121,104127040,8723,2012-12-18,29,OZ,1,1.85
3430034260,233,97,9753,1020443222,0,2012-12-19,1,CT,1,2.99
3430034260,233,36,3601,104900040,3809,2012-12-20,67.6,OZ,7,8.75
3430034260,233,9,917,107373171,11786,2012-12-20,20,OZ,1,2.99
3430034260,233,49,4901,104127040,8723,2012-12-20,30,OZ,2,6.46
3430034260,233,44,4404,107045979,12587,2012-12-20,13.5,OZ,1,4.09
3430034260,233,33,3312,103700030,14494,2012-12-20,1.41,OZ,2,1.38
3430034260,233,72,7203,103700030,16040,2012-12-21,1.49,OZ,1,0.75
3430034260,233,23,2301,104127040,8723,2012-12-22,32,OZ,1,3.39
3430034260,233,25,2506,104127141,26189,2012-12-22,32,OZ,2,7
3430034260,233,35,3504,103700030,4628,2012-12-23,9,OZ,1,1.43
3430034260,233,36,3632,104900040,6137,2012-12-23,20,OZ,1,1.69
3430034260,233,51,5115,107192171,18492,2012-12-24,21.6,OZ,1,5
3430034260,233,22,2211,103320030,875,2012-12-26,40,CT,1,1.99
3430034260,233,51,5117,107570676,13458,2012-12-28,13.5,OZ,1,2.25
3430034260,233,26,2609,109838292,26290,2013-01-02,20,CT,1,3.99
3430034260,233,45,4511,102370020,18969,2013-01-02,22,OZ,2,17.18
3430034260,233,14,1416,102400020,4704,2013-01-03,15,OZ,3,5.97
3430034260,233,63,6312,107273070,14377,2013-01-03,128,OZ,1,1.89
3430034260,233,9,907,104127040,8723,2013-01-04,20,OZ,1,1.99
3430034260,233,41,4107,102400020,4704,2013-01-05,8,OZ,4,3.8
3430034260,233,4,417,107172070,9365,2013-01-08,4,OZ,1,1.33
3430034260,233,12,1205,108000080,17292,2013-01-09,9,OZ,1,3.99
3430034260,233,21,2117,101153515,19868,2013-01-10,67.5,OZ,1,3.49
3430034260,233,8,805,104142141,20099,2013-01-11,3.5,OZ,1,2.27
3430034260,233,9,922,103800030,17050,2013-01-12,4.44,OZ,1,3.19
3430034260,233,12,1207,107067070,15112,2013-01-12,3.7,OZ,1,3.09
3430034260,233,59,5907,102900020,2012,2013-01-13,16,OZ,2,1.98
3430034260,233,41,4121,106414464,70939,2013-01-15,8,OZ,1,0.57
3430034260,233,36,3601,101200010,13794,2013-01-15,288,OZ,5,34.95
3430034260,233,51,5125,105010050,8089,2013-01-15,10.6,OZ,1,3.95
3430034260,233,36,3630,107800070,5208,2013-01-17,20,OZ,10,15.9
3430034260,233,25,2505,105000050,32115,2013-01-18,32,OZ,1,3.45
3430034260,233,36,3633,1062022161,9286,2013-01-19,12,OZ,20,19.8
3430034260,233,31,3101,1067017161,9581,2013-01-19,2.85,OZ,1,3.09
3430034260,233,25,2509,103450030,10165,2013-01-21,32,OZ,1,2.99
3430034260,233,9,901,104127040,8723,2013-01-22,32,OZ,1,3.09
3430034260,233,53,5307,101450010,20864,2013-01-23,16,OZ,2,4.66
3430034260,233,44,4404,107105272,3829,2013-01-24,10.5,OZ,1,2.5
3430034260,233,4,407,103400030,18947,2013-01-25,16,OZ,1,2.49
3430034260,233,33,3350,102620020,16611,2013-01-26,4.2,OZ,1,4.23
3430034260,233,10,1004,105833656,25702,2013-01-26,2.7,OZ,1,2.19
3430034260,233,36,3632,106150060,19327,2013-01-28,144,OZ,1,3.29
3430034260,233,36,3618,104900040,23359,2013-01-30,20,OZ,1,1.69
3430034260,233,79,7901,10912898,45751,2013-01-31,1,CT,1,9.95
3430034260,233,27,2713,101780010,95301,2013-02-03,13,OZ,4,5.96
3430034260,233,26,2629,104116343,32775,2013-02-06,18,CT,3,4.47
3430034260,233,9,907,104127040,8723,2013-02-06,12,OZ,3,4.47
3430034260,233,25,2506,105000050,32115,2013-02-08,16,OZ,6,11.87
3430034260,233,23,2301,107680878,1393,2013-02-08,16,OZ,1,1.89
3430034260,233,5,502,103800030,9543,2013-02-09,8,OZ,1,1.99
3430034260,233,58,5807,107778272,9260,2013-02-09,32,OZ,1,9.39
3430034260,233,9,907,107130272,17614,2013-02-10,12,OZ,2,3.38
3430034260,233,97,9753,107143070,0,2013-02-11,1,CT,5,18.55
3430034260,233,19,1908,104113040,28204,2013-02-11,18,OZ,1,2.75
3430034260,233,51,5130,107218070,15035,2013-02-12,11.6,OZ,1,3.89
3430034260,233,29,2920,102970020,8711,2013-02-12,4,OZ,2,2.98
3430034260,233,51,5117,107465373,9039,2013-02-13,17.5,OZ,2,8.18
3430034260,233,81,8101,102720020,13461,2013-02-14,1,CT,7,37.03
3430034260,233,21,2117,1089019181,68614,2013-02-14,10,OZ,1,0.79
3430034260,233,12,1205,104800040,38150,2013-02-15,5,OZ,8,6.32
3430034260,233,44,4409,107002272,15242,2013-02-16,19,OZ,4,14
3430034260,233,26,2619,101258717,7245,2013-02-18,40,CT,1,8.75
3430034260,233,26,2619,104130343,38922,2013-02-19,25,CT,1,7.47
3430034260,233,58,5807,107778272,9260,2013-02-19,12,OZ,1,4.29
3430034260,233,6,610,107084777,11910,2013-02-19,16,OZ,1,1.99
3430034260,233,18,1802,104613545,17898,2013-02-20,4,CT,4,5.24
3430034260,233,56,5617,107103070,86269,2013-02-20,8,OZ,1,0.99
3430034260,233,23,2301,104130343,38922,2013-02-21,12,OZ,1,1.85
3430034260,233,59,5905,103450030,10165,2013-02-24,16,OZ,1,2.15
3430034260,233,33,3303,102840020,15598,2013-02-24,9,OZ,1,4.29
3430034260,233,21,2106,107535575,13044,2013-02-26,64,OZ,1,2.59
3430034260,233,19,1905,105150050,16728,2013-02-27,32,OZ,1,3.69
3430034260,233,33,3303,107110474,101252,2013-02-27,10,OZ,2,6
3430034260,233,4,410,107920070,20031,2013-02-28,12,OZ,1,2.99
3430034260,233,9,908,102430020,10577,2013-02-28,8.27,OZ,1,2.59
3430034260,233,23,2301,101510010,4255,2013-03-01,16,OZ,2,4.1
3430034260,233,36,3601,104900040,3809,2013-03-02,42.2,OZ,1,0.99
3430034260,233,41,4108,102300020,2420,2013-03-03,40,OZ,2,6.18
3430034260,233,9,922,107225070,2011,2013-03-03,12,OZ,1,2.59
3430034260,233,9,902,103010030,47346,2013-03-05,16,OZ,2,6
3430034260,233,79,7901,10912898,25836,2013-03-05,1,CT,1,2.49
3430034260,233,37,3711,105100050,2820,2013-03-06,15.25,OZ,3,8.67
3430034260,233,41,4108,103940030,71386,2013-03-06,16,OZ,11,13.49
3430034260,233,9,907,107343575,9705,2013-03-07,12,OZ,1,2.79
3430034260,233,99,9909,107143070,5072,2013-03-08,8,OZ,2,3.98
3430034260,233,36,3629,101200010,23360,2013-03-08,144,OZ,1,4.99
3430034260,233,41,4121,102400020,3988,2013-03-09,15,OZ,2,2.66
3430034260,233,56,5609,104127040,8723,2013-03-09,24,OZ,1,3.49
3430034260,233,23,2301,107680878,1393,2013-03-10,12,OZ,1,1.25
3430034260,233,36,3635,104150848,27294,2013-03-10,50.7,OZ,1,5.99
3430034260,233,31,3108,105210050,11382,2013-03-11,3.87,OZ,1,3.09
3430034260,233,21,2119,101200010,10522,2013-03-11,128,OZ,3,11.97
3430034260,233,58,5814,104660040,885,2013-03-11,2.9,OZ,6,6
3430034260,233,9,901,104400040,13243,2013-03-15,19.1,OZ,2,8.98
3430034260,233,58,5836,107229070,18158,2013-03-15,10,OZ,1,4.15
3430034260,233,33,3310,102840020,3387,2013-03-18,6,OZ,1,2
3430034260,233,33,3303,102840020,10241,2013-03-21,1.13,OZ,1,0.5
3430034260,233,33,3302,102700020,57417,2013-03-21,17.4,OZ,1,4.49
3430034260,233,9,911,103010030,9530,2013-03-24,4,OZ,1,2.99
3430034260,233,33,3318,102840020,15441,2013-03-25,10,OZ,2,6.58
3430034260,233,99,9901,107457474,25426,2013-03-26,2,OZ,1,0.59
3430034260,233,26,2634,103700030,3293,2013-03-26,12,RL,2,19.72
3430034260,233,30,3001,102100020,11761,2013-03-30,30,OZ,1,2.99
3430034260,233,9,970,104127040,8723,2013-03-30,11,OZ,1,2.39
3430034260,233,56,5620,104610040,15889,2013-04-04,8,OZ,2,8.74
3430034260,233,57,5705,107047070,20230,2013-04-07,48,OZ,1,6.39
3430034260,233,21,2111,102800020,56490,2013-04-07,64,OZ,1,4.05
3430034260,233,5,501,101600010,3396,2013-04-11,12.8,OZ,1,3.79
3430034260,233,9,922,102430020,10577,2013-04-11,13,OZ,3,5.57
3430034260,233,44,4404,104130343,38922,2013-04-12,8,OZ,1,2.79
3430034260,233,33,3307,104127040,8723,2013-04-12,9,OZ,1,3.99
3430034260,233,41,4108,104127040,8723,2013-04-13,15,OZ,8,8.71
3430034260,233,18,1835,104460040,9709,2013-04-13,16.6,LB,3,34.65
3430034260,233,58,5813,107187171,13310,2013-04-14,16,OZ,2,5.68
3430034260,233,58,5836,107590070,2073,2013-04-15,12,OZ,1,4.39
3430034260,233,51,5123,101380010,27474,2013-04-15,57,OZ,1,9.99
3430034260,233,99,9909,107143070,5072,2013-04-17,8,OZ,1,1.99
3430034260,233,28,2806,105410050,19509,2013-04-17,16,OZ,1,2.99
3430034260,233,8,810,105210050,11382,2013-04-17,1.25,OZ,1,1.67
3430034260,233,63,6314,107273070,14377,2013-04-18,16,OZ,1,1.5
3430034260,233,75,7515,104116747,4117,2013-04-18,1,OZ,1,5.89
3430034260,233,58,5824,107778272,9260,2013-04-19,12,OZ,1,3.29
3430034260,233,9,912,101410010,13791,2013-04-21,17,OZ,2,8.58
3430034260,233,23,2301,107067070,4624,2013-04-21,16,OZ,1,4.79
3430034260,233,51,5125,105010050,8089,2013-04-22,10.2,OZ,1,3.95
3430034260,233,45,4516,107590171,6195,2013-04-27,20,OZ,1,4.79
3430034260,233,49,4903,1083418383,385,2013-04-28,15,OZ,1,3.99
3430034260,233,9,922,102430020,10577,2013-04-28,16.2,OZ,3,4.5
3430034260,233,17,1703,101980010,19934,2013-04-29,26,OZ,2,7.38
3430034260,233,59,5902,104127040,8723,2013-05-01,16,OZ,3,8.67
3430034260,233,4,419,103746636,10488,2013-05-01,5.1,OZ,1,4.53
3430034260,233,29,2914,102100020,9886,2013-05-04,14,OZ,1,3.39
3430034260,233,58,5810,103907333,54684,2013-05-04,16,OZ,2,5.95
3430034260,233,16,1601,102200020,9347,2013-05-04,5,CT,1,0.35
3430034260,233,9,917,107885878,57184,2013-05-06,13,OZ,2,9.38
3430034260,233,67,6705,104852646,43139,2013-05-09,1,CT,1,3.59
3430034260,233,36,3630,104900040,3809,2013-05-10,67.6,OZ,2,3.78
3430135864,224,58,5823,104470040,13310,2012-05-08,9,OZ,1,2.48
3430234473,205,36,3618,104900040,23359,2013-06-21,42.2,OZ,4,4
3430433663,224,79,7903,109256797,13776,2012-04-22,1,CT,1,3.99
3430433663,224,29,2907,104600040,13023,2012-08-25,11.4,OZ,1,2.79
3430433663,224,9,901,104400040,13243,2012-09-01,15.25,OZ,1,3
3430433663,224,33,3318,104113040,28204,2012-09-06,10,OZ,1,1.5
3430433663,224,4,418,103400030,15113,2012-10-25,7.2,OZ,2,7
3430433663,224,10,1011,104427646,10134,2012-11-02,48,OZ,1,5.49
3430433663,224,81,8101,102820020,9949,2013-03-21,1,CT,3,14.22
3430433663,224,63,6319,102073525,18893,2013-05-06,64,OZ,1,1.69
3430434045,306,63,6315,104148343,9547,2013-01-04,64,OZ,2,4.58
3430434045,306,63,6315,104148343,9547,2013-03-13,64,OZ,1,2.29
3430435400,224,5,501,104240040,40317,2012-03-19,18,OZ,1,2.79
3430435400,224,45,4515,107515676,21856,2012-07-14,12,OZ,3,16.44
3430435400,224,69,6901,103700030,16139,2012-08-17,2.6,OZ,1,3.49
3430435400,224,5,501,101600010,4009,2012-08-22,11.25,OZ,1,2.5
3430435400,224,17,1712,107440575,17149,2012-09-28,14,OZ,1,4.19
3430435400,224,30,3010,101598414,22433,2012-09-30,16,OZ,1,1.69
3430435400,224,5,501,101600010,3331,2012-10-21,18,OZ,1,4.89
3430435400,224,7,707,104300040,11339,2012-12-17,30.6,OZ,1,8.49
3430538097,10,21,2119,107618373,16756,2012-04-25,16,OZ,2,2
3430538097,10,5,501,103000030,99506,2012-09-19,14.5,OZ,1,3.89
3430733582,224,0,0,10000,0,2012-05-11,0,,2,2
3430733582,224,27,2713,101780010,31044,2013-04-14,3,OZ,10,6
3430833692,241,25,2509,107042474,16706,2012-03-08,32,OZ,1,2.99
3430833692,241,99,9904,1078035373,53977,2013-02-10,16,OZ,2,9.98
3430834014,224,26,2629,104116343,8435,2012-04-07,500,CT,1,3.99
3431036193,233,45,4511,107590171,6195,2013-05-29,20,OZ,1,2.98
3431135651,205,45,4508,101116212,12131,2012-03-10,24.6,OZ,1,3.24
3431135651,205,23,2310,104164646,3173,2012-03-20,13,OZ,2,5
3431135651,205,37,3703,105100050,2820,2012-05-08,10.5,OZ,1,1.57
3431135651,205,9,922,102430020,10577,2012-06-08,16.2,OZ,1,1.79
3431135651,205,58,5824,107091979,7981,2012-07-08,16,OZ,1,3.5
3431135651,205,31,3108,105210050,11382,2012-07-20,7.5,OZ,2,2.34
3431135651,205,55,5552,102073525,18893,2012-08-17,48,OZ,1,2.5
3431135651,205,57,5710,1068954464,6086,2012-08-23,5.3,OZ,2,2
3431135651,205,63,6320,1075103676,60313,2012-08-23,18,CT,4,6
3431135651,205,6,606,105000050,3001,2012-09-03,12.6,OZ,1,4.87
3431135651,205,5,501,104130343,38922,2012-09-11,17,OZ,1,2.43
3431135651,205,33,3303,104126242,19971,2012-11-05,7,OZ,1,2
3431135651,205,36,3638,101200010,803,2013-03-07,101.4,OZ,1,3
3431334867,224,37,3703,105100050,2820,2012-03-18,10.75,OZ,2,2
3431334867,224,56,5609,107253070,13753,2012-11-11,16,OZ,1,2.59
3431435197,224,9,901,104130343,38922,2012-09-19,16,OZ,1,1.99
3431435197,224,58,5824,107091979,54973,2012-12-16,24,OZ,1,4.98
3431435197,224,9,902,102410020,44209,2013-03-29,13.7,OZ,2,5
3431435197,224,4,418,103400030,45489,2013-03-31,11,OZ,1,3.5
3431438623,306,9,902,104400040,44236,2012-07-22,12,OZ,1,3.99
3431438623,306,56,5620,104130343,38922,2012-11-29,8,OZ,1,2
3431634148,306,91,9109,1061776868,17801,2012-11-08,0.75,LT,1,10.69
3431733633,224,7,709,109955595,18871,2012-09-04,4.8,OZ,1,7.69
3431733633,224,37,3703,105100050,2820,2012-11-08,10.75,OZ,1,1.25
3431734631,306,36,3601,104900040,3809,2013-03-30,67.6,OZ,1,1.79
3431734768,306,30,3008,107110070,8280,2012-10-15,16,OZ,1,3.99
3431735520,233,91,9128,108068686,9590,2012-08-26,1.75,LT,1,13.79
3431735520,233,5,501,104130343,38922,2013-01-06,15,OZ,1,3.29
3431735520,233,29,2914,102100020,19279,2013-02-03,12,OZ,1,2.39
3431835088,224,29,2914,102100020,9886,2012-04-25,7.25,OZ,2,2
3431835088,224,56,5610,1061598464,22433,2012-05-26,8,OZ,1,2.19
3431835088,224,33,3303,107260070,8245,2012-06-10,10.5,OZ,1,2.5
3431835088,224,33,3325,107260070,8245,2012-08-11,12.25,OZ,1,4.29
3431835088,224,41,4105,107294070,18909,2012-11-23,28,OZ,1,1.39
3431835088,224,81,8101,109060090,19141,2012-12-13,1,CT,1,4.62
3431836022,241,36,3618,107800070,4944,2012-12-13,67.6,OZ,6,11.94
3431836022,241,9,901,102750020,837,2012-12-27,9.25,OZ,1,3.19
3431935093,233,23,2310,1062081161,96829,2012-12-06,15,OZ,1,2.19
3431936915,278,23,2301,107680878,1393,2012-11-20,16,OZ,3,4.5
3431936915,278,9,907,107341070,13291,2013-05-21,12,OZ,1,2.49
3431941974,278,41,4120,104130343,38922,2012-11-19,6,OZ,2,1.58
3432034071,224,7,709,107017777,18928,2012-03-07,1.27,OZ,1,6.49
3432034071,224,33,3318,107797575,27417,2012-04-18,16,OZ,1,3.29
3432034071,224,33,3310,101600010,7018,2012-04-24,8,OZ,1,2.69
3432034071,224,73,7312,107760272,13192,2012-08-07,4,CT,1,0.99
3432034071,224,19,1908,104800141,16564,2012-08-10,16.3,OZ,1,2.5
3432034071,224,26,2626,101258717,7245,2012-08-13,1,CT,1,1.39
