3023008925,31,31,3108,102114020,19950,2013-03-12,26,OZ,2,1
3023011607,31,29,2920,102970020,8711,2013-02-10,1.5,OZ,2,2.78
3023016148,31,99,9909,107143070,5072,2013-06-23,12,OZ,1,0
3023023867,31,45,4509,102114020,28428,2012-08-07,16,OZ,2,10.99
3023023867,31,36,3603,102114020,19950,2012-08-13,256,OZ,1,2.5
3023023867,31,53,5307,102114020,19950,2012-09-17,16,OZ,1,1.25
3023046308,85,63,6315,109396696,13264,2012-08-14,64,OZ,1,3.86
3023060486,21,99,9904,103338333,33170,2013-03-22,22,OZ,1,2.49
3023064734,240,99,9908,103260131,5489,2012-12-02,16,OZ,1,0.99
3023067530,104,51,5106,103100030,9626,2012-10-06,8,OZ,2,4
3023081928,101,4,418,103400030,15113,2012-04-02,5,OZ,1,3.99
3023081928,101,34,3402,107214070,12679,2013-02-08,4.4,OZ,1,4.99
3023083753,101,36,3630,104900040,23359,2013-02-17,67.6,OZ,4,5.96
3023107195,65,21,2103,101200010,10522,2012-08-04,67.6,OZ,4,6.92
3023107195,65,3,310,103582636,6564,2012-10-14,16,OZ,1,6.39
3023107195,65,31,3110,103582636,6564,2013-02-07,2.8,OZ,1,1.39
3023122167,65,41,4121,102700020,8612,2013-04-17,15,OZ,2,2.58
3023145828,65,96,9609,1050008757,88199,2012-10-12,0,,1,-5
3023145828,65,22,2210,103700030,5174,2013-03-23,13.2,OZ,1,5.27
3023145828,65,73,7302,104203747,1516,2013-03-29,50,CT,1,4.77
3023167887,165,27,2704,107910070,30096,2012-07-06,24,OZ,1,3.99
3023167887,165,9,922,101600010,6283,2012-11-18,10.6,OZ,1,6.35
3023167887,165,29,2928,105480050,19039,2013-04-20,6.2,OZ,2,4.98
3023169232,26,55,5559,101111010,9907,2012-06-06,39.6,OZ,1,2.79
3023169232,26,43,4302,107027272,15085,2012-08-21,13,OZ,2,8.58
3023172288,143,82,8201,101111010,9907,2012-06-23,1,CT,1,5.19
3023172288,143,33,3303,102840020,15598,2012-09-05,8.5,OZ,1,2.99
3023178395,126,72,7209,103700030,26880,2012-03-25,43.7,YD,1,3.79
3023178395,126,4,427,102200020,506,2012-11-11,1.76,OZ,2,3.98
3023181280,211,37,3703,105100050,2820,2012-06-13,10.75,OZ,2,2.98
3023181280,211,39,3903,1076172070,9488,2012-07-18,32,OZ,1,4.99
3023181280,211,58,5814,104470040,10837,2012-08-12,4.4,OZ,2,2
3023181280,211,56,5614,101111010,9907,2012-09-12,12,OZ,1,4.19
3023182494,89,96,9632,107675070,11386,2012-11-29,1,CT,1,40
3023183127,126,18,1813,107535373,11071,2012-05-06,1,RL,1,2.19
3023183127,126,26,2613,103700030,13481,2012-05-10,26,CT,1,9.95
3023183127,126,35,3506,103700030,3068,2012-09-09,12.7,OZ,1,3.87
3023183127,126,56,5617,101111010,9907,2013-04-20,10.66,OZ,1,0.99
3023183127,126,58,5833,101111010,9907,2013-05-05,48,OZ,1,9.54
3023183312,151,95,9518,1072047373,7848,2013-05-09,1,CT,1,2.99
3023183862,89,9,907,101410010,13791,2012-05-05,16,OZ,1,3.99
3023183862,89,14,1404,1089000080,11289,2012-12-02,12.8,OZ,1,2.79
3023183862,89,96,9609,1052113151,88199,2013-04-21,0,,1,-1
3023196451,12,35,3504,103500030,330,2012-03-30,34,OZ,1,1.99
3023196451,12,23,2301,107680878,1393,2012-07-30,16,OZ,1,1
3023199544,63,30,3008,102100020,9886,2013-03-31,16,OZ,1,2.49
3023199544,63,5,501,103800030,14900,2013-05-05,23.5,OZ,1,3
3023216875,191,96,9632,107675070,1188,2012-09-05,1,CT,1,25
3023216875,191,5,516,101600010,12426,2012-12-30,7.4,OZ,1,3.19
3023217528,23,99,9904,1071575676,5278,2013-04-18,16,OZ,1,2
3023233640,96,33,3305,102840020,18584,2012-03-23,10,OZ,1,3.99
3023234259,96,49,4902,101380010,27474,2012-12-22,10,OZ,1,2.66
3023235334,96,33,3315,102840020,15441,2012-03-25,7,OZ,1,3.29
3023235960,96,5,501,103800030,14900,2012-10-05,24.8,OZ,1,5.39
3023254751,214,29,2930,106414464,3342,2012-08-19,7.5,OZ,2,1.72
3023254751,214,4,416,104000040,26517,2012-11-15,2.83,OZ,1,1.29
3023263883,214,27,2707,101780010,95301,2012-07-20,7,LB,1,10.78
3023267268,214,71,7107,107124979,21913,2013-06-01,1,CT,1,6.96
3023267363,214,99,9904,103338333,33170,2012-07-20,32,OZ,1,1.97
3023267363,214,45,4514,104122040,20514,2012-08-12,64,OZ,1,9.96
3023345462,46,92,9212,104155444,11347,2012-05-13,0.04,OZ,1,5.59
3023368734,14,63,6305,102500020,16489,2012-08-23,89,OZ,1,6.49
3023664839,42,41,4107,102400020,4704,2012-03-11,8.5,OZ,1,0.89
3023664839,42,1,104,101500010,7142,2012-12-26,32,OZ,1,2.39
3023664908,42,37,3707,105100050,17812,2012-03-23,14.5,OZ,2,2.18
3023664908,42,49,4902,107271474,11375,2013-04-07,20,OZ,1,3.19
3023765280,403,92,9204,107417070,15743,2013-05-25,0.31,OZ,2,4.74
3024066989,507,97,9753,1049083141,0,2013-05-16,1,CT,7,9.39
3024079066,507,17,1701,1067811262,3912,2013-03-14,25.2,OZ,1,0.92
3024079066,507,26,2632,103700030,13481,2013-05-03,192,CT,1,6.81
3024085320,508,36,3601,104900040,3809,2012-05-19,144,OZ,1,3.49
3024085320,508,4,427,103400030,8682,2012-05-19,3,OZ,1,3.14
3024085320,508,16,1604,102200020,20100,2012-09-30,45,CT,2,5.24
3024085320,508,35,3508,103700030,18371,2013-01-02,100,OZ,1,12.51
3024085402,508,30,3002,102100020,11761,2013-03-25,22,OZ,1,3.64
3024128527,508,95,9518,106700868,2988,2012-08-05,1,CT,1,4.19
3024128527,508,51,5132,103620030,52004,2013-04-07,12,OZ,1,4.08
3024131785,508,63,6320,108523989,11176,2013-01-12,12,CT,1,1.59
3024131947,508,63,6309,101405414,12973,2012-12-15,12,OZ,1,1.99
3024153973,508,35,3506,103700030,3068,2012-05-29,75,OZ,1,5.99
3024153973,508,31,3101,105210050,11382,2012-12-20,3.46,OZ,1,3.59
3024153973,508,97,9753,1021222222,0,2013-02-07,1,CT,1,6.26
3024248302,31,33,3307,104157040,2017,2012-03-23,6,OZ,1,3.59
3024248302,31,4,419,1074759979,7168,2012-06-28,3.5,OZ,1,2.49
3024281250,40,64,6401,101820010,8614,2013-05-22,64,OZ,1,2.99
3024304416,21,23,2310,107623979,11065,2012-04-22,12,OZ,4,5.96
3024304416,21,3,311,105150050,14029,2012-06-10,16,OZ,1,1.99
3024304416,21,33,3303,104119040,16347,2012-10-03,8,OZ,2,2.78
3024304416,21,35,3509,1088596787,330,2013-02-24,50,OZ,1,2.99
3024305169,21,18,1890,107830070,14142,2012-08-22,30,CT,2,9.98
3024305431,21,97,9753,1020990525,0,2012-07-31,1,CT,1,2.89
3024305431,21,9,907,107519979,2771,2012-10-09,13,OZ,1,3.49
3024305431,21,3,310,1079042979,22943,2013-04-17,8,OZ,1,3.99
3024305431,21,5,501,101600010,6283,2013-04-30,11.75,OZ,1,4.29
3024307612,240,9,901,104400040,3453,2012-08-20,13.72,OZ,1,2.99
3024326021,101,3,311,1064420969,5345,2013-01-12,16,OZ,1,1.79
3024326452,101,4,412,101070010,9275,2012-07-06,13,OZ,1,2.5
3024326452,101,4,418,103400030,8247,2012-10-31,39.9,OZ,1,11.99
3024326452,101,9,917,104335444,25412,2013-06-28,12,OZ,3,5
3024331924,77,4,418,103400030,8247,2012-03-15,10,OZ,1,3
3024331924,77,29,2905,101600010,1756,2012-05-16,6.5,OZ,2,2.58
3024331924,77,26,2628,103680030,3679,2012-11-08,1,RL,1,0.79
3024331924,77,59,5902,103450030,10165,2013-03-14,6,OZ,2,5
3024347722,70,28,2806,10930090,12157,2012-06-15,16,OZ,1,1.5
3024347722,70,25,2503,1072543979,40679,2013-01-22,16,OZ,1,2.27
3024386214,68,56,5615,103582636,6564,2013-04-16,12,OZ,1,3.19
3024386625,68,34,3411,107940070,17521,2012-05-20,18,OZ,2,4.98
3024408730,126,49,4901,101111010,9907,2012-07-04,32,OZ,1,1.28
3024408730,126,34,3405,104184040,20187,2012-09-10,4.25,OZ,1,1.39
3024408730,126,0,0,10000,0,2013-05-05,0,,1,0
3024415021,89,10,1013,103890030,5072,2012-03-31,16,OZ,2,5.1
3024419515,98,33,3313,102840020,6777,2012-06-22,9,OZ,1,1.99
3024419515,98,29,2902,101490010,19995,2012-11-15,15,OZ,2,2.96
3024423931,151,9,922,102430020,10577,2012-12-04,10.5,OZ,1,1.5
3024423931,151,26,2633,101111010,9907,2012-12-17,12,RL,1,4.99
3024423931,151,58,5814,102781525,885,2013-03-07,3.1,OZ,1,1
3024423931,151,58,5812,101590010,1366,2013-03-07,16,OZ,3,3
3024423931,151,31,3101,101111010,9907,2013-03-18,1.75,OZ,1,0.9
3024429747,12,36,3632,107800070,4354,2013-03-30,144,OZ,1,2.5
3024430023,12,99,9908,101111010,20588,2012-07-06,8,OZ,1,2.99
3024430023,12,33,3303,101111010,9907,2012-08-30,20,OZ,1,3.29
3024430023,12,33,3318,101111010,9907,2013-02-15,15,OZ,1,1.69
3024430023,12,4,416,104000040,18946,2013-03-07,1.79,OZ,1,0.5
3024431320,12,29,2927,107225171,12502,2012-11-26,5.8,OZ,2,4.98
3024431320,12,23,2301,103340030,15474,2012-11-26,12,OZ,2,3.98
3024445110,191,19,1905,101111010,6678,2012-07-03,18,OZ,1,1.97
3024445110,191,5,520,101111010,6678,2012-07-29,42,OZ,1,3.29
3024462145,96,41,4108,103003434,7175,2012-03-22,15,OZ,1,1.09
3024462145,96,36,3611,103003434,7175,2012-06-10,96,OZ,1,2.25
3024462145,96,9,907,107632373,13281,2012-11-14,24,OZ,1,2.89
3024462145,96,26,2632,103700030,13481,2013-06-03,72,CT,1,2.49
3024489371,214,55,5556,104154848,5603,2012-05-01,48,OZ,1,3.88
3024489371,214,58,5831,1064220565,23259,2013-01-14,16,OZ,1,2.97
3024549529,46,63,6315,104125040,11473,2012-10-04,128,OZ,1,2.5
3024549529,46,43,4302,1071373373,11473,2012-12-14,13,OZ,1,2.79
3024549684,46,9,970,103800030,62065,2012-03-14,22,OZ,1,2.5
3024549684,46,29,2903,106414464,3342,2012-12-04,15,OZ,2,2
3024561486,46,5,501,103800030,24525,2012-04-09,15.3,OZ,1,3.59
3024578166,3,33,3301,102840020,16680,2012-09-24,10.5,OZ,1,3.99
3024578166,3,63,6320,1071514171,25530,2012-10-08,12,CT,1,2.99
3024583172,88,64,6409,108143484,22447,2012-09-21,0.75,LT,1,4.99
3024583172,88,21,2112,103120030,12957,2013-02-20,64,OZ,1,3.79
3024599625,18,73,7304,101650010,25043,2012-05-11,20,CT,1,7.29
3024599625,18,63,6315,1089427989,31261,2012-09-06,128,OZ,1,4.99
3025091594,109,9,902,101410010,45039,2013-01-04,6.6,OZ,1,1.99
3025092246,109,8,810,102150020,10238,2013-02-01,0.9,OZ,1,1.19
3025167643,507,97,9753,1089326585,0,2012-08-14,1,CT,1,2.61
3025167643,507,97,9753,1049217040,0,2012-09-26,1,CT,1,34.64
3025167643,507,99,9904,1071575676,5278,2013-03-02,1,CT,1,3.98
3025168656,507,26,2617,101090010,15232,2012-11-16,1,CT,1,5.64
3025262685,508,4,417,101070010,19846,2013-03-18,5,OZ,1,1.05
3025390625,31,9,902,102188222,10064,2012-09-18,12,OZ,1,1.88
3025394377,31,99,9909,107143070,5072,2012-09-13,9,OZ,2,3
3025444142,21,39,3903,103000030,1058,2012-12-07,24,OZ,1,2.99
3025456440,104,56,5617,105300050,2199,2012-03-24,12,OZ,2,5.29
3025456440,104,56,5609,104190040,4664,2012-06-29,16,OZ,1,2.99
3025464357,101,36,3625,104900040,23359,2012-12-21,144,OZ,1,5.29
3025464357,101,33,3307,1068826767,81691,2013-02-17,9,OZ,1,7.99
3025464389,101,57,5707,103663232,4568,2012-10-07,18.6,OZ,2,5.18
3025485225,68,9,907,103582636,6564,2012-05-09,24,OZ,1,1.64
3025485225,68,26,2628,1072543979,40679,2013-04-02,1,RL,2,1.98
3025526337,71,41,4107,1072543979,40679,2013-06-12,15.25,OZ,1,0.48
3025531982,373,63,6321,104082242,15667,2012-12-15,10,OZ,1,2.99
3025532653,165,97,9781,10000,8255,2012-03-07,1,CT,1,-1.05
3025540306,133,14,1416,101111010,9907,2013-01-21,29,OZ,1,1.79
3025540556,133,36,3611,101111010,9907,2012-09-24,405.6,OZ,1,2.99
3025546161,211,27,2704,1060422565,5000,2012-12-14,24,OZ,1,15.99
3025548027,151,25,2506,105000050,32115,2012-12-30,32,OZ,1,3.79
3025556691,58,9,901,103010030,15828,2012-09-04,13,OZ,1,1.89
3025556691,58,4,418,102800020,2631,2012-09-16,12.5,OZ,1,2.5
3025556691,58,56,5607,102100020,13967,2012-09-19,8,OZ,2,2.58
3025556691,58,8,838,107182878,8813,2012-11-11,9.5,OZ,1,2.99
3025557651,58,56,5617,102100020,9886,2012-05-01,12,OZ,2,5.98
3025558004,58,22,2205,102460020,11990,2012-06-20,40,LB,0,0
3025558004,58,51,5131,101111010,85048,2013-02-14,14.55,OZ,1,5.49
3025558004,58,11,1112,101111010,85048,2013-03-23,16,OZ,1,3.99
3025563290,140,33,3316,102410020,44209,2012-04-27,10.5,OZ,1,2.49
3025563290,140,27,2709,105849656,18139,2012-05-01,3,OZ,2,3.3
3025569000,140,0,0,10000,0,2012-06-13,0,,2,0
3025569000,140,28,2804,104150141,13296,2012-09-09,4,OZ,1,1.39
3025569000,140,63,6315,101111010,16706,2012-10-16,128,OZ,1,3.19
3025569000,140,36,3636,104300040,29501,2012-11-30,192,OZ,1,3.99
3025569000,140,5,516,103000030,14760,2013-01-30,6.7,OZ,2,4.78
3025578795,191,51,5116,107192171,25673,2013-04-24,26.4,OZ,1,6.99
3025583562,215,58,5823,104450040,8318,2013-04-13,9,OZ,1,2.99
3025595278,96,9,970,103800030,62065,2012-09-28,14,OZ,1,2
3025600187,214,63,6318,101800010,14029,2013-01-01,11,OZ,1,1.78
3025600187,214,9,901,104400040,12661,2013-03-02,11,OZ,1,3.18
3025615714,214,32,3202,101200515,71182,2012-11-20,33.8,OZ,1,2.5
3025623315,214,9,907,104122040,20514,2012-05-13,24,OZ,1,0.88
3025638462,214,69,6901,103320030,875,2012-06-03,2.5,OZ,1,1.98
3025638462,214,63,6305,102500020,16489,2012-11-24,59,OZ,1,3
3025658293,206,97,9753,1020101222,0,2013-02-14,1,CT,1,28.15
3025658760,206,6,605,1079108373,5499,2012-08-05,44,OZ,1,7.48
3025669309,46,29,2906,104430040,9977,2012-10-18,5,OZ,2,2.68
3025691412,46,31,3101,1071373373,11473,2012-06-20,1.76,OZ,1,3.39
3025699527,46,58,5837,104125040,11473,2012-07-30,2.3,OZ,1,2.69
3025699527,46,36,3628,101200010,12029,2012-11-04,67.6,OZ,1,1.33
3026037707,42,11,1112,102898929,26666,2012-05-13,10,OZ,1,3.99
3026306810,507,97,9753,1049036040,0,2012-12-06,1,CT,1,4.17
3026306810,507,69,6901,103700030,16139,2013-04-09,2.7,OZ,1,4.5
3026371388,507,8,814,103760030,25412,2012-06-03,16,OZ,1,2.09
3026371388,507,63,6305,102500020,16489,2012-08-29,59,OZ,1,3.15
3026433444,508,21,2105,105200050,7054,2012-06-09,4,OZ,1,1.29
3026434944,508,56,5617,107592575,4368,2012-08-06,16,OZ,1,3.93
3026448447,510,5,516,101600010,12426,2012-04-07,7.4,OZ,1,2.82
3026448447,510,51,5116,107192171,25673,2012-04-27,32.7,OZ,1,5.24
3026448447,510,57,5709,107146474,2142,2012-06-09,15.2,OZ,2,5.86
3026448447,510,51,5116,108523989,11176,2012-12-23,28.2,OZ,1,4.6
3026482550,510,35,3508,103700030,18371,2012-04-24,100,OZ,2,25.18
3026482550,510,97,9763,1078609676,17073,2012-08-10,1,CT,1,15.74
3026587567,31,36,3635,107336070,9985,2012-09-16,144,OZ,1,3.5
3026587567,31,21,2105,105200050,7054,2013-01-15,64,OZ,2,5.38
3026587567,31,18,1850,102120020,16044,2013-01-15,3,CT,1,3.29
3026598520,31,79,7902,107778575,45854,2012-09-23,0,,1,2
3026602443,31,63,6320,102114020,19950,2012-09-01,18,CT,1,3.69
3026602443,31,99,9908,103338333,33170,2013-01-20,16,OZ,1,2.19
3026602443,31,36,3611,107343070,20325,2013-03-04,96,OZ,1,2.99
3026603809,31,42,4220,107566979,8671,2012-05-23,12,OZ,1,1.19
3026732148,165,64,6401,102210020,13410,2012-07-09,216,OZ,1,9.99
3026732148,165,36,3635,107203676,7953,2013-06-09,33.8,OZ,1,0.67
3026732815,165,8,811,103620030,1698,2012-08-05,15,OZ,1,-1.4
3026733219,165,23,2301,107680878,1393,2012-04-20,16,OZ,2,3.5
3026733219,165,97,9753,1020431828,0,2012-06-01,1,CT,1,5.51
3026733219,165,35,3506,103700030,3068,2012-09-09,75,OZ,1,5.89
3026736925,26,21,2119,108390080,12546,2012-09-30,67.6,OZ,2,3
3026739799,133,51,5133,107100777,5656,2012-07-09,24,OZ,1,5.55
3026742668,151,29,2903,106414464,3342,2012-03-30,15,OZ,5,5
3026742668,151,27,2704,101111010,13891,2013-05-28,80,OZ,1,4.99
3026744228,58,8,803,101111010,9907,2012-05-30,14,OZ,1,0.99
3026744228,58,36,3631,107800070,23209,2012-10-12,144,OZ,1,4.34
3026745201,151,14,1411,103890030,5072,2012-11-18,20,OZ,2,2
3026745201,151,10,1004,104300040,26232,2012-12-29,5.1,OZ,1,1.29
3026745693,151,4,411,104142040,1934,2012-06-10,4.5,OZ,1,1
3026748732,126,7,707,104300040,11339,2012-08-22,5.3,OZ,1,5.39
3026748732,126,4,427,103400030,8682,2012-10-28,1.5,OZ,2,3
3026752320,133,43,4302,101111010,9907,2013-05-28,6.5,OZ,2,3
3026755010,126,21,2105,104900040,14357,2012-07-05,32,OZ,10,10
3026755010,126,14,1404,101111010,9907,2013-01-30,24,OZ,1,1.57
3026757139,431,33,3307,101111010,9907,2013-01-21,8,OZ,1,3.49
3026757139,431,19,1908,104530040,13915,2013-02-13,16.3,OZ,1,2.99
3026767714,140,26,2628,103040030,17034,2012-09-25,6,RL,1,6.99
3026795870,96,36,3636,104300040,26420,2012-08-02,202.8,OZ,1,2.5
3026795870,96,97,9771,1070722676,33296,2012-08-29,1,CT,1,2.49
3026795870,96,57,5704,107047070,20230,2013-04-02,6,OZ,7,4.55
3026795870,96,5,501,1088491282,13689,2013-04-02,11,OZ,2,3
3026796110,96,9,907,103003434,7175,2012-10-15,14,OZ,1,1.99
3026796110,96,97,9753,1023790323,0,2012-12-03,1,CT,1,2.99
3026796577,96,19,1908,105150050,9189,2012-04-05,12,OZ,1,3.5
3026796687,96,63,6311,102500020,16489,2013-04-07,59,OZ,1,3.99
3026797344,96,99,9908,103003434,28496,2012-03-16,16,OZ,1,1.69
3026797344,96,9,901,103010030,9530,2012-03-30,12,OZ,1,3.39
3026797344,96,4,416,103400030,20231,2012-07-13,1.4,OZ,1,1
3026797344,96,36,3618,104900040,23359,2012-08-01,96,OZ,1,4.49
3026846483,214,63,6305,102500020,11749,2013-05-17,59,OZ,1,2.98
3026847729,214,33,3318,107797575,27417,2013-03-27,12,OZ,1,2.28
3026875808,46,53,5305,102000020,7655,2013-02-23,8,OZ,2,1.98
3026923798,3,34,3405,101111111,5168,2013-01-23,24,OZ,1,6.49
3026923798,3,37,3703,105100050,2820,2013-02-18,10.75,OZ,1,1.25
3026923807,3,26,2634,103600030,4139,2012-06-18,4,RL,1,3.49
3026946577,18,51,5115,107218070,15035,2012-10-30,11.2,OZ,1,3.99
3026956824,360,63,6320,104173545,14456,2012-10-26,12,CT,1,2.19
3027243047,42,28,2803,10930090,12157,2012-11-20,16,OZ,1,2.69
3027243047,42,27,2712,107572676,30289,2012-12-22,1,CT,1,1
3027475581,377,33,3319,102840020,10241,2013-03-25,9,OZ,1,3.99
3027574712,508,69,6901,104740040,7196,2013-05-16,2.6,OZ,1,3.99
3027586315,507,26,2622,102570020,20361,2013-04-06,100,CT,1,2.99
3027604539,508,92,9210,1060933262,32336,2013-02-16,0.11,OZ,1,1
3027655059,508,97,9753,103993838,0,2012-05-17,1,CT,2,4
3027760408,31,8,811,104112949,3635,2012-12-28,15,OZ,1,2.99
3027763442,31,41,4107,102000020,7655,2013-06-09,14.75,OZ,1,1.39
3027784075,31,57,5704,107047070,20230,2012-10-11,6,OZ,8,6
3027789108,31,35,3509,103320030,875,2012-05-02,50,OZ,1,4.99
3027842057,101,57,5707,103663232,4568,2013-04-19,18.6,OZ,1,2.59
3027846768,77,63,6312,1087039787,59294,2012-08-07,64,OZ,1,4.99
3027846768,77,57,5710,103000030,12172,2012-12-15,5.3,OZ,1,1
3027846768,77,36,3611,107572070,14196,2013-01-11,101.4,OZ,3,3.58
3027862292,70,33,3305,103582636,6564,2012-04-09,12.5,OZ,1,2.69
3027862292,70,9,917,1072543979,40679,2012-07-03,17,OZ,1,1.17
3027862292,70,29,2928,104100040,9814,2012-07-03,5.3,OZ,1,1.25
3027862292,70,7,702,104300040,11339,2013-01-28,12,OZ,1,8.49
3027862292,70,41,4107,1072543979,40679,2013-02-21,14.5,OZ,2,1.34
3027872854,65,31,3101,105210050,11382,2012-08-21,1,OZ,2,6.88
3027892194,65,27,2702,101780010,30972,2013-03-19,15.5,LB,1,15.99
3027895402,64,36,3626,104900040,17186,2012-12-23,67.6,OZ,1,0.99
3027895402,64,36,3632,104900040,6137,2013-02-13,67.6,OZ,1,1.99
3027898760,64,25,2506,103582636,6564,2012-05-20,32,OZ,2,5.58
3027953720,191,33,3303,102840020,10241,2012-10-26,10,OZ,1,3
3027953739,191,0,0,10000,0,2012-10-08,0,,19,2.79
3027972273,96,71,7102,1030813737,9259,2012-03-04,28,OZ,1,7.99
3027972273,96,8,805,105160050,10267,2012-09-02,10,OZ,1,2.69
3027972380,96,9,908,107203070,5812,2012-07-22,17,OZ,1,6.49
3027986537,214,56,5617,102100020,9886,2012-06-06,16,OZ,1,2.98
3027986537,214,19,1908,104122040,20514,2012-08-06,18,OZ,1,2.45
3027986537,214,3,310,104122040,20514,2012-08-06,2.25,OZ,1,1.5
3027986537,214,37,3705,105100050,2820,2013-01-06,18.8,OZ,2,3
3028005791,214,37,3706,105010050,8089,2012-03-04,15,OZ,1,1.5
3028013073,214,0,0,10000,0,2013-03-15,0,,2,-1.5
3028028676,46,45,4511,1069511969,8839,2013-02-16,18,OZ,2,5.98
3028028887,46,56,5620,104125040,11473,2012-10-29,8,OZ,1,2.79
3028045054,46,99,9904,103338333,33170,2012-04-21,48,OZ,1,3.49
3028045054,46,99,9908,103338333,7655,2012-07-15,21.33,OZ,2,3.58
3028045054,46,3,308,1071928373,11473,2012-11-09,4,OZ,2,6.78
3028120177,360,8,814,103900030,13296,2012-06-13,16,OZ,3,8.37
3028642114,377,63,6315,1071754474,24625,2012-03-15,128,OZ,2,5.89
3028642114,377,69,6901,102220020,17067,2012-08-14,3,OZ,1,3.49
3028642114,377,9,907,107073373,2125,2012-09-19,24,OZ,1,1.98
3028644885,377,56,5615,107283070,18390,2012-06-18,16,OZ,1,5.19
3028644885,377,38,3801,101580010,2649,2012-11-12,4,LB,1,2.99
3028647639,24,5,501,105844959,12466,2013-01-24,11.5,OZ,1,3.49
3028672373,507,63,6315,108523989,11176,2012-06-11,128,OZ,1,3.27
3028672373,507,97,9753,1061329767,0,2013-02-21,1,CT,2,4.18
3028762388,508,97,9753,1049200040,0,2012-06-03,1,CT,4,6.24
3028767677,508,97,9753,1049014141,0,2012-05-18,1,CT,1,18.89
3028769802,508,97,9753,1049020141,0,2012-09-08,1,CT,1,18.89
3028773770,508,4,416,101070010,19846,2012-12-11,3.5,OZ,2,2
3028779537,508,73,7359,101650010,1500,2012-10-23,30,CT,1,15.74
3028850746,509,26,2629,104200040,19231,2012-05-24,200,CT,1,3.82
3028899031,31,54,5403,101800010,14029,2013-04-03,7.4,OZ,1,3.49
3028910141,31,8,815,102840020,17938,2013-01-23,8,OZ,1,2.19
3028910141,31,56,5620,102114020,19950,2013-06-21,8,OZ,2,3.59
3028926818,31,96,9609,1055833656,88199,2012-06-17,0,,1,-1
3028926818,31,72,7209,103680030,18533,2012-07-14,36,CT,1,-3.75
3028926818,31,5,516,101600010,6283,2012-12-02,4.1,OZ,2,5.95
3028926818,31,56,5616,104610040,15889,2013-05-27,7.5,OZ,2,5
3028945075,31,59,5907,102740020,16291,2013-05-25,45,OZ,1,2.99
3029005863,85,30,3010,104133545,43106,2012-07-21,16,OZ,1,3.49
3029009921,85,8,803,104150040,6714,2013-05-22,14,OZ,0,-1.95
3029013110,85,27,2709,107910070,14329,2012-07-14,3,OZ,2,2
3029015990,21,53,5307,104119040,16347,2012-06-10,16,OZ,3,5.97
3029016747,21,21,2119,101200010,10522,2012-03-28,128,OZ,1,3.49
3029016747,21,33,3318,107797575,27417,2012-07-27,8,OZ,1,3
3029016747,21,8,818,107050676,3860,2012-08-24,26,OZ,1,1
3029016747,21,56,5609,102100020,2321,2012-11-09,3.9,OZ,4,5
3029016747,21,26,2632,1073291373,23643,2012-11-09,64,CT,1,3.49
3029016747,21,51,5129,101450010,20864,2013-01-30,21,OZ,1,4.49
3029017841,21,95,9518,1061029060,6015,2012-03-21,1,CT,1,2.59
3029017841,21,99,9904,103338333,33170,2012-06-22,16,OZ,1,2.99
3029017841,21,27,2710,107023070,18373,2012-06-23,40,LB,1,7.49
3029017841,21,99,9908,104119040,16347,2013-01-12,48,OZ,1,2.49
3029021315,21,14,1404,1089000080,11289,2012-11-25,12.8,OZ,1,2.79
3029021315,21,9,907,107432373,1866,2013-04-05,20,OZ,1,1.99
3029024784,240,27,2710,104116343,28305,2012-11-11,14,LB,1,4.99
3029042202,240,57,5703,103663232,4568,2012-03-21,6,OZ,3,2.08
3029042202,240,95,9518,1064541666,25075,2013-02-08,1,CT,1,4.99
3029042825,100,96,9609,1057127959,88199,2013-04-19,0,,1,-0.55
3029051850,278,16,1604,101254616,18738,2012-04-06,18,CT,1,1.19
3029060452,101,49,4901,1068826767,7173,2012-07-20,32,OZ,1,2
3029060578,101,63,6320,1068826767,81691,2013-04-29,12,CT,1,1.79
3029069461,101,24,2415,103760030,8501,2012-11-14,2.5,OZ,1,1.99
3029069461,101,18,1854,107088171,2383,2012-12-07,10,CT,1,1.89
3029074774,77,33,3315,1065585262,1074,2012-06-06,9.25,OZ,1,3.99
3029074774,77,99,9909,107127979,6732,2012-12-28,5,OZ,1,2.5
3029076007,77,33,3315,102900020,14112,2012-06-16,6,OZ,1,2.29
3029092806,68,26,2630,103600030,9787,2012-05-15,184,CT,2,3.12
3029122207,69,51,5128,1071785474,11614,2012-10-08,8,OZ,2,2
3029122207,69,63,6319,107654575,17876,2013-04-30,128,OZ,1,2.5
3029122207,69,36,3611,1072543979,40679,2013-04-30,405.6,OZ,1,2.99
3029122207,69,58,5823,105190050,26456,2013-07-22,9,OZ,1,2.5
3029135978,64,37,3703,105100050,2820,2012-04-19,10.75,OZ,3,4.77
3029135978,64,9,907,101220010,11528,2012-06-29,12,OZ,1,2
3029224828,165,34,3410,107203676,7953,2013-01-04,2,OZ,1,0.99
3029224828,165,51,5131,103879434,3166,2013-05-07,10,OZ,1,0
3029226135,165,63,6320,107203676,7953,2013-03-13,18,CT,1,2.95
3029226285,165,97,9781,10000,8255,2012-04-18,1,CT,1,-1.05
3029226285,165,58,5831,107203676,7953,2012-05-12,20.8,OZ,1,5.99
3029226285,165,9,907,107225070,12465,2012-08-05,20,OZ,2,2.85
3029226285,165,30,3001,107203676,7953,2012-11-09,12,OZ,1,2.39
3029228336,26,41,4108,101111010,9907,2012-07-10,15.5,OZ,7,4.83
3029228336,26,9,905,104300040,17447,2012-11-14,6,OZ,2,2.5
3029228336,26,53,5307,101111010,9907,2013-01-23,12,OZ,2,2
3029228336,26,21,2119,108813080,18653,2013-02-27,128,OZ,1,3.29
3029228336,26,26,2634,103600030,4139,2013-06-22,20,RL,1,16.89
3029230283,143,97,9713,104153040,48318,2012-05-25,15.87,OZ,1,1
3029230283,143,41,4108,1088439585,10793,2012-08-24,15,OZ,1,0.79
3029230283,143,55,5552,101111010,9907,2012-12-09,48,OZ,1,2.5
3029230283,143,0,0,10000,0,2013-05-05,0,,2,0
3029230283,143,33,3309,1078113878,13130,2013-06-02,8.25,OZ,1,2.5
3029237927,98,58,5812,107495676,8144,2012-11-10,12,OZ,2,6.94
3029237927,98,41,4107,101111010,9907,2012-12-08,28,OZ,1,1.55
3029240991,151,36,3611,104900040,4599,2012-04-30,101.4,OZ,1,2.99
3029240991,151,10,1012,102700020,23332,2012-09-27,13,OZ,1,1
3029240991,151,29,2928,105480050,19039,2013-02-17,8.8,OZ,1,1.99
3029246644,58,96,9609,1052100050,88199,2012-05-04,0,,1,-1
3029246644,58,96,9609,1053620050,88199,2012-08-26,0,,1,-0.6
3029246644,58,99,9908,101111010,9907,2013-01-13,16,OZ,1,0
3029262260,140,75,7501,101910010,9158,2013-05-26,6,OZ,1,8.49
3029266067,12,63,6316,101111010,9907,2012-10-23,16,OZ,1,1.69
3029268387,63,41,4105,106414464,70939,2012-06-25,10,OZ,2,1.76
3029274847,26,9,907,101111010,9907,2012-04-12,19,OZ,1,1.25
3029275295,83,25,2505,104980040,15270,2012-09-29,16,OZ,1,1.49
3029275566,83,99,9908,101111010,9907,2012-06-01,80,OZ,1,2.5
3029275566,83,75,7503,103660030,3271,2013-04-19,0.15,OZ,1,1
3029275609,26,7,707,101111010,9907,2012-04-12,34.5,OZ,1,7.99
3029275609,26,27,2709,101780010,19793,2012-10-30,3,OZ,2,2.24
3029275609,26,9,901,101111010,9907,2013-04-13,15,OZ,1,2.08
3029275719,83,63,6315,101111010,9907,2012-09-06,128,OZ,1,2.49
3029276696,26,26,2622,101370010,8154,2012-08-24,17,CT,1,1.49
3029278558,143,58,5827,101111010,9907,2012-12-30,16,OZ,1,3.99
3029289646,89,10,1007,104300040,26232,2012-05-18,3,OZ,2,1.98
3029289646,89,54,5401,101111010,9907,2013-03-21,12.3,OZ,1,1.79
3029295731,126,55,5552,101111010,9907,2012-06-19,48,OZ,1,2.99
3029295731,126,31,3101,101111010,9907,2012-12-04,4,OZ,1,2.99
3029296311,431,37,3705,104119646,14582,2012-10-29,19,OZ,1,1.67
3029307049,12,36,3601,101200010,13794,2012-05-03,67.6,OZ,2,2
3029325064,191,31,3101,101111010,20588,2013-05-29,1.64,OZ,1,2.49
3029337393,215,36,3611,105224151,11799,2012-04-07,20,OZ,1,0.89
3029337393,215,33,3305,102840020,5141,2012-09-01,11.5,OZ,2,7
3029348199,166,99,9904,105410757,33170,2013-02-27,48,OZ,1,4.99
3029351519,166,58,5827,105050050,6170,2012-09-12,12,OZ,3,5.97
3029361995,96,9,907,107131979,16021,2012-03-04,20,OZ,1,2.19
3029361995,96,95,9518,1072047373,27680,2012-03-17,1,CT,2,5.5
3029361995,96,35,3506,103700030,3068,2012-04-28,75,OZ,1,7.99
3029361995,96,63,6320,103003434,7175,2012-06-02,12,CT,1,1.64
3029362426,96,0,0,10000,0,2013-02-12,0,,1,0
3029362558,96,18,1831,1073304676,59788,2012-11-21,20,CT,1,3.99
3029365894,96,26,2620,103003434,7175,2013-03-03,24,CT,1,1.29
3029391188,214,72,7203,1031254737,10554,2012-10-06,16.9,OZ,1,3.97
3029391188,214,42,4220,103000030,14760,2012-12-14,16,OZ,1,1.68
3029407306,214,31,3101,107142979,20299,2012-05-03,3.25,OZ,1,1.33
3029418181,214,8,810,104600040,13023,2013-03-03,1,OZ,2,1.56
3029420208,214,25,2506,104127141,26189,2012-05-07,32,OZ,1,2.5
3029420208,214,58,5824,104450040,8318,2013-03-19,13,OZ,2,5.96
3029426777,214,58,5812,107495676,8144,2012-06-21,12,OZ,1,3
3029426777,214,71,7106,103700030,8047,2012-07-19,23.7,OZ,1,7.17
3029440568,214,58,5828,107790070,9200,2012-04-14,9.6,OZ,1,2.98
3029441726,214,36,3611,101200010,803,2012-06-19,540.8,OZ,1,3.99
3029444399,214,18,1898,103980030,5782,2012-12-10,8,CT,1,5.97
3029478837,46,23,2301,107680878,1393,2013-01-09,12,OZ,3,3
3029478837,46,5,517,103800030,17050,2013-02-19,4.86,OZ,1,2.5
3029478837,46,34,3411,101111111,5168,2013-02-19,13.5,OZ,1,4.14
3029491032,46,99,9908,1071928373,11473,2012-05-12,6,OZ,1,1.5
3029491032,46,26,2630,103700030,14647,2012-12-01,540,CT,1,2.99
3029521710,46,18,1813,107535373,5324,2012-06-15,1,RL,1,3.39
3029524921,46,63,6332,104850040,61745,2012-03-12,59,OZ,4,10
3029524921,46,51,5126,101380010,27474,2012-06-19,9.63,OZ,1,2.5
3029524921,46,18,1829,104650040,7249,2012-12-13,1,CT,3,7.5
3029552431,46,41,4105,1070882070,11473,2012-11-21,28,OZ,2,2.78
3029600907,46,64,6401,1074052272,1620,2012-04-06,72,OZ,1,8.99
3029600907,46,97,9753,10000,0,2012-04-06,1,CT,1,1.21
3029600907,46,9,902,102410020,44209,2012-04-30,13.7,OZ,2,4.98
3029600907,46,9,901,104400040,13243,2012-04-30,15.35,OZ,1,2.98
3029616829,17,56,5615,102100020,4218,2013-03-10,8,OZ,2,3.99
3029636016,4,3,303,107116979,1756,2012-04-12,2.25,OZ,1,2.89
3029636016,4,6,610,107084777,11910,2012-05-26,16,OZ,1,2.69
3029646146,18,55,5558,104154848,5603,2012-03-11,5.8,OZ,2,2
3029646146,18,26,2630,103600030,9787,2012-05-02,75,CT,2,4.38
3030269416,233,30,3010,1075544070,24923,2013-02-19,16,OZ,1,1
3030269416,233,99,9908,103338333,33170,2013-03-05,32,OZ,1,1.79
3030281690,42,99,9909,1078970777,26870,2013-07-10,5,OZ,1,3.99
3030282346,42,53,5307,104149747,19710,2012-03-18,12,OZ,1,1.49
3030282346,42,72,7203,103700030,4294,2012-12-23,16.9,OZ,1,4.19
3030282425,42,9,907,107518575,11221,2012-03-21,15,OZ,1,3.49
3030283599,42,36,3626,104900040,17186,2012-12-12,101.4,OZ,1,3.99
3030698658,285,4,418,104000040,26517,2013-01-13,8,OZ,1,2
3030698671,285,32,3204,107546272,48702,2013-02-23,101,OZ,1,26.99
3030698930,169,63,6316,101115010,15530,2013-01-28,16,OZ,1,0.98
3030879803,377,9,917,107373171,11786,2013-02-23,33.6,OZ,1,4.99
3030890945,24,51,5126,102113121,11151,2012-10-22,10,OZ,2,5.88
3030935962,507,37,3705,105100050,2820,2013-03-24,18.7,OZ,1,1.99
3030935962,507,95,9518,1064541666,2988,2013-06-05,1,CT,1,3.99
3030987677,507,26,2628,103600030,9787,2012-04-21,60,CT,1,2.79
3030987677,507,34,3411,107940070,17521,2012-06-02,12,OZ,1,1.59
3030987677,507,9,907,108523989,11176,2013-02-03,20,OZ,1,1.12
3031049261,508,57,5705,103663232,4568,2012-03-25,24,OZ,1,1.88
3031116311,510,36,3601,101200010,13794,2013-03-19,144,OZ,2,7.68
3031130211,510,5,501,101600010,3331,2013-04-16,17,OZ,2,5.24
3031163781,507,17,1703,103700030,12071,2013-03-09,4,CT,1,3.6
3031310827,507,17,1726,101920010,10882,2012-07-03,35,CT,2,4.58
3031310827,507,34,3411,103700030,13012,2012-11-29,23.6,OZ,1,4.74
3031426543,510,36,3630,101200010,13794,2012-10-07,20,OZ,2,3.18
3031426543,510,17,1712,103320030,875,2012-12-02,32,OZ,1,4.99
3031429439,510,35,3508,103700030,18371,2012-07-06,150,OZ,1,18.91
3031547683,31,56,5615,102114020,19950,2012-12-05,8,OZ,2,6
3031552768,31,9,901,103010030,19370,2013-04-18,14.2,OZ,3,5.94
3031559447,31,36,3612,107343070,20325,2012-05-05,320,OZ,1,2.99
3031559447,31,33,3303,104126242,19971,2012-07-11,6.75,OZ,2,5
3031561548,31,26,2633,105400050,16048,2012-05-19,12,RL,1,7.49
3031592564,40,99,9901,1066062868,26492,2012-03-13,1.8,OZ,1,2.99
3031592564,40,13,1306,101330010,11211,2012-11-14,2,LB,1,1.89
3031592564,40,81,8115,104878949,4913,2013-02-04,75,CT,1,4.49
3031607192,85,26,2634,103600030,4139,2012-09-28,12,RL,1,9.49
3031607350,21,36,3618,101200010,23361,2012-05-19,67.6,OZ,1,1.35
3031607350,21,27,2710,104460040,6743,2012-09-01,14,LB,1,5.99
3031608776,21,74,7407,104740040,7196,2012-08-27,2,CT,1,8.99
3031613806,100,8,836,107321070,17274,2012-08-25,15,OZ,2,5.98
3031617214,104,99,9904,103338333,33170,2012-11-26,16,OZ,1,3.99
3031627179,8,63,6320,104116343,365,2012-05-29,12,CT,1,2.29
3031627179,8,64,6410,108200080,16696,2012-12-14,67.2,OZ,1,8.59
3031629949,8,99,9904,103307434,13420,2012-09-22,1,LB,1,1.69
3031629949,8,26,2629,104116343,8435,2012-09-22,250,CT,1,3.29
3031630413,101,96,9609,1053700050,88199,2012-03-02,0,,1,-5.99
3031630413,101,27,2705,105000050,6775,2012-10-25,5.5,OZ,4,2
3031630629,101,27,2706,105000050,6132,2012-10-26,36,OZ,1,6.99
3031630629,101,63,6323,1068826767,81691,2013-05-03,64,OZ,1,2.23
3031632892,101,38,3802,104920040,5098,2012-07-10,1,LB,2,2.38
3031632892,101,7,709,109955595,7661,2012-11-04,3.9,OZ,1,7.49
3031687226,68,21,2103,104190040,4664,2012-03-17,128,OZ,1,1.1
3031687226,68,45,4511,107274575,13804,2013-01-16,26,OZ,1,6.99
3031687226,68,14,1404,101480010,12021,2013-04-07,24,OZ,2,4.6
3031687226,68,16,1604,102200020,13228,2013-06-11,55,CT,1,2.99
3031714894,26,63,6315,101111010,9907,2012-04-07,128,OZ,1,3.09
3031714894,26,34,3402,107560979,13012,2012-04-28,6,OZ,1,17.99
3031714894,26,51,5126,102113121,11151,2012-06-02,14,OZ,1,2.77
3031714894,26,51,5126,102113121,11151,2012-09-28,10,OZ,1,1.99
3031714894,26,36,3635,101657111,17037,2012-11-02,17,OZ,2,2
3031714894,26,99,9909,101111010,28083,2012-11-11,12,OZ,2,5.98
3031717900,83,73,7345,104126040,9907,2012-06-02,1,OZ,1,3.99
3031717900,83,26,2614,103700030,514,2012-09-04,60,CT,1,3.27
3031723272,98,58,5823,104470040,13310,2012-08-21,9,OZ,4,11.08
3031723272,98,25,2506,104410040,8481,2012-09-24,16,OZ,1,2.29
3031723272,98,26,2628,104200040,2308,2012-11-13,8,RL,1,5.99
3031723272,98,35,3504,103500030,330,2013-02-12,14,OZ,1,0.97
3031723272,98,0,0,10000,0,2013-02-15,0,,1,0
3031725566,151,41,4107,101111010,9907,2013-04-19,14,OZ,1,1.09
