496163223,21,9,901,101862717,9496,2012-08-17,8.5,OZ,1,3.29
496163223,21,99,9908,104119040,16347,2012-10-01,10,OZ,2,4.98
496163490,21,9,902,101410010,45039,2012-03-10,6.6,OZ,1,2.09
496163490,21,41,4121,107294070,18909,2012-07-01,8,OZ,1,0.59
496163490,21,97,9753,1020002424,0,2012-09-15,1,CT,1,14.29
496163490,21,53,5305,104119040,16347,2012-12-05,10,OZ,1,1
496163602,21,37,3708,104100040,10522,2012-12-02,2,OZ,2,3.38
496163740,21,97,9753,1020002121,0,2012-03-09,1,CT,1,8.47
496163740,21,35,3504,1089582181,32387,2012-08-10,25,OZ,2,3.98
496164079,21,18,1828,103700030,6236,2012-09-09,0.36,OZ,1,5.39
496164194,21,21,2105,105200050,7054,2012-06-08,32,OZ,1,1
496164194,21,21,2105,105200050,7054,2012-06-12,32,OZ,1,1
496164194,21,72,7208,103500030,3830,2013-04-05,1,CT,3,3.72
496165067,21,29,2902,105100050,2820,2012-12-18,19,OZ,1,3.19
496165701,21,9,903,107050676,3860,2012-07-05,24,OZ,1,1.99
496165701,21,9,907,104119040,16347,2012-09-13,12,OZ,1,1.39
496165701,21,59,5910,103377636,16650,2012-11-29,45,OZ,1,6.99
496165701,21,10,1013,103890030,5072,2012-12-14,16,OZ,2,5
496165701,21,25,2509,104119040,16347,2013-02-22,64,OZ,1,2.99
496166154,21,51,5117,104280040,18599,2012-05-06,10.2,OZ,2,3.33
496166154,21,63,6316,102100020,2321,2012-12-26,16,OZ,1,2.25
496166565,21,33,3303,104126242,19971,2013-02-08,9,OZ,1,1.99
496166565,21,69,6901,102220020,17067,2013-03-24,1.4,OZ,1,1.19
496166717,21,9,908,1089963282,19704,2013-01-07,5.5,OZ,1,2.49
496168869,21,45,4515,104119040,16347,2012-10-11,6,OZ,3,5
496168869,21,63,6320,104119040,16347,2012-11-14,12,CT,1,1.69
496168869,21,14,1410,103900030,10383,2013-01-31,29,OZ,1,3.19
496168869,21,26,2630,106343565,16050,2013-02-28,750,CT,1,5.88
496170318,21,53,5307,104119040,16347,2012-11-17,40,OZ,2,6
496170318,21,9,903,104400040,8463,2012-12-07,13.5,OZ,2,6.98
496170318,21,56,5621,103090030,19704,2013-02-19,8,OZ,1,2.49
496170348,21,25,2509,104119040,16347,2012-04-02,16,OZ,1,1.79
496170348,21,4,410,101130010,2272,2012-09-13,11,OZ,1,1
496170644,21,21,2119,105360050,17209,2012-06-16,60,OZ,1,1.79
496170644,21,9,922,107203070,5812,2012-09-21,9.25,OZ,1,2.14
496170644,21,58,5827,104350040,14162,2013-02-03,16,OZ,1,3.49
496171705,21,51,5119,102370020,78850,2012-11-12,10,OZ,1,3.89
496171705,21,26,2617,104119040,16347,2013-02-05,1,CT,1,2.79
496172320,21,56,5613,1073882474,21469,2012-04-20,16,OZ,1,6.99
496172320,21,97,9753,1020050222,0,2012-11-13,1,CT,1,3.71
496172320,21,56,5617,104119040,16347,2013-01-04,12,OZ,1,1.89
496172772,21,63,6399,1074454878,23445,2013-02-20,14,OZ,1,4.99
496172772,21,63,6316,107148171,6765,2013-03-17,16,OZ,1,1.34
496172850,21,5,501,104119040,16347,2012-04-25,14,OZ,1,1.99
496172850,21,21,2105,105200050,7054,2012-04-30,32,OZ,8,8
496172850,21,24,2403,108660080,2559,2012-10-28,10,OZ,1,2.99
496172850,21,9,912,104812141,18322,2012-12-14,13,OZ,1,2.49
496172850,21,63,6315,104119040,16347,2013-01-10,128,OZ,1,3.29
496172900,21,26,2634,103700030,3293,2012-06-07,4,RL,1,1.99
496172900,21,23,2301,107680878,1393,2013-01-05,13.25,OZ,1,1.49
496172900,21,5,502,103485636,19713,2013-01-20,9,OZ,2,5.98
496173048,21,97,9753,1020050121,0,2012-10-23,1,CT,1,5.17
496174110,21,21,2106,104175545,10177,2012-07-06,64,OZ,2,5
496175464,21,26,2629,103700030,2248,2013-04-06,200,CT,1,3.39
496176443,21,56,5617,102756828,18794,2012-06-29,10.67,OZ,1,0.99
496177023,21,99,9908,103338333,33170,2012-07-30,16,OZ,1,0.99
496177023,21,63,6316,107148171,6765,2013-01-04,16,OZ,1,1.34
496177023,21,21,2112,104119040,16347,2013-03-01,64,OZ,1,2.99
496177297,21,60,6007,101800010,14029,2013-01-14,12,OZ,1,3.49
496178649,21,63,6315,104119040,16347,2012-05-18,128,OZ,1,2.99
496178649,21,41,4107,104119040,16347,2013-01-05,15.25,OZ,2,0.98
496179563,21,30,3008,102100020,9886,2012-05-22,16,OZ,1,2.99
496179563,21,33,3312,103700030,14494,2013-01-04,6.41,OZ,4,7.16
496179968,21,21,2119,108390080,7368,2012-04-29,18.5,OZ,2,2.5
496179968,21,29,2902,103760030,8501,2012-08-28,10.5,OZ,2,3.38
496179968,21,63,6305,101630010,6509,2012-10-14,59,OZ,1,2.99
496179968,21,99,9908,103338333,33170,2012-12-21,80,OZ,1,2.5
496181693,21,36,3631,107800070,23209,2012-06-26,67.6,OZ,1,1.5
496181693,21,9,902,104400040,15335,2013-01-08,15.1,OZ,2,6.98
496183384,21,99,9908,104119040,16347,2012-05-23,10,OZ,3,5.97
496183384,21,63,6315,104119040,16347,2012-07-09,128,OZ,1,5.19
496183384,21,99,9908,103338333,33170,2012-08-13,80,OZ,1,2.99
496183384,21,37,3704,102800020,10953,2013-02-28,2.43,OZ,1,0.89
496183839,21,29,2928,105480050,19039,2012-03-25,8.5,OZ,1,1.89
496183993,21,5,501,104119040,16347,2012-04-22,14,OZ,1,2.79
496183993,21,33,3314,103000030,14760,2012-08-18,6.56,OZ,1,2.59
496184089,21,34,3406,101111111,73313,2012-04-05,32,OZ,1,5.99
496184089,21,9,902,104400040,15335,2012-05-31,12.73,OZ,1,3.69
496184089,21,9,904,107020070,62488,2012-09-27,5,OZ,2,3.18
496184089,21,27,2707,101780010,14717,2013-03-07,3,LB,1,7.99
496184116,21,37,3708,104100040,10522,2012-10-15,4.9,OZ,4,5.14
496184889,21,7,707,107103878,25424,2013-03-07,11.3,OZ,1,3.99
496184956,21,45,4511,103100030,1358,2013-02-13,24,OZ,1,5.99
496185555,21,1,106,1085269787,7918,2012-11-17,2.1,OZ,1,2.99
496185943,21,37,3711,104119040,16347,2012-07-18,16,OZ,1,3.99
496185943,21,99,9908,103338333,33170,2012-09-02,4,OZ,1,1.99
496186043,21,17,1703,101920010,7258,2012-05-05,32,OZ,1,2.49
496186043,21,37,3705,104119646,14582,2012-05-27,18.6,OZ,1,2.49
496186043,21,26,2633,105400050,16048,2012-08-04,12,RL,1,9.99
496186672,21,28,2804,107041070,11069,2012-12-05,12,OZ,1,1.59
496186672,21,12,1207,107079676,3198,2013-02-25,2,OZ,1,1.49
496186672,21,26,2619,104119040,16347,2013-03-11,38,CT,1,5.99
496187279,21,63,6318,103239434,9851,2013-02-08,14,OZ,1,2.99
496187701,21,9,901,104400040,13243,2012-04-24,15.35,OZ,1,3.99
496187701,21,25,2509,103450030,10165,2012-12-08,32,OZ,2,5.78
496188537,21,63,6320,1071514171,25530,2013-06-02,12,CT,2,5.52
496188593,21,63,6323,104119040,16347,2013-02-02,128,OZ,1,3.39
496189002,21,9,907,104119040,16347,2012-06-07,24,OZ,1,3.49
496189392,21,4,418,102800020,16558,2012-04-15,6,OZ,1,3.99
496189392,21,26,2612,107682878,19764,2012-06-12,24,CT,1,1.99
496189392,21,28,2805,104119040,16347,2012-06-28,10,OZ,1,3.69
496189392,21,55,5556,104154848,5603,2012-07-18,48,OZ,1,4.49
496189657,21,21,2119,107618373,16756,2012-07-01,16,OZ,1,1.09
496189657,21,5,518,104300040,43492,2012-09-25,5.88,OZ,1,2.99
496189657,21,97,9753,1074069575,0,2012-10-10,1,CT,1,1.79
496189657,21,9,912,104812141,18322,2013-04-10,20,OZ,1,2.99
496190087,21,21,2118,107618373,16756,2012-05-23,16,OZ,1,1.09
496190087,21,21,2108,107630171,755,2012-11-26,64,OZ,2,5
496191016,21,63,6305,101630010,6509,2013-02-21,59,OZ,1,2.99
496191038,21,26,2619,102990020,7468,2012-06-30,65,CT,1,5.69
496192428,21,72,7205,103500030,3830,2013-01-04,4,OZ,1,0.99
496192470,21,9,907,107167373,17480,2013-01-26,22,OZ,1,2.29
496193447,21,22,2201,104119040,16347,2012-03-13,96,OZ,1,1.88
496193447,21,99,9908,104119040,16347,2012-10-09,16,OZ,1,0.99
496193803,21,63,6320,104119040,16347,2012-07-26,18,CT,1,2.29
496193803,21,79,7901,107485171,44890,2012-09-17,1,CT,1,3.99
496194345,21,5,501,101600010,3396,2012-07-27,13.75,OZ,1,3.79
496194345,21,57,5706,104119040,16347,2013-01-31,32,OZ,1,2.29
496194465,21,59,5906,104060040,26155,2012-06-07,15,OZ,1,2.99
496194683,21,55,5567,107064070,2014,2012-04-29,16,OZ,1,4.99
496195092,21,29,2904,102100020,19279,2012-03-25,12.8,OZ,1,2.69
496195092,21,9,922,102430020,10577,2012-11-18,12,OZ,1,1.79
496195092,21,38,3801,104920040,5098,2013-05-05,0.78,LB,1,2.69
496195384,21,99,9908,103338333,33170,2012-09-08,16,OZ,1,2.5
496195384,21,2,214,104144949,9916,2013-02-26,28,OZ,1,2.29
496196108,21,17,1707,1063711868,67142,2012-04-06,0.95,OZ,1,4.49
496196108,21,57,5710,107047070,20230,2012-10-03,16,OZ,1,2.5
496196108,21,99,9904,103338333,33170,2013-04-10,16,OZ,1,2.19
496196670,21,57,5710,107047070,20230,2012-03-25,16,OZ,1,2.89
496196670,21,58,5823,102781525,8100,2012-05-26,7,OZ,1,3.29
496196670,21,54,5403,102580020,16668,2012-07-04,8.66,OZ,1,3.34
496196670,21,56,5699,104175747,10216,2013-02-18,7.5,OZ,1,4.49
496196779,21,51,5121,104369545,10274,2012-07-28,9,OZ,2,5.58
496196779,21,58,5823,102265525,2626,2013-01-09,9,OZ,1,3.99
496196779,21,26,2620,104200040,5016,2013-05-17,54,CT,1,2.89
496196880,21,26,2622,104119040,16347,2012-07-31,300,CT,1,2.89
496197592,21,3,310,1064634565,16950,2012-03-12,12,OZ,1,9.99
496197822,21,9,901,103010030,9530,2012-03-06,15.2,OZ,1,4.99
496197822,21,41,4120,102400020,3988,2012-03-09,12,OZ,2,3.18
496197822,21,69,6901,1030099737,11804,2012-03-11,2.25,OZ,1,3.29
496197822,21,58,5812,103332939,26146,2012-03-13,16,OZ,1,5.99
496197822,21,99,9908,104119040,16347,2012-03-16,16,OZ,1,2.5
496197822,21,97,9748,107033070,1783,2012-03-17,10,CT,1,1
496197822,21,44,4406,108994787,19234,2012-03-25,8,OZ,2,9.98
496197822,21,33,3307,102900020,14112,2012-03-27,12,OZ,2,7.98
496197822,21,49,4901,101312010,26885,2012-04-03,20,OZ,1,3.59
496197822,21,9,901,104400040,13243,2012-04-21,15.25,OZ,2,7.98
496197822,21,30,3001,104800141,8178,2012-04-28,30,OZ,1,4.59
496197822,21,29,2924,101740010,11748,2012-05-01,28,OZ,1,3.79
496197822,21,63,6305,104850040,18799,2012-05-02,59,OZ,3,8.67
496197822,21,14,1416,104119040,6164,2012-05-03,29,OZ,2,2.98
496197822,21,57,5710,1089470080,21065,2012-05-10,5.3,OZ,12,15.32
496197822,21,58,5831,102265525,2626,2012-05-11,16,OZ,1,3.29
496197822,21,63,6320,107954878,10165,2012-05-14,12,CT,1,2.5
496197822,21,56,5615,1072776676,11374,2012-05-16,8,OZ,2,5.38
496197822,21,57,5707,107047070,20230,2012-05-16,18,OZ,2,5.98
496197822,21,56,5620,104119040,16347,2012-05-24,8,OZ,2,3.54
496197822,21,99,9908,104119040,16347,2012-05-25,16,OZ,1,1.5
496197822,21,9,918,101410010,13791,2012-06-07,5,OZ,1,2.69
496197822,21,26,2610,1088632383,33170,2012-06-08,250,CT,1,2.99
496197822,21,73,7302,1030057333,250,2012-06-09,80,CT,1,8.49
496197822,21,33,3305,102840020,18584,2012-06-25,10,OZ,1,3
496197822,21,29,2926,101740010,3008,2012-06-29,160,OZ,1,6.99
496197822,21,57,5703,104119040,16347,2012-07-06,6,OZ,6,2.34
496197822,21,9,922,104126141,5244,2012-07-09,13.5,OZ,2,5.18
496197822,21,58,5812,105450050,1322,2012-07-12,16,OZ,2,7.1
496197822,21,97,9799,103338333,33170,2012-07-29,1,CT,2,11.98
496197822,21,47,4706,1088403888,9073,2012-07-31,8,OZ,4,6.96
496197822,21,36,3636,104300040,4371,2012-08-07,169,OZ,2,4.98
496197822,21,99,9904,1071575676,5278,2012-08-07,6,OZ,1,4.99
496197822,21,26,2615,103600030,9878,2012-08-15,18,CT,2,5.98
496197822,21,23,2301,101510010,23948,2012-09-10,12,OZ,2,2.5
496197822,21,35,3509,1088596787,330,2012-09-11,50,OZ,5,14.95
496197822,21,27,2702,101780010,95301,2012-10-03,4,LB,1,7.99
496197822,21,53,5307,101450010,20864,2012-10-05,10,OZ,2,3.7
496197822,21,9,907,107028777,18998,2012-10-05,24,OZ,1,2.69
496197822,21,26,2629,104119040,16347,2012-10-05,500,CT,2,5.98
496197822,21,41,4110,103940030,71386,2012-10-08,28,OZ,1,2.29
496197822,21,51,5122,108298888,19799,2012-10-15,11,OZ,3,13.47
496197822,21,31,3101,105210050,11382,2012-10-18,1,OZ,1,1
496197822,21,36,3634,1085119989,14480,2012-10-25,640,OZ,2,13.98
496197822,21,55,5567,107064070,2014,2012-10-26,27.6,OZ,1,3
496197822,21,29,2925,104119040,16347,2012-10-26,32,OZ,1,1.69
496197822,21,37,3707,102400020,3843,2012-10-29,32,OZ,1,2
496197822,21,73,7302,1030057333,250,2012-11-01,80,CT,1,10.89
496197822,21,99,9908,104119040,16347,2012-11-05,16,OZ,4,6.66
496197822,21,25,2509,104119040,16347,2012-11-12,64,OZ,1,4.29
496197822,21,72,7205,103700030,4294,2012-11-13,12.4,OZ,1,5.59
496197822,21,72,7203,104119040,16347,2012-11-15,33.8,OZ,4,9.16
496197822,21,21,2108,101480010,12021,2012-11-21,64,OZ,1,2.5
496197822,21,73,7309,1030013232,6454,2012-11-27,4,CT,2,7.98
496197822,21,27,2704,104119040,16347,2012-12-07,6,OZ,2,3.76
496197822,21,5,501,1085641686,1538,2012-12-10,12,OZ,2,7.58
496197822,21,63,6316,107148171,6765,2012-12-14,16,OZ,1,2.19
496197822,21,45,4511,107274575,13804,2012-12-21,29,OZ,1,7.99
496197822,21,26,2613,104119040,16347,2012-12-23,31,CT,1,6.99
496197822,21,58,5831,102265525,2626,2012-12-28,16,OZ,1,3.49
496197822,21,9,922,102951929,19704,2012-12-31,5.7,OZ,1,2.49
496197822,21,53,5307,104119040,16347,2013-01-02,12,OZ,5,6.25
496197822,21,33,3312,103700030,14494,2013-01-03,5.71,OZ,1,1.79
496197822,21,35,3508,103700030,18371,2013-01-09,100,OZ,1,15.99
496197822,21,36,3618,101200010,23361,2013-01-15,144,OZ,3,14.19
496197822,21,21,2105,105200050,7054,2013-01-15,72,OZ,1,4.69
496197822,21,17,1701,102340020,16836,2013-01-21,24,OZ,1,2.99
496197822,21,57,5710,105215959,41981,2013-01-22,5.3,OZ,10,10
496197822,21,5,501,101600010,3396,2013-01-25,12.8,OZ,1,3.79
496197822,21,8,803,1063000363,25246,2013-01-28,11,OZ,1,2.99
496197822,21,8,836,104119040,16347,2013-01-29,16,OZ,1,0.65
496197822,21,5,501,103800030,3787,2013-01-30,16.5,OZ,1,3.79
496197822,21,99,9909,107143070,5072,2013-01-31,9.9,OZ,2,4
496197822,21,26,2617,101090010,15232,2013-02-06,1,CT,1,3.99
496197822,21,18,1829,104722343,17278,2013-02-07,1,CT,1,3.33
496197822,21,5,501,1088491282,13689,2013-02-17,20.5,OZ,1,3.59
496197822,21,37,3706,104119646,14582,2013-02-20,18.5,OZ,5,10
496197822,21,33,3351,104400040,16738,2013-02-22,5.3,OZ,2,6.38
496197822,21,21,2110,103120030,12957,2013-02-25,64,OZ,1,3.79
496197822,21,33,3319,107797575,27417,2013-02-28,9,OZ,1,4.29
496197822,21,33,3302,102389626,14268,2013-03-09,9.6,OZ,1,2.99
496197822,21,56,5620,104119040,16347,2013-03-12,8,OZ,2,4.76
496197822,21,45,4512,102370020,18969,2013-03-21,64,OZ,1,9.99
496197822,21,5,516,103000030,14760,2013-03-26,6.7,OZ,5,12.5
496197822,21,9,901,102750020,837,2013-04-09,9.25,OZ,1,3.29
496197822,21,55,5559,107756777,14286,2013-04-10,33,OZ,1,3.99
496197822,21,99,9908,103338333,33170,2013-04-11,80,OZ,1,2.49
496197822,21,35,3509,107261373,401,2013-04-11,50,OZ,1,5.69
496197822,21,19,1908,103377636,16650,2013-04-15,16,OZ,1,2.99
496197822,21,51,5119,107332171,17710,2013-04-17,9.6,OZ,2,9.98
496197822,21,10,1010,103400030,8247,2013-04-17,24,OZ,2,4.58
496197822,21,3,302,102800020,30272,2013-04-20,11,OZ,1,3.19
496197822,21,5,501,103800030,11732,2013-04-22,15.2,OZ,1,3.49
496197822,21,25,2509,104119040,16347,2013-04-23,64,OZ,1,3.99
496198323,21,41,4105,1079921070,1887,2012-04-09,24,OZ,1,3.99
496198441,21,99,9908,1078670575,33170,2012-03-22,80,OZ,1,3.99
496198441,21,34,3405,101111111,5168,2012-10-13,24,OZ,2,15.78
496198441,21,53,5307,107056070,14005,2012-12-22,10,OZ,4,5.16
496198890,21,36,3618,104900040,23359,2012-06-04,67.6,OZ,2,3
496198890,21,3,311,105150050,14029,2013-06-12,15.6,OZ,1,1.99
496199380,21,9,922,102560020,18051,2012-04-27,10.5,OZ,1,2.69
496199380,21,67,6702,1030813737,9259,2012-10-26,22,OZ,1,3.99
496199569,21,75,7520,104119040,16347,2012-11-25,100,CT,1,1.39
496199591,21,5,501,1088491282,8459,2013-02-22,18,OZ,1,3.59
496199685,21,9,903,107079676,3198,2012-06-17,24,OZ,1,2.39
496199685,21,99,9908,103338333,33170,2012-10-04,80,OZ,1,2.99
496200137,21,9,922,101099515,35538,2012-05-14,12,OZ,2,1.98
496200275,21,56,5610,107050676,3860,2012-07-14,8,OZ,1,1.99
496200275,21,43,4302,107027272,15085,2013-02-13,6.5,OZ,1,2.49
496200517,21,39,3903,105390050,3047,2012-03-16,8,OZ,1,5.79
496200517,21,29,2928,105480050,19039,2012-05-10,6,OZ,1,2.59
496200517,21,26,2611,103600030,4814,2012-11-01,18,CT,1,11.89
496200517,21,58,5824,107778272,9260,2013-02-03,13.5,OZ,1,2.99
496200517,21,26,2611,103600030,4814,2013-03-07,32,CT,1,18.99
496200538,21,41,4108,104119040,16347,2012-04-15,15,OZ,1,0.89
496200538,21,63,6319,104119040,16347,2012-05-31,128,OZ,2,3.98
496200538,21,33,3314,104119040,16347,2012-10-11,5.46,OZ,1,1.59
496200538,21,95,9517,102652121,1699,2012-11-25,12,CT,1,1.49
496200559,21,29,2920,101114010,8604,2012-09-26,26.7,OZ,1,2.99
496200559,21,63,6319,102073525,18893,2012-12-20,128,OZ,1,2.88
496200559,21,36,3601,107800070,74719,2013-04-10,67.6,OZ,1,1.5
496200970,21,26,2628,105400050,16048,2013-02-13,6,RL,1,6.49
496201252,21,4,407,103400030,18947,2012-04-03,16,OZ,1,1.88
496201252,21,58,5823,102531727,763,2012-08-04,6,OZ,2,13.98
496201345,21,56,5607,104119040,16347,2012-05-05,8,OZ,1,1.25
496201345,21,4,423,107726070,15624,2012-09-08,3,OZ,3,5.64
496201345,21,97,9712,106025868,2393,2012-10-13,3,CT,1,20.99
496201345,21,33,3303,107260070,8245,2013-02-02,10,OZ,1,2.5
496201473,21,97,9753,10000,0,2012-06-03,1,CT,1,1.83
496201962,21,73,7307,104110040,3614,2012-04-28,4,OZ,1,9.29
496201962,21,9,914,107343575,9705,2013-03-10,12,OZ,1,3.49
496202062,21,17,1703,104650040,14149,2012-10-12,9.7,OZ,2,8.58
496202244,21,27,2709,102310020,18139,2013-01-10,2.47,OZ,1,1.99
496202737,21,35,3509,102420020,14716,2013-01-08,50,OZ,2,6.58
496203199,21,10,1011,107349171,9883,2012-04-22,16,OZ,1,2.99
496203199,21,56,5620,104119040,16347,2012-11-28,8,OZ,2,3.98
496203555,21,33,3303,104119040,16347,2012-11-30,8,OZ,2,2.78
496203852,21,53,5307,107056070,14005,2013-02-15,12,OZ,1,1.49
496203997,21,45,4509,1068907666,51701,2013-04-06,32,OZ,1,13.99
496203997,21,29,2923,104100040,9814,2013-04-06,4.9,OZ,2,2.5
496204175,21,9,920,107641070,10160,2012-10-07,11.25,OZ,1,3.39
496204534,21,9,901,101862717,9496,2012-06-22,8.5,OZ,1,3.09
496204639,21,51,5125,101380010,10271,2012-09-15,10.5,OZ,1,2.79
496204694,21,23,2310,107466575,674,2013-01-09,13,OZ,2,3.48
496204891,21,9,920,103010030,9530,2012-09-26,11,OZ,1,2.49
496205236,21,29,2914,102100020,9886,2012-07-07,2.05,OZ,4,5
496205236,21,9,901,104400040,3453,2013-02-07,13,OZ,1,3.49
496205319,21,8,803,106414464,7770,2012-08-28,12,OZ,1,1.19
496205319,21,44,4404,105963555,29023,2013-01-01,10,OZ,1,1.39
496205537,21,7,707,1078778070,12564,2012-03-29,11,OZ,1,3.88
496205537,21,21,2119,107618373,16756,2012-05-13,192,OZ,1,6.99
496205537,21,54,5403,107790070,9200,2012-07-29,18.4,OZ,1,5.49
496205537,21,97,9716,104119040,16347,2012-09-29,128,OZ,1,7.99
496205537,21,5,501,103000030,58434,2012-10-27,14,OZ,1,2.69
496205537,21,33,3313,107260070,8245,2013-01-30,9,OZ,1,2.99
496205537,21,36,3618,104900040,23359,2013-03-05,144,OZ,1,4.5
496206211,21,8,838,102700020,11091,2012-11-11,15,OZ,1,1.25
496206211,21,5,501,103800030,9891,2012-11-25,11,OZ,1,3.49
496206211,21,5,501,103800030,6790,2013-02-03,8.7,OZ,1,3.39
496206284,21,56,5607,102100020,13967,2013-04-19,8,OZ,2,4.58
496206284,21,57,5707,103663232,4568,2013-04-19,18.6,OZ,1,2
496206521,21,26,2619,101370010,8154,2012-12-05,45,CT,1,7.89
496206571,21,18,1850,104119040,16347,2012-06-30,2,CT,1,0.99
496206768,21,51,5129,101380010,27474,2012-03-18,23,OZ,0,0
496206768,21,41,4106,104119040,16347,2013-01-06,6.5,OZ,4,2.76
496206802,21,9,901,104119040,16347,2012-09-16,14,OZ,1,1.69
496206802,21,57,5705,105360050,10074,2012-10-15,6,OZ,5,1.75
496206998,21,8,818,103620030,14868,2012-07-02,23.8,OZ,2,5.78
496206998,21,3,311,105150050,14029,2012-10-24,15.6,OZ,1,1.79
496207006,21,63,6315,104138343,10091,2012-09-28,96,OZ,1,6.19
496207006,21,10,1004,105833656,25702,2012-10-21,3.8,OZ,1,1.99
496207128,21,8,814,102840020,18584,2012-03-31,15.5,OZ,1,3
496207159,21,9,902,102840020,17248,2012-08-12,7.33,OZ,2,5
496207159,21,3,311,105150050,14029,2012-10-26,12,OZ,1,1.79
496207265,21,50,5001,102113121,11151,2012-04-29,16.5,OZ,2,5.38
496207265,21,97,9753,10000,0,2012-11-01,1,CT,1,2.21
496207283,21,56,5620,107835474,2675,2013-01-21,8,OZ,2,3.98
496207283,21,9,908,107203070,5812,2013-01-30,15,OZ,3,7.92
496207591,21,5,501,104119040,16347,2012-10-13,20,OZ,2,4.98
496208227,21,41,4108,104119040,16347,2012-08-14,15,OZ,2,1.5
496208236,21,69,6901,102260020,912,2013-03-17,6,OZ,2,7.98
496208458,21,9,901,104400040,13243,2012-04-21,15.25,OZ,1,3.99
496208458,21,57,5704,108332282,96596,2012-06-23,6.7,OZ,6,5.94
496208458,21,17,1704,104815545,14363,2012-08-04,14,OZ,1,0.99
496208835,21,56,5610,107050676,3860,2012-07-15,8,OZ,1,1.99
496208835,21,49,4901,105621050,25366,2012-07-27,42.33,OZ,1,3.49
496208835,21,25,2509,104119040,16347,2012-08-05,32,OZ,1,2.49
496209042,21,99,9908,103338333,33170,2012-05-26,13,OZ,1,2.5
496209328,21,26,2633,103700030,3293,2012-04-29,12,RL,1,7.29
496209328,21,22,2207,104650040,16355,2012-05-06,14,OZ,1,3.79
496209328,21,75,7501,107214070,5929,2012-08-11,16,OZ,1,12.89
496209328,21,7,707,105543757,11482,2012-09-09,11.5,OZ,1,2.99
496209328,21,29,2928,107142979,20299,2013-03-13,12,OZ,1,2.19
496209561,21,29,2925,101740010,3008,2012-05-20,16,OZ,1,1.39
496209561,21,34,3406,101111111,5168,2012-07-04,8,OZ,1,3.69
496209872,21,21,2117,108768484,2903,2012-11-02,60,OZ,2,4.78
496209872,21,99,9904,103338333,33170,2013-01-24,16,OZ,2,5
496209872,21,57,5707,107047070,20230,2013-03-26,16,OZ,1,2
496210021,21,35,3509,1088596787,5428,2012-12-09,50,OZ,1,3.59
496210236,21,99,9908,103338333,33170,2012-12-07,16,OZ,1,1.5
496210236,21,11,1102,107831474,23888,2012-12-13,1,CT,1,2.99
496210236,21,63,6320,1071514171,25530,2013-02-06,12,CT,1,2.79
496210581,21,97,9753,104586848,0,2012-07-13,1,CT,2,4.98
496210581,21,33,3310,107260070,8245,2013-04-05,9,OZ,2,6
496210681,21,74,7407,107033070,1783,2012-12-06,10,CT,1,2.99
496211010,21,2,201,1064420969,5345,2012-03-07,16.5,OZ,1,1.89
496211010,21,55,5559,107756777,14286,2012-08-03,13.2,OZ,2,2.58
496211010,21,9,970,103800030,62065,2013-02-15,14.1,OZ,2,4.9
496211061,21,26,2633,103040030,683,2012-10-11,18,RL,4,35.96
496211536,21,99,9908,104119040,16347,2012-11-21,5,LB,1,3.49
496212202,21,37,3707,104119040,16347,2012-03-11,14.5,OZ,1,0.67
496212202,21,14,1499,103338333,33170,2012-04-06,1,CT,3,12.87
496212202,21,53,5307,104119040,16347,2012-05-05,12,OZ,6,6
496212202,21,45,4509,1068907666,51701,2012-05-17,32,OZ,1,13.98
496212202,21,36,3630,104900040,23359,2013-02-16,67.6,OZ,1,1.5
496212202,21,9,908,107203070,5812,2013-02-16,16,OZ,1,2.64
496212202,21,25,2505,107253070,13753,2013-03-16,32,OZ,1,1.75
496212202,21,8,814,104119040,16347,2013-03-29,16,OZ,1,1.79
496213448,21,56,5617,104119040,16347,2012-06-06,12,OZ,1,1.49
496213448,21,51,5119,102370020,78850,2012-11-04,25.5,OZ,1,8.99
496213448,21,99,9904,1081204989,27736,2013-06-23,16,OZ,1,2.49
496213591,21,55,5552,102073525,18893,2013-01-07,48,OZ,1,3.19
496213666,21,62,6201,107349171,9883,2012-10-09,22,OZ,1,1.99
496214158,21,99,9909,107143070,5072,2012-07-07,14,OZ,2,1.98
496214158,21,99,9908,104119040,6164,2012-10-02,80,OZ,1,2.99
496214355,21,63,6315,104119040,16347,2013-01-19,64,OZ,1,1.99
496216712,21,40,4004,107765272,17309,2012-06-25,0.95,OZ,1,2.79
496216901,21,5,501,103800030,6796,2012-04-01,14,OZ,1,3.29
496217406,21,99,9904,103338333,33170,2012-03-05,16,OZ,1,2.49
496217756,21,36,3618,104900040,23359,2012-08-07,67.6,OZ,1,1.5
496218360,21,3,304,103384434,1257,2012-03-28,2,OZ,1,2.99
496218862,21,38,3801,104119040,16347,2012-07-11,5,LB,1,3.09
496219404,21,96,9609,1057357050,88199,2012-05-26,0,,1,-1
496219404,21,29,2902,103760030,8501,2012-12-24,15,OZ,2,3.68
496219643,21,63,6315,104119040,16347,2012-07-30,128,OZ,4,16.36
496219643,21,57,5710,1089470080,21065,2013-01-04,16,OZ,1,3.39
496220078,21,25,2509,104119040,16347,2012-08-31,32,OZ,1,2.49
496220377,21,55,5567,104100040,7459,2012-05-12,16.5,OZ,1,3.19
496220899,21,10,1004,107239272,15541,2012-07-26,1.7,OZ,1,0.4
496220899,21,9,907,104500040,20016,2012-11-18,20,OZ,1,1.49
496220899,21,26,2629,104119040,16347,2012-12-31,100,CT,1,1.69
496220899,21,63,6311,104850040,5072,2013-03-17,59,OZ,1,2.99
496221002,21,5,501,101862717,9496,2012-07-02,13.8,OZ,1,3.29
496221002,21,97,9753,10000,0,2012-11-16,1,CT,1,3.03
496221002,21,9,907,1078142171,21825,2012-12-22,16,OZ,1,3.99
496221488,21,60,6007,101800010,14029,2012-04-23,8,OZ,1,2.79
496221488,21,63,6312,103425636,20309,2012-09-12,64,OZ,1,2.49
496221488,21,5,501,103800030,15251,2012-09-12,12,OZ,1,3.59
496221488,21,56,5622,1074236575,8499,2012-10-23,8,OZ,1,3.99
496221488,21,56,5607,102100020,13967,2013-01-22,8,OZ,1,2.59
496222138,21,53,5307,104119040,16347,2012-12-24,12,OZ,2,2.2
496222566,21,4,412,104119040,16347,2012-12-12,10,OZ,1,0.99
496223866,21,41,4110,103940030,71386,2012-08-09,16,OZ,2,3
496224648,21,23,2301,107680878,1393,2012-03-25,12,OZ,1,1.4
496224648,21,4,416,103400030,8247,2012-12-24,3.6,OZ,1,1.67
496224648,21,99,9909,107143070,5072,2013-01-06,9,OZ,2,4
496224648,21,34,3411,1080921989,19814,2013-05-05,12,OZ,1,1.39
496224798,21,96,9609,1054740050,88199,2013-01-29,0,,1,-2
496225144,21,56,5620,104119040,16347,2012-11-03,12,OZ,2,6.78
496225200,21,57,5710,1089470080,21065,2012-03-24,5.3,OZ,5,5
496225200,21,27,2710,107023070,18373,2012-09-13,10,LB,4,11.96
496225200,21,19,1910,10980090,12851,2012-10-01,26.5,OZ,1,7.79
496226008,21,96,9609,1051851555,88199,2012-07-18,0,,1,-1
496226008,21,5,516,103000030,14760,2012-09-12,6.5,OZ,1,2.5
496226008,21,25,2504,104119040,16347,2012-12-26,12,OZ,4,3.56
496226026,21,26,2634,104200040,14813,2012-03-03,4,RL,1,3.89
496226026,21,97,9716,107061272,884,2012-09-08,16,OZ,1,7.99
496226026,21,63,6320,104119040,16347,2013-01-05,12,CT,1,1.89
496226026,21,26,2634,104200040,14813,2013-01-26,12,RL,1,8.49
496226344,21,37,3707,103915333,23292,2013-02-21,32,OZ,1,2.99
496226488,21,51,5125,102580020,16668,2012-04-13,4.9,OZ,1,3.33
496226600,21,63,6305,105360050,18699,2012-11-16,59,OZ,1,1.99
496226637,21,7,709,102550020,6550,2013-01-20,3.81,OZ,1,7.74
496226637,21,26,2622,104119040,16347,2013-02-04,10,CT,1,2.19
496226648,21,36,3601,101200010,13794,2012-09-24,240,OZ,1,5.99
496226648,21,36,3601,101200010,13794,2012-10-18,67.6,OZ,1,1.5
496228174,21,59,5907,101111515,8760,2012-08-10,16,OZ,2,1.98
496228174,21,29,2914,104119040,16347,2012-10-03,36.25,OZ,1,2.39
496228174,21,63,6315,107047272,26467,2012-10-10,64,OZ,1,2.12
496228174,21,21,2106,105100050,27873,2012-10-24,64,OZ,2,4.78
496228187,21,63,6315,107045272,6176,2012-04-17,64,OZ,1,2.99
496228187,21,26,2630,104119040,16347,2012-08-11,65,CT,1,0.8
496228187,21,99,9908,101228919,20877,2012-11-18,24,OZ,1,2.49
496228187,21,26,2628,1081697080,16473,2012-12-01,3,RL,1,2.99
496228277,21,56,5620,102100020,9886,2012-11-04,8,OZ,2,5.86
496228277,21,54,5402,103800030,5618,2013-03-24,14.8,OZ,1,2.99
496228277,21,1,106,101500010,29555,2013-04-07,6,OZ,2,2.98
496229156,21,63,6320,104119040,16347,2013-01-30,12,CT,1,2.39
496229467,21,56,5615,102100020,4218,2012-08-18,8,OZ,1,3.99
496229917,21,58,5827,104350040,14162,2012-07-22,16,OZ,1,2.99
496230863,21,18,1802,104613545,17898,2012-12-02,1,CT,3,5.97
496232018,21,56,5620,104119040,16347,2012-09-19,8,OZ,2,2.98
496232232,21,1,106,101500010,29555,2012-05-09,4.5,OZ,3,4.77
496232232,21,74,7407,104740040,7196,2012-09-01,4,CT,1,6.99
496232232,21,97,9753,10000,0,2012-10-14,1,CT,1,1.97
496232232,21,28,2805,104133141,7531,2013-03-01,2,OZ,1,1.79
496232528,21,23,2301,103340030,15802,2012-10-25,16,OZ,2,2.48
496233343,21,73,7344,1030006737,22351,2013-02-14,14,CT,1,10.49
496233464,21,97,9753,103338333,0,2013-03-17,1,CT,1,6.99
496233464,21,59,5910,103377636,16650,2013-04-07,15,OZ,1,2.77
496234023,21,9,907,1082684686,33388,2012-05-13,11.4,OZ,1,1.99
496234023,21,58,5823,107550575,54231,2012-07-16,6,OZ,1,1.79
496234023,21,26,2630,103600030,9787,2012-11-10,174,CT,3,5.97
496234023,21,51,5129,101450010,20864,2012-11-25,10,OZ,2,2.98
496234661,21,33,3304,102840020,6777,2012-07-24,10.5,OZ,1,3
496234661,21,35,3506,105170050,6335,2013-03-01,75,OZ,1,4.49
496234670,21,58,5833,1061266969,21865,2012-05-06,16,OZ,1,7.29
496234670,21,54,5401,103800030,5618,2012-11-25,29.6,OZ,1,5.29
496234670,21,57,5704,105215959,41981,2013-01-04,6,OZ,7,6.93
496234717,21,58,5832,107274575,13804,2012-06-05,9,OZ,2,10.98
496234717,21,53,5305,104119040,16347,2012-12-28,10,OZ,2,2
496234799,21,9,907,107167373,17480,2012-04-20,24,OZ,1,3.99
496234799,21,81,8101,102820020,11186,2012-09-29,1,CT,1,7.6
496234799,21,58,5828,103100030,1358,2012-11-25,6.4,OZ,1,1.19
496235064,21,63,6320,104119040,16347,2013-03-03,18,CT,1,2.46
496235753,21,4,416,1079200070,93296,2012-11-25,3.53,OZ,1,2.5
496236077,21,8,818,107764474,64256,2012-09-08,24,OZ,1,1.25
496236404,21,57,5710,1089470080,21065,2012-07-31,5.3,OZ,10,10
496236404,21,9,912,104812141,18322,2013-02-15,20,OZ,1,4.69
496237820,21,63,6315,107045272,6176,2012-04-22,12,OZ,4,4
496237820,21,7,707,1081693282,11222,2012-06-15,10.3,OZ,1,5.39
496238185,21,21,2119,107618373,16756,2012-09-02,32,OZ,4,7.56
496238691,21,97,9753,1020002424,0,2012-11-26,1,CT,1,15.15
496239239,21,37,3709,104178949,11224,2012-11-16,3,OZ,4,1
496239239,21,58,5812,1063000363,25246,2012-12-01,16,OZ,1,3.99
496239316,21,17,1719,101920010,10882,2012-06-14,19,OZ,2,11.98
496239316,21,36,3611,108265787,4687,2012-12-05,96,OZ,2,4
496239365,21,58,5814,104470040,10837,2012-05-02,4.3,OZ,1,1.34
496239365,21,21,2119,1061300868,867,2012-07-10,138,OZ,1,3.33
496239365,21,56,5620,104119040,16347,2012-08-16,8,OZ,1,1.88
496239365,21,97,9753,1020050222,0,2012-12-22,1,CT,2,8.87
496239365,21,49,4905,107218070,10192,2013-01-27,10,OZ,1,1
496239854,21,58,5833,1061266969,21865,2012-04-19,16,OZ,1,5.49
496240050,21,95,9518,1061029060,7848,2012-04-17,1,CT,1,1.99
496240050,21,26,2633,1081319989,85273,2012-05-22,4,RL,2,6.98
496240110,21,51,5115,101960010,3174,2012-11-15,6.15,OZ,2,1.98
496240110,21,14,1404,101480010,12021,2012-12-06,46,OZ,1,2.99
496240411,21,33,3315,104950848,16730,2012-12-24,4,OZ,1,2.99
496240874,21,29,2928,104100040,9814,2012-09-03,5.7,OZ,1,1.33
496240874,21,37,3703,105100050,2820,2012-09-22,10.75,OZ,1,1.88
496241052,21,7,703,107167272,24648,2012-05-09,16,OZ,1,5.99
496241052,21,9,907,107167373,17480,2012-05-20,15,OZ,1,2.5
496241052,21,26,2622,104119040,16347,2013-03-02,200,CT,1,3.99
496243609,21,56,5615,103651434,7627,2013-02-25,8,OZ,1,1.8
496244211,21,36,3628,101200010,12029,2012-04-06,67.6,OZ,2,2.7
496245457,21,25,2507,1074236575,8499,2012-07-21,8,OZ,1,1
496245679,21,41,4105,106414464,70939,2013-03-23,10,OZ,1,1.19
496246253,21,45,4511,101120010,19675,2012-05-16,28,OZ,1,6.79
496246253,21,57,5710,1089470080,21065,2012-07-31,5.3,OZ,12,12
496246253,21,55,5552,102983929,6763,2013-02-13,48,OZ,2,5.38
496246445,21,56,5620,104610040,15889,2012-08-31,8,OZ,1,3.29
496247051,21,26,2630,106343565,16050,2012-03-14,65,CT,2,2.7
496247374,21,17,1704,104460040,18389,2012-12-24,32,OZ,1,4.39
496247636,21,34,3411,101700010,4912,2012-03-09,16,OZ,1,4.49
496247636,21,23,2301,103915333,3811,2012-03-16,16,OZ,1,1.99
496247636,21,79,7901,107224676,20014,2012-05-17,1,CT,1,1.79
496247636,21,8,814,103760030,25412,2012-09-07,64,OZ,2,9.58
496247791,21,36,3604,107800070,2829,2012-11-25,144,OZ,1,4.99
496248203,21,58,5824,104450040,8318,2012-03-16,13.5,OZ,1,3.49
496248203,21,9,901,103010030,15828,2012-04-13,12.8,OZ,1,2.99
496248203,21,96,9609,1054133555,88199,2012-06-08,0,,1,-1
496249687,21,9,907,104119040,16347,2012-07-07,16,OZ,1,2.69
496251285,21,17,1724,107048171,32487,2012-03-16,32,OZ,1,3.69
496251285,21,73,7308,1031254636,7853,2013-03-09,30,CT,1,1.19
496251571,21,33,3307,101030010,5740,2012-12-23,5,OZ,1,3.99
496251617,21,8,838,102700020,11091,2013-02-24,16,OZ,1,1.5
496251695,21,31,3108,101360010,4916,2013-01-04,26,OZ,1,0.69
496252792,21,21,2105,105200050,7054,2012-05-11,216,OZ,1,8.69
496253324,21,18,1898,107309676,13490,2012-03-02,4,CT,2,2.98
496253324,21,14,1405,104119040,16347,2012-03-09,14,OZ,1,1.19
496253324,21,41,4107,104119040,16347,2012-03-09,15,OZ,1,1.09
496253324,21,53,5307,104119040,16347,2012-03-30,12,OZ,1,1.49
496253324,21,37,3707,105100050,17812,2012-04-05,32,OZ,2,5.58
496253324,21,9,904,107020070,62488,2012-07-13,5,OZ,3,3
496253324,21,63,6315,104119040,16347,2012-11-16,128,OZ,1,3.59
496253458,21,97,9707,1088632383,33170,2012-09-02,1,CT,2,1.98
496253458,21,33,3312,103700030,14494,2012-12-02,5.92,OZ,1,3.29
496253631,21,55,5567,107585676,9798,2012-07-22,24,OZ,1,3.49
496254612,21,9,907,107341070,2437,2013-01-25,24,OZ,2,4.68
496255496,21,63,6315,104119040,16347,2012-04-30,32,OZ,1,1.39
496255496,21,17,1704,104460040,18389,2012-06-13,32,OZ,3,13.17
496255496,21,31,3101,105210050,11382,2013-01-02,1.24,OZ,1,1.59
496255567,21,99,9908,104119040,16347,2012-06-03,16,OZ,1,2.5
496255567,21,79,7902,104090141,44216,2012-12-09,1,CT,1,1.5
496255567,21,53,5307,104120646,27330,2012-12-14,16,OZ,1,1.99
496255666,21,9,901,104400040,11047,2012-09-14,8,OZ,2,5.98
496255773,21,10,1011,101570010,17882,2012-06-19,24,OZ,1,2.5
496255773,21,26,2614,103600030,9878,2012-09-10,64,CT,1,2.99
496255776,21,12,1206,107174272,8980,2012-09-08,3,OZ,2,3.18
496255948,21,17,1704,104460040,18389,2012-04-30,32,OZ,1,4.49
496256006,21,63,6315,104119040,16347,2013-01-19,64,OZ,1,2.39
496256200,21,56,5620,104119040,16347,2012-05-02,8,OZ,1,1.88
496256200,21,41,4105,102700020,8612,2012-12-19,28,OZ,3,4.17
496256200,21,6,601,107092070,17882,2012-12-24,7.3,OZ,1,1.49
496256200,21,99,9909,1088804888,52680,2013-02-06,11,OZ,1,4.49
496256738,21,99,9904,1066529060,52314,2012-05-12,16,OZ,1,2.49
496256738,21,17,1703,104119040,16347,2012-05-26,128,OZ,1,2.29
496256738,21,63,6399,102300020,16431,2012-07-29,32,OZ,1,2.49
496257002,21,30,3010,104133545,43106,2013-01-24,16,OZ,1,3.29
496257389,21,8,837,107040474,14245,2012-08-15,12.7,OZ,2,2.5
496258292,21,7,707,102550020,6550,2012-12-05,11.3,OZ,1,3.99
496258292,21,55,5563,102018828,18483,2013-01-09,16,OZ,1,3.49
496258292,21,60,6001,101800010,14029,2013-01-12,16,OZ,1,3.89
496259605,21,9,901,103010030,3454,2012-09-23,13.3,OZ,2,5.98
496259728,21,25,2506,1074447373,16798,2012-06-15,16,OZ,1,2.49
496260045,21,9,907,107153575,10363,2012-03-16,16,OZ,1,3.69
496260045,21,4,418,1079042979,22943,2012-07-24,11.5,OZ,1,3.99
496260045,21,75,7501,10100010,13626,2013-02-17,16,OZ,1,-4
496260972,21,5,519,104119040,16347,2012-03-23,12.3,OZ,1,1.59
496260972,21,95,9518,1061029060,6015,2012-09-14,1,CT,1,3.69
496260972,21,59,5902,102100020,2321,2012-12-15,8,OZ,1,2.49
