2933008824,96,9,902,104950848,16730,2012-08-27,6,OZ,1,2.5
2933008824,96,0,0,10000,0,2012-10-08,0,,1,0
2933008824,96,25,2506,105000050,32115,2012-12-03,32,OZ,1,3
2933008824,96,9,907,103003434,7175,2013-01-28,20,OZ,1,1.99
2933008824,96,5,516,101600010,12426,2013-01-28,7.4,OZ,1,3.39
2933009015,96,51,5130,101380010,27474,2012-06-05,10.25,OZ,1,2
2933009015,96,73,7357,103076838,17627,2012-08-20,300,CT,1,9.49
2933009278,96,79,7901,107148676,27352,2012-10-04,1,CT,1,5.99
2933009278,96,43,4302,107027272,15085,2012-12-20,13,OZ,2,7.98
2933009758,96,9,922,102430020,10577,2013-03-12,11,OZ,1,1.99
2933010144,96,23,2301,103340030,15802,2012-06-12,12,OZ,1,1
2933010524,96,9,901,101122515,19197,2012-03-23,32,OZ,2,3.98
2933010524,96,29,2905,101600010,1756,2012-09-28,6.5,OZ,2,2.58
2933010524,96,5,501,101600010,6283,2012-10-08,16.1,OZ,1,3
2933010554,96,36,3618,101200010,23361,2012-11-30,288,OZ,1,5.5
2933010933,96,26,2633,101122515,19197,2012-10-30,12,RL,1,5.39
2933012850,96,27,2709,102310020,29292,2012-05-09,2.1,OZ,1,1.79
2933012850,96,0,0,10000,0,2012-06-22,0,,2,4.94
2933012850,96,51,5115,107192171,78492,2012-07-28,6.1,OZ,1,4
2933012850,96,33,3315,102840020,15441,2012-11-10,7,OZ,1,2
2933012976,96,55,5567,107064070,19704,2012-05-06,21,OZ,2,12.78
2933012976,96,26,2615,107830070,14142,2012-05-24,18,CT,1,2.5
2933012976,96,36,3629,101200010,23360,2012-08-26,20,OZ,1,1.59
2933012976,96,45,4511,102370020,18969,2012-11-12,13.25,OZ,1,3
2933054731,214,25,2506,104127141,26189,2012-04-16,16,OZ,1,1.68
2933066472,214,36,3632,104122040,23511,2012-03-22,20,OZ,2,1
2933072739,214,99,9908,103338333,33170,2012-06-18,80,OZ,1,3.88
2933072739,214,32,3202,107339171,10732,2012-11-01,128,OZ,2,15.16
2933072739,214,36,3631,107800070,23209,2013-03-09,144,OZ,1,3.67
2933135799,206,26,2628,103700030,2248,2013-02-13,8,RL,1,10.98
2933139765,206,26,2614,103600030,9878,2012-08-14,18,CT,1,1.28
2933139765,206,2,211,101600010,1910,2013-01-30,40,OZ,1,3.68
2933139765,206,99,9908,103338333,33170,2013-06-10,32,OZ,-1,-3.32
2933161016,46,56,5609,102100020,2321,2013-02-07,24,OZ,1,2.69
2933168267,46,74,7405,104740040,7196,2012-03-11,5,CT,1,13.59
2933168267,46,99,9904,1071575676,5278,2012-06-24,6,OZ,2,3
2933168267,46,56,5616,104610040,15889,2012-12-02,6.67,OZ,1,2.5
2933198500,46,8,803,104150040,6714,2012-03-07,14,OZ,1,1.55
2933198500,46,5,516,101600010,12426,2012-10-14,7.4,OZ,1,2.99
2933222630,46,58,5823,1071373373,11473,2012-10-08,7,OZ,1,4.49
2933254827,46,60,6012,101800010,14029,2012-04-09,12.4,OZ,2,4.78
2933254827,46,51,5125,102580020,16668,2012-04-24,9,OZ,1,2
2933254827,46,9,901,104400040,3453,2013-03-22,3.5,OZ,3,3
2933300236,46,9,908,104125040,11473,2012-04-12,12,OZ,1,2.1
2933300236,46,33,3316,1071928373,11473,2012-04-12,8.6,OZ,6,6
2933429965,14,14,1404,101480010,12021,2013-03-17,23.4,OZ,1,2.49
2933429965,14,51,5106,1081088282,49624,2013-04-01,7,OZ,1,3.5
2933450248,18,17,1701,1067811262,3912,2012-03-04,17,OZ,1,1.29
2934093457,42,33,3318,107797575,27417,2012-04-27,13.5,OZ,2,6.58
2934093899,42,72,7205,103500030,3830,2013-07-15,6.4,OZ,2,6.38
2934093933,42,22,2207,1075703777,13386,2012-03-09,12,OZ,1,3.79
2934093933,42,33,3305,102840020,5141,2012-10-27,11.5,OZ,2,8.58
2934093933,42,20,2002,105100050,2820,2013-02-22,11.5,OZ,2,1.78
2934094492,42,59,5906,104060040,26155,2012-04-25,15,OZ,1,2.99
2934094492,42,44,4404,104149747,19710,2012-09-22,13.5,OZ,1,2.79
2934311034,403,26,2628,103040030,17034,2013-04-08,8,RL,1,4.99
2934443418,285,56,5621,101115010,15530,2013-02-04,8,OZ,1,2.99
2934443418,285,41,4120,102400020,3988,2013-02-09,6,OZ,1,0.52
2934445091,285,8,818,105100050,14403,2012-05-19,24,OZ,1,2.18
2934488725,134,29,2930,106414464,3342,2012-06-30,7.5,OZ,1,1.29
2934488725,134,41,4107,101121313,17040,2012-07-28,8.5,OZ,1,0.65
2934488725,134,56,5607,101121313,17040,2012-11-30,8,OZ,2,2.54
2934488725,134,9,917,107373171,11786,2013-01-19,20,OZ,1,1.99
2934573656,109,14,1416,101122515,19197,2012-11-28,29,OZ,2,2.98
2934749445,507,63,6315,107545777,7025,2012-10-05,128,OZ,1,4.19
2934786148,507,9,907,107341070,2437,2012-09-29,24,OZ,2,5.98
2934786148,507,21,2106,103120030,12957,2013-02-06,64,OZ,2,4.98
2934825732,507,9,920,108523989,11176,2012-12-17,11,OZ,1,1.87
2934958441,508,9,907,107102575,2570,2013-03-08,24,OZ,1,2.99
2935005892,510,69,6901,101204414,13056,2012-09-14,0.5,OZ,1,1.02
2935005892,510,92,9207,102571525,23664,2012-11-15,3,CT,1,2.09
2935029197,510,36,3611,104900040,4599,2012-11-19,405.6,OZ,1,3.99
2935029197,510,43,4302,107027272,15085,2012-11-19,6.5,OZ,1,1.99
2935183106,508,33,3309,102840020,18584,2013-05-04,13,OZ,1,3
2935263052,509,36,3601,101200010,13794,2012-05-27,67.6,OZ,4,5.6
2935263052,509,17,1703,104650040,14149,2012-07-22,16,OZ,1,4.08
2935354270,21,9,910,101410010,13791,2012-12-01,5.9,OZ,1,2
2935356805,240,27,2710,104116343,28305,2012-06-01,21,LB,1,7.99
2935372853,101,7,709,102550020,6550,2012-10-15,3.81,OZ,1,7.99
2935373954,101,8,818,103620030,14868,2012-04-04,45,OZ,1,2.39
2935373954,101,99,9909,107143070,5072,2012-09-30,14,OZ,1,1.99
2935374057,101,5,517,103800030,17050,2012-04-28,4.6,OZ,1,2.5
2935374057,101,36,3618,104900040,23359,2013-03-05,144,OZ,1,5.49
2935379917,77,9,907,107078474,18552,2012-09-08,22,OZ,1,1.29
2935379917,77,41,4107,102400020,4704,2013-04-25,14.5,OZ,2,2
2935391176,70,51,5128,104670444,18213,2012-07-30,12,OZ,1,3.49
2935391176,70,56,5620,1072543979,40679,2012-09-03,8,OZ,1,2.17
2935395782,70,92,9208,104145747,7487,2012-07-13,4,CT,1,1.99
2935400717,68,12,1205,108000080,17292,2012-12-17,20,OZ,1,3.1
2935412128,370,9,902,101410010,45039,2012-04-23,6.6,OZ,1,1.98
2935412128,370,51,5121,104369545,8522,2012-09-14,9,OZ,2,3.9
2935412128,370,9,901,104400040,12885,2013-02-20,16,OZ,1,3.78
2935416896,370,63,6320,1072543979,40679,2012-09-05,18,CT,1,1.36
2935416896,370,57,5705,1072543979,40679,2013-05-17,6,OZ,3,1.17
2935417141,370,58,5812,105450050,1322,2012-07-31,16,OZ,1,2.88
2935442232,165,9,917,107373171,11786,2012-07-04,10.4,OZ,1,2.99
2935444164,26,29,2921,101600010,1756,2012-04-01,4.7,OZ,1,1.62
2935444164,26,51,5126,101380010,27474,2012-09-25,6,OZ,1,2.77
2935444164,26,13,1302,101330010,11211,2012-10-21,32,OZ,1,1.99
2935444164,26,5,501,101600010,6662,2012-10-25,9.6,OZ,1,2.49
2935444164,26,69,6901,107940070,17521,2013-04-02,1.4,OZ,2,1.98
2935444874,26,63,6315,101111010,9907,2013-06-06,64,OZ,1,1.99
2935445622,26,27,2704,107910070,30096,2012-06-01,24,OZ,1,3
2935445622,26,71,7107,1030815131,3609,2012-06-19,1,CT,1,3.59
2935445622,26,55,5552,101111010,9907,2012-06-22,16,OZ,10,9
2935445622,26,33,3318,101111010,9907,2013-01-07,30,OZ,1,1.7
2935457732,126,29,2914,102100020,9886,2012-08-05,36.25,OZ,1,4.79
2935457732,126,29,2914,102100020,19279,2012-10-28,8.76,OZ,1,4.29
2935457958,98,26,2620,101111010,9907,2012-06-22,50,CT,1,2.25
2935457958,98,63,6315,101111010,61474,2012-07-06,128,OZ,1,2.25
2935457958,98,70,7002,104126040,9907,2012-11-02,20,CT,1,1.61
2935457958,98,58,5835,107011070,13378,2013-04-19,16,OZ,3,8.97
2935462795,89,25,2503,104127141,26189,2012-04-02,10.5,OZ,1,3.49
2935481529,63,25,2504,101111010,9907,2013-01-03,12,OZ,2,1.88
2935486994,191,38,3801,101111010,6678,2012-12-23,10,LB,1,6.49
2935486994,191,97,9717,109736191,13545,2013-05-02,1,CT,1,16.99
2935547442,402,26,2628,103040030,17034,2012-05-18,1,RL,1,1.79
2935663112,96,29,2914,101356212,713,2012-06-10,6,OZ,3,7.17
2935663404,96,26,2619,103003434,7175,2012-09-19,18,CT,1,2.69
2935663734,96,5,502,101600010,1756,2012-04-28,8,OZ,1,2.89
2935663734,96,5,516,101600010,12426,2012-11-01,7.1,OZ,2,6
2935663734,96,21,2119,103003434,7175,2012-11-10,16,OZ,6,6
2935663734,96,9,922,104500040,8511,2012-11-17,10,OZ,2,4.28
2935663734,96,8,818,105100050,14403,2013-02-02,24,OZ,1,2.39
2935675421,214,9,917,104122040,23511,2012-03-18,25.5,OZ,1,1.38
2935675421,214,45,4517,103477939,26663,2012-12-02,16,OZ,2,9.36
2935675421,214,60,6011,104122040,20514,2013-01-12,16,OZ,1,1.36
2935701632,214,32,3202,104122040,20514,2012-05-20,48,OZ,2,5.96
2935701632,214,95,9518,107000070,7848,2012-07-22,1,CT,1,2.29
2935701632,214,97,9753,10000,0,2012-09-04,1,CT,1,0.68
2935701632,214,27,2704,104122040,20514,2012-11-05,2,CT,2,6.94
2935809686,17,51,5121,105150050,16728,2012-05-12,20,OZ,1,7.49
2935809686,17,10,1010,103400030,8247,2012-12-22,24,OZ,1,2.59
2935836732,18,59,5910,103377636,16650,2012-04-05,15,OZ,1,2.99
2935836732,18,36,3612,102113020,15704,2012-09-28,128,OZ,1,0.96
2935836732,18,53,5307,102000020,7655,2012-10-04,12,OZ,3,2.79
2935836732,18,21,2105,105200050,7054,2013-04-25,160,OZ,1,2.8
2936112729,285,63,6315,101115010,15530,2012-06-02,128,OZ,2,6.18
2936112729,285,51,5119,107332171,17710,2012-09-19,9.6,OZ,1,3.8
2936112729,285,58,5814,104470040,10837,2013-01-12,4.4,OZ,4,6
2936116201,116,56,5610,104179343,26267,2012-05-08,8,OZ,1,8.99
2936117134,108,8,807,101300010,9031,2012-06-23,28,OZ,1,3.59
2936117134,108,63,6320,1075480777,610,2012-08-31,12,CT,1,2.59
2936117134,108,72,7203,104131040,23609,2012-10-02,33.8,OZ,2,10.98
2936117134,108,37,3707,1075480777,610,2012-10-26,14.5,OZ,3,2.55
2936117134,108,37,3706,104119646,14582,2012-11-01,18.5,OZ,1,2.99
2936133326,134,8,811,1074747979,14926,2012-07-16,24,OZ,1,9.39
2936133326,134,30,3008,107110070,8280,2012-09-29,24,OZ,2,9.98
2936230469,507,97,9753,1088680484,0,2013-05-11,1,CT,1,2.09
2936257428,507,97,9753,1020489929,0,2012-09-03,1,CT,1,0.72
2936257428,507,97,9753,1020401121,0,2013-03-24,1,CT,1,0.63
2936257428,507,97,9753,1020409020,0,2013-05-12,1,CT,1,1.56
2936348368,508,97,9753,1071981272,0,2013-03-07,1,CT,1,10.39
2936350766,508,97,9753,1020406222,0,2012-05-27,1,CT,1,0.83
2936350766,508,97,9753,1022620929,0,2012-09-10,1,CT,1,5.17
2936350766,508,36,3618,101200010,23361,2012-09-10,20,OZ,1,1.56
2936350766,508,33,3303,108523989,833,2012-12-28,1.5,OZ,5,4.67
2936367464,508,35,3506,103500030,13470,2012-10-15,120,OZ,1,5.4
2936406340,508,4,405,1060069969,55864,2012-05-12,10,OZ,1,1.33
2936406340,508,9,902,102840020,17248,2013-01-21,8,OZ,1,2.93
2936409585,508,4,410,107920070,20031,2012-07-29,48,OZ,1,8.02
2936409585,508,18,1829,104650040,7249,2012-12-22,1,CT,2,5.76
2936425008,510,97,9753,1049032040,0,2012-08-28,1,CT,1,1.8
2936538434,85,63,6325,103760030,63690,2012-07-18,21,OZ,2,9.49
2936567615,101,9,908,107203070,5812,2012-09-23,15,OZ,3,4.99
2936567615,101,17,1704,1079271676,875,2013-02-24,32,OZ,3,5.85
2936572282,77,0,0,10000,20405,2012-05-28,0,,1,-1.07
2936572934,77,99,9909,107127979,6732,2012-09-05,6,OZ,3,9
2936573663,77,12,1206,108660080,2559,2012-06-04,5,OZ,2,4.78
2936573663,77,56,5620,104610040,15889,2013-05-05,8,OZ,2,4.89
2936592271,70,9,901,104400040,12600,2012-04-29,14,OZ,1,2.99
2936592271,70,59,5907,102740020,16291,2012-11-27,6,OZ,1,1.69
2936592271,70,33,3303,102840020,10241,2013-01-21,2.88,OZ,1,1.49
2936617320,69,56,5610,1072543979,40679,2012-07-29,8,OZ,1,1.14
2936638473,165,97,9781,10000,8255,2012-09-10,1,CT,1,-1.05
2936638473,165,36,3612,108265787,4687,2012-10-08,128,OZ,3,3.75
2936639052,26,57,5705,101111010,9907,2012-08-16,6,OZ,5,2
2936639052,26,26,2617,101111010,9907,2013-04-19,1,CT,1,0.8
2936643833,83,51,5125,101380010,10271,2013-02-17,6,OZ,1,2.99
2936658771,151,9,901,103010030,15828,2012-06-15,13,OZ,1,1.69
2936663769,89,5,516,101862717,9496,2012-04-22,7.4,OZ,2,6.38
2936666332,12,0,0,10000,0,2013-04-10,0,,1,0
2936676129,2,45,4508,104440040,7504,2012-06-20,17.2,OZ,1,6.99
2936684613,191,99,9909,101111010,9907,2012-10-16,6,OZ,1,0
2936684613,191,0,0,10000,0,2013-02-06,0,,1,0
2936684613,191,26,2609,104200040,5016,2013-05-14,45,CT,1,2.57
2936703381,96,7,706,107146474,2142,2012-03-29,32,OZ,1,4.79
2936703381,96,33,3305,103003434,7175,2012-06-19,8,OZ,5,12.5
2936703381,96,72,7205,103500030,3830,2013-02-13,5.5,OZ,1,3.5
2936703381,96,23,2301,103003434,7175,2013-03-04,16,OZ,1,1.39
2936703723,96,9,902,104400040,18775,2012-03-15,7.6,OZ,1,3.59
2936703723,96,37,3709,107066272,12673,2012-03-24,3,OZ,6,2.4
2936703723,96,5,501,103800030,11732,2012-07-18,15,OZ,2,6.99
2936703723,96,59,5905,103450030,10165,2013-01-09,15,OZ,1,2.79
2936704479,96,60,6001,101800010,14029,2013-02-08,14,OZ,2,5
2936704886,96,36,3611,103003434,7175,2012-09-12,405.6,OZ,1,2.48
2936750309,214,79,7901,107482070,14989,2012-04-12,1,CT,1,3.99
2936760458,214,2,201,104144949,9916,2012-04-16,21,OZ,1,2.5
2936768266,46,9,907,107131474,1061,2012-04-16,22,OZ,1,1.79
2936768266,46,63,6315,104125040,11473,2012-08-22,32,OZ,1,1.59
2936768266,46,4,417,107172070,9365,2012-11-06,4,OZ,2,2.14
2936768266,46,51,5126,1073891272,2225,2013-05-20,14,OZ,2,6
2936842686,46,99,9904,103338333,33170,2012-07-02,80,OZ,1,4.69
2936851540,3,51,5117,107989373,29344,2013-06-08,13.3,OZ,1,4.99
2936851540,3,5,502,1084667585,14157,2013-06-18,1.25,OZ,5,6.95
2936860838,95,9,907,102113020,13362,2012-03-31,22,OZ,1,-0.81
2936867509,4,35,3508,103700030,18371,2013-02-23,50,OZ,2,14.98
2936876382,15,99,9909,102113020,15704,2012-08-22,6.25,OZ,4,15.96
2936896152,48,51,5129,104656747,12717,2012-03-10,24,OZ,1,6.99
2937200577,42,37,3708,104149747,19710,2012-08-14,4.5,OZ,1,1.09
2937200577,42,0,0,10000,0,2012-11-06,0,,1,-12.87
2937200577,42,11,1112,102898929,26666,2012-11-28,5.25,OZ,1,4.99
2937200768,42,37,3703,105100050,2820,2012-09-28,10.75,OZ,2,2.58
2937367775,285,63,6317,104157040,2017,2012-09-24,64,OZ,1,3.24
2937531174,507,96,9609,1054110050,88199,2012-06-15,0,,1,-1
2937531174,507,97,9753,102285929,0,2013-01-30,1,CT,1,10.95
2937597940,508,97,9799,105113151,16044,2012-06-05,1,CT,1,3.46
2937623700,508,4,416,103400030,8247,2012-10-21,1.44,OZ,1,0.72
2937626848,508,8,814,108523989,833,2012-03-18,16,OZ,2,5
2937626848,508,38,3802,108523989,11176,2012-07-15,2,LB,1,2.09
2937667595,510,3,305,101990010,3603,2012-12-06,8.1,OZ,1,1.69
2937722996,31,12,1205,104800040,38150,2012-11-04,5,OZ,2,1.58
2937762986,85,41,4107,102000020,7655,2013-04-03,15.25,OZ,2,2.58
2937762986,85,56,5617,102100020,19279,2013-04-07,12,OZ,1,2.5
2937770917,21,8,803,106414464,7770,2012-06-06,12,OZ,1,1.25
2937771897,21,9,907,107341070,888,2012-06-22,16,OZ,1,3
2937771897,21,9,920,104400040,15335,2012-08-28,12,OZ,1,5.99
2937776506,104,4,419,105274555,6135,2012-10-16,1.5,OZ,1,1.28
2937776506,104,72,7205,103500030,3830,2012-10-29,5.5,OZ,1,3.5
2937803246,70,26,2634,103700030,3293,2012-04-03,9,RL,1,4.99
2937803246,70,8,802,103030030,3100,2012-12-29,10,OZ,1,0.89
2937811215,64,99,9904,1071575676,5278,2012-06-18,16,OZ,1,2.79
2937811215,64,5,519,103582636,6564,2013-01-01,12.3,OZ,1,2.39
2937837401,65,33,3303,102840020,10241,2012-06-24,10,OZ,1,3
2937837401,65,9,902,101410010,45039,2013-02-02,6.6,OZ,1,2.09
2937847999,370,97,9753,1023844929,0,2012-06-05,1,CT,1,9.86
2937847999,370,36,3611,1072543979,40679,2012-07-18,192,OZ,1,2.97
2937858219,165,73,7302,1030057333,250,2012-12-30,20,CT,1,4.95
2937858219,165,29,2906,107660676,968,2013-06-14,8,OZ,1,1.99
2937859446,26,73,7356,107431272,12440,2012-03-15,70,CT,1,8.89
2937859446,26,30,3001,102100020,11761,2013-02-18,15,OZ,1,3.99
2937859620,26,44,4401,103210030,15878,2012-10-12,11.5,OZ,1,5.59
2937860534,143,56,5621,101111010,9907,2012-06-10,8,OZ,1,1.79
2937860534,143,45,4513,102265525,2626,2013-02-01,48,OZ,1,11.99
2937860579,143,2,211,101330010,11211,2013-01-20,7,OZ,1,1
2937860579,143,96,9632,107675070,11386,2013-05-21,1,CT,1,25
2937863193,143,9,901,101111010,9907,2012-07-25,14,OZ,1,5.29
2937863193,143,55,5558,101111010,9907,2012-09-29,21,OZ,2,3.34
2937867675,151,37,3703,101111010,9907,2012-09-16,10.5,OZ,3,3.27
2937867675,151,63,6305,101111010,9907,2012-11-19,64,OZ,1,1.99
2937867760,126,96,9609,1053700050,88199,2013-01-27,0,,1,-0.5
2937868599,133,64,6401,101820010,2595,2013-01-09,216,OZ,1,11.69
2937868917,211,36,3601,104900040,3809,2013-02-09,144,OZ,1,4.99
2937885254,63,25,2506,105000050,32115,2013-02-28,32,OZ,1,3.54
2937887424,63,96,9609,1052220050,88199,2013-01-23,0,,1,-1
2937887424,63,51,5122,101111010,9907,2013-05-15,7.2,OZ,6,4.92
2937887424,63,51,5115,107218070,18520,2013-05-15,7.12,OZ,1,1
2937899025,2,7,706,104127141,26189,2012-06-15,64,OZ,1,4.49
2937899025,2,58,5812,101590010,1366,2012-11-30,16,OZ,1,1
2937899025,2,26,2630,101111010,9907,2013-04-18,110,CT,2,1.94
2937918181,96,57,5704,107047070,20230,2012-03-07,6,OZ,6,4.5
2937918181,96,36,3611,103003434,7175,2012-10-31,405.6,OZ,1,3.34
2937918227,96,63,6320,103003434,7175,2013-03-05,12,CT,1,1.94
2937918642,96,56,5617,103003434,7175,2012-09-03,48,OZ,1,9.99
2937919591,96,21,2108,101480010,12021,2012-11-28,64,OZ,1,2.99
2937919591,96,4,418,103400030,8247,2013-03-22,5.7,OZ,1,4
2937919591,96,36,3611,104900040,4599,2013-03-22,20,OZ,1,1.69
2937919968,96,5,501,101600010,10797,2012-11-14,16,OZ,1,0
2937919968,96,4,421,107339070,23682,2013-02-26,2,OZ,1,1.25
2937928980,214,29,2902,101490010,19995,2013-02-26,15,OZ,1,1.25
2937938885,214,26,2607,104122040,23511,2012-11-19,1,CT,1,0.99
2937947906,214,58,5823,104470040,13310,2012-11-02,10,OZ,1,2.5
2937960538,214,32,3202,107040474,14245,2012-08-11,24,OZ,1,3.97
2938007100,46,51,5115,107192171,25673,2012-05-07,34.2,OZ,1,5.79
2938054434,95,69,6901,107940070,1141,2013-01-12,3,OZ,1,3.99
2938070290,18,64,6408,108500080,86330,2012-04-24,0.75,LT,1,6.99
2938070290,18,4,418,103400030,8247,2013-04-11,15.92,OZ,1,6.59
2938080424,360,51,5121,104369545,10274,2012-03-05,9,OZ,1,2.49
2938080424,360,33,3305,102840020,15870,2012-11-11,11,OZ,1,2
2938080424,360,65,6501,107891373,66738,2012-11-20,6,OZ,1,2.29
2938080431,360,49,4902,104670444,18213,2012-07-08,13.5,OZ,1,6
2938080431,360,75,7501,104589343,17521,2013-03-24,18,OZ,1,3.49
2938385681,42,45,4508,103549333,26303,2012-08-25,10,OZ,1,7.99
2938385681,42,55,5552,104149747,19710,2012-11-24,48,OZ,1,3.49
2938677662,507,5,501,101862717,9496,2012-04-24,15,OZ,1,2.6
2938677662,507,9,912,108523989,833,2013-01-16,16,OZ,1,3.12
2938803273,508,97,9724,104603444,86536,2012-04-12,1,CT,1,8.75
2938803273,508,34,3402,1030029939,3224,2012-06-02,8,OZ,1,6.18
2938924620,85,2,201,101330010,11211,2012-12-19,18.5,OZ,1,2.29
2938924620,85,11,1112,102898929,26666,2013-03-24,10,OZ,2,6.9
2938931106,21,9,910,101410010,13791,2012-10-06,7.5,OZ,1,2.5
2938931106,21,9,922,102560020,18051,2013-03-13,14.25,OZ,1,2.79
2938931181,21,23,2310,107484777,16228,2012-09-16,14,OZ,2,3.54
2938932741,21,9,913,104812141,18322,2012-04-22,24,OZ,1,2.49
2938932741,21,58,5825,104450040,8318,2012-06-24,13,OZ,2,6.98
2938932741,21,5,517,103800030,69260,2012-07-03,10.4,OZ,1,3.29
2938932741,21,37,3705,104119646,14582,2012-10-04,19,OZ,2,3.7
2938932741,21,63,6332,104850040,61745,2013-02-24,59,OZ,1,2.99
2938932741,21,5,501,103800030,758,2013-07-12,17,OZ,1,3.85
2938934724,21,99,9908,103338333,33170,2012-04-07,16,OZ,1,1.99
2938934724,21,55,5558,107585676,9798,2012-05-26,27,OZ,1,3.49
2938934724,21,23,2301,107130070,15474,2012-06-16,16,OZ,1,1.49
2938934849,21,63,6316,107148171,6765,2012-08-04,16,OZ,1,2.19
2938934849,21,31,3108,101360010,4916,2012-12-23,13,OZ,2,2.58
2938934849,21,34,3411,101700010,15288,2013-02-07,13.5,OZ,1,3.49
2938935038,21,47,4706,107047070,20230,2012-07-19,4.5,OZ,1,3.49
2938935038,21,23,2301,107680878,1393,2012-07-25,16,OZ,1,1.49
2938935447,21,33,3303,102840020,10241,2012-08-26,10.5,OZ,1,2.14
2938935447,21,26,2633,105400050,16048,2013-01-06,4,RL,1,4.29
2938935447,21,71,7113,107940070,17521,2013-02-10,15,OZ,1,1.25
2938935533,21,63,6314,104119040,16347,2012-05-19,16,OZ,1,1.49
2938935542,21,49,4901,104330141,12339,2012-06-13,28,OZ,1,2.99
2938935542,21,99,9908,103338333,33170,2012-09-29,16,OZ,1,1.79
2938935542,21,31,3101,103384434,1257,2012-09-29,4.5,OZ,1,2.49
2938936178,21,53,5307,104119040,16347,2012-04-19,12,OZ,4,6
2938937786,21,5,501,101600010,10797,2012-07-19,11.5,OZ,1,4.19
2938938558,100,26,2620,101810010,25075,2012-05-08,8,CT,2,3
2938998229,65,99,9909,107143070,5072,2013-05-17,6,OZ,1,2.3
2938998533,68,9,913,104812141,18322,2012-05-18,12,OZ,1,2.5
2939024359,165,63,6313,102670020,4664,2013-04-17,8,OZ,1,1.39
2939025126,165,8,811,1074747979,14926,2012-03-26,15.5,OZ,1,5.99
2939026217,26,73,7302,104126040,9907,2013-02-09,100,CT,1,4.28
2939028516,26,4,418,104000040,16765,2012-10-13,11.18,OZ,1,2.5
2939035989,98,96,9609,1053076858,88199,2012-04-18,0,,1,-4
2939035989,98,33,3312,103700030,14494,2012-07-15,6.38,OZ,2,1.98
2939035989,98,75,7520,104126040,9907,2012-07-15,80,CT,2,5.98
2939035989,98,56,5621,101111010,9907,2012-12-02,8,OZ,2,5
2939036994,126,0,0,10000,0,2012-05-02,0,,2,0
2939036994,126,33,3303,102840020,10241,2012-06-23,10,OZ,3,8.97
2939036994,126,33,3308,101111010,9907,2012-12-05,7,OZ,1,1.67
2939039892,431,55,5556,101111010,9907,2012-03-04,48,OZ,2,7.24
2939039892,431,56,5607,102100020,13967,2012-10-29,8,OZ,1,2.39
2939040167,89,72,7205,103700030,4294,2012-08-25,6.4,OZ,1,1.5
2939042792,98,56,5620,101111010,9907,2012-12-28,8,OZ,1,1.55
2939042792,98,44,4404,101111010,9907,2013-02-04,14,OZ,1,1.35
2939048695,98,2,208,105150050,14029,2012-12-03,14,OZ,1,2.25
2939048695,98,9,902,103010030,3744,2013-01-06,11,OZ,1,4.19
2939048695,98,8,807,102100020,9886,2013-04-03,17.5,OZ,1,1
2939049113,89,99,9904,1071575676,5278,2012-07-08,6,OZ,1,2.19
2939049113,89,9,970,103800030,62065,2012-07-27,14,OZ,1,1.67
2939049113,89,63,6312,101405414,12973,2013-03-27,12,OZ,3,3.87
2939055742,12,7,709,102550020,6550,2012-05-20,3.81,OZ,1,8.99
2939055742,12,29,2903,106414464,3342,2012-07-22,14.75,OZ,3,3
2939055742,12,4,418,103400030,8247,2012-12-10,11,OZ,1,3
2939055742,12,82,8201,101111010,9907,2012-12-18,8,CT,1,4.02
2939055742,12,96,9609,1057192151,88199,2013-02-24,0,,1,-1
2939079517,166,97,9753,1022023626,0,2013-01-11,1,CT,1,2.49
2939079517,166,5,501,108634181,27627,2013-03-15,14,OZ,1,2.99
2939086811,96,51,5123,101380010,27474,2013-04-06,40,OZ,1,7.99
2939087112,96,4,421,102200020,16565,2012-10-27,10.72,OZ,1,2.5
2939087354,96,96,9609,10990000090,88199,2012-04-23,0,,1,2
2939087354,96,34,3406,101111111,73313,2012-10-23,24,OZ,1,5.39
2939088079,96,0,0,10000,0,2013-04-07,0,,1,0
2939088604,96,33,3303,103003434,7175,2012-06-16,8.5,OZ,1,2.99
2939088604,96,58,5827,103003434,7175,2012-10-26,16,OZ,1,3.59
2939088604,96,64,6401,101820010,11616,2012-10-26,144,OZ,1,12.49
2939093191,214,59,5907,101111515,8760,2012-12-13,16,OZ,1,0.88
2939093191,214,41,4107,102000020,7655,2013-03-06,15,OZ,1,2.88
2939094406,214,58,5831,1064220565,23259,2012-03-19,16,OZ,2,6.96
2939094406,214,8,810,105210050,11382,2012-07-17,1.25,OZ,1,0.65
2939094406,214,9,907,101410010,45039,2012-10-01,12,OZ,1,2.98
2939099424,214,96,9609,1052100050,88199,2012-07-21,0,,1,-0.75
2939099424,214,58,5823,104470040,13310,2013-03-06,16,OZ,1,4.98
2939099424,214,99,9908,1075166676,52506,2013-05-28,10.5,OZ,1,2.78
2939107252,214,23,2301,101270010,16555,2012-04-05,12,OZ,1,1
2939107252,214,2,210,101600010,1910,2012-12-05,5.64,OZ,1,0.81
2939115164,214,63,6315,104122040,23511,2012-06-21,128,OZ,1,3.58
2939115164,214,33,3316,101600010,3397,2013-03-21,8,OZ,1,1.98
2939119991,214,26,2606,105543757,11482,2012-04-11,200,CT,1,1.49
2939119991,214,7,707,103570030,3929,2012-08-11,12,OZ,1,5.68
2939119991,214,3,311,105150050,14029,2012-11-03,16,OZ,1,1.5
2939119991,214,19,1908,104530040,13915,2013-01-19,16.3,OZ,1,2.54
2939133453,206,24,2410,102100222,48487,2012-09-27,6,OZ,1,3.78
2939150022,46,44,4404,107105272,3829,2012-11-02,10.5,OZ,2,5.18
2939150022,46,99,9904,103338333,33170,2012-11-15,48,OZ,1,5.29
2939171351,46,41,4107,107067070,15112,2012-11-26,7.5,OZ,2,3
2939173569,46,33,3302,104125040,11473,2012-03-19,10.5,OZ,1,1.5
2939173569,46,29,2908,104125040,11473,2012-12-19,16,OZ,1,1.15
2939173569,46,18,1850,102848424,25359,2013-02-01,3,CT,1,3.99
2939186318,46,64,6408,102129626,13642,2013-03-01,1,LT,1,4.99
2939186318,46,29,2908,107152474,10039,2013-05-30,16,OZ,2,1.98
2939199900,46,29,2923,104100040,9814,2012-10-05,4.4,OZ,2,2.1
2939199900,46,56,5615,104125040,11473,2012-11-30,8,OZ,3,6
2939215966,20,26,2611,103600030,4814,2013-02-16,10,CT,1,12.99
2939678076,400,9,907,107882171,12633,2012-08-12,20,OZ,1,1.99
2939797258,24,33,3318,102840020,15441,2013-01-24,16,OZ,1,2.88
2939819976,507,37,3707,108523989,11176,2012-06-04,32,OZ,1,1.98
2939840274,507,73,7302,1030057333,250,2013-03-22,200,CT,1,13.59
2939846872,507,33,3312,101600010,18599,2012-07-28,2.12,OZ,1,1
2939896387,507,97,9753,1074189575,0,2012-11-20,1,CT,3,37.77
2939897072,507,97,9753,1076594070,0,2013-02-22,1,CT,1,1.05
2939930109,508,97,9753,1049016040,0,2013-03-19,1,CT,1,3.6
2939939299,508,4,421,104000040,16565,2012-08-10,4,OZ,1,1.05
2939939299,508,29,2905,107313070,2079,2013-02-28,10,OZ,1,3.97
2939983154,510,11,1111,103800030,17050,2012-03-27,40,OZ,2,12.58
2940000281,510,97,9753,107166272,0,2012-12-23,1,CT,1,1.04
2940057937,31,56,5620,102114020,19950,2013-02-13,8,OZ,1,3.59
2940066430,40,49,4901,101312010,26885,2013-01-20,32,OZ,2,6.58
2940066430,40,26,2606,102114020,19950,2013-01-20,200,CT,1,2.19
2940072940,16,63,6320,1071514171,25530,2012-03-08,12,CT,1,3.69
2940091295,21,37,3707,102400020,3843,2013-01-12,14.5,OZ,1,0.86
2940091993,21,2,201,105150050,14029,2012-10-25,15.25,OZ,1,1
2940093097,100,26,2628,103700030,2248,2012-04-01,2,RL,1,4.99
2940093097,100,26,2628,103700030,2248,2012-06-10,2,RL,1,4.99
2940108936,101,57,5704,103663232,4568,2012-05-10,6,OZ,3,1.5
2940108936,101,72,7215,103700030,4294,2012-08-02,0.06,OZ,-1,-35.99
2940132242,65,62,6201,1085565181,54847,2012-05-14,16,OZ,1,2.09
2940132242,65,0,0,10000,20405,2012-08-31,0,,1,-10.02
2940133866,65,96,9609,1050057353,88199,2012-07-15,0,,1,-1
2940133866,65,96,9609,1053663252,88199,2012-11-06,0,,1,-1
2940133866,65,33,3318,1072543979,40679,2013-07-22,16,OZ,1,1.07
2940134654,65,63,6315,1072543979,40679,2013-02-02,128,OZ,1,3.79
2940145299,64,5,519,103582636,6564,2012-03-05,12.3,OZ,2,5.29
2940151179,64,58,5823,103582636,6564,2012-04-14,9,OZ,1,1.69
2940151179,64,9,922,102430020,10577,2012-06-10,13,OZ,1,1.69
2940180209,165,36,3604,107800070,2829,2012-03-08,60,OZ,1,3.49
2940180209,165,9,907,107294575,15878,2012-11-08,20,OZ,1,1.99
2940180215,165,41,4108,107203676,7953,2012-10-27,15.25,OZ,1,0.77
2940180215,165,12,1205,108000080,17292,2013-04-06,2.6,OZ,1,1.5
2940181449,26,99,9904,103338333,33170,2012-03-10,64,OZ,1,3.99
2940181449,26,16,1604,101254616,18738,2012-06-11,14,CT,1,1.49
2940181449,26,41,4110,103940030,71386,2013-07-24,28,OZ,1,1.87
2940186329,26,96,9609,1057020050,88199,2012-07-01,0,,2,-1
2940189590,98,41,4106,101111010,9907,2012-04-10,7,OZ,2,1.5
2940189590,98,0,0,10000,0,2012-08-30,0,,1,0
2940189590,98,33,3303,108411484,9596,2013-03-25,8.5,OZ,1,2.97
2940192612,89,5,516,101600010,12426,2013-01-21,6,OZ,1,2.99
2940196008,431,51,5125,102580020,16668,2013-02-21,9,OZ,2,3.58
2940207482,12,9,902,104400040,12279,2013-03-30,9,OZ,1,2.99
2940216917,2,11,1112,108405989,7012,2012-05-26,10,OZ,2,7.18
2940216917,2,33,3309,107373171,11786,2012-11-24,20,OZ,1,4.19
2940216917,2,56,5610,103114232,25202,2013-03-24,5,OZ,1,3.99
2940216917,2,63,6312,102500020,16487,2013-04-21,13.5,OZ,1,1.99
2940216917,2,15,1504,101111010,14907,2013-06-20,10,OZ,2,5
2940223765,191,96,9632,104126040,6678,2012-08-04,1,CT,1,50
2940223765,191,63,6305,101111010,6678,2012-11-05,128,OZ,1,2.99
2940223765,191,63,6305,101111010,6678,2013-04-22,64,OZ,2,2.5
2940223765,191,41,4109,105200050,19212,2013-05-19,15,OZ,2,1
2940240050,96,10,1010,103400030,8247,2012-04-18,22,OZ,1,2.89
2940240050,96,96,9632,1088590989,8990,2012-11-05,1,CT,1,15
2940240050,96,55,5555,107684070,32094,2012-11-05,16,OZ,1,4.99
2940241048,96,95,9518,1072047373,7848,2012-11-19,1,CT,1,3.49
2940241048,96,10,1013,103890030,5072,2012-12-26,16,OZ,2,5
2940241210,96,27,2709,102310020,18139,2012-12-29,3.45,OZ,3,5
2940270439,214,63,6313,104122040,23511,2013-02-11,16,OZ,1,1.25
2940284700,206,36,3618,104900040,23359,2012-05-05,96,OZ,1,4.48
2940284700,206,41,4108,103940030,71386,2012-10-07,15.5,OZ,2,2.56
2940284887,206,36,3612,108685484,28878,2012-12-12,128,OZ,2,2.16
2940286212,206,63,6330,107524373,11352,2013-03-28,8,OZ,2,5.34
2940296860,46,33,3303,1071928373,11473,2012-09-21,13,OZ,1,3.29
2940304693,46,56,5607,102100020,13967,2012-08-05,8,OZ,1,2.69
2940304693,46,97,9712,106025868,2393,2013-03-09,3,CT,1,14.97
2940312857,46,47,4701,104125040,11473,2012-05-08,12,OZ,1,1.5
2940312857,46,63,6314,104125040,11473,2012-10-17,16,OZ,1,1.69
2940312857,46,9,902,102410020,44209,2012-11-28,6,OZ,1,1.99
2940312857,46,26,2622,104125040,11473,2013-02-11,20,CT,1,1.67
2940321469,46,26,2631,1071928373,11473,2012-06-02,40,CT,1,2.19
2940332995,46,23,2301,103340030,15474,2012-11-29,12,OZ,1,2.05
2940332995,46,10,1012,1071928373,11473,2013-01-18,14,OZ,2,1.72
2940332995,46,37,3707,105100050,17812,2013-03-29,14.5,OZ,1,1.05
2940368368,88,56,5614,104610040,15889,2012-09-18,9,OZ,2,9.98
2940371908,95,32,3202,102700020,19737,2012-11-01,48,OZ,1,4.29
2940371908,95,23,2301,107680878,1393,2012-12-07,14.5,OZ,2,4.78
2940375908,4,3,303,107116979,1756,2012-03-23,0.67,OZ,1,2.23
2940375908,4,36,3629,101200010,23360,2012-05-06,144,OZ,1,6.29
2940375908,4,64,6401,107289070,8159,2012-05-27,24,OZ,1,2.99
2940375908,4,54,5401,103800030,5618,2013-03-01,12.3,OZ,1,3.2
2940375908,4,9,912,102113020,15704,2013-04-08,18,OZ,1,2.99
2940684869,42,99,9908,104149747,19710,2012-04-05,16,OZ,2,3.98
2940833900,285,25,2506,105000050,32115,2012-05-16,32,OZ,1,3.69
2940833900,285,29,2907,104600040,13023,2012-08-05,14,OZ,1,2.5
2940833900,285,63,6316,104148343,9547,2012-12-11,8,OZ,2,2.18
2940853488,134,33,3304,102840020,6777,2012-09-06,10.5,OZ,1,3
2940853488,134,10,1013,103890030,5072,2013-01-05,17.2,OZ,1,2.34
2940898838,10,63,6313,102670020,4664,2013-06-16,16,OZ,1,1.98
2940924160,377,99,9908,107878373,26033,2012-03-07,10,OZ,1,1.79
2940946866,507,97,9753,1071496373,0,2012-05-09,1,CT,1,1.82
2940946866,507,63,6312,102500020,16487,2012-05-27,13.5,OZ,1,0.94
2941051300,510,97,9753,1020801121,0,2012-11-14,1,CT,2,0.5
2941058726,508,72,7214,101254616,18738,2012-04-04,12,CT,1,0.5
2941102852,510,4,427,10980090,18366,2012-03-16,1,OZ,2,2.18
2941140601,510,45,4511,108523989,11176,2013-02-17,25,OZ,1,7.65
2941140601,510,26,2615,107301070,17990,2013-03-08,54,CT,1,7.34
2941144429,510,97,9753,108268686,0,2012-10-30,1,CT,1,2.1
2941221645,31,27,2713,105000050,11668,2012-12-30,5.5,OZ,2,1.4
2941221645,31,19,1908,102114020,19950,2013-01-30,18,OZ,1,3.19
2941308373,21,37,3707,102400020,3843,2012-10-20,14.5,OZ,4,4
2941310111,21,45,4508,101116212,12131,2012-03-03,23,OZ,1,4.24
2941310699,21,41,4107,104119040,16347,2012-05-08,8.5,OZ,1,0.75
2941311022,21,3,307,107151878,8349,2012-11-19,16,OZ,1,0.99
2941311022,21,45,4511,107274575,13804,2013-04-12,27,OZ,1,7.99
2941311112,21,63,6323,102830020,16257,2013-03-20,12,OZ,2,2
2941311459,21,22,2211,103320030,875,2012-06-23,100,CT,1,2.99
2941311459,21,9,902,104400040,3334,2012-11-10,11.75,OZ,1,2.29
2941311459,21,8,810,105210050,11382,2012-11-17,0.87,OZ,1,0.5
2941332227,240,9,907,104114444,365,2012-09-07,11,OZ,1,3.49
2941372425,77,41,4107,102000020,10265,2013-02-05,15,OZ,1,1.99
2941387782,70,17,1703,1073291373,23643,2012-05-23,32,OZ,1,2.99
2941468348,65,8,818,105100050,14403,2012-03-26,24,OZ,3,5
2941496269,64,49,4901,1072543979,40679,2012-03-15,32,OZ,1,2.39
2941496269,64,63,6320,1072543979,40679,2012-08-18,6,CT,1,1.4
2941536563,165,23,2301,102920020,12168,2012-05-20,16,OZ,2,3.3
2941536856,165,56,5609,107203676,7953,2012-10-20,24,OZ,1,1.97
2941537425,165,63,6315,105215959,41981,2013-03-09,64,OZ,1,4.69
2941537425,165,9,922,103800030,17050,2013-04-17,4.4,OZ,1,3.49
2941537627,165,26,2609,101370010,8154,2012-03-31,50,CT,1,1.49
2941552148,126,9,914,107343575,9705,2012-03-28,12,OZ,1,3.49
2941552148,126,58,5833,101111010,9907,2012-07-07,16,OZ,1,3.29
2941552148,126,91,9122,108200080,2911,2012-08-31,10,OZ,2,4
2941552148,126,36,3628,101200010,12029,2012-11-09,67.6,OZ,4,3.56
2941552148,126,41,4120,101111010,9907,2013-01-11,6,OZ,1,0.59
2941553059,126,62,6201,101111010,9907,2012-06-23,16,OZ,1,2
2941553059,126,63,6314,101111010,9907,2012-07-24,16,OZ,1,1
2941553059,126,29,2908,104430040,15487,2013-01-12,16,OZ,1,1
2941570975,140,18,1841,103700030,17864,2012-05-31,24,CT,1,9.99
2941598105,98,23,2301,107680878,1393,2012-06-23,13.25,OZ,1,1.18
2941598105,98,19,1908,101111010,9907,2012-07-21,18,OZ,2,5
2941598105,98,4,418,103400030,8247,2012-12-16,11,OZ,1,3
2941598105,98,0,0,10000,0,2013-01-06,0,,1,0
2941598105,98,71,7113,107940070,17521,2013-03-24,12.6,OZ,2,6.58
2941598105,98,79,7902,1063795363,45297,2013-05-26,0,,1,2.5
2941604082,140,5,501,103000030,45635,2013-01-05,13,OZ,3,5.64
2941604082,140,5,516,101862717,9496,2013-01-15,8.4,OZ,1,2.49
2941604940,89,9,908,101111010,33170,2012-05-23,14,OZ,2,6.58
2941604940,89,58,5833,101111010,9907,2012-08-12,16,OZ,1,4.19
2941604940,89,51,5126,101380010,27474,2012-08-29,19,OZ,1,3.28
2941604940,89,56,5616,101111010,20588,2012-12-05,8,OZ,2,8.16
2941614326,151,5,501,1088491282,8471,2012-08-08,12.5,OZ,1,3.89
2941614326,151,63,6317,104157040,2017,2012-09-07,64,OZ,1,2.99
2941614326,151,5,501,103000030,58434,2013-04-08,13,OZ,1,2.99
2941615965,89,23,2301,107680878,1393,2012-07-14,12,OZ,1,1.38
2941615965,89,4,416,103400030,15113,2012-10-21,1.2,OZ,4,2.67
2941621194,140,71,7106,103700030,8047,2012-08-28,14.2,OZ,1,4.5
2941621194,140,26,2628,103600030,9787,2013-01-21,1,RL,2,4.18
2941647480,166,8,805,105160050,10267,2013-01-02,10,OZ,1,3.69
2941667369,96,41,4107,101122515,19197,2012-10-07,14.5,OZ,1,0.75
2941670276,96,99,9908,103338333,33170,2012-05-29,13,OZ,1,2.99
2941670276,96,29,2907,103900030,13296,2012-06-23,5.8,OZ,1,2
2941670276,96,63,6305,104850040,18799,2013-06-18,59,OZ,1,3
2941670276,96,99,9908,105783656,17665,2013-06-18,12,OZ,1,2.5
2941670318,96,57,5704,105215959,41981,2012-08-03,32,OZ,2,7.98
2941670318,96,0,0,10000,0,2013-03-02,0,,1,0
2941681179,214,41,4121,107538676,4702,2013-06-05,7.4,OZ,4,1.12
2941753051,214,97,9753,1023870929,0,2012-03-27,1,CT,1,4.68
2941862558,46,99,9908,103260131,5489,2012-06-06,16,OZ,2,2
2941929897,46,33,3304,102840020,6777,2012-11-30,1.25,OZ,1,0.5
2941978932,18,51,5121,107989373,5537,2013-07-09,8,OZ,4,8
2941979428,15,63,6315,102113020,10786,2012-07-20,128,OZ,1,2.8
2941988548,20,26,2615,103600030,9878,2012-12-05,36,CT,1,5.99
2941988548,20,36,3601,104900040,3809,2013-06-05,67.6,OZ,1,1.67
2942012450,4,28,2805,1070581474,98643,2012-12-21,6,OZ,1,-2.79
2942034787,360,8,807,101340919,17823,2012-04-30,28,OZ,4,13.16
2942034787,360,28,2805,104173545,14456,2012-05-18,6,OZ,1,1.5
