3652207805,46,29,2903,106414464,3342,2013-02-10,15,OZ,1,1
3652215253,46,29,2928,107142979,20299,2012-06-10,8,OZ,1,1.72
3652215253,46,1,106,1070882070,11473,2013-01-13,1.48,OZ,1,1.67
3652216058,46,63,6305,104125040,11473,2012-06-04,64,OZ,1,1.99
3652222741,46,49,4901,101312010,26885,2013-03-23,26,OZ,1,2.99
3652241587,46,73,7302,1037513737,13802,2013-03-09,40,CT,3,16.14
3652244187,46,99,9904,103338333,33170,2012-07-07,48,OZ,1,3.69
3652244187,46,7,707,1071373373,11473,2013-01-14,33,OZ,1,5.99
3652244187,46,99,9908,101284212,29220,2013-02-24,16,OZ,1,2.49
3652244187,46,41,4105,107090070,4697,2013-03-03,28,OZ,2,2.5
3652244187,46,5,501,103000030,14760,2013-03-27,10.5,OZ,1,2.5
3652246031,46,51,5125,101380010,10271,2013-01-19,10.5,OZ,1,1.69
3652246577,46,21,2109,104180040,19713,2012-12-02,64,OZ,1,3.95
3652259996,46,74,7407,104740040,7196,2012-06-15,12,CT,1,6.94
3652290287,4,36,3635,107478070,13856,2012-08-25,25.3,OZ,3,2
3652290287,4,69,6901,107940070,1141,2012-09-11,2.7,OZ,1,3.99
3652290287,4,36,3635,107478070,13856,2013-05-12,25.3,OZ,2,3
3652298694,15,99,9908,107989373,12908,2012-11-10,48,OZ,2,9.98
3652311882,360,96,9609,1053000050,88199,2012-05-03,0,,2,-2
3652311882,360,57,5710,1089470080,21065,2013-03-11,5.3,OZ,2,2.58
3652734041,285,18,1802,104316848,25919,2012-05-18,1,CT,1,2.99
3652734041,285,57,5707,103663232,4568,2012-09-14,18.6,OZ,1,2.15
3652734187,285,55,5560,104154848,5603,2013-01-27,14.7,OZ,1,4.29
3652734409,285,5,501,108634181,27627,2012-09-09,14,OZ,1,3.99
3652734409,285,7,702,102550020,6550,2013-01-12,8,OZ,1,6.39
3652734409,285,36,3618,101200010,23361,2013-03-10,67.6,OZ,1,1.25
3652906763,507,75,7501,101910010,9158,2012-08-26,10,OZ,1,2.79
3652906763,507,34,3402,108730080,50958,2013-02-18,2,OZ,2,9.98
3652965392,508,57,5704,107047070,20230,2012-05-27,6,OZ,4,2.68
3652965392,508,41,4121,102700020,8612,2013-02-10,8,OZ,1,0.39
3652978920,508,9,970,103800030,62065,2012-09-12,21,OZ,1,2.59
3652978920,508,73,7304,1037003030,23664,2013-01-22,8,OZ,1,2.35
3652990187,508,97,9753,107603171,0,2012-05-27,1,CT,1,9.99
3652997105,508,97,9753,1084730282,0,2012-10-11,1,CT,2,2
3653001519,508,39,3903,108523989,11176,2012-11-26,16,OZ,1,2.35
3653023845,509,30,3008,107110070,8280,2013-02-08,16,OZ,2,5.64
3653034437,510,71,7114,103878535,1079,2012-04-24,14,OZ,1,3.2
3653034437,510,97,9753,1049025040,0,2012-04-26,1,CT,4,11.82
3653193690,31,8,818,105100050,14403,2013-04-14,45,OZ,2,8.38
3653229280,16,97,9753,1088100686,0,2012-07-23,1,CT,1,2.99
3653230302,16,36,3630,101200010,13794,2012-04-06,67.6,OZ,1,1.89
3653230302,16,8,835,1073475676,17491,2012-08-12,12,OZ,1,4.19
3653231805,21,10,1011,107349171,9883,2012-11-17,24,OZ,1,2.49
3653247239,370,33,3307,108186484,7870,2012-09-05,12,OZ,1,1.47
3653247239,370,36,3632,1072543979,40679,2013-06-07,12,OZ,1,-0.66
3653257434,70,51,5117,1072543979,40679,2013-01-24,20.85,OZ,1,2.2
3653295599,165,25,2506,105000050,32115,2013-05-25,32,OZ,1,3
3653297048,165,9,907,107203676,7953,2012-06-24,10.2,OZ,1,4.49
3653298129,26,46,4606,101111010,85048,2013-03-26,10,OZ,1,2.84
3653303878,89,53,5307,107056070,14005,2012-03-20,10,OZ,2,4.38
3653303878,89,55,5566,107239272,35856,2012-04-17,100,OZ,1,4.29
3653303878,89,5,520,107246373,11377,2012-10-22,16,OZ,1,3.69
3653309246,98,5,501,101600010,3331,2012-09-27,12,OZ,1,2.5
3653309246,98,56,5617,102100020,9886,2012-11-12,10.7,OZ,1,1.99
3653309246,98,0,0,10000,0,2013-01-05,0,,1,0
3653309246,98,44,4406,103800030,5618,2013-02-13,12.9,OZ,1,1.6
3653312214,126,99,9904,1064312666,5072,2012-03-26,1,CT,2,7
3653312214,126,5,516,102190828,10187,2013-02-05,1.7,OZ,5,5
3653320801,431,53,5329,101111010,9907,2012-05-02,12,OZ,2,2
3653320801,431,26,2622,101111010,9907,2012-05-02,50,CT,1,1.69
3653320801,431,5,501,103800030,11732,2012-08-01,18,OZ,1,1.99
3653325635,63,29,2924,101740010,11748,2012-10-19,8.8,OZ,1,2.59
3653354825,184,10,1013,103890030,5072,2012-12-10,17.2,OZ,2,5.18
3653354904,184,55,5558,108793282,13877,2013-03-15,35,OZ,1,5.99
3653355859,184,58,5827,1074164373,10768,2012-03-05,16,OZ,1,3.99
3653356873,184,30,3010,104133545,43106,2012-06-01,16,OZ,1,3.49
3653358650,184,63,6315,107145272,10768,2012-06-12,128,OZ,1,4.19
3653358650,184,5,516,1060265262,9673,2013-02-27,1.4,OZ,4,7.56
3653359312,184,33,3305,102840020,15870,2012-11-06,11,OZ,1,2
3653359334,184,97,9753,10000,0,2012-08-06,1,CT,1,1.29
3653360214,184,58,5812,102531727,763,2013-02-15,12,OZ,1,5.29
3653360706,184,35,3509,107261373,401,2012-03-27,50,OZ,3,16.65
3653360730,184,14,1404,1074164373,10768,2012-08-28,23.4,OZ,4,9
3653362211,184,26,2630,103700030,14647,2013-01-28,180,CT,2,4.98
3653364516,184,9,907,107341070,13291,2012-10-25,12,OZ,1,3.89
3653364516,184,64,6408,108600383,15377,2012-10-29,1.5,LT,1,15.99
3653364516,184,58,5823,104470040,13310,2012-12-12,9,OZ,2,8.98
3653366357,96,17,1710,104460040,29030,2013-04-23,32,OZ,1,5.39
3653366574,96,99,9909,1082486282,18063,2012-04-09,12.55,OZ,1,3.99
3653366574,96,17,1703,101920010,10882,2012-05-23,40,OZ,1,3.89
3653366574,96,30,3001,101300010,8164,2012-11-25,11.5,OZ,1,2.69
3653366574,96,9,902,104400040,15335,2012-12-24,8.1,OZ,1,2.5
3653367542,96,55,5559,107756777,14286,2012-11-10,33,OZ,1,4.5
3653367542,96,35,3504,103500030,13470,2012-11-17,25,OZ,1,2
3653367542,96,96,9609,1051480050,88199,2013-03-09,0,,1,-1
3653367646,96,74,7407,104740040,7196,2012-07-29,2,CT,1,8.99
3653367646,96,9,901,104400040,85927,2012-08-11,8.8,OZ,2,6
3653367646,96,56,5612,103003434,7175,2013-02-08,12,OZ,1,6.99
3653367800,96,11,1112,1075928373,2083,2012-12-03,10,OZ,1,4
3653367800,96,63,6320,103003434,7175,2012-12-10,6,CT,1,0.99
3653379474,214,56,5616,104122040,23511,2012-08-16,12,OZ,1,2.68
3653396794,214,51,5125,105010050,8089,2012-10-12,12.5,OZ,1,2.48
3653396794,214,11,1114,107027272,5613,2013-04-18,32,OZ,2,8.96
3653406580,214,99,9904,103338333,33170,2012-09-13,16,OZ,1,1.78
3653446483,46,99,9904,1071575676,5278,2012-07-16,6,OZ,2,2
3653457928,46,31,3101,104010040,27443,2012-08-20,2,OZ,1,4.79
3653476496,46,9,908,104125040,11473,2012-11-28,16,OZ,1,3.49
3653493059,46,97,9748,107166272,4239,2012-07-28,50,CT,2,11.98
3653493059,46,33,3307,101411313,23033,2012-09-22,16,OZ,1,5.99
3653493059,46,96,9632,107675070,52482,2013-01-10,1,CT,1,40
3653493059,46,45,4509,104440040,7504,2013-02-13,9,OZ,1,4.99
3653493059,46,4,407,103400030,18947,2013-02-23,32,OZ,2,5
3653508713,46,63,6305,1071373373,11473,2012-06-04,128,OZ,1,3.79
3653517429,14,99,9909,107127979,6732,2013-01-15,10,OZ,1,4.99
3653548103,360,29,2914,101356212,713,2012-09-15,6,OZ,1,1.69
3653954153,285,99,9908,103338333,33170,2012-11-28,16,OZ,1,1.99
3653960100,108,21,2106,105100050,27873,2012-03-14,64,OZ,2,5
3653960100,108,9,907,107518575,11221,2012-09-24,18,OZ,1,3.49
3653973512,134,37,3707,101121313,17040,2012-04-16,14,OZ,1,0.89
3653973512,134,49,4901,101312010,26885,2012-09-03,20,OZ,1,2.5
3653973512,134,58,5807,104450040,8318,2012-12-24,9,OZ,1,2.99
3654016813,377,7,707,1071754474,17649,2013-01-03,33.9,OZ,1,5.99
3654133990,507,3,302,102800020,30272,2012-03-03,12,OZ,1,2.82
3654136897,507,64,6408,1018898515,21745,2012-05-25,0.75,LT,1,10.99
3654157360,508,57,5709,105215959,41981,2012-10-09,24,OZ,1,3.69
3654208835,510,54,5403,107790070,9200,2012-05-14,30,OZ,1,7.17
3654333447,10,55,5552,107756777,2347,2012-11-27,48,OZ,1,3.5
3654333447,10,28,2804,104600040,13023,2013-02-13,4.5,OZ,1,1.39
3654361333,31,9,907,107225070,3769,2012-03-19,16,OZ,1,1.79
3654361333,31,33,3303,104126242,19971,2012-07-18,7,OZ,1,2.5
3654361333,31,31,3108,101360010,4916,2012-07-24,13,OZ,1,0.99
3654361333,31,8,838,102100020,9886,2013-02-18,5,OZ,1,1.69
3654366921,31,26,2620,102114020,19950,2013-01-18,20,CT,1,1.79
3654369824,31,9,907,107225070,12465,2013-01-25,20,OZ,1,2.99
3654369824,31,9,920,104400040,15335,2013-03-11,6.25,OZ,2,5
3654371147,31,29,2914,102100020,9886,2013-03-30,12.6,OZ,2,2.79
3654374075,31,56,5604,107027777,1008,2012-03-08,8,OZ,1,7.99
3654374075,31,16,1604,103400030,8682,2012-03-10,40,CT,1,3.49
3654374075,31,30,3008,104133545,43106,2012-03-19,2,OZ,2,1.38
3654374075,31,5,516,101600010,12426,2012-04-05,8.9,OZ,1,3.79
3654374075,31,4,411,102070929,18785,2012-04-08,8,OZ,1,1.99
3654374075,31,5,501,1088491282,16363,2012-04-24,15,OZ,1,4.19
3654374075,31,56,5613,102114020,19950,2012-05-04,16,OZ,1,5.99
3654374075,31,36,3601,101200010,13794,2012-05-15,101.4,OZ,4,15.96
3654374075,31,56,5617,102100020,19279,2012-05-19,16,OZ,1,3.49
3654374075,31,71,7114,1080921989,18239,2012-06-04,8,OZ,2,9.98
3654374075,31,72,7205,103700030,4294,2012-06-11,6,OZ,1,4.99
3654374075,31,9,908,107203070,5812,2012-06-12,10,OZ,1,2.99
3654374075,31,63,6308,1071279777,31204,2012-06-15,59.17,OZ,1,3.99
3654374075,31,21,2119,1061300868,867,2012-07-04,128,OZ,1,2.99
3654374075,31,63,6317,104157040,2017,2012-07-11,64,OZ,1,3.49
3654374075,31,53,5307,102114020,19950,2012-07-11,16,OZ,1,2.5
3654374075,31,33,3312,103700030,14494,2012-07-14,6.38,OZ,3,5.37
3654374075,31,26,2630,103600030,9787,2012-07-14,75,CT,2,4.58
3654374075,31,57,5705,102114020,19950,2012-07-14,6,OZ,3,1.8
3654374075,31,18,1836,102114020,28452,2012-07-29,32,OZ,1,4.79
3654374075,31,64,6409,108500080,1949,2012-08-03,0.75,LT,2,19.98
3654374075,31,3,311,101600010,1756,2012-08-19,12,OZ,1,2
3654374075,31,33,3303,102114020,19950,2012-08-31,5,OZ,1,1.5
3654374075,31,49,4902,104670444,18213,2012-09-01,13.5,OZ,1,6.59
3654374075,31,58,5827,102114020,19950,2012-09-03,12,OZ,1,4.79
3654374075,31,29,2925,101740010,47096,2012-09-06,14,OZ,1,2.59
3654374075,31,9,908,107203070,5812,2012-09-26,13,OZ,1,4.29
3654374075,31,58,5827,102114020,19950,2012-10-01,12,OZ,1,4.49
3654374075,31,8,818,105100050,14403,2012-10-04,67,OZ,1,5.99
3654374075,31,51,5115,107218070,15035,2012-10-07,28.6,OZ,2,12.98
3654374075,31,8,814,1078113878,13130,2012-10-07,16,OZ,1,2.99
3654374075,31,25,2503,105000050,32115,2012-10-17,22,OZ,1,4.39
3654374075,31,33,3308,102114020,19950,2012-10-17,6,OZ,1,1.5
3654374075,31,4,415,107339070,11515,2012-10-19,1.32,OZ,1,0.89
3654374075,31,81,8115,107033070,1783,2012-10-19,1,CT,2,3.38
3654374075,31,8,814,107639777,9982,2012-10-20,7.76,OZ,2,1.78
3654374075,31,51,5127,103100030,1358,2012-10-24,10.25,OZ,2,2.5
3654374075,31,73,7349,1030076636,26895,2012-10-30,160,CT,1,14.99
3654374075,31,9,902,104400040,19783,2012-10-31,9.1,OZ,1,3.59
3654374075,31,58,5824,102781525,5557,2012-11-06,12,OZ,1,3.79
3654374075,31,9,922,102430020,10577,2012-11-10,11.5,OZ,1,1.99
3654374075,31,26,2619,101370010,8154,2012-11-15,45,CT,1,8.29
3654374075,31,99,9908,103710232,11930,2012-11-26,8,OZ,1,1.99
3654374075,31,36,3601,101200010,13794,2012-12-29,144,OZ,1,4.99
3654374075,31,26,2630,102114020,19950,2013-01-06,160,CT,1,1.39
3654374075,31,5,501,101600010,3331,2013-01-13,14,OZ,1,4.59
3654374075,31,58,5824,107778272,9260,2013-01-14,19,OZ,1,5.99
3654374075,31,8,805,105160050,10267,2013-01-15,15,OZ,1,4.19
3654374075,31,57,5704,107047070,20230,2013-01-18,6,OZ,3,2.25
3654374075,31,63,6320,102114020,19950,2013-01-20,12,CT,4,8.16
3654374075,31,11,1102,1072277676,17117,2013-01-23,1,CT,1,8.29
3654374075,31,8,838,104154343,16438,2013-01-27,8,OZ,1,1.79
3654374075,31,26,2619,101258717,7245,2013-01-29,40,CT,1,7.99
3654374075,31,63,6311,107146474,2142,2013-01-31,32,OZ,1,4.49
3654374075,31,10,1011,102400020,4704,2013-02-09,7,OZ,3,4.5
3654374075,31,19,1908,104530040,13915,2013-02-20,16.3,OZ,1,3.79
3654374075,31,58,5827,107962171,20097,2013-02-22,24,OZ,1,8.49
3654374075,31,63,6311,107146474,2142,2013-03-01,15.2,OZ,2,5.98
3654374075,31,33,3310,107349777,10922,2013-03-02,3,OZ,1,1.19
3654374075,31,9,908,102430020,10577,2013-03-19,8.46,OZ,1,1.79
3654374075,31,63,6315,102114020,19950,2013-03-25,128,OZ,3,11.97
3654374075,31,36,3632,102114020,23503,2013-03-27,67.6,OZ,1,1
3654374075,31,75,7501,105280050,10779,2013-03-28,16,OZ,1,8.99
3654374075,31,63,6320,103680030,3679,2013-03-30,12,CT,1,1.78
3654374075,31,46,4606,102114020,19950,2013-03-31,16,OZ,1,5.59
3654374075,31,95,9518,1061029060,7848,2013-04-09,1,CT,1,4.99
3654374075,31,9,902,104400040,44236,2013-04-10,7.5,OZ,1,3.59
3654374075,31,72,7205,103500030,3830,2013-04-13,6,OZ,1,4.39
3654374075,31,41,4107,102114020,19950,2013-04-15,14.75,OZ,1,0.89
3654374075,31,8,835,107460979,9524,2013-05-08,16,OZ,2,2.99
3654374075,31,21,2103,103680030,3679,2013-05-13,128,OZ,1,1.33
3654374075,31,57,5704,105360050,10074,2013-05-16,6,OZ,1,0.5
3654374075,31,35,3508,107261373,17776,2013-05-19,52,OZ,2,6.99
3654374075,31,51,5121,104369545,8522,2013-05-19,9,OZ,1,1.88
3654374075,31,97,9753,1020331323,0,2013-05-31,1,CT,1,2.24
3654374075,31,49,4901,102114020,19950,2013-06-04,22.5,OZ,2,5
3654374075,31,55,5552,107756777,2347,2013-06-05,48,OZ,9,27
3654374075,31,9,922,102560020,18051,2013-06-13,6,OZ,2,3.38
3654374075,31,7,706,107146474,2142,2013-06-17,15.2,OZ,1,2.99
3654374075,31,33,3305,102840020,18584,2013-06-23,10,OZ,1,2.98
3654374075,31,9,922,102430020,10577,2013-06-24,13,OZ,2,3.58
3654374075,31,33,3305,102840020,15870,2013-06-28,11,OZ,1,2
3654374075,31,5,501,103800030,6796,2013-06-29,2.1,OZ,2,2
3654374075,31,5,519,1088392181,24630,2013-07-14,15.1,OZ,1,2
3654374075,31,36,3604,102114020,19950,2013-07-14,67.6,OZ,1,0.8
3654374075,31,9,907,107294575,15878,2013-07-14,20,OZ,2,4
3654376174,31,4,416,102800020,2631,2012-08-16,1.28,OZ,2,1.09
3654391231,21,99,9909,107127979,6732,2013-01-14,12,OZ,1,2
3654391371,21,23,2301,104119040,16347,2012-12-05,16,OZ,1,1
3654392292,21,58,5832,107274575,13804,2012-04-03,12,OZ,1,4.19
3654392292,21,17,1726,104159848,19708,2012-09-15,30,CT,1,4.99
3654392292,21,63,6314,102100020,2321,2013-02-02,8,OZ,1,1.49
3654394103,21,18,1837,104650040,14869,2012-10-20,11,OZ,1,5.49
3654457100,26,41,4107,102400020,4704,2012-08-27,14.5,OZ,3,3
3654462415,58,41,4107,101111010,9907,2012-07-08,15,OZ,6,3.42
3654462415,58,44,4404,101111010,9907,2012-10-14,10.5,OZ,2,3.34
3654463939,58,33,3309,102840020,18584,2012-04-30,18,OZ,1,4.48
3654463939,58,58,5823,102781525,5557,2012-07-27,7,OZ,2,4
3654467395,126,35,3509,107261373,17576,2012-08-04,62.5,OZ,1,2
3654467395,126,27,2702,103000030,33128,2012-10-30,17.6,LB,1,8.99
3654467395,126,26,2619,101111010,9907,2012-11-24,10,CT,1,3.49
3654467395,126,99,9908,104525545,11481,2012-11-24,24,OZ,1,4.99
3654467698,133,15,1504,101111010,9907,2012-04-07,9,OZ,1,1.79
3654468435,133,35,3509,107261373,401,2012-12-27,150,OZ,1,12.99
3654474115,89,5,518,101600010,7400,2012-09-16,6.36,OZ,1,1.49
3654474115,89,9,907,107130171,17614,2013-05-14,24,OZ,2,3
3654474115,89,9,902,104157040,2017,2013-05-14,4.25,OZ,2,4
3654474780,98,71,7113,1030815131,3609,2012-03-06,12,OZ,1,2.99
3654474780,98,96,9609,1053700050,88199,2012-07-10,0,,1,-0.75
3654476139,98,9,913,104812141,18322,2012-03-05,11,OZ,2,7.98
3654476139,98,9,902,103010030,20332,2012-12-21,16,OZ,1,2.99
3654481306,63,43,4302,101111010,9907,2012-05-27,8,OZ,1,1
3654493262,140,13,1306,101600010,7366,2012-08-06,5,LB,1,2.59
3654493552,140,55,5567,101111010,9907,2013-02-09,24,OZ,1,3.79
3654496354,191,3,302,1074759979,7168,2012-11-26,10,OZ,2,6
3654496354,191,56,5609,101111010,6678,2013-03-11,16,OZ,2,2.5
3654510066,184,33,3305,102840020,5141,2012-09-20,12,OZ,1,4.29
3654510066,184,26,2609,1074164373,10768,2013-04-08,50,CT,1,1.99
3654510574,184,55,5552,102073525,18893,2012-08-02,48,OZ,2,9.98
3654512675,184,23,2301,107130070,15474,2012-03-07,12,OZ,1,1.99
3654512675,184,9,902,104400040,18775,2012-06-12,7.6,OZ,2,6.98
3654514808,184,27,2702,101780010,95301,2012-12-17,4,LB,2,17.98
3654515774,184,96,9609,1054610050,88199,2013-02-19,0,,1,-0.4
3654516299,184,58,5831,102265525,2626,2012-07-30,16,OZ,1,5.39
3654516299,184,63,6305,102500020,16489,2012-10-18,59,OZ,1,4.35
3654516299,184,51,5116,107192171,25673,2012-11-21,33.9,OZ,1,8.75
3654516299,184,56,5617,102100020,9886,2013-02-07,12,OZ,1,2.99
3654542036,214,97,9753,1022040020,0,2012-03-30,1,CT,1,4.59
3654542036,214,58,5812,105450050,1322,2012-09-16,16,OZ,1,2.78
3654542036,214,18,1890,105209252,43069,2012-11-18,2,CT,1,2.97
3654542036,214,35,3509,103700030,6947,2012-11-19,100,OZ,1,9.97
3654600110,46,73,7302,1071928373,11473,2012-08-19,40,CT,1,4.99
3654602154,46,99,9908,103338333,33170,2012-06-11,16,OZ,1,1.39
3654612742,46,5,516,103000030,14760,2012-04-16,15.2,OZ,2,7.98
3654612742,46,33,3325,102840020,21452,2012-05-31,20,OZ,1,6.99
3654633384,46,99,9908,103338333,33170,2012-05-23,16,OZ,1,0.79
3654633384,46,99,9904,1071575676,5278,2012-06-04,6,OZ,2,5
3654646697,46,59,5902,1071928373,11473,2012-04-11,16,OZ,1,3.29
3654655544,17,4,416,104000040,11698,2012-04-23,2.05,OZ,1,1.19
3654655544,17,41,4105,102400020,4704,2012-10-07,14.5,OZ,3,3.87
3654655544,17,41,4107,102113020,15704,2013-03-18,15.25,OZ,1,1.19
3654665281,20,58,5834,102113020,16397,2012-04-17,16,OZ,1,7.99
3654665281,20,41,4110,103940030,71386,2012-07-15,28,OZ,1,1.99
3654665281,20,35,3504,103700030,4628,2012-08-23,24,OZ,1,2.99
3654665281,20,26,2613,103600030,8583,2013-01-14,20,CT,1,10.49
3654665281,20,32,3202,102700020,19737,2013-04-16,48,OZ,1,3.49
3655094610,285,63,6320,107592575,4368,2012-08-26,6,CT,1,0.87
3655155104,24,4,419,104000040,5168,2013-02-12,8.87,OZ,1,3
3655162652,377,99,9904,1071575676,5278,2013-02-01,6,OZ,2,7.98
3655162866,377,97,9753,1073231373,0,2012-08-02,1,CT,1,2.99
3655237005,507,9,901,104400040,13243,2012-12-14,15.5,OZ,1,3.08
3655251535,507,73,7307,1031254737,20403,2012-05-21,14,CT,1,12.49
3655261557,507,31,3101,108523989,833,2012-03-20,1,CT,1,2.61
3655261557,507,95,9519,1063468060,28611,2013-02-25,50,CT,1,10.49
3655317394,508,11,1102,104480040,22728,2013-02-02,100,CT,1,2.99
3655462336,224,33,3318,104178040,19154,2012-06-03,6,OZ,1,1.59
3655462336,224,36,3626,107800070,16223,2013-01-28,144,OZ,1,3.33
3655462336,224,58,5827,107091979,7981,2013-02-02,16,OZ,1,4.98
3655462336,224,5,516,103000030,14760,2013-03-30,6.7,OZ,1,2.99
3655469410,306,56,5620,104130343,38922,2013-01-07,8,OZ,1,2
3658160900,31,58,5828,103100030,1358,2013-02-08,6.4,OZ,1,1.25
3658181482,31,57,5704,102114020,19950,2013-01-14,6,OZ,1,1
3658183727,31,55,5555,107684070,32094,2012-10-09,16,OZ,1,3.99
3658183727,31,74,7402,104740040,7196,2013-04-22,8.4,OZ,1,2.99
3658201872,21,18,1828,101980010,15181,2012-11-03,7.5,OZ,2,1.68
3658201872,21,63,6320,1085281080,10165,2013-04-14,12,CT,1,1.88
3658202319,21,97,9799,101440010,1321,2012-09-25,12,CT,1,4.49
3658202676,21,63,6315,104119040,16347,2012-05-26,128,OZ,1,3.67
3658202972,21,31,3101,105210050,11382,2012-03-20,0.12,OZ,1,4.59
3658202972,21,9,907,107518575,11221,2012-07-13,20,OZ,1,3.79
3658203201,21,33,3305,103068434,41540,2012-09-30,14,OZ,1,2.19
3658203201,21,99,9908,104119040,16347,2012-10-22,10,OZ,1,1.99
3658203294,21,26,2628,105400050,16048,2012-09-07,6,RL,0,0
3658203328,21,58,5812,107091979,7981,2012-05-26,48,OZ,1,4.99
3658203328,21,55,5561,1018685212,22794,2012-08-13,16,OZ,1,4.79
3658203328,21,8,805,102840020,6777,2013-06-04,9,OZ,1,2.99
3658203745,21,59,5902,104119040,16347,2013-06-01,16,OZ,1,2.79
3658203796,21,59,5905,103377636,1723,2012-03-11,15,OZ,1,1.99
3658203796,21,7,707,102550020,6550,2012-05-20,10.3,OZ,1,3.29
3658203796,21,63,6311,104850040,18799,2012-06-17,59,OZ,2,5.98
3658203796,21,4,418,102800020,2631,2012-10-31,12.5,OZ,1,2.5
3658203796,21,18,1890,105209252,43069,2012-12-23,1,CT,1,1.99
3658204040,21,9,907,107167373,17480,2012-12-20,22,OZ,1,3.39
3658204040,21,35,3504,1081793989,11556,2013-01-20,18,OZ,1,3.29
3658204196,21,54,5401,103800030,5618,2012-03-25,11.6,OZ,1,2.99
3658204248,21,27,2713,101780010,31044,2012-07-17,3,OZ,6,4.5
3658204248,21,51,5129,103620030,1698,2012-10-16,24,OZ,4,25.96
3658204248,21,33,3318,104119040,16347,2013-02-05,16,OZ,2,2
3658206404,21,30,3008,107110070,8280,2012-03-24,16,OZ,1,3.99
3658206404,21,17,1703,104119040,16347,2012-03-31,33,OZ,1,1.59
3658206404,21,5,501,103000030,58434,2012-09-12,13,OZ,1,2.39
3658206404,21,41,4107,104119040,16347,2013-01-12,14.5,OZ,6,2.94
3658211232,101,36,3611,108265787,4687,2013-04-13,405.6,OZ,1,3.99
3658211285,101,22,2207,103700030,18371,2013-05-07,14,OZ,1,6.29
3658211317,101,21,2114,1068826767,81691,2012-04-03,15,OZ,1,2.09
3658212263,77,9,902,101410010,45039,2012-03-24,6.6,OZ,1,2
3658212263,77,33,3308,102840020,3336,2012-10-05,9.75,OZ,1,3.49
3658212263,77,49,4904,101312010,26885,2012-10-20,16,OZ,1,3.49
3658237882,65,36,3626,104900040,17186,2012-07-31,67.6,OZ,1,1.99
3658272936,143,18,1827,104650040,7249,2012-09-26,9.7,OZ,1,2.79
3658276572,89,63,6315,101111010,9907,2013-03-19,128,OZ,2,2.59
3658278066,98,18,1822,101111010,5981,2013-04-26,33.8,OZ,1,2.24
3658294560,63,9,916,107012979,13037,2012-03-27,5,OZ,1,2.99
3658294560,63,23,2301,107680878,1393,2012-10-13,16,OZ,1,1
3658294560,63,51,5117,104280040,18599,2012-10-19,10.7,OZ,1,1.25
3658294560,63,96,9609,1054300050,88199,2013-02-02,0,,2,-4
3658294560,63,55,5559,107756777,6854,2013-04-12,33,OZ,1,3.29
3658306875,140,58,5823,105190050,26456,2013-04-26,10,OZ,1,4.27
3658323724,184,33,3307,101411313,23033,2012-11-12,8,OZ,1,4.99
3658327063,184,51,5115,107192171,25673,2013-04-27,18.3,OZ,1,6.99
3658328583,184,25,2503,105000050,32115,2012-06-21,16,OZ,1,3.79
3658328583,184,99,9908,103338333,33170,2012-10-24,8,OZ,1,1.99
3658328702,184,36,3630,107800070,5208,2012-07-17,144,OZ,1,5.99
3658329855,184,56,5620,1074164373,10768,2013-03-11,8,OZ,1,2.79
3658333800,96,54,5401,103800030,5618,2012-07-23,12.6,OZ,1,3
3658333800,96,55,5561,103003434,7175,2012-07-23,32,OZ,1,1.67
3658333800,96,74,7407,1084105888,15983,2012-12-08,4,CT,1,5.99
3658333800,96,63,6330,103003434,7175,2013-03-18,16,OZ,1,2.99
3658366442,214,36,3632,104122040,23511,2012-06-04,67.6,OZ,1,1
3658366442,214,33,3316,102840020,15670,2012-06-16,7.5,OZ,1,2.5
3658366442,214,1,106,1079450474,86667,2013-03-22,4,OZ,6,3.18
3658366442,214,4,417,103400030,15113,2013-04-09,2.8,OZ,1,1.29
3658366744,214,36,3603,104300040,4371,2012-04-30,384,OZ,1,2.18
3658386799,214,27,2713,101780010,30972,2012-09-26,10,OZ,3,4.89
3658424090,46,31,3101,1078099373,6126,2012-05-21,8.25,OZ,1,3.29
3658424090,46,51,5121,104369545,10274,2012-06-04,9,OZ,1,2
3658429130,46,10,1007,104300040,26232,2013-02-21,3,OZ,2,1.44
3658429130,46,41,4107,102400020,4704,2013-03-20,14.75,OZ,2,1.78
3658429557,46,59,5906,104060040,26155,2013-04-09,8,OZ,1,2
3658433015,46,58,5827,103760030,8501,2012-09-14,12,OZ,1,3.5
3658441029,46,21,2114,104140949,3957,2013-05-19,4.5,OZ,1,0.99
3658451166,46,9,917,1071928373,11473,2012-10-30,17,OZ,1,1.99
3658460297,46,99,9904,103338333,33170,2012-05-11,32,OZ,1,2.79
3658460297,46,6,610,107084777,11910,2012-10-07,23,OZ,1,2.99
3658461132,46,96,9609,1057047050,88199,2012-04-20,0,,1,-0.75
3658461132,46,99,9909,107143070,5072,2012-04-27,8,OZ,2,3
3658479792,95,25,2506,105000050,32115,2013-01-29,64,OZ,1,5.29
3658483903,4,36,3618,101200010,23361,2012-07-05,20,OZ,2,3.38
3658483903,4,57,5710,107047070,20230,2013-04-19,5.3,OZ,2,2.78
3658526566,48,28,2806,104656747,14903,2013-01-27,24,OZ,1,2.99
3658915443,285,58,5823,104470040,13310,2012-12-08,16,OZ,1,4.88
3658915443,285,99,9904,105410757,33170,2013-01-06,80,OZ,1,5.99
3658917722,116,36,3636,103120030,12957,2012-06-24,169,OZ,2,6.58
3658917722,116,29,2920,101600010,1756,2013-03-04,6.6,OZ,1,2.15
3659107780,510,2,201,105150050,14029,2013-03-13,15.25,OZ,1,1.31
3659115652,508,58,5823,107740070,2500,2012-09-24,2,OZ,4,2.36
3659115652,508,9,970,103800030,62065,2013-01-10,21.1,OZ,1,2.57
3659115652,508,36,3611,108304686,8688,2013-06-13,96,OZ,1,2.07
3659118452,508,33,3310,102840020,6911,2012-12-19,9,OZ,1,4.08
3659152632,509,33,3303,102840020,15598,2012-11-01,9.5,OZ,1,3.15
3659152632,509,5,516,101600010,12426,2013-05-15,8.9,OZ,3,8.46
3659160898,510,72,7203,104116747,193,2012-11-29,18,OZ,1,2.99
3659160898,510,75,7501,1065024060,27701,2013-05-24,13.5,OZ,2,14.74
3659164404,510,97,9753,1049200040,0,2012-10-19,1,CT,1,12.04
3659219745,508,97,9753,1022242424,0,2012-04-15,1,CT,1,4.25
3659219745,508,97,9753,1049046141,0,2012-09-24,1,CT,3,37.8
3659219995,507,97,9753,1084516989,0,2012-06-01,1,CT,3,3.15
3659219995,507,97,9731,1065356969,86920,2013-02-20,1,CT,3,9.42
3659225966,510,26,2609,107695575,23664,2012-03-30,100,CT,1,1.99
3659250598,508,9,908,108523989,11176,2012-10-27,16,OZ,1,4.29
3659270989,510,18,1898,103980030,5782,2012-03-28,4,CT,1,11.54
3659292805,508,5,501,101600010,3331,2012-04-06,9,OZ,1,3.14
3659292805,508,33,3319,102840020,10241,2012-08-27,9,OZ,1,4.08
3659292805,508,26,2609,107695575,23664,2012-11-19,300,CT,1,5.84
3659292805,508,26,2630,103600030,9787,2013-05-01,736,CT,1,5.97
3659292805,508,8,810,104150141,13296,2013-05-10,1.25,OZ,1,0.72
3659292805,508,97,9753,1088680484,0,2013-06-06,1,CT,3,5.25
3659310408,510,71,7113,1030815131,3609,2012-03-31,10.1,OZ,2,5.96
3659310408,510,22,2207,103496939,20390,2012-07-28,22,OZ,1,2.98
3659315587,508,46,4606,108523989,11176,2012-04-07,12,OZ,1,3.4
3659315734,507,99,9904,108523989,833,2012-04-29,48,OZ,1,3.66
3659315734,507,36,3603,104300040,26420,2012-04-29,64,OZ,8,2.4
3659315734,507,18,1829,104650040,7249,2012-12-29,1,CT,2,4.46
3659315734,507,63,6320,1071514171,25530,2013-07-06,18,CT,1,3.24
3659322080,508,57,5710,105215959,41981,2012-09-01,16,OZ,1,4.05
3659323104,507,22,2210,103700030,5174,2013-04-27,13.2,OZ,1,7.34
3659323104,507,63,6312,102500020,16487,2013-05-12,59,OZ,1,2.67
3659330278,507,9,902,104400040,15335,2012-06-05,12.73,OZ,1,2.67
3659349265,508,5,502,101600010,101199,2012-09-14,5.4,OZ,1,2.25
3659349265,508,29,2914,102100020,9886,2012-09-22,6,OZ,1,1.88
3659349265,508,97,9753,1060580666,0,2012-12-23,1,CT,1,3.66
3659349265,508,55,5560,104154848,5603,2013-02-18,16.5,OZ,1,3.14
3659374659,507,30,3002,104800141,8178,2013-06-16,30,OZ,1,3.65
3659395490,508,99,9908,103338333,33170,2012-10-09,16,OZ,1,1.77
3659395490,508,65,6502,101800010,14029,2012-12-08,14.1,OZ,2,5.26
3659411814,507,58,5814,104470040,10837,2012-09-01,3.5,OZ,2,2.88
3659417486,508,26,2621,104200040,5016,2012-08-13,90,CT,1,2.61
3659423445,508,71,7114,1030815131,1079,2013-05-02,3.5,OZ,1,6.29
3659433414,507,97,9753,1070722676,0,2012-12-22,1,CT,2,11.38
3659467126,507,97,9753,1049200040,0,2012-06-04,1,CT,6,6.24
3659467126,507,18,1898,103980030,5782,2012-12-14,1,CT,1,10.45
3659483042,507,6,607,108523989,11176,2013-03-13,48,OZ,2,12.58
3659483042,507,26,2613,103600030,8583,2013-04-25,17,CT,1,8.4
3659487651,507,97,9753,1049283040,0,2013-01-18,1,CT,1,18.37
3659505828,508,74,7402,104740040,7196,2013-02-16,2.5,OZ,1,1.02
3659526961,507,97,9753,1049039040,0,2013-02-22,1,CT,1,8.39
3659575690,100,63,6323,104190040,4664,2013-01-08,64,OZ,1,3.99
3659575690,100,9,922,102560020,18051,2013-02-15,8,OZ,1,2.5
3659615838,224,57,5710,107047070,20230,2013-03-30,5.3,OZ,3,2.67
3659639007,31,56,5613,107403070,16922,2012-04-26,8,OZ,1,4.29
3659639007,31,36,3601,104900040,3809,2012-06-18,20,OZ,1,1.49
3659639007,31,36,3601,104900040,3809,2012-12-05,20,OZ,1,1.49
3659673157,21,9,908,107203070,5812,2012-06-29,15.5,OZ,1,2.49
3659673157,21,63,6319,102073525,18893,2012-10-07,64,OZ,1,1.67
3659673721,21,4,418,104000040,56360,2012-10-27,11,OZ,1,2.5
3659675442,21,53,5307,102000020,7655,2013-02-25,11.8,OZ,1,2.69
3659675442,21,62,6201,107349171,9883,2013-02-26,22,OZ,1,3.11
3659675442,21,33,3301,102840020,16680,2013-04-21,2.38,OZ,1,1.49
3659675562,21,4,417,103400030,8247,2012-05-02,7,OZ,2,4
3659675562,21,51,5125,101380010,10271,2012-09-27,10,OZ,1,3
3659675562,21,9,902,104400040,12279,2012-10-08,10.5,OZ,2,4
3659675562,21,36,3611,106827464,30855,2012-12-05,192,OZ,1,3.99
3659675562,21,4,418,103400030,15113,2013-02-24,11,OZ,1,3.74
3659677749,101,96,9609,1051500050,88199,2013-03-09,0,,1,-1
3659677797,101,37,3711,1068826767,20614,2013-01-24,8,OZ,1,1.99
3659681967,77,4,421,102363727,42939,2012-06-25,12,OZ,1,1
3659705360,65,37,3707,105100050,17812,2012-12-13,26,OZ,1,2.99
3659736713,165,26,2628,103700030,2248,2013-01-18,1,RL,1,2
3659741472,143,27,2702,101780010,30972,2012-03-25,31.1,LB,1,29.99
3659741472,143,18,1898,104133343,5379,2012-05-10,4,CT,1,7.49
3659746309,126,19,1908,105150050,9189,2012-07-23,18,OZ,1,3.54
3659748748,133,33,3318,101111010,9907,2012-05-23,15,OZ,1,1
3659748748,133,40,4004,104790040,10865,2013-03-02,12,OZ,1,4.85
3659754130,98,0,0,10000,20405,2012-11-16,0,,1,-0.5
3659754130,98,51,5117,104280040,18599,2013-02-11,10.2,OZ,2,2
3659754130,98,51,5122,107106878,17311,2013-06-13,21.36,OZ,1,5.69
3659754130,98,36,3632,107800070,17635,2013-06-25,101.4,OZ,1,1.99
3659759579,211,55,5556,101111010,9907,2012-05-07,128,OZ,1,5.49
3659759579,211,82,8201,104157343,9907,2012-10-16,25,OZ,1,4.99
3659759579,211,51,5125,107265575,8089,2013-04-13,10,OZ,2,5.54
3659759579,211,21,2116,104300040,26420,2013-04-14,40.5,OZ,11,11
3659766675,2,99,9909,101111010,9907,2012-10-04,12,OZ,1,1.99
3659771944,2,63,6321,104082242,15667,2013-04-22,10,OZ,1,3.99
3659774613,140,36,3601,101111010,1814,2012-03-11,144,OZ,1,2.76
3659774613,140,27,2702,105000050,491,2012-04-04,16,LB,1,10.99
3659774613,140,5,501,103800030,6796,2012-08-03,14.7,OZ,2,3.98
3659774613,140,21,2106,103120030,12957,2012-09-28,64,OZ,3,8.22
3659774613,140,63,6315,101111010,12028,2012-11-10,128,OZ,2,5.2
3659774613,140,49,4901,101111010,9907,2013-03-04,30,OZ,2,3.58
3659774817,140,99,9909,101111010,28083,2013-02-16,12,OZ,1,1.99
3659774817,140,99,9909,101111010,28083,2013-05-14,12,OZ,1,1.99
3659776602,140,21,2119,1065153868,17830,2012-04-12,16,OZ,2,2.78
3659776602,140,81,8101,101100010,58125,2012-04-23,1,CT,1,3.61
3659776602,140,21,2114,104140949,3957,2012-05-06,4.5,OZ,1,0.99
3659776602,140,33,3308,102840020,3336,2012-06-03,9.75,OZ,1,1.77
3659776602,140,33,3303,101111010,9907,2012-06-26,6,OZ,1,1.19
3659776602,140,0,0,10000,0,2012-10-31,0,,2,0
3659776602,140,97,9753,10000,0,2013-02-03,1,CT,1,0.99
3659776602,140,9,901,101111010,9907,2013-03-07,12,OZ,1,2.49
3659776602,140,30,3008,101111010,9907,2013-05-10,12,OZ,1,0.99
3659777757,191,55,5558,101111010,4020,2012-07-17,30,OZ,1,2.5
3659793770,184,8,818,105100050,14403,2012-04-25,23.5,OZ,1,2.5
3659793770,184,25,2509,1074164373,10768,2012-05-28,32,OZ,1,2.69
3659793770,184,11,1110,108201181,12197,2013-04-19,9,OZ,1,3.55
3659795795,184,55,5558,1074164373,10768,2013-02-11,38.4,OZ,1,3.29
3659797811,184,5,501,103800030,6796,2013-05-05,10.5,OZ,1,4.09
3659797811,184,9,901,1074164373,10768,2013-06-20,13,OZ,1,2.35
3659803219,96,56,5615,103003434,7175,2012-07-21,32,OZ,1,8.49
3659803219,96,0,0,10000,0,2012-08-17,0,,3,-25.14
3659803578,96,92,9211,108680080,12554,2012-03-04,0.01,OZ,1,7.99
3659803578,96,26,2614,103700030,514,2012-03-25,16,CT,1,4.39
3659803578,96,18,1813,105113151,16044,2012-06-10,3,RL,1,4.79
3659803578,96,71,7113,1030815131,3609,2013-03-17,10.1,OZ,1,3.49
3659804069,96,56,5607,102100020,13967,2012-12-09,8,OZ,1,2
3659804069,96,9,902,104400040,8463,2013-07-21,14.4,OZ,1,3.5
3659811086,214,33,3303,108411484,9596,2013-04-20,8.5,OZ,1,2.68
3659811798,214,23,2310,104122040,20514,2012-06-11,25,OZ,1,2.89
3659817146,214,64,6401,101820010,2510,2012-03-14,144,OZ,1,9.97
3659817822,214,37,3707,105100050,17812,2013-04-26,14.5,OZ,1,0.96
3659832378,214,55,5566,107239272,25845,2013-06-29,24,OZ,1,1
3659853941,214,25,2509,1074236575,8499,2012-07-25,16,OZ,1,1.67
3659853941,214,55,5552,107189979,2010,2012-10-10,64,OZ,1,5.25
3659891227,46,99,9909,107143070,5072,2013-01-09,12,OZ,1,1.29
3659907956,46,53,5307,102000020,7655,2012-10-14,12,OZ,1,1.29
3659927899,46,41,4121,1070882070,11473,2012-11-01,8,OZ,1,0.44
3659973151,18,99,9901,107989373,12908,2013-02-25,0.66,OZ,1,2.49
3659994116,48,56,5609,1071754474,17653,2012-05-25,16,OZ,2,5.18
3659994116,48,18,1850,101122515,5093,2012-06-10,4,CT,1,1.79
3660327156,42,29,2904,101530010,13610,2012-10-09,4.8,OZ,2,2.38
3660479039,108,0,0,10000,20405,2012-04-01,0,,3,3
3660479039,108,51,5116,107192171,25673,2013-03-17,28.3,OZ,1,6.99
3660538353,377,49,4903,101312010,26885,2012-06-04,19,OZ,1,3.5
3660568477,85,63,6328,109741999,6014,2012-08-30,8,OZ,2,1.98
3660568477,85,64,6408,108500080,1387,2013-01-29,0.19,LT,2,3.98
3660568477,85,21,2119,1073951070,16807,2013-04-28,20,OZ,1,1
3660568477,85,60,6012,101800010,14029,2013-05-20,12.4,OZ,1,2.59
3660660776,507,4,427,10980090,18366,2012-05-07,1,OZ,1,1.09
3660660776,507,58,5823,108523989,11176,2012-06-25,9,OZ,2,4.72
3660660776,507,18,1823,104650040,7249,2012-08-31,32,OZ,1,1.37
