464577397,101,63,6315,1068826767,81691,2012-08-07,32,OZ,1,0.94
464585046,101,55,5552,1068826767,81691,2012-03-05,48,OZ,2,5.98
464585046,101,33,3316,101600010,3397,2013-06-30,8,OZ,2,2.79
464588853,77,63,6320,107078474,18552,2013-01-05,18,CT,1,2.89
464593191,77,41,4105,104118848,6915,2012-03-08,28,OZ,2,2
464593313,101,9,907,1068826767,12475,2012-10-07,24,OZ,1,2.5
464593313,101,57,5704,1068826767,81691,2013-05-31,6,OZ,3,2.67
464594490,101,96,9609,1053700050,88199,2012-08-31,0,,1,-2
464603297,101,99,9908,103338333,33170,2012-06-25,80,OZ,1,4.99
464603297,101,9,908,102430020,10577,2013-01-23,10.6,OZ,1,1.79
464606330,101,58,5837,107705272,15490,2012-10-20,5,OZ,1,2.99
464609493,101,51,5123,102113121,11151,2012-03-18,31,OZ,1,4.99
464609493,101,5,501,1088491282,86364,2012-08-16,15.5,OZ,1,3
464609493,101,5,516,1068826767,81691,2012-10-27,8.4,OZ,2,4
464609493,101,23,2301,103340030,15802,2013-02-01,16,OZ,3,3
464618560,101,70,7001,1030008131,12531,2013-01-14,0.5,OZ,1,5.99
464618560,101,9,907,1068826767,7173,2013-03-21,12,OZ,2,3.78
464618560,101,33,3312,103800030,14494,2013-06-01,5.96,OZ,1,1.5
464618560,101,74,7404,107940070,1141,2013-06-03,4,OZ,1,4.49
464618926,101,0,0,10000,20405,2012-04-20,0,,1,-1.12
464620180,101,8,801,1068826767,7740,2012-04-22,23,OZ,2,2
464620180,101,37,3705,104119646,14582,2012-11-04,18.6,OZ,1,1.5
464622550,101,19,1908,1068826767,20616,2013-04-28,16,OZ,1,5.49
464623126,77,36,3604,107800070,19315,2012-04-11,144,OZ,1,5
464633662,101,9,908,107203070,5812,2012-05-27,11.5,OZ,1,3
464633662,101,44,4407,1068826767,81691,2012-08-25,15,OZ,1,1.59
464633662,101,14,1405,1068826767,81691,2012-11-18,14,OZ,3,1.66
464633662,101,63,6320,1071514171,25530,2012-11-26,18,CT,1,3.79
464635311,101,44,4407,107680070,10333,2012-05-29,12,OZ,2,2.98
464635311,101,40,4005,107073474,25373,2012-11-12,0.9,OZ,1,2.99
464635311,101,35,3509,107261373,401,2013-03-12,50,OZ,2,9.98
464635311,101,97,9753,10000,0,2013-03-18,1,CT,125,2.49
464643382,101,18,1890,101258717,7881,2013-04-26,6,CT,8,13.52
464651568,77,99,9908,103338333,33170,2012-10-19,16,OZ,1,1
464674389,101,5,501,101600010,9773,2013-04-07,8.7,OZ,1,2.59
464678328,101,21,2119,107336070,867,2012-08-18,128,OZ,1,2.5
464678328,101,65,6502,101800010,14029,2012-11-20,14.1,OZ,1,2.5
464681728,101,63,6315,1068826767,81691,2012-06-07,128,OZ,1,3.64
464681728,101,9,917,104335444,25412,2012-07-06,17,OZ,2,3.34
464681728,101,39,3903,104300040,10654,2012-09-27,24,OZ,2,3.29
464681728,101,43,4302,107027272,15085,2012-11-15,6.5,OZ,1,2
464681728,101,7,703,104300040,11339,2013-01-10,8.4,OZ,1,2.5
464681728,101,21,2111,102800020,56490,2013-03-22,64,OZ,1,2.5
464685564,101,9,902,107270070,11079,2012-03-23,80,OZ,1,5.99
464687827,101,53,5307,1068826767,20616,2012-09-23,16,OZ,1,2.29
464687827,101,99,9904,1060504969,17635,2013-03-24,10,OZ,1,3.99
464703195,101,51,5115,105833656,25702,2012-06-30,13.6,OZ,2,9.98
464703907,101,51,5115,105833656,25702,2012-08-17,12.9,OZ,2,7
464709414,77,5,519,1088392181,24630,2012-06-15,7.55,OZ,2,2
464709414,77,9,902,104400040,46909,2012-11-21,7.5,OZ,1,2
464712586,101,18,1802,104152040,16665,2012-04-24,4,CT,1,1.19
464712586,101,7,707,102550020,6550,2012-06-20,27.8,OZ,1,8.99
464712586,101,10,1010,103400030,8247,2013-01-10,24,OZ,1,2.69
464717914,101,36,3601,101200010,13794,2012-09-02,67.6,OZ,1,1.34
464717914,101,96,9609,1051514151,88199,2012-10-26,0,,2,-0.7
464725801,101,43,4302,1068826767,81691,2012-08-20,8,OZ,1,1.39
464727923,101,73,7356,103367434,12484,2012-06-29,50,CT,1,8.99
464727923,101,19,1908,105150050,9189,2012-11-05,28,OZ,1,3.99
464727923,101,9,903,104138747,60,2013-01-25,15,OZ,3,3
464732238,77,36,3630,104900040,23359,2012-03-08,144,OZ,1,2.19
464732238,77,56,5620,104610040,15889,2012-11-08,8,OZ,2,5
464732238,77,0,0,10000,20405,2013-02-11,0,,1,-2.1
464734750,101,19,1906,107240070,14199,2012-05-09,10,OZ,1,2.59
464734750,101,9,902,103800030,17050,2012-05-16,4,OZ,1,3
464734750,101,26,2622,1068826767,7173,2012-08-06,20,CT,2,3
464734750,101,29,2903,106414464,3342,2013-02-19,15,OZ,1,1
464734752,101,9,907,104500040,20016,2012-04-03,20,OZ,1,2
464734752,101,5,519,103000030,14760,2013-01-27,12.6,OZ,1,2.5
464734752,101,54,5402,1068826767,81691,2013-04-13,16,OZ,1,1.79
464759296,101,63,6315,104138343,10091,2012-06-29,32,OZ,1,1.99
464759296,101,57,5704,107047070,20230,2012-09-17,6,OZ,6,4.5
464759296,101,21,2117,107630171,755,2012-10-23,54,OZ,2,5
464759296,101,9,902,1062013363,9716,2012-10-23,8,OZ,1,3.99
464759296,101,72,7208,107094272,75834,2013-02-12,1,CT,1,3.69
464763222,101,2,201,1064420969,5345,2013-02-05,16.5,OZ,2,3.38
464763222,101,57,5705,1068826767,81691,2013-04-03,6,OZ,2,0.9
464772493,101,63,6315,107047272,26467,2012-12-19,64,OZ,1,2.18
464774817,101,45,4509,104440040,7504,2013-02-13,6.3,OZ,1,2.74
464775235,101,21,2105,1065762262,26129,2012-09-14,16.9,OZ,1,1
464778459,77,29,2914,102100020,9886,2012-04-11,12.6,OZ,1,2.5
464778459,77,30,3007,107184070,11154,2012-04-20,12,OZ,1,2.5
464778459,77,56,5616,104610040,15889,2012-06-26,8,OZ,1,2.5
464778459,77,0,0,10000,20405,2012-10-04,0,,1,-6
464778459,77,5,501,1088491282,13689,2012-11-08,11,OZ,3,6
464778459,77,43,4302,104300040,4030,2012-11-17,8,OZ,6,10.95
464781310,101,17,1703,103700030,12071,2012-12-19,32,OZ,1,2.99
464781310,101,37,3711,105100050,2820,2013-02-26,15.5,OZ,1,3.69
464781971,101,96,9609,1050000555,88199,2013-02-03,0,,1,-2
464783819,101,49,4901,101312010,26885,2013-02-02,32,OZ,1,2.99
464783819,101,73,7356,101650010,26872,2013-04-21,50,CT,1,9.49
464787677,77,9,902,104400040,19783,2012-11-30,8.5,OZ,1,2.5
464794793,101,22,2211,103700030,2246,2012-11-27,120,CT,2,10.98
464798577,101,9,920,103010030,9530,2012-09-19,11.04,OZ,2,5
464798577,101,97,9753,1023649727,0,2013-01-31,1,CT,1,4.29
464798577,101,28,2801,104470040,3640,2013-06-15,24,OZ,1,3.5
464810438,101,63,6305,101630010,6509,2012-05-16,89,OZ,1,4.39
464810438,101,99,9904,1068826767,12475,2012-06-22,48,OZ,1,4.99
464810438,101,41,4120,1068826767,12475,2012-12-03,6,OZ,2,2.18
464810438,101,13,1306,105150050,14029,2013-01-02,5,LB,1,2
464811027,101,33,3318,104178040,19154,2012-03-11,28,OZ,1,5.99
464814670,101,45,4516,103666939,29208,2012-08-12,32,OZ,1,5.99
464814670,101,99,9908,103338333,33170,2013-01-26,48,OZ,1,3.99
464814670,101,28,2801,104470040,3640,2013-02-23,32,OZ,2,7
464820543,101,99,9904,1066529060,33170,2012-11-02,16,OZ,1,5.99
464839507,101,54,5403,1074300272,43084,2012-12-14,14.8,OZ,1,4
464839507,101,45,4508,102575323,11134,2013-04-04,8,OZ,1,4.99
464840823,101,4,421,104160141,9348,2012-07-24,6.5,OZ,2,1.98
464851771,101,26,2630,106343565,16050,2013-02-24,360,CT,1,3.49
464858354,101,63,6320,1068826767,81691,2012-04-18,18,CT,1,-1.8
464858354,101,97,9753,10000,0,2012-10-31,1,CT,1,1.53
464860457,101,8,818,103620030,14868,2012-09-06,24,OZ,1,1.99
464860457,101,5,516,103000030,14760,2013-02-22,6.3,OZ,1,2.3
464863094,101,92,9204,107417070,15743,2012-10-27,0.31,OZ,1,4.99
464863094,101,3,308,107151878,8349,2012-11-19,0.31,OZ,2,0.78
464866841,101,27,2707,105000050,6132,2012-04-26,1,LB,1,2.59
464866841,101,3,303,105210050,2732,2012-12-17,2.25,OZ,1,2
464866841,101,11,1102,101360010,18845,2013-03-03,80,CT,1,3.29
464866841,101,49,4903,101312010,26885,2013-03-13,19,OZ,1,3
464866841,101,97,9753,1023202020,0,2013-03-23,1,CT,2,15.9
464871977,101,33,3303,107260070,8245,2013-03-24,10.5,OZ,1,2.5
464885214,101,9,902,102410020,44209,2012-12-28,13.7,OZ,1,3
464885214,101,56,5615,1068826767,81691,2013-01-15,8,OZ,3,5
464889440,101,95,9518,1072047373,7848,2013-05-11,1,CT,1,3.99
464910254,101,63,6328,103760030,63690,2013-01-04,24,OZ,1,3
464910254,101,63,6314,107253070,13753,2013-04-20,8,OZ,1,0.79
464910254,101,71,7107,107124979,21913,2013-05-07,1,CT,1,6.99
464915013,101,56,5615,1068826767,11221,2012-09-03,8,OZ,1,2.39
464915013,101,36,3618,101200010,23361,2013-01-15,60,OZ,1,3
464915013,101,4,418,103400030,16463,2013-02-17,5.6,OZ,1,3.34
464925990,101,71,7110,107940070,1141,2012-03-23,12,OZ,1,5.99
464925990,101,73,7312,1030006535,375,2012-08-24,0.33,OZ,1,12.49
464930596,101,5,502,103485636,19713,2012-10-26,9,OZ,2,4.98
464936820,101,73,7344,1030076636,18877,2013-03-17,72,CT,1,4.19
464957864,101,7,706,101200010,17286,2012-07-18,38,OZ,1,4.99
464958464,101,10,1013,103890030,5072,2012-09-09,16,OZ,3,6.87
464968760,77,56,5620,102100020,9886,2013-02-02,7,OZ,1,2.5
464991988,101,21,2117,108768484,2903,2013-05-02,60,OZ,2,5
464992622,101,29,2923,101600010,17539,2012-04-22,7.5,OZ,2,4.78
464992622,101,36,3612,1068826767,158,2012-12-02,128,OZ,1,0.99
465017739,101,63,6305,1068826767,81691,2012-06-01,89,OZ,1,3.49
465017739,101,33,3307,102900020,14112,2012-10-23,9.75,OZ,1,4.99
465018098,77,25,2504,107078474,18552,2012-11-08,12,OZ,2,2.5
465026363,101,63,6320,1068826767,81691,2012-03-24,12,CT,1,1.89
465026363,101,41,4107,1068826767,81691,2012-06-09,15,OZ,2,1.98
465026363,101,99,9908,103338333,33170,2013-04-28,16,OZ,1,1.99
465026363,101,23,2301,1068826767,20616,2013-06-08,16,OZ,1,1
465040540,101,4,416,103400030,9739,2012-04-05,3.92,OZ,1,1.25
465040540,101,21,2119,101200010,10522,2012-07-02,20,OZ,5,6.96
465040540,101,5,501,101600010,10797,2012-07-08,16,OZ,1,3.49
465040540,101,97,9736,107166272,16418,2012-09-03,0,,1,0.99
465040540,101,58,5823,107740070,2500,2012-10-01,2,OZ,6,5.04
465040540,101,58,5823,107740070,2500,2013-05-04,2,OZ,3,2.45
465040540,101,97,9753,1023240929,0,2013-05-06,1,CT,4,3
465049258,77,71,7114,105233656,26006,2012-06-26,8.5,OZ,2,5.99
465049258,77,4,407,103400030,18947,2012-07-06,16,OZ,3,6
465049258,77,4,418,103400030,15449,2012-12-29,11,OZ,2,3.98
465049258,77,96,9609,1054400050,88199,2013-03-03,0,,1,-1
465058190,101,9,920,103010030,3744,2012-12-16,11,OZ,1,2.5
465058190,101,79,7901,107447070,47299,2013-03-27,1,CT,1,12.99
465058190,101,37,3708,104100040,10522,2013-06-02,2.2,OZ,1,1.19
465058190,101,63,6319,107146474,2142,2013-06-16,15.2,OZ,1,2.99
465069837,101,5,501,103800030,6790,2012-10-19,8.7,OZ,1,1.99
465076719,77,40,4004,103680030,6866,2013-01-18,1.6,OZ,1,2.69
465077075,101,38,3801,1068826767,81691,2012-07-22,10,LB,1,5.39
465077075,101,21,2106,101200010,10522,2012-08-04,67.6,OZ,2,3.38
465077075,101,10,1013,1068826767,81691,2012-11-10,16,OZ,1,1.89
465084278,101,4,418,1068826767,81691,2013-03-29,16,OZ,1,4.29
465084494,101,37,3708,104100040,10522,2013-04-20,2.2,OZ,1,1.49
465096214,101,99,9908,1068826767,7173,2012-04-12,16,OZ,1,0.99
465096214,101,18,1828,104650040,7249,2012-07-12,1.34,OZ,1,4.99
465096214,101,20,2002,1068826767,81691,2012-12-12,46,OZ,1,1.75
465096214,101,57,5706,1068826767,81691,2013-02-28,6,OZ,3,2.67
465102580,77,9,902,103800030,17050,2012-03-18,4,OZ,1,3
465102580,77,53,5305,101450010,20864,2012-05-06,9,OZ,1,1.7
465114032,101,99,9908,1071481575,27462,2012-03-08,20,OZ,1,2.49
465114032,101,14,1405,1068826767,81691,2013-01-31,14,OZ,1,1
465117849,101,99,9908,103338333,33170,2012-05-20,20,OZ,55,1.64
465123253,101,51,5117,1069899767,18981,2012-07-10,10.1,OZ,1,7.49
465126651,77,58,5836,107778272,9260,2012-04-13,12,OZ,4,13.58
465130527,101,57,5705,103663232,4568,2012-03-25,32,OZ,1,2.59
465157366,101,8,815,103900030,13296,2012-04-15,8,OZ,1,1.49
465157366,101,9,902,102410020,44209,2012-09-27,13.7,OZ,2,6
465157366,101,0,0,10000,20405,2013-06-16,0,,1,-3
465165885,101,27,2705,107910070,85,2012-04-07,22,OZ,1,1.59
465165885,101,51,5126,101380010,27474,2012-08-01,12,OZ,1,2.5
465165885,101,29,2907,104600040,13023,2012-09-09,7.1,OZ,1,2.29
465165885,101,20,2002,105100050,27873,2012-10-14,46,OZ,1,2.5
465168514,101,73,7359,104746949,12354,2012-04-12,30,CT,1,6.99
465170107,77,36,3601,104900040,3809,2013-06-09,101.4,OZ,5,12.87
465172517,77,99,9908,103338333,33170,2013-02-23,16,OZ,1,3.99
465172517,77,26,2609,107078474,18552,2013-07-18,24,CT,2,5.29
465176915,101,0,0,10000,20405,2012-06-30,0,,1,-8.72
465176915,101,55,5552,1068826767,81691,2012-07-02,48,OZ,1,2.5
465180852,101,31,3111,101411313,71215,2012-04-16,3.5,OZ,1,3.69
465189021,101,27,2701,101113212,491,2012-03-13,13,OZ,1,0.7
465189021,101,63,6323,1068826767,81691,2012-06-19,64,OZ,1,-1.7
465191520,101,36,3604,107800070,2829,2012-12-24,67.6,OZ,2,2
465203636,101,92,9206,107940070,5168,2013-01-20,3,OZ,1,4.29
465203636,101,9,907,1068826767,81691,2013-05-08,12,OZ,2,2.5
465203673,77,5,501,101600010,85114,2012-06-23,12.8,OZ,2,5.99
465203673,77,33,3305,102840020,5141,2013-02-03,11.5,OZ,1,3.5
465230603,77,36,3629,101200010,23360,2012-05-20,144,OZ,1,3.5
465230603,77,26,2630,103700030,14647,2012-05-29,68,CT,2,2.5
465230603,77,33,3318,107078474,18552,2012-08-11,14,OZ,1,1.5
465230603,77,63,6316,107078474,18552,2012-10-07,16,OZ,2,3.09
465238878,101,56,5615,1068826767,11221,2012-07-16,8,OZ,1,2
465238878,101,29,2925,1068826767,81691,2013-03-12,32,OZ,1,1.5
465243128,100,25,2509,107509070,182,2012-12-08,64,OZ,1,4.89
465248981,101,56,5607,102100020,13967,2012-12-17,8,OZ,4,6.87
465255859,101,56,5614,104610040,15889,2013-01-20,9,OZ,1,3.99
465255859,101,72,7205,104858242,1893,2013-04-21,4.5,OZ,1,5.79
465264999,77,0,0,10000,20405,2013-06-30,0,,1,-1.49
465274179,101,29,2906,104122444,15440,2013-01-12,12.8,OZ,2,4.38
465278927,77,11,1112,1075928373,2083,2012-09-26,10,OZ,2,7.98
465280493,77,37,3703,105100050,2820,2013-01-26,10.5,OZ,1,1.99
465290310,77,72,7203,103700030,16040,2012-04-06,33.8,OZ,1,3.99
465297628,101,9,905,104300040,17447,2012-08-04,6,OZ,1,1.85
465297628,101,26,2628,103700030,2248,2012-12-28,3,RL,4,25.56
465299272,101,73,7303,1034152030,2963,2012-05-31,0.4,OZ,5,28.95
465299272,101,27,2702,107119070,23292,2012-10-09,14,LB,1,13.74
465299272,101,36,3632,107800070,23209,2013-04-12,20,OZ,1,1.49
465307720,101,96,9609,1055400050,88199,2012-03-21,0,,1,-1
465307720,101,36,3618,101200010,23361,2012-11-01,144,OZ,4,15.96
465327743,101,30,3010,102100020,9886,2012-07-22,8,OZ,1,1.79
465327743,101,63,6315,107774171,3738,2013-01-27,64,OZ,1,2.1
465327743,101,63,6315,107774171,3738,2013-03-17,128,OZ,1,3.9
465354645,101,96,9609,1054133555,88199,2012-03-11,0,,1,-1
465354645,101,9,907,107518575,11221,2012-03-18,15,OZ,1,3.49
465354645,101,4,418,104000040,56360,2012-04-01,11,OZ,1,1.5
465354645,101,18,1842,107173676,10390,2013-02-15,1,CT,3,9.17
465362320,101,97,9753,1020413121,0,2012-09-30,1,CT,1,7.42
465363900,101,43,4302,107027272,15085,2012-11-19,6.5,OZ,2,4
465388135,101,58,5827,1068826767,81691,2012-12-18,16,OZ,1,4.49
465388135,101,58,5823,104450040,8318,2013-04-14,9,OZ,1,3.34
465396745,101,21,2105,105200050,7054,2013-03-22,32,OZ,3,3
465403281,101,56,5604,1068826767,81691,2012-06-25,4,OZ,1,1.99
465407810,101,4,418,104000040,16765,2012-09-21,11.18,OZ,2,5
465407810,101,17,1724,104650040,886,2012-09-28,32,OZ,1,4.29
465407810,101,23,2301,101510010,23948,2013-02-01,12,OZ,1,1.99
465427830,101,28,2806,1068826767,81691,2012-10-26,16,OZ,2,3.68
465427830,101,33,3309,102840020,18584,2013-03-21,18,OZ,2,8.98
465429639,101,56,5607,102100020,13967,2012-11-04,8,OZ,1,2.19
465429697,101,55,5560,104154848,5603,2012-05-07,18,OZ,1,3
465433750,101,53,5307,101450010,20864,2013-02-10,14.4,OZ,1,2
465434662,101,34,3402,107560979,13012,2012-04-17,6.78,OZ,1,3.69
465434662,101,22,2201,1068826767,14697,2012-05-15,60,OZ,1,1.49
465437682,77,33,3303,107078474,18552,2013-01-27,8.5,OZ,1,2.5
465443255,77,63,6315,103680030,6866,2012-08-25,64,OZ,1,3.99
465445537,101,96,9609,1059396656,88199,2012-04-20,0,,1,-0.75
465449473,101,99,9904,1071575676,5278,2012-06-11,32,OZ,1,4.99
465449473,101,37,3706,105100050,2820,2012-11-20,10.75,OZ,2,2.68
465470376,101,41,4107,1068826767,81691,2012-12-09,15,OZ,1,-3
465486626,101,63,6324,107892979,10635,2013-04-13,15,OZ,1,5.99
465506788,101,32,3204,104173646,6305,2012-07-13,16.9,OZ,1,6.79
465506788,101,55,5567,107756777,6854,2012-12-20,17.5,OZ,1,2.99
465510087,101,9,916,108136383,12592,2013-06-25,4.75,OZ,2,5.98
465511649,101,27,2709,101780010,19793,2013-06-05,2.1,OZ,2,2.58
465532733,100,26,2629,104200040,19231,2012-09-02,100,CT,1,2.5
465542332,101,8,807,101340919,17823,2012-05-20,18,OZ,2,3
465542332,101,79,7901,10912898,25836,2012-06-09,1,CT,1,2.49
465550106,77,23,2301,107680878,1393,2012-05-27,16,OZ,1,1.25
465550106,77,99,9904,103338333,33170,2012-11-25,4.4,OZ,1,3.99
465550106,77,11,1111,103800030,17050,2013-01-06,4.76,OZ,1,2.5
465550106,77,10,1013,103890030,5072,2013-01-27,16,OZ,2,5
465560947,101,57,5707,103663232,4568,2012-08-03,18.6,OZ,2,4.79
465560947,101,40,4005,107017777,18928,2013-01-18,1.41,OZ,1,2.5
465567905,101,9,907,1068826767,81691,2013-06-17,19,OZ,3,7.17
465572932,101,63,6305,104850040,18799,2013-01-17,59,OZ,1,2.99
465575053,240,29,2914,102100020,9886,2012-09-04,5.5,OZ,1,1.59
465575722,101,44,4404,105100050,13791,2012-06-02,11.25,OZ,1,2.59
465575722,101,31,3108,102460020,11990,2012-08-25,26,OZ,1,0.69
465575722,101,12,1202,1068826767,7173,2012-12-15,14.75,OZ,1,4.49
465578218,77,79,7901,104880747,14452,2012-05-23,1,CT,1,3.59
465582710,101,9,902,102410020,44209,2012-10-03,13.7,OZ,1,3
465587802,77,96,9609,1057373151,88199,2012-08-23,0,,1,-1
465587802,77,25,2506,104127141,26189,2012-10-15,32,OZ,1,3.49
465587802,77,63,6315,107078474,18552,2012-11-06,128,OZ,1,2.49
465587802,77,35,3509,109451494,20153,2013-01-21,50,OZ,2,3.52
465596135,77,55,5561,107332171,10815,2012-07-03,36,OZ,2,4.91
465613976,101,56,5613,107403070,16922,2012-05-09,15,OZ,2,6.58
465614083,101,0,0,10000,20405,2013-03-24,0,,1,-1.5
465615685,101,0,0,10000,20405,2012-06-16,0,,1,-2.67
465615685,101,49,4901,107194777,26972,2012-11-04,21.2,OZ,1,2.29
465615685,101,63,6323,104282747,15325,2012-12-08,64,OZ,1,5.39
465623072,101,4,405,1068826767,81691,2012-04-29,10,OZ,1,0.84
465623072,101,63,6305,101630010,6509,2013-03-02,89,OZ,1,3.74
465645925,101,30,3007,107146474,2142,2012-07-29,14,OZ,1,3.99
465645925,101,41,4107,1068826767,81691,2012-11-13,14.75,OZ,1,0.99
465645925,101,63,6316,102100020,2321,2012-11-13,16,OZ,3,5
465645925,101,96,9609,1050308454,88199,2013-03-19,0,,1,-1
465647841,101,10,1013,103890030,5072,2012-06-08,16,OZ,2,4.7
465647841,101,63,6328,102016929,16492,2012-08-10,16,OZ,1,3
465647841,101,75,7501,104116747,7354,2012-08-25,14.5,OZ,1,7.99
465647841,101,25,2506,105000050,32115,2012-10-08,16,OZ,1,1.99
465647841,101,25,2506,102529323,16410,2012-10-27,16,OZ,1,1.59
465647841,101,9,907,1068826767,20614,2012-12-31,19,OZ,1,1.79
465651076,101,25,2503,1068826767,81691,2012-11-29,10.2,OZ,1,3.39
465651076,101,36,3611,1068826767,158,2013-03-16,591.5,OZ,1,4.99
465651076,101,27,2704,109109393,21618,2013-06-01,3,CT,1,10.99
465657539,101,36,3611,1068826767,158,2012-06-03,16.9,OZ,1,4.99
465657539,101,14,1405,1068826767,81691,2013-03-22,14,OZ,1,1
465660555,101,36,3612,1068826767,158,2012-06-10,128,OZ,1,0.79
465660555,101,27,2709,107910070,14329,2012-10-21,6.5,OZ,1,1.55
465682128,101,0,0,10000,0,2012-11-10,0,,1,2.29
465684078,101,33,3315,102900020,14112,2012-04-21,9.25,OZ,1,4.99
465688328,101,22,2201,1068826767,14697,2012-03-11,60,OZ,1,1.49
465688328,101,29,2904,101600010,3412,2012-09-02,4.8,OZ,1,1
465688471,101,26,2633,1068826767,20616,2012-04-04,4,RL,1,2.45
465695292,77,9,907,107078474,18552,2012-04-12,22,OZ,1,1.29
465695292,77,36,3631,107169878,225,2012-06-20,67.6,OZ,0,0
465695567,101,13,1302,101020010,8790,2012-05-01,32,OZ,1,1.19
465695567,101,54,5403,1068826767,81691,2013-02-10,12,OZ,1,1.5
465716570,77,97,9753,1020111828,0,2013-02-01,1,CT,1,20
465716570,77,26,2606,101122515,5093,2013-05-29,100,CT,1,1.59
465722204,101,31,3101,107340575,1604,2012-11-18,32,OZ,1,4.32
465729644,101,58,5835,107790070,9200,2012-05-03,16,OZ,1,3.5
465729644,101,11,1102,104480040,22777,2013-01-17,200,CT,1,1.79
465731723,101,53,5305,102000020,7655,2012-10-13,10,OZ,1,1.34
465731723,101,9,913,104812141,18322,2013-04-16,12,OZ,3,12.57
465746510,240,36,3601,101200010,13794,2012-07-24,33.8,OZ,1,0
465746510,240,37,3706,104119646,14582,2013-01-12,19,OZ,3,4.19
465746510,240,56,5620,102100020,9886,2013-02-02,8,OZ,1,2.49
465755531,77,0,0,10000,20405,2013-03-18,0,,1,-0.7
465760886,101,49,4901,101312010,26885,2012-04-28,28,OZ,1,3
465781621,101,99,9904,1071575676,5278,2012-10-15,16,OZ,2,7
465781621,101,92,9215,107560979,13012,2012-11-21,1.7,OZ,2,23.28
465781621,101,63,6305,101630010,6509,2013-01-01,59,OZ,2,5
465781621,101,18,1890,107830070,14142,2013-01-17,1,CT,1,2.49
465787890,101,8,818,105100050,14403,2012-07-21,23.75,OZ,1,1.89
465793742,101,0,0,10000,20405,2012-04-07,0,,1,-3.01
465793742,101,3,311,101600010,1756,2012-10-07,16,OZ,1,1.89
465793742,101,0,0,10000,20405,2013-05-19,0,,1,-2.64
465797866,101,55,5567,1068826767,81691,2012-11-05,38.4,OZ,1,2.5
465822941,101,55,5556,1068826767,81691,2012-06-09,48,OZ,1,2.5
465822941,101,4,412,107279979,19735,2012-11-30,34,OZ,1,9.49
465830790,101,9,901,106731262,19527,2012-07-07,14.1,OZ,2,4
465830790,101,9,902,104400040,18775,2012-08-25,9,OZ,1,2.99
465833020,101,36,3630,107800070,23561,2012-06-18,101.4,OZ,2,5.98
465833895,101,26,2628,103700030,2248,2013-02-04,1,RL,1,2.15
465835163,101,63,6319,108390080,7368,2012-08-11,59,OZ,2,4
465835163,101,30,3008,104133545,43106,2012-11-02,16,OZ,1,2.5
465912213,101,22,2211,103700030,5174,2012-06-14,80,CT,1,4.39
465912213,101,58,5834,1079233878,20952,2012-06-14,17,OZ,2,11.98
465916555,101,97,9799,1068826767,18552,2012-06-26,750,CT,1,0.44
465916555,101,2,207,108983686,16490,2012-07-17,10,OZ,1,4.49
465916555,101,36,3611,1068826767,158,2013-03-03,591.5,OZ,1,3.99
465928703,77,63,6305,104850040,18799,2012-11-07,128,OZ,1,6.49
465928703,77,36,3603,104300040,4371,2013-03-01,384,OZ,2,6
465929138,101,36,3638,101906313,6830,2012-03-09,96,OZ,1,2.79
465929138,101,36,3632,107800070,17635,2012-09-11,144,OZ,1,2.99
465929138,101,63,6320,1068826767,81691,2012-09-28,12,CT,2,4.18
465939802,77,79,7901,107482070,4126,2012-08-29,1,CT,1,3.99
465977754,101,3,304,1068826767,7173,2012-10-14,1,OZ,1,2.59
465982191,101,18,1890,107830070,14142,2012-05-10,1,CT,1,3.19
465982191,101,7,708,1078535777,7346,2013-02-27,12,OZ,1,7.99
465996131,77,5,501,101600010,3331,2012-06-27,12.25,OZ,2,5
466000081,77,33,3303,102840020,10241,2012-04-29,10.5,OZ,2,7
466001267,101,29,2928,104100040,9814,2012-05-06,5.5,OZ,1,1.39
466004497,101,27,2704,107910070,30370,2012-04-15,3.3,OZ,1,2.99
466004497,101,63,6315,1068826767,81691,2012-05-20,32,OZ,1,1.06
466004497,101,7,707,1068826767,7740,2012-10-07,11,OZ,1,2.5
466004497,101,96,9609,1051600050,88199,2012-10-07,0,,2,-1
466004497,101,5,504,109742191,22339,2012-11-11,1.94,OZ,1,1
466004497,101,59,5907,102900020,2012,2012-11-18,16,OZ,1,0.89
466004497,101,27,2704,103810030,29945,2013-02-10,6,OZ,2,5.34
466006404,101,51,5125,101380010,10271,2012-06-17,10.38,OZ,2,4.39
466006404,101,95,9518,1061029060,7848,2013-06-02,1,CT,1,2.99
466007360,101,63,6315,1068826767,81691,2012-04-29,128,OZ,1,3.47
466007360,101,26,2628,1068826767,20616,2012-10-21,1,RL,1,1
466019421,101,34,3403,103700030,15697,2012-11-18,6.3,OZ,1,1
466019421,101,27,2707,1085159989,11516,2012-12-15,3.15,LB,1,4.59
466029535,101,14,1417,107045070,17674,2012-12-18,16,OZ,1,2.99
466032687,101,96,9609,1053600050,88199,2012-09-10,0,,1,-1
466032687,101,92,9215,107124979,21913,2013-01-06,0.5,OZ,1,9.99
466042397,101,9,912,104812141,18322,2012-03-23,13,OZ,1,3.99
466084735,101,74,7402,1084105888,15983,2012-07-01,8.4,OZ,1,3.45
466084735,101,71,7106,103700030,8047,2013-02-02,14.2,OZ,1,4.79
466089907,77,63,6315,107078474,18552,2013-06-02,128,OZ,2,7.16
466089907,77,9,901,103010030,6852,2013-07-02,11.5,OZ,1,1.9
466101634,101,63,6315,107047474,6965,2012-11-09,128,OZ,1,4.32
466101634,101,63,6313,107047474,6965,2013-05-18,12,OZ,1,2.19
466112864,101,27,2704,1065922363,2018,2012-08-31,10,OZ,1,2.55
466127159,101,26,2620,1068826767,20616,2012-12-03,50,CT,1,2.5
466127159,101,36,3628,101200010,12029,2013-01-21,67.6,OZ,1,1
466127159,101,0,0,10000,20405,2013-05-18,0,,1,-3
466129931,101,18,1828,104650040,7249,2013-02-22,1.34,OZ,1,3.99
466134297,101,33,3302,102389626,14268,2012-09-20,11.2,OZ,1,4.49
466134960,101,26,2609,1068826767,7173,2012-08-09,48,CT,1,2
466134960,101,56,5617,102100020,9886,2013-02-15,12,OZ,1,3.49
466134960,101,9,907,101410010,13791,2013-02-21,16,OZ,1,3.99
466143204,101,63,6316,102100020,2321,2012-11-21,8,OZ,1,1.19
466147598,101,5,501,103800030,6796,2012-06-28,10.5,OZ,1,2
466147598,101,63,6319,1068826767,81691,2012-07-27,128,OZ,1,1.99
466147598,101,36,3630,107800070,5208,2013-02-01,60,OZ,1,3.34
466164048,77,21,2119,1061300868,867,2012-04-18,23,OZ,1,0.99
466164048,77,7,709,102550020,6550,2012-10-09,3.81,OZ,1,7.99
466183344,101,97,9781,10000,8255,2012-11-24,1,CT,1,-1
466183344,101,63,6315,107047272,26467,2013-01-08,128,OZ,2,7.65
466186873,101,97,9753,1020406727,0,2012-06-03,1,CT,1,1.57
466186873,101,97,9753,1020466424,0,2012-10-08,1,CT,1,2.33
466186873,101,58,5823,104470040,13310,2012-11-02,12,OZ,1,3.69
466211075,101,99,9909,1068826767,7173,2013-05-22,12,OZ,1,3.49
466223603,101,9,907,1068826767,7173,2012-10-14,24,OZ,1,2.09
466229682,101,53,5307,101450010,20864,2012-11-04,10.8,OZ,1,2
466234289,101,97,9753,1020441323,0,2013-07-14,1,CT,1,2.07
466240943,101,5,520,103000030,14760,2012-06-30,18,OZ,1,1.2
466241208,101,16,1604,102200020,6021,2013-05-24,15,CT,1,1.19
466245631,101,37,3703,105100050,2820,2012-08-12,10.75,OZ,1,1
466245631,101,31,3101,105210050,11382,2013-02-12,3.12,OZ,1,2.59
466249224,101,26,2609,1068826767,7173,2012-03-22,100,CT,1,3.29
466249224,101,33,3301,1068826767,7641,2012-10-10,12,OZ,1,2
466249224,101,33,3312,103700030,14494,2012-10-17,6.73,OZ,2,2.66
466249224,101,35,3508,103700030,18371,2013-03-15,100,OZ,1,13.49
466256525,101,3,310,107045070,4913,2012-03-31,6,OZ,1,2.99
466256525,101,63,6319,107654575,17876,2013-01-15,128,OZ,1,2.59
466256525,101,36,3611,1068826767,158,2013-06-02,405.6,OZ,1,3.49
466265964,101,57,5704,107835474,2675,2012-10-07,16,OZ,1,1.94
466265964,101,19,1904,1068826767,81691,2012-10-12,12,OZ,1,2.5
466265964,101,75,7520,104152040,2963,2013-02-16,170,CT,1,1.59
466269543,101,72,7203,103700030,16040,2012-06-28,25.4,OZ,1,4.19
466269543,101,18,1828,103700030,6236,2012-09-19,0.36,OZ,1,5.59
466269543,101,99,9908,101228919,20877,2013-06-19,24,OZ,4,11.96
466270585,101,5,501,103800030,14900,2012-09-17,23.5,OZ,1,3.29
466284142,101,41,4108,1068826767,12475,2013-02-06,15.5,OZ,2,2.64
466284953,101,35,3509,103320030,875,2013-02-14,75,OZ,2,7.25
466285981,101,97,9753,1020406525,0,2012-03-26,1,CT,1,5.21
466285981,101,9,970,103800030,62065,2012-05-13,14,OZ,1,1.67
466285981,101,99,9904,103338333,33170,2012-06-02,16,OZ,2,4.99
466297639,101,58,5823,102730020,5898,2012-08-01,3,OZ,1,2.99
466297639,101,8,807,102100020,9886,2012-12-09,27,OZ,1,2.29
466297639,101,9,905,104300040,17447,2013-04-01,6,OZ,1,1.34
466297977,101,58,5826,102265525,2626,2012-10-02,6,OZ,2,3
466297977,101,33,3303,103304939,11221,2013-01-03,8.5,OZ,2,3.99
466297977,101,4,405,1068826767,81691,2013-07-04,10,OZ,1,0.99
466307189,101,36,3626,104900040,17186,2012-06-22,67.6,OZ,1,1.5
466307189,101,9,914,107246575,33343,2012-06-29,15,OZ,1,2.39
466308514,101,10,1012,102700020,23332,2013-03-27,13,OZ,1,1.59
466310096,101,63,6311,102500020,11749,2012-03-12,59,OZ,1,2.99
466310096,101,29,2927,107225171,12502,2012-07-18,6,OZ,1,2.19
466310310,101,9,922,102560020,18051,2012-11-25,14.25,OZ,2,7.58
466310310,101,92,9204,104152040,2963,2013-07-12,16,OZ,1,2.49
466310310,101,63,6312,105020050,52045,2013-07-12,128,OZ,1,3.19
466322668,101,26,2620,103770030,3447,2012-03-04,10,CT,1,2
466322668,101,14,1416,1068826767,7173,2012-11-21,15,OZ,1,0.99
466336104,77,36,3611,107572070,14196,2012-07-28,405.6,OZ,1,4.99
466344960,101,14,1405,1068826767,81691,2012-09-03,8,OZ,3,2.01
466361596,101,29,2920,101600010,1756,2012-06-27,6.1,OZ,1,1.34
466361596,101,0,0,10000,20405,2012-10-04,0,,1,-0.2
466361596,101,79,7902,108950585,47461,2013-02-14,1,CT,1,3
466366751,101,36,3611,1068826767,158,2012-06-17,591.5,OZ,1,4.99
466366751,101,21,2111,101480010,12021,2012-08-05,64,OZ,1,2.99
466366751,101,9,907,107518575,11221,2012-11-11,20,OZ,1,3.49
466366751,101,14,1404,1089000080,11289,2013-04-14,12.8,OZ,2,4.58
466372294,77,10,1007,104300040,26232,2012-06-06,3,OZ,6,5.34
466372294,77,9,907,107078474,18552,2013-06-15,11,OZ,1,1.69
466386485,101,26,2609,103770030,3447,2013-03-29,12,CT,1,2.5
466402135,101,97,9735,102708424,8530,2012-07-06,1,CT,1,1.25
466402135,101,8,814,102840020,18584,2012-11-29,24,OZ,1,3.5
466402135,101,55,5552,102073525,18893,2013-04-08,48,OZ,1,2.5
466402135,101,56,5607,1068826767,81691,2013-05-25,8,OZ,2,2.5
466402135,101,33,3303,102840020,10241,2013-06-09,9.5,OZ,2,6.58
466405532,101,18,1850,102120020,16044,2012-06-09,3,CT,2,6.3
466417565,77,58,5827,107080070,16704,2012-05-27,16,OZ,1,6.99
466472738,101,26,2634,103700030,3293,2012-08-04,24,RL,1,11.99
466485275,101,54,5403,102580020,16668,2012-03-24,3.95,OZ,3,8.37
466485275,101,25,2509,103450030,10165,2012-12-20,32,OZ,1,2.79
466495221,101,96,9609,1053400050,88199,2012-04-27,0,,1,-1
466495221,101,96,9609,1050815151,88199,2012-07-21,0,,1,-3
466507516,77,97,9799,107407575,88078,2012-07-07,128,OZ,2,7.98
466507516,77,26,2634,104200040,14813,2012-07-23,6,RL,1,4.49
466507516,77,9,902,102410020,44209,2012-10-18,4.62,OZ,1,2.5
466523861,77,57,5707,107047070,20230,2012-03-15,16,OZ,1,2
466523861,77,35,3506,103700030,3068,2012-10-29,12.7,OZ,1,4.49
466537541,101,41,4107,102400020,4704,2012-03-12,15.25,OZ,1,1
466537541,101,10,1007,104300040,26232,2012-10-26,6,OZ,2,2.78
466550905,240,2,213,107248676,9190,2012-11-05,8.5,OZ,2,1
466553802,77,99,9909,107127979,6732,2012-09-30,6,OZ,1,3.99
466553802,77,33,3303,104126242,19971,2013-03-22,9,OZ,1,2.5
466575718,101,63,6315,1068826767,81691,2013-01-04,64,OZ,1,2.04
466575718,101,69,6909,104160848,17568,2013-02-15,2,OZ,1,2.49
466575718,101,96,9609,1051650050,88199,2013-03-22,0,,1,-1
466575718,101,96,9609,1057261353,88199,2013-04-05,0,,1,-1
466575718,101,18,1828,102340020,15181,2013-06-28,7.5,OZ,2,2
466587428,77,96,9609,1051600050,88199,2012-03-06,0,,1,-1
466587428,77,57,5704,104667545,20216,2012-09-19,16,OZ,1,2.59
466592188,100,63,6305,104130343,38922,2012-10-03,64,OZ,1,2.5
466628928,101,99,9904,103338333,33170,2012-03-04,48,OZ,1,3.99
466628928,101,9,970,103800030,62065,2012-05-26,14.7,OZ,1,2
466628928,101,9,907,1068826767,81691,2012-06-26,12,OZ,1,1.19
466628928,101,51,5134,107008575,26885,2012-07-22,14,OZ,2,6
466628928,101,75,7507,104152040,2963,2012-08-31,1,OZ,1,4.29
466628928,101,44,4404,107002272,15242,2012-12-17,48,OZ,1,3.89
466643319,101,41,4120,1068826767,81691,2012-05-06,6,OZ,1,0.5
466643319,101,57,5710,103663232,4568,2012-11-18,5.3,OZ,5,5
466646684,101,56,5617,102100020,9886,2013-02-23,12,OZ,1,3.19
466669709,101,33,3303,104178040,19154,2012-05-07,10,OZ,2,4.28
466669709,101,26,2628,104200040,2308,2013-02-19,6,RL,1,7.75
466695532,101,99,9908,1068826767,12475,2012-09-28,10,OZ,1,3.99
466695532,101,56,5699,104175747,10216,2012-10-18,7.5,OZ,1,4.99
466716035,101,97,9753,10000,0,2013-05-15,1,CT,1,1.01
466730275,101,26,2628,103700030,2248,2012-09-28,1,RL,2,4.18
466758455,101,16,1604,102200020,6021,2013-02-09,15,CT,1,1
466758455,101,8,802,102446323,8627,2013-02-14,8,OZ,1,2.69
466782307,77,10,1010,103400030,8247,2013-01-15,22,OZ,1,2.5
466782535,101,58,5823,104470040,13310,2013-01-21,9,OZ,2,6.67
466786946,101,9,907,107167373,17480,2012-04-04,22,OZ,2,5
466789332,101,33,3308,107260070,8245,2012-12-02,8.5,OZ,1,3.49
466790041,101,10,1012,102700020,23332,2012-04-03,13,OZ,1,1
466790041,101,41,4107,102400020,4704,2012-10-24,11,OZ,1,1
466811733,77,7,706,107880070,19118,2012-11-27,16,OZ,1,1
466823553,101,37,3703,105100050,2820,2013-01-01,10.75,OZ,1,1
466823553,101,45,4509,107005777,13972,2013-01-10,6,OZ,2,10
466825715,101,26,2609,104116545,16879,2012-05-31,20,CT,1,2.54
466841799,101,29,2905,103769232,33345,2013-02-03,30,OZ,1,2.99
466878919,101,0,0,10000,20405,2013-01-19,0,,2,-3.74
466884649,101,97,9753,1076163575,0,2012-05-25,1,CT,2,7.98
466898245,101,36,3618,101200010,23361,2013-06-09,67.6,OZ,1,1.79
466904456,101,31,3111,1078735979,6734,2012-12-22,4,OZ,1,1.66
466904456,101,4,418,104000040,16765,2013-03-27,6.6,OZ,2,6
466905556,101,97,9717,102519222,19097,2013-05-14,1,CT,1,19.99
466905556,101,63,6313,107357070,8185,2013-06-14,12,OZ,1,1.79
466921180,101,11,1102,1072277676,17117,2013-01-10,80,CT,2,6.98
466929726,101,21,2117,103120030,12957,2012-05-26,48,OZ,1,3.49
466929726,101,5,516,103800030,17050,2012-07-15,4.76,OZ,1,2.69
466929726,101,51,5125,102580020,16668,2013-04-14,9.5,OZ,1,2.5
466933201,77,21,2118,107618373,16756,2012-11-20,16,OZ,1,0.99
466933201,77,14,1404,107078474,18552,2013-05-30,24,OZ,1,2.19
466933570,77,9,922,101290010,17055,2012-03-11,5,OZ,2,3.98
466944326,101,27,2704,103810030,29945,2013-02-01,25,OZ,1,9.99
466947900,101,35,3506,103700030,3068,2013-02-22,10.2,OZ,1,5.35
466950242,101,40,4005,102399121,74959,2012-07-20,1.34,OZ,1,2.99
466950242,101,63,6311,102500020,16489,2012-08-13,13.5,OZ,1,1.25
466950242,101,58,5832,107274575,13804,2012-11-01,12,OZ,1,3.34
466950242,101,33,3303,108411484,9596,2012-11-13,4,OZ,1,2.5
466950242,101,5,501,1088491282,86364,2013-01-15,14.75,OZ,1,2.99
466952797,101,56,5617,102100020,9886,2012-07-26,12,OZ,1,2.5
466952797,101,63,6323,104138343,10091,2012-08-11,64,OZ,1,3.39
466952797,101,26,2630,103600030,9787,2012-11-06,100,CT,2,2
466963260,101,96,9609,1051780050,88199,2012-10-08,0,,1,-2
466963260,101,45,4511,107346171,1376,2012-12-23,10,OZ,2,6
466963260,101,5,501,101600010,7400,2013-01-14,12,OZ,1,2.49
466963641,101,97,9799,107575575,18536,2012-09-18,48,CT,1,2.99
466963641,101,96,9609,1051410050,88199,2013-05-02,0,,1,-1
466963641,101,56,5620,1068826767,81691,2013-05-23,8,OZ,1,2
466966925,101,63,6399,1068826767,7173,2013-01-06,32,OZ,1,2
