708292723,165,97,9781,10000,8255,2012-03-03,1,CT,1,-3.31
708292723,165,37,3706,104119646,14582,2012-03-16,18.5,OZ,2,2.89
708308870,165,97,9781,10000,8255,2012-11-17,1,CT,1,-2.1
708314931,165,97,9734,107565676,33170,2012-05-06,0,,2,19.98
708314931,165,21,2114,104260848,10135,2012-09-02,12.5,OZ,1,3.99
708314931,165,63,6315,107203676,7953,2012-10-13,64,OZ,2,7.58
708314931,165,3,302,1074759979,7168,2012-10-21,11,OZ,1,3.85
708317969,165,54,5401,103800030,5618,2013-03-17,10.75,OZ,1,2.25
708321071,165,6,601,107092070,17882,2012-12-20,7.3,OZ,1,1.77
708327603,165,5,516,101600010,6283,2012-04-15,4.1,OZ,2,7.38
708327603,165,41,4106,107203676,7953,2012-11-24,6.5,OZ,1,0.49
708334806,165,56,5607,107203676,7953,2012-12-20,8,OZ,1,1.25
708343874,165,36,3611,1063256565,6303,2013-05-16,33.8,OZ,3,5
708344756,165,99,9904,1081204989,27736,2013-03-15,1,CT,2,4.99
708351288,165,63,6320,107203676,7953,2012-08-08,12,CT,1,2.29
708351288,165,43,4302,104300040,4030,2013-01-07,8,OZ,1,1.99
708354269,165,12,1207,1079852575,16784,2013-01-13,6.5,OZ,3,6.57
708356802,165,95,9518,106700868,25075,2013-01-12,1,CT,1,2.99
708357095,165,9,907,101410010,13791,2013-01-02,16,OZ,1,3.99
708358597,165,96,9609,1057591959,88199,2012-06-06,0,,2,-2
708358597,165,35,3509,103320030,875,2013-03-04,50,OZ,2,6.99
708359335,165,37,3703,105100050,2820,2012-12-28,11.5,OZ,2,2
708359449,165,44,4404,107002272,15242,2013-04-27,16,OZ,1,2.39
708359503,65,64,6409,108051686,2136,2013-06-03,1.5,LT,1,13.99
708359834,65,9,902,104400040,18775,2013-03-08,9,OZ,1,3.19
708361348,68,49,4901,101312010,26885,2013-03-28,32,OZ,1,3.49
708362717,165,63,6311,1082415080,22328,2012-04-29,48,OZ,1,10.99
708363126,165,56,5604,107027777,1008,2012-05-21,4,OZ,1,3.59
708381289,165,30,3010,102066222,12598,2013-01-04,16,OZ,1,3.99
708382924,71,33,3318,107797575,27417,2012-12-23,16,OZ,1,2.5
708383390,165,26,2629,103993838,13584,2013-03-29,18,CT,1,2
708383549,165,9,902,101410010,45039,2012-11-27,6.6,OZ,1,2.39
708390549,165,63,6320,1074236575,8499,2012-05-14,6,CT,1,3.19
708396943,165,99,9904,103338333,33170,2012-05-12,16,OZ,2,6
708406754,165,2,201,1064420969,5345,2012-04-07,16.5,OZ,1,1.27
708406754,165,10,1007,104300040,26232,2012-09-28,6,OZ,1,1.59
708406754,165,99,9909,107127979,6732,2012-10-28,10,OZ,1,1.89
708406754,165,51,5125,101380010,10271,2013-03-03,9.13,OZ,1,2.49
708408025,165,9,907,107225070,12465,2012-04-02,15,OZ,1,2.89
708408025,165,56,5616,104610040,15889,2012-06-01,6.67,OZ,1,2.39
708408767,64,99,9908,1064819666,25891,2013-05-05,80,OZ,1,2.99
708409202,165,55,5567,1078978575,16558,2012-03-28,5.8,OZ,3,3.75
708409202,165,29,2904,1078273373,18043,2012-06-16,10,OZ,2,7.98
708409202,165,36,3629,104900040,6716,2012-08-18,144,OZ,1,0
708409202,165,99,9909,107127979,6732,2013-02-05,11,OZ,1,2.29
708409673,68,4,416,103400030,9739,2012-08-06,1.5,OZ,3,2.48
708409673,68,63,6315,1072543979,40679,2012-09-17,128,OZ,1,3.39
708409673,68,58,5831,107562070,7364,2012-09-18,160,OZ,1,5.9
708409673,68,59,5907,1072543979,40679,2012-10-11,45,OZ,1,2.07
708421072,165,9,917,107373171,11786,2012-05-20,20,OZ,2,8.38
708421072,165,33,3309,102840020,18584,2012-07-15,13,OZ,1,3.5
708421467,165,0,0,10000,0,2012-07-12,0,,1,3.17
708421467,165,96,9609,1051600050,88199,2012-09-02,0,,1,-2
708421467,165,25,2505,107203676,7953,2012-11-16,32,OZ,1,1.57
708423140,165,2,202,1064420969,5345,2012-12-01,18,OZ,2,3
708425246,165,55,5555,107756777,7459,2012-07-20,16,OZ,1,3
708425246,165,97,9753,10555,0,2012-10-27,2.12,OZ,234,0
708425934,64,30,3001,105250050,5337,2012-03-30,8,OZ,1,1.55
708425934,64,51,5117,1072543979,40679,2012-05-22,22.35,OZ,2,6.58
708428960,165,63,6315,107203676,7953,2012-04-19,128,OZ,1,3.99
708428960,165,99,9908,107203676,7953,2012-12-27,32,OZ,1,3.79
708428960,165,36,3632,10827484,15107,2012-12-27,48,OZ,1,5.99
708434694,165,55,5558,107585676,9798,2012-10-14,27,OZ,1,2.5
708434694,165,72,7212,101070515,4801,2013-04-29,1,CT,-1,-4.29
708434694,165,36,3635,104150848,27294,2013-06-18,11.15,OZ,2,2
708443503,165,44,4402,102770020,12137,2013-05-23,37,OZ,1,4.99
708447117,165,72,7205,103320030,875,2012-03-04,6,OZ,1,4.29
708447117,165,28,2805,107203676,7953,2012-06-03,4.75,OZ,1,1.47
708447117,165,97,9753,10000,0,2012-09-15,1,CT,1,0.99
708452851,165,9,920,107641070,10160,2012-12-21,11.25,OZ,1,3.49
708456701,165,99,9904,1066529060,52314,2012-09-26,16,OZ,1,3.5
708460275,165,36,3618,104900040,23359,2012-10-05,101.4,OZ,1,3.79
708465376,165,31,3101,107096979,17090,2012-12-20,32,OZ,1,5.99
708465376,165,8,805,102484222,2542,2013-02-22,11,OZ,1,7.99
708465376,165,63,6313,1061611262,23016,2013-06-01,14,OZ,1,4.99
708470557,165,96,9609,1054400050,88199,2012-06-12,0,,1,-1
708470557,165,9,901,101862717,9496,2012-09-15,8.5,OZ,1,2.5
708470557,165,58,5823,104450040,8318,2013-04-15,9,OZ,1,3.34
708476859,70,41,4110,103940030,71386,2012-03-22,16,OZ,1,1.59
708476859,70,5,501,103800030,6796,2012-08-08,15,OZ,1,3.89
708476859,70,36,3611,1072543979,40679,2012-10-06,405.6,OZ,1,2.47
708476859,70,29,2928,104600040,13023,2013-05-08,7.6,OZ,1,1.93
708476859,70,33,3308,104178040,19154,2013-05-28,8.5,OZ,1,3.29
708477702,165,75,7501,107214070,12679,2012-11-02,13.5,OZ,1,6.28
708487746,165,63,6325,1076108878,7953,2013-03-01,16,OZ,1,7.49
708487746,165,97,9781,10000,8255,2013-04-17,1,CT,1,-1.05
708489637,165,82,8201,107203676,7953,2012-07-13,1,CT,1,-2.99
708492112,165,18,1850,107203676,7953,2012-07-14,2,CT,1,1.49
708498978,165,53,5305,102000020,7655,2012-10-10,9,OZ,3,3
708498978,165,10,1011,102400020,4704,2013-05-30,7,OZ,2,2
708503414,165,29,2905,107313070,2079,2012-10-14,10,OZ,2,9.38
708503414,165,55,5552,107203676,7953,2013-01-20,48,OZ,1,4.29
708508433,165,99,9908,1073447575,52605,2013-02-11,1,CT,1,3.99
708508826,165,8,811,1070601070,1393,2012-03-22,24,OZ,1,2
708508826,165,23,2301,107680878,1393,2012-04-29,12,OZ,1,1.25
708508826,165,9,907,107225070,12465,2012-04-29,24,OZ,1,2.24
708508826,165,1,106,1089018080,14157,2012-11-02,4,OZ,1,1.69
708508826,165,97,9781,10000,8255,2012-11-13,1,CT,1,-2.35
708516892,165,26,2630,103600030,9787,2012-05-02,552,CT,2,12.58
708516892,165,41,4108,107203676,7953,2012-09-17,15,OZ,1,0.77
708516892,165,19,1908,107203676,7953,2012-11-13,28,OZ,1,3.99
708516892,165,3,305,104161747,15609,2012-11-30,4,OZ,1,1.49
708519587,165,25,2509,107203676,7953,2012-06-07,32,OZ,1,1.87
708519587,165,33,3305,102840020,18584,2013-03-30,14.5,OZ,1,3.99
708520923,165,63,6328,107590070,2073,2012-07-29,24,OZ,1,3.99
708520923,165,97,9781,10000,8255,2012-09-12,1,CT,1,-1.05
708520923,165,29,2928,105480050,19039,2012-09-17,4.4,OZ,2,3.1
708520923,165,51,5124,107320272,9303,2012-09-26,5,OZ,2,2.38
708524833,165,57,5704,105215959,41981,2012-11-13,6,OZ,2,2
708524833,165,59,5902,103450030,10165,2013-05-19,16,OZ,1,4.19
708542952,165,96,9609,1051611252,88199,2012-11-04,0,,2,-2.79
708545582,165,36,3618,104900040,23359,2013-01-15,144,OZ,1,4.99
708545626,165,74,7402,105100959,1372,2013-01-16,10,OZ,1,1.99
708545764,65,92,9202,1072543979,23587,2012-04-28,4,CT,1,0.79
708545764,65,56,5609,102100020,2321,2012-04-30,16,OZ,1,2.25
708545764,65,30,3009,102100020,9886,2012-07-27,16,OZ,1,2
708546859,165,26,2633,103040030,683,2012-03-29,9,RL,1,5
708546859,165,96,9609,1057261353,88199,2012-08-09,0,,2,-2
708546859,165,14,1415,103890030,5072,2012-11-20,15,OZ,2,2.5
708550672,165,33,3305,103659333,27178,2012-11-21,16,OZ,2,9.58
708559955,165,51,5125,101380010,10271,2012-06-10,10.88,OZ,2,5
708559955,165,37,3703,105100050,2820,2013-01-25,43,OZ,1,3.99
708559955,165,63,6305,102500020,11749,2013-05-21,59,OZ,1,2.97
708579071,165,63,6323,107203676,7953,2012-09-15,64,OZ,1,2.69
708579784,165,9,907,107341070,2437,2012-03-31,24,OZ,1,4.29
708580155,165,33,3315,101030010,5740,2012-03-29,7.5,OZ,2,5
708580155,165,58,5827,107080070,16704,2013-02-14,12,OZ,2,9
708580155,165,5,519,107203676,7953,2013-02-16,12.3,OZ,2,3
708580155,165,9,901,104400040,13243,2013-02-20,15.25,OZ,2,7
708581773,165,25,2506,105000050,32115,2012-10-14,16,OZ,1,2.19
708581773,165,63,6319,107203676,7953,2012-11-02,16,OZ,1,0.99
708582128,165,10,1007,104300040,26232,2012-03-11,3,OZ,1,0.95
708582128,165,23,2301,102920020,12168,2012-09-26,16,OZ,2,2
708592803,165,96,9609,1051650050,88199,2013-01-05,0,,2,-2
708592803,165,73,7302,1032586636,384,2013-02-25,130,CT,1,10.99
708601029,64,5,501,103800030,9891,2012-08-04,11.4,OZ,1,3.99
708603041,165,26,2617,101090010,15232,2012-06-27,1,CT,1,3.45
708607751,165,55,5567,107064070,19704,2012-09-26,21,OZ,1,5.89
708619228,165,17,1726,104460040,3718,2012-09-01,35,CT,2,5.98
708619228,165,4,410,103080030,17028,2012-10-09,33.9,OZ,1,3.99
708619228,165,97,9781,10000,8255,2013-01-30,1,CT,1,-1.05
708624115,165,99,9904,103338333,33170,2013-03-11,6,OZ,2,6
708624115,165,73,7304,1036382434,12163,2013-06-01,14,CT,1,13.39
708627396,165,45,4509,107203676,7953,2012-04-29,32,OZ,5,136.41
708627396,165,26,2619,107203676,7953,2012-08-19,21,CT,1,4.99
708627484,165,5,517,107203676,7953,2012-05-19,10.4,OZ,2,-0.66
708630162,165,29,2904,101600010,7860,2013-04-19,5.4,OZ,1,1.95
708630682,165,7,707,107203676,7953,2012-11-17,11.5,OZ,1,2.87
708631546,165,96,9609,1053810050,88199,2012-04-19,0,,2,-2
708634772,165,5,501,103800030,12169,2012-06-10,15.3,OZ,1,4.59
708634772,165,8,810,105210050,11382,2012-10-08,1.5,OZ,2,1.75
708634772,165,59,5902,107203676,7953,2013-06-22,16,OZ,1,3.19
708637548,165,36,3611,108265787,4687,2012-03-11,405.6,OZ,2,10.98
708637548,165,71,7106,103700030,8047,2012-10-06,14.2,OZ,1,4.49
708637548,165,36,3604,107800070,16023,2012-12-29,67.6,OZ,2,2.5
708637726,165,36,3611,108265787,4687,2012-04-11,405.6,OZ,2,7.49
708637726,165,25,2507,102800020,12545,2012-12-23,56,OZ,1,2.19
708641234,165,97,9781,10000,8255,2012-05-26,1,CT,1,-4.37
708641234,165,37,3703,105100050,2820,2012-10-11,10.75,OZ,4,3
708647636,165,41,4108,102880020,7907,2013-03-29,15.5,OZ,1,0.89
708647636,165,63,6321,104082242,15667,2013-06-12,10,OZ,1,4.99
708653522,165,36,3627,101200010,16391,2012-05-27,96,OZ,1,3.99
708653522,165,58,5812,1078533171,7796,2012-09-29,12,OZ,4,3.08
708665168,165,4,405,107203676,7953,2013-02-21,10.5,OZ,1,0.97
708665168,165,5,501,101600010,3331,2013-05-09,12.8,OZ,1,4.39
708671235,165,56,5611,107144878,469,2012-06-09,6,OZ,2,5
708671726,65,41,4107,103582636,6564,2012-06-04,14.5,OZ,1,0.99
708689305,165,9,901,104400040,85927,2013-02-24,8.8,OZ,2,3.69
708689305,165,27,2705,102310020,19792,2013-06-09,36,OZ,1,6.99
708691163,165,58,5837,104242141,2071,2013-01-03,2.29,OZ,2,7.98
708691163,165,63,6315,107203676,7953,2013-02-02,128,OZ,1,6.35
708694596,165,58,5814,104470040,10837,2012-09-07,3.4,OZ,2,3.98
708694596,165,51,5128,101740010,76410,2012-09-21,10,OZ,1,2.5
708695862,65,5,501,101600010,3331,2012-03-17,17,OZ,1,4.49
708695862,65,0,0,10000,20405,2013-04-17,0,,1,-0.99
708712544,165,99,9908,107203676,7953,2012-09-04,16,OZ,1,1.79
708721273,165,56,5611,104175747,10216,2012-09-13,6,OZ,1,3.99
708724603,165,4,419,10980090,6267,2012-07-24,1.3,OZ,1,1.69
708725258,165,37,3706,104119646,14582,2012-03-05,18.5,OZ,2,3
708725258,165,63,6315,107433676,39515,2012-09-21,128,OZ,1,3.49
708725258,165,6,610,104900040,6869,2013-02-07,16,OZ,1,1.25
708725766,165,9,901,107203676,7953,2012-06-08,8,OZ,1,2.69
708725766,165,0,0,10000,0,2013-01-31,0,,1,-0.38
708725796,165,51,5134,104670444,18213,2012-09-18,11,OZ,1,3
708733974,165,12,1207,107660676,7821,2012-09-10,2,OZ,1,1.99
708736076,165,18,1828,106233868,319,2012-05-14,1.42,OZ,1,5.99
708736076,165,33,3321,107332171,17710,2012-09-02,56,OZ,1,7.99
708736157,165,58,5832,107274575,13804,2012-09-25,9,OZ,1,5.99
708751448,165,5,519,103000030,14760,2012-11-21,11.8,OZ,1,2.89
708751448,165,99,9909,1070935171,5534,2012-12-24,12,OZ,1,2.99
708754022,165,97,9781,10000,8255,2012-05-15,1,CT,1,-1.05
708755175,165,0,0,10000,20405,2012-04-23,0,,2,-1
708755175,165,72,7205,106830565,26880,2013-04-16,4.2,OZ,1,1.99
708760504,70,72,7205,103700030,4294,2012-04-06,5.8,OZ,1,2.79
708760504,70,38,3801,1072543979,40679,2012-09-27,5,LB,1,2.97
708760504,70,0,0,10000,20405,2012-11-20,0,,1,-1.99
708761205,165,9,907,107518575,11221,2012-12-09,20,OZ,1,3.49
708761451,165,8,816,1064034464,6731,2012-04-01,16,OZ,1,3.99
708761451,165,2,201,1064420969,5345,2013-01-12,18.25,OZ,1,1.99
708761451,165,34,3402,107560979,13012,2013-03-21,2,OZ,1,3.99
708764107,165,8,810,1060418363,6785,2012-07-15,4.5,OZ,1,2.29
708764107,165,41,4105,107203676,7953,2013-03-09,14.5,OZ,2,1.34
708786182,165,96,9609,1055000050,88199,2012-03-24,0,,2,-1.5
708786182,165,57,5704,107203676,7953,2013-05-01,32,OZ,2,6.98
708787193,69,36,3636,104300040,4371,2012-08-08,169,OZ,2,4
708787193,69,41,4107,103470030,423,2012-11-06,28,OZ,1,1.99
708788618,165,44,4402,104145848,5602,2012-07-01,26,OZ,1,4.99
708788618,165,97,9753,1020898929,0,2012-09-11,1,CT,2,13.26
708796262,165,59,5902,103450030,10165,2012-06-10,16,OZ,1,4.49
708796262,165,30,3007,107653979,12409,2013-03-11,12,OZ,1,3.89
708798108,165,97,9753,1020335828,0,2012-06-16,1,CT,2,33.15
708798727,165,57,5710,107835474,2675,2012-12-04,16,OZ,1,1.79
708798727,165,25,2506,1074447373,16798,2013-05-07,16,OZ,1,1.89
708799002,165,63,6320,1076912373,2209,2012-11-06,12,CT,1,2.89
708811124,165,5,501,101600010,3396,2013-04-18,14,OZ,1,3.99
708811506,165,63,6315,107433676,28647,2012-08-27,128,OZ,1,3.17
708813112,165,97,9781,10000,8255,2012-10-12,1,CT,1,-1.05
708813112,165,97,9781,10000,8255,2012-10-27,1,CT,1,-2.11
708814291,165,56,5616,107203676,7953,2012-08-12,8,OZ,1,1.66
708827502,165,99,9904,107490474,3457,2012-08-06,11,OZ,1,3.99
708827502,165,51,5131,104227242,648,2012-08-26,6.2,OZ,1,5.19
708831788,165,97,9781,10000,8255,2012-05-17,1,CT,1,-1.05
708831788,165,75,7507,107050171,12554,2013-02-10,6,OZ,1,6.99
708834020,165,57,5703,107203676,7953,2013-01-08,6,OZ,4,4
708834020,165,9,901,107203676,7953,2013-05-27,16,OZ,1,2
708840055,165,53,5307,101450010,20864,2012-12-12,14.4,OZ,3,3.75
708840055,165,18,1835,107203676,7953,2013-04-17,6.6,LB,1,4.95
708846454,165,36,3632,104900040,6137,2012-07-12,60,OZ,1,3.5
708849070,165,97,9781,10000,8255,2013-02-14,1,CT,1,-1.05
708853796,165,81,8101,102820020,11186,2012-07-07,1,CT,3,13.17
708853796,165,28,2805,107203676,7953,2012-08-26,3.8,OZ,1,1.59
708853796,165,8,814,107203676,7953,2013-02-25,16,OZ,1,3.99
708857917,65,4,416,104000040,16765,2012-07-15,1.78,OZ,1,0.79
708860672,165,97,9781,10000,8255,2013-03-05,1,CT,1,-1.05
708863436,165,96,9609,1051600050,88199,2013-01-12,0,,2,-1
708863832,165,8,807,107559272,16051,2012-10-18,16,OZ,2,5.1
708870139,165,36,3626,107800070,16223,2012-03-20,67.6,OZ,1,1.5
708870139,165,49,4901,101312010,26885,2012-07-07,28,OZ,1,3.39
708870139,165,41,4108,103940030,71386,2012-08-26,15.5,OZ,1,1.15
708870139,165,64,6409,108308585,5899,2012-09-20,0.75,LT,1,11.99
708870139,165,25,2506,104127141,26189,2012-10-14,32,OZ,1,3
708870139,165,95,9518,1064541666,25075,2012-12-09,1,CT,2,5.98
708878048,165,31,3101,107096979,17090,2012-03-06,8,OZ,1,2.5
708878048,165,99,9909,107127979,6732,2012-06-23,6,OZ,1,2.5
708878048,165,33,3305,102840020,18584,2012-08-31,10,OZ,2,7
708878048,165,36,3636,104300040,29501,2012-09-05,192,OZ,3,12.75
708878048,165,56,5620,107203676,7953,2013-04-13,8,OZ,1,2.75
708878792,165,63,6315,107203676,7953,2012-12-10,128,OZ,1,2.97
708878978,165,17,1712,101112010,20049,2013-03-21,22,OZ,1,4.79
708878978,165,9,920,103010030,9530,2013-03-21,11,OZ,1,2.5
708887278,165,8,811,104112949,3635,2012-12-09,8.1,OZ,1,2.39
708887278,165,56,5616,104610040,15889,2013-06-07,7,OZ,1,3.99
708889496,165,58,5823,107203676,7953,2013-01-04,8,OZ,2,9.98
708889496,165,37,3706,104119646,14582,2013-03-29,18.5,OZ,1,2.69
708890136,165,97,9743,107198070,33170,2012-03-25,1,CT,1,1.49
708890136,165,73,7361,1037513737,3940,2012-11-18,0.31,OZ,1,9.49
708890136,165,26,2609,1088351585,25075,2013-04-11,8,CT,3,14.87
708894897,70,73,7304,1032390030,19348,2013-01-26,24,OZ,1,12.99
708894897,70,73,7308,1081483282,10808,2013-03-20,30,CT,1,1.68
708895417,165,9,907,1078142171,21825,2013-01-03,18,OZ,2,4.99
708900499,165,5,504,109742191,22339,2012-06-01,2.29,OZ,2,2
708900499,165,63,6315,107203676,7953,2012-08-12,128,OZ,1,2.69
708900499,165,36,3601,104900040,3809,2012-10-02,144,OZ,3,8.18
708901958,165,96,9609,1055000050,88199,2013-03-26,0,,1,-1.5
708901958,165,57,5703,103663232,4568,2013-05-10,6,OZ,8,6.4
708915977,165,58,5823,102781525,8100,2012-09-07,7,OZ,1,2.5
708915977,165,25,2506,105000050,32115,2012-10-13,16,OZ,1,2
708917181,165,35,3504,107261373,72513,2013-04-25,25,OZ,1,2.99
708924798,165,26,2629,107203676,7953,2012-07-21,160,CT,1,1.79
708924798,165,58,5823,104470040,13310,2012-12-28,16,OZ,1,6.89
708924798,165,26,2620,107203676,28823,2013-01-03,54,CT,2,5.58
708928224,165,4,419,107726070,15624,2013-02-10,3.5,OZ,1,2.69
708929992,165,97,9781,10000,8255,2012-11-16,1,CT,1,-1.05
708929992,165,59,5902,107203676,7953,2012-12-08,16,OZ,1,2.77
708931618,165,57,5704,105215959,41981,2012-07-05,32,OZ,2,7.78
708936188,165,33,3309,107373171,11786,2012-06-02,20,OZ,1,2.49
708943239,64,13,1306,1072543979,40679,2013-04-29,2,LB,1,0.99
708951150,165,8,814,103760030,25412,2012-06-08,16,OZ,2,2.99
708951150,165,9,904,107020070,62488,2013-05-29,5,OZ,1,1.99
708952997,165,33,3312,103700030,14494,2013-03-16,6.41,OZ,1,1.5
708958930,165,56,5613,107403070,16922,2012-03-31,32,OZ,1,5.95
708958930,165,9,907,107225070,12465,2012-04-04,13,OZ,1,1.5
708958930,165,16,1604,102200020,6021,2012-05-01,45,CT,1,2.79
708958930,165,9,902,104400040,19783,2012-06-22,9,OZ,2,5.98
708959752,165,99,9901,1076857373,53091,2012-03-29,0.75,OZ,3,6.57
708959752,165,4,418,103400030,45489,2012-04-01,11,OZ,2,6.98
708959752,165,36,3635,107478070,13856,2012-06-10,33.8,OZ,1,2.19
708962388,165,9,917,104150141,13296,2012-05-05,14.3,OZ,1,2.59
708963433,165,9,908,107247070,9903,2012-11-17,9.7,OZ,1,2.99
708964360,165,21,2116,103084939,16381,2012-06-09,4,OZ,1,1.49
708964360,165,99,9908,103338333,33170,2012-09-26,48,OZ,1,1.97
708964360,165,57,5705,107203676,7953,2012-11-30,6,OZ,5,4.5
708964360,165,14,1404,107203676,7953,2013-04-01,24,OZ,1,1.97
708964360,165,33,3309,102840020,18584,2013-04-07,13,OZ,1,3.5
708964360,165,9,913,104812141,18322,2013-04-26,12,OZ,2,4.19
708964360,165,33,3308,101566515,98644,2013-06-19,4.5,OZ,1,2.5
708965926,165,97,9781,10000,8255,2012-04-11,1,CT,1,-1.05
708965926,165,9,970,103800030,62065,2012-08-12,14.1,OZ,1,1.67
708965926,165,97,9781,10000,8255,2013-01-01,1,CT,1,-1.05
708979822,165,97,9781,10000,8255,2012-04-30,1,CT,1,-1.05
708979822,165,97,9781,10000,8255,2012-09-02,1,CT,1,-1.05
708981474,165,51,5131,103879434,3166,2012-11-21,9,OZ,6,13.77
708981474,165,75,7504,107203676,7953,2013-06-04,6,OZ,1,4.99
708981840,165,5,501,107203676,7953,2012-05-27,12.3,OZ,1,1.97
708985211,165,63,6314,107203676,7953,2012-03-03,8,OZ,1,0.87
708985211,165,26,2632,103600030,8583,2012-09-02,56,CT,1,1.99
708988711,165,58,5835,104222242,26234,2012-09-09,16,OZ,3,11.97
708989981,165,28,2805,107203676,7953,2012-05-20,3,OZ,1,2.29
708989981,165,17,1704,104460040,18389,2012-08-02,32,OZ,1,5.19
708994775,165,97,9781,10000,8255,2012-05-17,1,CT,1,-1.05
708994775,165,20,2002,105100050,27873,2012-11-01,46,OZ,1,1.94
708994948,165,5,519,103000030,14760,2012-04-18,12.6,OZ,1,2.99
708996681,165,63,6312,102500020,86515,2012-06-08,13.5,OZ,1,1.25
708998568,165,19,1904,107320979,65845,2012-09-06,35,OZ,1,9.95
709006508,165,43,4302,107027272,15085,2012-10-31,6.5,OZ,1,2.5
709008860,165,97,9781,10000,8255,2013-01-21,1,CT,1,-1.05
709010105,165,9,910,105929050,3034,2012-07-15,4.25,OZ,1,4.29
709013828,165,64,6401,107199070,2034,2013-03-01,144,OZ,1,14.99
709016828,165,63,6305,107203676,7953,2013-03-04,64,OZ,1,5.29
709019138,64,36,3601,104900040,3809,2012-04-13,67.6,OZ,1,1.33
709021995,165,21,2105,104900040,14357,2012-12-04,32,OZ,2,2
709021995,165,71,7113,1060308464,7034,2013-01-15,13,OZ,1,2.99
709033573,165,9,907,1078142171,21825,2012-12-24,12.5,OZ,1,2.99
709044315,165,37,3707,107203676,7953,2012-07-16,32,OZ,1,1.5
709044315,165,45,4508,104440040,7504,2013-02-14,10.5,OZ,4,17.56
709044315,165,71,7113,103700030,19364,2013-05-04,12,OZ,1,2.5
709053694,64,33,3303,1072543979,40679,2013-01-10,10,OZ,1,1.37
709053694,64,9,908,107247070,9903,2013-03-24,18.4,OZ,1,5.49
709053841,165,51,5133,107320272,9303,2012-10-10,20,OZ,2,13.1
709053841,165,63,6319,108390080,7368,2013-05-31,59,OZ,1,2.89
709054217,165,63,6320,107203676,7953,2012-04-03,12,CT,2,3.38
709054217,165,9,917,104600040,13023,2012-11-02,8.2,OZ,1,2.59
709054217,165,17,1726,104460040,3718,2013-05-24,150,CT,1,5.99
709060079,165,58,5812,107203676,7953,2012-07-04,16,OZ,1,1.49
709068983,64,63,6315,1072543979,40679,2012-09-28,128,OZ,1,3.47
709071995,165,56,5620,107203676,7953,2012-07-06,8,OZ,1,2.75
709075262,165,97,9753,1085788989,0,2013-02-16,1,CT,2,6
709075262,165,99,9901,1076857373,53091,2013-03-01,0.5,OZ,1,2.19
709075262,165,9,907,107225070,12465,2013-04-19,20,OZ,2,6.38
709075587,165,36,3614,101660010,15505,2012-09-09,12,OZ,1,3.39
709085316,165,97,9753,10555,0,2012-10-07,1.62,OZ,2,0
709094909,68,63,6315,107996777,31373,2012-04-07,128,OZ,1,4.72
709094909,68,26,2619,101258717,7245,2012-06-30,25,CT,1,7.99
709094909,68,9,905,103582636,6564,2012-12-23,6,OZ,1,0.4
709094909,68,3,309,104300040,1292,2012-12-23,14,OZ,1,3.39
709096078,165,42,4230,104525545,11481,2012-08-26,0.5,OZ,1,4.99
709097168,165,58,5823,107203676,7953,2012-07-07,8,OZ,1,2.95
709097168,165,6,601,105000050,12547,2012-12-08,7.1,OZ,1,2.5
709103284,165,36,3601,104900040,3809,2012-07-15,67.6,OZ,1,1.5
709109094,165,9,907,107203676,7953,2012-11-14,20,OZ,1,0.99
709109893,165,96,9609,1051800050,88199,2012-03-22,0,,4,-3
709114777,69,58,5813,105450050,1322,2013-03-08,16,OZ,2,6.98
709120473,165,8,818,107203676,7953,2012-07-22,26,OZ,1,3.99
709137673,165,69,6901,103700030,16139,2012-03-06,2.6,OZ,1,4.99
709137673,165,56,5607,107203676,7953,2013-01-21,12,OZ,1,0.89
709138648,165,56,5620,102100020,13967,2012-09-12,8,OZ,2,4
709158381,165,99,9904,1064312666,5072,2012-03-16,1,CT,2,4.99
709162342,165,73,7308,1081483282,10808,2012-03-20,25,CT,1,1.89
709165142,165,36,3636,107239272,4354,2012-06-20,120,OZ,1,0
709166349,165,97,9781,10000,8255,2012-06-19,1,CT,1,-1.05
709166349,165,63,6315,107203676,7953,2012-07-06,128,OZ,1,3.89
709166349,165,63,6320,107203676,7953,2012-07-22,30,CT,1,3.47
709167665,165,71,7114,1060308464,7034,2012-05-17,8.25,OZ,1,2.99
709172642,65,10,1004,104300040,26232,2012-09-12,5.1,OZ,2,2.5
709172642,65,42,4220,103582636,6564,2012-10-26,16,OZ,1,0.97
709172642,65,9,902,102410020,44209,2013-01-07,13.7,OZ,1,3.99
709172642,65,57,5705,107047070,20230,2013-02-24,6,OZ,2,1.2
709183383,165,10,1011,104300040,26232,2012-08-14,14.5,OZ,1,2
709183383,165,71,7113,106574363,572,2012-12-01,15.2,OZ,1,13.99
709183383,165,63,6315,107203676,7953,2013-02-06,128,OZ,1,2.97
709205252,65,16,1604,101254616,17473,2013-05-30,14,CT,2,2.78
709213838,165,55,5555,107457070,26051,2013-03-03,14,OZ,1,4.65
709225011,165,37,3707,105100050,17812,2012-12-16,26,OZ,1,2.99
709234116,165,29,2903,106414464,3342,2013-02-09,15,OZ,1,1
709235668,165,4,416,103400030,8247,2012-04-04,1.55,OZ,1,0.99
709235668,165,23,2301,107203676,7953,2012-04-25,16,OZ,2,2.78
709235668,165,41,4107,107067272,22824,2013-05-10,15,OZ,2,1.14
709235936,165,5,518,103800030,15251,2012-11-04,6.2,OZ,1,1.99
709251804,165,18,1890,105209252,43069,2012-10-21,3,CT,1,4.29
709251804,165,56,5621,107203676,7953,2013-03-09,8,OZ,1,2.75
709253741,165,0,0,10000,0,2012-07-22,0,,1,9.15
709258643,165,64,6401,1076400979,31040,2012-10-21,72,OZ,1,7.99
709258643,165,63,6309,104850040,18799,2012-12-08,48,OZ,1,4.25
709261942,165,36,3618,104900040,23359,2012-06-13,144,OZ,3,5.97
709261942,165,9,917,107373171,11786,2012-11-08,23,OZ,1,2.99
709261942,165,99,9909,107127979,6732,2013-01-16,11.5,OZ,1,4.99
709261942,165,11,1102,107203676,7953,2013-01-17,80,CT,1,2.5
709276220,165,56,5616,104610040,15889,2012-07-04,8,OZ,2,5
709279765,165,97,9781,10000,8255,2013-03-10,1,CT,1,-1.05
709282423,165,63,6320,1076912373,2209,2012-07-28,12,CT,1,2.15
709282423,165,9,907,107225070,12465,2012-08-03,13,OZ,2,3.98
709282423,165,30,3008,102066222,12598,2012-12-02,16,OZ,1,3.85
709283835,165,97,9799,107063676,2170,2012-07-28,1,CT,1,5.29
709295710,165,7,708,1076211171,17286,2013-05-05,11,OZ,1,7.99
709299992,165,21,2119,1061300868,867,2013-05-11,138,OZ,1,3.99
709310074,165,56,5614,104610040,15889,2012-04-15,9,OZ,1,3.5
709310074,165,11,1102,1030002535,5842,2012-12-31,1,CT,1,3.99
709314227,165,99,9904,103338333,33170,2012-08-02,16,OZ,2,4.99
709314581,165,63,6315,107203676,7953,2012-11-15,32,OZ,1,1.5
709315305,165,36,3630,104900040,23359,2012-07-05,144,OZ,1,4.99
709315792,62,30,3001,102100020,9886,2012-04-10,30,OZ,2,6
709315792,62,32,3202,103582636,6564,2012-06-29,48,OZ,1,3.99
709327176,165,5,502,101130010,6161,2012-04-28,9,OZ,2,5.98
709327176,165,17,1709,104460040,3718,2012-12-15,6,OZ,1,4.55
709327176,165,9,908,107203676,7953,2013-01-20,16,OZ,2,6.94
709327176,165,57,5704,107835474,2675,2013-01-25,16,OZ,2,3
709332137,165,36,3636,104300040,4371,2013-01-13,118.3,OZ,2,2.99
709333552,165,9,902,107022777,17466,2012-08-13,11,OZ,1,3.85
709333625,165,26,2614,103700030,514,2012-09-08,40,CT,1,5.99
709333647,165,57,5710,1075854373,19530,2012-05-15,5.3,OZ,4,6
709337741,165,57,5706,105215959,41981,2012-09-25,32,OZ,1,3.89
709337741,165,5,501,103800030,17050,2012-09-27,12,OZ,1,2.49
709337741,165,26,2617,101090010,15232,2012-12-27,1,CT,2,7
709337741,165,72,7208,1030004131,26880,2013-01-06,1,CT,1,1.99
709337938,165,4,427,10980090,18366,2012-03-27,1,OZ,2,1.29
709337938,165,44,4404,107002272,15242,2012-07-01,16,OZ,1,2.49
709337938,165,33,3303,104178040,19154,2013-01-17,10,OZ,1,2.14
709337938,165,97,9753,1084639181,0,2013-03-08,1,CT,1,1.99
709339737,65,81,8101,102820020,11186,2012-12-23,1,CT,1,4.93
709339737,65,21,2117,104300040,26420,2013-05-08,60,OZ,2,4.5
709344245,165,5,501,101600010,7400,2012-06-11,16,OZ,1,2.5
709344245,165,58,5810,103390030,9286,2012-06-21,8,OZ,1,2.89
709350939,64,26,2622,1072543979,40679,2012-05-25,50,CT,1,2
709350939,64,30,3006,107110070,8280,2012-12-24,16,OZ,2,3
709350939,64,9,902,103010030,18457,2013-04-18,8,OZ,1,3.49
709357648,165,25,2509,1074236575,8499,2012-11-29,16,OZ,1,2.55
709357648,165,26,2630,103700030,14647,2012-12-26,372,CT,1,6.85
709359388,165,99,9908,107203676,7953,2012-05-11,60,OZ,1,13.99
709361464,165,21,2108,107203676,7953,2013-01-27,64,OZ,1,3.69
709382272,165,5,501,107203676,7953,2013-03-30,12.3,OZ,1,2.49
709384780,165,99,9908,103338333,33170,2012-03-31,16,OZ,1,3.5
709399713,165,18,1828,106233868,319,2012-09-18,1.34,OZ,3,17.97
709402114,165,33,3309,102840020,18584,2012-05-21,18,OZ,1,3.99
709402114,165,57,5710,1089470080,21065,2012-09-11,32,OZ,3,17.85
709402114,165,22,2210,103700030,5174,2013-03-11,51,OZ,1,3.99
709402226,165,8,807,101340919,17823,2012-05-03,18,OZ,2,5
709402226,165,99,9908,107203676,7953,2012-07-04,16,OZ,2,6
709415084,165,22,2214,103320030,875,2012-07-29,55,OZ,1,3.55
709433428,165,96,9609,1052100050,88199,2012-09-20,0,,1,-2
709445533,165,62,6202,102484222,2542,2013-03-17,20,OZ,1,8.49
709446258,165,63,6305,107203676,7953,2012-08-03,59,OZ,2,6
709470024,71,99,9904,103338333,33170,2012-12-17,64,OZ,1,4.07
709473673,165,36,3630,107800070,23561,2012-11-01,67.6,OZ,1,1.25
709473673,165,17,1704,104460040,18389,2012-12-04,32,OZ,1,4.99
709473673,165,11,1112,102898929,26666,2012-12-29,5.25,OZ,1,4.35
709477183,165,56,5614,107203676,7953,2013-04-03,9,OZ,1,3.47
709482034,68,9,907,101410010,13791,2012-03-15,16,OZ,1,3.99
709482034,68,41,4107,104430040,1062,2012-06-07,16,OZ,1,1.89
709482034,68,36,3604,107153777,14200,2012-12-14,33.8,OZ,1,1.05
709486441,65,26,2628,105400050,16048,2012-05-25,2,RL,1,2.99
709486441,65,58,5836,107778272,9260,2012-10-05,12,OZ,1,3.79
709486441,65,51,5132,107218070,13438,2012-10-26,9.49,OZ,1,2.7
709486441,65,31,3108,1072543979,40679,2013-01-04,26,OZ,1,0.11
709486441,65,36,3601,104900040,3809,2013-05-18,144,OZ,2,10.99
709487738,165,36,3630,107800070,5208,2013-03-18,144,OZ,1,4.49
709487738,165,28,2805,107365171,11166,2013-06-10,2.25,OZ,1,0.84
709493502,165,55,5552,107756777,2347,2012-05-26,48,OZ,-1,-2.5
709502327,165,57,5710,1088455484,13107,2012-10-15,6,OZ,1,1
709514282,165,33,3303,102840020,10241,2012-11-19,10,OZ,2,8.58
709517955,165,30,3010,104133545,43106,2013-01-26,9,OZ,1,1
709521915,165,23,2301,102920020,12168,2012-10-11,16,OZ,1,1
709526721,165,9,913,104812141,18322,2012-03-03,12,OZ,1,1.99
709538809,165,9,907,107341070,2437,2012-07-08,20,OZ,1,2.79
709540014,165,26,2628,103700030,2248,2012-08-26,1,RL,2,4.7
709540014,165,53,5307,107056070,14005,2012-09-02,24,OZ,1,3.89
709540014,165,21,2117,108768484,2903,2012-12-02,60,OZ,1,3.29
709540014,165,17,1703,104460040,6608,2013-03-24,32,OZ,1,3.99
709543993,165,4,410,101130010,2272,2012-11-25,22,OZ,1,1.74
709543993,165,96,9609,1052800050,88199,2013-02-20,0,,2,-2
709581864,165,63,6314,107203676,7953,2012-04-18,16,OZ,1,1.85
709581864,165,99,9908,107203676,7953,2012-09-21,16,OZ,1,0.24
709582077,68,26,2617,101090010,15232,2012-04-15,1,CT,1,3.94
709582077,68,30,3001,102100020,11761,2012-07-23,30,OZ,1,3
709582077,68,26,2614,1072543979,23587,2013-03-04,18,CT,2,5.38
709583965,165,9,918,101410010,13791,2012-09-17,10.8,OZ,1,4.99
709583965,165,99,9909,107127979,6732,2013-02-12,6,OZ,1,3.99
709606208,68,9,908,101308717,13330,2012-03-18,12,OZ,1,3.79
709606208,68,21,2117,108768484,2903,2012-09-21,60,OZ,3,8.37
709606208,68,55,5559,107756777,6854,2012-12-11,33,OZ,1,4.29
709606208,68,9,907,105040050,95440,2013-04-08,12,OZ,1,1.6
709611530,165,71,7113,107940070,17521,2013-02-27,22.5,OZ,1,1.99
709624584,165,36,3618,104900040,23359,2012-06-17,144,OZ,1,0
709624584,165,7,708,1079849373,31032,2012-10-21,12,OZ,1,5.99
709624584,165,13,1306,107203676,7953,2013-05-27,5,LB,1,-0.55
709625883,165,17,1703,101920010,7258,2012-03-03,32,OZ,1,1.49
709633031,65,58,5823,104470040,13310,2012-09-09,8,OZ,1,3
709639513,165,97,9781,10000,8255,2012-05-12,1,CT,1,-1.05
709665617,64,26,2628,1072543979,40679,2012-03-30,1,RL,1,1.59
709665617,64,35,3504,103500030,330,2012-04-05,34,OZ,1,1.99
709665617,64,9,908,102430020,10577,2012-09-28,10.6,OZ,1,0.29
709667201,165,63,6315,107203676,7953,2012-08-19,64,OZ,2,7.58
709677438,165,57,5705,1088303888,19704,2012-04-09,6,OZ,2,1.38
709677438,165,79,7902,1078352070,44196,2013-01-02,0,,1,0.75
709677438,165,29,2903,106414464,3342,2013-02-24,15,OZ,2,2
709677438,165,97,9781,10000,8255,2013-03-05,1,CT,1,-1.05
709688077,64,9,922,102430020,10577,2012-06-07,25.2,OZ,1,3.79
709688077,64,63,6315,1072543979,40679,2012-12-22,64,OZ,1,2.61
709716982,165,54,5403,101800010,14029,2012-10-04,11.5,OZ,2,5.98
709729871,165,26,2628,103700030,2248,2012-11-05,12,RL,1,14.99
709729871,165,99,9909,103260131,5489,2013-03-30,5,OZ,1,3.99
709740226,165,97,9781,10000,8255,2012-04-14,1,CT,1,-11.55
709740226,165,64,6407,1073604070,27844,2013-01-13,0.33,LT,1,9.99
709783240,165,96,9609,1053450050,88199,2012-03-27,0,,2,-1.2
709783240,165,30,3001,104800141,8178,2012-04-30,30,OZ,1,5.49
709783240,165,81,8115,104113747,5381,2012-10-11,320,CT,1,1.49
709783240,165,96,9609,1051650050,88199,2013-03-17,0,,1,-1
709792068,165,35,3506,103700030,3068,2012-08-05,10.2,OZ,1,3.99
709802745,65,11,1111,103800030,17050,2013-06-01,4.76,OZ,2,5.39
709803077,165,41,4105,104118848,6915,2012-10-12,28,OZ,1,2.19
709819687,165,36,3629,104900040,6716,2012-07-28,144,OZ,1,4.99
709819687,165,63,6320,1076912373,2209,2012-08-27,12,CT,1,2.99
709819687,165,55,5557,107684070,32094,2012-11-01,3.6,OZ,4,5
709863596,165,9,908,107203676,7953,2012-07-24,23,OZ,1,8.99
709863596,165,5,501,101600010,3331,2012-12-02,14,OZ,1,3.45
709863596,165,19,1908,104530040,13915,2013-05-18,28,OZ,1,4.27
709888327,165,56,5620,102100020,9886,2012-04-23,8,OZ,1,2.5
709888327,165,8,810,104600040,13023,2012-11-25,1,OZ,1,0.89
709896743,68,73,7306,1032390030,19348,2012-11-21,3.53,OZ,1,7.79
709896743,68,57,5710,103663232,4568,2013-02-25,21.2,OZ,1,3.99
709932129,68,29,2905,103620030,14868,2012-09-13,14,OZ,2,3.18
709932129,68,26,2628,1072543979,40679,2013-04-18,1,RL,1,0.99
709945879,64,35,3508,103700030,18371,2013-02-17,150,OZ,1,19.99
709948321,165,64,6408,108735787,4200,2013-03-16,0.75,LT,1,5.99
709969830,165,8,803,107203676,7953,2012-04-11,12,OZ,1,0.97
709983943,69,58,5812,105450050,1322,2012-10-02,16,OZ,1,3.99
709996490,165,26,2628,103700030,2248,2012-11-12,1,RL,6,16.14
710023027,165,97,9753,1020943727,0,2012-04-08,1,CT,1,9.06
710033998,165,63,6320,107203676,7953,2012-04-24,12,CT,2,4.5
710036446,64,6,601,103582636,6564,2013-01-09,10,OZ,2,2.38
710071912,165,4,405,107203676,7953,2012-10-07,10.5,OZ,1,0.97
710071912,165,9,902,104400040,18775,2012-10-28,8,OZ,2,3.14
710080072,165,8,814,102066222,12598,2012-10-06,16,OZ,1,2.89
710112425,165,75,7520,107203676,7953,2012-09-01,100,CT,1,1.49
710112425,165,56,5620,104610040,15889,2013-03-03,8,OZ,2,5
710115952,165,26,2622,107203676,7953,2012-03-22,15,CT,1,1.97
710115952,165,64,6409,108751282,15423,2012-06-09,0.75,LT,0,0
710120104,165,97,9781,10000,8255,2012-04-28,1,CT,1,-2.05
710120104,165,79,7903,107244070,13776,2012-06-16,1,CT,1,4.99
710120104,165,27,2710,103320030,875,2012-08-17,20,LB,1,5.99
710139916,64,63,6315,1072543979,40679,2012-08-22,128,OZ,2,6.92
710139916,64,54,5401,103800030,5618,2013-03-15,12.3,OZ,2,4.99
710154601,68,29,2928,101530010,58299,2012-09-11,6.2,OZ,1,1
710154601,68,27,2713,105000050,11668,2012-10-21,5.5,OZ,10,7
710195980,165,63,6305,107203676,7953,2012-04-01,59,OZ,2,5
710195980,165,36,3634,1078616272,7237,2012-08-04,202.8,OZ,1,-0.25
710195980,165,24,2403,108660080,2559,2012-12-15,10,OZ,2,5
710213736,165,44,4404,107105272,3829,2013-03-31,14,OZ,2,2.85
710219201,69,63,6315,103582636,6564,2012-03-29,64,OZ,1,2.99
710219201,69,36,3612,1072543979,40679,2012-08-08,128,OZ,2,-0.73
710219201,69,36,3601,101200010,13794,2012-12-02,67.6,OZ,5,6.25
710230607,165,11,1110,108201181,12197,2012-06-25,9,OZ,1,3.15
710247393,165,45,4509,107203676,7953,2012-06-20,12,OZ,1,7.99
710247393,165,97,9781,10000,8255,2012-10-12,1,CT,1,-1.05
710252407,165,63,6305,104850040,18799,2012-08-14,59,OZ,2,6
710252407,165,97,9781,10000,8255,2013-03-15,1,CT,1,-1.05
710255484,165,49,4901,1083418383,385,2012-12-30,28,OZ,1,3.99
710282938,65,29,2904,101600010,7860,2012-03-02,5.5,OZ,1,1
710282938,65,9,907,1072543979,40679,2012-09-24,20,OZ,1,1.29
