684939185,133,22,2211,103700030,2246,2013-04-13,105,CT,3,11.97
684940803,191,27,2707,107419878,31298,2013-01-15,6,LB,1,7.19
684944460,83,45,4511,102370020,18969,2012-06-15,22,OZ,1,5.99
684944460,83,26,2617,101111010,9907,2012-06-22,1,CT,1,2.89
684944460,83,34,3410,107418272,16853,2012-07-20,20,OZ,1,2
684944460,83,97,9753,10000,0,2013-03-03,1,CT,1,0.69
684947271,431,33,3305,102840020,18584,2012-04-04,9,OZ,2,7.98
684947271,431,9,907,1085675080,34759,2012-10-03,18,OZ,2,8.44
684949596,83,63,6315,101111010,9907,2012-04-19,128,OZ,1,2.79
684953506,12,95,9518,1061029060,6015,2012-03-14,1,CT,1,2.69
684954675,143,96,9609,1053700050,88199,2012-04-04,0,,1,-2
684954675,143,12,1206,108660080,2559,2012-11-11,5,OZ,1,1.89
684954675,143,9,901,109370999,13476,2013-01-18,7.25,OZ,1,4.99
684954675,143,9,907,101111010,9907,2013-01-25,24,OZ,1,2
684960237,140,36,3628,101200010,12029,2013-01-26,144,OZ,1,4.49
684961011,83,99,9904,1071575676,5278,2012-06-03,16,OZ,2,4
684961011,83,9,902,102410020,44209,2012-08-23,15,OZ,1,3.99
684961011,83,8,818,105100050,14403,2013-03-16,24,OZ,2,3.78
684964897,89,97,9753,10000,0,2012-03-30,1,CT,2,1.38
684964897,89,0,0,10000,0,2012-10-15,0,,1,0
684966319,89,41,4105,102700020,8612,2012-07-08,14.5,OZ,2,2.16
684966319,89,33,3304,102840020,6777,2012-11-21,10.5,OZ,1,2
684967624,26,63,6323,101111010,9907,2012-03-24,128,OZ,1,3.09
684972521,83,58,5812,105450050,1322,2012-11-19,16,OZ,1,2.78
684972521,83,36,3601,101200010,13794,2013-01-15,67.6,OZ,2,3
684973350,140,63,6315,101111010,16706,2012-12-03,128,OZ,1,2.99
684976154,431,0,0,10000,0,2012-05-24,0,,1,0
684976154,431,33,3307,101111010,9907,2012-05-30,10,OZ,1,4.99
684976154,431,31,3101,101111010,9907,2012-12-30,1.25,OZ,1,1
684976154,431,5,517,103800030,69260,2013-02-18,10.4,OZ,2,5.78
684976753,126,73,7356,104126040,9907,2012-04-01,110,CT,1,7.99
684976753,126,27,2704,103270030,7966,2012-05-20,26,OZ,1,3.29
684976753,126,95,9518,1061029060,7848,2013-05-27,1,CT,1,2.79
684981021,89,12,1203,101111010,9907,2012-08-30,4.38,OZ,2,1.78
684981021,89,8,810,104150040,6714,2012-11-09,1.75,OZ,3,3
684981021,89,18,1842,105113151,16044,2012-11-17,1,CT,1,2.99
684981021,89,19,1908,105150050,9189,2012-12-28,40,OZ,1,6.6
684985798,26,26,2634,103600030,4139,2012-05-01,20,RL,2,27.98
684986273,83,96,9609,1054470050,88199,2013-01-12,0,,1,-1
684986696,26,36,3612,101111010,9907,2013-05-29,128,OZ,1,0.97
684987037,26,5,501,103800030,17050,2012-03-11,12.5,OZ,1,3.28
684987037,26,63,6315,101111010,9907,2012-07-07,64,OZ,3,5
684987037,26,95,9518,107000070,7848,2012-09-15,1,CT,1,1.99
684987037,26,99,9908,103338333,33170,2012-12-23,16,OZ,1,2.49
684987037,26,34,3404,1085220585,2748,2013-03-09,30,OZ,1,3.69
684987037,26,9,908,101111010,9907,2013-05-11,6,OZ,1,1.29
684991441,83,99,9904,1071575676,5278,2012-07-21,16,OZ,2,4
684991441,83,26,2622,101111010,9907,2012-12-11,30,CT,1,1.69
684991716,26,63,6316,101111010,9907,2012-09-19,16,OZ,2,2
684991716,26,99,9904,1071575676,5278,2012-12-01,6,OZ,1,2.5
684991912,143,5,501,101600010,3331,2012-09-10,10,OZ,1,1.99
685003186,26,63,6315,1074236575,8499,2012-12-19,64,OZ,1,3.98
685004293,58,96,9609,1052840050,88199,2012-07-29,0,,1,-1
685004953,83,36,3634,101111010,9907,2012-04-03,240,OZ,1,7.99
685004953,83,24,2406,103760030,17027,2012-06-08,12,OZ,1,2.59
685004953,83,4,410,104126040,9907,2013-03-01,10,OZ,1,1.5
685004953,83,56,5617,101111010,9907,2013-06-03,12,OZ,1,1.39
685005209,89,26,2630,101111010,9907,2012-04-17,160,CT,1,1.41
685005209,89,41,4107,101111010,9907,2012-06-15,15.25,OZ,1,0.69
685005209,89,51,5115,107192171,25673,2012-11-20,10,OZ,1,0
685005209,89,58,5814,104660040,885,2013-01-21,2.6,OZ,1,1
685005209,89,53,5307,101111010,9907,2013-02-11,12,OZ,2,2
685006631,143,63,6318,101111010,9907,2013-02-11,38,OZ,1,5.99
685007601,143,58,5835,107590070,2073,2013-01-13,16,OZ,1,3
685010844,63,34,3411,107940070,17521,2012-09-17,12,OZ,1,1.49
685010844,63,26,2614,103700030,514,2012-11-03,45,CT,1,8.99
685010844,63,58,5826,101111010,9907,2012-11-03,12,OZ,2,5.38
685010844,63,31,3108,101111010,20588,2012-11-17,4.05,OZ,1,4.99
685010844,63,57,5704,103663232,4568,2013-02-23,16,OZ,4,8
685010844,63,21,2117,102500020,26108,2013-02-23,270,OZ,1,10.99
685015146,12,26,2614,101111010,13811,2012-07-14,24,CT,1,2.99
685015146,12,71,7107,1030815131,3609,2012-08-05,1,CT,1,5.99
685015146,12,4,418,104126949,13467,2013-03-30,5.5,OZ,2,2
685015641,431,63,6315,101111010,9907,2012-07-14,128,OZ,3,8.37
685030450,151,6,610,1061126969,15041,2013-03-20,16,OZ,1,2.99
685030450,151,5,502,101600010,86101,2013-03-21,5,OZ,1,2.99
685030450,151,51,5128,107142979,20299,2013-04-14,10.5,OZ,1,3
685031605,83,35,3504,103700030,4628,2012-08-13,24,OZ,1,3.09
685032049,26,99,9904,103338333,33170,2012-10-24,80,OZ,1,2.98
685032049,26,97,9753,10000,0,2013-03-02,1,CT,2,1.38
685032049,26,18,1828,101980010,15181,2013-03-28,7.5,OZ,4,4
685032049,26,56,5617,101111010,9907,2013-04-16,12,OZ,1,1.79
685036954,26,99,9909,103260131,5489,2012-11-01,5,OZ,1,1.99
685039221,98,4,416,104000040,26517,2012-03-08,3.18,OZ,1,1.39
685039221,98,9,907,107087070,12106,2012-11-27,24,OZ,1,2.99
685039221,98,74,7407,104740040,7196,2013-04-18,2,CT,1,6.99
685039221,98,9,907,107087070,12106,2013-05-08,20,OZ,1,1.99
685042537,431,27,2704,102310020,3223,2013-02-01,14,OZ,1,2.79
685042537,431,97,9707,107169171,15583,2013-02-26,1,CT,2,3.35
685047627,126,26,2628,101111010,9907,2012-03-03,1,RL,3,3.87
685047627,126,26,2622,101370010,8154,2012-04-07,17,CT,1,2.99
685047627,126,9,902,104400040,18775,2012-06-07,8,OZ,1,2
685048581,211,63,6315,101111010,9907,2012-10-03,128,OZ,1,2.6
685051469,431,3,302,102800020,30272,2012-04-24,12,OZ,1,3.29
685051469,431,99,9908,101111010,9907,2012-11-21,16,OZ,1,2.99
685053080,98,50,5001,102113121,11151,2012-12-07,16,OZ,3,7.5
685058519,89,36,3630,107800070,5208,2012-12-09,20,OZ,1,1.69
685060080,431,11,1111,103800030,17050,2012-04-04,9.5,OZ,1,7.49
685060080,431,9,920,101111010,9907,2013-01-15,10,OZ,1,1.99
685060080,431,5,501,101600010,85114,2013-06-07,16.2,OZ,1,3.99
685060454,140,0,0,10000,0,2012-10-17,0,,1,0
685060454,140,29,2905,103620030,14868,2013-01-11,14,OZ,1,1.89
685060454,140,74,7409,104126040,9907,2013-05-12,4,CT,1,7.19
685061374,89,26,2619,101111010,9907,2012-03-04,45,CT,1,5.09
685061374,89,79,7902,104090141,44251,2012-09-09,0,,1,2
685061840,191,74,7402,104740040,7196,2012-07-14,7,OZ,1,1.99
685061840,191,9,907,101111010,6678,2013-01-19,22.5,OZ,3,5.37
685065629,26,5,501,103800030,43577,2012-07-27,17.7,OZ,1,4.6
685066901,63,25,2506,101111010,9907,2012-10-31,32,OZ,1,2.5
685070162,12,14,1415,101111010,9907,2012-08-07,15,OZ,4,6.18
685078494,211,55,5567,107064070,19704,2012-05-17,21,OZ,1,3.5
685084301,133,56,5609,101111010,9907,2012-06-15,24,OZ,1,1.99
685084301,133,63,6315,101111010,9907,2012-06-15,32,OZ,1,1.55
685084301,133,57,5710,107047070,20230,2013-01-10,5.3,OZ,2,2
685084408,83,9,908,1077098171,94010,2012-12-14,11.25,OZ,1,3.49
685084408,83,56,5616,101111010,9907,2013-03-10,6,OZ,2,5.58
685090570,143,41,4107,102400020,4704,2012-03-30,14.5,OZ,2,2.16
685090570,143,95,9518,1072047373,7848,2012-06-20,1,CT,1,3.29
685090570,143,6,608,1072225272,3695,2012-08-19,1.27,OZ,4,3.96
685090570,143,27,2710,103320030,875,2013-02-04,20,LB,1,9.49
685090570,143,19,1905,1085485888,4543,2013-02-24,8.5,OZ,1,5.99
685092982,83,96,9632,107675070,15590,2012-03-25,1,CT,1,25
685092982,83,51,5125,107265575,8089,2013-06-09,9.5,OZ,1,2.99
685105141,143,45,4508,101111010,20588,2012-03-03,16,OZ,1,9.99
685105141,143,95,9518,1072047373,7848,2012-04-28,1,CT,1,4.99
685105141,143,56,5617,102100020,9886,2013-03-16,10.7,OZ,1,3.29
685105486,26,22,2210,101111010,5981,2012-03-17,60,OZ,1,3.99
685106479,98,11,1112,102898929,26666,2012-04-07,8,OZ,2,8.38
685107139,89,96,9609,1057940050,88199,2012-04-27,0,,1,-0.75
685107139,89,96,9609,1052750050,88199,2012-07-07,0,,4,-2
685107139,89,59,5906,104060040,26155,2012-11-29,16,OZ,1,2.74
685107139,89,7,708,101291919,16123,2013-03-01,12,OZ,1,6.99
685107139,89,45,4511,107346171,1376,2013-04-19,10,OZ,1,4.99
685107523,211,99,9908,103338333,33170,2012-05-19,16,OZ,1,0.77
685107523,211,51,5116,107192171,25673,2012-12-26,30.3,OZ,1,5
685107523,211,9,970,103800030,62065,2013-03-23,14.7,OZ,1,1.99
685110333,89,99,9908,103338333,33170,2012-06-18,16,OZ,1,0.99
685110333,89,16,1604,101254616,18738,2012-08-18,14,CT,1,1.49
685110333,89,58,5814,104470040,10837,2012-09-10,3.5,OZ,1,1.67
685110333,89,33,3302,107520171,4194,2012-09-21,8.7,OZ,1,1.56
685110333,89,64,6401,101820010,11616,2012-09-22,144,OZ,1,11.99
685110333,89,36,3613,101111010,9907,2012-10-24,169,OZ,1,2.39
685110333,89,30,3010,104133545,43106,2012-11-05,16,OZ,1,2.29
685114433,143,63,6315,101111010,85048,2012-10-28,64,OZ,2,5.98
685114433,143,26,2633,103700030,3293,2012-12-15,16,RL,1,7.59
685119428,26,73,7316,101111010,9907,2012-06-03,0.16,OZ,2,20.94
685121900,89,21,2112,1073762878,18216,2012-03-16,13.66,OZ,2,6.78
685121900,89,99,9908,101111010,9907,2012-05-24,16,OZ,1,1.49
685121900,89,58,5827,103760030,8501,2012-09-30,12,OZ,4,15.96
685121900,89,63,6317,102529323,16410,2012-11-18,64,OZ,5,16.45
685121900,89,0,0,10000,0,2013-02-14,0,,1,0
685124390,58,51,5124,107100777,5656,2012-11-19,24,OZ,2,14.78
685124390,58,8,803,104150040,6714,2013-01-28,8,OZ,1,1.79
685124390,58,96,9609,1058087858,88199,2013-03-15,0,,1,-3
685127527,89,22,2214,105170050,2748,2012-03-26,32,OZ,1,4.99
685127527,89,33,3302,107520171,4194,2012-03-26,9.6,OZ,1,2.69
685127527,89,73,7357,103160434,12423,2012-10-22,360,CT,2,24.99
685127527,89,42,4220,101111010,9907,2012-11-26,32,OZ,1,2.29
685127527,89,4,419,103746636,10488,2012-12-03,3.5,OZ,1,2
685127527,89,5,520,101111010,9907,2012-12-03,42,OZ,1,3.39
685132789,151,56,5615,101111010,9907,2012-06-25,16,OZ,1,4.29
685132789,151,26,2628,104200040,2308,2012-12-28,6,RL,1,8.99
685132789,151,59,5902,103450030,10165,2013-02-18,7,OZ,2,3.58
685138324,12,37,3705,103574232,8081,2012-10-28,15,OZ,1,2.49
685139687,58,8,801,102700020,8612,2012-10-17,24,OZ,4,5
685142100,63,96,9609,1057007454,88199,2012-06-18,0,,1,-3
685143811,133,45,4508,104440040,7504,2012-04-20,18.2,OZ,1,4.29
685143811,133,36,3634,101111010,20575,2013-01-31,20,OZ,1,1.99
685143811,133,26,2626,101111010,9907,2013-03-29,1,CT,1,2.89
685145379,143,44,4404,101111010,9907,2012-09-25,14,OZ,1,1.97
685145379,143,70,7002,101111010,9907,2013-02-11,60,CT,1,1
685145680,211,11,1102,1072277676,17117,2012-06-01,1,CT,1,4.99
685145680,211,25,2506,105000050,32115,2013-02-13,32,OZ,1,2.99
685146657,126,49,4903,101312010,26885,2012-05-07,19,OZ,1,2.59
685146657,126,58,5837,103760030,8501,2012-12-02,6,OZ,2,6.98
685146657,126,1,104,101500010,29555,2013-01-13,4.23,OZ,1,1.54
685154097,83,9,907,101111010,9907,2013-01-26,20,OZ,1,1.25
685154155,89,56,5615,101111010,9907,2012-12-29,16,OZ,1,2.99
685155622,89,9,907,101111010,9907,2012-06-30,10,OZ,1,1.5
685155622,89,97,9730,1074677575,11302,2012-10-24,1,CT,1,6.99
685156029,12,63,6320,101111010,9698,2013-04-02,12,CT,1,1.99
685156423,89,27,2707,101901414,8664,2012-07-17,4,LB,1,6.99
685159279,211,57,5707,107047070,20230,2012-09-17,16,OZ,2,4.98
685159279,211,75,7520,101111010,9907,2012-11-18,500,CT,1,2.13
685159809,151,19,1904,10100010,9907,2013-01-22,8,OZ,2,3.9
685162647,26,18,1898,103980030,5782,2012-05-03,2,CT,2,14.98
685162647,26,56,5616,101111010,20588,2012-08-08,8,OZ,1,3
685163020,126,56,5620,101111010,9907,2012-06-27,8,OZ,1,2.19
685169280,83,33,3303,102840020,10241,2012-11-18,10,OZ,1,2
685169280,83,33,3305,102840020,5141,2013-03-17,11,OZ,2,5
685170269,2,9,908,1077347979,27865,2012-03-08,10,OZ,1,3.99
685170269,2,9,922,1077482676,94010,2012-10-29,10.5,OZ,1,3.99
685170937,12,4,418,103400030,15449,2012-03-24,8,OZ,2,7.58
685170937,12,7,706,101200010,17286,2012-04-19,38,OZ,1,7.49
685175434,26,36,3632,101480010,8019,2013-04-28,128,OZ,1,2.29
685180703,431,37,3711,104157343,53988,2012-10-02,24,OZ,2,9.98
685183633,12,5,501,103000030,45635,2012-04-16,18,OZ,1,3.24
685183633,12,7,708,1076211171,17286,2012-11-20,12,OZ,2,13.98
685187192,89,41,4120,101111010,20588,2012-05-07,6,OZ,3,2.67
685187192,89,36,3629,101200010,23360,2012-09-16,144,OZ,1,4
685189382,26,72,7205,103500030,3830,2012-09-16,6,OZ,1,2.74
685189382,26,57,5710,103663232,4568,2012-11-02,5.3,OZ,4,5.16
685192421,151,3,311,1064420969,5345,2012-06-09,16,OZ,1,1.69
685192421,151,96,9609,1052310050,88199,2012-07-06,0,,1,-1
685192421,151,29,2914,102100020,9886,2012-09-21,3.6,OZ,1,2.69
685192421,151,49,4901,101111010,9907,2012-12-08,32,OZ,1,1.28
685192604,63,8,814,107287878,8228,2012-10-14,7,OZ,2,1.68
685199375,83,9,907,107131474,1061,2012-09-20,12.5,OZ,3,7.17
685199818,89,9,907,101111010,9907,2012-05-28,12,OZ,1,1
685199818,89,54,5401,103800030,5618,2012-09-17,10.75,OZ,1,1.79
685199818,89,53,5307,101450010,20864,2013-03-07,12,OZ,1,2
685200392,89,36,3618,104900040,23359,2012-03-14,144,OZ,1,4.49
685200392,89,9,907,101111010,9907,2012-04-18,20,OZ,1,1.19
685200392,89,58,5812,107010070,9243,2012-05-08,16,OZ,1,1
685200392,89,26,2633,101111010,9907,2012-05-30,12,RL,1,4.99
685200392,89,26,2634,104200040,14813,2013-04-18,12,RL,2,11.98
685200392,89,56,5618,101111010,9907,2013-05-27,8,OZ,1,1.69
685200392,89,36,3601,104900040,3809,2013-06-28,67.6,OZ,1,1.5
685201138,151,0,0,10000,0,2012-04-30,0,,1,0
685201138,151,25,2509,107077070,18896,2012-05-10,16,OZ,1,2.75
685201138,151,33,3305,1078113878,13130,2013-02-06,11.5,OZ,1,2.99
685203955,98,99,9908,1075166676,52506,2012-09-21,10.5,OZ,1,2.5
685205231,98,41,4108,101111010,9907,2013-02-04,15.5,OZ,1,0.56
685205231,98,51,5127,103100030,1358,2013-05-13,10.1,OZ,2,1.92
685205326,89,4,416,103400030,15113,2012-10-20,1.5,OZ,1,0.89
685205326,89,62,6201,101111010,9907,2013-05-29,16,OZ,1,2.29
685208119,126,33,3315,102620020,4615,2012-04-22,5.25,OZ,2,2.5
685208119,126,38,3802,101111010,9907,2013-05-10,2,LB,1,2.19
685212066,89,41,4108,103940030,71386,2012-05-27,16,OZ,3,4.17
685212066,89,97,9735,102708424,8530,2012-09-16,1,CT,1,0.79
685212066,89,58,5827,107010070,9243,2012-10-08,12,OZ,1,3.29
685216042,431,10,1007,101111010,9907,2012-05-09,3,OZ,1,0.37
685216042,431,71,7114,108087888,13505,2012-07-04,8.5,OZ,1,3.89
685216042,431,99,9908,1075166676,52506,2012-12-12,10.5,OZ,1,3.5
685221194,191,36,3632,101111010,1814,2012-03-07,144,OZ,1,2.87
685221194,191,5,502,101111010,6678,2012-05-28,4.8,OZ,1,0.89
685221194,191,58,5831,101111010,9907,2013-04-03,19.2,OZ,1,3.59
685223926,58,75,7520,104126040,9907,2012-08-27,80,CT,1,2.49
685226289,26,58,5824,107778272,9260,2012-04-26,19,OZ,1,3.99
685226289,26,55,5558,107255474,12547,2012-06-24,15,OZ,1,2.99
685235058,63,14,1404,101111010,9907,2012-07-04,50,OZ,2,3.36
685235058,63,63,6316,101111010,9907,2013-04-03,16,OZ,2,1.8
685235725,143,33,3305,102840020,5141,2012-04-06,11.5,OZ,1,3.29
685235725,143,2,212,101330010,11211,2013-01-16,7.4,OZ,1,1
685235725,143,8,814,107287878,8228,2013-01-24,24,OZ,1,3.49
685235802,98,41,4108,104430040,15487,2012-09-22,15,OZ,1,1
685235802,98,33,3303,108411484,9596,2012-09-29,4,OZ,4,11.12
685235802,98,97,9707,101258717,7245,2013-04-06,3,CT,1,3.79
685237604,26,9,912,101111010,9907,2012-07-25,22,OZ,1,1.99
685239105,12,21,2106,105100050,27873,2012-05-04,64,OZ,2,4.18
685239105,12,9,922,102808121,33170,2012-05-23,16,OZ,2,5.98
685239105,12,0,0,10000,0,2012-06-01,0,,1,0
685239105,12,60,6012,101800010,14029,2012-06-14,13.9,OZ,1,2.18
685239105,12,33,3307,102900020,14112,2012-08-31,8.75,OZ,1,6.99
685239105,12,9,908,102808121,7934,2013-03-05,16,OZ,1,2.99
685246997,98,24,2403,101111010,9907,2012-04-29,4,OZ,1,2.06
685246997,98,30,3001,102100020,11761,2012-11-21,30,OZ,1,2.99
685246997,98,58,5823,101111010,9907,2013-01-03,9,OZ,1,2.4
685255754,2,26,2604,101111010,9907,2013-03-14,24,CT,1,0.49
685258367,211,51,5116,107192171,25673,2012-09-08,28.2,OZ,1,5.99
685258367,211,0,0,10000,0,2012-09-20,0,,2,0
685258367,211,10,1011,102400020,4704,2013-06-25,7,OZ,5,6.45
685259484,26,5,501,101111010,9907,2013-02-20,16.4,OZ,1,2.49
685259746,431,10,1012,102700020,23332,2012-04-01,13,OZ,2,2
685259746,431,25,2506,104127141,26189,2012-08-21,32,OZ,1,2.49
685259952,26,63,6315,101111010,9907,2012-08-17,128,OZ,1,2.59
685259952,26,26,2609,101111010,9907,2012-12-22,48,CT,1,2.29
685259952,26,63,6312,105020050,52045,2013-01-11,64,OZ,1,1
685259952,26,5,504,1072225272,3695,2013-01-26,1.69,OZ,3,3
685265386,211,58,5833,101111010,9907,2013-03-17,16,OZ,1,3.23
685265386,211,96,9609,1050006757,88199,2013-07-13,0,,1,-3
685269224,83,44,4404,101111010,9907,2012-05-24,80,OZ,1,4.99
685269224,83,9,970,101111010,9907,2012-07-10,14.6,OZ,3,4.17
685270569,211,21,2108,101111010,9907,2012-04-02,64,OZ,1,2.07
685270569,211,25,2506,104127141,26189,2012-04-09,32,OZ,1,2.99
685270569,211,26,2628,101111010,9907,2012-10-08,1,RL,1,1
685270569,211,51,5125,102580020,16668,2013-01-28,8,OZ,1,1.88
685275272,143,0,0,10000,0,2012-05-04,0,,1,0
685276968,431,96,9609,1055410050,88199,2012-05-25,0,,1,-0.55
685276968,431,9,902,101111010,9907,2013-01-18,16,OZ,1,1.5
685281578,143,33,3305,102840020,18584,2012-09-06,13,OZ,1,2.99
685281665,191,81,8115,107033070,1783,2013-05-22,1,CT,1,2.54
685282756,83,41,4110,103940030,71386,2012-08-17,22,OZ,1,1.87
685282756,83,41,4107,103470030,6754,2013-02-01,15.25,OZ,4,2.36
685283383,98,7,707,101111010,9907,2012-03-03,11.5,OZ,1,3.99
685284053,63,26,2634,104200040,14813,2012-07-31,12,RL,1,8.99
685284053,63,55,5552,101111010,20588,2012-10-18,48,OZ,1,4.49
685284053,63,28,2804,103640838,10905,2012-11-17,4,OZ,6,6
685296720,12,33,3303,102840020,10241,2012-05-19,10.5,OZ,1,2.5
685298038,211,63,6315,101111010,9907,2012-11-19,128,OZ,2,5.98
685299874,133,4,416,104000040,26517,2012-05-07,3.18,OZ,1,1
685299874,133,57,5710,107047070,20230,2012-09-26,5.3,OZ,6,6
685299874,133,96,9631,107675070,11273,2013-01-24,1,CT,1,54.95
685303540,26,18,1828,109140090,25335,2012-05-19,1,CT,1,2.99
685303540,26,37,3703,105100050,2820,2012-09-20,10.75,OZ,5,5
685303540,26,56,5607,1073882474,21469,2013-01-26,8,OZ,2,12.38
685304949,83,99,9904,1081204989,27736,2013-04-23,32,OZ,1,1.98
685305106,143,63,6305,104850040,18799,2013-01-22,59,OZ,1,3.48
685308848,89,63,6315,101111010,85048,2012-03-14,64,OZ,1,3.39
685320943,63,9,902,101410010,45039,2012-06-01,8,OZ,1,1.5
685320943,63,73,7319,104126040,9907,2013-01-21,4,OZ,1,3.99
685322468,12,3,310,101111010,9907,2012-10-08,2.25,OZ,3,5
685322468,12,99,9908,101111010,9907,2013-02-08,10,OZ,1,2.99
685326861,151,5,516,101600010,6283,2012-03-31,4.1,OZ,4,15.96
685326861,151,9,902,104157040,2017,2012-07-28,4.25,OZ,1,2.5
685326861,151,36,3635,101657111,17037,2012-09-01,17,OZ,2,2
685326861,151,51,5125,105010050,8089,2012-11-03,10.7,OZ,2,3.98
685326861,151,72,7203,103700030,4294,2013-03-23,33.8,OZ,1,5.17
685327465,26,23,2301,101111010,9907,2013-01-23,16,OZ,1,0.9
685327708,191,9,902,101111010,6678,2012-07-12,20,OZ,1,2.1
685327708,191,32,3203,106414464,13474,2012-08-30,8,OZ,1,3.99
685327708,191,97,9768,107650171,36643,2013-06-28,1,CT,1,61.19
685327851,12,99,9908,101111010,20588,2012-07-08,12,OZ,1,2.5
685327851,12,99,9909,101111010,85048,2012-08-23,5,OZ,1,3.59
685327851,12,99,9908,101111010,20588,2012-12-09,12,OZ,1,2.5
685332763,191,99,9908,107878373,26033,2012-06-18,10,OZ,1,1.79
685335259,89,36,3612,101111010,9907,2012-11-16,128,OZ,1,0.97
685335725,83,33,3303,102840020,10241,2012-05-18,10.5,OZ,1,2.5
685335725,83,44,4404,101111010,9907,2012-08-30,80,OZ,1,4.49
685335725,83,9,908,101111010,9907,2012-10-30,12,OZ,4,5.4
685335725,83,8,826,107550070,18204,2013-04-28,12,OZ,1,2.19
685335725,83,8,801,101300010,8164,2013-05-12,34,OZ,1,2.69
685336309,26,56,5620,104610040,15889,2012-10-11,8,OZ,2,6.38
685336791,98,4,416,103400030,8247,2012-06-28,1.55,OZ,1,0.89
685336791,98,56,5607,101111010,9907,2012-07-13,8,OZ,2,3
685336791,98,55,5558,101111010,9907,2012-11-04,18.4,OZ,2,5
685336791,98,33,3325,102840020,21452,2013-04-28,32,OZ,1,9.99
685339756,211,63,6315,101111010,9907,2012-03-26,64,OZ,1,1.99
685339925,89,36,3611,108304686,8688,2012-06-30,101.4,OZ,1,1.5
685339925,89,95,9518,107000070,7848,2012-07-13,1,CT,1,0.99
685339925,89,18,1828,1060240666,19393,2012-08-24,1,CT,2,3.98
685340878,89,37,3703,101111010,9907,2012-03-22,10.75,OZ,1,1.09
685340878,89,36,3632,101111010,1814,2012-07-21,288,OZ,1,4.98
685340878,89,59,5907,102900020,2012,2013-03-09,16,OZ,2,1.78
685341696,58,25,2509,101111010,9907,2012-06-06,16,OZ,1,1.29
685342876,26,56,5621,101111010,9907,2012-06-06,16,OZ,2,5.98
685343512,126,97,9707,104126040,9907,2012-08-26,4,CT,1,1.88
685343512,126,99,9908,101111010,9907,2013-01-28,16,OZ,2,3.5
685343512,126,9,902,104400040,15335,2013-02-24,12.47,OZ,1,2.77
685344900,98,56,5617,102100020,9886,2012-09-09,16,OZ,1,5.49
685344900,98,4,405,1060069969,55864,2012-09-09,10,OZ,1,1.19
685346841,83,19,1905,105150050,16728,2013-03-14,32,OZ,1,4.19
685346970,26,99,9908,103338333,287,2012-04-05,48,OZ,2,6.98
685346970,26,58,5814,104470040,10837,2012-10-03,4.2,OZ,2,2
685346970,26,4,416,102800020,1214,2012-10-17,3.9,OZ,1,1
685346970,26,58,5814,104470040,10837,2012-10-17,4.2,OZ,1,1.67
685346970,26,63,6312,105020050,52045,2013-07-07,64,OZ,1,1.88
685347098,12,67,6708,107830070,14142,2012-03-10,1,CT,2,13.98
685347098,12,26,2634,103600030,4139,2012-08-16,12,RL,1,6.49
685347098,12,81,8101,102820020,11186,2012-11-12,10,CT,1,37.99
685347098,12,99,9904,1071575676,5278,2013-01-12,16,OZ,1,2.99
685347098,12,0,0,10000,0,2013-03-18,0,,2,0
685349425,26,35,3509,103320030,875,2012-09-30,150,OZ,1,10.49
685349425,26,21,2119,1061300868,867,2013-02-04,128,OZ,1,3.29
685349425,26,74,7407,101111010,9907,2013-02-24,12,CT,1,2.49
685349425,26,57,5710,107047070,20230,2013-03-15,16,OZ,1,2.89
685349425,26,41,4110,103940030,71386,2013-03-30,28,OZ,3,6.27
685350714,12,8,836,101300010,8164,2012-06-29,64,OZ,1,3.99
685350714,12,11,1112,102898929,26666,2012-07-04,9.5,OZ,3,13.47
685350714,12,99,9909,101111010,85048,2012-08-28,5,OZ,1,2.44
685350714,12,0,0,10000,0,2013-03-16,0,,3,0
685350714,12,40,4004,107017777,18928,2013-03-26,1.23,OZ,1,3.49
685353467,191,9,913,101111010,6678,2012-12-22,24,OZ,1,2.99
685355309,143,9,922,102560020,18051,2012-08-17,8,OZ,1,2
685355309,143,37,3707,105100050,17812,2012-10-31,14.5,OZ,2,0.98
685356262,12,8,822,107373171,11786,2012-07-29,15.5,OZ,1,3.99
685356262,12,73,7359,107431272,12440,2012-09-24,180,CT,2,16.59
685356545,143,57,5710,107047070,20230,2012-10-01,16,OZ,1,2.99
685356545,143,30,3009,104133545,43106,2012-10-15,16,OZ,1,2.99
685356545,143,41,4105,101111010,9907,2012-11-19,28,OZ,2,2.58
685356545,143,16,1604,107339070,11515,2012-12-06,15,CT,1,1
685356545,143,9,907,107518575,11221,2012-12-23,15,OZ,1,3.49
685356545,143,9,917,107373171,11786,2013-04-09,23,OZ,1,2.57
685357628,26,96,9609,1057339050,88199,2012-05-01,0,,4,-2
685357628,26,43,4302,104300040,4030,2012-11-06,8,OZ,1,1.49
685358462,83,99,9908,101111010,9907,2012-03-04,16,OZ,1,1.99
685358462,83,65,6502,101800010,14029,2012-03-25,14.1,OZ,2,7.58
685358462,83,73,7302,104126040,9907,2013-03-05,200,CT,1,1.29
685359072,98,18,1850,102120020,16044,2013-01-10,1,CT,2,1.58
685359072,98,71,7106,107050171,12554,2013-03-21,4.5,OZ,1,7.49
685360995,126,5,501,101600010,19786,2012-06-29,15.6,OZ,1,2.29
685360995,126,41,4107,103470030,423,2012-09-01,14.5,OZ,2,1.18
685367226,89,21,2118,1073951070,16807,2012-09-02,20,OZ,2,2
685367226,89,33,3351,106414464,25513,2012-11-10,6,OZ,2,2.98
685367226,89,5,516,101600010,12426,2013-04-07,8.9,OZ,1,3.24
685367226,89,62,6202,102484222,2542,2013-06-16,9,OZ,1,3.99
685377505,89,44,4404,107218070,18520,2012-07-01,12.14,OZ,1,1.99
685377505,89,51,5115,107218070,15035,2012-08-04,20.6,OZ,1,2.99
685377505,89,49,4901,101312010,26885,2012-10-08,4.75,OZ,3,3
685377505,89,9,922,102430020,10577,2012-12-03,10.5,OZ,2,3
685377505,89,58,5823,104450040,8318,2013-04-15,8,OZ,1,3.27
685377505,89,36,3603,104300040,26420,2013-05-06,256,OZ,1,1
685377977,191,64,6409,108751282,15423,2012-11-24,0.75,LT,1,16.99
685377977,191,51,5115,102066222,12598,2013-02-16,13.2,OZ,1,5.99
685379414,12,97,9707,104126040,9907,2012-08-11,2,CT,1,2.49
685379414,12,18,1835,104126040,9907,2012-08-15,6.7,LB,1,3.99
685379414,12,9,901,101862717,9496,2013-02-15,8.5,OZ,1,3.69
685379414,12,5,516,101862717,9496,2013-03-10,8.4,OZ,1,2.99
685380609,126,57,5705,107047070,20230,2012-10-03,6,OZ,15,7.5
685380609,126,63,6320,101111010,9907,2013-01-16,12,CT,1,0
685380609,126,9,902,104400040,19783,2013-02-12,8.5,OZ,1,2.77
685383924,431,9,917,107373171,11786,2012-04-29,12,OZ,1,4.59
685383924,431,29,2928,101740010,11011,2012-10-27,8,OZ,1,1.79
685383924,431,27,2702,105000050,491,2013-01-10,16,LB,1,8.99
685385624,89,5,517,103800030,17050,2013-02-10,4.86,OZ,1,1.64
685388256,26,9,901,103010030,6852,2012-04-01,11.5,OZ,1,3.09
685392660,89,33,3318,107797575,27417,2012-07-17,16,OZ,1,2.59
685393275,12,99,9908,103338333,33170,2012-11-11,16,OZ,1,0.99
685393383,431,4,417,103400030,15113,2012-08-11,4,OZ,1,1
685393383,431,7,703,104300040,11339,2012-08-26,8.4,OZ,1,3.89
685394422,191,36,3604,101111010,1814,2012-06-11,12,OZ,1,1.69
685397512,191,26,2628,101111010,6678,2012-12-02,1,RL,5,4.5
685397512,191,36,3601,101200010,13794,2012-12-23,144,OZ,2,5.5
685397512,191,51,5123,103100030,1358,2013-02-03,27,OZ,1,2.99
685397749,83,3,311,1064420969,5345,2012-10-23,12,OZ,6,13.74
685404653,89,99,9908,1060633262,33170,2012-05-10,8,OZ,2,2
685416073,26,56,5621,101111010,9907,2013-01-15,8,OZ,1,1.97
685422170,89,58,5837,101111010,9907,2012-05-18,2.1,OZ,1,2.99
685422170,89,9,922,104500040,8511,2012-05-19,17,OZ,1,2.5
685422170,89,20,2002,101111010,9907,2012-11-02,46,OZ,1,1.39
685422170,89,9,902,102410020,44209,2012-11-30,13.7,OZ,2,6.16
685422170,89,8,817,101111010,9907,2013-04-08,24,OZ,1,0.89
685424581,143,39,3903,101111010,9907,2012-05-21,24,OZ,1,2.18
685424586,89,51,5131,104227242,648,2012-08-19,6,OZ,1,2.44
685431319,151,11,1102,101360010,18845,2012-06-27,1,CT,1,5.99
685431319,151,92,9215,1060308464,7034,2012-11-14,0.5,OZ,1,15.98
685431910,431,72,7203,1031254737,10554,2012-09-03,8.5,OZ,1,3.19
685432656,126,56,5620,101111010,9907,2012-06-08,8,OZ,1,1.79
685432656,126,63,6315,101111010,9907,2012-11-23,128,OZ,1,3.23
685434007,89,51,5125,107265575,8089,2012-11-04,9.4,OZ,1,1.68
685434952,143,63,6315,101111010,9907,2012-09-08,64,OZ,1,1.5
685436074,89,58,5823,104470040,13310,2012-09-18,12,OZ,1,1
685436074,89,63,6399,107590070,2073,2012-10-30,20,OZ,1,3.27
685440094,12,20,2002,105100050,2820,2012-03-06,46,OZ,1,1.99
685440094,12,96,9609,1055000050,88199,2012-05-05,0,,1,-0.5
685440094,12,0,0,10000,0,2012-10-31,0,,1,0
685440094,12,0,0,10000,0,2012-11-30,0,,2,0
685440094,12,0,0,10000,0,2012-12-15,0,,1,0
685444758,26,4,412,104111646,18550,2012-09-05,1.34,OZ,3,4.47
685444758,26,97,9744,102600020,5723,2012-09-16,4,OZ,1,2.99
685444758,26,26,2608,101111010,9907,2013-01-09,24,CT,2,3.18
685445089,63,41,4108,101111010,9907,2012-11-02,15,OZ,2,1.38
685445089,63,9,908,1075220272,27865,2012-11-10,21,OZ,2,7.98
685445089,63,9,901,104157343,16706,2013-03-01,21,OZ,1,2.99
685450079,89,63,6320,1071514171,25530,2012-08-21,12,CT,2,4.98
685450079,89,56,5610,102100020,9886,2013-04-01,5,OZ,1,3.99
685453513,89,54,5402,101111010,9907,2012-12-09,16.5,OZ,2,3.38
685453749,89,54,5401,101111010,9907,2012-12-28,12.3,OZ,2,3.18
685453749,89,17,1707,106233868,32453,2012-12-31,16,OZ,1,5.29
685455196,143,9,907,104500040,20016,2012-03-20,20,OZ,1,2.89
685456448,89,53,5307,107056070,14005,2012-03-10,10,OZ,1,2.19
685456448,89,9,904,107020070,11244,2012-08-08,5,OZ,1,1.99
685456448,89,42,4220,103000030,14760,2012-09-30,11,OZ,1,2.19
685456448,89,33,3309,101111010,9907,2012-12-22,10,OZ,3,3
685458809,12,46,4606,101111010,20588,2012-04-14,12,OZ,1,4.49
685458809,12,58,5824,107527878,6625,2012-07-21,16,OZ,1,3.99
685459054,89,51,5126,104172949,58325,2012-03-09,13,OZ,2,6.98
685463957,126,8,818,101111010,20588,2013-02-23,24,OZ,1,1.79
685463957,126,5,504,101111010,85048,2013-02-23,1.76,OZ,2,1.78
685464303,12,9,908,1075271676,36059,2012-05-05,24,OZ,1,11.99
685464303,12,12,1205,108000080,17292,2012-06-23,5,OZ,4,3.96
685465945,83,4,427,102200020,506,2012-03-26,1.76,OZ,2,4.38
685465945,83,32,3204,101111010,9907,2012-12-20,17,OZ,1,4.31
685465945,83,5,516,101111010,9907,2013-05-24,7,OZ,2,4.48
685467946,89,96,9609,1054000050,88199,2012-04-06,0,,1,-1
685467946,89,36,3635,101657111,17037,2012-04-27,17,OZ,4,4
685467946,89,99,9904,10505037252,3457,2012-07-01,1,CT,1,2.99
685467946,89,96,9609,1054470050,88199,2012-11-11,0,,1,-1
685476906,431,8,805,1081810888,19365,2012-05-01,16,OZ,1,3.99
685478102,89,37,3706,104119646,14582,2012-04-09,18.5,OZ,1,2.07
685478102,89,95,9518,1061029060,6015,2012-10-29,1,CT,3,7.97
685478102,89,95,9518,107000070,7848,2013-02-25,1,CT,1,2.99
685478760,63,25,2506,104127141,26189,2012-09-21,32,OZ,1,3.34
685481122,211,8,818,101111010,9907,2012-05-11,24,OZ,1,1.19
685481122,211,19,1908,101111010,9907,2012-11-04,18,OZ,1,1.99
685481122,211,36,3628,101200010,12029,2013-03-21,144,OZ,3,7.47
685481498,98,51,5128,1071785474,11614,2012-04-06,9,OZ,1,1
685481498,98,36,3631,104900040,1414,2012-05-17,144,OZ,1,4
685481498,98,0,0,10000,0,2012-07-06,0,,1,0
685481498,98,96,9609,1052220050,88199,2013-02-15,0,,2,-1.5
685484990,133,40,4004,104790040,10865,2012-04-05,10.5,OZ,1,7.45
685485052,83,14,1404,1085441787,20938,2012-08-29,3.2,OZ,-10,-10
685485052,83,9,901,103010030,6852,2012-09-23,6.6,OZ,1,2.18
685486267,151,59,5902,101111010,9907,2013-04-25,16,OZ,1,2.85
685490333,63,10,1011,107349171,9883,2013-03-10,24,OZ,1,3.99
685493443,89,5,518,101600010,7400,2012-11-18,6.36,OZ,2,5
685493702,143,99,9909,107143070,5072,2012-06-15,9,OZ,1,2
685493702,143,0,0,10000,0,2012-08-27,0,,1,0
685493904,26,33,3319,102840020,10241,2013-03-11,9,OZ,1,3.99
685498103,151,36,3601,104900040,3809,2012-10-11,20,OZ,1,1.69
685498103,151,12,1206,104800040,38150,2013-03-04,12,OZ,2,8.38
685499256,89,37,3705,105100050,2820,2012-06-11,18.8,OZ,1,2.07
685499256,89,35,3506,101111010,5981,2012-09-04,75,OZ,1,2.78
685499256,89,45,4508,103549333,26303,2013-03-27,10,OZ,1,6.39
685499463,151,33,3305,102840020,18584,2012-03-07,9.75,OZ,2,6.98
685501754,58,56,5620,102100020,13967,2012-07-05,8,OZ,2,4
685502081,126,99,9904,107143070,5072,2012-07-03,16,OZ,1,2.5
685502081,126,0,0,10000,0,2012-11-05,0,,2,0
685502081,126,33,3316,101600010,3397,2013-03-05,8.75,OZ,1,1.99
685502081,126,73,7312,1030002333,428,2013-05-25,1,OZ,1,14.99
685502765,143,8,814,107287878,8228,2012-07-15,24,OZ,1,3.49
685502765,143,63,6315,101111010,9907,2012-12-23,128,OZ,1,3.79
685502765,143,45,4511,102370020,18969,2013-03-24,26,OZ,1,3.49
685506597,12,99,9904,1071575676,5278,2012-04-16,16,OZ,2,9.98
685507323,89,26,2630,103700030,14647,2012-05-04,56,CT,3,4.47
685508567,126,32,3202,101111010,9907,2012-04-12,48,OZ,1,2.67
685508567,126,63,6315,101111010,9907,2012-06-01,128,OZ,1,2.99
685508567,126,29,2904,101600010,3412,2012-11-02,6.8,OZ,2,3.18
685508567,126,36,3611,101111010,9907,2012-12-08,405.6,OZ,1,2.99
685508567,126,39,3903,101111010,9907,2012-12-15,24,OZ,1,2.18
685508567,126,45,4510,101111010,9907,2013-01-26,160,OZ,1,6.9
685510045,431,58,5833,101111010,9907,2012-10-04,80,OZ,1,13.59
685513526,98,55,5561,101111010,20588,2012-06-17,16,OZ,2,4.48
685513526,98,2,202,104144949,7168,2012-07-22,20,OZ,1,1.99
685513526,98,58,5823,101111010,9907,2012-11-04,9,OZ,1,2.25
685513532,83,10,1011,104300040,26232,2012-04-21,11.75,OZ,1,2.99
685513532,83,96,9609,1055000050,88199,2012-04-29,0,,2,-3
685513532,83,74,7402,104740040,7196,2012-09-08,7,OZ,1,2.5
685513532,83,15,1504,101111010,9907,2013-07-10,6,OZ,1,1.79
685513532,83,5,501,103800030,14900,2013-07-14,14.3,OZ,1,3.59
685517562,12,73,7304,1032390030,30125,2012-11-26,16,CT,1,6.59
685517562,12,0,0,10000,20405,2012-12-09,0,,1,7.55
685518855,83,30,3008,107110070,8280,2012-10-22,24,OZ,1,4.99
685522466,58,36,3631,107800070,23209,2012-10-30,67.6,OZ,1,0.91
685522466,58,5,501,103000030,58434,2013-01-05,13,OZ,1,2.87
685527246,98,9,902,104400040,15335,2013-02-10,15.1,OZ,1,2.25
685527484,133,38,3801,101111010,9907,2012-05-12,4,LB,1,2.14
685527484,133,41,4121,101111010,9907,2012-07-09,8,OZ,4,1.48
685527484,133,25,2504,101111010,9907,2012-12-04,12,OZ,4,3.96
685527484,133,55,5552,102073525,18893,2012-12-31,48,OZ,1,2.49
685527484,133,96,9632,107675070,3431,2013-04-26,1,CT,1,50
685527696,12,99,9904,1071575676,5278,2012-04-06,16,OZ,2,4.38
685529132,126,3,311,1064420969,5345,2012-05-12,0.1,OZ,1,0.99
685532199,89,33,3312,103800030,14494,2013-03-27,4.62,OZ,2,2
685537186,12,29,2903,105100050,72482,2012-11-11,15,OZ,2,2
685537186,12,56,5611,103090030,19704,2012-11-11,4,OZ,1,2.69
685537186,12,9,913,107147979,1505,2013-02-21,12,OZ,1,3.39
685537186,12,54,5403,1089162787,51920,2013-06-26,6,OZ,1,2.59
685540686,89,59,5902,101111010,9907,2012-07-08,16,OZ,1,1.99
685540686,89,25,2501,1065272969,5453,2012-11-19,14,OZ,1,2
685550197,431,56,5621,101111010,9907,2012-04-14,8,OZ,3,10.17
685550197,431,26,2629,103993838,13584,2012-12-08,18,CT,2,2
685550197,431,60,6011,101800010,14029,2013-01-26,16.3,OZ,2,3.54
685551573,83,8,836,1067264262,11889,2012-09-19,16.9,OZ,1,10.59
685551573,83,99,9908,103338333,33170,2012-12-03,16,OZ,1,2.99
685551573,83,99,9909,107143070,5072,2012-12-23,6,OZ,1,2.5
685551856,83,5,501,1088491282,13689,2012-12-23,15,OZ,1,3.59
685559249,98,73,7349,101111010,9907,2013-01-28,60,CT,1,3.37
685562715,133,26,2606,101111010,9907,2012-05-26,200,CT,1,1.99
685562715,133,63,6320,101111010,4962,2012-07-20,12,CT,1,1.52
685562715,133,44,4404,107002272,15242,2013-03-22,48,OZ,1,3.49
685564066,83,10,1011,104300040,26232,2012-04-21,24,OZ,1,2.99
685564066,83,9,902,101111010,9907,2012-05-12,14,OZ,1,1.79
685566270,89,56,5607,101111010,9907,2012-03-29,8,OZ,2,4.08
685566270,89,5,501,103000030,45635,2012-06-06,13,OZ,1,2.69
685566270,89,8,810,101111010,9907,2012-10-07,1.25,OZ,2,0.78
685567152,89,9,907,105172151,26411,2012-09-17,16,OZ,1,1.59
685567551,26,14,1404,101111010,9907,2012-07-14,23,OZ,1,1.19
685567551,26,63,6317,104157040,2017,2013-01-17,64,OZ,2,5.98
685569495,58,26,2622,101111010,9907,2012-04-15,50,CT,1,1.99
685569495,58,26,2630,101111010,9907,2012-09-02,160,CT,1,1
685569495,58,2,202,105150050,14029,2012-09-16,19.5,OZ,1,1.99
685569495,58,27,2704,103270030,7966,2013-01-01,26,OZ,1,3.09
685570840,191,79,7903,107244070,27869,2012-05-03,1,CT,1,3.99
685570840,191,56,5604,107027777,1008,2012-07-20,6,OZ,1,6.49
685570840,191,73,7331,1064328161,6364,2012-08-02,1,CT,1,21.99
685570840,191,96,9609,1055100050,88199,2012-08-30,0,,1,-1
685570840,191,9,912,101111010,6678,2013-03-12,18,OZ,1,3.29
685570840,191,33,3303,102840020,15598,2013-05-12,9,OZ,1,5.59
685571306,83,10,1012,101111010,9907,2012-08-10,14,OZ,1,0.89
685573853,23,51,5126,101380010,27474,2012-09-24,8.88,OZ,1,2.99
685578180,12,55,5558,107255474,12547,2012-05-24,24.7,OZ,1,3.5
685578180,12,4,405,101111010,9907,2012-07-07,16,OZ,2,4.78
685579694,12,4,418,103400030,20231,2012-03-15,11,OZ,2,11.98
685579694,12,33,3305,102840020,15870,2012-09-24,11,OZ,1,2
685579694,12,0,0,10000,0,2013-04-27,0,,1,0
685582071,133,95,9518,1061029060,7848,2012-11-04,1,CT,1,3.99
685584099,89,9,908,102430020,10577,2012-08-10,8.46,OZ,1,1.79
685589775,26,57,5705,107047070,20230,2012-06-15,12,OZ,2,4.5
685589775,26,59,5907,102700020,2012,2012-10-11,15,OZ,1,1.49
685590167,89,0,0,10000,0,2013-03-28,0,,1,0
685590167,89,9,907,107343575,9705,2013-03-29,10.8,OZ,1,3.49
685591268,133,58,5824,101111010,9907,2012-03-26,18,OZ,2,7.98
685591268,133,58,5833,102718222,18969,2012-04-15,12,OZ,3,14.97
685591268,133,28,2806,105410050,19509,2012-04-29,24,OZ,1,2.29
685593541,83,4,421,107920070,20031,2013-01-26,4.5,OZ,3,1.86
685593541,83,33,3318,107797575,27417,2013-03-17,16,OZ,1,3
685593541,83,36,3632,107380070,6226,2013-05-13,20,OZ,2,1
685599086,89,9,912,101111010,9907,2012-05-06,22,OZ,1,1.79
685599086,89,1,106,101500010,7142,2012-12-03,5,OZ,4,4.08
685600181,26,56,5616,101111010,9907,2012-03-25,6,OZ,1,3.69
685600334,191,63,6316,101111010,6678,2013-04-21,16,OZ,2,3.18
685603699,83,9,902,101410010,45039,2012-05-13,6.6,OZ,2,2.78
685603699,83,56,5609,107047070,11619,2012-11-05,24,OZ,1,3.69
685605511,89,63,6315,101111010,9907,2012-10-23,64,OZ,4,4
685605511,89,57,5710,104667545,20216,2012-12-20,5.3,OZ,1,1.39
685606010,431,27,2702,107910070,33128,2012-10-07,16,LB,1,12.79
685610803,133,23,2301,101111010,20588,2012-07-03,16,OZ,1,1.19
685610803,133,18,1828,1064412464,18905,2012-09-26,2.5,OZ,2,3.98
685610803,133,9,908,102430020,10577,2013-03-11,10.5,OZ,1,1.99
685611079,26,23,2301,107680878,1393,2012-07-21,16,OZ,1,1.34
685611079,26,51,5117,104280040,18599,2012-12-23,10.2,OZ,2,2.67
685611079,26,35,3508,103700030,18371,2013-05-01,50,OZ,3,14.97
685614186,151,96,9609,1052927454,88199,2012-06-03,0,,1,-0.75
685614186,151,0,0,10000,0,2013-03-03,0,,1,0
685614767,431,26,2614,1030800434,17323,2012-03-30,22,CT,2,5.74
685615571,143,63,6315,101111010,9907,2012-05-05,64,OZ,1,1.99
