499388929,21,9,902,104950848,16730,2013-02-05,7.2,OZ,1,2.5
499395666,21,41,4107,107050676,3860,2013-03-30,12,OZ,1,1.99
499398318,21,36,3626,101200010,16391,2013-03-17,60,OZ,1,3.5
499398679,21,63,6316,107148171,6765,2012-10-24,16,OZ,1,2.19
499398679,21,7,707,107103878,25424,2013-03-28,11.3,OZ,1,3.99
499400756,21,9,902,104400040,15335,2012-03-29,15.1,OZ,1,1.99
499400756,21,59,5906,103450030,10165,2012-05-10,15,OZ,1,2.61
499400756,21,9,907,107133070,25887,2012-07-05,24,OZ,1,1.99
499400756,21,27,2705,105000050,6775,2013-01-30,66,OZ,1,6.49
499402377,21,56,5614,104610040,15889,2012-07-16,9,OZ,1,4.49
499402377,21,37,3706,104119646,14582,2013-01-03,19,OZ,2,3.34
499405604,21,9,901,104400040,3453,2012-07-27,13.72,OZ,1,3.49
499405604,21,56,5617,103450030,10165,2012-09-16,8,OZ,1,3.69
499405604,21,27,2712,107185979,9517,2013-01-14,160,OZ,1,7.99
499405604,21,51,5125,102580020,16668,2013-03-12,8,OZ,2,5.86
499408394,21,99,9909,107774575,14997,2013-02-04,7,OZ,1,3.49
499409809,21,25,2503,105000050,32115,2012-05-25,15,OZ,1,4.99
499409809,21,63,6315,104119040,16347,2013-04-06,64,OZ,1,3.89
499410200,21,41,4121,107079676,3198,2013-03-16,28,OZ,1,1.79
499410792,21,42,4230,104525545,11481,2012-11-12,3,OZ,1,5.99
499411151,21,15,1506,107102272,11145,2013-04-19,5,OZ,1,1.99
499411683,21,23,2301,107680878,1393,2013-01-01,16,OZ,4,5.96
499411683,21,22,2210,103500030,17523,2013-02-08,56,OZ,1,3.58
499411683,21,17,1701,1067811262,3912,2013-04-21,25.2,OZ,1,1.19
499415397,21,41,4107,104119040,16347,2012-05-21,15.25,OZ,2,1.5
499415397,21,23,2301,107680878,1393,2013-03-19,16,OZ,2,2.8
499415397,21,41,4108,104119040,16347,2013-03-26,15,OZ,2,1.5
499415397,21,21,2119,1061300868,867,2013-04-02,128,OZ,1,2.19
499417575,21,18,1890,105209252,43069,2012-08-31,1,CT,2,6.38
499417575,21,72,7203,104116747,193,2012-10-28,16.9,OZ,1,4.49
499420407,21,28,2804,107023474,19354,2013-03-29,8,OZ,1,2.87
499420407,21,54,5402,101960010,1058,2013-04-05,14.5,OZ,1,2.79
499422382,21,9,917,107885878,57184,2012-09-06,16.36,OZ,1,4.49
499422382,21,63,6320,1074199474,58508,2012-09-29,12,CT,1,3.19
499422929,21,9,907,107167373,17480,2012-05-25,22,OZ,2,3.68
499425796,21,58,5812,101590010,1366,2013-01-18,16,OZ,2,2.98
499425796,21,54,5402,107374474,12201,2013-02-07,16,OZ,1,3.49
499426196,21,14,1411,103890030,5072,2012-04-05,20,OZ,3,3.75
499427361,21,10,1013,103890030,5072,2012-04-28,17.2,OZ,2,5
499427361,21,33,3303,102840020,10241,2012-07-04,10,OZ,1,2.14
499428738,21,39,3903,103000030,1058,2012-10-01,24,OZ,1,3.49
499430601,21,57,5704,107047070,20230,2012-03-12,6,OZ,4,3
499430601,21,33,3303,102840020,10241,2012-07-28,10,OZ,2,5
499432489,21,1,105,107007474,16452,2012-09-02,32,OZ,3,20.07
499434812,21,12,1205,108660080,2559,2012-04-13,3.5,OZ,1,1.59
499436896,21,99,9908,103338333,33170,2013-02-15,6,OZ,1,1.29
499437447,21,99,9904,103338333,33170,2012-06-03,16,OZ,1,2.49
499437447,21,99,9904,10505037252,3457,2012-11-25,1,CT,1,3.99
499437447,21,26,2633,103700030,3293,2013-02-17,12,RL,1,6.9
499438848,21,44,4404,105963555,29023,2013-01-24,8.46,OZ,2,2.78
499439225,21,26,2608,104119040,16347,2013-06-01,24,CT,4,4.76
499440433,21,35,3507,103700030,3068,2013-03-25,8.45,OZ,1,2.99
499440806,21,36,3611,107572070,14196,2012-04-21,405.6,OZ,1,4.49
499440806,21,56,5616,105300050,2199,2012-06-16,6,OZ,2,3.98
499440806,21,55,5558,107064070,2014,2012-06-30,27.6,OZ,1,3.99
499441125,21,58,5812,105450050,1322,2012-08-24,15,OZ,1,4.69
499441250,21,9,907,107341070,888,2012-12-22,12,OZ,1,2.49
499441470,21,51,5134,104280040,18599,2012-04-12,44.5,OZ,1,8.59
499441470,21,18,1831,104722343,33170,2012-10-28,1,CT,2,2.67
499442962,21,12,1206,108660080,2559,2012-03-14,5,OZ,8,11.12
499442962,21,51,5134,107047575,7217,2012-12-12,8,OZ,3,5.97
499443033,21,36,3631,104900040,1414,2012-06-17,67.6,OZ,1,1.69
499443363,85,51,5126,102113121,11151,2012-03-22,11,OZ,2,5.29
499445286,21,36,3628,101200010,12029,2012-11-05,60,OZ,1,3.99
499448292,21,63,6315,104119040,16347,2012-08-05,64,OZ,1,2.46
499449663,21,63,6312,102073525,18893,2013-04-15,128,OZ,1,2.88
499449792,21,4,417,101070010,11692,2012-04-03,5,OZ,1,1
499449792,21,26,2621,104119040,16347,2012-05-29,100,CT,1,1.99
499450057,21,5,519,104119040,16347,2012-03-17,12.3,OZ,2,4
499450057,21,56,5620,104119040,16347,2012-11-21,8,OZ,1,2.29
499450057,21,54,5401,103800030,5618,2013-01-11,12.3,OZ,2,5.98
499455124,21,27,2704,1076830373,2690,2012-12-09,1,CT,1,2.59
499455124,21,26,2628,103040030,17034,2012-12-18,6,RL,2,14.48
499455124,21,18,1890,105209252,43069,2012-12-23,6,CT,1,2.09
499455690,21,63,6320,104119040,16347,2012-04-29,30,CT,1,3.19
499455690,21,36,3630,107800070,23561,2012-06-14,60,OZ,1,3.59
499455961,21,9,902,101410010,45039,2012-03-17,6.6,OZ,1,2.09
499455961,21,41,4110,103940030,71386,2012-10-19,16,OZ,1,1.89
499455961,21,57,5710,1089470080,21065,2013-01-15,5.3,OZ,4,4
499456677,21,9,907,101410010,13791,2013-02-19,20,OZ,2,5.38
499457575,21,56,5617,1063000363,25246,2012-11-07,8,OZ,1,3.99
499461240,21,36,3611,104119040,16347,2012-06-17,405.6,OZ,1,2.99
499461240,21,97,9753,1029479929,0,2012-11-30,1,CT,1,3.97
499467641,21,24,2415,103900030,10383,2013-02-07,3,OZ,4,1.6
499467641,21,63,6315,104119040,16347,2013-02-17,128,OZ,1,3.49
499467641,21,45,4508,104440040,7504,2013-03-21,11,OZ,1,3.49
499468958,21,33,3318,104119040,16347,2013-03-13,16,OZ,1,1.69
499469836,21,9,907,107167373,17480,2012-06-17,20,OZ,2,3.98
499470411,21,57,5705,103663232,4568,2012-09-08,24,OZ,1,2.29
499470411,21,99,9909,107127979,6732,2012-09-29,6.5,OZ,1,2
499471135,21,9,920,107641070,10160,2012-10-25,11,OZ,2,4
499472414,21,41,4107,104119040,16347,2012-07-11,15.25,OZ,5,3.4
499472414,21,46,4606,1066655969,93326,2012-07-11,12,OZ,1,3.49
499473500,21,9,904,107020070,62488,2012-04-04,5,OZ,2,3.18
499473500,21,99,9909,107143070,5072,2013-01-04,10,OZ,1,1.67
499474002,21,22,2207,103496939,20390,2012-03-05,22,OZ,2,8.38
499474002,21,51,5126,1074454878,23445,2012-06-19,12,OZ,1,2.49
499479124,21,56,5615,102100020,4218,2012-04-02,8,OZ,2,4.98
499479643,21,58,5827,104470040,13310,2012-09-12,12,OZ,1,5.44
499480129,21,10,1010,103400030,8247,2012-05-25,24,OZ,1,2.29
499480129,21,59,5902,104119040,16347,2012-05-25,16,OZ,2,5
499480129,21,21,2119,1061300868,867,2012-06-02,192,OZ,2,8.98
499480129,21,27,2713,102310020,3223,2012-09-01,3.5,OZ,9,7.2
499480167,21,97,9753,107357474,0,2012-03-15,1,CT,1,2.49
499480167,21,19,1905,105964454,68300,2012-05-05,16,OZ,2,5.98
499480167,21,99,9908,104119040,16347,2012-11-26,10,OZ,1,1.99
499483886,21,21,2122,107349070,9528,2012-07-14,64,OZ,2,6.28
499483886,21,55,5552,102073525,18893,2013-03-29,48,OZ,2,6.58
499486868,21,99,9908,103338333,33170,2012-03-23,4,OZ,1,1.29
499486868,21,26,2631,107488777,26811,2012-04-06,48,CT,1,1.79
499486965,21,63,6315,104119040,16347,2012-06-07,64,OZ,1,2.29
499487078,21,9,901,1074988070,9350,2012-03-02,3.5,OZ,1,3.49
499487078,21,0,0,10000,20405,2012-08-15,0,,1,8.06
499490368,21,57,5710,1089824888,27368,2012-10-14,6,OZ,2,3.98
499490368,21,58,5823,102531727,763,2012-12-09,6,OZ,1,6.99
499490368,21,26,2620,104119040,16347,2013-03-27,80,CT,1,2.69
499492882,21,97,9799,107314979,17357,2013-02-28,1,CT,5,37.95
499496252,21,56,5614,107403070,16922,2012-03-18,12,OZ,1,3.99
499497717,21,35,3504,103500030,330,2012-07-03,14,OZ,1,1.19
499497717,21,97,9753,1020002121,0,2012-08-03,1,CT,1,12.15
499497717,21,51,5116,107192171,25673,2012-10-17,32.7,OZ,2,12.78
499502428,21,63,6315,104119040,16347,2013-03-17,128,OZ,1,4.49
499502496,21,56,5615,103651434,7627,2012-03-25,8,OZ,1,1.51
499502496,21,21,2105,104900040,14357,2012-09-16,32,OZ,2,2
499502496,21,9,912,104119040,16347,2013-01-21,21,OZ,1,1.69
499503823,21,9,907,1018379111,19704,2012-03-04,16,OZ,1,4.39
499505178,21,8,818,107764474,64256,2013-05-07,24,OZ,2,2.5
499505178,21,10,1012,102700020,23332,2013-07-14,13,OZ,2,1.76
499505479,21,31,3108,105210050,11382,2012-07-08,1.58,OZ,1,1.59
499506117,21,41,4107,103710030,10383,2012-09-11,15,OZ,2,1.6
499506117,21,4,418,103400030,8247,2012-10-24,10.35,OZ,1,2.5
499506117,21,5,501,103800030,9543,2013-03-09,8.56,OZ,1,3.79
499506741,21,5,501,103800030,15251,2012-05-04,9,OZ,2,6.98
499507323,21,56,5614,107403070,16922,2012-07-19,24,OZ,1,8.79
499507323,21,56,5615,103651434,25010,2012-11-13,16,OZ,1,4.99
499511895,21,51,5134,104280040,18599,2012-07-17,7.5,OZ,2,3.98
499511895,21,58,5827,104119040,16347,2013-02-10,16,OZ,1,3.49
499512943,21,33,3307,104157040,2017,2012-06-23,6,OZ,1,3.19
499512943,21,29,2925,101740010,3008,2012-07-21,48,OZ,1,3.79
499512943,21,33,3301,102840020,16680,2012-10-20,7.5,OZ,1,4.29
499512943,21,16,1604,101254616,4806,2013-01-19,48,CT,1,2.79
499513521,21,27,2702,101780010,31044,2012-05-09,4.5,LB,1,10.79
499513521,21,57,5710,103663232,4568,2012-05-12,5.3,OZ,4,5
499513521,21,21,2118,107618373,16756,2012-05-14,192,OZ,1,6.99
499513521,21,9,907,103967737,16347,2013-04-08,16,OZ,1,1.69
499514588,21,37,3704,103360030,8209,2012-08-26,3.33,OZ,1,2.39
499514588,21,27,2718,103270030,7966,2012-08-30,1,CT,1,4.69
499514628,21,36,3612,104119040,16347,2013-02-03,128,OZ,1,0.79
499514813,21,21,2105,104900040,14357,2012-09-06,32,OZ,4,4
499514813,21,63,6315,104119040,16347,2012-10-15,64,OZ,1,2.39
499515346,21,18,1828,102340020,15181,2012-05-21,22.5,OZ,1,2.5
499515346,21,63,6315,104119040,16347,2012-11-12,64,OZ,1,2.29
499517295,21,9,907,104500040,20016,2012-04-30,12,OZ,1,1.89
499517295,21,41,4105,102400020,4704,2012-05-06,14.5,OZ,4,5
499517295,21,28,2806,105410050,19509,2012-05-20,24,OZ,3,5
499517295,21,99,9908,104119040,16347,2012-06-01,16,OZ,1,1.67
499517295,21,59,5902,103450030,10165,2013-03-17,16,OZ,4,14.24
499517595,21,45,4511,101120010,19675,2012-05-01,28,OZ,1,3.49
499517595,21,75,7504,107965676,1346,2012-05-25,8,OZ,1,8.99
499517595,21,41,4108,107050676,3860,2012-05-30,15,OZ,1,0.59
499517595,21,35,3509,1088596787,330,2012-12-30,50,OZ,1,2.99
499521540,21,23,2301,107680878,1393,2012-03-04,16,OZ,7,9.8
499521540,21,21,2106,105100050,27873,2012-04-01,64,OZ,2,3.98
499521540,21,59,5902,101570010,32472,2012-06-10,16,OZ,2,5
499521540,21,58,5827,104119040,16347,2013-02-18,16,OZ,1,3.49
499524263,21,57,5704,103663232,4568,2012-03-28,16,OZ,2,4
499524263,21,70,7005,104119040,28500,2012-06-01,5,OZ,1,1.69
499525069,21,56,5613,104119040,16347,2012-05-02,15,OZ,1,2.19
499526028,21,99,9908,103338333,33170,2012-08-16,16,OZ,1,1.69
499528168,21,26,2630,104119040,16347,2013-03-17,80,CT,1,0.99
499531968,21,36,3604,107153777,14200,2012-07-12,33.8,OZ,1,0.8
499534005,21,75,7520,104119040,16347,2012-10-12,100,CT,1,1.39
499535636,21,25,2509,103450030,10165,2012-04-14,32,OZ,1,2.89
499535636,21,27,2705,105000050,6775,2013-05-05,5.5,OZ,10,4.6
499536232,21,4,407,103400030,18947,2012-10-27,16,OZ,1,2.5
499536458,21,99,9908,103338333,33170,2012-04-20,16,OZ,1,0.99
499536514,21,9,908,102430020,10577,2012-05-06,10.6,OZ,1,1.5
499537017,21,57,5710,104119040,16347,2012-07-17,6,OZ,2,1.76
499537017,21,5,501,101600010,3331,2012-09-03,8.9,OZ,1,2.99
499537017,21,28,2805,104119040,16347,2013-02-02,6,OZ,3,2.97
499537017,21,63,6315,104119040,16347,2013-05-29,64,OZ,1,2.58
499537017,21,9,907,104119040,16347,2013-06-03,16,OZ,1,1.69
499537819,21,12,1205,108660080,2559,2012-03-23,3.6,OZ,1,1.99
499537819,21,99,9904,103338333,33170,2012-06-23,16,OZ,1,2
499537819,21,97,9744,105114151,52,2013-01-31,0.14,OZ,1,2.99
499544799,21,18,1837,107247777,13994,2012-03-04,4,CT,1,1.99
499545314,21,36,3612,102658222,14181,2012-04-27,128,OZ,1,0.99
499545612,21,63,6320,1074199474,58508,2012-12-17,12,CT,1,3.49
499549023,21,58,5823,104470040,13310,2012-05-15,9,OZ,1,3.99
499549629,21,57,5710,104119040,16347,2012-05-30,6,OZ,2,1.76
499549629,21,4,418,104000040,26517,2012-10-04,9.9,OZ,1,2.99
499549629,21,59,5902,104119040,16347,2013-01-19,16,OZ,1,2.5
499551621,21,26,2628,103700030,2248,2012-11-03,2,RL,1,7.29
499552047,21,99,9909,107143070,5072,2012-03-18,12,OZ,2,3.98
499552047,21,51,5117,104119040,16347,2012-05-28,14.1,OZ,2,8.98
499552047,21,26,2619,101370010,8154,2013-02-02,20,CT,2,10.58
499552047,21,33,3313,107020070,11244,2013-02-16,12,OZ,1,3.29
499555984,21,21,2119,1063604666,26070,2013-01-27,16,OZ,2,4.98
499556765,21,30,3001,104800141,8178,2012-03-12,30,OZ,1,4.59
499556765,21,56,5617,104119040,16347,2012-09-14,12,OZ,2,3.98
499558094,21,31,3101,103384434,1257,2013-03-05,1.75,OZ,1,1.69
499558134,21,57,5703,104119040,16347,2012-03-21,6,OZ,11,4.95
499558134,21,9,907,107341070,13291,2012-07-25,12,OZ,1,2.49
499558134,21,36,3611,1064252464,12670,2012-09-05,405.6,OZ,1,3.99
499558134,21,63,6323,107045272,6176,2012-10-17,64,OZ,1,3.49
499558134,21,5,501,103000030,45635,2012-11-20,13,OZ,1,2.59
499558917,21,72,7203,104119040,16347,2013-02-07,16,OZ,1,2.49
499558917,21,53,5307,107056070,14005,2013-02-07,10,OZ,2,2.58
499558917,21,63,6316,107148171,6765,2013-03-19,16,OZ,1,1.34
499559830,21,25,2506,105000050,32115,2012-04-28,32,OZ,2,7.78
499559830,21,5,501,101600010,3396,2012-06-25,13.8,OZ,1,3.49
499559830,21,28,2805,104119040,16347,2012-12-02,6,OZ,2,2.38
499560108,21,58,5828,104120848,18062,2012-07-22,6,OZ,2,5
499560108,21,55,5561,1065724363,35849,2012-07-23,19.8,OZ,1,1.99
499560108,21,51,5127,105100050,8605,2012-11-18,14.5,OZ,1,3.5
499563713,21,27,2706,105000050,6132,2012-07-11,3,OZ,3,2.4
499563713,21,56,5620,104119040,16347,2013-03-02,8,OZ,2,3.6
499563713,21,41,4105,107079676,3198,2013-03-14,28,OZ,1,3.29
499564199,21,36,3628,101200010,12029,2013-02-10,144,OZ,1,4.38
499564748,21,32,3204,1085501989,2237,2012-05-27,68,OZ,1,11.99
499564748,21,5,520,103997838,2082,2013-03-02,18,OZ,1,2.79
499565418,21,23,2301,107130070,15474,2012-05-26,8.8,OZ,2,6.38
499565418,21,14,1414,102400020,4704,2012-06-02,8.25,OZ,4,5.16
499565418,21,59,5902,101570010,32472,2012-09-29,16,OZ,1,2.99
499565418,21,26,2629,104200040,19231,2013-01-05,40,CT,1,2.39
499565418,21,36,3601,104900040,3809,2013-03-30,48,OZ,1,5.39
499566134,21,9,922,102560020,18051,2012-03-13,8,OZ,2,5.68
499566677,21,57,5705,103663232,4568,2012-09-26,32,OZ,1,3.29
499568116,21,23,2301,107680878,1393,2012-07-09,13.25,OZ,2,2.98
499568116,21,18,1828,103700030,6236,2012-11-24,0.88,OZ,1,5.49
499568116,21,49,4904,104330141,12339,2012-12-20,16,OZ,1,2.99
499571434,21,26,2609,104119040,16347,2013-02-02,100,CT,1,5.69
499571434,21,12,1206,108660080,2559,2013-04-03,5,OZ,2,3
499573704,21,54,5403,102580020,16668,2013-03-07,8,OZ,3,9.57
499574213,21,63,6315,104138343,10091,2013-02-10,96,OZ,1,6.19
499575887,21,99,9904,104119040,16347,2013-01-19,4,LB,1,2.99
499576223,21,27,2710,107023070,18373,2012-03-24,38,LB,1,15.39
499576223,21,36,3635,107252171,19411,2012-06-17,67.6,OZ,5,4.95
499576223,21,26,2632,103600030,8583,2012-09-23,184,CT,2,12.64
499576223,21,21,2103,103120030,12957,2013-02-01,64,OZ,1,2.99
499576223,21,1,103,101500010,7142,2013-06-07,16,OZ,1,3.15
499577122,21,63,6330,104119040,16347,2012-03-12,16,OZ,1,2.49
499577122,21,7,708,104195343,10231,2012-05-18,8.8,OZ,1,5.49
499577122,21,17,1709,101920010,10882,2012-07-12,24,OZ,2,3.98
499578592,21,9,907,107167373,17480,2012-10-29,22,OZ,2,3.38
499579189,21,99,9908,103338333,33170,2012-04-07,16,OZ,1,1.49
499579189,21,26,2611,103600030,14191,2012-08-30,24,CT,1,4.89
499579965,21,45,4508,104440040,7504,2013-02-14,19.2,OZ,1,4.24
499580228,21,34,3411,1030813737,1121,2012-09-02,12,OZ,2,11.98
499580228,21,33,3303,107260070,8245,2012-12-13,10.5,OZ,2,5
499582355,21,34,3405,101111111,5168,2012-06-23,24,OZ,1,7.89
499583978,21,9,901,103010030,44654,2012-04-02,15,OZ,1,2.99
499583978,21,9,901,102750020,837,2012-09-14,9.5,OZ,1,2.5
499583978,21,4,407,101070010,7446,2012-12-21,6,OZ,1,1
499586276,21,9,907,107133070,25887,2012-09-25,11,OZ,2,6.58
499587413,21,56,5620,102100020,9886,2012-05-28,8,OZ,1,3.29
499587413,21,25,2509,104119040,16347,2013-03-20,32,OZ,1,1.79
499590216,21,63,6315,104119040,16347,2012-07-29,128,OZ,1,3.99
499590216,21,37,3704,104125848,20113,2012-09-16,3.25,OZ,1,2.59
499590216,21,8,803,107008070,9872,2013-03-10,9,OZ,1,1.49
499590216,21,29,2914,101356212,713,2013-04-21,6,OZ,3,4.47
499591220,21,18,1890,105209252,43069,2012-04-06,3,CT,1,3.49
499591220,21,9,907,107167373,17480,2012-05-31,13,OZ,1,1.99
499591220,21,45,4509,1075444171,21551,2013-02-24,32,OZ,1,4.99
499593924,21,8,818,107050676,3860,2012-07-22,26,OZ,2,1.98
499593924,21,9,901,107947171,70765,2012-09-06,7,OZ,1,1.39
499593924,21,97,9753,1020334222,0,2013-06-14,1,CT,1,35.11
499594082,21,37,3705,104119646,14582,2013-05-30,18.5,OZ,1,2.59
499595233,21,17,1703,101920010,10882,2012-09-14,40,OZ,1,2.79
499595233,21,95,9517,1084543585,99281,2012-12-19,1,CT,4,5.96
499595463,21,35,3509,102420020,14716,2012-10-02,50,OZ,2,5.98
499595463,21,2,208,105150050,14029,2012-11-14,15.6,OZ,1,1.99
499595463,21,63,6311,103425636,20309,2012-11-14,64,OZ,1,3.99
499595674,21,41,4107,101760010,2443,2012-11-09,40,OZ,2,4.98
499595708,21,4,419,1087218181,4771,2012-06-06,1.76,OZ,1,1.19
499595708,21,19,1905,105150050,16728,2012-07-18,12,OZ,1,2.99
499597251,21,21,2106,101480010,12021,2013-01-26,64,OZ,1,2.5
499597593,21,26,2622,102570020,20361,2012-06-13,30,CT,1,4.99
499597593,21,16,1604,107339070,11515,2012-06-23,50,CT,1,3.49
499597593,21,95,9518,1072047373,7848,2013-03-21,1,CT,1,2.99
499598314,21,72,7205,103500030,3830,2012-10-17,2.8,OZ,1,0.99
499598314,21,11,1111,1085591989,16945,2012-10-17,6.15,OZ,3,5
499598314,21,59,5907,101111515,8760,2012-10-24,16,OZ,1,0.99
499598499,21,34,3411,1030813737,1121,2012-04-24,12,OZ,1,5.03
499598499,21,21,2106,103120030,12957,2012-12-24,64,OZ,2,4
499598844,21,26,2609,101370010,8154,2012-07-08,50,CT,2,5.38
499599145,21,23,2301,103340030,15802,2012-05-13,16,OZ,1,1.39
499599831,21,21,2119,107618373,16756,2012-08-23,192,OZ,1,7.49
499599831,21,9,922,102560020,18051,2013-03-13,12,OZ,1,2.79
499602460,21,55,5560,104154848,5603,2012-06-15,18,OZ,1,4.99
499602460,21,55,5560,104154848,5603,2012-07-02,18,OZ,1,5.49
499602460,21,69,6901,101700010,5296,2012-07-10,3.25,OZ,1,4.59
499602483,21,71,7114,108087888,13505,2012-04-11,6.8,OZ,1,3.77
499602939,21,15,1506,107004474,3249,2012-07-05,5.5,OZ,1,0.99
499603520,21,58,5812,107433878,15669,2012-04-01,16,OZ,1,4.99
499603520,21,9,907,107341070,2437,2012-08-19,24,OZ,1,4.49
499604258,21,73,7311,1031011939,1488,2012-06-24,2,OZ,1,1.49
499604258,21,26,2609,104119040,16347,2012-10-20,150,CT,1,4.99
499604258,21,9,902,104400040,15335,2013-01-10,15.1,OZ,2,6.98
499604258,21,21,2117,102500020,26108,2013-03-01,67.5,OZ,2,4
499604789,21,63,6316,102100020,2321,2012-11-13,16,OZ,4,4.96
499605008,21,21,2108,104124444,11218,2012-09-09,50.7,OZ,1,3.99
499605008,21,8,818,1089771282,10401,2013-04-29,25,OZ,1,4.99
499605193,21,28,2804,104600040,13023,2012-09-01,4.5,OZ,1,1.69
499605193,21,54,5401,102392323,5494,2013-03-03,9,OZ,2,6.98
499605943,21,36,3612,104119040,16347,2012-03-08,128,OZ,3,2.37
499607744,21,53,5307,101450010,20864,2012-04-25,12,OZ,2,4.12
499609576,21,26,2630,104119040,16347,2013-02-02,144,CT,1,1.79
499610038,21,5,501,101600010,15114,2012-12-23,13,OZ,2,7.98
499612084,21,72,7203,104858242,1893,2012-08-15,16,OZ,1,6.99
499612084,21,8,836,104119040,16347,2012-08-21,16,OZ,1,0.69
499612084,21,8,818,107236878,4715,2012-10-26,10,OZ,1,4.99
499612084,21,55,5552,102983929,6763,2012-12-31,48,OZ,1,2.99
499612118,21,8,836,107241272,8376,2012-07-10,12,OZ,1,1.79
499614296,21,58,5811,102263525,19442,2012-03-16,3,OZ,1,4.99
499614296,21,55,5558,107255474,35506,2012-08-05,18.4,OZ,1,4.29
499614586,21,72,7214,101254616,18738,2012-03-12,54,CT,1,2.99
499614586,21,9,922,104126141,5244,2012-10-10,11,OZ,1,2.56
499617293,21,26,2619,102990020,7468,2012-09-04,26,CT,1,3.59
499617293,21,58,5827,104119040,16347,2013-02-12,16,OZ,1,3.49
499618203,21,26,2614,103700030,514,2012-06-03,18,CT,1,3.29
499618203,21,45,4511,101120010,19675,2013-01-27,28,OZ,1,3.49
499618203,21,73,7312,103760434,27723,2013-02-16,1,CT,1,1.79
499619750,21,37,3703,105100050,2820,2012-04-14,10.75,OZ,2,2.98
499620256,21,53,5307,101450010,20864,2012-10-01,12,OZ,4,6.9
499624085,21,63,6320,104119040,16347,2012-03-25,18,CT,1,2.09
499624085,21,63,6315,104119040,16347,2012-06-02,128,OZ,1,3.09
499624085,21,18,1831,107116979,1756,2012-06-02,24,CT,1,1.99
499624085,21,43,4302,104119040,16347,2013-03-30,8,OZ,1,0.99
499624890,21,51,5127,103100030,1358,2012-04-18,9,OZ,1,1.15
499624890,21,9,902,104400040,18775,2012-07-23,9,OZ,1,2.99
499624890,21,56,5613,107403070,16922,2012-12-16,32,OZ,1,3.99
499628441,21,57,5705,104667545,20216,2012-12-27,15,OZ,1,3.19
499630970,21,99,9908,103338333,33170,2012-05-26,4,OZ,1,1.79
499630970,21,56,5620,104119040,16347,2012-07-07,8,OZ,4,5.96
499630970,21,63,6315,104119040,16347,2013-01-06,128,OZ,1,3.29
499630970,21,9,901,104400040,3453,2013-04-14,9.5,OZ,1,2.99
499630970,21,97,9799,1075918878,33170,2013-04-16,1,CT,1,1.39
499631093,21,25,2507,1074447373,16798,2013-04-18,32,OZ,1,2.99
499631583,21,58,5811,102756828,18794,2012-07-08,12,OZ,1,2.79
499633352,21,69,6901,101700010,15288,2012-09-08,1.8,OZ,1,1.29
499633352,21,9,906,103915636,100216,2012-09-29,10,OZ,1,1.5
499633352,21,59,5907,102740020,16291,2013-02-25,45,OZ,1,3.99
499636095,21,55,5567,107585676,9798,2012-04-27,24,OZ,2,7.38
499636095,21,53,5307,104119040,16347,2012-06-07,12,OZ,4,5.52
499636095,21,59,5907,102740020,16291,2013-01-17,45,OZ,1,3.99
499636173,21,99,9909,107774575,14997,2012-08-22,10,OZ,1,2
499638066,21,29,2926,104119040,16347,2012-09-06,320,OZ,1,10.77
499639343,21,60,6001,101800010,14029,2012-03-18,16,OZ,1,3.89
499639556,21,33,3310,107114676,2740,2012-10-01,3.3,OZ,1,1.79
499639556,21,23,2310,107466575,674,2013-02-08,13,OZ,2,3.48
499642869,21,9,907,1018379111,19704,2012-06-22,13,OZ,1,4.39
499644027,21,2,214,103000030,1058,2012-04-12,32,OZ,1,2.5
499644027,21,44,4404,1083418383,385,2013-03-22,12,OZ,2,7.98
499644830,21,10,1013,102400020,4704,2012-10-25,16,OZ,2,5.38
499645724,21,26,2617,101090010,15232,2012-08-16,1,CT,1,2.29
499647016,21,5,501,101600010,3789,2012-07-16,11.8,OZ,1,3.49
499648424,21,72,7203,101254717,10554,2012-03-26,32,OZ,1,6.99
499650447,21,18,1828,103700030,6236,2012-04-29,0.88,OZ,1,5.19
499650447,21,55,5552,107756777,2347,2012-10-30,48,OZ,1,4.49
499650724,21,40,4004,102070020,15729,2012-05-26,8,OZ,2,5.18
499650724,21,55,5558,107064070,2014,2012-07-03,27.6,OZ,1,2.79
499651293,21,9,922,107203070,5812,2012-05-22,12,OZ,2,4.28
499651293,21,5,501,1088491282,8459,2012-11-18,18,OZ,1,3.99
499651902,21,9,902,101410010,45039,2013-01-18,6.6,OZ,1,2.09
499651902,21,44,4407,107680070,10333,2013-02-07,12,OZ,1,1.55
499652341,21,34,3406,101700010,4912,2012-05-18,32,OZ,1,3.99
499652341,21,36,3611,104119040,16347,2012-12-06,96,OZ,1,1.89
499653130,21,9,922,107203070,5812,2012-04-14,9.25,OZ,1,4.29
499653130,21,8,803,104150040,6714,2012-05-07,14,OZ,2,3.98
499653130,21,25,2506,105000050,32115,2012-05-11,16,OZ,4,11.96
499653130,21,25,2506,105000050,32115,2012-05-25,16,OZ,4,11.96
499653130,21,99,9904,1071575676,5278,2012-10-26,16,OZ,1,3.99
499653130,21,97,9753,10000,0,2012-12-29,1,CT,1,0
499653130,21,58,5827,104119040,16347,2013-01-18,16,OZ,2,7.98
499653130,21,99,9904,103338333,33170,2013-02-08,64,OZ,1,2.99
499654473,21,26,2630,103600030,9787,2012-08-02,120,CT,3,5.88
499655118,21,63,6315,104119040,16347,2012-10-28,64,OZ,1,3.89
499655118,21,7,702,102800020,18041,2012-12-09,0.49,OZ,1,1.39
499657084,21,56,5621,103090030,19704,2012-07-13,8,OZ,1,2.99
499657084,21,4,416,104000040,16765,2012-08-27,2.07,OZ,1,0.79
499659795,85,36,3626,104900040,17186,2012-11-07,96,OZ,1,3.5
499660062,21,33,3307,102900020,14112,2012-03-30,16,OZ,2,9.98
499660062,21,63,6315,104119040,16347,2012-04-27,64,OZ,1,1.99
499660062,21,14,1415,103890030,5072,2013-03-29,15,OZ,2,3.18
499660234,21,13,1306,101600010,7366,2012-10-01,5,LB,1,2.99
499661362,21,9,907,1078142171,21825,2012-08-26,22,OZ,1,4.49
499661362,21,25,2507,104157040,2017,2013-04-01,32,OZ,1,2.29
499661571,21,19,1905,104119040,16347,2013-02-05,32,OZ,1,1.99
499661571,21,19,1908,104530040,13915,2013-02-05,28,OZ,1,4.79
499661641,21,34,3410,107682878,19764,2012-10-05,1,OZ,1,1.69
499661641,21,56,5620,104119040,16347,2013-03-18,16,OZ,2,8.98
499661709,21,43,4302,104119040,16347,2013-03-10,8,OZ,1,0.89
499662259,21,55,5560,104154848,5603,2012-06-14,18,OZ,1,4.99
499663815,21,14,1411,103890030,5072,2012-04-04,20,OZ,1,1.25
499663836,21,9,902,101410010,45039,2013-04-04,6.6,OZ,1,2.49
499664103,21,21,2105,104900040,14357,2012-06-12,32,OZ,4,4
499664103,21,9,922,102560020,18051,2012-10-05,12.75,OZ,1,2.84
499666227,21,21,2119,1061300868,867,2012-08-19,128,OZ,1,2.5
499666227,21,36,3618,101200010,23361,2012-12-10,144,OZ,1,4.17
499669023,21,50,5002,103100030,1358,2012-12-07,7,OZ,3,2.61
499671214,21,63,6320,109020898,31234,2012-11-10,12,CT,1,1.69
499671925,21,21,2117,108768484,2903,2012-06-29,60,OZ,2,5.38
499671925,21,62,6202,102484222,2542,2012-11-09,20,OZ,1,6.49
499671925,21,9,901,103010030,6852,2012-11-09,8.5,OZ,1,2.99
499671925,21,72,7203,103700030,4294,2013-01-01,33.8,OZ,1,4.79
499673279,21,56,5615,102100020,4218,2012-04-01,8,OZ,2,4.98
499673820,21,9,907,107294575,15878,2012-06-01,20,OZ,1,3.19
499673928,21,51,5132,1075341878,10302,2012-06-03,16,OZ,1,3.49
499673928,21,37,3707,105100050,2820,2012-10-18,10.5,OZ,3,5
499674509,21,99,9908,104119040,33170,2012-08-12,32,OZ,1,2.99
499675448,21,58,5813,105450050,1322,2012-08-15,16,OZ,2,6
499675806,21,97,9753,1020050121,0,2012-11-02,1,CT,1,3.23
499675806,21,9,901,103010030,19370,2013-04-03,14.2,OZ,1,3.19
499676643,21,4,427,10980090,18366,2013-03-09,4,OZ,1,3.19
499677486,21,21,2112,103120030,12957,2012-10-19,64,OZ,1,2.5
499678140,21,63,6320,1071514171,25530,2012-05-11,12,CT,1,2.69
499678140,21,97,9753,1074069575,0,2012-05-25,1,CT,1,1.79
499678140,21,21,2108,104119040,16347,2012-09-01,64,OZ,2,3.98
499678863,21,7,707,104300040,11339,2013-03-20,11.5,OZ,4,13.96
499683098,21,26,2633,103700030,3293,2012-03-20,12,RL,1,7.29
499683098,21,21,2117,108768484,2903,2012-03-27,60,OZ,1,2.39
499683098,21,21,2117,108768484,2903,2013-05-14,60,OZ,1,2.39
499683098,21,4,421,104000040,17287,2013-05-14,14,OZ,1,2.99
499684187,21,0,0,10000,20405,2012-05-21,0,,1,0
499684187,21,11,1111,1085591989,16945,2013-02-02,6.15,OZ,1,2.99
499684280,21,96,9609,1050813757,88199,2012-03-21,0,,2,-2
499684280,21,73,7308,1031254636,7853,2012-12-08,40,CT,1,1.19
499684537,21,5,501,103800030,9891,2013-03-16,11.4,OZ,2,6.98
499684546,21,9,917,104119040,16347,2013-02-17,22.5,OZ,1,1.67
499685653,21,56,5620,104610040,15889,2012-05-25,8,OZ,1,3.29
499687033,21,56,5607,102100020,13967,2012-08-12,16,OZ,1,4.69
499687139,21,36,3618,104900040,23359,2013-02-07,67.6,OZ,3,4.5
499689216,21,55,5552,102983929,6763,2012-04-09,48,OZ,2,5.98
499689765,21,17,1708,101920010,10882,2012-05-08,1.41,OZ,1,1.49
499689765,21,21,2106,103120030,12957,2012-05-26,46,OZ,1,2.69
499689765,21,58,5812,1063690666,12339,2012-10-27,14,OZ,2,8.14
499689765,21,41,4105,107294070,18909,2012-12-30,35,OZ,1,0.88
499689765,21,9,901,104400040,12279,2012-12-30,21.2,OZ,1,5.99
499690277,21,63,6305,104850040,18799,2012-10-21,89,OZ,2,10.62
499690543,21,4,418,102800020,1214,2012-05-03,12.5,OZ,2,6.98
499692017,21,9,907,107167373,17480,2012-09-21,20,OZ,1,1.99
499692017,21,96,9632,107675070,52960,2012-12-23,1,CT,1,25
499696349,21,5,520,103710030,16180,2013-01-05,12,OZ,6,6.84
499697303,21,45,4508,107399474,52806,2012-06-15,6,OZ,1,7.99
499698262,21,41,4121,107294070,18909,2012-07-17,29,OZ,1,1.29
499698689,21,9,907,107167373,17480,2012-04-16,18,OZ,1,1.99
499698689,21,36,3630,104900040,3809,2013-01-08,144,OZ,1,4.3
499698689,21,73,7310,1032390030,103164,2013-02-17,24,OZ,1,13.49
499698751,21,30,3002,104800141,8178,2012-06-18,16.5,OZ,1,3.99
499698751,21,96,9609,1053700050,88199,2012-07-22,0,,1,-1
499698751,21,33,3305,102840020,18584,2012-12-08,9,OZ,1,3
499702700,21,63,6319,108390080,7368,2012-06-19,59,OZ,1,2.99
499702700,21,63,6320,104119040,16347,2012-10-16,6,CT,1,1.59
499704210,21,18,1831,102146626,20787,2012-10-14,24,CT,1,1.09
499704261,21,26,2633,104119040,16347,2012-03-08,1,RL,2,1.7
499704261,21,8,818,107764474,64256,2012-05-04,24,OZ,4,6
499704261,21,36,3601,104900040,3809,2012-09-18,42.2,OZ,2,1.98
499704261,21,9,907,107130171,17614,2013-06-16,22,OZ,1,1.64
499704261,21,27,2707,101780010,3108,2013-07-14,1.13,LB,1,2.09
499704261,21,33,3302,107615070,194,2013-07-16,8.25,OZ,1,1
499706827,21,5,501,104119040,16347,2013-01-31,20,OZ,1,1.99
499707676,21,26,2634,103700030,3293,2013-01-27,24,RL,1,17.39
499710080,21,99,9908,104119040,16347,2012-04-06,16,OZ,1,1.99
499710080,21,19,1905,104119040,16347,2012-09-21,17.5,OZ,1,3.79
499711534,21,5,501,104119040,16347,2012-11-13,28,OZ,1,3.39
499711694,21,51,5115,107192171,25673,2012-04-29,30,OZ,1,4.47
499713856,21,21,2117,104300040,26420,2012-08-16,60,OZ,1,2.29
499714479,21,56,5613,103114232,25202,2013-01-08,16,OZ,2,9.98
499718187,21,21,2106,103120030,12957,2012-04-28,64,OZ,1,2.99
499718187,21,37,3705,105100050,2820,2013-02-08,18.8,OZ,3,5.25
499718457,21,9,907,107109676,35244,2012-06-23,20,OZ,1,2.79
499719076,21,21,2111,104175545,10177,2012-05-06,64,OZ,2,5.38
499719486,21,33,3308,104126242,92654,2012-03-15,8.5,OZ,1,1.64
499719486,21,9,902,102410020,44209,2013-03-03,6,OZ,1,1.99
499720209,21,3,302,104119040,16347,2012-04-27,12,OZ,1,2.59
499720209,21,63,6315,104119040,16347,2013-02-07,128,OZ,1,3.99
499720796,21,35,3504,103700030,4628,2012-07-16,25,OZ,1,2.49
499720796,21,75,7520,104834141,73689,2012-08-02,200,CT,1,2.79
499722184,21,97,9799,103338333,23511,2012-03-19,1,CT,1,3.99
499722597,21,26,2628,103040030,17034,2012-04-09,1,RL,2,2.98
499722597,21,58,5831,107232272,27348,2012-06-17,20.8,OZ,1,3.99
499722597,21,97,9753,1020999929,0,2012-09-03,1,CT,1,4.39
499722597,21,8,811,1070601070,1393,2012-11-08,24,OZ,2,4.98
499724324,21,97,9753,10000,0,2012-11-30,1,CT,1,1.18
499724324,21,15,1504,104114343,17593,2013-02-25,15,OZ,1,3.49
499725100,21,9,907,103967737,16347,2013-01-07,16,OZ,2,3.38
499727727,21,25,2506,104119040,16347,2012-11-07,32,OZ,1,2.5
499730780,21,97,9753,10000,0,2012-07-02,1,CT,1,0.63
499733375,21,72,7214,101254616,18738,2012-05-17,18,CT,1,1.09
499733375,21,63,6312,102073525,18893,2013-02-15,128,OZ,1,3.29
499734173,21,41,4107,104119040,16347,2012-04-19,8.5,OZ,2,1.5
499734940,21,9,901,104119040,16347,2012-04-05,9,OZ,1,1.99
499734940,21,56,5607,104119040,16347,2012-11-07,8,OZ,1,1.22
499735232,21,51,5115,107218070,15035,2012-05-22,21.06,OZ,1,4.29
499735275,21,29,2914,102100020,9886,2013-03-30,36.25,OZ,1,5.45
499736709,21,13,1302,101020010,8790,2012-04-18,32,OZ,1,1.29
499737043,21,99,9908,104119040,16347,2012-07-20,10,OZ,1,2.69
499737043,21,57,5704,105215959,41981,2012-08-09,6,OZ,3,2.97
499737043,21,56,5619,102100020,19279,2013-01-27,16,OZ,1,5.39
499737997,21,10,1013,103890030,5072,2012-03-25,16,OZ,2,5
499737997,21,99,9904,103338333,33170,2012-04-15,16,OZ,1,2.49
499738245,21,97,9753,1085058282,0,2013-02-12,1,CT,1,1.99
499738344,21,25,2501,104119040,16347,2012-06-13,14,OZ,1,1.79
499738344,21,26,2622,102570020,20361,2012-07-07,40,CT,2,8.98
499739350,21,9,907,104500040,20016,2012-04-01,24,OZ,1,3.69
499739350,21,63,6305,104850040,18799,2012-06-05,59,OZ,1,3.99
499739350,21,39,3903,103000030,1058,2013-02-26,24,OZ,1,2.99
499739644,21,41,4107,102000020,7655,2012-12-15,61,OZ,1,2.99
499739644,21,9,902,108136383,12592,2012-12-28,7.2,OZ,1,2.5
499739644,21,9,901,104400040,3453,2013-02-08,9.5,OZ,1,3.49
499740938,21,8,826,104150040,6667,2013-02-02,12,OZ,1,2.08
499742252,21,97,9753,1020991020,0,2012-12-10,1,CT,2,6.55
499742252,21,21,2108,107630171,755,2013-03-17,64,OZ,1,2.5
499743971,21,73,7326,102791727,10449,2012-09-29,60,CT,1,5.99
499743971,21,58,5835,107080070,9078,2012-11-21,16,OZ,2,2.48
499747419,21,31,3101,104133141,7531,2012-04-24,8,OZ,1,1.59
499747419,21,58,5828,103100030,1358,2012-08-31,6.4,OZ,2,3.54
499747419,21,97,9753,1020114424,0,2013-01-25,1,CT,1,3.32
499747419,21,25,2504,104119040,16347,2013-03-27,12,OZ,2,1.7
499747859,21,26,2633,103700030,3293,2013-03-05,12,RL,1,7.29
499747880,21,40,4001,104100040,10522,2012-08-17,101.4,OZ,2,5.98
499748241,21,14,1416,104119040,16347,2013-02-26,15,OZ,1,1
499748627,21,5,501,103800030,6790,2012-07-16,8.7,OZ,2,6.78
499749130,21,56,5620,104610040,15889,2012-04-23,8,OZ,1,1.99
499749130,21,56,5609,104119040,16347,2012-10-27,16,OZ,1,2.19
499749587,21,9,901,104400040,3453,2012-08-28,14,OZ,1,3.69
499749711,21,99,9908,104119040,6164,2012-07-30,80,OZ,2,5.98
499749915,21,41,4107,107571777,15284,2012-03-22,14,OZ,2,5.98
499749921,21,32,3202,104119040,16347,2012-10-25,16,OZ,1,1.69
499750019,21,4,418,103400030,452,2012-10-04,11.3,OZ,1,2.5
499750893,21,62,6201,1063000363,25246,2012-07-06,16,OZ,2,4.98
499750893,21,99,9909,107143070,5072,2012-07-12,9.9,OZ,1,3.99
499750893,21,30,3002,104800141,8178,2013-07-04,30,OZ,1,3.99
499751720,21,36,3604,107800070,16023,2012-08-30,144,OZ,1,4.81
499752463,21,36,3611,107572070,14196,2012-06-20,405.6,OZ,1,4.59
499752589,21,58,5812,105450050,31202,2013-01-16,16,OZ,2,3
499753521,21,8,801,101300010,8164,2013-02-03,38,OZ,1,2.19
