238047823,108,33,3307,104157040,2017,2012-03-06,16,OZ,1,8.99
238060442,106,26,2628,103700030,2248,2012-05-03,1,RL,1,2.79
238078160,116,27,2704,1075480777,610,2012-06-17,4.5,OZ,1,3.39
238078160,116,23,2301,107680878,1393,2012-11-10,12,OZ,1,1.85
238078160,116,27,2707,1082927484,11516,2012-11-22,3.15,LB,1,5.99
238092392,116,9,902,102410020,44209,2012-03-17,15,OZ,1,6.99
238092392,116,53,5305,102000020,7655,2012-03-31,7,OZ,1,2.55
238092392,116,13,1306,103997838,2082,2013-04-20,1,LB,1,10.99
238092392,116,99,9909,107127979,6732,2013-04-27,9,OZ,1,2.5
238100374,285,4,407,104136444,56039,2012-08-17,8,OZ,1,2.15
238100374,285,56,5614,104171646,6769,2012-08-25,12,OZ,1,3.99
238100374,285,73,7302,1031284333,1500,2013-01-12,100,CT,1,6
238100374,285,57,5704,1070510575,85230,2013-01-19,6,OZ,2,2.58
238146114,108,99,9901,1087520888,21532,2013-02-05,4,OZ,1,4.99
238241752,285,9,901,1070897171,10653,2012-10-04,13.5,OZ,1,2.99
238271993,108,15,1506,103432535,22583,2012-08-24,12,OZ,1,3.49
238320748,108,32,3202,102700020,19737,2012-09-10,48,OZ,1,4.79
238320748,108,71,7113,104589343,17521,2012-09-16,28,OZ,1,4.19
238320748,108,18,1898,103980030,5962,2012-10-31,8,CT,2,13.98
238403232,116,10,1011,102400020,4704,2012-03-02,7,OZ,4,4
238419541,106,99,9904,1071575676,5278,2012-10-23,16,OZ,3,11.97
238419541,106,63,6320,1071514171,25530,2012-11-25,12,CT,1,4.49
238460828,108,63,6319,107146474,2142,2012-05-23,15.2,OZ,2,6.58
238460828,108,9,902,107750777,9469,2012-12-02,9,OZ,1,2.99
238465213,108,33,3303,102840020,10241,2012-07-20,10,OZ,1,4.29
238465213,108,33,3303,102840020,10241,2012-09-30,10,OZ,2,8.58
238476903,108,21,2108,107630171,755,2012-03-05,48,OZ,1,3.19
238476903,108,9,907,1062855363,25002,2012-07-09,7,OZ,1,2.39
238503930,108,63,6315,107045272,6176,2012-05-05,64,OZ,1,2.19
238508175,106,58,5823,102781525,8100,2012-10-09,7,OZ,1,3.99
238621633,108,57,5704,1075480777,610,2012-05-19,32,OZ,1,3.09
238621633,108,56,5607,102100020,13967,2012-11-19,8,OZ,2,5.9
238624400,116,35,3508,103700030,18371,2012-05-28,100,OZ,1,15.49
238624400,116,53,5307,101450010,20864,2013-01-13,16,OZ,2,6.38
238627429,116,5,501,103800030,11732,2012-09-27,24,OZ,1,4.99
238645869,116,97,9753,1022150121,0,2012-04-29,1,CT,1,8.51
238645869,116,30,3001,104800141,8178,2012-07-08,16.5,OZ,1,4.69
238645869,116,17,1726,104460040,3718,2012-09-29,75,CT,1,5.99
238645869,116,59,5906,104060040,26155,2012-12-16,15,OZ,1,3.99
238645869,116,28,2801,1079357373,59584,2013-03-24,32,OZ,1,4.49
238743808,108,29,2924,101740010,11748,2012-11-26,14,OZ,2,6.18
238745382,108,99,9904,1071575676,5278,2012-08-04,16,OZ,1,3.99
238750248,108,5,501,101600010,3331,2012-12-19,21.6,OZ,1,6.29
238908357,106,33,3318,107797575,27417,2012-03-03,9.25,OZ,1,2.99
238908357,106,36,3626,104900040,17186,2013-03-06,144,OZ,1,5.99
238943817,108,63,6315,1075480777,610,2012-08-02,64,OZ,1,2.85
238943817,108,9,907,107432373,1866,2013-04-19,13,OZ,1,1.69
239012784,108,17,1703,1081793989,11556,2012-04-05,28,OZ,2,7.98
239012784,108,36,3611,107572070,14196,2012-06-24,101.4,OZ,1,1.29
239015991,106,9,906,1075480777,610,2013-02-06,5.5,OZ,1,2.45
239121121,108,26,2626,101258717,7245,2012-08-02,1,CT,1,3.99
239121121,108,55,5552,1075480777,610,2013-01-14,48,OZ,1,2.59
239223690,116,36,3618,104900040,23359,2012-03-21,144,OZ,1,5.89
239223690,116,95,9518,106700868,25075,2012-11-08,1,CT,1,5.49
239276354,116,63,6315,109396696,13264,2012-03-04,64,OZ,1,4.69
239276354,116,9,917,107373171,11786,2012-03-04,23,OZ,1,3.79
239276354,116,63,6315,105215959,41981,2012-03-06,64,OZ,6,26.94
239276354,116,51,5115,103120535,8422,2012-03-07,16,OZ,1,5.99
239276354,116,5,518,104300040,43492,2012-03-10,5.88,OZ,1,3.69
239276354,116,8,821,104139040,9659,2012-03-13,12.1,OZ,2,6.98
239276354,116,57,5705,107047070,20230,2012-03-13,12,OZ,1,2.69
239276354,116,43,4302,107027272,15085,2012-03-14,13,OZ,1,5.49
239276354,116,26,2614,103700030,514,2012-03-14,40,CT,1,4.19
239276354,116,5,501,103800030,6790,2012-03-14,17,OZ,2,10.98
239276354,116,6,610,107084777,11910,2012-03-15,64,OZ,1,7.99
239276354,116,5,501,101600010,3331,2012-03-15,16.2,OZ,1,5.49
239276354,116,41,4107,102400020,4704,2012-03-18,15,OZ,6,7.5
239276354,116,37,3705,105100050,2820,2012-03-19,18.8,OZ,1,3.19
239276354,116,30,3008,104133545,43106,2012-03-19,9,OZ,2,5.18
239276354,116,9,901,104400040,13243,2012-03-20,24,OZ,1,6.99
239276354,116,27,2705,105000050,6775,2012-03-22,5.5,OZ,8,5.36
239276354,116,9,902,104400040,15335,2012-03-22,15.1,OZ,1,4.19
239276354,116,36,3612,1075480777,610,2012-03-24,128,OZ,9,9.45
239276354,116,97,9707,102570020,20361,2012-03-24,4,CT,1,3.99
239276354,116,33,3310,102840020,6911,2012-03-28,9,OZ,1,4.29
239276354,116,29,2925,107440171,66788,2012-03-29,32,OZ,1,8.49
239276354,116,58,5824,1076401474,304,2012-03-31,12,OZ,1,5.99
239276354,116,9,901,107270070,11079,2012-04-01,5.5,OZ,1,5.49
239276354,116,2,201,101600010,1756,2012-04-02,15.25,OZ,6,11.7
239276354,116,37,3703,1075480777,610,2012-04-03,10.75,OZ,2,2.78
239276354,116,9,902,103800030,17050,2012-04-03,4,OZ,1,4.29
239276354,116,4,410,107097070,13717,2012-04-04,3,OZ,2,2.7
239276354,116,29,2924,1075480777,610,2012-04-05,14,OZ,1,2.09
239276354,116,33,3303,107260070,8245,2012-04-05,10.5,OZ,2,8.58
239276354,116,9,912,104812141,18322,2012-04-07,13,OZ,3,11.97
239276354,116,4,418,1075480777,610,2012-04-07,21,OZ,1,6.99
239276354,116,99,9904,107490474,3457,2012-04-08,14,OZ,2,6
239276354,116,9,901,104133141,7531,2012-04-11,7,OZ,2,1.78
239276354,116,9,902,102410020,44209,2012-04-13,9,OZ,4,15.16
239276354,116,99,9902,102548424,12334,2012-04-16,14,OZ,1,2.99
239276354,116,58,5824,107495676,8144,2012-04-16,12,OZ,1,4.99
239276354,116,26,2628,103700030,2248,2012-04-16,1,RL,1,2.09
239276354,116,41,4106,107047575,7217,2012-04-17,4,OZ,1,1
239276354,116,96,9609,1057064050,88199,2012-04-20,0,,2,-2
239276354,116,36,3634,1078616272,7237,2012-04-22,20,OZ,6,8.07
239276354,116,38,3801,104920040,5098,2012-04-22,5,LB,1,3.99
239276354,116,57,5706,105215959,41981,2012-04-22,32,OZ,2,8.98
239276354,116,26,2617,1075480777,610,2012-04-22,1,CT,1,1.55
239276354,116,8,814,102840020,18584,2012-04-23,15.5,OZ,1,3.29
239276354,116,10,1007,1075480777,610,2012-04-23,3,OZ,1,0.85
239276354,116,51,5123,1065123565,7522,2012-04-24,28,OZ,1,6.99
239276354,116,8,801,1075480777,610,2012-04-25,36,OZ,1,2.19
239276354,116,26,2615,103600030,9878,2012-04-27,18,CT,1,4.99
239276354,116,95,9518,104282343,28202,2012-04-28,1,CT,1,2.99
239276354,116,27,2705,105000050,6775,2012-04-29,5.5,OZ,3,2.01
239276354,116,29,2923,104100040,9814,2012-04-30,4.5,OZ,1,2.09
239276354,116,2,202,1075480777,610,2012-05-02,17.5,OZ,1,2.25
239276354,116,99,9909,103260131,5489,2012-05-03,5,OZ,1,3.99
239276354,116,11,1114,107027272,5613,2012-05-03,15,OZ,2,7.98
239276354,116,9,920,104400040,15335,2012-05-04,9.5,OZ,1,4.19
239276354,116,36,3614,107184575,3779,2012-05-05,12,OZ,1,1.79
239276354,116,26,2606,105543757,11482,2012-05-05,100,CT,1,5.99
239276354,116,63,6320,1071514171,25530,2012-05-05,12,CT,7,27.83
239276354,116,21,2106,107062575,29352,2012-05-06,64,OZ,1,2.5
239276354,116,9,901,103010030,9530,2012-05-06,12.5,OZ,2,7.98
239276354,116,41,4105,106414464,70939,2012-05-07,10,OZ,1,1.95
239276354,116,8,818,107062575,23583,2012-05-14,25,OZ,1,3.19
239276354,116,11,1113,104345444,10440,2012-05-14,12,OZ,1,4.49
239276354,116,51,5199,107460878,75168,2012-05-15,7,LB,1,2.49
239276354,116,37,3703,105100050,2820,2012-05-17,10.5,OZ,5,9.95
239276354,116,33,3308,102840020,3336,2012-05-20,9.75,OZ,1,3.49
239276354,116,37,3707,1075480777,610,2012-05-20,49.5,OZ,2,6.38
239276354,116,55,5559,107756777,14286,2012-05-23,33,OZ,1,5.99
239276354,116,56,5620,1075480777,610,2012-05-24,8,OZ,2,6.98
239276354,116,26,2619,101258717,7245,2012-05-24,45,CT,1,9.49
239276354,116,70,7005,1087678585,16388,2012-05-26,24,OZ,1,5.99
239276354,116,55,5560,104154848,5603,2012-05-27,16.1,OZ,1,5.49
239276354,116,29,2928,104100040,9814,2012-05-29,5.7,OZ,1,2.09
239276354,116,8,818,1087604585,11167,2012-05-29,24,OZ,2,16.98
239276354,116,30,3008,104133545,43106,2012-05-30,24,OZ,1,5.49
239276354,116,7,709,109955595,7661,2012-05-31,3.9,OZ,1,8.99
239276354,116,99,9904,103338333,33170,2012-05-31,16,OZ,5,24.95
239276354,116,30,3010,104133545,43106,2012-06-03,9,OZ,1,2.59
239276354,116,41,4108,104119646,14582,2012-06-03,19,OZ,1,1.39
239276354,116,63,6315,1075480777,610,2012-06-05,32,OZ,1,1.02
239276354,116,81,8101,102820020,11186,2012-06-05,1,CT,5,31.15
239276354,116,56,5604,1076165777,58026,2012-06-06,4,OZ,1,4.99
239276354,116,28,2806,10930090,12157,2012-06-07,24,OZ,1,3.99
239276354,116,79,7903,108995585,27735,2012-06-09,1,CT,1,3.99
239276354,116,26,2615,103600030,9878,2012-06-11,18,CT,1,4.99
239276354,116,26,2633,105400050,16048,2012-06-12,1,RL,3,3.75
239276354,116,58,5823,103150636,4946,2012-06-13,7,OZ,1,4.99
239276354,116,58,5812,107495676,8144,2012-06-13,12,OZ,2,9.98
239276354,116,9,912,104812141,18322,2012-06-17,20,OZ,1,4.69
239276354,116,4,418,103400030,12022,2012-06-19,4.8,OZ,1,1.89
239276354,116,99,9908,103338333,33170,2012-06-19,16,OZ,6,14.94
239276354,116,43,4302,107027272,15085,2012-06-22,6.5,OZ,1,3.49
239276354,116,56,5615,102100020,4218,2012-06-25,8,OZ,1,3.99
239276354,116,26,2633,105400050,16048,2012-06-26,20,RL,1,18.99
239276354,116,9,902,102410020,44209,2012-06-27,13.7,OZ,1,4.79
239276354,116,99,9909,1075480777,610,2012-06-29,7,OZ,1,4.49
239276354,116,26,2619,101258717,7245,2012-07-01,45,CT,1,9.49
239276354,116,56,5614,1075480777,610,2012-07-01,12,OZ,1,4.49
239276354,116,9,912,1075480777,610,2012-07-02,13,OZ,1,1
239276354,116,97,9707,102570020,20361,2012-07-03,2,CT,1,3.99
239276354,116,41,4107,1075480777,610,2012-07-03,27,OZ,1,1.55
239276354,116,10,1004,104300040,26232,2012-07-04,1.4,OZ,2,2.9
239276354,116,34,3405,101111111,5168,2012-07-07,16,OZ,1,6.99
239276354,116,55,5552,107064070,2014,2012-07-07,56,OZ,1,4.99
239276354,116,58,5824,103150636,4946,2012-07-07,16,OZ,1,5.49
239276354,116,21,2119,108390080,12546,2012-07-07,20,OZ,1,1.59
239276354,116,71,7113,108087888,13505,2012-07-08,12.6,OZ,1,4.69
239276354,116,56,5611,104400040,5518,2012-07-09,8,OZ,1,5.49
239276354,116,9,903,1075480777,610,2012-07-10,8,OZ,2,4.78
239276354,116,63,6313,107020070,11244,2012-07-12,15.5,OZ,1,3.99
239276354,116,1,106,1085269787,93766,2012-07-15,4.22,OZ,2,3.38
239276354,116,63,6328,103760030,63690,2012-07-17,24,OZ,1,4.99
239276354,116,21,2106,1075480777,610,2012-07-17,64,OZ,1,3.29
239276354,116,43,4302,1075480777,610,2012-07-19,8,OZ,5,12.45
239276354,116,4,418,103400030,22785,2012-07-20,4.25,OZ,1,1.89
239276354,116,63,6305,104850040,18799,2012-07-22,32,OZ,3,10.47
239276354,116,33,3305,101583919,7001,2012-07-22,8.1,OZ,1,3.79
239276354,116,58,5826,107187171,13310,2012-07-24,12,OZ,1,3.49
239276354,116,8,830,104123444,11382,2012-07-25,8.4,OZ,1,4.99
239276354,116,8,830,107461575,65031,2012-07-27,7,OZ,1,2.99
239276354,116,75,7501,101910010,9158,2012-07-30,2,OZ,1,2.99
239276354,116,36,3604,107252171,19411,2012-08-01,33.8,OZ,7,7
239276354,116,63,6320,1075480777,610,2012-08-02,12,CT,2,5.18
239276354,116,51,5123,102000020,30792,2012-08-05,24,OZ,4,37.96
239276354,116,57,5707,103663232,4568,2012-08-06,17.6,OZ,2,5.98
239276354,116,96,9609,1051800050,88199,2012-08-07,0,,1,-0.5
239276354,116,9,903,1075480777,610,2012-08-07,24,OZ,1,2.39
239276354,116,51,5117,104131040,23808,2012-08-11,6.5,OZ,1,1
239276354,116,15,1506,103120030,12957,2012-08-11,5,OZ,2,5
239276354,116,33,3305,102840020,18584,2012-08-16,13,OZ,2,7.98
239276354,116,8,826,107550070,18204,2012-08-16,12,OZ,1,2.25
239276354,116,5,501,1088491282,86364,2012-08-17,16,OZ,1,4.79
239276354,116,9,970,103800030,62065,2012-08-18,14,OZ,1,2.89
239276354,116,55,5559,1074349070,4926,2012-08-18,10.5,OZ,1,4.99
239276354,116,9,902,103800030,17050,2012-08-19,4,OZ,1,4.29
239276354,116,56,5699,104175747,10216,2012-08-20,7.5,OZ,1,5.49
239276354,116,81,8115,1083146282,60967,2012-08-21,1,CT,2,6.58
239276354,116,45,4517,107350474,27039,2012-08-21,32,OZ,1,9.99
239276354,116,5,501,103000030,99506,2012-08-23,14.5,OZ,1,4.69
239276354,116,17,1706,101980010,19934,2012-08-24,32,OZ,0,0
239276354,116,41,4105,102400020,4704,2012-08-24,14.5,OZ,4,7.16
239276354,116,9,902,102410020,44209,2012-08-25,13.7,OZ,1,4.79
239276354,116,26,2629,103770030,3447,2012-08-25,36,CT,4,9.8
239276354,116,7,708,104195343,10231,2012-08-25,8,OZ,1,7.49
239276354,116,54,5403,102580020,16668,2012-08-26,8,OZ,1,4.49
239276354,116,99,9909,1075480777,610,2012-08-28,7,OZ,2,5.98
239276354,116,60,6001,1075480777,610,2012-08-30,16,OZ,1,3.19
239276354,116,97,9799,1074342575,365,2012-08-31,1,CT,2,5.98
239276354,116,4,416,104000040,18946,2012-09-01,1.79,OZ,1,1.49
239276354,116,44,4404,1075480777,610,2012-09-02,11.25,OZ,1,3.09
239276354,116,8,838,107253070,13753,2012-09-04,5,OZ,1,1.55
239276354,116,97,9753,1023661727,0,2012-09-06,1,CT,1,3.99
239276354,116,36,3611,107572070,14196,2012-09-06,101.4,OZ,1,1.59
239276354,116,36,3625,104900040,3809,2012-09-07,144,OZ,1,5.89
239276354,116,63,6312,102073525,18893,2012-09-07,128,OZ,1,3.59
239276354,116,7,707,101114111,25747,2012-09-07,33,OZ,3,50.97
239276354,116,99,9908,103338333,33170,2012-09-09,14,OZ,1,3.99
239276354,116,58,5824,103077131,343,2012-09-10,12,OZ,4,23.96
239276354,116,99,9908,105783656,17665,2012-09-12,12,OZ,1,3.99
239276354,116,99,9909,107127979,6732,2012-09-14,12,OZ,1,3.59
239276354,116,10,1010,105150050,16728,2012-09-15,7.25,OZ,1,2.95
239276354,116,26,2628,103700030,2248,2012-09-15,1,RL,2,4.74
239276354,116,55,5557,107756777,11005,2012-09-15,3.38,OZ,1,1.99
239276354,116,41,4120,107079676,3198,2012-09-15,6,OZ,1,0.63
239276354,116,74,7409,1084344585,3710,2012-09-15,3,CT,1,8.99
239276354,116,27,2702,107910070,33128,2012-09-15,4,LB,1,6.49
239276354,116,5,519,103000030,14760,2012-09-16,11.9,OZ,3,13.47
239276354,116,32,3204,1085068787,71402,2012-09-18,16.9,OZ,1,9.99
239276354,116,35,3504,103500030,13470,2012-09-19,20,OZ,1,3.59
239276354,116,57,5704,104667545,20216,2012-09-20,6,OZ,1,1.15
239276354,116,20,2002,105100050,27873,2012-09-22,46,OZ,1,2.99
239276354,116,31,3111,1075480777,610,2012-09-23,72,OZ,1,2.79
239276354,116,36,3634,105200050,14597,2012-09-23,101.4,OZ,1,5.49
239276354,116,58,5812,1063690666,12339,2012-09-25,14,OZ,1,5.99
239276354,116,57,5704,105215959,41981,2012-09-27,32,OZ,1,4.49
239276354,116,4,416,103400030,8247,2012-09-27,3.6,OZ,3,5.67
239276354,116,9,916,107012979,4875,2012-09-28,5,OZ,3,8.97
239276354,116,9,907,1062855363,25002,2012-09-28,13.8,OZ,3,8.37
239276354,116,17,1708,104173747,68024,2012-09-28,1.7,OZ,3,5.97
239276354,116,33,3325,102840020,21452,2012-09-29,20,OZ,1,7.99
239276354,116,4,416,103400030,2689,2012-09-29,3.5,OZ,6,11.34
239276354,116,11,1102,101360010,18845,2012-09-30,280,CT,1,10.99
239276354,116,97,9753,1085215888,0,2012-09-30,1,CT,2,3.98
239276354,116,69,6901,102260020,912,2012-09-30,6,OZ,2,9.98
239276354,116,21,2119,1061300868,867,2012-10-01,128,OZ,2,8.38
239276354,116,21,2118,108079383,6926,2012-10-01,16.9,OZ,2,2.5
239276354,116,5,501,1088491282,14900,2012-10-01,25,OZ,1,4.99
239276354,116,36,3636,1075480777,610,2012-10-03,169,OZ,1,1.99
239276354,116,41,4105,1075480777,610,2012-10-03,28,OZ,1,2.09
239276354,116,79,7903,109256797,27869,2012-10-05,1,CT,2,7.98
239276354,116,71,7113,1060308464,7034,2012-10-05,25.4,OZ,1,6.99
239276354,116,58,5827,103760030,8501,2012-10-06,16,OZ,3,17.97
239276354,116,21,2119,104300040,4186,2012-10-06,67.6,OZ,2,3.78
239276354,116,3,310,101754616,23923,2012-10-08,6,OZ,1,5.49
239276354,116,36,3612,108265787,4687,2012-10-09,320,OZ,2,8.98
239276354,116,31,3101,101629111,26667,2012-10-18,0.01,OZ,1,16.49
239276354,116,29,2928,105480050,19039,2012-10-19,8.8,OZ,1,2.59
239276354,116,82,8201,1075480777,610,2012-10-20,1,CT,2,15.98
239276354,116,9,922,1071648878,98489,2012-10-21,11.7,OZ,3,14.97
239276354,116,35,3507,103700030,3068,2012-10-24,8.45,OZ,2,9.38
239276354,116,9,902,102410020,44209,2012-10-26,13.7,OZ,1,4.79
239276354,116,19,1905,104180040,19713,2012-10-27,18,OZ,1,2.59
239276354,116,36,3601,104900040,3809,2012-10-27,20,OZ,3,4.77
239276354,116,1,106,101500010,29555,2012-10-28,1.48,OZ,1,2.45
239276354,116,10,1012,102700020,23332,2012-10-28,13,OZ,1,1.99
239276354,116,4,412,101070010,9275,2012-10-29,7,OZ,1,1.99
239276354,116,36,3601,104900040,3809,2012-10-29,101.4,OZ,1,3.99
239276354,116,33,3315,102900020,14112,2012-11-01,9.25,OZ,1,7.99
239276354,116,63,6305,104850040,18799,2012-11-02,89,OZ,2,9.98
239276354,116,33,3318,104141949,3909,2012-11-02,7,OZ,1,1.99
239276354,116,9,901,104400040,85927,2012-11-03,8.8,OZ,2,7.98
239276354,116,56,5613,103114232,25202,2012-11-04,8,OZ,2,9.58
239276354,116,40,4005,107073474,25373,2012-11-04,1.7,OZ,1,3.79
239276354,116,79,7903,108995585,7300,2012-11-05,1,CT,1,3.99
239276354,116,31,3101,105210050,11382,2012-11-05,1.25,OZ,1,14.49
239276354,116,97,9732,102844424,4268,2012-11-08,1,CT,1,2.99
239276354,116,9,901,102750020,837,2012-11-11,6,OZ,1,3.69
239276354,116,57,5705,107047070,20230,2012-11-13,4,OZ,2,2
239276354,116,41,4108,107571777,15284,2012-11-13,15,OZ,3,3
239276354,116,9,908,1088552383,26237,2012-11-21,40,OZ,3,20.97
239276354,116,63,6323,107047272,10314,2012-11-23,64,OZ,3,6.96
239276354,116,16,1604,107339070,11515,2012-11-23,45,CT,1,3.39
239276354,116,9,918,101410010,13791,2012-11-26,7.2,OZ,1,3.49
239276354,116,72,7205,103700030,4294,2012-11-26,6.4,OZ,1,2.15
239276354,116,8,826,101121010,17930,2012-11-28,2,OZ,1,1.95
239276354,116,63,6305,104850040,18799,2012-11-28,89,OZ,2,9.98
239276354,116,18,1841,103700030,17864,2012-12-01,10,CT,1,9.99
239276354,116,2,201,1075480777,610,2012-12-04,16,OZ,1,2.39
239276354,116,79,7901,107244070,25222,2012-12-04,1,CT,1,3.99
239276354,116,8,802,101300010,8164,2012-12-05,12,OZ,3,8.07
239276354,116,35,3509,1075480777,610,2012-12-05,50,OZ,1,3.19
239276354,116,55,5557,107756777,11005,2012-12-08,10.14,OZ,1,5.49
239276354,116,63,6315,1075480777,610,2012-12-08,32,OZ,2,2.28
239276354,116,5,501,101600010,3331,2012-12-10,11.3,OZ,1,4.69
239276354,116,36,3632,107800070,17635,2012-12-13,67.6,OZ,1,1.89
239276354,116,63,6311,108259282,12297,2012-12-13,15.2,OZ,1,2.5
239276354,116,4,416,101070010,56124,2012-12-14,1.85,OZ,2,2
239276354,116,37,3704,1075480777,610,2012-12-16,3.4,OZ,2,4.38
239276354,116,26,2634,103600030,4139,2012-12-16,24,RL,2,43.98
239276354,116,63,6315,107999777,15502,2012-12-16,64,OZ,4,9.4
239276354,116,63,6314,107342070,4529,2012-12-17,16,OZ,2,5.98
239276354,116,33,3318,107797575,27417,2012-12-20,16,OZ,1,3.29
239276354,116,11,1112,102898929,26666,2012-12-21,5.25,OZ,1,5.49
239276354,116,58,5827,107080070,16704,2012-12-24,16,OZ,2,9.98
239276354,116,8,837,107241272,8376,2012-12-27,16,OZ,2,6.58
239276354,116,21,2112,103120030,12957,2012-12-28,64,OZ,1,4.69
239276354,116,97,9753,1023180424,0,2012-12-30,1,CT,1,9.17
239276354,116,56,5609,107253070,13753,2013-01-01,24,OZ,1,4.99
239276354,116,33,3303,102840020,10241,2013-01-02,8.5,OZ,1,3.49
239276354,116,9,902,104400040,18775,2013-01-02,9,OZ,3,12.87
239276354,116,9,920,107641070,10160,2013-01-02,10,OZ,1,3.69
239276354,116,8,814,102840020,18584,2013-01-03,15.5,OZ,1,3.29
239276354,116,4,416,104000040,18946,2013-01-03,1.79,OZ,2,2.98
239276354,116,10,1010,1075480777,610,2013-01-11,22,OZ,1,2.29
239276354,116,59,5902,1075480777,610,2013-01-11,16,OZ,1,3.49
239276354,116,99,9908,103338333,33170,2013-01-14,80,OZ,2,8.98
239276354,116,9,902,104400040,12279,2013-01-16,16,OZ,1,3.59
239276354,116,27,2713,101901414,8664,2013-01-17,13.2,OZ,2,3.18
239276354,116,3,309,104300040,1292,2013-01-19,7,OZ,1,2.39
239276354,116,69,6901,101204414,13056,2013-01-21,3.25,OZ,2,6.98
239276354,116,33,3303,102840020,10241,2013-01-21,10.5,OZ,1,4.29
239276354,116,8,809,105100050,2820,2013-01-23,10.5,OZ,2,3.3
239276354,116,53,5305,1075480777,610,2013-01-24,10,OZ,4,5.16
239276354,116,5,501,103000030,45635,2013-01-24,13,OZ,5,13.45
239276354,116,40,4005,107073474,25373,2013-01-25,1.2,OZ,1,4.29
239276354,116,5,516,1075480777,610,2013-01-25,8.4,OZ,1,2.79
239276354,116,16,1604,102200020,5558,2013-01-26,60,CT,1,3.59
239276354,116,34,3410,1081793989,11556,2013-01-26,12,OZ,1,3.99
239276354,116,53,5329,1061012969,19270,2013-01-27,10,OZ,1,4.99
239276354,116,4,416,103400030,2689,2013-01-27,3.5,OZ,1,1.89
239276354,116,23,2301,107680878,1393,2013-01-28,14.5,OZ,2,4.9
239276354,116,15,1504,104114343,17593,2013-01-31,7,OZ,1,2.99
239276354,116,36,3626,104900040,17186,2013-02-02,144,OZ,7,41.23
239276354,116,95,9518,106700868,25075,2013-02-04,1,CT,2,7.58
239276354,116,31,3111,101411313,23033,2013-02-05,3.5,OZ,1,3.99
239276354,116,18,1827,103700030,6236,2013-02-08,9.7,OZ,1,4.19
239276354,116,4,418,103400030,8247,2013-02-11,40,OZ,1,11.49
239276354,116,1,106,101500010,7142,2013-02-12,5,OZ,1,1.19
239276354,116,4,410,1063168868,56072,2013-02-13,7,OZ,2,8.98
239276354,116,8,818,103620030,14868,2013-02-14,24,OZ,1,2.49
239276354,116,57,5706,1075480777,610,2013-02-15,6,OZ,3,2.61
239276354,116,36,3618,104900040,23359,2013-02-16,60,OZ,1,3.39
239276354,116,9,907,107518575,11221,2013-02-17,18,OZ,1,3.69
239276354,116,31,3101,105210050,11382,2013-02-18,0.9,OZ,1,5.99
239276354,116,9,916,104588545,27819,2013-02-19,2.8,OZ,1,2.99
239276354,116,9,912,104812141,18322,2013-02-19,20,OZ,1,4.69
239276354,116,99,9908,103338333,33170,2013-02-19,80,OZ,1,3.99
239276354,116,51,5125,102580020,16668,2013-02-19,9,OZ,1,3.49
239276354,116,5,501,103800030,4089,2013-02-21,17.2,OZ,2,10.98
239276354,116,12,1205,108660080,2559,2013-02-23,5,OZ,2,2.78
239276354,116,9,902,103010030,3744,2013-02-24,14,OZ,1,4.49
239276354,116,25,2509,107045272,6176,2013-02-26,32,OZ,1,2.89
239276354,116,31,3101,101629111,26667,2013-02-26,2,OZ,1,6.49
239276354,116,57,5705,107047070,20230,2013-02-28,4,OZ,1,0.8
239276354,116,99,9904,103338333,33170,2013-03-01,32,OZ,3,15.95
239276354,116,36,3611,106827464,30855,2013-03-03,192,OZ,1,5.99
239276354,116,34,3410,107278575,51934,2013-03-04,8,OZ,1,2.49
239276354,116,39,3903,1072297474,21429,2013-03-06,8,OZ,1,5.49
239276354,116,29,2925,107107272,19376,2013-03-13,10,OZ,1,1.85
239276354,116,97,9799,1071441575,5991,2013-03-14,1,CT,1,3.29
239276354,116,56,5616,102100020,9886,2013-03-14,7,OZ,1,3.49
239276354,116,27,2709,105849656,29292,2013-03-15,3,OZ,1,2.09
239276354,116,9,902,104400040,15335,2013-03-16,15.1,OZ,1,4.19
239276354,116,9,902,104400040,19783,2013-03-18,8.1,OZ,1,3.99
239276354,116,14,1404,1081216181,72119,2013-03-19,3.17,OZ,1,1.25
239276354,116,5,501,102190828,3073,2013-03-20,13,OZ,1,4.49
239276354,116,63,6320,108741181,60637,2013-03-21,12,CT,2,6.78
239276354,116,4,421,1075480777,610,2013-03-22,10,OZ,3,3
239276354,116,99,9908,103260131,5489,2013-03-23,16,OZ,3,5.97
239276354,116,33,3320,107299272,11317,2013-03-23,6,OZ,2,19.98
239276354,116,9,914,107246575,33343,2013-03-24,15,OZ,1,3.59
239276354,116,31,3111,105210050,11382,2013-03-24,4.12,OZ,1,3.49
239276354,116,22,2201,104460040,3718,2013-03-27,64,OZ,1,2.85
239276354,116,33,3319,102840020,18584,2013-03-29,9,OZ,2,7.98
239276354,116,4,418,102800020,2631,2013-03-29,10,OZ,2,8.98
239276354,116,58,5828,103100030,1358,2013-03-31,6.4,OZ,1,1.99
239276354,116,33,3318,104178040,19154,2013-04-03,16,OZ,1,3.49
239276354,116,58,5831,107274575,13804,2013-04-03,16,OZ,2,7.98
239276354,116,59,5902,103450030,10165,2013-04-05,16,OZ,1,5.49
239276354,116,58,5812,105450050,1322,2013-04-05,16,OZ,3,15.97
239276354,116,9,901,103010030,15828,2013-04-06,4.44,OZ,1,3.69
239276354,116,4,411,102200020,10421,2013-04-08,4.2,OZ,1,1.99
239276354,116,31,3108,1075480777,610,2013-04-08,26,OZ,1,0.79
239276354,116,71,7113,108087888,13505,2013-04-09,12.6,OZ,2,9.38
239276354,116,63,6323,1085225181,8247,2013-04-10,12,OZ,1,1.59
239276354,116,3,310,103432535,23441,2013-04-11,2.5,OZ,2,11.98
239276354,116,6,610,1061126969,15041,2013-04-11,8.4,OZ,1,2.19
239276354,116,9,907,1075480777,610,2013-04-12,12,OZ,1,1.69
239276354,116,8,805,105160050,10267,2013-04-13,10,OZ,1,3.99
239276354,116,53,5307,101450010,20864,2013-04-14,11,OZ,1,3.19
239276354,116,33,3308,102840020,3336,2013-04-15,9.5,OZ,2,6.98
239276354,116,33,3315,1075480777,610,2013-04-16,16,OZ,1,6.99
239284198,116,20,2002,105100050,27873,2012-08-04,46,OZ,2,7.58
239284198,116,9,902,104400040,12279,2013-04-16,16,OZ,1,4.09
239374316,108,63,6305,104850040,18799,2013-05-24,89,OZ,3,17.97
239727496,116,21,2121,104558747,10702,2013-03-22,33.8,OZ,1,4.79
239822231,106,69,6904,1080882989,10794,2012-11-02,10,OZ,2,2
239863321,108,63,6320,1075480777,610,2012-07-27,18,CT,2,8.18
239863321,108,63,6315,1075480777,610,2012-08-30,128,OZ,2,7.38
240190807,108,56,5613,107104070,76668,2012-10-08,16,OZ,1,6.49
240192052,108,16,1604,101254616,18738,2012-03-16,18,CT,2,2.9
240249691,108,57,5704,105360050,10074,2012-03-17,6,OZ,8,7.44
240249691,108,27,2704,1075480777,610,2012-03-30,26,OZ,1,2.95
240249691,108,82,8201,103760030,8501,2012-06-09,28,OZ,1,17.99
240249691,108,57,5710,103663232,4568,2013-02-07,5.3,OZ,10,14.5
240267954,108,26,2608,1075480777,610,2012-10-28,24,CT,1,1.39
240276548,108,55,5556,104154848,5603,2012-09-20,48,OZ,2,12.98
240276548,108,49,4901,101312010,26885,2012-12-26,28,OZ,2,9.98
240276548,108,63,6305,104850040,18799,2013-02-26,59,OZ,1,3.99
240394156,106,57,5710,1068954464,6086,2012-07-14,5.3,OZ,20,35.8
240395250,106,6,610,101200010,635,2012-05-24,16,OZ,1,2.19
240395250,106,63,6315,107045272,6176,2013-02-28,32,OZ,2,5.7
240487456,106,97,9753,103338333,0,2012-11-04,1,CT,1,5.99
240487456,106,99,9908,103338333,33170,2013-02-17,4,OZ,1,2.49
240540015,108,63,6315,1075480777,610,2012-03-07,128,OZ,1,3.29
240592525,108,9,912,101410010,13791,2012-04-01,21,OZ,1,4.49
240592525,108,55,5552,107756777,2347,2012-12-03,48,OZ,2,11.98
240592525,108,9,902,104400040,15335,2013-01-22,15.1,OZ,1,4.69
240609383,108,96,9609,1057618353,88199,2012-06-16,0,,1,-1
240609383,108,57,5704,103000030,12172,2012-09-03,5.3,OZ,1,0.99
240609383,108,18,1828,106233868,319,2012-10-26,1.34,OZ,1,7.99
240624671,108,5,518,103800030,15251,2012-03-10,6.2,OZ,1,3.29
240624671,108,4,427,10980090,18366,2012-07-25,1,OZ,10,12.9
240636400,313,59,5902,102100020,2321,2012-09-02,8,OZ,1,4.49
240761067,106,99,9904,1071575676,5278,2012-04-21,16,OZ,1,2.99
240764610,108,54,5402,103800030,5618,2013-01-30,12.7,OZ,1,3.69
240859036,116,9,907,107341070,888,2013-05-27,16,OZ,4,14.76
240859036,116,99,9908,107878373,26033,2013-05-28,16,OZ,1,2.49
240859036,116,8,818,105100050,14403,2013-05-31,45,OZ,1,4.69
240859036,116,57,5710,103663232,4568,2013-06-01,5.3,OZ,4,6.76
240859036,116,26,2610,1075480777,610,2013-06-02,100,CT,1,1.19
240859036,116,17,1726,101920010,10882,2013-06-02,35,CT,2,8.38
240876862,108,63,6320,1075480777,610,2013-04-14,18,CT,1,3.39
240890662,108,56,5616,104610040,15889,2012-07-25,6.84,OZ,1,3.99
240890662,108,27,2710,103270030,7966,2012-11-27,10,LB,1,2.49
240904195,108,26,2609,1075480777,610,2012-06-23,45,CT,1,2.49
240904195,108,63,6315,1075480777,610,2012-10-20,32,OZ,1,1.17
240921939,106,46,4606,107120272,5072,2013-03-15,12,OZ,2,11.98
240971351,108,9,907,107341070,888,2012-04-03,12,OZ,1,3.99
241114564,116,23,2301,107680878,1393,2012-04-29,16,OZ,3,4.77
241114564,116,63,6399,101233414,60193,2012-12-09,32,OZ,1,1.89
241130758,108,34,3499,1072297474,11177,2012-08-24,1,CT,1,3.69
241130758,108,8,836,1075480777,610,2013-04-18,128,OZ,1,2.15
241132841,108,27,2705,105000050,6775,2012-11-10,5.5,OZ,1,1
241132841,108,35,3504,1073291373,23643,2013-03-14,25,OZ,1,3.79
241142770,108,31,3101,105210050,11382,2012-09-18,2.12,OZ,1,3.59
241171225,313,51,5125,101380010,10271,2012-08-04,9.38,OZ,2,9.98
241220269,106,23,2301,103340030,15802,2012-10-25,16,OZ,1,1.67
241228105,106,96,9609,1057064050,88199,2012-03-18,0,,1,-1
241228105,106,56,5620,104610040,15889,2012-11-05,8,OZ,1,4.49
241250265,108,26,2628,103700030,2248,2012-03-20,1,RL,2,4.98
241250265,108,41,4105,102700020,8612,2012-06-12,14.5,OZ,2,3.18
241274667,108,40,4005,103291737,27804,2013-01-03,1.13,OZ,1,5.49
241349651,108,36,3611,107572070,14196,2012-03-19,405.6,OZ,1,6.49
241391885,108,99,9908,103338333,33170,2012-08-17,16,OZ,1,1.99
241391885,108,26,2629,1075480777,610,2012-10-13,100,CT,1,2.19
241401983,108,73,7312,1030006535,375,2012-07-31,0.33,OZ,1,7.49
241401983,108,99,9908,103338333,33170,2012-08-26,24,OZ,1,3.99
241401983,108,63,6315,107060070,29609,2012-11-26,128,OZ,1,4.09
241401983,108,63,6333,107205070,5987,2013-01-04,32,OZ,1,3.69
241415010,116,26,2614,103700030,514,2012-09-10,28,CT,1,6.49
241442090,116,8,809,1075480777,610,2012-04-20,10.5,OZ,1,1.19
241458745,20,21,2108,101480010,12021,2012-09-23,64,OZ,2,3.98
241569675,17,9,901,103010030,6852,2012-04-13,11.5,OZ,1,1.79
241592546,95,30,3002,104800141,1707,2012-04-02,22,OZ,1,0.99
241592546,95,14,1416,102113020,15704,2012-05-21,15,OZ,3,2.37
241592546,95,37,3709,107066272,12673,2012-05-21,18,OZ,1,1.25
241592546,95,63,6311,102500020,11749,2012-10-03,59,OZ,1,3.79
241592546,95,14,1416,102113020,15704,2013-02-28,14.5,OZ,2,1.98
241592546,95,21,2106,103120030,12957,2013-06-14,101.4,OZ,1,4.99
241620981,108,27,2710,103320030,875,2012-12-26,40,LB,1,15.99
241662230,360,5,504,105200050,7054,2012-08-28,6,CT,2,2.98
241665886,100,99,9908,101833717,26028,2012-06-24,12,OZ,1,3.29
241665886,100,9,902,101410010,45039,2012-06-24,8,OZ,1,1.67
241665886,100,63,6324,107228777,2425,2012-10-21,16,OZ,2,11.98
241665886,100,2,201,1064420969,5345,2012-12-01,16.5,OZ,1,1.5
241665886,100,9,907,104114444,182,2013-01-05,13,OZ,1,2.99
241665886,100,9,907,107130575,11013,2013-02-02,18,OZ,1,3.79
241665886,100,36,3611,106827464,30855,2013-02-17,405.6,OZ,2,8
241671468,88,99,9909,102113020,16397,2013-06-12,12.25,OZ,1,5.49
241679885,20,34,3410,101700010,4912,2013-03-08,7.5,OZ,2,-9.99
241679885,20,5,501,103800030,758,2013-04-05,12.2,OZ,3,6
241679885,20,9,917,107373171,11786,2013-04-15,28,OZ,1,2.99
241679885,20,51,5124,107100777,5656,2013-05-04,32,OZ,2,7.18
241716006,106,9,902,104400040,8463,2012-12-17,14.4,OZ,1,5.49
241761510,21,99,9909,107774575,14997,2013-04-07,16,OZ,1,1.79
241775362,21,60,6011,101800010,14029,2012-12-16,16.3,OZ,2,3.8
241775362,21,36,3632,107800070,2829,2013-01-18,67.6,OZ,1,1.39
241819456,96,63,6316,102100020,2321,2012-08-26,16,OZ,1,1.5
241819456,96,55,5552,107756777,2347,2012-10-25,48,OZ,1,5.99
241838398,2,36,3604,101111010,9907,2012-11-13,33.8,OZ,1,0.79
241843458,108,21,2103,103120030,12957,2012-04-15,64,OZ,1,3.49
241843458,108,63,6332,104850040,61745,2012-10-08,59,OZ,1,4.49
241843458,108,73,7304,1036382434,12163,2013-01-11,14,CT,1,14.99
241870579,40,28,2805,105380050,10487,2012-09-01,6,OZ,1,2.29
241915779,21,63,6321,104082242,15667,2012-07-02,17,OZ,1,4.99
241917653,96,4,416,101070010,8131,2012-08-24,1.4,OZ,1,0.69
241917653,96,95,9518,104282343,28202,2012-09-16,1,CT,1,2.99
241945970,21,63,6305,104850040,18799,2012-03-05,89,OZ,1,5.49
241945970,21,9,970,103800030,62065,2012-08-06,14.7,OZ,1,2.69
241950463,2,41,4107,101111010,14907,2012-07-03,8.25,OZ,1,0.69
241987595,151,56,5615,101111010,9907,2012-04-25,8,OZ,2,5.98
241987595,151,63,6315,101111010,9907,2012-12-23,128,OZ,1,3.49
241987595,151,58,5833,101111010,9907,2013-04-18,16,OZ,2,8.92
241998111,151,63,6319,108390080,7368,2013-03-07,59,OZ,1,2.29
242040798,140,9,907,104500040,20016,2012-03-03,20,OZ,2,7.38
242040798,140,73,7326,101650010,6484,2012-07-15,60,CT,1,6.34
242040798,140,33,3312,103700030,14494,2012-08-29,6.41,OZ,1,1.67
242040798,140,41,4107,103710030,10383,2012-11-20,15,OZ,2,2
242098276,2,18,1829,107600171,5977,2012-08-10,1,CT,4,4.28
242098276,2,56,5620,101111010,14907,2012-11-04,32,OZ,1,7.49
242098276,2,27,2713,101780010,30972,2013-03-07,10,OZ,2,3.58
242105816,65,73,7302,107468474,7490,2012-08-01,16,CT,1,1.74
242105816,65,8,801,102700020,8612,2013-02-14,24,OZ,1,1.25
242108148,83,51,5125,101380010,10271,2012-09-29,9.13,OZ,1,2.18
242118606,2,0,0,10000,0,2013-03-17,0,,2,0
242135928,21,23,2310,1078503070,27236,2013-02-13,8,OZ,2,9.98
242170258,83,9,922,104500040,8511,2012-05-03,15,OZ,1,2.5
242196123,2,57,5705,107047070,20230,2012-09-28,12,OZ,1,2.49
242206462,26,4,418,103400030,8247,2012-06-02,9.3,OZ,1,3.49
242206462,26,34,3499,102429121,7890,2013-02-24,1,CT,1,1
242212769,165,63,6315,107203676,7953,2012-05-07,128,OZ,1,3.99
242212769,165,53,5307,101450010,20864,2012-09-04,19,OZ,1,2.69
242212769,165,63,6305,102500020,16489,2012-11-05,89,OZ,1,5.99
242212769,165,5,501,101862717,9496,2012-11-09,14,OZ,1,2.99
242212769,165,97,9753,10555,0,2013-04-23,0.9,OZ,1,0
242212769,165,11,1111,1075365676,18312,2013-06-09,2.1,OZ,8,13.34
242229310,2,27,2709,102310020,18139,2012-12-22,3.45,OZ,1,1.49
242236477,126,64,6408,101834111,1387,2012-08-07,0.75,LT,1,5
242236477,126,34,3410,107385272,14709,2012-11-13,8,OZ,1,2.79
242236477,126,18,1850,102120020,16044,2013-02-17,3,CT,1,3.79
242237638,101,33,3305,102840020,5141,2013-03-21,10.5,OZ,1,3.5
242237638,101,26,2628,105400050,16048,2013-06-09,15,RL,1,12.99
