713374147,12,26,2619,101370010,8154,2012-04-28,16,CT,1,5.09
713374147,12,41,4110,103940030,71386,2012-07-06,22,OZ,2,3.33
713374147,12,25,2506,105000050,32115,2012-07-06,32,OZ,1,3.19
713374147,12,4,418,103400030,15449,2012-12-19,12,OZ,1,3.54
713375848,151,96,9609,1051380050,88199,2012-11-09,0,,1,-1
713375848,151,51,5126,102113121,11151,2013-01-26,14,OZ,2,3.76
713375848,151,51,5126,102113121,11151,2013-03-12,14,OZ,5,9.95
713376432,143,63,6313,101111010,9907,2012-12-15,16,OZ,1,1
713376432,143,36,3638,106827464,30855,2012-12-17,101.4,OZ,1,2.89
713376432,143,24,2403,101111010,9907,2012-12-20,12.5,OZ,2,5.58
713376432,143,30,3008,101111010,9907,2013-05-04,16,OZ,1,1.5
713376432,143,58,5833,101111010,9907,2013-06-20,16,OZ,2,6.67
713377629,26,65,6501,107891373,66738,2012-12-20,6,OZ,1,2.39
713379267,89,0,0,10000,0,2012-05-31,0,,1,0
713379267,89,8,822,104600040,13023,2013-05-23,10,OZ,2,3.58
713381803,26,72,7205,1031015838,16196,2012-05-16,4,OZ,1,4.39
713381803,26,26,2610,101111010,9907,2012-10-24,100,CT,1,0.89
713382099,26,36,3634,1078616272,7237,2012-07-27,20,OZ,5,6.25
713382107,83,57,5704,107047070,20230,2012-04-23,4,OZ,3,2.1
713382107,83,73,7357,107431272,12440,2013-02-19,60,CT,2,14.99
713384204,431,5,501,103000030,99506,2013-05-30,14.5,OZ,1,2.99
713386045,89,10,1012,101111010,9907,2012-03-27,14,OZ,4,3.56
713388645,26,73,7345,101111010,9907,2012-07-25,30,CT,2,7.54
713393677,89,60,6010,101111010,9907,2012-11-04,7.5,OZ,1,2.07
713393740,26,95,9518,1061029060,7848,2012-08-12,1,CT,1,4.49
713393740,26,8,818,103620030,14868,2012-08-14,24,OZ,1,1.68
713393740,26,59,5907,101111010,9907,2012-11-27,15,OZ,1,1.39
713396526,431,9,918,101410010,13791,2012-09-30,8.6,OZ,1,0
713398257,126,73,7307,104126040,9907,2012-11-23,30,CT,1,13.89
713398257,126,41,4105,102700020,8612,2013-01-14,14.5,OZ,1,1
713402615,126,26,2633,101111010,9907,2012-10-04,12,RL,1,4.99
713404438,26,55,5556,101111010,9907,2012-08-30,48,OZ,1,2.5
713404537,89,56,5613,101111010,9907,2013-07-20,16,OZ,1,2.99
713406843,58,97,9753,10000,0,2012-07-01,1,CT,2,1.78
713408403,89,99,9908,103338333,33170,2012-06-15,16,OZ,1,0.99
713410245,143,63,6313,1061611262,23016,2013-01-20,12,OZ,1,2.99
713410245,143,9,907,107225070,3769,2013-03-26,16,OZ,1,3.89
713410397,126,21,2105,104900040,14357,2013-01-21,32,OZ,3,3
713410397,126,51,5125,101380010,10271,2013-01-21,10.5,OZ,1,1.89
713411476,89,9,907,101111010,9907,2012-08-25,12,OZ,1,1
713411476,89,5,519,101111010,9907,2013-03-13,12.5,OZ,1,1.5
713413394,63,56,5609,102830020,16257,2013-05-01,8,OZ,1,1.61
713413578,58,5,501,103800030,11732,2012-12-05,24,OZ,1,4.07
713415625,89,9,908,107247070,9903,2012-11-02,16.6,OZ,1,3.99
713415625,89,36,3618,104900040,23359,2013-05-29,144,OZ,2,8
713415661,89,33,3304,102840020,6777,2012-07-02,10.5,OZ,1,1.69
713415661,89,9,901,101111010,9907,2012-10-29,12,OZ,1,3.09
713415661,89,96,9609,1057124959,88199,2013-02-18,0,,1,-1
713417125,26,99,9904,1071575676,5278,2012-03-16,16,OZ,1,2.73
713417125,26,56,5621,101111010,9907,2013-04-11,8,OZ,1,1.79
713420046,89,96,9609,1054460050,88199,2012-07-03,0,,1,-1.25
713420046,89,58,5814,104470040,10837,2013-03-08,3.5,OZ,1,1.58
713421313,211,97,9753,1063204565,0,2012-03-04,1,CT,1,2.89
713421313,211,8,835,101111010,9907,2012-05-05,12,OZ,4,6
713421313,211,99,9904,1071575676,5278,2013-04-16,16,OZ,1,2.5
713421313,211,5,501,103800030,11732,2013-04-27,24,OZ,2,5.98
713424384,151,58,5823,104450040,8318,2012-08-29,9,OZ,1,3
713424384,151,63,6323,101111010,9907,2013-03-08,16,OZ,2,2.78
713424836,191,97,9753,10000,0,2012-04-07,1,CT,1,1.88
713424836,191,71,7113,108087888,13505,2012-05-24,1.7,OZ,1,1.39
713424836,191,9,917,107373171,11786,2012-12-23,22.5,OZ,1,2.99
713425967,26,58,5824,107778272,9260,2012-04-23,19,OZ,1,4.99
713425967,26,36,3628,101200010,12029,2012-05-29,96,OZ,2,8
713426562,89,26,2604,101090010,15232,2012-10-12,36,CT,1,0.79
713429237,126,73,7311,1031011939,2221,2013-01-10,3.5,OZ,1,10.49
713429237,126,95,9518,1061029060,7848,2013-02-10,1,CT,2,8.98
713429237,126,9,908,1089963282,19704,2013-06-21,5.5,OZ,1,2.99
713429861,89,0,0,10000,0,2013-01-03,0,,2,0
713429861,89,63,6320,101111010,9907,2013-02-28,12,CT,1,1.69
713431068,26,56,5620,101111010,9907,2012-07-26,6,OZ,1,3.59
713431068,26,21,2106,103120030,12957,2012-12-24,64,OZ,1,2.74
713431116,89,9,921,104500040,8511,2012-06-25,3.5,OZ,1,1
713431116,89,0,0,10000,0,2013-03-13,0,,2,0.5
713431116,89,58,5835,107590070,2073,2013-06-05,16,OZ,2,5
713432488,431,9,901,103010030,3454,2012-03-03,14.2,OZ,1,3.95
713432488,431,31,3103,1067017161,9581,2012-04-13,2.85,OZ,1,2.49
713432702,83,72,7205,1031015838,16196,2013-05-18,4,OZ,1,4.89
713433329,143,51,5122,1072251575,81945,2013-02-25,4.5,OZ,1,2.99
713433706,26,36,3635,107336070,9985,2012-08-19,144,OZ,3,11.97
713433706,26,14,1404,101480010,12021,2013-02-05,24,OZ,2,4.36
713435602,58,9,907,101410010,13791,2012-03-17,24,OZ,1,4.09
713435602,58,36,3601,101200010,13794,2012-06-29,144,OZ,1,0
713435602,58,36,3636,104300040,29501,2012-11-29,192,OZ,2,7.98
713436103,126,96,9609,1051380050,88199,2012-05-05,0,,2,-2
713436103,126,8,810,101111010,9907,2012-09-30,1.62,OZ,2,0.8
713438007,26,17,1712,107440575,17149,2012-08-30,14,OZ,1,2.69
713440633,26,63,6305,101111010,9907,2012-03-08,64,OZ,1,2.69
713440633,26,63,6305,101111010,9907,2013-05-08,64,OZ,1,1.99
713441160,126,31,3101,107096979,17090,2012-03-27,4.5,OZ,1,1.59
713441160,126,63,6308,101111010,9907,2012-11-11,59,OZ,1,2.77
713442325,26,11,1112,104345444,10440,2012-06-05,12,OZ,2,7.78
713444008,143,26,2630,103700030,14647,2012-09-17,56,CT,1,1.79
713445863,26,56,5616,102100020,9886,2012-05-04,7,OZ,1,3.99
713445863,26,82,8201,104157343,6678,2012-07-29,1,CT,1,1
713445863,26,35,3508,103700030,18371,2012-10-19,50,OZ,1,7.99
713445863,26,6,607,1063810262,20375,2013-04-28,1.58,OZ,2,2
713445863,26,63,6399,1063912363,29075,2013-05-29,8,OZ,1,4.99
713445863,26,97,9753,10000,0,2013-05-29,1,CT,1,0.64
713445863,26,9,922,102430020,10577,2013-06-21,28,OZ,1,3
713450583,89,97,9753,103224737,0,2012-03-24,1,CT,1,5.99
713450971,151,8,801,102700020,8612,2013-05-24,24,OZ,1,1
713450971,151,5,520,103000030,14760,2013-05-31,42,OZ,1,3.99
713453720,89,4,418,103400030,15113,2012-07-28,12,OZ,1,3.09
713453720,89,8,814,103760030,25412,2013-03-05,16,OZ,1,2.89
713454932,89,58,5824,107778272,9260,2012-06-14,12,OZ,1,3.99
713454932,89,58,5812,104450040,9445,2012-11-22,16,OZ,1,2.5
713454932,89,63,6316,101111010,9907,2013-06-03,16,OZ,1,1.74
713456059,126,58,5827,103390030,9286,2012-12-02,6,OZ,1,3.49
713464957,165,99,9904,1071575676,5278,2012-05-19,6,OZ,2,3.99
713468109,89,18,1898,104133343,5379,2012-08-02,4,CT,1,5.99
713468109,89,43,4302,104300040,4030,2012-12-05,16,OZ,2,7.58
713468702,63,9,901,1070897171,10653,2013-06-08,15,OZ,1,3
713470533,26,1,106,101500010,7142,2012-05-10,7,OZ,3,2.94
713470568,12,26,2630,103700030,14647,2013-02-25,56,CT,1,1.79
713470936,26,18,1802,101111010,9907,2012-07-15,4,CT,1,1.59
713471763,12,65,6501,107891373,66738,2013-04-08,6,OZ,2,4.58
713473449,151,26,2611,104126040,9907,2013-01-25,18,CT,1,10.09
713473872,83,26,2619,101111010,9907,2012-05-24,25,CT,1,5.99
713473872,83,56,5604,101111010,20588,2012-06-11,4,OZ,1,2.29
713474900,431,54,5402,103800030,5618,2012-09-04,16.4,OZ,1,1.88
713475589,83,63,6315,101111010,9907,2013-02-07,128,OZ,2,3.98
713479898,143,0,0,10000,0,2012-10-06,0,,1,0
713479898,143,97,9753,10000,0,2013-01-19,1,CT,1,0.79
713482209,126,5,501,101600010,6283,2012-06-27,16.2,OZ,4,17.96
713482209,126,57,5706,101111010,9907,2013-04-03,16,OZ,4,9.56
713483326,191,5,501,103800030,16674,2012-05-15,17.5,OZ,1,1.67
713483326,191,28,2803,101111010,6678,2012-05-29,10,OZ,1,0.89
713483326,191,4,410,107172070,18529,2012-07-26,11.64,OZ,3,4.17
713483402,83,21,2119,1061300868,867,2012-03-20,23,OZ,4,3.96
713483402,83,31,3101,101111010,9907,2013-04-13,1.62,OZ,1,4.29
713483434,151,9,913,107147979,1505,2012-09-13,12,OZ,1,2.95
713483434,151,63,6315,101111010,9907,2013-06-05,128,OZ,1,3.15
713487015,89,99,9908,101111010,9907,2013-06-14,48,OZ,1,1.99
713493054,133,57,5705,107047070,20230,2012-04-14,12,OZ,1,2.25
713493054,133,51,5121,104369545,10274,2012-05-07,9,OZ,2,4
713493054,133,56,5616,101111010,9907,2012-12-23,6,OZ,2,3.98
713493054,133,29,2904,101600010,7860,2013-01-04,5.2,OZ,1,1.67
713494122,26,19,1908,101111010,9907,2013-01-29,18,OZ,1,2.5
713499816,143,53,5307,101111010,20588,2012-08-05,12,OZ,1,1.99
713499816,143,64,6401,102210020,13410,2012-11-07,288,OZ,1,14.39
713500579,133,41,4121,101111010,9907,2012-06-07,8,OZ,2,0.74
713501650,126,56,5621,101111010,9907,2012-08-29,8,OZ,1,1.79
713503740,26,36,3618,104900040,23359,2012-08-03,144,OZ,3,10
713503740,26,54,5401,103800030,5618,2012-12-17,10.9,OZ,1,2
713503772,431,25,2506,105000050,32115,2013-02-10,32,OZ,1,2.99
713504271,26,9,970,103800030,62065,2012-03-09,14.7,OZ,1,2.19
713504271,26,73,7302,101111010,9907,2012-03-12,50,CT,1,4.57
713505385,63,22,2201,101111010,9907,2012-05-17,64,OZ,1,1.59
713506746,89,4,418,104000040,18946,2012-09-26,22.34,OZ,1,5
713506746,89,23,2301,103340030,68309,2013-03-24,12,OZ,1,2.19
713507846,143,41,4121,102700020,8612,2012-03-31,15.25,OZ,1,1.69
713507846,143,9,907,107261070,8162,2013-02-07,20,OZ,2,3.98
713510722,89,63,6315,101111010,9907,2012-08-24,64,OZ,2,3.58
713510722,89,63,6315,101111010,9907,2012-12-14,64,OZ,2,3.58
713510722,89,41,4110,103940030,71386,2013-03-21,28,OZ,1,2.18
713512921,126,33,3312,103700030,14494,2012-05-04,6.41,OZ,1,1.59
713512921,126,97,9753,1063204565,0,2012-05-14,1,CT,1,3.88
713512921,126,33,3303,101111010,9907,2012-05-26,11.5,OZ,1,2.08
713512921,126,29,2902,105200050,19212,2012-07-25,15,OZ,1,1.39
713513997,26,8,838,101111010,9907,2012-06-05,15.5,OZ,1,0.79
713513997,26,21,2105,105200050,7054,2012-06-08,32,OZ,6,4.74
713513997,26,64,6401,103410030,31269,2013-02-15,96,OZ,1,4.49
713514558,63,92,9211,102270020,4197,2012-05-21,0.3,OZ,1,4.24
713514558,63,9,914,107343575,9705,2012-07-17,12,OZ,1,2.99
713514558,63,33,3312,103700030,14494,2012-07-27,6.41,OZ,1,1.39
713514558,63,73,7356,101650010,26872,2012-09-28,60,CT,1,5.1
713514558,63,3,302,102800020,30272,2012-12-08,12,OZ,1,2.49
713515045,58,58,5824,102781525,5557,2012-09-02,13,OZ,1,1.88
713515634,12,17,1703,104129444,14048,2012-12-11,24,OZ,1,2.07
713515881,63,91,9122,108200080,2911,2012-03-21,10,OZ,2,4.38
713515881,63,21,2117,108768484,2903,2012-07-08,60,OZ,2,3.76
713515881,63,0,0,10000,0,2013-04-28,0,,1,0
713518743,26,40,4004,107231070,1841,2012-08-14,1.18,OZ,1,2.79
713518743,26,56,5617,101111010,9907,2012-09-01,16,OZ,1,4.79
713519605,89,37,3707,101111010,9907,2012-11-20,14,OZ,2,1
713521587,26,58,5823,104470040,13310,2012-06-06,16,OZ,1,5.58
713521587,26,13,1306,101600010,7366,2012-11-05,5,LB,1,2.59
713522309,151,30,3008,107110070,8280,2012-03-18,16,OZ,1,3.25
713522309,151,30,3008,107110070,8280,2012-04-01,16,OZ,1,3.25
713525136,89,58,5812,105450050,1322,2012-04-07,16,OZ,1,3.49
713525136,89,9,907,101410010,13791,2012-09-08,16,OZ,1,2.99
713528270,89,96,9609,1052529353,88199,2012-10-18,0,,2,-1
713528270,89,0,0,10000,0,2012-11-01,0,,2,0
713528270,89,96,9609,1053500050,88199,2013-04-03,0,,1,-0.5
713530038,143,45,4517,101111010,9907,2012-07-07,48,OZ,1,9.99
713531508,431,36,3636,103120030,12957,2012-03-27,169,OZ,1,3.19
713531677,89,60,6007,101800010,14029,2012-09-24,8,OZ,3,6.54
713532700,89,29,2930,106414464,3342,2012-10-02,7.5,OZ,2,2
713532700,89,99,9908,103338333,33170,2013-03-15,16,OZ,1,0.99
713532811,143,0,0,10000,0,2012-04-30,0,,1,0
713532811,143,16,1604,102200020,13228,2012-10-04,42,CT,1,2.39
713532811,143,8,807,107460979,9524,2013-02-18,18,OZ,1,1.99
713532811,143,42,4220,101111010,9907,2013-03-28,32,OZ,1,1.99
713533409,89,96,9609,1053800050,88199,2012-08-30,0,,1,-1
713533409,89,9,922,102430020,10577,2012-12-08,7.91,OZ,1,1.5
713533409,89,73,7356,1032420838,1488,2012-12-08,120,CT,1,29.99
713533409,89,49,4903,1078509979,20930,2013-02-20,16,OZ,1,2.19
713533690,63,12,1205,108660080,2559,2012-03-25,5,OZ,2,2.38
713533872,126,36,3632,101111010,1814,2012-12-09,67.6,OZ,1,0.88
713533872,126,26,2628,101111010,9907,2012-12-15,6,RL,1,3.28
713533872,126,35,3504,103500030,13470,2013-07-03,10,OZ,1,1.79
713533872,126,36,3611,101111010,9907,2013-07-13,405.6,OZ,1,2.88
713536523,165,99,9904,1076101070,11786,2012-03-31,1,CT,1,1.27
713536523,165,9,902,104400040,18775,2012-07-04,7.6,OZ,1,1.25
713538042,89,69,6901,107940070,5168,2012-11-01,2.6,OZ,1,3.49
713538042,89,33,3316,102410020,44209,2013-01-28,10.5,OZ,1,2.49
713538042,89,26,2630,103700030,14647,2013-05-11,372,CT,1,4.99
713539717,63,25,2508,102529323,16410,2012-06-03,8,OZ,2,2.5
713539717,63,97,9753,1084639181,0,2012-07-16,1,CT,1,0.88
713548545,151,45,4510,101111010,9907,2012-07-15,160,OZ,1,5.9
713548545,151,30,3001,102100020,11761,2012-10-05,30,OZ,1,3.99
713548545,151,5,501,103800030,758,2012-10-10,12.2,OZ,1,3.79
713548545,151,33,3308,102840020,3336,2013-04-26,1.13,OZ,2,1
713549306,83,96,9609,1052073555,88199,2013-05-09,0,,1,-1
713552523,211,58,5812,105450050,1322,2012-03-20,16,OZ,1,2.7
713552523,211,58,5812,105450050,1322,2013-06-24,16,OZ,1,4.79
713554542,63,9,902,102410020,44209,2013-06-30,13.7,OZ,1,1.99
713556526,143,57,5710,107047070,20230,2013-05-03,5.3,OZ,2,2
713557951,26,29,2903,106414464,3342,2012-07-02,15,OZ,8,8
713561039,151,45,4509,101111010,9907,2012-04-20,32,OZ,1,13.98
713561039,151,33,3315,107507070,67979,2012-08-03,1.75,OZ,1,1
713561039,151,58,5833,101111010,9907,2013-01-24,16,OZ,1,3.23
713561039,151,63,6315,101111010,9907,2013-04-29,64,OZ,1,2.19
713561334,89,29,2902,103760030,8501,2012-03-06,15,OZ,4,11.56
713561334,89,9,902,102410020,44209,2012-07-26,13.7,OZ,1,3.08
713561334,89,75,7501,107214070,12679,2012-10-11,13.5,OZ,1,5
713561334,89,33,3303,102840020,10241,2013-02-03,10,OZ,2,4
713562253,143,41,4106,101111010,9907,2012-04-20,7,OZ,1,1.35
713562253,143,58,5824,1076401474,304,2012-04-21,12,OZ,1,5.99
713562253,143,33,3305,101111010,9907,2012-09-04,10,OZ,1,1
713562253,143,8,803,104150040,6714,2013-01-09,12,OZ,1,2.19
713564328,143,54,5401,103800030,5618,2012-04-17,11.6,OZ,1,2.49
713566659,83,59,5902,103450030,10165,2012-04-15,7,OZ,1,2.19
713567268,191,3,305,101990010,3603,2013-04-07,8.1,OZ,1,1.79
713567268,191,92,9211,102270020,4197,2013-04-28,0.24,OZ,1,6.99
713569950,83,36,3626,104900040,17186,2012-09-02,96,OZ,1,3.67
713572100,26,1,106,105220050,1569,2012-03-07,4,OZ,5,2.3
713576248,63,55,5552,101111010,9907,2012-05-27,16,OZ,1,1
713577076,133,5,501,1088491282,86364,2012-09-18,16,OZ,1,3.38
713578332,89,9,912,104812141,18322,2012-05-28,13,OZ,1,2.99
713578332,89,9,901,103010030,9530,2012-09-01,10,OZ,1,1.89
713580892,83,26,2606,101111010,9907,2012-03-05,100,CT,1,1.49
713580892,83,64,6408,108500080,1387,2013-01-04,1.5,LT,1,11.99
713583012,26,9,908,101111010,9907,2012-05-19,15,OZ,1,1.25
713583732,143,57,5705,107047070,20230,2012-06-17,12,OZ,2,4.5
713583732,143,9,922,102430020,10577,2012-07-13,13,OZ,3,3.75
713583732,143,29,2930,106414464,3342,2012-10-19,7.5,OZ,4,4
713583732,143,51,5116,101111010,9907,2012-11-27,28.2,OZ,1,3.34
713584755,89,25,2508,102529323,16410,2012-04-16,64,OZ,1,3.49
713584755,89,54,5402,108994787,19234,2012-04-30,8.5,OZ,1,3.19
713584755,89,8,810,105210050,11382,2012-08-19,1.25,OZ,1,1
713584755,89,82,8201,104157343,9907,2012-09-02,9,CT,1,12.99
713584755,89,39,3903,1064420969,74550,2013-02-08,24,OZ,1,3.99
713587374,83,5,501,103800030,15251,2012-11-23,12,OZ,1,2.79
713587374,83,59,5905,101111515,2445,2012-12-19,15,OZ,1,2.29
713589491,63,37,3707,101111010,9907,2012-04-23,14,OZ,1,0.99
713589491,63,34,3404,104126040,9907,2012-06-18,32,OZ,1,2.49
713591325,26,63,6320,101111010,9907,2013-01-22,12,CT,1,1.89
713591325,26,41,4105,101111010,9907,2013-02-02,28,OZ,1,1.25
713592448,63,32,3202,101111010,9907,2012-11-23,128,OZ,1,7.97
713595455,83,4,418,104000040,18946,2012-03-02,11.4,OZ,1,3.18
713595455,83,11,1114,101111010,9907,2012-09-08,16,OZ,3,5.37
713595455,83,96,9609,1057294050,88199,2012-12-27,0,,1,-1
713596118,165,58,5831,107203676,7953,2012-08-30,20.8,OZ,2,9.98
713601735,12,99,9908,1067367969,52658,2013-03-22,16,OZ,1,1.99
713605147,126,99,9908,103338333,33170,2012-05-08,42,OZ,1,1.99
713605147,126,18,1828,106233868,319,2012-06-02,1.34,OZ,1,3.59
713605307,83,92,9204,109980090,15219,2012-09-12,0.5,OZ,1,3.99
713606252,2,96,9609,1053500050,88199,2012-06-27,0,,1,-1
713606252,2,0,0,10000,0,2013-01-07,0,,1,0
713606252,2,96,9609,10993890090,88199,2013-01-14,0,,1,-1
713606252,2,6,607,1084433484,858,2013-01-21,12,OZ,1,8.79
713609646,83,5,501,103800030,8466,2012-04-27,15.3,OZ,1,1.99
713609646,83,33,3301,102840020,16680,2012-11-23,9,OZ,1,3.99
713609646,83,5,501,1088491282,13689,2013-02-08,11,OZ,1,2.99
713609646,83,22,2211,107261373,16794,2013-02-16,70,CT,1,3.99
713609646,83,33,3315,102620020,4615,2013-04-28,3.75,OZ,1,0.99
713613202,63,36,3618,101111010,1814,2012-10-01,144,OZ,4,10
713613202,63,97,9735,102708424,8530,2013-03-23,1,CT,2,1.58
713617063,126,44,4401,105100050,13791,2013-03-24,19.6,OZ,1,4.29
713618263,26,56,5621,101111010,9907,2012-08-30,8,OZ,1,1.88
713618263,26,63,6315,101111010,9907,2013-01-26,16,OZ,1,0.99
713618263,26,58,5814,104470040,10837,2013-02-03,4.4,OZ,1,1.58
713621640,133,36,3629,104900040,6716,2012-12-13,144,OZ,1,3.25
713622212,83,45,4516,102781525,885,2013-01-24,14,OZ,1,2.99
713624057,431,96,9609,1053700050,88199,2013-02-08,0,,1,-1
713624688,89,30,3001,102100020,11761,2012-03-03,15,OZ,1,4.29
713624854,83,51,5131,107216979,14086,2012-05-01,6,OZ,1,2.09
713625688,26,9,917,104600040,13023,2012-09-03,11,OZ,1,2.09
713625688,26,97,9753,1075166676,0,2012-09-13,1,CT,1,2.5
713628778,63,26,2622,102570020,20361,2012-10-03,10,CT,1,2.69
713631240,26,4,418,103400030,16463,2012-11-01,5.6,OZ,2,7.38
713631240,26,63,6320,101111010,9907,2013-01-04,18,CT,1,2.79
713631240,26,10,1011,104300040,26232,2013-05-17,14.5,OZ,1,2.49
713633034,83,0,0,10000,0,2012-05-29,0,,-2,-11.6
713633034,83,45,4509,101111010,9907,2012-08-08,12,OZ,1,4.99
713633366,63,55,5556,101111010,9907,2012-11-28,48,OZ,1,2.59
713633366,63,21,2103,103120030,12957,2013-03-27,64,OZ,1,2.89
713636372,143,25,2509,103450030,10165,2012-10-23,32,OZ,1,3.29
713636446,211,70,7001,101111010,9907,2013-01-28,16,OZ,1,0.56
713636970,26,53,5305,102000020,7655,2012-11-14,9,OZ,2,2
713638058,126,28,2806,10930090,12157,2012-11-06,16,OZ,1,1.99
713639065,26,55,5552,101111010,9907,2012-03-11,48,OZ,1,3.29
713639065,26,8,809,101300010,8164,2012-06-16,12,OZ,3,4.02
713641469,126,41,4105,107294070,15051,2013-03-05,10,OZ,1,0.88
713642059,89,99,9909,101111010,9907,2012-04-15,12,OZ,2,3
713642671,165,44,4402,103210030,15878,2012-07-20,27,OZ,1,7.49
713642671,165,36,3601,104900040,3809,2012-09-10,20,OZ,2,3.18
713642671,165,38,3801,107203676,7953,2012-12-16,5,LB,1,2.75
713644966,63,73,7312,1032994333,1988,2012-05-21,0.34,OZ,1,9.69
713647399,126,45,4511,102370020,18969,2012-03-25,13.25,OZ,1,3.29
713647399,126,36,3626,101200010,16391,2012-10-13,101.4,OZ,1,2.25
713647399,126,63,6315,101111010,9907,2013-03-18,128,OZ,1,0
713648221,126,37,3708,104100040,10522,2012-12-05,4.5,OZ,2,2.46
713649394,151,14,1415,101111010,9907,2013-01-11,15,OZ,1,1
713649993,89,3,310,1072943070,33170,2012-06-20,16,OZ,1,5.99
713650232,2,9,901,101111010,20588,2012-03-11,19,OZ,1,5.99
713650232,2,29,2928,105480050,19039,2012-09-27,8.8,OZ,1,1.99
713650232,2,91,9115,108048080,1230,2013-01-17,0.75,LT,1,13.99
713651633,83,63,6312,104850040,18799,2012-08-28,59,OZ,1,1.99
713651738,89,5,518,101600010,7400,2012-09-04,6.36,OZ,1,1.99
713651738,89,99,9908,103338333,33170,2012-10-29,48,OZ,1,2.19
713651738,89,29,2906,1076566777,711,2012-11-04,5.5,OZ,1,1.99
713655157,63,58,5831,107527878,6625,2012-07-27,16,OZ,1,2.49
713655157,63,33,3305,107794878,2753,2012-12-01,12,OZ,1,1.49
713661817,89,26,2631,101111010,9907,2012-05-29,42,CT,1,2.49
713663025,26,23,2310,104130848,15022,2013-02-15,12,OZ,1,2.89
713666080,63,32,3203,101111010,9907,2012-04-24,6,OZ,1,2.87
713666349,143,9,907,107225070,12465,2012-04-23,20,OZ,1,3.19
713666349,143,29,2930,106414464,3342,2013-01-14,14.25,OZ,1,1.99
713667341,26,33,3305,102840020,5141,2013-02-17,11.5,OZ,1,3.29
713667341,26,2,214,105150050,8604,2013-02-27,32,OZ,1,2.89
713669133,151,36,3632,107800070,17635,2012-05-17,67.6,OZ,1,1.5
713669574,151,96,9609,1051090050,88199,2012-06-01,0,,1,-1
713669574,151,9,902,104157040,2017,2013-01-19,4.25,OZ,1,2.99
713676618,89,58,5827,101111010,20588,2012-03-18,12,OZ,1,3.99
713676618,89,21,2103,107673777,5967,2012-04-10,16,OZ,1,1.29
713676618,89,16,1604,107339070,11515,2012-12-11,15,CT,1,1
713676618,89,9,902,102410020,44209,2013-02-18,13.7,OZ,1,2.88
713676618,89,21,2105,105200050,7054,2013-03-18,160,OZ,1,6.04
713680048,211,56,5610,102100020,9886,2012-04-15,8,OZ,1,4.25
713680048,211,26,2628,101111010,9907,2012-05-18,2,RL,1,3.18
713680048,211,9,914,107343575,9705,2012-11-18,12,OZ,1,2.5
713680048,211,2,213,105150050,14029,2012-11-19,16,OZ,1,2.39
713680048,211,0,0,10000,0,2012-11-19,0,,2,0
713680048,211,33,3309,1078113878,13130,2013-01-20,8.25,OZ,1,2.5
713680048,211,7,709,109955595,7661,2013-03-07,3.7,OZ,3,20.97
713680681,211,99,9908,101111010,9907,2012-08-15,16,OZ,1,1
713681930,126,36,3611,101111010,9907,2013-01-23,405.6,OZ,1,2.99
713682171,143,63,6315,101111010,9907,2012-08-01,128,OZ,1,2.6
713682171,143,36,3601,104900040,3809,2013-04-03,144,OZ,1,2.75
713687971,26,8,809,101111010,9907,2012-03-22,10.25,OZ,2,1.98
713687971,26,19,1908,105150050,9189,2012-06-22,28,OZ,1,5.03
713687971,26,41,4106,101111010,9907,2013-01-18,7,OZ,5,5
713687971,26,99,9904,103338333,33170,2013-02-22,48,OZ,1,3.87
713687971,26,73,7303,104126040,9907,2013-03-08,3,CT,1,5.39
713687971,26,31,3101,104799747,3354,2013-05-03,2,OZ,1,3.59
713688102,83,9,907,101111010,9907,2012-05-05,19,OZ,1,0.99
713688102,83,0,0,10000,0,2012-09-04,0,,1,5.6
713696782,126,9,907,107341070,2437,2012-10-27,24,OZ,1,4.29
713696782,126,37,3705,101111010,9907,2012-11-20,18.5,OZ,1,1.2
713696871,63,9,907,101111010,9907,2012-05-06,12,OZ,2,1.98
713697744,89,5,501,101600010,3331,2013-01-19,18,OZ,1,4.79
713699171,89,36,3601,104900040,3809,2012-11-13,144,OZ,3,8
713701218,143,5,517,103800030,69260,2012-06-26,10.4,OZ,1,1.99
713705401,63,4,418,103400030,8247,2012-04-01,10,OZ,1,3.99
713705401,63,56,5615,102100020,9886,2012-06-03,8,OZ,1,2
713705401,63,79,7902,104090141,43670,2012-06-17,0,,1,2
713706192,143,31,3101,102150020,10238,2012-04-09,5.5,OZ,1,6.49
713707049,12,72,7203,1031254737,10554,2012-11-13,33.8,OZ,1,5.49
713711517,63,56,5614,101111010,9907,2012-04-29,12,OZ,1,3.99
713711517,63,29,2903,106414464,3342,2012-07-24,15,OZ,2,2
713711517,63,56,5620,101111010,9907,2012-07-24,8,OZ,1,1.67
713711517,63,9,912,107294575,15878,2012-08-26,20,OZ,1,2.99
713713610,83,97,9753,10000,0,2012-10-11,1,CT,1,18.25
713719985,63,99,9904,103338333,33170,2012-07-13,16,OZ,2,1.76
713722031,89,27,2705,107910070,85,2012-07-23,5.5,OZ,5,2
713722031,89,45,4509,101111010,9907,2013-04-07,12,OZ,1,3.99
713725707,12,96,9631,1063854868,576,2012-11-25,1,CT,1,500
713727198,191,36,3612,101111010,6678,2012-07-06,128,OZ,2,1.78
713727198,191,97,9748,107033070,1783,2012-09-04,10,CT,1,0.89
713727198,191,47,4705,104180040,19713,2012-10-03,11.5,OZ,2,2.12
713727198,191,28,2806,101111010,9907,2013-01-10,46,OZ,1,1.96
713729158,151,18,1829,107600171,19915,2012-10-02,1,CT,1,3
713729158,151,24,2403,101111010,9907,2012-10-13,5,OZ,2,3
713735395,431,56,5617,101111010,9907,2013-03-24,12,OZ,1,2.49
713741855,143,23,2301,101111010,9907,2013-01-29,16,OZ,1,1.58
713741855,143,82,8201,101111010,9907,2013-04-02,8,CT,1,6.99
713745263,73,63,6315,105215959,41981,2013-05-01,64,OZ,1,4.69
713748981,83,26,2609,101111010,9907,2012-03-19,100,CT,1,1.89
713752556,83,45,4514,101111010,9907,2012-03-16,48,OZ,1,12.99
713752723,12,56,5621,101111010,9907,2013-03-04,8,OZ,2,5
713752723,12,21,2106,104190040,93475,2013-03-18,128,OZ,1,1.99
713752723,12,13,1306,101111010,9907,2013-03-18,5,LB,1,1.99
713752723,12,63,6317,104157040,2017,2013-04-15,64,OZ,1,1.99
713756796,83,31,3101,104010040,27443,2012-11-19,1.25,OZ,1,4.19
713756997,63,9,912,104812141,18322,2013-04-19,13,OZ,2,8.58
713758773,26,58,5823,104470040,13310,2012-05-16,8,OZ,1,3.09
713758773,26,53,5307,101111010,9907,2013-02-13,12,OZ,1,1
713759777,126,27,2702,107910070,33128,2012-12-16,4,LB,1,4.69
713759777,126,23,2301,101111010,9907,2013-01-05,32,OZ,2,3.03
713763874,126,99,9909,1081843181,81685,2012-06-20,7,OZ,1,3.39
713763874,126,0,0,10000,0,2013-03-23,0,,1,0
713764029,151,36,3601,104900040,3809,2012-04-19,67.6,OZ,1,1.89
713764029,151,54,5403,107790070,9200,2012-11-03,36,OZ,1,8.99
713766227,126,22,2210,103500030,17523,2012-04-21,56,OZ,1,3.15
713766227,126,41,4107,101111010,9907,2012-04-27,14.5,OZ,3,2.37
713766227,126,9,901,104400040,25172,2013-04-26,2.13,OZ,1,1.79
713768101,143,64,6401,108992484,20251,2012-06-08,72,OZ,1,5.89
713768101,143,58,5827,101111010,9907,2013-02-15,12,OZ,1,3.29
713768290,63,5,516,103000030,14760,2013-06-15,7.4,OZ,2,4
713771358,12,58,5823,104470040,13310,2012-04-07,16,OZ,1,6.99
713771358,12,18,1827,104650040,7249,2012-10-02,8,OZ,3,5.07
713776436,143,17,1703,104460040,3718,2013-01-15,32,OZ,1,3.99
713776436,143,51,5116,101111010,9907,2013-04-19,32.7,OZ,2,6.66
713777428,143,58,5824,1076401474,304,2012-08-21,12,OZ,1,5.69
713777428,143,96,9631,107675070,19430,2012-08-26,1,CT,1,28.95
713780206,83,29,2906,104430040,9977,2012-12-28,28,OZ,1,2.69
713780206,83,9,908,101111010,9907,2013-01-29,16.96,OZ,1,3.99
713785104,211,11,1102,1072277676,17117,2012-07-14,160,CT,1,4.99
713788760,83,99,9904,1071575676,5278,2012-05-30,6,OZ,1,1.67
713792361,26,29,2928,101530010,58299,2012-03-11,6.2,OZ,1,1.34
713792361,26,26,2629,101117919,19084,2012-05-05,24,CT,1,1.99
713792361,26,63,6305,101111010,9907,2012-05-29,64,OZ,1,1.99
713792361,26,29,2904,101600010,7860,2012-10-24,7.8,OZ,1,1.66
713792361,26,58,5824,107778272,9260,2012-12-26,17.63,OZ,1,3.5
713798445,89,41,4109,105100050,2820,2012-04-12,15.75,OZ,2,1.78
713800770,26,96,9609,1057301050,88199,2012-03-16,0,,2,-2
713800770,26,64,6401,108066080,4098,2012-06-27,144,OZ,1,12.99
713802906,151,51,5125,102580020,16668,2013-02-11,9,OZ,1,1.88
713802906,151,5,501,103000030,58434,2013-06-21,12.5,OZ,1,1.99
713805436,191,35,3509,103320030,875,2013-02-11,75,OZ,1,5.27
713806313,143,4,418,103400030,9739,2012-12-23,9.3,OZ,1,3.5
713807941,126,63,6315,101111010,9907,2012-08-28,128,OZ,1,3.19
713807941,126,9,907,107341070,888,2013-04-17,16,OZ,1,3.59
713813017,63,29,2927,107225171,12502,2012-05-22,6.75,OZ,1,2.69
713813017,63,51,5131,104227242,648,2012-06-05,5.5,OZ,2,6.38
713813017,63,7,708,1076211171,17286,2013-05-06,12,OZ,1,8.99
713814466,191,9,907,101111010,4181,2012-05-31,24,OZ,1,1.34
713815243,83,36,3626,107380070,6226,2012-07-01,67.6,OZ,1,1.19
713815243,83,99,9904,1081204989,27736,2013-02-12,16,OZ,2,4
713815423,126,33,3318,102840020,15441,2012-08-27,10,OZ,1,1.64
713815423,126,41,4106,101111010,9907,2012-09-02,7,OZ,2,2.98
713815423,126,34,3410,107418272,16853,2012-10-01,8.5,OZ,1,2
713815423,126,63,6320,101111010,9907,2013-01-23,12,CT,1,1.28
713815423,126,9,913,101111010,9907,2013-06-08,12,OZ,1,1
713817536,83,5,501,103800030,6796,2012-06-14,15,OZ,1,2.99
713817536,83,64,6401,103410030,11704,2012-10-11,288,OZ,0,0
713819638,191,63,6320,107321373,55491,2012-05-14,6,CT,1,1.29
713819638,191,3,310,101111010,6678,2012-05-25,2.25,OZ,2,2.5
713819638,191,36,3605,104300040,17997,2013-03-31,192,OZ,1,2.89
713819678,12,5,502,101600010,107416,2012-10-21,4.5,OZ,1,2.99
713819678,12,33,3305,102840020,5141,2013-03-15,11,OZ,2,5
713819678,12,21,2113,102500020,11749,2013-04-12,67.5,OZ,1,3.39
713820156,63,5,516,103000030,14760,2012-07-13,6.1,OZ,1,1.49
713822770,83,21,2119,101200010,10522,2012-07-22,67.6,OZ,2,1.98
713822770,83,9,908,107247070,9903,2012-10-20,15.3,OZ,1,3.24
713822770,83,41,4107,102400020,4704,2012-11-19,14.75,OZ,1,0.75
713825263,151,0,0,10000,0,2012-05-16,0,,1,0
713825263,151,63,6319,109147595,11716,2013-03-07,128,OZ,1,2.89
713828628,126,37,3703,105100050,2820,2012-04-13,10.75,OZ,4,3.48
713828628,126,35,3506,105170050,6335,2012-05-02,75,OZ,1,3.94
713830397,83,58,5815,104750040,2359,2012-05-31,6,OZ,1,3.99
713830397,83,51,5125,107265575,8089,2013-04-04,9.4,OZ,1,2.18
713832585,12,57,5710,107835575,61673,2012-10-18,24,OZ,2,6.78
713833962,26,36,3601,101200010,13794,2013-05-01,288,OZ,1,6.99
713838088,26,9,913,104812141,18322,2012-04-03,11,OZ,1,3.99
713838088,26,63,6399,107590070,2073,2012-06-28,20,OZ,1,2.99
713839404,143,96,9609,1055000050,88199,2012-06-02,0,,1,-0.5
713839404,143,28,2806,101111010,9907,2013-02-01,16,OZ,1,2.29
713839729,126,64,6401,108066080,13424,2012-04-06,72,OZ,1,7.99
713839729,126,81,8101,102820020,11186,2012-07-27,1,CT,3,12.87
713841128,89,9,902,104157040,2017,2012-04-09,4.25,OZ,1,2.79
713841128,89,99,9904,1071575676,5278,2012-07-15,6,OZ,4,8.76
713841128,89,22,2210,1073291373,23643,2013-02-15,32,OZ,1,2.64
713842602,26,51,5106,103100030,9626,2012-03-04,8,OZ,2,4.98
713842602,26,5,519,103000030,14760,2012-11-07,2.64,OZ,1,1.79
713844560,431,0,0,10000,0,2012-12-12,0,,1,0
713844560,431,10,1012,102700020,23332,2013-05-11,13,OZ,1,1
713845813,133,7,708,1076211171,17286,2012-10-25,12,OZ,1,9.99
713845813,133,9,902,104400040,15335,2012-12-20,14.2,OZ,1,2.63
713845813,133,41,4108,101111010,9907,2013-03-07,15,OZ,2,1.98
713845813,133,73,7309,101111010,9907,2013-04-18,10,OZ,1,1.07
713849057,143,9,901,101111010,9907,2012-08-08,12,OZ,1,1.99
713849057,143,23,2301,101111010,9907,2012-10-14,16,OZ,2,1.92
713849057,143,27,2702,101111010,5000,2013-04-25,44.1,LB,1,18.99
713849057,143,22,2210,103700030,5174,2013-05-04,51,OZ,2,7.98
713849529,12,37,3709,107066272,12673,2012-05-20,3,OZ,6,3.54
713853472,191,5,504,1078656070,24808,2012-06-19,3,OZ,2,3.34
713853472,191,29,2914,101356212,713,2012-07-06,6,OZ,2,3.38
713855259,431,0,0,10000,0,2012-09-30,0,,1,0
713855259,431,63,6315,101111010,9907,2012-12-04,32,OZ,1,1.89
713855259,431,32,3201,105150050,4307,2012-12-13,16,OZ,1,2.99
713855259,431,41,4107,101760010,2443,2013-05-16,29,OZ,1,2.29
713855259,431,0,0,10000,0,2013-06-29,0,,1,0
713858427,12,21,2105,105200050,7054,2012-11-23,32,OZ,3,3
713858735,126,95,9518,1061029060,7848,2012-07-18,1,CT,1,2.99
713859834,165,96,9609,1054157050,88199,2012-03-23,0,,2,-1.65
713859834,165,63,6320,107203676,7953,2013-03-24,12,CT,2,1.98
713862767,12,37,3706,104119646,14582,2013-01-24,18.5,OZ,3,2.97
713862767,12,40,4005,107695070,23056,2013-03-01,1.27,OZ,1,2.99
713862767,12,55,5552,101111010,9907,2013-03-11,48,OZ,1,0.75
713871492,83,4,418,104000040,16765,2012-03-22,11.5,OZ,1,3.99
713875225,89,26,2628,101111010,9907,2012-04-14,1,RL,1,1.29
713875225,89,18,1828,102340020,15181,2012-07-05,7.5,OZ,2,2
713875225,89,5,501,101111010,9907,2012-11-23,13.8,OZ,1,1.99
713875890,431,63,6315,101111010,9907,2012-08-25,128,OZ,1,2.99
713875890,431,92,9202,107124979,21913,2012-09-11,1,CT,1,2.39
713875890,431,8,814,102840020,18584,2012-12-29,24,OZ,1,3.99
713877761,89,96,9609,1055440050,88199,2012-03-19,0,,1,-1
713877761,89,4,418,103400030,45489,2012-04-13,11,OZ,2,7.98
713877761,89,56,5616,104610040,15889,2013-03-04,7.6,OZ,1,3.29
713883446,89,63,6315,101111010,9907,2012-04-08,128,OZ,2,6.18
713888878,23,27,2707,1082927484,432,2012-12-03,3.15,LB,1,2.99
713893088,26,27,2702,107910070,33128,2012-12-27,4,LB,1,5.89
713893383,89,99,9904,1071575676,5278,2012-04-29,6,OZ,1,2.99
713893383,89,75,7501,104116747,7354,2012-07-31,5.5,OZ,1,6.49
713894063,126,63,6315,101111010,9907,2012-06-14,64,OZ,2,4.18
713894063,126,25,2508,102529323,16410,2013-01-28,64,OZ,1,3.19
713894063,126,5,501,105844959,12466,2013-03-13,12.35,OZ,1,2.99
713895781,191,26,2632,104126040,9907,2012-06-08,80,CT,1,1.27
713895781,191,23,2301,107680878,1393,2012-09-24,16,OZ,1,1.25
713895781,191,41,4105,101119414,27268,2013-03-19,14.5,OZ,1,1.99
713895998,143,55,5567,107064070,2014,2012-09-22,16,OZ,1,3.5
