618764932,166,60,6001,101800010,14029,2012-04-12,30,OZ,2,11.58
618764932,166,92,9204,109283494,48514,2012-04-12,0.13,OZ,1,1
618764932,166,19,1904,103680030,6561,2012-04-13,24,OZ,1,5.99
618764932,166,71,7115,107006676,18344,2012-04-13,4,OZ,1,4.69
618764932,166,55,5552,104154848,5603,2012-04-13,48,OZ,16,95.04
618764932,166,33,3307,102900020,14112,2012-04-13,8,OZ,2,12.58
618764932,166,63,6305,108259282,12297,2012-04-13,64,OZ,3,22.47
618764932,166,4,410,107060272,23698,2012-04-13,2,OZ,3,2.37
618764932,166,81,8105,104799545,601,2012-04-14,1.41,OZ,3,24.87
618764932,166,97,9731,107565676,14102,2012-04-14,16,CT,1,2.79
618764932,166,97,9753,1022010121,0,2012-04-14,1,CT,2,7.98
618764932,166,3,304,103680030,6561,2012-04-15,2,OZ,1,3.89
618764932,166,91,9131,108676787,7431,2012-04-15,0.38,LT,4,47.96
618764932,166,5,501,103800030,14900,2012-04-15,18.2,OZ,5,20.46
618764932,166,56,5610,107580575,17344,2012-04-15,5,OZ,11,34.89
618764932,166,26,2622,102570020,20361,2012-04-15,30,CT,12,42.88
618764932,166,81,8101,102820020,11186,2012-04-16,2,CT,3,35.75
618764932,166,6,606,105000050,3001,2012-04-16,12.6,OZ,2,11.98
618764932,166,37,3706,105100050,2820,2012-04-16,10.5,OZ,7,11.83
618764932,166,56,5620,107283070,18390,2012-04-16,8,OZ,8,28.92
618764932,166,99,9908,103338333,287,2012-04-16,80,OZ,41,110.69
618764932,166,36,3632,104900040,6137,2012-04-16,42.2,OZ,2,1.98
618764932,166,71,7114,1060308464,7034,2012-04-16,8.25,OZ,1,3.99
618764932,166,64,6408,108500080,1387,2012-04-17,1.5,LT,8,79.92
618764932,166,64,6409,101235414,13748,2012-04-17,0.75,LT,2,19.98
618764932,166,71,7113,106799060,6324,2012-04-17,13,OZ,2,3.98
618764932,166,45,4509,1082994484,7616,2012-04-18,32,OZ,1,4.99
618764932,166,35,3509,103320030,875,2012-04-18,55.52,OZ,3,21.47
618764932,166,23,2301,103680030,6561,2012-04-18,13.25,OZ,5,6.25
618764932,166,4,421,102200020,16565,2012-04-18,14,OZ,1,2.5
618764932,166,70,7001,103680030,18533,2012-04-18,0.5,OZ,1,4.99
618764932,166,58,5827,103760030,8501,2012-04-18,16,OZ,12,47.88
618764932,166,51,5125,107265575,8089,2012-04-19,10,OZ,8,22.16
618764932,166,96,9609,1053663252,88199,2012-04-19,0,,1,-1
618764932,166,58,5835,107010070,9243,2012-04-19,16,OZ,3,6.87
618764932,166,1,106,101500010,29555,2012-04-19,6,OZ,7,10.5
618764932,166,17,1726,101920010,10882,2012-04-19,35,CT,1,3.79
618764932,166,26,2615,107301070,17990,2012-04-20,20,CT,6,32.31
618764932,166,64,6409,108500080,38711,2012-04-20,0.75,LT,1,13.99
618764932,166,97,9734,108356888,14258,2012-04-20,0,,1,3.99
618764932,166,99,9904,1071575676,5278,2012-04-20,6,OZ,71,344.29
618764932,166,34,3405,104184040,20187,2012-04-20,4.25,OZ,5,7.45
618764932,166,75,7501,107940070,17521,2012-04-20,18,OZ,1,3.77
618764932,166,91,9131,105003757,77315,2012-04-20,0.38,LT,2,25.98
618764932,166,58,5823,107527878,6625,2012-04-20,10,OZ,3,11.93
618764932,166,9,902,102410020,44209,2012-04-21,19,OZ,2,9.98
618764932,166,64,6401,1076317676,31095,2012-04-21,144,OZ,1,15.49
618764932,166,37,3703,105100050,2820,2012-04-21,11,OZ,1,1.79
618764932,166,26,2629,104200040,5016,2012-04-21,160,CT,1,3.19
618764932,166,64,6401,107825070,17336,2012-04-21,24,OZ,8,15.12
618764932,166,33,3301,102840020,16680,2012-04-21,11.5,OZ,2,9.98
618764932,166,73,7302,1035497333,8650,2012-04-22,50,CT,1,8.18
618764932,166,8,830,105150050,63722,2012-04-22,12,OZ,4,11.96
618764932,166,26,2622,103680030,6561,2012-04-22,25,CT,1,2.49
618764932,166,72,7220,1030057333,656,2012-04-23,0.33,OZ,2,15.18
618764932,166,97,9753,1023573020,0,2012-04-23,1,CT,8,35.04
618764932,166,60,6007,101800010,14029,2012-04-23,8,OZ,4,13.96
618764932,166,91,9109,108366484,17407,2012-04-23,1.75,LT,1,34.99
618764932,166,75,7501,103680030,18533,2012-04-23,16,OZ,1,4.88
618764932,166,33,3303,102840020,10241,2012-04-23,1.25,OZ,1,0.5
618764932,166,4,418,104000040,56360,2012-04-23,11,OZ,1,1.99
618764932,166,9,908,102430020,10577,2012-04-23,3.25,OZ,2,1.5
618764932,166,57,5709,103663232,4568,2012-04-23,7,OZ,9,8.92
618764932,166,35,3508,103700030,18371,2012-04-24,31,OZ,1,10.99
618764932,166,56,5616,104610040,15889,2012-04-24,7,OZ,16,64.04
618764932,166,17,1706,103680030,6561,2012-04-24,67.6,OZ,2,7.18
618764932,166,91,9106,108500080,22139,2012-04-24,1.75,LT,2,33.98
618764932,166,26,2633,103040030,683,2012-04-24,4,RL,14,19.46
618764932,166,75,7501,107214070,12679,2012-04-24,1,OZ,2,1.98
618764932,166,56,5615,1060426262,754,2012-04-24,8,OZ,1,6.49
618764932,166,41,4108,103710030,10383,2012-04-24,14.5,OZ,2,1.38
618764932,166,99,9904,1071575676,5278,2012-04-25,6,OZ,75,338.25
618764932,166,26,2609,104200040,5016,2012-04-25,20,CT,2,5.98
618764932,166,21,2114,1081097989,18822,2012-04-25,384,OZ,4,10
618764932,166,99,9909,103680030,6866,2012-04-25,5,OZ,15,45
618764932,166,55,5552,104154848,5603,2012-04-25,48,OZ,10,59.9
618764932,166,46,4606,107990070,20114,2012-04-25,48,OZ,3,32.97
618764932,166,73,7311,1030006535,375,2012-04-25,2,OZ,1,3.99
618764932,166,41,4107,104242141,2071,2012-04-26,9,OZ,1,4.99
618764932,166,27,2705,1082927484,11516,2012-04-26,2.75,OZ,1,0.75
618764932,166,46,4606,107990070,20114,2012-04-26,15,OZ,7,33.39
618764932,166,36,3604,107800070,2829,2012-04-26,33.8,OZ,13,22.77
618764932,166,37,3705,103680030,6561,2012-04-26,19,OZ,1,1.79
618764932,166,36,3614,107065575,73385,2012-04-26,59.2,OZ,5,29.95
618764932,166,32,3203,103680030,6561,2012-04-26,5,OZ,2,5.58
618764932,166,9,916,102330020,15643,2012-04-26,8.5,OZ,1,4.19
618764932,166,1,105,107007474,16452,2012-04-27,12.4,OZ,62,892.88
618764932,166,64,6408,108823282,19284,2012-04-27,0.5,LT,7,24.43
618764932,166,29,2906,1085428585,16475,2012-04-27,2.5,OZ,2,4.58
618764932,166,19,1905,107092070,26416,2012-04-27,16,OZ,3,13.47
618764932,166,32,3202,102250626,17063,2012-04-27,16,OZ,0,0
618764932,166,74,7402,104740040,7196,2012-04-27,11,OZ,1,2.88
618764932,166,63,6320,102544424,33097,2012-04-28,18,CT,21,21.76
618764932,166,56,5613,103680030,6561,2012-04-28,15,OZ,11,34.57
618764932,166,5,516,103680030,6561,2012-04-28,7.4,OZ,1,1.99
618764932,166,25,2503,103680030,6561,2012-04-29,22,OZ,2,5.98
618764932,166,33,3314,103000030,14760,2012-04-29,7.04,OZ,1,2.99
618764932,166,5,501,107061777,1370,2012-04-29,13,OZ,1,2.99
618764932,166,9,917,104684747,50680,2012-04-29,15,OZ,4,11.56
618764932,166,64,6408,108500080,86330,2012-04-29,0.75,LT,4,39.96
618764932,166,27,2702,101901414,8664,2012-04-29,8,LB,1,14.39
618764932,166,33,3310,101566515,22310,2012-04-30,10,OZ,1,7.69
618764932,166,40,4001,103680030,6561,2012-04-30,320,OZ,2,5.98
618764932,166,8,815,103900030,13296,2012-04-30,8,OZ,2,4.58
618764932,166,51,5134,104280040,18599,2012-04-30,19.8,OZ,1,4.09
618764932,166,7,707,102550020,6550,2012-04-30,27.8,OZ,5,63.45
618764932,166,7,703,1076211171,17286,2012-05-01,4.7,OZ,1,5.95
618764932,166,63,6315,1018041111,31360,2012-05-01,128,OZ,28,100.52
618764932,166,73,7360,103680030,18533,2012-05-01,30,CT,1,4.04
618764932,166,18,1831,107625878,1729,2012-05-01,20,CT,1,1.19
618764932,166,73,7307,104116747,30343,2012-05-01,30,CT,2,29.98
618764932,166,18,1837,107112171,8523,2012-05-01,16,OZ,2,9.78
618764932,166,29,2904,101600010,18878,2012-05-01,5.3,OZ,1,1.99
618764932,166,26,2622,101370010,8154,2012-05-01,40,CT,1,4.49
618764932,166,44,4401,103210030,15878,2012-05-02,19,OZ,1,4.99
618764932,166,3,308,104010040,6455,2012-05-02,0.75,OZ,1,1.99
618764932,166,18,1890,103680030,18533,2012-05-02,50,CT,3,8.97
618764932,166,97,9748,107251272,13771,2012-05-02,1,CT,1,2.09
618764932,166,7,709,109955595,31032,2012-05-02,4.87,OZ,1,10.79
618764932,166,35,3506,103680030,6561,2012-05-02,75,OZ,2,8.98
618764932,166,22,2211,103700030,5174,2012-05-03,80,CT,1,7.29
618764932,166,51,5130,101380010,27474,2012-05-03,12.38,OZ,9,22.5
618764932,166,21,2109,104175545,10177,2012-05-03,64,OZ,3,11.07
618764932,166,36,3638,1073951070,16807,2012-05-04,20,OZ,1,0.99
618764932,166,36,3638,106827464,30855,2012-05-04,101.4,OZ,1,1.99
618764932,166,97,9799,107675373,7452,2012-05-04,3,CT,1,1.59
618764932,166,97,9753,1023902020,0,2012-05-04,1,CT,1,24.99
618764932,166,51,5115,107218070,15035,2012-05-04,23.45,OZ,2,8.98
618764932,166,98,9803,102260020,719,2012-05-04,2,OZ,1,10.99
618764932,166,91,9131,108954080,8338,2012-05-04,0.2,LT,3,11.97
618764932,166,9,901,104400040,25172,2012-05-04,2.13,OZ,4,5.96
618764932,166,5,516,101600010,12426,2012-05-05,6.7,OZ,1,2.49
618764932,166,14,1404,101480010,12021,2012-05-05,24,OZ,6,14.34
618764932,166,8,810,103900030,13296,2012-05-05,1.25,OZ,17,15.13
618764932,166,2,214,101600010,1910,2012-05-05,5.1,OZ,3,5.97
618764932,166,8,826,101121010,17930,2012-05-05,5,OZ,5,16.95
618764932,166,26,2615,107830070,14142,2012-05-06,36,CT,2,15.98
618764932,166,6,610,104900040,6869,2012-05-06,16,OZ,12,27.78
618764932,166,40,4005,107695070,23056,2012-05-06,1.12,OZ,3,16.47
618764932,166,67,6703,1030813737,9259,2012-05-06,15,OZ,1,3.79
618764932,166,99,9904,103338333,33170,2012-05-06,64,OZ,12,41.88
618764932,166,4,416,103701434,24266,2012-05-06,3,OZ,1,4.19
618764932,166,97,9763,102675323,58725,2012-05-06,1,CT,1,1.99
618764932,166,9,908,104508444,9076,2012-05-06,14,OZ,4,19.96
618764932,166,35,3508,103700030,18371,2012-05-06,100,OZ,7,113.93
618764932,166,33,3310,107114676,2740,2012-05-07,3.3,OZ,6,11.94
618764932,166,97,9799,107675373,11887,2012-05-07,1,CT,1,7.59
618764932,166,8,838,109734292,1536,2012-05-07,8,OZ,1,3.19
618764932,166,2,214,103000030,1058,2012-05-07,32,OZ,2,5.98
618764932,166,33,3316,102840020,12186,2012-05-07,16.5,OZ,1,4.99
618764932,166,44,4404,105100050,13791,2012-05-08,9.5,OZ,2,6.78
618764932,166,5,517,103800030,17050,2012-05-08,4.6,OZ,3,8.97
618764932,166,41,4108,107487373,27945,2012-05-08,15,OZ,4,10.52
618764932,166,9,902,104400040,15335,2012-05-08,14.6,OZ,1,3.49
618764932,166,27,2704,107910070,30370,2012-05-08,3.3,OZ,1,3.49
618764932,166,51,5125,105010050,8089,2012-05-09,12,OZ,6,16.74
618764932,166,60,6011,101800010,14029,2012-05-09,16.3,OZ,7,16.23
618764932,166,63,6311,104850040,5072,2012-05-09,59,OZ,6,17.94
618764932,166,4,411,103680030,6561,2012-05-09,8.25,OZ,2,3
618764932,166,75,7503,103680030,18533,2012-05-09,0.3,OZ,3,4.47
618764932,166,73,7302,1031284333,1500,2012-05-09,100,CT,2,15.98
618764932,166,64,6401,1063625161,17409,2012-05-10,72,OZ,1,10.99
618764932,166,24,2415,103680030,6561,2012-05-10,15,OZ,2,4.98
618764932,166,4,423,107726070,15624,2012-05-10,3,OZ,8,15.92
618764932,166,51,5133,107100777,5656,2012-05-10,21,OZ,1,5.69
618764932,166,64,6401,108769282,15787,2012-05-10,72,OZ,2,19.98
618764932,166,4,418,104000040,16765,2012-05-10,11.18,OZ,1,1.99
618764932,166,6,610,1018624919,20160,2012-05-10,384,OZ,1,1.5
618764932,166,97,9753,1020104626,0,2012-05-10,1,CT,5,8.03
618764932,166,21,2111,103120030,12957,2012-05-10,64,OZ,2,7.38
618764932,166,19,1908,105165151,11108,2012-05-10,16,OZ,1,6.59
618764932,166,5,501,103680030,6561,2012-05-10,14.5,OZ,2,5.69
618764932,166,51,5126,101380010,27474,2012-05-11,19,OZ,3,11.07
618764932,166,55,5558,107064070,2014,2012-05-11,24,OZ,1,6.99
618764932,166,29,2924,101740010,11748,2012-05-11,14,OZ,1,3.49
618764932,166,60,6011,101800010,14029,2012-05-12,16.3,OZ,16,36.84
618764932,166,18,1829,107600171,5977,2012-05-13,1,CT,2,1.98
618764932,166,73,7361,107685575,740,2012-05-14,1,CT,1,3.99
618764932,166,64,6408,108224282,49,2012-05-14,0.75,LT,1,11.99
618764932,166,26,2631,103600030,4139,2012-05-14,42,CT,3,10.37
618764932,166,58,5815,102781525,885,2012-05-14,4.5,OZ,1,3.07
618764932,166,97,9753,1022021626,0,2012-05-14,1,CT,1,2.99
618764932,166,56,5609,102830020,16257,2012-05-14,8,OZ,4,7.16
618764932,166,73,7308,103660232,15274,2012-05-14,24,CT,5,9.95
618764932,166,31,3101,104498949,5644,2012-05-15,1,OZ,1,0.89
618764932,166,21,2119,1065762262,26129,2012-05-15,16.9,OZ,2,3.58
618764932,166,9,901,103680030,6561,2012-05-15,9,OZ,1,2.29
618764932,166,64,6409,108130888,21408,2012-05-15,1.5,LT,2,17.98
618764932,166,64,6409,104198545,4071,2012-05-15,3,LT,1,10.99
618764932,166,51,5116,107192171,25673,2012-05-15,28.7,OZ,1,6.99
618764932,166,35,3509,107261373,401,2012-05-15,50,OZ,3,17.97
618764932,166,28,2803,105410050,19509,2012-05-16,10,OZ,3,3.57
618764932,166,51,5116,107192171,25673,2012-05-16,30.3,OZ,1,5.99
618764932,166,38,3801,101580010,2649,2012-05-16,1.5,LB,1,2.49
618764932,166,10,1010,103680030,6561,2012-05-16,7,OZ,1,1.69
618764932,166,9,908,102430020,10577,2012-05-16,8.27,OZ,1,2.29
618764932,166,36,3604,107800070,16023,2012-05-17,144,OZ,5,17.5
618764932,166,5,501,103680030,6561,2012-05-17,18,OZ,1,2.49
618764932,166,29,2907,101122515,19197,2012-05-17,3.75,OZ,1,1.19
618764932,166,17,1712,107499979,15601,2012-05-17,48,OZ,1,14.99
618764932,166,99,9908,103338333,33170,2012-05-17,160,OZ,17,58.45
618764932,166,97,9799,104159646,58176,2012-05-17,128,OZ,2,17.98
618764932,166,51,5124,103190333,6561,2012-05-17,24,OZ,1,7.99
618764932,166,51,5123,1065123565,7522,2012-05-17,28,OZ,4,23.96
618764932,166,79,7901,107547070,12905,2012-05-17,1,CT,1,4.5
618764932,166,31,3101,105210050,11382,2012-05-17,4.25,OZ,1,5.59
618764932,166,3,304,105210050,11382,2012-05-17,2,OZ,1,3.99
618764932,166,57,5710,107835575,61673,2012-05-18,24,OZ,4,15.52
618764932,166,5,501,103800030,4089,2012-05-18,15,OZ,1,3.99
618764932,166,9,902,101410010,45039,2012-05-18,7.2,OZ,2,5.18
618764932,166,36,3635,104150848,27294,2012-05-18,66.9,OZ,1,4.99
618764932,166,32,3204,107321070,17274,2012-05-18,16.9,OZ,1,4.99
618764932,166,25,2507,108425383,15248,2012-05-18,32,OZ,1,3.29
618764932,166,99,9909,107143070,5072,2012-05-19,9.9,OZ,8,23.92
618764932,166,97,9732,107166272,4239,2012-05-19,18,CT,1,4.29
618764932,166,64,6409,108811080,18175,2012-05-19,0.75,LT,1,10.49
618764932,166,63,6315,102830020,16257,2012-05-19,64,OZ,1,3.39
618764932,166,54,5403,107100777,5656,2012-05-19,24,OZ,1,5.69
618764932,166,27,2707,101901414,8664,2012-05-19,6.8,LB,1,14.99
618764932,166,64,6401,101820010,2595,2012-05-19,64,OZ,1,4.49
618764932,166,9,901,104400040,8463,2012-05-20,10,OZ,2,7.98
618764932,166,97,9753,1022031121,0,2012-05-20,1,CT,1,6.99
618764932,166,35,3508,103700030,18371,2012-05-20,16,OZ,2,11.98
618764932,166,56,5615,102100020,9886,2012-05-21,16,OZ,5,38.85
618764932,166,17,1709,101920010,10882,2012-05-21,24,OZ,1,3.89
618764932,166,99,9909,1071658272,26492,2012-05-21,6,OZ,2,5.98
618764932,166,91,9116,107176676,15809,2012-05-21,0.75,LT,2,13.98
618764932,166,26,2614,103700030,514,2012-05-22,28,CT,1,6.49
618764932,166,70,7002,103680030,18533,2012-05-22,20,CT,2,3.88
618764932,166,36,3632,107686070,19713,2012-05-22,144,OZ,2,7.33
618764932,166,18,1802,101122515,21325,2012-05-23,4,CT,1,4.99
618764932,166,69,6901,104589343,1141,2012-05-23,4,OZ,1,4.99
618764932,166,6,610,1061126969,15041,2012-05-23,33.6,OZ,17,84.83
618764932,166,99,9909,1071658272,26492,2012-05-24,6,OZ,2,5.98
618764932,166,92,9208,101311414,174,2012-05-24,1,CT,1,1.99
618764932,166,96,9609,1052830050,88199,2012-05-24,0,,4,-2
618764932,166,41,4107,103710030,10383,2012-05-24,15,OZ,6,6.04
618764932,166,27,2709,101780010,19793,2012-05-24,2.1,OZ,1,1.69
618764932,166,4,407,104136444,43060,2012-05-25,5,OZ,2,2.98
618764932,166,36,3628,107800070,17203,2012-05-25,20,OZ,3,3.27
618764932,166,9,907,107294575,15878,2012-05-25,21,OZ,2,5.98
618764932,166,63,6305,102500020,16489,2012-05-25,89,OZ,13,80.07
618764932,166,58,5827,103760030,8501,2012-05-25,12,OZ,3,23.77
618764932,166,54,5403,101800010,14029,2012-05-25,11.5,OZ,1,2.85
618764932,166,21,2106,107958171,2795,2012-05-25,20,OZ,3,5.37
618764932,166,29,2914,102100020,9886,2012-05-26,36.25,OZ,1,5.99
618764932,166,4,419,103452636,24091,2012-05-26,7,OZ,1,3.99
618764932,166,21,2117,102500020,11749,2012-05-26,12,OZ,1,1.79
618764932,166,81,8101,104799545,601,2012-05-26,1,CT,5,38.45
618764932,166,4,416,102800020,2631,2012-05-26,2.1,OZ,14,9.66
618764932,166,64,6408,108143484,22447,2012-05-27,1.5,LT,2,17.98
618764932,166,14,1410,102850020,10802,2012-05-27,21,OZ,1,4.99
618764932,166,97,9753,1022100020,0,2012-05-27,1,CT,5,14.95
618764932,166,64,6408,108858686,24973,2012-05-27,0.75,LT,2,29.38
618764932,166,15,1506,107102272,11145,2012-05-27,24,OZ,1,4.99
618764932,166,27,2704,103810030,14717,2012-05-28,5,OZ,3,11.07
618764932,166,96,9609,1052732656,88199,2012-05-28,0,,2,-1
618764932,166,24,2406,104450040,25930,2012-05-29,3,OZ,1,2.95
618764932,166,6,610,107084777,11910,2012-05-29,24,OZ,2,6.58
618764932,166,4,418,104000040,26517,2012-05-29,11.4,OZ,2,5.98
618764932,166,56,5613,107455070,14391,2012-05-29,32,OZ,1,7.55
618764932,166,8,814,107210171,10069,2012-05-30,16,OZ,7,23.03
618764932,166,97,9707,101258717,7245,2012-05-30,3,CT,1,2.99
618764932,166,36,3611,104900040,4599,2012-05-30,50.7,OZ,3,5.07
618764932,166,19,1908,105150050,9189,2012-05-31,28,OZ,2,12.58
618764932,166,9,902,104400040,19783,2012-05-31,8.1,OZ,1,4.19
618764932,166,9,901,104400040,13243,2012-05-31,15.35,OZ,4,15.16
618764932,166,64,6409,1072875979,11282,2012-05-31,0.75,LT,1,19.99
618764932,166,9,907,103190333,1436,2012-06-01,12,OZ,89,132.01
618764932,166,36,3638,1073951070,16807,2012-06-01,20,OZ,1,0.99
618764932,166,79,7901,107224676,20014,2012-06-01,1,CT,10,17.9
618764932,166,34,3410,107418272,16853,2012-06-01,8,OZ,3,9.87
618764932,166,9,908,102430020,10577,2012-06-01,11.39,OZ,1,2.59
618764932,166,33,3318,107672171,56587,2012-06-01,16,OZ,1,2
618764932,166,28,2804,10930090,12157,2012-06-01,12,OZ,3,5.67
618764932,166,92,9210,102270020,4197,2012-06-02,0.7,OZ,1,5.99
618764932,166,12,1206,108660080,2559,2012-06-02,2.5,OZ,2,3.58
618764932,166,64,6409,109813797,19997,2012-06-02,0.75,LT,1,7.99
618764932,166,36,3629,101200010,23360,2012-06-02,144,OZ,4,18
618764932,166,99,9904,103338333,33170,2012-06-02,16,OZ,111,272.67
618764932,166,25,2504,102800020,12547,2012-06-02,7.6,OZ,4,6.76
618764932,166,18,1898,103980030,5782,2012-06-02,4,CT,5,26.95
618764932,166,91,9110,108970888,14058,2012-06-02,0.75,LT,4,51.96
618764932,166,21,2106,107535575,13044,2012-06-02,64,OZ,7,18.37
618764932,166,36,3603,104300040,26420,2012-06-02,256,OZ,1,1.88
618764932,166,91,9122,108200080,27558,2012-06-03,59.2,OZ,1,11.99
618764932,166,63,6313,107111777,87193,2012-06-03,10,OZ,1,2.99
618764932,166,36,3603,107239272,74166,2012-06-03,64,OZ,12,1.48
618764932,166,7,708,1076211171,17286,2012-06-03,16,OZ,5,66.75
618764932,166,31,3101,102240020,12114,2012-06-03,2.5,OZ,2,6.98
618764932,166,41,4107,102000020,7655,2012-06-03,11,OZ,2,3
618764932,166,5,501,103000030,45635,2012-06-03,13,OZ,4,11.96
618764932,166,33,3315,103680030,6561,2012-06-03,7.25,OZ,3,4.77
618764932,166,58,5813,104222242,26234,2012-06-03,12,OZ,5,9.45
618764932,166,8,814,107287878,8228,2012-06-04,70,OZ,8,39.92
618764932,166,14,1410,104164242,16879,2012-06-04,12.5,OZ,1,3.99
618764932,166,4,410,1085168989,78454,2012-06-04,4,OZ,22,43.78
618764932,166,97,9753,1023402222,0,2012-06-04,1,CT,6,11.94
618764932,166,33,3309,102840020,18584,2012-06-04,13,OZ,5,17.45
618764932,166,26,2614,103700030,514,2012-06-04,18,CT,1,3.49
618764932,166,31,3101,105210050,11382,2012-06-04,0.25,OZ,1,5.49
618764932,166,9,902,104157040,2017,2012-06-05,4.25,OZ,1,3.49
618764932,166,26,2628,103700030,2248,2012-06-05,1,RL,4,11.56
618764932,166,33,3303,102840020,10241,2012-06-05,14.5,OZ,3,14.97
618764932,166,35,3509,102420020,14716,2012-06-05,50,OZ,5,14.95
618764932,166,97,9753,1020403323,0,2012-06-05,1,CT,2,9.03
618764932,166,58,5814,104470040,10837,2012-06-06,13,OZ,1,4.29
618764932,166,7,708,1088133484,5357,2012-06-06,12,OZ,2,19.58
618764932,166,97,9753,1023288727,0,2012-06-06,1,CT,3,10.07
618764932,166,91,9110,108068686,20004,2012-06-06,1.75,LT,2,23.98
618764932,166,51,5130,101380010,27474,2012-06-06,11.75,OZ,1,2.5
618764932,166,37,3709,104178949,11224,2012-06-07,13.5,OZ,2,4.58
618764932,166,79,7901,1072527474,45644,2012-06-07,1,CT,3,38.97
618764932,166,59,5910,103377636,16650,2012-06-07,7.5,OZ,2,5.78
618764932,166,64,6408,108601282,38185,2012-06-07,1.5,LT,3,32.97
618764932,166,17,1703,104460040,3718,2012-06-07,32,OZ,1,3.89
618764932,166,57,5710,108819484,2433,2012-06-07,6,OZ,9,8.91
618764932,166,26,2614,103600030,9878,2012-06-07,18,CT,1,3.99
618764932,166,54,5403,102708626,5108,2012-06-07,18,OZ,1,4.95
618764932,166,36,3629,101200010,23360,2012-06-07,144,OZ,1,4.5
618764932,166,46,4606,101122515,19197,2012-06-07,64,OZ,1,11.99
618764932,166,70,7004,105113151,174,2012-06-07,1,CT,1,3.49
618764932,166,28,2804,107639777,9982,2012-06-08,7,OZ,3,5.07
618764932,166,21,2112,104175545,10177,2012-06-08,64,OZ,7,21.16
618764932,166,3,302,104300040,1292,2012-06-08,4,OZ,3,14.97
618764932,166,37,3705,105100050,2820,2012-06-08,18.8,OZ,3,7.57
618764932,166,21,2108,101480010,12021,2012-06-09,128,OZ,1,5.49
618764932,166,75,7504,108680080,12554,2012-06-09,5,OZ,3,35.64
618764932,166,64,6401,103410030,93313,2012-06-09,144,OZ,2,29.98
618764932,166,97,9753,1021053222,0,2012-06-09,1,CT,5,68.38
618764932,166,33,3303,102840020,15598,2012-06-09,9,OZ,11,43.89
618764932,166,56,5614,104610040,15889,2012-06-09,12,OZ,2,12.68
618764932,166,8,803,103680030,6561,2012-06-10,12,OZ,2,2.38
618764932,166,33,3312,103700030,14494,2012-06-10,6.41,OZ,3,5.97
618764932,166,51,5125,107265575,8089,2012-06-10,10.5,OZ,1,2.79
618764932,166,28,2803,103680030,6561,2012-06-11,16,OZ,1,1.99
618764932,166,8,801,101300010,8164,2012-06-11,32,OZ,1,2.69
618764932,166,72,7205,103500030,3830,2012-06-11,4,OZ,4,14.26
618764932,166,31,3108,101122515,19197,2012-06-11,6,OZ,4,3.96
618764932,166,45,4508,104440040,7504,2012-06-12,11.4,OZ,1,3.99
618764932,166,10,1010,105150050,16728,2012-06-12,7.25,OZ,2,5
618764932,166,27,2712,102900727,33280,2012-06-12,320,OZ,2,14.98
618764932,166,55,5559,107756777,14286,2012-06-12,32,OZ,4,15.96
618764932,166,22,2201,103680030,6561,2012-06-12,96,OZ,3,5.97
618764932,166,26,2609,104200040,5016,2012-06-12,100,CT,1,5.49
618764932,166,33,3304,102840020,6777,2012-06-12,14,OZ,1,4.29
618764932,166,73,7307,1031254737,20403,2012-06-12,5,CT,2,12.98
618764932,166,91,9110,108292888,6455,2012-06-12,1.75,LT,5,57.45
618764932,166,51,5125,101380010,10271,2012-06-12,8.5,OZ,3,8.85
618764932,166,59,5902,103450030,10165,2012-06-13,8,OZ,6,17.14
618764932,166,8,801,101300010,8164,2012-06-13,20,OZ,3,6.77
618764932,166,9,902,101410010,45039,2012-06-13,30,OZ,6,44.94
618764932,166,17,1712,107440575,17149,2012-06-13,22,OZ,0,-0.3
618764932,166,63,6320,103190333,1436,2012-06-13,18,CT,17,50.63
618764932,166,91,9131,108676787,1270,2012-06-14,0.05,LT,2,4.58
618764932,166,4,419,107726070,15624,2012-06-14,10,OZ,1,6.99
618764932,166,9,908,104500040,8511,2012-06-14,3.75,OZ,2,1.98
618764932,166,5,519,1088392181,24630,2012-06-15,4.9,OZ,6,5.94
618764932,166,29,2904,101600010,7860,2012-06-15,5.8,OZ,1,1.5
618764932,166,26,2631,103600030,4139,2012-06-16,42,CT,3,7.67
618764932,166,36,3632,1063671161,18113,2012-06-16,33.8,OZ,5,4.95
618764932,166,44,4401,103210030,15878,2012-06-16,10.75,OZ,1,4.45
618764932,166,56,5615,102100020,9886,2012-06-16,16,OZ,3,23.31
618764932,166,8,810,104800141,9814,2012-06-16,0.9,OZ,1,1.99
618764932,166,22,2205,102460020,11990,2012-06-16,40,LB,3,14.97
618764932,166,31,3101,1076884272,22010,2012-06-16,8,OZ,2,5.58
618764932,166,26,2632,101122515,19197,2012-06-17,80,CT,1,2.59
618764932,166,99,9908,1070935171,5534,2012-06-17,8,OZ,4,13.96
618764932,166,32,3204,103680030,6561,2012-06-18,17,OZ,1,3.99
618764932,166,27,2701,101113212,491,2012-06-18,13.2,OZ,1,0.95
618764932,166,4,410,104137646,6663,2012-06-18,0.49,OZ,3,5.97
618764932,166,19,1906,105150050,16728,2012-06-18,10,OZ,1,3.69
618764932,166,55,5557,104767747,5168,2012-06-18,8.67,OZ,2,9.58
618764932,166,8,811,104112949,3635,2012-06-18,8.1,OZ,4,11.96
618764932,166,9,910,105929050,3034,2012-06-19,7,OZ,1,3.49
618764932,166,58,5823,107527878,6625,2012-06-19,10,OZ,10,26.49
618764932,166,51,5119,107332171,17710,2012-06-19,9.6,OZ,1,5.99
618764932,166,8,810,105210050,11382,2012-06-19,1.25,OZ,19,19.21
618764932,166,56,5616,107283070,18390,2012-06-19,8,OZ,5,20.23
618764932,166,64,6410,1063598565,11683,2012-06-20,67.2,OZ,7,52.93
618764932,166,5,501,104240040,40317,2012-06-20,14,OZ,1,2.49
618764932,166,12,1203,102010020,1525,2012-06-20,3.75,OZ,18,23.22
618764932,166,44,4404,103680030,6561,2012-06-20,13,OZ,4,8
618764932,166,18,1850,101122515,5093,2012-06-21,3,CT,1,2.59
618764932,166,21,2114,101660010,15505,2012-06-21,12,OZ,1,3.69
618764932,166,47,4706,1088403888,9073,2012-06-21,8,OZ,6,17.28
618764932,166,97,9707,103680030,6561,2012-06-21,5,CT,2,5.78
618764932,166,64,6401,1070277070,19856,2012-06-22,144,OZ,3,44.97
618764932,166,97,9799,104159646,58176,2012-06-22,8,OZ,2,5.98
618764932,166,21,2114,103680030,6561,2012-06-22,15,OZ,2,3.98
618764932,166,9,907,104500040,8421,2012-06-22,20,OZ,4,9.96
618764932,166,53,5305,104880040,58100,2012-06-22,12,OZ,2,2
618764932,166,32,3201,105150050,4307,2012-06-22,16,OZ,1,3.49
618764932,166,56,5609,104990040,9818,2012-06-23,16,OZ,2,4.98
618764932,166,5,501,105844959,12466,2012-06-23,12.5,OZ,1,5.29
618764932,166,30,3008,101122515,19197,2012-06-23,16,OZ,3,5.01
618764932,166,51,5131,104227242,648,2012-06-23,9.5,OZ,4,19.46
618764932,166,5,501,104240040,40317,2012-06-24,11.5,OZ,2,4.98
618764932,166,12,1206,108000080,17292,2012-06-24,4.5,OZ,3,5.67
618764932,166,26,2622,103680030,6561,2012-06-24,20,CT,6,13.24
618764932,166,27,2712,102900727,33280,2012-06-24,336,OZ,1,13.49
618764932,166,8,822,107013272,9327,2012-06-24,15,OZ,2,4.78
618764932,166,79,7901,1072527474,23317,2012-06-24,1,CT,2,23.98
618764932,166,27,2710,104133444,9293,2012-06-25,10,LB,1,2.49
618764932,166,71,7114,1071722676,9241,2012-06-25,4,OZ,1,6.49
618764932,166,9,917,104856444,7755,2012-06-25,16,OZ,16,30.24
618764932,166,37,3706,104119646,14582,2012-06-26,18.5,OZ,2,4.58
618764932,166,64,6409,108224282,7329,2012-06-26,0.75,LT,2,19.98
618764932,166,43,4302,107027272,15085,2012-06-26,6.5,OZ,3,8.57
618764932,166,56,5615,107283070,18390,2012-06-26,16,OZ,5,33.29
618764932,166,11,1114,107027272,5613,2012-06-26,16,OZ,1,3.99
618764932,166,4,410,102211020,8574,2012-06-27,4,OZ,1,0.99
618764932,166,21,2119,108813080,18653,2012-06-27,23,OZ,6,5.94
618764932,166,64,6401,108982686,18097,2012-06-27,216,OZ,1,15.99
618764932,166,91,9128,108068686,10706,2012-06-27,1.75,LT,1,16.99
618764932,166,27,2713,102310020,13705,2012-06-27,13.2,OZ,4,4.76
618764932,166,8,810,103680030,6561,2012-06-27,0.75,OZ,2,1
618764932,166,33,3315,107570070,5072,2012-06-27,4.5,OZ,1,3.19
618764932,166,56,5616,107283070,18390,2012-06-28,8,OZ,3,11.85
618764932,166,64,6408,108500080,1387,2012-06-28,1.5,LT,1,10.99
618764932,166,73,7361,107685575,740,2012-06-28,1,CT,1,5.99
618764932,166,91,9120,108200080,9301,2012-06-28,0.38,LT,1,9.99
618764932,166,58,5814,104470040,10837,2012-06-28,3.2,OZ,7,13.83
618764932,166,36,3628,101200010,12029,2012-06-29,50.7,OZ,6,5.94
618764932,166,63,6315,104138343,10091,2012-06-29,32,OZ,2,5.38
618764932,166,26,2629,104841949,641,2012-06-29,16,CT,1,2.89
618764932,166,28,2806,10930090,12157,2012-06-29,16,OZ,3,8.97
618764932,166,51,5116,107192171,25673,2012-06-29,32.7,OZ,1,6.99
618764932,166,30,3001,104800141,1707,2012-06-30,16.5,OZ,1,4.29
618764932,166,40,4005,107695070,23056,2012-06-30,1.09,OZ,1,5.49
618764932,166,26,2614,103600030,9878,2012-06-30,60,CT,1,3.99
618764932,166,4,416,102800020,4346,2012-06-30,1.3,OZ,16,15.84
618764932,166,97,9753,1023902727,0,2012-06-30,1,CT,1,54.99
618764932,166,73,7345,1034138333,1535,2012-06-30,30,CT,1,6.17
618764932,166,4,418,103400030,20231,2012-07-01,12,OZ,1,2.99
618764932,166,8,821,104139040,9659,2012-07-01,20,OZ,2,7.58
618764932,166,75,7520,1030052131,27166,2012-07-01,375,CT,1,3.49
618764932,166,9,916,107012979,13037,2012-07-01,5.25,OZ,4,12.76
618764932,166,63,6313,107111777,15194,2012-07-01,11,OZ,2,7.98
618764932,166,33,3307,104012949,8952,2012-07-01,2.75,OZ,1,1.99
618764932,166,64,6401,1078615070,17345,2012-07-01,67.2,OZ,2,17.98
618764932,166,8,803,104150040,6714,2012-07-01,8,OZ,5,11.15
618764932,166,72,7220,1030057333,656,2012-07-02,0.33,OZ,0,0
618764932,166,55,5557,107684070,32094,2012-07-02,3.6,OZ,2,2.04
618764932,166,55,5559,107756777,14286,2012-07-02,24.75,OZ,1,4.37
618764932,166,9,907,105040050,15878,2012-07-02,24,OZ,5,14.95
618764932,166,7,709,109955595,68135,2012-07-02,4.8,OZ,1,9.99
618764932,166,35,3508,103700030,18371,2012-07-03,25,OZ,3,16.47
618764932,166,36,3611,104900040,4599,2012-07-03,405.6,OZ,22,87.78
618764932,166,36,3630,107800070,23561,2012-07-03,60,OZ,2,5.98
618764932,166,55,5558,107453474,2507,2012-07-03,36,OZ,9,22.05
618764932,166,56,5615,102100020,4218,2012-07-03,8,OZ,1,4.99
618764932,166,99,9909,103190333,1436,2012-07-03,24,OZ,6,14.44
618764932,166,2,201,1064420969,5345,2012-07-03,16.5,OZ,4,8.57
618764932,166,26,2631,103600030,4139,2012-07-04,42,CT,5,15.15
618764932,166,31,3101,105210050,11382,2012-07-04,0.75,OZ,2,3.99
618764932,166,25,2503,103680030,6561,2012-07-04,8,OZ,1,3.39
618764932,166,9,902,108136383,12592,2012-07-04,7.2,OZ,1,3.19
618764932,166,9,907,107341070,2437,2012-07-04,20,OZ,7,13.93
618764932,166,31,3101,107613272,17592,2012-07-04,3.75,OZ,1,4.99
618764932,166,97,9753,1023200121,0,2012-07-04,1,CT,12,33.48
618764932,166,63,6330,102830020,16257,2012-07-05,8,OZ,3,6.87
618764932,166,45,4513,104222242,26234,2012-07-05,32,OZ,1,5.99
618764932,166,51,5117,104280040,18599,2012-07-05,10.9,OZ,3,4.17
618764932,166,56,5615,102100020,4218,2012-07-05,8,OZ,1,6.57
618764932,166,69,6901,107940070,4696,2012-07-05,2.7,OZ,3,7.77
618764932,166,69,6901,104589343,1141,2012-07-05,4,OZ,0,0
618764932,166,36,3611,104900040,4599,2012-07-05,101.4,OZ,1,3.49
618764932,166,51,5115,107218070,15035,2012-07-06,23.45,OZ,3,11.97
618764932,166,17,1703,104460040,6608,2012-07-06,32,OZ,2,7.48
618764932,166,23,2301,102924323,10022,2012-07-07,7.5,OZ,1,0.39
618764932,166,56,5615,103164838,1358,2012-07-07,16,OZ,2,7.98
618764932,166,13,1305,103000030,14760,2012-07-07,12,OZ,1,3.79
618764932,166,18,1836,101122515,21040,2012-07-07,32,OZ,3,8.97
618764932,166,99,9909,103260131,5489,2012-07-07,6.5,OZ,1,2.75
618764932,166,31,3101,105210050,11382,2012-07-07,0.75,OZ,3,10.67
618764932,166,71,7114,105233656,26006,2012-07-07,6.8,OZ,1,5.49
618764932,166,55,5557,107684070,32094,2012-07-08,3.6,OZ,7,7.47
618764932,166,5,501,107061777,1370,2012-07-08,14,OZ,1,5.59
618764932,166,4,419,1074759979,7168,2012-07-08,3.5,OZ,1,2.99
618764932,166,27,2702,107910070,7608,2012-07-08,17.6,LB,1,8.99
618764932,166,73,7311,1030006535,375,2012-07-10,10,OZ,1,8.99
618764932,166,33,3304,107115979,21142,2012-07-10,4,OZ,10,12.5
618764932,166,26,2609,104200040,5016,2012-07-10,24,CT,3,7.47
618764932,166,33,3312,103700030,14494,2012-07-10,5.82,OZ,4,10.76
618764932,166,8,836,104139040,9659,2012-07-10,10,OZ,1,2.29
618764932,166,63,6320,1071514171,25530,2012-07-10,18,CT,4,15.96
618764932,166,55,5558,107064070,2014,2012-07-11,27.6,OZ,1,5.99
618764932,166,64,6401,103410030,11704,2012-07-11,24,OZ,8,16.92
618764932,166,50,5002,103100030,1358,2012-07-12,7,OZ,8,6.92
618764932,166,5,504,1079108373,5499,2012-07-12,2.11,OZ,1,1.79
618764932,166,5,501,101600010,4009,2012-07-12,11.25,OZ,3,13.77
618764932,166,63,6316,103190333,1436,2012-07-12,16,OZ,17,27.03
618764932,166,28,2804,103900030,13296,2012-07-12,27,OZ,1,4.99
618764932,166,71,7113,107940070,17521,2012-07-12,12.6,OZ,3,7.47
618764932,166,97,9753,1023529121,0,2012-07-13,1,CT,1,3.24
618764932,166,19,1910,1089445585,9419,2012-07-13,16,OZ,1,9.99
618764932,166,70,7004,103680030,18533,2012-07-13,1,CT,2,7.98
618764932,166,36,3630,107800070,23561,2012-07-13,67.6,OZ,14,18.96
618764932,166,30,3010,103680030,6561,2012-07-13,16,OZ,3,5.97
618764932,166,9,901,108610686,10451,2012-07-13,13,OZ,3,3.87
618764932,166,73,7305,1030022535,1667,2012-07-13,0.8,OZ,2,9.58
618764932,166,31,3101,105210050,11382,2012-07-14,2.12,OZ,1,3.39
618764932,166,99,9909,107774575,14997,2012-07-14,9,OZ,1,3.49
618764932,166,17,1709,104460040,3718,2012-07-15,24,OZ,3,8.67
618764932,166,36,3632,107800070,4354,2012-07-15,144,OZ,1,4.5
618764932,166,13,1306,107101272,9680,2012-07-15,2,LB,1,4.49
618764932,166,26,2628,107331070,11125,2012-07-17,3,RL,3,8.97
618764932,166,73,7361,1036373636,2163,2012-07-17,8,CT,1,3.99
618764932,166,3,310,107045070,4913,2012-07-17,2.25,OZ,3,11.27
618764932,166,31,3108,103680030,6561,2012-07-17,9.5,OZ,1,1.89
618764932,166,31,3108,103680030,6561,2012-07-18,5,OZ,5,8.95
618764932,166,34,3405,101111111,5168,2012-07-18,3.17,OZ,1,1.98
618764932,166,58,5824,104274343,5653,2012-07-18,9,OZ,2,2.58
618764932,166,73,7312,103680030,18533,2012-07-18,0.5,OZ,4,7.96
618764932,166,73,7330,1035310030,19502,2012-07-19,40,CT,1,7.99
618764932,166,27,2707,101780010,93964,2012-07-19,16,LB,3,33.47
618764932,166,73,7344,1071683777,13783,2012-07-19,25,CT,2,22.98
618764932,166,63,6315,103190333,1436,2012-07-19,128,OZ,215,541.58
618764932,166,97,9753,1022124828,0,2012-07-19,1,CT,1,3.99
618764932,166,26,2619,101370010,8154,2012-07-19,22,CT,1,4.99
618764932,166,71,7113,107940070,5168,2012-07-20,12,OZ,1,4.99
