4639529797,152,63,6320,1068826767,81691,2012-11-16,12,CT,1,2.49
4639531707,152,63,6320,1068826767,81691,2012-07-13,8,CT,1,1.39
4639538745,153,33,3314,103000030,14760,2012-05-31,7.23,OZ,1,2.69
4639538745,153,63,6315,1068826767,81691,2013-01-08,128,OZ,1,4.09
4639539847,152,19,1908,104800141,16564,2012-09-19,15,OZ,1,3.39
4639540372,6,25,2506,104127141,26189,2013-04-12,16,OZ,1,2.39
4639543593,6,28,2806,10930090,12157,2013-01-01,24,OZ,2,5.98
4639543593,6,60,6001,101800010,14029,2013-03-05,16.5,OZ,1,3.19
4639546472,6,44,4406,103800030,5618,2012-09-26,12.9,OZ,1,2.79
4639547679,153,37,3706,105010050,8089,2013-01-16,14,OZ,3,7.5
4639549413,152,53,5307,102190828,3073,2013-03-06,16,OZ,5,14.95
4639552307,152,17,1701,1067811262,3912,2012-09-22,17,OZ,1,1.59
4639554639,153,55,5562,104410040,8481,2012-05-24,48,OZ,2,7.98
4639555087,6,36,3629,104900040,6716,2012-05-07,144,OZ,1,6.29
4639555087,6,33,3316,101600010,3397,2012-10-08,8.75,OZ,1,2.69
4639558440,152,62,6202,102484222,2542,2012-06-03,20,OZ,1,7.49
4639558440,152,36,3635,104150848,27294,2012-09-07,50.7,OZ,1,4.59
4639560322,152,58,5831,107274575,13804,2012-06-08,24,OZ,1,10.49
4639560322,152,72,7203,103700030,4294,2012-11-02,32,OZ,1,7.49
4639561682,153,26,2628,1068826767,20616,2012-05-22,1,RL,1,1
4639561799,153,9,907,101410010,13791,2013-02-28,16,OZ,1,3.79
4639566339,153,9,922,1077098171,94010,2012-10-24,8.8,OZ,1,3.99
4639566339,153,8,807,101340919,17823,2013-01-13,18,OZ,1,2.49
4639566339,153,63,6316,107342070,4529,2013-02-22,8,OZ,1,1.59
4639568592,153,63,6313,107357070,8185,2012-09-03,24,OZ,1,3.99
4639568592,153,99,9908,105783656,17665,2012-10-24,16,OZ,1,3.99
4639569317,152,44,4406,1082624686,19487,2012-10-24,8,OZ,1,4.49
4639569317,152,30,3009,104100040,19975,2013-01-14,8,OZ,1,1.89
4639574652,152,41,4105,102700020,8612,2013-01-09,14.5,OZ,1,1.49
4639576507,153,64,6409,108130888,25521,2012-08-11,0.75,LT,1,11.99
4639576507,153,64,6408,101834111,1387,2013-02-01,1.5,LT,1,11.49
4639577443,6,5,516,101600010,12426,2012-03-20,7.4,OZ,1,3.19
4639577443,6,63,6320,1068826767,81691,2012-05-19,12,CT,2,4.98
4639577443,6,16,1604,107339070,11515,2013-03-19,15,CT,1,1.99
4639577982,152,71,7113,102240020,18715,2012-11-18,32,OZ,2,9.58
4639578815,6,33,3303,108379181,4988,2012-11-16,2,OZ,4,3.96
4639578876,153,54,5402,101960010,1058,2012-06-18,12.5,OZ,1,2.89
4639578876,153,96,9632,107675070,25169,2012-11-30,1,CT,1,25
4639578876,153,3,302,1074759979,7168,2013-04-18,12,OZ,1,3.69
4639580637,153,33,3303,102840020,10241,2013-01-09,10.5,OZ,1,4.29
4639580637,153,63,6305,104850040,18799,2013-02-03,89,OZ,1,4.99
4639581216,152,8,810,105210050,11382,2012-10-22,0.75,OZ,1,1.49
4639581216,152,4,410,107172070,18529,2012-10-26,13.2,OZ,2,6.38
4639581216,152,91,9109,108200080,16696,2013-01-04,0.75,LT,1,17.49
4639581514,152,63,6305,102500020,16489,2012-12-08,59,OZ,1,3.59
4639583858,6,16,1604,101254616,17473,2012-10-01,14,CT,2,2.58
4639584524,6,33,3307,102900020,14112,2012-08-12,8.25,OZ,1,7.89
4639587551,152,1,106,101500010,7142,2012-03-15,14,OZ,2,5.98
4639589183,152,60,6007,101800010,14029,2012-04-15,8,OZ,1,2.99
4639589183,152,26,2634,103600030,4139,2012-04-26,6,RL,1,5.99
4639589183,152,8,801,101300010,8164,2013-01-14,14,OZ,1,1.99
4639595160,153,9,907,1068826767,81691,2012-05-10,12,OZ,2,2.5
4639595160,153,21,2119,1061300868,867,2012-07-05,138,OZ,2,7.98
4639595160,153,95,9518,1061029060,6015,2012-10-11,1,CT,1,3.99
4639595160,153,1,106,101500010,7142,2013-02-28,7,OZ,5,5.45
4639597062,6,26,2619,1068826767,7173,2012-07-14,26,CT,1,4.49
4639597210,153,31,3101,105210050,11382,2012-07-23,0.85,OZ,1,5.49
4639597210,153,9,901,103010030,19370,2012-09-15,14.2,OZ,1,3.59
4639597210,153,63,6305,1068826767,81691,2013-03-24,59,OZ,1,2.79
4639597574,6,18,1802,104613545,17898,2012-07-08,4,CT,1,3.99
4639599810,153,9,902,104950848,16730,2012-09-26,14,OZ,1,4.99
4639599810,153,37,3703,105100050,2820,2012-12-20,10.75,OZ,1,1.89
4639599820,6,51,5126,1073891272,2225,2012-03-07,16,OZ,1,3.69
4639599820,6,26,2622,102570020,20361,2012-10-14,15,CT,1,3.99
4639602086,152,41,4109,105100050,2820,2012-04-06,28,OZ,1,1.55
4639602118,6,2,202,101600010,1756,2012-07-04,17.5,OZ,1,2.49
4639602118,6,2,202,101600010,1756,2012-11-19,17.5,OZ,2,4.98
4639603398,6,97,9799,104152040,16665,2012-10-14,1,CT,1,5.99
4639603398,6,8,830,104123444,11382,2012-12-24,8,OZ,1,2.99
4639603398,6,37,3708,104100040,10522,2013-03-24,1.8,OZ,1,1.99
4639603398,6,62,6202,1068826767,81691,2013-04-02,9,OZ,2,6.98
4639604164,153,75,7533,104152040,2963,2012-06-23,2,CT,2,1.98
4639604164,153,9,901,103010030,3454,2012-12-12,13.3,OZ,1,3.79
4639606785,153,33,3305,102840020,18584,2012-05-24,10,OZ,1,3.99
4639608588,6,58,5814,104470040,10837,2012-12-29,3.4,OZ,1,2
4639608588,6,97,9771,1084560484,4024,2013-03-03,1,CT,1,5.99
4639609771,153,58,5832,107274575,13804,2012-10-14,9,OZ,1,5.99
4639611480,152,26,2609,1068826767,7173,2012-07-26,12,CT,2,2
4639611480,152,30,3010,109232595,713,2012-12-12,8,OZ,1,3.99
4639612388,152,9,907,101410010,13791,2013-02-08,20,OZ,1,2.69
4639613726,152,29,2923,104100040,9814,2012-10-07,4.8,OZ,2,3
4639613726,152,33,3318,104141949,3909,2012-12-20,13,OZ,1,3.29
4639618307,153,29,2907,104600040,13023,2012-03-04,11.4,OZ,2,6.3
4639618307,153,26,2631,103600030,16048,2012-11-03,102,CT,1,4.35
4639620711,153,9,916,103361737,19613,2012-05-31,4.9,OZ,1,3.19
4639620711,153,9,902,103010030,18457,2012-06-03,12,OZ,2,9.98
4639620711,153,56,5621,1068826767,33170,2012-06-11,8,OZ,1,2.99
4639620711,153,2,202,101600010,1756,2012-12-05,18.9,OZ,2,5.5
4639622828,6,9,914,107518575,11221,2013-02-20,15,OZ,1,3.69
4639623656,152,21,2113,102800020,56490,2012-09-27,54,OZ,1,2.5
4639624953,153,63,6320,1068826767,81691,2012-10-27,12,CT,1,2.39
4639625725,153,58,5811,107929676,10737,2013-02-06,8,OZ,6,17.94
4639625873,6,73,7344,1034152030,2963,2013-04-20,96,CT,1,3.39
4639626412,6,56,5620,1068826767,81691,2012-03-14,16,OZ,1,4.69
4639626412,6,54,5403,101800010,14029,2012-09-13,11.5,OZ,3,8.37
4639628602,152,26,2632,1068826767,81691,2012-11-01,42,CT,2,6.38
4639628602,152,59,5902,1068826767,81691,2013-04-06,16,OZ,1,3.39
4639635078,152,14,1414,1068826767,81691,2013-03-14,8.75,OZ,1,0.95
4639635289,153,97,9753,1020814020,0,2012-04-04,1,CT,1,28.57
4639636013,6,63,6315,1068826767,12475,2012-03-12,128,OZ,2,13.38
4639640774,152,25,2509,1068826767,81691,2012-11-24,32,OZ,1,2.59
4639640774,152,6,610,107084777,11910,2013-01-11,16,OZ,1,2
4639641758,6,63,6320,1068826767,81691,2012-04-14,12,CT,1,3.09
4639641758,6,9,907,101114616,17698,2012-04-18,15,OZ,1,2.29
4639641758,6,9,920,107641070,10160,2012-04-28,11,OZ,1,3.29
4639641758,6,57,5704,103000030,12172,2012-09-28,5.3,OZ,6,6
4639641758,6,8,838,102700020,11091,2013-02-28,24,OZ,1,2.99
4639641758,6,57,5704,103000030,12172,2013-03-24,5.3,OZ,8,8
4639641758,6,5,501,1068826767,81691,2013-05-27,14,OZ,1,2.99
4639641770,152,46,4606,107120272,5072,2012-07-22,14,OZ,1,3.89
4639645903,152,38,3802,1068826767,81691,2013-03-10,2,LB,1,1.79
4639648376,152,8,818,1068826767,16481,2012-07-20,25,OZ,3,12.87
4639649100,152,58,5828,104120848,18062,2013-03-03,6,OZ,3,8.97
4639649100,152,29,2928,104100040,9814,2013-04-14,5.3,OZ,3,4.5
4639649447,152,7,708,1088133484,5357,2012-12-22,24,OZ,1,15.99
4639652418,153,41,4121,102700020,8612,2012-04-30,8,OZ,3,2.67
4639652418,153,51,5115,107218070,15035,2012-11-04,20.6,OZ,1,5.49
4639656416,152,99,9904,103338333,33170,2012-04-10,16,OZ,1,3.99
4639656416,152,63,6315,1068826767,81691,2012-11-30,128,OZ,1,4.39
4639656757,153,13,1306,105150050,14029,2012-11-18,5,LB,1,2.75
4639658000,152,26,2633,105400050,16048,2012-05-13,12,RL,1,10.69
4639658000,152,27,2701,101113212,491,2013-01-04,13.2,OZ,4,3.2
4639658610,152,7,702,104300040,11339,2012-05-04,12,OZ,1,10.69
4639660031,152,36,3632,1068826767,28357,2012-06-23,67.6,OZ,1,0.89
4639660031,152,36,3632,1068826767,28357,2012-08-28,67.6,OZ,1,0.89
4639664425,153,97,9701,104113747,5381,2012-05-22,1,CT,2,10.38
4639664425,153,18,1841,103700030,17864,2012-11-26,12,CT,1,9.89
4639664757,152,99,9908,1073434777,52469,2013-01-12,20,OZ,1,2.49
4639670745,153,96,9609,1057572050,88199,2012-04-18,0,,1,0
4639670745,153,24,2406,103760030,17027,2013-02-26,12,OZ,2,6.58
4639670745,153,56,5609,104410040,8481,2013-03-15,24,OZ,1,3.99
4639670745,153,26,2630,103700030,14647,2013-03-30,540,CT,1,5.99
4639671690,152,99,9909,1068826767,81691,2012-12-22,6,OZ,1,3.69
4639671911,152,65,6502,1068826767,81691,2012-03-24,15,OZ,1,3.29
4639671911,152,33,3302,102819020,26252,2012-08-02,30,OZ,1,3.49
4639671911,152,63,6315,1068826767,12475,2012-08-28,64,OZ,1,3.79
4639671911,152,9,914,107091676,9494,2012-12-12,14,OZ,1,3.19
4639671911,152,63,6315,104138343,10091,2013-03-22,32,OZ,1,2.49
4639675046,152,79,7901,107447070,22419,2012-09-13,1,CT,1,4.99
4639675046,152,18,1898,103980030,5782,2012-11-17,8,CT,1,7.99
4639682525,153,58,5827,1068826767,81691,2012-08-05,16,OZ,1,3.99
4639685404,152,37,3707,102400020,3843,2013-02-12,14.5,OZ,1,1.2
4639686953,152,41,4121,102700020,8612,2012-03-03,29,OZ,1,1.95
4639686953,152,19,1908,105150050,9189,2012-03-10,18,OZ,1,3.79
4639686953,152,99,9909,107143070,5072,2012-06-14,14,OZ,1,1.99
4639686953,152,99,9909,102112020,20616,2012-06-18,6,OZ,1,3.69
4639686953,152,58,5812,105450050,1322,2012-09-06,16,OZ,2,7.98
4639686953,152,33,3307,104157040,2017,2012-11-04,6,OZ,1,3.65
4639688670,153,26,2628,104200040,2308,2012-09-09,6,RL,1,8.59
4639688670,153,21,2103,1068826767,7740,2012-11-25,128,OZ,1,1
4639688670,153,35,3504,103500030,330,2013-02-17,14,OZ,1,1.35
4639688882,152,26,2620,1068826767,17698,2012-09-02,20,CT,3,4.77
4639689410,153,51,5125,101380010,10271,2012-03-22,6,OZ,1,2.69
4639689410,153,99,9908,1075166676,52506,2012-04-01,10.5,OZ,1,3.99
4639689410,153,25,2506,104410040,8481,2012-04-12,16,OZ,2,4.98
4639689410,153,63,6399,1068826767,81691,2013-05-30,14,OZ,1,3.99
4639690454,152,35,3504,103700030,4628,2013-02-16,9,OZ,1,1.79
4639690454,152,56,5607,102100020,13967,2013-06-23,8,OZ,2,6.98
4639691215,152,9,901,104400040,3453,2013-02-15,13,OZ,1,3.69
4639694218,6,37,3706,104119646,14582,2012-05-26,19,OZ,1,2.29
4639694218,6,9,918,1069499060,10775,2012-09-17,4.41,OZ,1,3.19
4639694218,6,71,7113,107050171,12554,2012-10-15,6,OZ,1,6.49
4639694218,6,58,5823,103390030,9286,2012-11-03,8,OZ,1,3.19
4639694690,153,55,5560,104154848,5603,2013-01-16,16.1,OZ,1,4.19
4639695130,152,75,7520,1030052131,27166,2012-03-28,300,CT,1,3
4639695130,152,99,9909,107143070,5072,2012-10-12,5,OZ,1,3.69
4639695130,152,63,6315,105215959,41981,2013-01-27,64,OZ,4,15.96
4639695402,6,51,5127,105100050,8605,2012-06-06,14.5,OZ,1,3.45
4639700084,152,64,6401,101820010,2510,2012-08-01,216,OZ,2,31.98
4639700084,152,97,9753,1020401121,0,2012-09-27,1,CT,1,0.92
4639700084,152,26,2630,1068826767,81691,2012-10-04,80,CT,1,1
4639700084,152,71,7107,1030815131,3609,2013-01-03,1,CT,1,7.49
4639700493,152,9,907,107432373,1866,2012-11-19,13,OZ,1,1.69
4639700493,152,21,2108,1068826767,81691,2012-12-20,64,OZ,1,3.49
4639701390,152,21,2121,104133141,7531,2012-04-04,9.6,OZ,2,1.58
4639701390,152,9,907,101410010,13791,2013-03-08,16,OZ,1,3.59
4639701413,152,63,6311,1082415080,22328,2012-03-04,16,OZ,2,8.58
4639701413,152,99,9908,102112020,20616,2012-03-04,8,OZ,1,2.5
4639701413,152,63,6329,107146474,2142,2013-02-01,15.2,OZ,1,2.99
4639701413,152,40,4005,107073474,25373,2013-03-08,1.1,OZ,1,3.19
4639701719,152,37,3703,105100050,2820,2012-07-18,10.75,OZ,1,1.89
4639702571,152,27,2707,101780010,3108,2012-03-07,7,LB,1,8.19
4639702571,152,57,5705,103663232,4568,2012-03-21,24,OZ,2,5.18
4639702571,152,97,9753,1020440121,0,2012-06-30,1,CT,1,6.04
4639702571,152,27,2709,105000050,6775,2012-10-06,2.1,OZ,1,1.65
4639704263,152,97,9753,1020401121,0,2012-06-09,1,CT,1,2.54
4639704263,152,97,9753,1020466424,0,2012-09-08,1,CT,1,3.32
4639704263,152,99,9904,103338333,33170,2013-06-22,16,OZ,1,4.99
4639705360,152,36,3604,107800070,16023,2012-12-08,60,OZ,1,4.49
4639705597,152,58,5823,104470040,13310,2012-05-05,16,OZ,1,4.79
4639705905,153,55,5555,107684070,32094,2012-06-06,16,OZ,1,4.89
4639706075,153,57,5710,1089470080,21065,2013-03-16,32,OZ,1,5.49
4639710093,153,63,6315,1068826767,81691,2012-06-20,128,OZ,2,5.98
4639714291,152,99,9904,1071575676,5278,2012-05-20,6,OZ,1,3.99
4639715166,6,41,4105,104118848,6915,2013-01-20,28,OZ,1,1.99
4639715707,152,62,6202,102484222,2542,2013-01-31,9,OZ,2,10.98
4639716373,152,8,816,1064767161,6994,2012-09-10,16,OZ,1,4.49
4639717625,152,57,5710,1089470080,21065,2012-08-02,5.3,OZ,4,5
4639717625,152,63,6315,104410040,8481,2012-09-29,64,OZ,1,2.99
4639717625,152,0,0,10000,20405,2012-10-17,0,,1,12.61
4639717625,152,41,4121,1068826767,81691,2013-04-18,8,OZ,1,0.29
4639718269,152,8,805,1074016979,13914,2012-10-07,12.6,OZ,1,4.99
4639718269,152,57,5706,103000030,12172,2012-12-16,5.3,OZ,1,1.45
4639718657,153,16,1604,102200020,6021,2013-01-02,45,CT,2,5.98
4639718657,153,56,5621,1068826767,81691,2013-01-13,8,OZ,1,3.59
4639723600,152,33,3312,103700030,14494,2012-05-06,4.9,OZ,4,4
4639723600,152,36,3612,107572070,14196,2012-12-30,128,OZ,2,2
4639726986,152,58,5899,107232272,27348,2012-11-07,20.8,OZ,1,4.99
4639728079,153,9,907,101410010,13791,2012-10-07,16,OZ,1,3.59
4639728288,6,22,2210,103700030,5174,2012-12-06,19,OZ,1,3.49
4639728420,152,96,9609,1052066252,88199,2012-04-01,0,,1,0
4639728420,152,33,3318,1067852363,7326,2012-06-11,8,OZ,1,3.99
4639728420,152,29,2914,1065833464,15369,2013-04-30,6.5,OZ,1,2.5
4639729309,152,17,1703,103700030,101494,2012-09-18,6,CT,1,3.85
4639729309,152,9,901,104400040,13243,2013-01-30,14.3,OZ,1,4.29
4639729309,152,71,7114,1060308464,7034,2013-03-16,6.8,OZ,1,4.19
4639730960,153,29,2904,102100020,19279,2012-05-08,15.66,OZ,1,2.69
4639731700,153,42,4220,104133141,7531,2012-04-05,16,OZ,1,1.99
4639731700,153,25,2503,1068826767,81691,2012-04-27,35.3,OZ,0,0
4639731731,153,12,1203,103480030,9694,2012-06-08,3.75,OZ,1,3.39
4639731731,153,12,1203,103480030,9694,2012-07-11,3.75,OZ,1,2.89
4639731731,153,29,2925,105480050,19039,2012-12-28,16,OZ,1,1.99
4639731950,6,58,5823,104470040,13310,2013-02-09,16,OZ,2,5.98
4639733583,152,9,902,102410020,44209,2012-08-11,15,OZ,1,5.99
4639734143,153,58,5899,107232272,27348,2012-05-01,20.8,OZ,1,4.99
4639734143,153,26,2629,1068826767,7173,2012-08-12,100,CT,1,1.99
4639736665,153,57,5704,107047070,20230,2012-12-06,6,OZ,6,4.8
4639738470,152,33,3303,102840020,10241,2013-01-03,2.88,OZ,1,1.49
4639738626,152,99,9908,103338333,33170,2012-03-25,8,OZ,2,3.98
4639738701,153,63,6315,104410040,8481,2013-06-03,64,OZ,1,3.69
4639740275,153,36,3635,107153777,14200,2012-06-19,33.8,OZ,5,4.95
4639740496,153,54,5402,108994787,19234,2012-06-03,8.5,OZ,1,2.79
4639740496,153,23,2301,107571777,15284,2012-10-22,16,OZ,1,4.29
4639740496,153,27,2704,101210414,2952,2012-12-02,2.6,OZ,1,2.99
4639740496,153,63,6312,102066222,12598,2012-12-31,59,OZ,2,5.18
4639740496,153,27,2710,107023070,18373,2013-02-01,20,LB,1,9.49
4639740496,153,34,3410,107418272,16853,2013-03-26,8.5,OZ,1,2.99
4639740496,153,59,5905,103377636,5476,2013-04-28,15,OZ,1,4.29
4639745144,153,8,803,104364646,11017,2012-03-29,7.3,OZ,1,4.39
4639745144,153,14,1404,101480010,12021,2012-08-26,24,OZ,1,2.69
4639745144,153,17,1709,1075703777,9439,2013-02-16,24,OZ,1,4.19
4639745588,153,27,2710,103320030,875,2012-06-22,20,LB,1,8.69
4639746442,6,36,3634,1078616272,7237,2013-06-08,101.4,OZ,3,14.97
4639748765,152,33,3309,102840020,18584,2012-05-10,13,OZ,2,7.98
4639748765,152,64,6401,101820010,22604,2012-07-14,72,OZ,1,6.99
4639749742,153,4,423,107279979,19735,2012-05-12,2.75,OZ,1,2.29
4639750692,152,18,1898,104152040,81691,2013-03-27,8,CT,2,12.78
4639754774,153,72,7204,101254717,10554,2013-03-02,0.14,OZ,1,4.29
4639759630,153,9,901,104400040,3453,2012-09-16,13,OZ,1,3.69
4639759630,153,10,1013,102400020,4704,2013-03-02,16,OZ,1,3.59
4639759938,153,21,2109,104180040,19713,2013-01-26,64,OZ,1,4.19
4639759938,153,9,914,1083584181,33170,2013-03-29,16,OZ,1,3.79
4639762192,152,38,3801,1068826767,81691,2013-02-16,4,LB,1,2.69
4639763236,153,9,912,101410010,13791,2012-10-07,21,OZ,1,4.49
4639763236,153,36,3611,107572070,14196,2013-07-19,405.6,OZ,3,17.97
4639763467,153,30,3001,104800141,8178,2012-07-01,8,OZ,1,3.15
4639763467,153,8,807,101340919,17823,2012-09-20,28,OZ,1,2.99
4639763467,153,9,902,104400040,46909,2012-12-05,7.5,OZ,1,3.49
4639764670,152,0,0,10000,0,2012-04-30,0,,2,0
4639764670,152,55,5556,104154848,5603,2012-10-07,48,OZ,1,4.99
4639764670,152,56,5609,102100020,2321,2013-02-20,16,OZ,1,3.79
4639764670,152,70,7002,1030813737,25162,2013-03-13,60,CT,1,2.79
4639766688,152,9,907,1068826767,12475,2012-06-23,24,OZ,1,3.39
4639769704,6,56,5613,1068826767,81691,2012-03-17,15,OZ,1,2.19
4639769704,6,6,607,107007474,5810,2012-08-18,48,OZ,2,17.38
4639769704,6,0,0,10000,0,2013-02-09,0,,1,0
4639771496,152,26,2609,1068826767,7740,2012-10-15,70,CT,1,1.25
4639773207,152,9,958,1060699161,63479,2012-06-11,10.8,OZ,1,3.19
4639775267,153,58,5833,103760030,8501,2012-04-20,24,OZ,1,7.99
4639776561,153,64,6401,1078615070,17345,2012-07-20,22.4,OZ,1,2.99
4639784682,152,57,5705,103663232,4568,2012-05-07,16,OZ,1,3.29
4639784682,152,36,3611,107572070,14196,2012-06-20,101.4,OZ,2,5
4639784682,152,21,2114,101480010,15016,2013-01-08,15,OZ,1,2.19
4639784682,152,59,5902,102100020,2321,2013-03-29,8,OZ,1,2.39
4639786161,152,37,3710,103620030,1698,2012-03-02,24,OZ,2,16.78
4639786161,152,51,5127,105100050,8605,2012-10-12,16,OZ,2,7.98
4639788059,152,37,3703,1068826767,81691,2013-01-21,26,OZ,1,1.67
4639790559,153,29,2903,106414464,3342,2012-03-29,14.5,OZ,1,1.5
4639790559,153,55,5555,107684070,32094,2013-06-02,16,OZ,1,3.49
4639794741,152,53,5307,1068826767,12475,2013-02-18,16,OZ,1,4.99
4639795438,6,27,2718,103270030,7966,2012-03-24,1,CT,1,7.99
4639795438,6,5,516,103800030,24525,2012-12-28,12.6,OZ,1,4.99
4639795438,6,26,2620,1068826767,20616,2013-01-17,80,CT,1,2.79
4639796314,6,51,5126,102113121,11151,2012-07-09,14,OZ,1,3.79
4639796531,152,56,5616,104610040,15889,2012-09-03,6.67,OZ,1,3.99
4639796531,152,53,5307,1068826767,81691,2012-11-26,16,OZ,2,3.34
4639798073,152,25,2509,1068826767,81691,2012-12-28,16,OZ,2,3.98
4639798073,152,63,6323,104190040,4664,2013-01-12,64,OZ,1,3.29
4639798738,153,9,907,101410010,13791,2012-05-12,13,OZ,1,3.49
4639798738,153,9,917,104335444,25412,2012-09-26,16,OZ,1,1.95
4639799014,153,63,6315,1068826767,81691,2012-04-09,128,OZ,1,3.99
4639799014,153,63,6305,101630010,6509,2012-09-23,59,OZ,1,3.49
4639799014,153,33,3308,102840020,3387,2013-01-13,4.5,OZ,1,2
4639799014,153,21,2103,1068826767,81691,2013-05-19,64,OZ,1,2.19
4639801304,6,7,702,102800020,12543,2012-10-09,7,OZ,1,7.99
4639801304,6,73,7302,1030004535,18961,2013-03-26,100,CT,1,9.99
4639801304,6,29,2907,107373171,11786,2013-03-30,14.4,OZ,1,2.79
4639801882,153,5,520,103000030,14760,2012-03-02,42,OZ,1,4.99
4639804597,6,2,214,103000030,1058,2012-03-04,32,OZ,1,2.99
4639805509,152,27,2706,105000050,6132,2012-03-31,2,OZ,4,5.34
4639805509,152,99,9904,1071575676,5278,2012-12-16,6,OZ,1,3.99
4639805509,152,97,9753,1020451525,0,2013-03-15,1,CT,1,2.49
4639805509,152,97,9753,1073231373,0,2013-03-21,1,CT,2,2.58
4639805509,152,55,5567,1078978575,16558,2013-05-06,5.8,OZ,2,3
4639805509,152,53,5307,101450010,20864,2013-06-01,12,OZ,1,2.79
4639806161,6,2,201,105150050,14029,2012-03-15,18.25,OZ,1,1.59
4639806161,6,44,4402,104145848,5602,2012-05-24,32,OZ,1,7.59
4639806161,6,29,2925,101740010,47096,2012-09-12,32,OZ,1,4.69
4639806161,6,53,5307,1068826767,81691,2013-04-16,16,OZ,3,5
4639809130,6,9,907,107101070,15998,2012-07-22,15,OZ,1,3.39
4639809999,6,58,5827,102730020,5898,2013-04-16,16,OZ,1,4.99
4639810945,152,63,6315,1068826767,81691,2012-05-08,128,OZ,2,7.38
4639812979,6,53,5307,1068826767,81691,2012-03-12,16,OZ,1,1.67
4639812979,6,63,6314,102100020,2321,2012-09-06,16,OZ,1,2.69
4639814194,6,54,5401,103800030,5618,2012-05-14,12.3,OZ,1,3.19
4639814194,6,96,9609,1051650050,88199,2013-02-12,0,,1,0
4639814867,153,63,6315,104138343,10091,2012-10-30,96,OZ,1,5.69
4639815739,152,63,6320,1068826767,81691,2012-03-14,12,CT,1,2.49
4639815739,152,33,3301,1089899282,51760,2012-07-06,8,OZ,1,4.49
4639815739,152,36,3601,104900040,3809,2012-12-29,67.6,OZ,1,1.79
4639817798,152,36,3611,107572070,14196,2012-05-22,405.6,OZ,3,17.97
4639817798,152,56,5620,102100020,9886,2012-09-30,8,OZ,1,3.79
4639819046,152,26,2609,1068826767,7173,2012-03-25,45,CT,1,2.99
4639819498,153,99,9908,102112020,20616,2013-04-16,80,OZ,1,3.99
4639819498,153,36,3611,107572070,14196,2013-05-28,405.6,OZ,1,4.99
4639820998,152,35,3509,1073291373,23643,2012-12-11,100,OZ,1,12.99
4639821971,153,7,708,1078535777,24311,2012-08-24,12,OZ,1,10.49
4639823965,153,97,9799,105113151,52,2012-08-17,6,CT,1,10.99
4639823965,153,97,9799,104152040,16665,2012-08-17,2,CT,1,2.99
4639823965,153,41,4107,102400020,4704,2012-08-17,8,OZ,1,1.05
4639823965,153,26,2622,1068826767,7173,2013-04-21,30,CT,1,2.89
4639824457,153,97,9753,1020401121,0,2013-03-18,1,CT,1,1.34
4639825519,6,33,3315,102900020,14112,2012-04-23,9.5,OZ,1,7.29
4639825519,6,15,1506,107102676,3419,2012-11-19,3.5,OZ,1,1.99
4639825519,6,33,3307,102900020,14112,2013-04-09,9.75,OZ,1,7.29
4639827440,152,21,2108,104124444,11218,2012-12-31,25.4,OZ,1,3.39
4639827712,153,26,2628,103700030,2248,2013-03-22,12,RL,1,17.99
4639827712,153,26,2630,103700030,14647,2013-03-22,540,CT,1,6.45
4639827712,153,26,2629,1068826767,18552,2013-03-24,250,CT,1,2.25
4639827712,153,25,2506,104127141,26189,2013-05-27,16,OZ,1,2.39
4639831341,152,51,5119,1068826767,81691,2013-01-13,8,OZ,2,6.38
4639832226,6,33,3310,107797575,21299,2013-01-26,6,OZ,1,3.99
4639833186,152,51,5123,1068826767,16481,2012-04-02,35.3,OZ,1,4.99
4639833585,152,9,908,107203070,5812,2012-12-15,16,OZ,1,5.29
4639835345,153,63,6320,1068826767,81691,2013-01-20,18,CT,2,4.98
4639839251,152,26,2622,102570020,20361,2012-11-07,3,CT,1,4.59
4639840401,153,36,3631,104900040,1414,2012-05-24,144,OZ,1,5.49
4639840401,153,9,920,104400040,15335,2012-06-30,3.5,OZ,1,1.39
4639840401,153,9,922,102430020,10577,2013-01-11,12,OZ,1,1.79
4639840580,153,55,5558,107585676,9798,2012-10-13,16,OZ,1,4.59
4639844381,6,56,5613,103114232,25202,2012-11-30,16,OZ,1,7.99
4639844442,152,2,214,103000030,1058,2012-07-01,32,OZ,1,3.39
4639844442,152,9,913,104812141,18322,2013-01-27,11,OZ,1,4.49
4639847371,152,65,6501,101290010,7175,2012-04-17,5,OZ,1,2.29
4639847371,152,55,5559,107756777,14286,2012-06-25,32,OZ,1,4.29
4639848734,153,26,2610,104152040,16665,2013-01-19,100,CT,1,2.99
4639848734,153,17,1703,105460050,6141,2013-03-17,32,OZ,1,2.99
4639849245,6,72,7205,103700030,4294,2012-05-08,4,OZ,2,6.98
4639849245,6,99,9908,101833717,26028,2012-08-25,12,OZ,1,2.99
4639849245,6,63,6313,107357070,8185,2012-10-26,12,OZ,1,2.5
4639850473,153,35,3509,107261373,401,2012-12-08,50,OZ,1,4.99
4639852172,6,97,9753,10000,0,2013-04-28,1,CT,1,6.55
4639855020,152,26,2629,1068826767,7740,2012-04-18,120,CT,1,1
4639855020,152,28,2801,104470040,3640,2012-05-16,20,OZ,1,3.99
4639855020,152,35,3506,105170050,6335,2012-05-23,14.6,OZ,1,7.99
4639855020,152,15,1506,103120030,12957,2012-08-23,10,OZ,1,4.99
4639855020,152,33,3315,102900020,14112,2012-10-26,6,OZ,2,6.58
4639855020,152,33,3307,1068826767,81691,2012-11-18,9.5,OZ,2,9.98
4639855159,152,54,5402,108994787,19234,2012-06-30,8.5,OZ,1,2.99
4639855159,152,28,2805,1068826767,81691,2013-04-12,6,OZ,1,1.34
4639856466,6,57,5710,103663232,4568,2013-02-18,21.2,OZ,1,4.29
4639857298,153,27,2706,105000050,6132,2012-05-18,3,OZ,4,3.2
4639857298,153,9,901,103010030,3454,2012-12-08,13.3,OZ,1,3.79
4639857298,153,56,5614,1068826767,12475,2012-12-29,6,OZ,1,3.49
4639857298,153,55,5552,104410040,8481,2013-01-20,48,OZ,2,8.98
4639859437,152,63,6305,101630010,6509,2013-01-02,59,OZ,1,3.49
4639859697,152,33,3318,107797575,27417,2012-07-24,16,OZ,1,3.29
4639862129,6,53,5305,102000020,7655,2012-04-01,7,OZ,5,10
4639866041,152,37,3707,1061144363,9742,2012-11-25,32,OZ,1,3.29
4639866041,152,63,6320,1085281080,10165,2013-01-04,12,CT,1,3.19
4639867201,152,27,2701,102310020,13705,2012-04-13,13.2,OZ,3,2.25
4639867201,152,33,3301,104126242,19971,2012-10-26,6.5,OZ,1,3.29
4639867201,152,27,2701,1068826767,3931,2013-02-15,13.2,OZ,6,3.78
4639867201,152,9,901,1068826767,7740,2013-03-29,13,OZ,1,1
4639867201,152,35,3504,103500030,330,2013-04-12,30,OZ,1,2.45
4639867201,152,33,3304,102840020,6777,2013-05-24,10.25,OZ,1,3.49
4639869983,152,56,5616,1067380363,6339,2012-11-17,7,OZ,1,4.99
4639870618,6,33,3307,1068826767,81691,2012-04-06,16,OZ,1,2.99
4639872400,152,5,502,1068826767,81691,2012-05-04,4.8,OZ,1,2
4639872400,152,35,3509,103320030,875,2013-02-22,75,OZ,2,13.18
4639874012,153,17,1704,1067811262,3912,2012-04-06,17,OZ,1,2.65
4639877369,152,63,6315,1068826767,81691,2012-11-18,64,OZ,1,2.49
4639877631,152,56,5613,107104070,76668,2012-12-13,15,OZ,1,3.99
4639881877,152,56,5607,102100020,13967,2012-06-30,8,OZ,1,3.19
4639887181,152,33,3315,1065585262,1074,2013-02-07,6,OZ,1,3.49
4639888939,153,92,9211,102270020,4197,2012-07-27,0.09,OZ,1,3.29
4639888939,153,36,3611,1068826767,158,2012-08-25,405.6,OZ,1,3.99
4639888939,153,26,2615,107301070,17990,2012-09-26,36,CT,1,8.49
4639891538,6,73,7304,1032390030,104907,2012-05-02,24,CT,1,6.99
4639891538,6,33,3313,102840020,10241,2012-07-11,15,OZ,1,3.69
4639891538,6,12,1205,104800040,38150,2013-05-22,5,OZ,4,5.96
4639895434,153,75,7533,101101717,25703,2012-03-25,2,CT,1,9.99
4639895434,153,33,3350,102620020,16611,2012-08-05,4.2,OZ,1,3.59
4639895434,153,58,5827,104470040,13310,2012-08-12,22,OZ,2,17.38
4639895434,153,99,9904,1081204989,27736,2012-10-14,1,CT,1,3.99
4639895434,153,37,3709,104178949,11224,2012-12-09,2.25,OZ,1,0.5
4639895434,153,3,302,102800020,30272,2012-12-23,10,OZ,2,5.98
4639898063,153,23,2301,1068826767,81691,2012-10-25,16,OZ,2,2
4639898063,153,99,9904,1066529060,52314,2012-11-30,16,OZ,1,4.99
4639898180,153,17,1704,102570020,27327,2012-10-27,22,OZ,1,3.39
4639898180,153,99,9908,103338333,33170,2013-05-19,16,OZ,1,3.99
4639898447,152,99,9908,1072021070,53732,2012-03-21,16,OZ,1,1.99
4639898447,152,59,5902,103450030,10165,2012-05-03,8,OZ,2,5.68
4639898447,152,99,9908,1068826767,7740,2012-06-07,20,OZ,1,1.99
4639898447,152,21,2117,108768484,2903,2013-03-21,60,OZ,1,2.79
4639898630,152,8,809,101300010,8164,2012-04-15,12,OZ,2,3.58
4639898630,152,63,6320,1068826767,81691,2012-05-27,12,CT,1,1.99
4639901200,153,9,907,1083584181,33170,2012-05-13,18,OZ,1,3.29
4639901200,153,73,7344,1034152030,2963,2012-08-19,65,CT,1,9.99
4639902811,152,34,3405,101111111,5168,2012-09-29,25.5,OZ,1,7.49
4639902811,152,5,501,101600010,3331,2012-12-01,11.25,OZ,1,3.99
4639902811,152,97,9753,10000,0,2012-12-22,1,CT,1,3.18
4639906497,153,38,3801,1068826767,81691,2012-04-15,4,LB,1,2.69
4639910658,153,97,9753,10000,0,2012-03-11,1,CT,1,0.9
4639918439,153,74,7402,1084105888,5593,2012-05-12,7,OZ,1,2.85
4639918439,153,26,2634,104200040,14813,2013-02-23,12,RL,1,8.19
4639918439,153,36,3632,107153777,2892,2013-03-30,33.8,OZ,1,1.09
4639921394,152,44,4406,103800030,5618,2012-06-10,12.9,OZ,1,2.99
4639921597,6,41,4110,103940030,71386,2012-04-04,28,OZ,1,2.15
4639921597,6,99,9908,101228919,20877,2012-04-16,6,OZ,2,3
4639924202,152,12,1206,108000080,17292,2012-08-11,6.4,OZ,3,11.37
4639924202,152,33,3307,1068826767,81691,2013-03-07,19,OZ,1,11.99
4639928120,153,27,2705,105000050,6775,2012-07-08,5.5,OZ,6,3.18
4639928120,153,63,6315,1068826767,81691,2012-12-02,64,OZ,1,2.39
4639928120,153,25,2506,104410040,8481,2013-06-02,16,OZ,1,2.59
4639928359,153,40,4005,107695070,23056,2012-04-02,1.12,OZ,1,3.99
4639928359,153,9,902,101410010,45039,2013-01-27,6.6,OZ,3,7.17
4639930803,152,25,2508,1068826767,81691,2012-09-02,64,OZ,1,3.19
4639931335,152,22,2207,104650040,16355,2013-02-06,22,OZ,1,3.19
4639931386,6,36,3626,104900040,17186,2012-09-18,96,OZ,1,4.49
4639931754,153,36,3604,1068826767,7740,2012-07-15,101.4,OZ,1,1
4639931754,153,36,3618,104900040,23359,2012-07-24,67.6,OZ,1,1.79
4639931754,153,56,5621,1068826767,81691,2012-10-03,8,OZ,1,2.59
4639933232,152,99,9901,107096979,17090,2012-12-12,6,OZ,1,2.99
4639933232,152,63,6320,1068826767,81691,2013-02-20,18,CT,1,3.89
4639933737,152,17,1703,104460040,3718,2012-03-22,32,OZ,2,7.98
4639933992,153,37,3707,105100050,17812,2012-10-25,32,OZ,2,5.98
4639933992,153,99,9904,1081204989,27736,2013-01-21,16,OZ,1,4.99
4639936364,152,7,703,104300040,11339,2012-08-12,8.5,OZ,2,7.98
4639936364,152,63,6315,1068826767,81691,2012-11-03,64,OZ,1,1.89
4639936398,153,5,501,103000030,58434,2013-03-02,12.5,OZ,1,3.75
4639943188,152,36,3631,107800070,23209,2013-01-25,67.6,OZ,1,1.89
4639943188,152,97,9753,1020405626,0,2013-03-16,1,CT,1,4.26
4639943188,152,4,418,104000040,26517,2013-04-21,12.6,OZ,1,3.99
4639945790,152,9,913,1083584181,6283,2013-03-04,12,OZ,1,3.99
4639946981,152,56,5609,107342070,4529,2012-04-29,16,OZ,1,2.59
4639947196,153,34,3402,1030813737,1121,2013-03-19,5,OZ,1,7.49
4639949917,152,53,5307,1068826767,81691,2012-10-27,12,OZ,2,4
4639950438,6,26,2620,1068826767,20616,2012-11-06,50,CT,2,7.38
4639950438,6,9,901,104400040,13243,2013-05-01,10,OZ,1,4.45
4639950556,6,63,6315,1068826767,81691,2012-11-13,128,OZ,1,3.99
4639950556,6,9,913,104812141,18322,2013-03-02,12,OZ,2,8.38
4639951459,153,56,5615,1068826767,81691,2013-01-11,8,OZ,1,3.29
4639951459,153,41,4105,102700020,8612,2013-03-04,28,OZ,6,14.94
4639951459,153,3,303,107116979,1756,2013-04-01,1.75,OZ,1,2.39
4639952238,153,58,5831,107232272,27348,2012-03-04,30,OZ,1,9.49
4639952238,153,51,5123,108169787,3994,2012-03-30,24,OZ,1,8.29
4639952238,153,63,6315,105215959,41981,2012-05-25,64,OZ,3,11.37
4639952238,153,19,1904,107326070,7383,2012-12-31,12,OZ,1,4.79
4639952520,152,9,907,101410010,13791,2012-07-10,16,OZ,1,4.29
4639952520,152,9,907,101410010,13791,2012-11-13,16,OZ,2,7.88
4639954122,152,32,3204,104173646,6305,2012-10-02,25.3,OZ,1,9.49
4639954557,6,41,4107,102000020,7655,2012-03-23,15.25,OZ,1,1.5
4639954557,6,33,3307,102900020,14112,2012-12-08,10.3,OZ,1,5.85
4639956216,152,63,6321,107890272,18730,2013-02-05,8,OZ,1,3.5
4639959704,6,11,1114,1068826767,81691,2012-08-19,32,OZ,1,4.59
4639959997,153,9,907,1068826767,81691,2012-04-14,9,OZ,2,2.98
4639959997,153,33,3310,1068826767,81691,2013-01-25,7.5,OZ,1,3.99
4639961687,152,59,5902,1068826767,81691,2012-11-29,16,OZ,1,3.99
4639964565,152,58,5812,107495676,8144,2012-07-11,11,OZ,1,5.29
4639964565,152,58,5899,107232272,27348,2012-07-28,20.8,OZ,1,4.99
4639964565,152,59,5902,103450030,10165,2013-02-24,8,OZ,1,2.49
4639965191,152,71,7113,102240020,25033,2012-08-18,15,OZ,2,1.98
4639965837,152,97,9753,1020401121,0,2012-10-24,1,CT,1,1.63
4639966071,153,33,3303,102840020,10241,2012-07-28,10.5,OZ,2,8.58
4639966071,153,9,902,104400040,19783,2012-12-21,9.1,OZ,1,3.49
4639968936,152,99,9904,103338333,33170,2012-05-22,16,OZ,1,3.99
4639968936,152,58,5810,103390030,9286,2012-05-29,12,OZ,1,3.19
4639969119,152,36,3635,107478070,13856,2012-06-29,25.3,OZ,8,14.32
4639969119,152,36,3630,101200010,13794,2012-12-15,144,OZ,1,5.99
4639970677,152,95,9518,1072047373,7848,2013-03-16,1,CT,1,4.99
4639970961,152,26,2631,103600030,4139,2012-06-23,42,CT,1,2.99
4639972332,6,27,2713,102310020,13705,2012-10-26,13.2,OZ,2,2.18
4639972332,6,51,5130,107218070,15035,2013-03-14,11.6,OZ,2,7
4639972332,6,37,3711,107795878,53392,2013-04-20,16,OZ,3,14.97
4639972332,6,27,2706,105000050,6132,2013-06-19,3,OZ,14,11.2
4639972849,152,27,2704,104152040,3931,2012-05-20,1,CT,1,6.29
4639972849,152,50,5001,102113121,11151,2013-02-03,10,OZ,3,7.77
4639972898,152,51,5134,104670444,18213,2012-03-04,30,OZ,1,9.99
4639972898,152,41,4121,1068826767,81691,2012-07-22,29,OZ,2,2.67
4639972898,152,17,1707,106233868,32453,2012-11-18,16,OZ,1,4.79
4639972898,152,36,3636,104300040,29501,2012-11-25,192,OZ,2,7.98
4639975965,153,63,6328,102016929,16492,2012-06-22,24,OZ,2,7.38
4639976055,6,41,4107,102400020,4704,2012-05-12,14.5,OZ,1,1.69
4639976510,153,7,709,104300040,11339,2012-06-15,4.45,OZ,1,6.99
4639976812,152,9,907,107518575,11221,2012-03-04,20,OZ,1,3.79
4639976812,152,33,3305,102840020,18584,2012-05-24,14.5,OZ,2,9.98
4639976812,152,9,908,107203070,5812,2012-05-24,14,OZ,1,6.49
4639976812,152,56,5621,1068826767,81691,2012-06-04,8,OZ,1,2.89
4639976812,152,41,4107,102000020,7655,2012-10-29,14.5,OZ,2,2.58
4639976812,152,21,2111,107630171,755,2012-12-20,64,OZ,2,7.98
4639977306,152,99,9904,103338333,33170,2012-06-19,16,OZ,1,3.99
4639977306,152,36,3612,107572070,14196,2012-07-05,128,OZ,3,3
4639977306,152,26,2619,1068826767,7740,2012-10-27,10,CT,1,1
4639977306,152,8,818,107023474,19354,2012-11-28,40,OZ,1,9.99
4639977325,152,58,5823,104450040,8318,2012-10-27,9,OZ,1,3.99
4639979203,152,63,6305,102500020,16489,2012-07-02,59,OZ,1,3.79
4639979203,152,1,106,1089741585,23989,2012-07-18,6.5,OZ,3,9.87
4639979203,152,26,2609,104200040,5016,2012-09-27,45,CT,1,2.85
4639979203,152,63,6320,107954878,10165,2012-10-05,12,CT,1,2.99
4639979593,152,53,5307,101450010,20864,2013-04-07,12.6,OZ,3,8
4639981031,6,45,4509,1068826767,7173,2012-04-12,16,OZ,1,8.99
4639981031,6,26,2619,1068826767,20616,2013-01-12,20,CT,1,3.99
4639982401,152,14,1415,1068826767,33170,2012-05-04,18,OZ,1,4.49
4639990322,6,9,913,104812141,18322,2012-11-20,12,OZ,2,8.38
4639992607,152,9,902,102840020,17248,2012-06-23,8,OZ,2,5.98
4639992607,152,26,2614,103600030,9878,2012-08-11,22,CT,1,3.49
4639994833,153,8,814,102840020,18584,2012-12-21,15.5,OZ,1,3.29
4639995633,152,56,5607,102100020,2321,2012-07-18,8,OZ,1,2.99
4639997733,153,26,2628,1068826767,20616,2012-08-27,1,RL,1,1
4639997733,153,36,3634,105200050,14597,2013-03-07,24,OZ,2,1.98
4639997733,153,39,3903,1064420969,74550,2013-07-05,24,OZ,1,3.29
4639998601,6,35,3509,103320030,875,2013-02-24,75,OZ,2,11.98
4639998999,153,63,6315,1068826767,12475,2012-08-12,128,OZ,1,6.49
4640000202,6,27,2706,105000050,6132,2012-10-02,3,OZ,12,7.2
4640003498,153,40,4004,104100040,10522,2012-06-29,8,OZ,4,16.76
4640003498,153,27,2702,101780010,95301,2012-07-01,18,LB,1,19.99
4640003498,153,23,2301,1068826767,20616,2012-10-01,12,OZ,1,1.79
4640007202,153,26,2629,1068826767,7173,2012-12-16,250,CT,1,2.25
4640007202,153,73,7302,1032586636,384,2013-06-18,40,CT,1,7.29
4640007800,152,31,3111,1065585262,1074,2012-06-20,10,OZ,1,4.99
4640007800,152,29,2928,105480050,19039,2012-08-03,8.8,OZ,3,7.47
4640007800,152,62,6201,1068826767,81691,2012-09-18,15,OZ,1,3.99
4640007800,152,47,4706,107047070,20230,2013-03-31,7.6,OZ,1,4.19
4640007800,152,41,4108,102880020,7907,2013-04-08,7.75,OZ,2,1.9
4640008230,152,9,922,107203070,5812,2013-01-04,9.25,OZ,1,4.49
4640008512,153,36,3611,1068826767,158,2013-04-05,405.6,OZ,1,3.99
4640008512,153,35,3509,102420020,14716,2013-06-14,50,OZ,1,4.95
4640008803,152,97,9753,1020409121,0,2012-12-18,1,CT,1,2.77
4640012093,153,36,3611,107572070,14196,2013-02-15,405.6,OZ,1,4.99
4640012250,153,56,5609,104410040,8481,2012-04-15,16,OZ,1,2.99
4640012250,153,96,9609,1054410050,88199,2012-06-17,0,,1,0
4640013191,153,9,970,103800030,62065,2013-03-09,14.1,OZ,1,2.59
4640013381,152,45,4509,1068826767,7173,2012-09-16,32,OZ,1,19.98
4640013823,152,99,9908,107146474,2142,2012-12-26,12,OZ,1,2.99
4640014184,153,72,7205,103320030,305,2012-11-03,6,OZ,3,2.97
4640014184,153,60,6012,101800010,14029,2012-12-23,12.4,OZ,1,2.99
4640014871,153,57,5710,1089470080,21065,2012-05-24,5.3,OZ,4,5
4640014871,153,4,418,103400030,57369,2013-05-28,12,OZ,2,8.38
4640018415,6,51,5125,102580020,16668,2012-10-27,10.5,OZ,2,5
4640018415,6,41,4105,107079676,3198,2013-04-07,28,OZ,1,3.49
4640019730,6,36,3611,108265787,4687,2012-11-29,405.6,OZ,1,4.99
4640020426,152,71,7113,102279626,13267,2013-01-08,3.3,OZ,2,16.98
4640021134,153,36,3636,104300040,4371,2012-07-19,169,OZ,2,7.58
4640021713,152,29,2903,106414464,3342,2012-10-25,14.5,OZ,2,2.58
4640024348,153,55,5556,104154848,5603,2012-10-30,48,OZ,1,5.99
