741150299,143,4,417,103400030,8247,2013-05-03,4.25,OZ,2,2.54
741150299,143,63,6315,101111010,9907,2013-07-01,128,OZ,2,5.76
741151415,83,29,2914,102100020,19279,2012-09-08,2.19,OZ,5,2.45
741155938,191,72,7208,1075207777,20381,2012-04-10,1,CT,1,2.59
741155938,191,8,816,105056555,15667,2013-03-11,24,OZ,1,3.29
741155938,191,30,3006,104300040,7467,2013-03-11,8,OZ,2,2.98
741163913,63,71,7114,1060308464,7034,2012-06-01,8.25,OZ,1,3.99
741163913,63,55,5557,107756777,11005,2012-10-20,10.14,OZ,1,4.79
741163913,63,17,1709,101920010,10882,2012-12-15,48,OZ,1,5.79
741171949,26,99,9904,1066529060,52314,2012-04-17,16,OZ,2,4.76
741182255,12,99,9908,107878373,26033,2012-05-07,16,OZ,1,2.49
741182255,12,96,9609,1054222252,88199,2012-07-26,0,,1,-1
741182255,12,59,5907,1085601484,65692,2012-10-22,13,OZ,1,3.99
741182255,12,21,2119,1061300868,867,2012-10-26,23,OZ,1,0.99
741182255,12,63,6320,101111010,9698,2013-03-30,18,CT,1,2.19
741183028,58,63,6315,101111010,9907,2012-08-07,64,OZ,1,1.25
741183028,58,18,1802,104126040,5981,2012-12-31,2,CT,1,1.99
741183028,58,33,3313,107020070,11244,2013-03-16,12,OZ,1,3.89
741184619,98,21,2108,101111010,9907,2013-02-19,64,OZ,1,1.99
741189954,89,58,5823,104450040,8318,2012-07-31,8,OZ,3,9
741189954,89,99,9908,101111010,9907,2012-11-19,80,OZ,1,0.99
741189968,211,56,5621,101111010,9907,2012-03-24,8,OZ,2,5.98
741189968,211,0,0,10000,0,2012-07-17,0,,1,0
741189968,211,96,9609,1054470050,88199,2013-03-30,0,,2,-2
741203004,98,96,9609,1051090050,88199,2012-05-19,0,,1,-1
741203004,98,73,7358,103076838,17627,2012-09-11,150,CT,2,16.99
741207460,58,73,7345,1034138333,1535,2012-03-08,30,CT,1,4.99
741209640,191,18,1850,107179878,10882,2013-01-03,3,CT,1,2.29
741219529,431,63,6315,101111010,9907,2012-08-22,128,OZ,1,2.99
741219529,431,30,3010,104133545,43106,2012-11-20,9,OZ,1,2.15
741225018,191,36,3634,101111010,20575,2012-04-18,20,OZ,1,2.79
741225018,191,30,3006,104300040,7467,2012-05-05,32,OZ,1,4.99
741225018,191,3,308,101792919,15072,2012-12-02,4,OZ,2,11.42
741225966,191,63,6315,102640020,4584,2012-03-29,32,OZ,1,1.79
741225966,191,8,822,101760010,3054,2012-04-03,10,OZ,1,1.99
741227475,151,22,2211,101111010,5981,2012-11-25,80,CT,1,1.99
741228598,63,45,4511,103100030,1358,2012-04-01,24,OZ,1,3.99
741228598,63,29,2914,102100020,9886,2012-10-30,7.25,OZ,4,3.96
741228598,63,41,4107,102000020,7655,2013-02-10,14.5,OZ,2,1.58
741232207,126,8,821,1018250313,23035,2012-04-12,7.8,OZ,1,4.49
741232207,126,63,6333,101707717,10429,2012-10-23,32,OZ,2,6
741232207,126,56,5609,102100020,2321,2012-12-11,24,OZ,2,7.18
741236504,83,19,1904,10100010,9907,2012-06-30,8,OZ,1,2.59
741237302,23,30,3010,102066222,12598,2012-08-11,16,OZ,1,4.19
741237302,23,63,6315,107092474,30945,2013-06-02,128,OZ,1,3.79
741238264,83,33,3303,102840020,10241,2013-05-01,9.5,OZ,1,2.5
741245681,26,58,5832,103760030,8501,2013-02-10,6,OZ,1,3.49
741246671,2,96,9609,1054610050,88199,2013-01-30,0,,1,-1
741246753,191,8,836,101111010,6678,2012-06-09,128,OZ,1,3.99
741260098,191,97,9731,1066137161,86325,2012-10-20,1,CT,1,4.99
741266176,89,36,3618,104900040,23359,2012-03-28,60,OZ,2,7.98
741266176,89,36,3618,104900040,23359,2012-05-27,67.6,OZ,1,1.5
741266176,89,51,5123,103620030,52004,2012-10-08,22,OZ,1,5.99
741271150,89,9,908,101111010,1292,2012-05-17,35,OZ,1,6.99
741271150,89,56,5615,101111010,9907,2012-09-21,6,OZ,1,1.79
741271150,89,55,5552,107756777,2347,2012-10-21,48,OZ,2,5.98
741271150,89,96,9609,1053450050,88199,2013-03-10,0,,1,-0.4
741274815,83,9,907,101111010,9907,2012-03-02,12,OZ,1,1.49
741274815,83,33,3305,102840020,5141,2012-06-24,17,OZ,1,3.5
741274815,83,26,2609,101111010,9907,2013-02-01,48,CT,1,2.59
741274815,83,36,3636,104300040,29501,2013-06-25,192,OZ,1,3.49
741274815,83,41,4107,101111010,9907,2013-07-21,14.5,OZ,2,1.34
741274815,83,56,5615,101111010,9907,2013-07-22,16,OZ,1,2.99
741277031,63,33,3307,104157040,2017,2012-05-04,6,OZ,2,5
741277031,63,37,3703,105100050,2820,2013-04-24,10.5,OZ,2,3.46
741282559,431,0,0,10000,0,2012-07-14,0,,1,0
741284672,26,9,920,107641070,10160,2012-07-26,12,OZ,2,5.58
741284672,26,26,2609,101111010,9907,2012-09-25,115,CT,1,5.39
741284672,26,37,3707,105100050,17812,2012-12-28,32,OZ,2,4.58
741285621,58,10,1010,105150050,16728,2012-04-08,11.75,OZ,1,2.89
741285621,58,8,810,107110070,8280,2012-06-03,1,OZ,2,3.58
741285621,58,9,914,101111010,9907,2012-12-02,11,OZ,2,2
741285621,58,33,3321,107332171,17710,2013-03-17,9,OZ,2,5.18
741299417,89,96,9609,1053450050,88199,2012-07-28,0,,2,-1
741299417,89,9,907,107341070,888,2012-08-10,20,OZ,1,1.99
741300671,140,63,6315,107911777,668,2012-03-30,64,OZ,1,2.49
741300671,140,96,9609,1053700050,88199,2012-09-05,0,,1,-0.5
741300671,140,26,2631,103600030,4139,2012-09-13,42,CT,2,6.98
741301614,98,64,6410,107031070,16095,2012-10-18,44.8,OZ,2,7.98
741301614,98,64,6401,101820010,9683,2012-12-12,96,OZ,1,4.99
741301614,98,96,9609,1051700050,88199,2013-03-30,0,,1,-0.35
741314959,143,96,9609,1051114151,88199,2012-07-17,0,,1,-1
741314959,143,97,9713,103224737,26631,2012-10-23,18.6,LB,1,3.99
741314959,143,73,7359,101111010,9907,2013-01-07,10,CT,2,3.18
741318095,126,21,2103,101480010,12021,2012-07-04,64,OZ,1,2.79
741318095,126,96,9609,1051115656,88199,2012-09-19,0,,2,-1
741318095,126,36,3629,101111010,1814,2012-12-05,67.6,OZ,4,3.16
741318405,98,63,6315,1076352878,14594,2012-06-15,64,OZ,6,21.3
741318405,98,0,0,10000,0,2012-08-16,0,,1,0
741318405,98,10,1012,102700020,23332,2012-09-18,13,OZ,1,1
741322666,191,37,3709,107066272,12673,2012-04-02,2.25,OZ,3,1
741332220,191,9,912,107294575,15878,2012-10-02,20,OZ,1,2.5
741340307,211,8,821,108817787,16994,2012-04-14,20,OZ,1,4.19
741340307,211,37,3704,104125848,20113,2013-01-06,3.75,OZ,1,3.29
741340307,211,41,4107,101111010,9907,2013-06-15,14.25,OZ,4,2.76
741340307,211,27,2706,105000050,6132,2013-06-23,3,OZ,8,6.25
741350284,83,51,5115,107192171,18492,2012-03-22,23,OZ,2,7.98
741350284,83,14,1411,101111010,9907,2012-08-20,20,OZ,1,0.68
741350284,83,60,6012,101800010,14029,2013-01-05,13,OZ,1,1.88
741350284,83,49,4903,101312010,26885,2013-04-18,19,OZ,1,2.99
741351378,191,5,519,103000030,14760,2012-11-19,11.8,OZ,1,2.73
741357439,143,63,6315,101111010,9907,2012-09-07,64,OZ,1,1.89
741362389,140,41,4107,102400020,4704,2012-11-15,14.5,OZ,1,1.79
741374314,126,55,5559,101111010,20588,2012-03-19,21,OZ,1,3.39
741374314,126,9,970,103800030,62065,2012-09-03,22,OZ,1,3.59
741374314,126,55,5559,101111010,9907,2013-02-25,18,OZ,2,5
741376208,12,99,9904,1071575676,5278,2012-11-05,16,OZ,1,2.99
741376208,12,14,1404,1085441787,20938,2013-05-05,3.2,OZ,1,1
741376401,89,51,5125,101380010,10271,2012-07-18,10,OZ,1,1.98
741378682,126,33,3303,102840020,10241,2012-04-07,10,OZ,2,5.98
741378682,126,56,5615,101111010,9907,2012-04-14,16,OZ,1,6.59
741378682,126,63,6320,101111010,9907,2012-05-08,18,CT,1,2.49
741378682,126,35,3509,103320030,875,2012-08-17,75,OZ,2,4.98
741378682,126,26,2628,101111010,9907,2012-10-10,3,RL,1,1.98
741378682,126,59,5907,102900020,2012,2013-02-06,16,OZ,1,0.77
741378682,126,5,516,103000030,14760,2013-04-21,7.4,OZ,1,1.88
741378682,126,8,817,102700020,8612,2013-04-21,24,OZ,1,1
741381351,89,8,822,101111010,9907,2012-03-03,16,OZ,1,2.49
741382010,191,82,8201,104157343,6678,2012-09-19,1,CT,1,1
741382010,191,96,9609,1055000050,88199,2012-11-14,0,,1,-0.75
741386535,98,25,2506,104127141,26189,2013-04-24,32,OZ,2,6.68
741394811,26,55,5559,107756777,6854,2012-05-24,13.2,OZ,1,1
741394811,26,10,1011,102400020,4704,2013-03-13,6,OZ,2,2.16
741398335,140,9,917,107373171,11786,2013-02-19,26,OZ,1,3.49
741398335,140,27,2713,102310020,3223,2013-04-30,3.5,OZ,4,3.16
741399045,12,0,0,10000,0,2012-10-22,0,,1,0
741402123,191,12,1202,108660080,2559,2012-08-14,14.75,OZ,1,3.27
741405971,83,57,5705,101111010,9907,2012-11-24,32,OZ,1,1.99
741405971,83,8,802,101111010,9907,2013-03-14,10,OZ,1,0.99
741407851,83,37,3709,104178949,11224,2013-04-06,3,OZ,15,3
741427867,26,67,6703,1030813737,9259,2012-06-02,14,OZ,1,3.54
741427867,26,99,9909,107143070,5072,2012-12-15,12,OZ,1,3.19
741437849,191,33,3312,103700030,14494,2012-08-02,6.38,OZ,1,1.5
741440550,98,33,3305,101583919,7001,2012-06-30,16,OZ,1,3
741440550,98,56,5607,101111010,9907,2012-08-21,8,OZ,1,1.5
741440550,98,3,310,101111010,9907,2013-01-25,2.25,OZ,1,1.89
741442131,191,99,9909,101111010,28083,2012-03-20,6,OZ,1,2.98
741442131,191,73,7304,1064786565,322,2012-05-19,32,CT,2,12.98
741442131,191,97,9753,10000,0,2013-03-24,1,CT,2,2.58
741442131,191,64,6408,108500080,15104,2013-05-23,1.5,LT,1,8.99
741443925,191,11,1111,103800030,17050,2012-07-11,5.5,OZ,2,3.98
741444503,58,4,411,101111010,9907,2012-04-04,9,OZ,1,1.49
741444503,58,9,907,104157343,9907,2013-02-17,15,OZ,1,0.99
741447052,89,5,516,107431272,82292,2012-07-12,2,OZ,2,2
741454779,133,9,907,105040050,95440,2012-06-09,12,OZ,2,4
741454779,133,36,3612,101111010,9907,2012-06-17,128,OZ,2,1.78
741454779,133,12,1205,104800040,38150,2012-07-08,5,OZ,2,1.78
741454779,133,58,5812,105450050,1322,2012-07-29,15,OZ,1,4.99
741454779,133,99,9904,1071575676,5278,2012-08-26,16,OZ,1,1.98
741454779,133,99,9909,107143070,5072,2013-02-23,12,OZ,1,2.99
741455578,58,96,9609,1052840050,88199,2013-05-03,0,,1,-1.5
741468921,191,5,501,1088491282,8471,2012-11-30,12.5,OZ,1,3.79
741468921,191,92,9212,107780272,28813,2013-05-17,0.13,OZ,1,0.99
741474500,143,99,9909,101111010,28083,2012-03-05,5,OZ,2,6.18
741485167,191,97,9732,1067341969,10312,2012-08-01,1,CT,1,12.99
741488494,151,58,5823,104470040,13310,2013-04-11,16,OZ,1,2.18
741488494,151,40,4001,1061300868,867,2013-05-27,320,OZ,2,5.98
741488494,151,16,1601,104111646,18550,2013-06-21,30,CT,1,2.49
741488494,151,36,3601,101200010,13794,2013-07-13,240,OZ,1,5.99
741490746,431,0,0,10000,0,2012-10-27,0,,1,0
741505567,26,36,3604,107800070,16023,2012-06-11,67.6,OZ,1,1.5
741505567,26,3,311,107116979,1756,2012-07-04,7,OZ,1,3.59
741505567,26,30,3008,101111010,9907,2012-12-28,16,OZ,2,3
741505567,26,9,907,101111010,9907,2013-03-20,14.5,OZ,1,1.69
741505567,26,64,6401,101820010,2510,2013-04-27,144,OZ,1,9.99
741508257,12,4,421,107046272,16934,2012-11-11,8,OZ,1,2.09
741508257,12,27,2713,101780010,30972,2012-11-24,10,OZ,1,2.29
741511672,143,29,2930,106414464,3342,2013-03-11,7.5,OZ,4,4
741511827,58,63,6315,101111010,9907,2012-08-13,64,OZ,3,3.75
741511827,58,63,6399,101111010,9907,2012-10-16,20,OZ,1,2.5
741511827,58,36,3626,104900040,17186,2012-12-09,144,OZ,1,4
741511827,58,27,2702,107910070,33128,2013-03-18,16,LB,1,9.99
741511827,58,27,2702,107910070,7608,2013-05-16,16,LB,1,10.99
741512497,63,58,5813,101590010,1366,2012-05-17,16,OZ,1,1.25
741514763,89,43,4302,104300040,4030,2012-08-30,8,OZ,1,1
741514763,89,5,501,1088491282,13689,2012-11-10,11,OZ,1,2.87
741515082,191,0,0,10000,0,2013-02-28,0,,2,0
741527996,126,59,5902,101111010,9907,2012-06-01,16,OZ,1,2.89
741528170,83,33,3318,101111010,9907,2012-06-30,8,OZ,1,1.49
741528359,83,41,4121,101111010,9907,2012-09-20,8,OZ,2,0.74
741528359,83,67,6708,107445171,2373,2013-01-02,1,CT,1,2.79
741529765,191,0,0,10000,0,2013-04-19,0,,2,0
741529765,191,0,0,10000,0,2013-05-01,0,,1,0
741535775,89,2,202,1064420969,5345,2012-06-12,17.6,OZ,1,2.89
741540257,58,57,5705,103663232,4568,2012-11-25,24,OZ,1,2
741541087,26,63,6315,101111010,9907,2012-08-06,128,OZ,1,2.33
741541087,26,51,5122,108298888,19799,2012-12-09,11,OZ,1,4.59
741544890,211,54,5403,101800010,14029,2012-05-25,11.5,OZ,2,4
741544890,211,44,4402,104145848,5602,2012-07-16,36,OZ,1,4.49
741556923,98,37,3710,103620030,1698,2013-01-03,24,OZ,2,13.96
741572431,26,3,304,101111010,9907,2012-12-07,1,OZ,1,3.99
741577833,140,35,3508,103700030,18371,2012-04-03,50,OZ,2,15.98
741577833,140,69,6901,101700010,15288,2012-05-15,4,OZ,2,7.1
741580258,140,56,5610,102100020,9886,2013-02-23,7,OZ,1,3.99
741582236,191,21,2105,105200050,7054,2013-01-05,32,OZ,1,1
741582312,83,99,9909,101111010,9907,2012-03-26,12,OZ,2,3.3
741582312,83,55,5563,1074447373,16798,2012-09-07,32,OZ,2,8.98
741583483,58,9,913,101111010,9907,2012-09-28,12,OZ,1,1.25
741583483,58,56,5617,101111010,9907,2013-03-02,12,OZ,1,2
741585186,89,99,9904,1071575676,5278,2012-04-23,16,OZ,2,4
741585186,89,51,5125,101380010,10271,2013-01-18,12,OZ,1,2
741588978,151,4,405,101111010,9907,2012-08-10,16,OZ,1,1.59
741588978,151,45,4517,101111010,20588,2012-09-15,32,OZ,1,5.99
741588978,151,63,6316,101111010,9907,2012-10-25,16,OZ,1,1
741588978,151,31,3101,103784232,6762,2013-03-23,0.25,OZ,1,2.99
741588978,151,26,2613,104126040,9907,2013-05-04,36,CT,2,8.98
741588978,151,26,2632,104126040,51712,2013-05-23,72,CT,1,1.51
741591922,211,57,5704,107047070,20230,2012-03-28,6,OZ,4,2.8
741591922,211,9,908,1063507868,9907,2012-10-13,94,OZ,1,28.99
741591922,211,26,2620,1072652878,7848,2012-10-31,1,CT,2,2.48
741591922,211,37,3709,104178949,11224,2013-04-16,36,OZ,1,2.29
741592899,98,29,2907,104600040,13023,2012-03-15,14,OZ,2,5.98
741592899,98,9,907,107313070,13291,2012-03-22,24,OZ,1,4.39
741592899,98,19,1910,10980090,12851,2012-06-26,13,OZ,1,3.89
741592899,98,1,105,1030008737,5794,2012-07-12,22.2,OZ,1,22.99
741592899,98,4,416,104000040,26517,2013-02-28,3.74,OZ,1,1
741595160,83,9,902,104400040,12279,2012-03-07,13.6,OZ,1,2.99
741595160,83,57,5710,103663232,4568,2013-01-07,21.2,OZ,1,3.49
741596580,12,56,5609,101111010,9907,2012-11-27,24,OZ,1,3.77
741596580,12,36,3612,1074290070,75016,2012-12-07,128,OZ,1,0.39
741596580,12,99,9908,103338333,33170,2012-12-18,1,CT,3,1.77
741596580,12,36,3612,1074290070,75016,2013-06-09,384,OZ,1,1.17
741609617,126,5,501,101111010,9907,2013-03-05,13.8,OZ,1,2.49
741617501,89,51,5125,1071785474,11614,2013-01-15,8,OZ,2,1.98
741623585,211,59,5905,1079645171,13101,2012-10-25,15,OZ,2,5.98
741626823,211,63,6321,102540020,1008,2012-03-21,7,OZ,1,2.99
741626823,211,97,9753,1075166676,0,2012-11-04,1,CT,1,3.99
741628938,143,56,5615,101111010,9907,2012-07-29,8,OZ,1,2.29
741628938,143,9,922,104500040,8511,2012-07-29,15,OZ,1,2.14
741628938,143,57,5710,1089470080,21065,2013-05-19,14,OZ,2,4
741628938,143,0,0,10000,0,2013-06-21,0,,1,0
741644201,191,51,5125,101380010,10271,2012-07-21,8,OZ,1,1.88
741644201,191,14,1416,101111010,6678,2012-11-24,15,OZ,2,2
741644201,191,25,2506,105000050,32115,2013-02-15,32,OZ,1,2.99
741644201,191,56,5616,104610040,15889,2013-05-17,7,OZ,1,0
741659069,133,36,3632,101111010,1814,2012-03-16,67.6,OZ,1,0.88
741659069,133,5,501,101600010,6283,2012-08-26,16.1,OZ,1,1.99
741673276,143,9,915,107750777,9469,2012-04-12,12,OZ,1,2.49
741678016,63,21,2106,101111010,9907,2012-12-05,64,OZ,1,1.8
741678236,83,58,5832,101111010,9907,2012-06-22,32,OZ,1,5.99
741678236,83,62,6202,101111010,25089,2013-02-06,9,OZ,1,3.79
741678236,83,99,9908,103338333,33170,2013-02-14,16,OZ,1,1.09
741680243,211,96,9609,1054410050,88199,2012-11-20,0,,1,-1
741680243,211,96,9609,1054133555,88199,2013-06-15,0,,2,-2
741685343,63,23,2301,103340030,15474,2012-06-26,12,OZ,1,0.88
741700437,211,63,6321,104082242,15667,2012-06-04,10,OZ,1,4.39
741700437,211,11,1102,101360010,18845,2012-06-06,160,CT,1,6.29
741700437,211,0,0,10000,0,2012-12-30,0,,1,0
741702807,431,17,1709,102570020,27327,2012-11-03,12,CT,2,7.78
741703380,98,5,501,101600010,10797,2012-03-12,16,OZ,1,3.99
741703380,98,25,2501,1065272969,5453,2012-06-08,14,OZ,1,2.5
741707357,12,25,2508,102529323,16410,2012-07-07,64,OZ,2,6.58
741707357,12,0,0,10000,0,2012-10-24,0,,3,0
741716002,431,9,902,104400040,15335,2013-03-13,8.1,OZ,1,3.07
741723511,140,99,9908,101111010,20588,2012-08-18,8,OZ,1,2.79
741723511,140,63,6315,101111010,12028,2013-01-05,128,OZ,1,2.69
741738971,133,63,6316,101111010,9907,2012-11-01,16,OZ,1,0.85
741742285,63,73,7302,1030004535,18961,2012-12-20,100,CT,1,8.29
741753553,83,12,1206,108000080,17292,2012-08-03,5,OZ,2,4.58
741753553,83,54,5403,103800030,17050,2013-01-12,13.4,OZ,1,5.49
741767691,83,41,4109,105200050,19212,2012-03-18,28,OZ,2,4.18
741767691,83,36,3618,104900040,17929,2012-05-28,144,OZ,1,3.67
741770144,191,47,4705,104180040,19713,2013-01-17,11.5,OZ,2,3.78
741776665,63,9,907,104500040,20016,2012-09-22,24,OZ,1,2.99
741784281,133,14,1410,103900030,10383,2012-11-18,15,OZ,6,10.14
741792659,12,9,908,103209333,9698,2012-03-26,12,OZ,1,1.79
741792659,12,12,1205,101111010,9907,2012-07-08,5,OZ,2,1.58
741799866,89,99,9904,101111010,9907,2012-11-07,48,OZ,1,2.99
741800778,89,59,5910,103377636,16650,2012-07-11,15,OZ,1,2.42
741800778,89,9,902,101111010,9907,2012-08-13,16,OZ,1,1.39
741800778,89,3,310,107069070,6386,2012-12-03,10,OZ,1,5.89
741801581,12,36,3631,101111010,1814,2012-12-15,67.6,OZ,1,0.87
741802029,58,29,2914,102100020,9886,2012-04-15,36.25,OZ,1,4.69
741802029,58,96,9609,1057346151,88199,2012-12-22,0,,1,-1
741808551,140,58,5827,101111010,9907,2012-06-21,16,OZ,1,3.5
741808551,140,14,1405,103120030,12957,2012-11-20,14,OZ,1,1.25
741808551,140,21,2108,104175545,10177,2013-01-08,64,OZ,1,1.75
741811180,191,58,5824,101111010,9907,2013-06-03,16,OZ,1,2.99
741818259,83,10,1007,104300040,26232,2013-05-02,3,OZ,5,5
741820327,58,37,3707,101111010,9907,2012-11-29,14,OZ,1,0.45
741820327,58,45,4511,1078876777,85150,2012-12-16,48,OZ,1,5.99
741822199,191,45,4511,102370020,18969,2012-08-15,29,OZ,1,4
741822199,191,9,912,103967737,34197,2012-10-03,16.08,OZ,1,2.99
741824681,126,46,4606,101111010,20588,2012-07-15,16,OZ,1,1.99
741826576,431,33,3310,1072822979,18169,2012-04-16,6.8,OZ,1,3.85
741826576,431,63,6312,105020050,52045,2013-06-15,64,OZ,1,1.88
741827858,89,63,6312,102500020,11749,2012-03-23,59,OZ,1,1.99
741827858,89,33,3305,102840020,5141,2012-04-09,11.5,OZ,1,3.29
741827858,89,9,907,104130040,2636,2012-11-11,21,OZ,1,2
741827858,89,29,2905,101111010,9907,2012-11-17,14,OZ,1,0.99
741827858,89,45,4511,102370020,18969,2013-01-13,26,OZ,1,4.99
741834258,140,65,6501,104400040,8463,2012-11-11,6,OZ,1,2.49
741834258,140,79,7903,107099272,27869,2012-12-19,1,CT,1,4.49
741834258,140,4,419,107726070,15624,2013-01-19,1.75,OZ,2,2.5
741842112,63,60,6011,101111010,9907,2012-12-22,16,OZ,1,1.68
741843714,89,26,2617,101111010,9907,2013-05-19,1,CT,1,1.39
741843874,2,99,9904,1071575676,5278,2012-05-14,6,OZ,1,1.5
741843874,2,0,0,10000,0,2012-10-29,0,,1,0
741843874,2,5,522,107240070,4253,2012-12-06,18,OZ,1,4.39
741843874,2,9,907,107225070,12465,2013-06-08,12,OZ,1,3.49
741849821,191,97,9799,1082603080,19251,2012-08-07,1,CT,1,15.99
741849821,191,0,0,10000,0,2013-04-05,0,,1,0
741854089,143,72,7205,103500030,3830,2013-01-24,6,OZ,1,3.14
741854308,143,2,212,101330010,11211,2012-12-02,7,OZ,2,2
741854779,191,30,3010,107147575,2953,2012-07-03,12,OZ,1,3
741854779,191,0,0,10000,0,2013-02-24,0,,1,0
741854779,191,9,901,104400040,13243,2013-02-27,15.25,OZ,1,2.77
741854779,191,99,9909,101111010,28083,2013-04-17,10,OZ,1,1.88
741860891,140,63,6315,101111010,12028,2012-03-26,128,OZ,1,2.99
741877194,211,4,418,103400030,15113,2012-06-26,4.4,OZ,1,1.25
741877194,211,26,2619,101111010,9907,2012-11-04,20,CT,1,3.59
741877194,211,56,5617,101111010,9907,2013-03-23,16,OZ,1,2.97
741877194,211,31,3108,102460020,11990,2013-06-08,17.6,OZ,1,2.99
741879747,58,36,3626,104900040,17186,2013-03-13,96,OZ,1,4.99
741882222,58,54,5401,103800030,5618,2012-05-12,29.6,OZ,1,3.59
741882222,58,54,5401,101111010,9907,2012-10-29,29.6,OZ,1,4.19
741886504,63,10,1007,104300040,26232,2012-05-04,6,OZ,2,2
741899180,63,21,2119,1083812888,23042,2012-11-24,23.5,OZ,1,1
741899199,126,33,3319,102840020,15598,2013-05-06,9,OZ,1,3.99
741909396,58,0,0,10000,0,2012-06-06,0,,1,0
741909396,58,97,9707,107169171,15583,2013-04-06,3,CT,1,6.29
741909433,211,0,0,10000,0,2012-12-22,0,,2,0
741952829,12,10,1011,104300040,26232,2012-12-02,15.5,OZ,1,2.49
741952829,12,63,6321,102540020,1008,2013-01-17,7,OZ,1,1.5
741962318,143,55,5552,101111010,9907,2012-05-29,16,OZ,1,1
741962318,143,26,2628,101111010,9907,2012-10-02,1,RL,1,1
741962318,143,96,9609,1053700050,88199,2013-01-01,0,,3,-2.75
741962318,143,55,5552,101111010,9907,2013-04-30,48,OZ,1,2.5
741967646,58,58,5833,101111010,9907,2012-09-14,16,OZ,3,8.94
741973825,98,45,4508,104440040,7504,2012-03-19,19,OZ,1,4.92
741974134,98,27,2702,101780010,31128,2012-04-01,17.6,LB,1,13.49
741974134,98,9,901,104400040,3453,2012-07-16,13.72,OZ,1,2.49
741974134,98,56,5620,102100020,9886,2012-09-30,8,OZ,2,4.58
741974134,98,51,5134,104280040,18599,2013-04-19,19.8,OZ,1,3.49
741983384,98,5,501,101600010,10797,2013-03-18,11.5,OZ,1,2.94
741983384,98,9,908,107087070,12106,2013-05-13,11.25,OZ,1,2.99
741986450,58,51,5129,101450010,20864,2013-05-19,21,OZ,1,4.29
741999507,126,28,2804,101111010,9907,2012-07-23,4,OZ,1,0.99
741999507,126,31,3101,107096979,17090,2012-08-11,4.5,OZ,1,1.59
741999507,126,9,907,107341070,2437,2012-09-07,24,OZ,1,2.49
741999507,126,82,8201,101111010,9907,2012-09-20,1,CT,1,5.99
742001815,2,8,836,107321070,17274,2013-03-25,8.5,OZ,1,4.19
742004048,58,53,5307,101111010,9907,2012-03-31,12,OZ,2,2
742004048,58,99,9908,101111010,9907,2012-05-13,160,OZ,1,3.69
742004048,58,36,3632,101480010,8019,2012-06-24,128,OZ,1,1.99
742004048,58,26,2622,101111010,9907,2012-07-18,100,CT,1,3.49
742004048,58,57,5704,101111010,9907,2012-11-04,6,OZ,4,1.6
742004048,58,0,0,10000,0,2013-01-17,0,,1,0
742048559,431,58,5835,107229070,18158,2012-04-10,16,OZ,2,8.58
742048559,431,49,4901,101111010,9907,2012-04-10,28,OZ,1,2.17
742048559,431,51,5134,104280040,18599,2013-01-08,19.8,OZ,1,2.99
742048559,431,25,2507,104157040,2017,2013-04-20,32,OZ,2,4.34
742051700,126,99,9904,107143070,5072,2012-04-18,16,OZ,1,2.5
742051700,126,8,807,101111010,9907,2013-04-09,18,OZ,1,1.25
742052361,23,21,2105,105200050,7054,2013-02-25,32,OZ,4,3.16
742056112,98,55,5552,107189979,2010,2012-10-09,16,OZ,4,8
742056112,98,58,5826,101111010,9907,2012-11-09,12,OZ,1,2.04
742059565,26,33,3309,101111010,9907,2012-06-24,10,OZ,1,1
742059565,26,28,2804,101111010,9907,2012-09-15,7,OZ,1,1.39
742073194,191,41,4110,103940030,71386,2013-01-20,28,OZ,1,2.12
742076307,143,63,6315,101111010,9907,2012-04-30,128,OZ,3,9.87
742093679,126,45,4513,102265525,2626,2012-11-10,48,OZ,1,9.99
742093679,126,17,1726,101111010,5981,2013-03-30,35,CT,1,1.69
742093679,126,63,6321,102540020,1008,2013-04-15,14,OZ,1,4.29
742104600,151,35,3509,103320030,875,2012-04-04,75,OZ,1,5.39
742104600,151,36,3601,104900040,3809,2012-06-28,144,OZ,4,13
742110024,211,14,1411,101111010,9907,2012-04-06,20,OZ,1,1.08
742110024,211,56,5615,101111010,9907,2013-01-11,8,OZ,1,2.69
742110024,211,14,1410,104125545,3943,2013-04-14,20,OZ,2,7.98
742110332,151,99,9908,101111010,9907,2012-05-23,10,OZ,1,2.39
742110332,151,63,6320,101111010,85048,2012-11-23,12,CT,2,5
742110332,151,63,6320,101111010,9907,2012-12-28,12,CT,1,1.87
742114420,133,9,908,102430020,10577,2013-01-26,10.6,OZ,1,1.49
742114420,133,96,9609,1055150050,88199,2013-04-06,0,,1,-1
742114420,133,5,501,1088491282,68868,2013-04-06,18,OZ,1,3.99
742114420,133,63,6320,101111010,4962,2013-05-25,18,CT,1,2.93
742116215,191,3,311,101600010,1756,2012-11-29,14.5,OZ,2,3.38
742116269,211,4,416,102800020,2631,2013-02-23,2.1,OZ,2,1.58
742137231,58,9,907,107131575,8313,2012-08-26,20,OZ,1,2.19
742148365,211,33,3314,103000030,14760,2012-04-28,3.52,OZ,3,6.6
742148365,211,30,3006,104300040,7467,2012-08-25,8,OZ,1,1.69
742148666,126,5,501,103000030,45635,2012-04-19,18,OZ,1,3.24
742149300,89,41,4121,101111010,9907,2012-06-17,29,OZ,1,1.16
742149300,89,73,7302,1030057333,250,2012-07-11,150,CT,1,12.89
742154810,126,21,2109,101111010,9907,2012-11-16,64,OZ,1,3.27
742157556,126,72,7205,107732676,18502,2012-06-18,4.2,OZ,1,3.19
742157556,126,35,3508,103700030,18371,2012-09-30,50,OZ,1,5.99
742157556,126,63,6315,101111010,9907,2012-10-30,64,OZ,2,5.18
742157556,126,63,6316,102018828,18483,2013-03-06,12,OZ,1,2.99
742165076,26,12,1205,108000080,17292,2012-03-02,5,OZ,2,1.98
742165076,26,51,5125,105010050,8089,2012-03-04,10.2,OZ,1,2.73
742165076,26,51,5125,105010050,8089,2012-04-01,11.5,OZ,1,2.73
742165076,26,14,1416,102400020,4704,2012-09-14,15,OZ,1,1.38
742165076,26,12,1205,101111010,9907,2012-10-26,5,OZ,2,1.58
742165076,26,51,5125,105010050,8089,2013-03-23,10.5,OZ,1,2.2
742170146,58,33,3305,101583919,7001,2012-06-24,8.1,OZ,1,2.68
742172711,58,47,4706,1088403888,9073,2012-03-31,8,OZ,2,6.98
742172711,58,36,3612,108304686,8688,2013-05-26,320,OZ,1,3.19
742191725,140,0,0,10000,0,2012-06-02,0,,1,0
742191725,140,26,2630,103600030,9787,2013-02-02,84,CT,2,1.98
742193453,140,19,1905,101111010,9907,2012-05-01,32,OZ,2,5.04
742193453,140,0,0,10000,0,2012-09-25,0,,2,0
742193453,140,36,3601,104900040,3809,2012-11-03,20,OZ,1,1.25
742196077,143,25,2503,104127141,26189,2012-07-03,10.5,OZ,1,3.19
742196077,143,9,907,107347272,6562,2012-09-19,24,OZ,1,4.99
742204810,98,58,5814,104470040,10837,2012-05-21,10.7,OZ,1,2.49
742204810,98,63,6399,1063715262,53761,2012-09-30,10,OZ,2,15.9
742204810,98,18,1828,102340020,15181,2012-10-04,7.5,OZ,1,0.94
742204810,98,36,3630,107800070,5208,2013-01-28,144,OZ,1,4
742211735,431,99,9908,1070935171,5534,2012-05-06,12,OZ,1,2.49
742219867,98,27,2706,101780010,95301,2013-01-04,3,OZ,2,1.7
742219867,98,63,6320,1071514171,25530,2013-05-20,12,CT,1,2.89
742222055,89,96,9609,1054133555,88199,2012-08-31,0,,1,-1
742222055,89,0,0,10000,0,2013-02-02,0,,1,0
742226254,26,56,5604,104242141,2071,2012-05-24,8,OZ,1,5.99
742226433,143,9,913,104812141,18322,2012-03-31,12,OZ,1,3.99
742226957,12,0,0,10000,0,2012-09-05,0,,1,0
742226957,12,9,907,101111010,9698,2013-03-25,24,OZ,1,2
742229568,140,64,6401,107825070,17336,2012-07-20,24,OZ,1,1.39
742229568,140,63,6316,101111010,9907,2012-11-05,16,OZ,1,1.25
742229568,140,57,5710,107835575,61673,2012-11-18,24,OZ,1,3.09
742229568,140,64,6401,101820010,2510,2013-03-15,24,OZ,1,1.19
742239973,140,20,2002,105100050,27873,2012-03-21,46,OZ,1,3.99
742239973,140,35,3509,103320030,875,2012-11-02,75,OZ,1,3.99
742239973,140,32,3202,105150050,4307,2013-03-18,48,OZ,1,3.99
742239973,140,37,3706,104119646,14582,2013-03-18,19,OZ,1,1.25
742239973,140,10,1004,104300040,26232,2013-05-04,3.4,OZ,1,1.29
742239973,140,96,9609,1057261353,88199,2013-06-20,0,,1,-1
742241177,191,9,901,103010030,6852,2012-06-14,6.6,OZ,3,3.54
742241177,191,51,5124,107111777,15194,2012-08-01,32,OZ,2,5.58
742241177,191,8,810,107488070,50843,2012-11-07,3.5,OZ,1,4.19
742256490,98,56,5616,101111010,9907,2013-04-24,6,OZ,1,1.77
742256490,98,36,3611,101111010,9907,2013-05-08,405.6,OZ,2,5.98
742257388,98,9,907,104157343,9907,2013-03-19,24,OZ,1,4.49
742257388,98,18,1822,103700030,6236,2013-05-29,16.9,OZ,1,3.79
742268480,83,57,5705,107047070,20230,2012-10-30,48,OZ,1,3.14
742269951,26,69,6903,101111010,9907,2012-03-14,0.5,OZ,1,2.2
742269951,26,25,2506,104127141,26189,2012-12-28,32,OZ,1,3.27
742269951,26,30,3009,101111010,9907,2013-05-01,16,OZ,1,1.5
742271549,58,97,9753,10000,0,2012-10-26,1,CT,4,7.32
742271549,58,82,8201,104157343,1292,2013-02-12,8,CT,1,5.99
742271549,58,4,416,104000040,56360,2013-02-12,2.13,OZ,1,0.89
742276268,12,45,4509,109999,5507,2013-01-28,80,OZ,1,-5
742276343,126,0,0,10000,0,2012-05-18,0,,1,0
742276343,126,56,5613,101111010,9907,2012-08-20,30,OZ,1,4.19
742276343,126,27,2704,101111010,13891,2012-10-16,16,OZ,2,14.98
742277641,58,9,908,101111010,9907,2012-03-04,15,OZ,1,1.39
742277641,58,36,3631,101111010,1814,2012-05-26,144,OZ,1,1.75
742279285,12,33,3303,108411484,9596,2012-05-26,4,OZ,1,2.89
742285236,431,0,0,10000,0,2012-08-30,0,,1,0
742285236,431,63,6320,101111010,9907,2013-02-02,6,CT,1,0.99
742285236,431,1,106,102392323,5494,2013-03-27,4.2,OZ,1,1.5
742285236,431,8,811,104112949,3635,2013-04-05,8.1,OZ,1,2.99
742289259,63,99,9904,1071575676,5278,2012-07-05,6,OZ,2,1.94
742289322,211,8,836,101300010,8164,2012-12-05,64,OZ,1,3.59
742293911,140,30,3008,104100040,19747,2012-04-20,16,OZ,1,2.99
742293911,140,0,0,10000,0,2012-09-14,0,,1,0
742297934,98,0,0,10000,0,2012-11-21,0,,1,0
742297934,98,96,9609,1054150050,88199,2013-02-23,0,,1,-0.5
742309426,143,63,6320,1071514171,25530,2013-03-08,18,CT,1,3.59
742309426,143,9,908,101111010,9907,2013-06-30,8.5,OZ,1,1.69
742311643,26,33,3307,104157040,2017,2013-03-30,16,OZ,1,8.59
742313045,83,55,5562,104154848,5603,2012-04-29,48,OZ,1,5.99
742313045,83,37,3706,104119646,14582,2012-11-16,19,OZ,5,8.34
742313045,83,73,7308,1031254636,7853,2012-12-30,40,CT,2,2.36
742313045,83,4,416,102800020,4346,2013-03-14,1.55,OZ,2,1
742324234,151,58,5824,107778272,9260,2012-09-03,32,OZ,1,7.99
742324234,151,5,516,102430020,17616,2012-10-14,10.56,OZ,1,2.69
742324234,151,21,2103,103120030,12957,2013-01-06,64,OZ,2,5.58
742327592,143,29,2903,106414464,3342,2012-03-07,15,OZ,1,1
742327592,143,24,2406,103760030,17027,2013-03-28,12,OZ,2,5.18
742327592,143,55,5558,101111010,9907,2013-03-28,37,OZ,1,1.99
742327592,143,38,3801,101111010,9907,2013-06-21,4,LB,1,2.19
742327592,143,36,3603,104300040,26420,2013-06-26,256,OZ,1,0.99
742329026,133,23,2301,102680020,565,2012-10-08,12,OZ,1,2.89
742329026,133,34,3499,103760434,27723,2013-03-01,1,CT,1,1.69
742333938,89,97,9745,107575575,18536,2012-09-25,1,CT,2,3.47
742333938,89,37,3703,105100050,2820,2013-01-18,11.5,OZ,3,3
742340522,126,96,9609,1057431252,88199,2012-04-02,0,,2,-2
742340522,126,14,1404,101111010,9907,2012-08-14,24,OZ,2,2.67
742340522,126,4,418,103400030,15113,2013-03-23,8,OZ,2,4
742343368,431,33,3302,102700020,57417,2012-03-21,32.91,OZ,1,6.99
742343368,431,58,5833,101111010,9907,2013-01-26,48,OZ,1,9.42
742343497,191,8,810,102150020,10238,2012-08-18,1,OZ,1,0.79
742353974,89,41,4108,101111010,9907,2012-05-10,15,OZ,1,0.69
742353974,89,18,1828,103700030,6236,2012-08-26,0.36,OZ,1,5.59
742356002,140,0,0,10000,0,2012-06-01,0,,1,0
742362519,143,55,5556,104154848,5603,2012-07-10,48,OZ,1,3.49
742362519,143,63,6315,101111010,9907,2012-12-04,128,OZ,1,2.99
742362519,143,55,5556,104154848,5603,2013-04-23,48,OZ,1,4.99
742367503,140,0,0,10000,0,2012-05-24,0,,1,0
742367503,140,36,3618,104900040,23359,2012-12-16,67.6,OZ,2,2
742367593,26,26,2622,101111010,9907,2012-06-20,40,CT,1,2.49
742367593,26,9,908,107247070,9903,2012-08-26,18.4,OZ,1,5.49
742393792,83,2,202,105150050,14029,2012-10-26,19.5,OZ,2,3
742393792,83,22,2211,103700030,2246,2013-01-13,105,CT,1,4.99
742396964,191,56,5609,101111010,6678,2012-04-17,16,OZ,1,1.97
742397256,83,51,5126,101380010,27474,2012-04-03,10,OZ,1,2.74
742405069,126,63,6320,101111010,9907,2013-01-08,12,CT,1,1.19
742405127,98,0,0,10000,0,2012-05-29,0,,1,0
742405127,98,9,907,107087070,12106,2013-01-15,24,OZ,1,2.99
742407860,12,10,1012,102700020,23332,2012-05-17,13,OZ,1,1
742407860,12,17,1704,102570020,27327,2012-12-02,22,OZ,1,4.19
742407860,12,97,9799,102429121,33170,2013-03-26,1,CT,1,1.49
742412340,126,51,5115,107192171,25673,2012-11-30,9.2,OZ,1,0
742412340,126,36,3611,108265787,4687,2013-05-21,23.7,OZ,2,1.58
742413127,98,23,2301,101111010,9907,2012-04-21,16,OZ,1,1.14
742413127,98,35,3508,103700030,18371,2012-11-16,150,OZ,1,19.99
742413127,98,0,0,10000,0,2012-12-24,0,,2,0
742413127,98,37,3703,105100050,2820,2012-12-30,10.5,OZ,4,4
742413127,98,10,1012,102700020,23332,2013-02-10,13,OZ,1,1
742413127,98,0,0,10000,0,2013-03-01,0,,1,0
742437204,89,21,2119,107618373,16756,2013-03-08,96,OZ,2,8.98
742438536,211,41,4110,101111010,9907,2012-04-04,28,OZ,2,2.62
742438536,211,82,8201,101111010,9907,2012-06-06,1,CT,1,4.59
742438536,211,41,4108,101111010,9907,2013-02-06,15.5,OZ,2,1.34
742438536,211,58,5823,101590010,1366,2013-02-06,32,OZ,2,10.06
742438536,211,57,5704,101111010,20588,2013-03-06,5.3,OZ,2,1.9
742438536,211,51,5125,101380010,10271,2013-03-06,10.5,OZ,2,3.92
742441227,133,8,814,101111010,20588,2012-04-21,16,OZ,1,2.49
742441227,133,36,3611,101111010,9907,2013-01-05,540.8,OZ,1,3.89
742442142,12,5,501,101600010,9773,2013-06-07,12,OZ,3,8.31
742448175,151,8,810,105210050,11382,2013-01-04,1.25,OZ,2,2
742448576,133,33,3308,102840020,3336,2013-06-23,9.5,OZ,1,2
742450350,89,57,5710,103663232,4568,2012-05-03,5.3,OZ,2,2
742450350,89,33,3310,101600010,7655,2013-01-27,5,OZ,1,2.49
742456567,58,72,7205,103700030,4294,2012-03-11,6.2,OZ,1,2.98
742456567,58,41,4120,101111010,9907,2012-08-12,6,OZ,2,1.28
742461588,191,0,0,10000,0,2012-12-19,0,,1,0
742469128,431,9,922,102430020,10577,2013-03-12,10.14,OZ,1,1.79
742476660,58,3,311,105150050,14029,2012-08-16,15.6,OZ,1,1.79
742488579,431,9,908,101111010,9907,2012-12-02,57,OZ,1,16.99
742488579,431,3,303,101111010,9907,2012-12-08,3.75,OZ,1,1.65
742488727,151,18,1828,104650040,7249,2012-09-29,1.34,OZ,2,9.98
742488727,151,92,9204,107417070,15743,2012-12-31,0.31,OZ,1,3.96
742488727,151,7,707,101111010,9907,2013-06-08,34.5,OZ,1,5.99
742488727,151,51,5134,1071785474,11614,2013-07-06,4.5,OZ,1,1
742502897,140,81,8101,102820020,9949,2012-08-22,1,CT,1,3.99
742502897,140,36,3611,101111010,9907,2012-08-31,33.8,OZ,1,0.69
742506347,26,63,6314,101111010,9907,2012-07-29,16,OZ,2,2
742513242,2,63,6315,104138343,10091,2012-04-07,64,OZ,1,4.69
742513242,2,69,6901,107940070,4696,2012-11-27,5.4,OZ,1,6.99
742515453,2,54,5403,102580020,16668,2013-01-18,8.66,OZ,2,5.98
742516544,83,25,2506,105000050,32115,2012-07-28,32,OZ,1,3.28
742516544,83,7,707,104300040,11339,2012-11-16,29.3,OZ,1,7.49
742522705,58,64,6401,108769282,15787,2012-08-11,144,OZ,1,12.99
742522705,58,9,915,107452474,64091,2013-06-25,12,OZ,1,1.79
742523195,89,58,5833,101111010,9907,2013-02-24,16,OZ,2,5.56
742523195,89,96,9609,1051380050,88199,2013-03-10,0,,1,-1
742523610,191,3,311,1064420969,5345,2012-11-05,16,OZ,2,3
742525513,12,29,2923,101600010,17539,2012-07-07,6.2,OZ,2,2.67
742525513,12,5,501,101111010,9907,2012-10-03,13.8,OZ,1,2.29
742535582,89,22,2210,103700030,5174,2012-09-21,51,OZ,1,5.39
742538274,211,33,3350,102620020,16611,2013-01-22,0.97,OZ,2,2
742538297,83,69,6901,107940070,5168,2012-03-11,2.6,OZ,1,3.99
742538297,83,82,8201,104157343,9907,2012-06-03,6,CT,1,5.99
742538297,83,41,4108,103940030,71386,2012-09-22,15.5,OZ,1,1
742538297,83,99,9908,103338333,33170,2012-11-30,48,OZ,1,2.39
742538297,83,9,907,101111010,9907,2013-01-11,20,OZ,1,1.25
742544252,191,4,410,107097070,13717,2012-04-26,3,OZ,1,0.42
742544252,191,36,3604,107800070,16023,2012-08-08,60,OZ,1,5.59
742546530,126,28,2806,10930090,12157,2013-07-14,16,OZ,1,2.39
742561249,191,71,7113,108087888,13505,2012-03-17,12.6,OZ,1,3.99
742561249,191,37,3706,104119646,14582,2012-11-03,18.5,OZ,3,5
742561249,191,5,501,104240040,40317,2012-11-24,37,OZ,1,5.29
742561249,191,25,2506,105000050,32115,2012-12-22,32,OZ,2,6
742564138,140,96,9609,1058068656,88199,2012-08-08,0,,1,-2
742564138,140,58,5824,104450040,8318,2012-09-15,13,OZ,1,2.68
742564138,140,33,3303,101111010,9907,2013-02-23,11.5,OZ,1,2
742564138,140,63,6315,101111010,12028,2013-05-02,128,OZ,1,2.99
742569979,26,64,6408,108500080,1387,2012-03-21,0.75,LT,1,7.99
742569979,26,5,501,101111010,9907,2012-07-05,12.25,OZ,1,1.99
742578948,191,51,5129,103620030,1698,2012-04-15,24,OZ,3,15
742578948,191,9,907,101111010,4181,2012-09-30,24,OZ,1,2
742580793,133,8,836,101111010,9907,2012-03-21,12.7,OZ,1,1.95
742580793,133,56,5607,101111010,9907,2012-07-05,8,OZ,2,2.5
742580793,133,67,6705,107146373,6375,2012-10-22,3,CT,1,4.15
742581749,83,36,3601,101200010,13794,2012-04-07,67.6,OZ,0,0
742581749,83,4,417,102800020,54992,2012-04-16,3.5,OZ,2,1.98
742581749,83,33,3305,101111010,9907,2012-06-13,10,OZ,1,1
742581749,83,29,2908,101111010,9907,2012-09-09,16,OZ,1,0.87
742581845,140,2,214,105150050,8604,2012-04-22,32,OZ,1,2.99
742581845,140,36,3611,101111010,9907,2013-03-16,405.6,OZ,2,5
742581845,140,26,2622,101111010,9907,2013-04-02,24,CT,1,1.89
742582656,12,35,3504,103700030,4628,2012-11-18,24,OZ,2,3.98
742583326,58,18,1898,104133343,5379,2012-03-14,4,CT,1,4.29
742583326,58,96,9609,1054400050,88199,2013-01-06,0,,1,-0.75
742586581,126,9,908,1070912979,35577,2012-03-16,6,OZ,1,1
742586581,126,63,6320,101111010,9907,2012-10-08,12,CT,1,1.59
742586581,126,63,6399,1071127676,9560,2012-10-18,4,OZ,2,2
742586581,126,26,2614,104126040,9907,2013-02-19,48,CT,1,3.49
742586581,126,32,3202,101111010,9907,2013-02-19,32,OZ,1,2.19
742589667,98,15,1504,1083509888,17678,2012-10-14,32,OZ,1,4.99
