687582168,26,26,2633,103040030,683,2013-01-19,4,RL,4,4
687585465,126,96,9609,1051600050,88199,2012-09-29,0,,1,-0.75
687585465,126,56,5607,102100020,13967,2012-10-20,16,OZ,1,4.89
687585465,126,29,2903,105100050,2820,2013-02-10,14.75,OZ,1,1.19
687586276,89,9,901,102840020,7574,2012-04-21,1.71,OZ,2,1
687586276,89,63,6305,101111010,9907,2012-09-29,64,OZ,1,1.25
687586276,89,30,3010,104133545,43106,2013-03-30,9,OZ,1,2.39
687593771,191,21,2108,101111010,9907,2012-12-15,96,OZ,1,3.19
687593771,191,92,9211,102270020,4197,2013-01-26,0.06,OZ,1,3.49
687593771,191,26,2628,101111010,6678,2013-03-08,2,RL,1,2.99
687594427,26,21,2105,105200050,7054,2012-03-24,16,OZ,2,2.98
687598107,58,63,6323,101111010,9907,2013-01-10,128,OZ,1,2.89
687600046,126,21,2105,105200050,7054,2013-07-10,160,OZ,1,4.98
687600046,126,8,830,101111010,9907,2013-07-27,12,OZ,2,3.18
687601525,211,57,5706,101111010,9907,2012-07-25,32,OZ,1,2.29
687601525,211,26,2622,101111010,9907,2013-04-03,60,CT,1,1.34
687602952,211,36,3626,104900040,17186,2012-10-21,101.4,OZ,1,2.5
687602952,211,97,9748,104154040,26982,2012-11-12,2,CT,3,5.97
687602952,211,43,4302,101111010,9907,2013-01-31,8,OZ,10,10
687602952,211,36,3618,104900040,23359,2013-03-17,101.4,OZ,1,3.34
687606109,143,4,418,103400030,15113,2012-08-11,4.4,OZ,1,1.25
687606109,143,58,5831,101111010,9907,2013-01-15,56,OZ,1,6.99
687609180,58,18,1828,106233868,319,2012-08-16,1.34,OZ,2,11.78
687609180,58,31,3101,1067017161,9581,2012-12-04,2.7,OZ,2,4.98
687609180,58,14,1415,101111010,9907,2013-01-16,15.25,OZ,1,1.39
687611631,26,26,2622,101111010,9907,2012-03-10,15,CT,1,1.29
687611631,26,59,5902,103450030,10165,2012-06-18,15,OZ,1,3.44
687611631,26,36,3618,104900040,23359,2013-03-11,144,OZ,3,12
687611631,26,36,3618,104900040,23359,2013-04-14,144,OZ,3,10
687611631,26,9,917,101111010,9907,2013-05-20,17.5,OZ,1,1.79
687612294,143,63,6321,1089686383,58072,2013-03-12,10,OZ,1,2.5
687616608,211,99,9908,101111010,9907,2013-02-06,16,OZ,1,1.52
687618534,12,56,5609,101570010,11414,2012-08-07,24,OZ,1,4.29
687618534,12,63,6320,101111010,9698,2013-04-25,18,CT,1,2.98
687618534,12,36,3618,101200010,23361,2013-05-18,144,OZ,2,9.98
687621411,143,5,501,101111010,9907,2012-12-18,16.4,OZ,2,3.98
687621411,143,63,6320,101111010,9907,2013-04-09,12,CT,1,1.61
687621411,143,12,1205,108000080,17292,2013-04-09,5,OZ,1,1.19
687622416,431,0,0,10000,0,2012-06-20,0,,1,0
687622416,431,63,6399,1071127676,9560,2012-07-05,24,OZ,1,7.99
687622771,126,26,2633,101111010,9907,2012-12-08,12,RL,1,7.49
687622771,126,27,2704,101111010,9907,2013-05-17,20,CT,1,10.79
687624500,143,71,7113,108087888,13505,2012-11-05,12.6,OZ,1,3.99
687624500,143,25,2506,101111010,9907,2012-11-21,32,OZ,1,2.47
687624500,143,71,7114,103700030,19364,2013-03-09,10,OZ,1,3.97
687632265,26,18,1890,1087884888,45494,2013-05-09,2,CT,2,5.98
687638194,83,9,902,103010030,18457,2012-04-21,12,OZ,1,4.89
687638194,83,34,3411,101700010,4912,2012-08-25,16,OZ,5,16.45
687643495,126,51,5126,102113121,11151,2012-08-29,11,OZ,1,2.59
687643495,126,36,3618,104900040,23359,2012-11-22,20,OZ,1,1.69
687643495,126,36,3629,101200010,23360,2013-04-17,20,OZ,1,1.69
687643495,126,9,902,103010030,47346,2013-05-25,9.5,OZ,1,2.69
687645360,26,55,5558,101111010,9907,2012-09-28,21,OZ,1,1.67
687645360,26,4,419,104000040,5168,2013-01-11,8.87,OZ,1,3
687647658,26,33,3350,102620020,16611,2013-02-24,0.97,OZ,8,2
687649951,83,73,7302,104126040,9907,2012-03-21,24,CT,1,1.99
687649951,83,71,7114,107940070,17521,2012-05-13,11,OZ,1,2.17
687649951,83,29,2906,104178949,11224,2012-08-23,4.11,OZ,1,1.05
687651596,83,73,7361,1030004535,5248,2012-05-04,8,CT,1,4.79
687651596,83,21,2113,107085979,7912,2012-09-07,16.92,OZ,1,1.69
687651596,83,33,3303,102840020,10241,2012-12-04,10,OZ,1,2.99
687652139,431,29,2930,103760030,72948,2012-10-14,10,OZ,2,3.58
687652139,431,28,2804,101111010,9907,2012-12-10,12,OZ,1,1.69
687652139,431,37,3706,104119646,14582,2013-01-23,18.5,OZ,5,4.95
687652139,431,32,3203,101111010,9907,2013-03-02,6,OZ,1,2.18
687653981,191,41,4121,102700020,8612,2013-04-18,10.75,OZ,1,1.39
687653981,191,9,902,103010030,3744,2013-05-24,15,OZ,1,3.39
687658413,133,5,501,103800030,17050,2012-08-20,17.5,OZ,2,9.74
687658413,133,1,106,105220050,1569,2012-11-30,4,OZ,10,5
687659366,12,8,805,107105373,3831,2012-10-21,4,OZ,1,1.59
687660547,431,63,6320,101111010,9907,2012-03-31,12,CT,1,1.79
687660547,431,9,902,101410010,45039,2012-10-21,6.6,OZ,2,4.36
687660547,431,56,5621,101111010,9907,2012-12-19,8,OZ,1,1.89
687663056,191,99,9904,1081204989,27736,2012-11-27,4.4,OZ,2,7.98
687663056,191,30,3007,107766171,10562,2013-02-28,12,OZ,2,5.98
687664929,12,46,4606,101111010,20588,2012-04-01,12,OZ,1,4.49
687669198,83,9,922,103507434,33170,2013-02-09,16,OZ,1,2.99
687669198,83,96,9609,1051380050,88199,2013-03-14,0,,1,-1
687669616,63,2,213,101111010,9907,2012-06-16,18.25,OZ,1,2.29
687669616,63,99,9908,103338333,33170,2012-06-29,16,OZ,1,1.29
687669616,63,23,2301,101111010,9907,2012-09-22,16,OZ,3,2.53
687669616,63,36,3630,107800070,5208,2012-11-17,144,OZ,1,2.5
687669616,63,97,9701,1073754474,33170,2012-12-07,1,CT,2,10.58
687669616,63,82,8201,104157343,20588,2013-03-18,1,CT,1,3.49
687678405,191,0,0,10000,0,2012-11-12,0,,1,0
687678795,63,26,2628,103700030,2248,2012-03-07,8,RL,1,9.99
687678795,63,36,3618,101200010,23361,2012-05-02,20,OZ,1,1.43
687678795,63,35,3504,103500030,13470,2012-08-15,25,OZ,1,2.49
687680829,89,7,708,1076211171,17286,2012-03-12,12,OZ,1,9.39
687680829,89,27,2705,102310020,19792,2012-03-20,3.5,OZ,4,2.76
687680829,89,55,5558,107631070,31445,2012-04-15,6,OZ,1,0.99
687680829,89,0,0,10000,0,2012-05-26,0,,1,0
687680829,89,2,201,101600010,1756,2012-07-23,15.25,OZ,1,1.89
687680829,89,3,302,102800020,30272,2012-10-16,12,OZ,2,4.58
687680829,89,2,214,104144949,9916,2012-12-10,32,OZ,1,1.99
687680829,89,14,1404,101480010,12021,2013-01-18,24,OZ,1,2.39
687680829,89,99,9909,101111010,85048,2013-02-11,5,OZ,1,2.5
687682334,89,41,4110,103940030,71386,2012-03-25,8.3,OZ,1,1.39
687682334,89,63,6319,102073525,18893,2012-10-21,20,OZ,5,4.45
687682334,89,57,5710,103663232,4568,2012-11-01,5.3,OZ,3,3.87
687682499,26,21,2105,104900040,14357,2012-06-22,32,OZ,15,10
687682499,26,99,9908,103338333,33170,2012-09-29,16,OZ,1,1.04
687682499,26,51,5115,107192171,25673,2012-10-27,30.7,OZ,1,5.99
687682499,26,71,7114,1080921989,19814,2013-03-10,7,OZ,1,1.29
687682927,26,99,9909,101111010,28083,2012-07-09,10,OZ,2,2.34
687685066,431,9,907,103967737,25330,2012-05-25,24,OZ,1,3.29
687685066,431,55,5556,107756777,2347,2012-08-04,48,OZ,1,2.99
687685066,431,41,4105,101111010,9907,2013-02-05,14.5,OZ,2,1.18
687685066,431,11,1102,101111010,9907,2013-04-18,1,CT,1,4.99
687688561,89,41,4110,103940030,71386,2012-05-25,16,OZ,1,1.69
687688561,89,97,9712,1072398777,14668,2012-06-22,2,CT,1,15.99
687688561,89,0,0,10000,0,2013-01-14,0,,1,0
687690361,151,9,907,101111010,9907,2013-03-07,12,OZ,1,1
687692964,211,0,0,10000,0,2013-01-25,0,,1,0
687693856,89,26,2628,101111010,9907,2012-09-03,6,RL,1,3.99
687694946,126,35,3509,103700030,6947,2012-09-29,137,OZ,1,19.99
687694946,126,3,310,101111010,9907,2013-06-23,6,OZ,1,3.99
687699780,12,51,5125,101380010,10271,2012-09-18,8.25,OZ,1,2.49
687699780,12,13,1305,103000030,14760,2012-10-24,12,OZ,1,3.99
687699780,12,63,6315,104126040,9698,2013-05-14,128,OZ,1,2.99
687700158,83,99,9909,101111010,28083,2012-12-09,10,OZ,2,4.68
687700158,83,99,9909,101111010,28083,2013-01-19,10,OZ,1,2.5
687702337,58,9,907,107130171,17614,2012-07-16,24,OZ,2,3.78
687702337,58,51,5126,102113121,11151,2012-08-19,10,OZ,2,4.76
687702337,58,26,2609,101111010,9907,2012-10-06,100,CT,1,1.79
687707866,431,31,3108,102460020,11990,2012-06-09,64,OZ,1,1.55
687707866,431,0,0,10000,0,2012-06-19,0,,1,0
687707866,431,51,5125,101380010,10271,2012-07-19,6,OZ,1,2.49
687707866,431,36,3627,104900040,23363,2012-08-23,144,OZ,1,4
687707966,89,3,302,102800020,30272,2012-08-17,12,OZ,1,3.09
687707966,89,27,2713,101901414,8664,2012-09-12,13.2,OZ,1,1.49
687707966,89,18,1802,104316848,25919,2012-11-06,1,CT,1,5.69
687712371,26,9,922,102430020,10577,2012-05-06,9.5,OZ,1,1.79
687712371,26,21,2105,105200050,7054,2012-07-15,32,OZ,5,5
687712371,26,21,2105,104900040,14357,2013-01-13,32,OZ,2,2
687712371,26,56,5609,101111010,9907,2013-03-28,24,OZ,1,1.99
687712371,26,57,5705,107047070,20230,2013-04-14,6,OZ,5,3
687715197,126,72,7208,103500030,3830,2012-04-10,1,CT,2,3.58
687715197,126,96,9632,107675070,20896,2012-08-18,1,CT,1,25
687715197,126,30,3010,101111010,9907,2013-04-15,16,OZ,1,1.5
687715197,126,56,5610,101111010,9907,2013-04-15,8,OZ,1,1.99
687716474,58,9,970,103800030,62065,2012-08-04,14.1,OZ,1,1.67
687716474,58,36,3612,108304686,8688,2012-11-10,128,OZ,2,2.78
687716474,58,60,6011,101800010,14029,2013-03-17,10.2,OZ,1,1.25
687718133,89,9,902,103010030,3744,2012-12-23,14,OZ,1,2.79
687718133,89,8,821,107889575,10298,2013-01-12,8.5,OZ,2,4.38
687718579,63,4,410,101420010,3294,2013-02-10,11.5,OZ,1,2.5
687727187,211,51,5117,104280040,18599,2013-03-08,10.9,OZ,1,1.33
687727281,126,58,5827,101111010,9907,2012-08-08,12,OZ,1,0
687729220,126,0,0,10000,0,2012-04-30,0,,2,0
687729220,126,9,907,101111010,9907,2013-06-20,11,OZ,1,0.88
687729796,12,26,2630,101111010,9907,2012-05-17,110,CT,1,0.99
687729796,12,20,2002,105100050,27873,2012-06-05,46,OZ,1,4.49
687729796,12,0,0,10000,0,2013-02-19,0,,3,0
687731063,143,0,0,10000,0,2012-09-01,0,,1,0
687736651,191,5,516,1085841181,93589,2012-09-28,1.41,OZ,1,1.79
687740231,26,63,6323,101111010,9907,2012-05-10,128,OZ,1,2.59
687742131,83,58,5812,105450050,1322,2013-04-16,16,OZ,1,3.49
687747583,143,51,5126,101380010,27474,2012-04-06,9.88,OZ,1,2.78
687750533,89,36,3618,104900040,23359,2013-02-16,101.4,OZ,2,5
687750533,89,57,5705,107047070,20230,2013-06-21,6,OZ,3,1.5
687752567,83,41,4107,101111010,9907,2012-05-14,8,OZ,2,1.18
687752567,83,73,7303,104126040,9907,2012-08-11,3,OZ,1,3.29
687752567,83,5,501,103800030,4308,2012-08-19,12,OZ,1,3.39
687752567,83,5,501,101600010,15114,2013-04-07,18,OZ,1,3.79
687754603,126,55,5552,101111010,20588,2012-05-21,48,OZ,2,9.98
687757384,12,9,902,104400040,18775,2012-06-03,7.6,OZ,2,3.33
687757558,89,26,2614,103700030,514,2013-04-25,60,CT,1,2.99
687759646,151,11,1102,101111010,9907,2012-08-27,1,CT,1,5.29
687759646,151,63,6315,101111010,9907,2013-03-01,128,OZ,1,3.15
687761543,211,63,6305,102500020,16489,2013-03-15,59,OZ,1,3.79
687763990,89,57,5710,107047070,20230,2012-03-11,6,OZ,2,2.38
687766368,83,41,4108,103940030,71386,2012-05-26,16,OZ,1,1.39
687774771,58,41,4108,103940030,71386,2012-05-14,15,OZ,2,2.44
687774771,58,36,3618,104900040,23359,2012-07-26,67.6,OZ,1,1.5
687774771,58,99,9904,1071575676,5278,2012-09-14,6,OZ,1,1.5
687777672,89,55,5552,107756777,2347,2012-07-03,48,OZ,1,2.79
687777672,89,21,2105,105200050,7054,2013-02-15,160,OZ,2,10.96
687777791,83,59,5907,102740020,16291,2013-07-12,45,OZ,1,2.99
687779649,26,27,2713,101901414,8664,2012-12-16,13.2,OZ,1,1.45
687783809,2,0,0,10000,0,2012-08-07,0,,1,0
687783809,2,45,4517,101111010,9907,2012-11-24,40,OZ,1,11.99
687784759,83,9,907,107131474,1061,2012-08-17,17,OZ,1,2.79
687785549,151,63,6313,101111010,9907,2012-03-30,16,OZ,1,2.19
687785549,151,39,3903,101111010,9907,2013-02-03,24,OZ,1,1.49
687785677,191,71,7107,1071722676,9241,2012-11-11,1,CT,1,11.99
687785677,191,63,6315,101111010,12028,2013-06-09,128,OZ,1,2.59
687786791,133,99,9908,103338333,33170,2012-03-25,16,OZ,1,0.84
687786791,133,63,6316,101111010,9907,2012-06-28,16,OZ,1,1
687786791,133,56,5621,101111010,9907,2012-07-15,8,OZ,4,4
687786791,133,58,5824,104450040,8318,2013-04-14,13.5,OZ,2,5
687786791,133,58,5835,101111010,9907,2013-05-03,16,OZ,1,2.49
687786791,133,8,811,103620030,1698,2013-06-21,15,OZ,2,1.98
687789971,58,33,3316,102410020,44209,2012-04-29,10.5,OZ,1,2.49
687791117,126,4,410,104126040,9907,2012-05-30,10,OZ,1,1
687794006,26,75,7501,1031254737,4087,2012-07-01,7,OZ,1,3.39
687794006,26,9,902,101410010,45039,2013-01-13,6.6,OZ,2,4.36
687795066,126,63,6311,104180040,19713,2012-09-13,64,OZ,1,2.19
687795066,126,33,3309,107373171,11786,2012-09-15,13,OZ,1,2.19
687795824,126,49,4901,101111010,9907,2012-03-27,32,OZ,1,2.17
687795824,126,36,3634,1078616272,7237,2012-04-07,33.8,OZ,1,1.75
687795824,126,99,9904,1064312666,5072,2012-11-19,1,CT,1,2.5
687795824,126,23,2301,101111010,9907,2012-12-09,16,OZ,2,1.76
687795824,126,56,5610,101111010,9907,2013-01-20,8,OZ,1,2.17
687795824,126,99,9908,103338333,33170,2013-03-05,28,OZ,1,5.09
687795824,126,58,5833,101111010,9907,2013-05-30,48,OZ,1,9.54
687798799,63,9,917,107153878,10013,2012-05-24,24,OZ,1,3.49
687798799,63,72,7205,103500030,3830,2012-12-09,4,OZ,1,2.99
687799384,89,9,901,103010030,9530,2012-10-03,10,OZ,1,3.79
687799384,89,5,519,103000030,14760,2013-01-04,15.1,OZ,1,2
687799384,89,9,902,104400040,15335,2013-02-13,15.1,OZ,1,2.49
687800069,58,9,920,103010030,9530,2013-05-19,10.1,OZ,1,2.16
687811725,143,26,2634,103700030,3293,2012-07-03,12,RL,1,7.79
687812710,89,10,1013,101111010,9907,2012-11-14,16,OZ,4,7.76
687812710,89,9,908,101111010,9907,2013-02-19,113,OZ,1,36.99
687821386,89,58,5812,101111010,9907,2012-12-28,12,OZ,1,0.99
687824238,12,30,3002,101111010,9907,2013-06-11,30,OZ,1,2.77
687827146,58,9,905,101111010,9907,2012-10-21,6,OZ,1,1.49
687827146,58,57,5705,103663232,4568,2013-01-11,24,OZ,1,2
687828293,126,26,2608,101111010,9907,2012-04-29,48,CT,1,1.49
687828293,126,5,501,101111010,9907,2012-08-14,24,OZ,1,2.49
687828293,126,99,9902,108569686,11978,2013-04-16,12.3,OZ,4,6.76
687829727,89,56,5613,101111010,9907,2012-04-15,6,OZ,1,3.29
687834625,211,51,5126,101380010,27474,2012-10-29,12,OZ,1,1.89
687834625,211,36,3632,101111010,1814,2013-01-23,144,OZ,1,2
687838695,143,63,6314,101111010,9907,2013-01-15,16,OZ,1,1
687840659,151,7,707,101111010,9907,2013-01-13,34.5,OZ,1,5.99
687841451,26,55,5552,101111010,9907,2012-09-13,48,OZ,1,2.1
687841451,26,41,4121,102700020,8612,2012-10-14,29,OZ,1,1.99
687841451,26,65,6503,1061278161,11151,2012-11-18,16,OZ,1,2.99
687841451,26,36,3629,104900040,11484,2013-02-17,144,OZ,1,3
687843687,26,5,516,101111010,9907,2012-04-11,8.9,OZ,1,2.04
687843687,26,9,902,102410020,44209,2012-07-31,13.7,OZ,2,5
687843687,26,9,908,101111010,9907,2012-11-05,14,OZ,1,1.5
687843687,26,60,6011,101111010,9907,2012-11-18,16,OZ,2,2.5
687849272,143,96,9609,10992570090,88199,2012-11-10,0,,1,-3
687850250,83,62,6201,107347474,20218,2012-06-19,32,OZ,2,5.98
687850250,83,58,5836,107778272,9260,2012-11-06,12,OZ,1,2.5
687850250,83,58,5812,1063690666,12339,2012-12-09,14,OZ,1,3.99
687850834,26,43,4302,104300040,4030,2012-12-19,8,OZ,1,1
687850834,26,55,5567,107064070,2014,2013-03-22,16.8,OZ,1,3.99
687850834,26,33,3302,102389626,14268,2013-04-26,9.6,OZ,1,3.19
687851389,58,99,9908,101111010,9907,2012-09-09,16,OZ,1,1.99
687851936,126,8,810,101111010,9907,2012-10-24,1.5,OZ,1,0.4
687852822,26,33,3309,101111010,9907,2012-09-29,10,OZ,1,1
687854363,58,12,1205,108000080,17292,2012-10-13,2.6,OZ,2,3.38
687855138,83,18,1841,101111010,9907,2012-03-06,12,CT,1,3.99
687855138,83,26,2622,101111010,9907,2012-05-19,100,CT,1,3.19
687855138,83,64,6401,101820010,2510,2013-05-03,288,OZ,1,17.99
687858434,26,9,921,104500040,8511,2012-10-29,4.5,OZ,1,1
687858434,26,37,3705,105100050,2820,2012-12-14,18.8,OZ,1,1.67
687859388,26,9,901,104400040,13243,2012-06-05,15.5,OZ,1,3.19
687859388,26,5,516,101600010,12426,2013-03-13,8.9,OZ,1,2.5
687860537,143,63,6316,102100020,2321,2012-04-07,16,OZ,1,2.89
687860537,143,55,5559,107756777,14286,2012-06-09,12.8,OZ,1,1.25
687860537,143,18,1829,107600171,25341,2012-09-27,1,CT,2,9.98
687861779,126,56,5615,102100020,9886,2013-03-09,8,OZ,2,5
687864002,12,0,0,10000,0,2013-04-01,0,,2,0
687869188,26,97,9753,1076211171,0,2012-07-08,1,CT,1,3.95
687869188,26,40,4005,104100040,10522,2013-01-29,1,OZ,1,3.29
687870808,26,96,9609,1057630151,88199,2012-05-21,0,,1,-1
687872638,126,8,810,104600040,13023,2012-09-13,1,OZ,2,1.54
687884949,26,58,5831,107274575,54547,2012-10-14,16,OZ,1,3.49
687890650,26,33,3325,102840020,21452,2012-07-21,20,OZ,1,6.94
687890650,26,27,2707,101111010,13891,2012-10-28,3.5,LB,1,3.74
687890650,26,41,4108,103940030,71386,2013-02-02,15.5,OZ,1,1
687893689,133,41,4121,101111010,9907,2012-03-20,8,OZ,1,0.32
687893689,133,4,416,104000040,26517,2012-04-08,3.27,OZ,2,3.1
687893689,133,0,0,10000,0,2012-12-26,0,,1,0
687893689,133,96,9609,1051600050,88199,2013-04-16,0,,3,-2
687894148,151,56,5615,104242141,2071,2012-07-19,8,OZ,1,5.59
687894148,151,0,0,10000,0,2013-01-07,0,,1,0
687898737,431,26,2633,101111010,9907,2012-05-04,18,RL,1,8.49
687898737,431,31,3108,102460020,11990,2012-05-18,26,OZ,1,0.77
687898737,431,73,7307,104126040,9907,2012-09-08,24,CT,1,3.99
687904233,89,55,5562,104154848,5603,2012-09-28,48,OZ,1,2.99
687904233,89,63,6314,101111010,9907,2013-03-15,16,OZ,1,1.25
687905791,211,63,6315,101111010,9907,2012-04-29,128,OZ,1,2.89
687907954,89,33,3308,107110474,101252,2012-04-10,7,OZ,1,2
687907954,89,75,7515,101111010,9907,2012-04-16,12,OZ,1,5.99
687907954,89,30,3009,102100020,9886,2012-05-28,16,OZ,1,1.67
687907954,89,36,3630,104900040,23359,2013-01-31,67.6,OZ,1,1.5
687907954,89,7,708,1076211171,17286,2013-03-23,12,OZ,1,6.49
687908270,12,37,3703,105100050,2820,2012-11-10,10.75,OZ,3,4.56
687910485,126,28,2806,101111010,9907,2012-05-18,24,OZ,1,1.88
687910485,126,82,8201,101111010,9907,2012-08-26,1,CT,1,5.99
687910485,126,63,6320,1071514171,25530,2012-08-31,12,CT,1,2.48
687910485,126,9,902,102840020,17248,2012-11-08,8,OZ,1,2.5
687916645,63,51,5128,1071785474,11614,2012-03-08,8,OZ,2,2
687916645,63,12,1205,104800040,38150,2012-06-11,5,OZ,1,0.69
687920499,89,9,907,101111010,9907,2013-03-21,20,OZ,2,2
687921098,26,33,3303,102840020,10241,2012-09-01,10.5,OZ,1,2
687921098,26,63,6313,107353474,12930,2012-09-04,16,OZ,1,1.59
687921098,26,4,407,103400030,18947,2013-02-10,16,OZ,2,3.76
687921252,89,63,6316,101111010,9907,2013-02-05,24,OZ,1,1.27
687921252,89,29,2923,104100040,9814,2013-02-06,4.3,OZ,2,2
687926769,63,36,3611,101111010,6848,2012-04-06,540.8,OZ,2,7.78
687926769,63,59,5907,101111010,9907,2012-09-27,45,OZ,1,1.99
687926769,63,55,5556,104154848,5603,2013-05-05,48,OZ,2,5.98
687927243,211,63,6314,101111010,9907,2012-11-08,8,OZ,1,0.59
687927243,211,63,6315,101111010,9907,2012-12-09,128,OZ,1,2.79
687927243,211,63,6305,104850040,18799,2013-02-27,128,OZ,1,6.39
687930837,89,23,2301,107680878,1393,2013-02-02,16,OZ,2,1.98
687933421,26,9,907,101111010,9907,2012-03-29,10,OZ,1,1.29
687933421,26,51,5128,101450010,20864,2012-08-25,10,OZ,2,3.58
687933421,26,36,3611,101111010,9907,2012-12-02,405.6,OZ,1,2.99
687933421,26,8,817,102700020,8612,2013-02-24,24,OZ,1,1
687933421,26,9,904,107020070,62488,2013-02-27,5,OZ,1,1.59
687933421,26,41,4107,102400020,4704,2013-03-17,15.25,OZ,1,1
687935088,151,4,405,101111010,9907,2012-09-07,10.5,OZ,1,1
687936041,63,37,3711,104157343,53988,2013-01-15,24,OZ,1,3.15
687937433,431,5,501,101600010,3396,2012-12-08,12.8,OZ,1,1.99
687937433,431,96,9609,1053890050,88199,2013-03-30,0,,2,-2
687943797,126,64,6401,108834585,12595,2012-11-20,144,OZ,1,14.99
687944979,98,0,0,10000,0,2012-10-14,0,,1,0
687947648,83,51,5126,101380010,27474,2012-06-15,16,OZ,1,1.74
687948524,151,99,9909,107143070,5072,2012-06-24,9,OZ,1,2.69
687948524,151,51,5121,104369545,8522,2013-01-14,9,OZ,1,2
687948829,83,36,3626,101200010,16391,2012-09-21,144,OZ,1,5.49
687948912,211,57,5705,107047070,20230,2012-07-16,6,OZ,3,2.1
687951258,58,26,2633,101111010,9907,2013-01-27,12,RL,1,4.99
687951258,58,96,9609,1054139050,88199,2013-07-14,0,,1,-1
687951258,58,63,6311,104180040,19713,2013-07-16,59,OZ,1,1.19
687953428,83,23,2310,104116444,27731,2012-04-30,16,OZ,1,3.49
687953742,143,49,4901,101312010,26885,2012-08-25,30,OZ,1,1.99
687953742,143,51,5131,104227242,648,2013-06-28,13,OZ,2,9.98
687954869,143,58,5835,101111010,9907,2012-10-03,16,OZ,1,2.5
687956049,12,36,3632,101111010,1814,2013-02-02,144,OZ,1,2.5
687957623,126,5,501,103800030,15251,2012-09-06,18,OZ,1,4.99
687957623,126,36,3611,101200010,803,2013-03-21,405.6,OZ,2,6.98
687965232,89,9,902,102840020,17248,2012-07-14,8,OZ,1,2.5
687965232,89,26,2629,101111010,9907,2012-11-11,120,CT,2,1.98
687965232,89,91,9116,108910585,14434,2013-04-17,0.75,LT,1,4.69
687966153,143,43,4302,101111010,9907,2012-05-12,13,OZ,1,2.87
687966153,143,63,6315,101111010,9907,2013-03-04,64,OZ,1,1.77
687966153,143,9,907,107225070,12465,2013-03-12,20,OZ,1,3.39
687967398,58,26,2622,101090010,15232,2012-11-18,2,CT,1,2.49
687969628,83,0,0,10000,0,2013-03-17,0,,-3,-19.8
687971343,126,49,4901,101111010,9907,2012-09-06,32,OZ,1,1.88
687972330,89,45,4514,102370020,18969,2012-06-02,40,OZ,1,7.49
687972330,89,8,818,105100050,14403,2012-07-12,24,OZ,1,1.49
687972330,89,37,3707,105100050,17812,2012-08-02,14.5,OZ,3,3
687972330,89,26,2633,101111010,9907,2013-07-18,6,RL,1,2.99
687973430,89,11,1111,10834686,27393,2012-05-07,4.86,OZ,1,3.99
687973430,89,11,1111,101862717,9496,2012-06-18,1.76,OZ,1,0.79
687973430,89,55,5552,101111010,9907,2012-06-22,16,OZ,1,1
687973430,89,55,5552,107631070,31445,2012-09-11,48,OZ,1,2.99
687973430,89,27,2713,101780010,95301,2012-12-28,13,OZ,3,4.47
687974589,89,5,501,103800030,9891,2013-01-22,11.4,OZ,1,1.99
687974871,89,29,2904,101600010,7860,2012-08-02,6.5,OZ,1,1.66
687974871,89,60,6007,101800010,14029,2012-11-03,8,OZ,3,5.64
687974871,89,31,3108,102150020,10238,2012-11-03,6,OZ,1,2.19
687974871,89,27,2702,101111010,13891,2012-12-15,17.6,LB,1,9.99
687974871,89,8,805,102840020,6777,2013-02-05,9,OZ,1,2.99
687975606,126,63,6315,101111010,9907,2013-03-27,128,OZ,1,2.99
687979276,211,8,838,104154343,16438,2012-06-02,8,OZ,1,2.29
687979276,211,58,5814,104470040,10837,2013-02-16,14.6,OZ,1,3.49
687985132,26,28,2806,101111010,9907,2012-09-14,24,OZ,1,1.64
687987429,191,9,902,102410020,44209,2012-04-20,13.7,OZ,2,7
687987533,211,5,501,101111010,9907,2012-11-03,16.25,OZ,1,2.39
687990364,140,6,610,101200010,635,2012-08-03,16,OZ,2,2.5
687990364,140,0,0,10000,0,2012-08-25,0,,2,0
687990364,140,63,6315,101111010,12028,2013-01-14,128,OZ,1,2.99
687994749,133,56,5619,102100020,19279,2013-04-09,32,OZ,1,5.99
687994749,133,92,9211,102270020,4197,2013-04-09,0.44,OZ,2,14.68
688002721,89,26,2633,103040030,683,2012-07-09,12,RL,1,6.34
688002721,89,55,5552,101111010,9907,2013-02-20,48,OZ,1,2.19
688005560,126,8,814,102840020,18584,2012-05-26,23,OZ,1,4.69
688005560,126,7,707,101111010,9907,2013-01-02,26,OZ,2,13.98
688007608,26,99,9909,101111010,85048,2013-04-05,5,OZ,1,2.28
688012480,63,96,9609,1055150050,88199,2013-04-03,0,,2,-1
688012480,63,71,7107,107124979,21913,2013-05-19,1,CT,1,12.99
688012480,63,27,2704,103810030,14717,2013-05-23,6,OZ,1,2.99
688013940,89,37,3703,105100050,2820,2013-03-02,10.75,OZ,1,0.75
688013940,89,59,5907,102740020,16291,2013-03-23,15,OZ,1,2.29
688015027,151,5,517,103800030,69260,2012-04-29,10.4,OZ,2,4.98
688015027,151,30,3008,104133545,43106,2012-08-05,16,OZ,1,2.49
688015027,151,0,0,10000,0,2012-09-22,0,,1,0
688017285,89,26,2629,101111010,9907,2012-07-28,120,CT,1,0.99
688017285,89,64,6410,108200080,16696,2012-12-23,67.2,OZ,1,7.99
688019463,211,96,9609,1051015858,88199,2012-05-01,0,,1,-1
688019463,211,0,0,10000,0,2012-06-12,0,,2,0
688019463,211,2,208,105150050,14029,2012-11-21,15.6,OZ,1,2.39
688024699,12,6,610,107084777,11910,2013-05-23,16,OZ,1,1.99
688024699,12,6,610,1081809484,15414,2013-06-16,16,OZ,1,1.25
688029185,12,27,2704,101780010,30972,2012-11-20,11,OZ,1,3.99
688029185,12,45,4516,102781525,885,2013-05-09,14,OZ,1,3.39
688029185,12,58,5813,104222242,26234,2013-07-24,12,OZ,2,2.58
688033155,58,9,922,1077098171,94010,2012-10-06,10.5,OZ,1,2.99
688040719,83,9,907,101111010,9907,2012-04-24,20,OZ,1,1.49
688040719,83,63,6315,101111010,9907,2012-08-12,128,OZ,1,2.49
688044415,89,64,6409,1071788878,8249,2013-05-29,0.75,LT,4,39.96
688049136,63,20,2002,105100050,27873,2012-04-07,46,OZ,1,3.89
688050573,89,63,6305,101111010,9907,2012-05-19,128,OZ,4,15.56
688050573,89,36,3618,104900040,23359,2013-03-16,144,OZ,2,8
688050667,83,96,9609,1054173656,88199,2012-10-18,0,,1,-1
688050667,83,36,3631,107800070,23209,2013-02-26,67.6,OZ,1,1
688055145,12,95,9518,1061029060,7848,2012-04-08,1,CT,1,2.59
688055145,12,28,2806,105410050,19509,2012-12-23,16,OZ,1,3.89
688055145,12,37,3703,105100050,2820,2013-01-30,10.75,OZ,3,4.36
688055700,143,72,7214,101254616,18738,2012-05-05,18,CT,1,1.09
688062608,89,18,1898,104133343,5379,2012-04-22,6,CT,1,7.49
688062608,89,37,3703,101111010,9907,2012-10-28,10.5,OZ,2,1.8
688062608,89,12,1205,108000080,17292,2013-03-18,12,OZ,1,2.89
688069454,26,51,5125,105010050,8089,2012-09-26,12,OZ,1,2.19
688069454,26,57,5707,103663232,4568,2012-11-02,18.6,OZ,1,2.79
688069454,26,75,7534,104126040,9907,2012-11-13,0.5,OZ,1,3.99
688071494,126,5,501,101600010,3331,2012-11-24,8.9,OZ,1,2.5
688071494,126,63,6315,101111010,9907,2013-01-11,128,OZ,1,2.99
688073634,83,9,901,104400040,13243,2012-03-26,15.35,OZ,1,3.99
688073634,83,99,9904,1081204989,27736,2012-07-04,32,OZ,1,3.79
688073634,83,9,901,104400040,3453,2012-10-23,10,OZ,2,4
688073634,83,23,2301,107680878,1393,2013-01-18,9,OZ,1,2.09
688073634,83,55,5552,101111010,9907,2013-02-22,48,OZ,3,7.5
688075937,58,5,517,103800030,17050,2012-04-12,4.7,OZ,1,3.39
688075937,58,9,907,102412626,8097,2012-11-17,16,OZ,1,1.99
688079148,63,58,5824,101111010,9907,2012-10-06,18,OZ,1,1.99
688079328,126,45,4514,101111010,9907,2012-09-03,48,OZ,2,15.98
688079328,126,18,1842,105320050,16044,2012-09-03,1,CT,1,2.99
688082587,58,9,907,101111010,9907,2012-04-17,20,OZ,1,1.49
688082587,58,14,1410,101111010,9907,2012-10-16,20,OZ,1,4.39
688083965,58,9,902,104400040,15335,2012-11-09,15.1,OZ,1,1.99
688084800,89,5,501,101600010,3331,2012-06-30,14,OZ,1,3.49
688084800,89,58,5824,104450040,8318,2012-07-11,14,OZ,2,5
688084800,89,60,6001,105000050,30272,2012-09-15,16,OZ,1,2.49
688084800,89,9,907,107131474,1061,2012-10-13,24,OZ,1,2.29
688085144,83,51,5133,102370020,78850,2012-03-30,26,OZ,1,7.47
688088697,211,56,5609,101111010,9907,2012-03-16,24,OZ,1,2.79
688091292,151,51,5116,107192171,25673,2012-08-07,32.7,OZ,1,5.99
688091292,151,53,5309,101111010,9907,2012-11-06,12,CT,1,3.79
688091491,12,51,5126,107007777,17950,2012-12-21,14,OZ,1,2.2
688095386,133,51,5123,101380010,27474,2012-11-10,35,OZ,1,5.99
688096624,26,5,501,1088491282,86364,2013-04-07,16,OZ,1,3.59
688099358,89,1,106,101500010,7142,2012-07-06,7,OZ,7,7.33
688099358,89,26,2613,103600030,8583,2012-08-30,42,CT,1,18.99
688099358,89,29,2906,104430040,9977,2013-03-08,3,OZ,1,1.39
688099987,126,51,5125,102580020,16668,2013-03-16,10,OZ,1,2.97
688102340,89,63,6320,101111010,9907,2012-05-17,18,CT,1,2.09
688102340,89,41,4121,102700020,8612,2013-01-17,15,OZ,3,2.97
688102340,89,33,3305,102840020,5141,2013-03-10,10,OZ,1,2.5
688103648,191,55,5552,101111010,20588,2012-06-15,48,OZ,3,14.97
688103648,191,23,2301,107680878,1393,2012-08-15,16,OZ,1,1.77
688103648,191,58,5823,101111010,9907,2012-12-01,9,OZ,1,3.15
688109250,89,21,2119,107618373,16756,2012-04-28,16,OZ,1,1.29
688109250,89,15,1506,103120030,12957,2012-10-14,5,OZ,1,2.19
688110904,211,8,802,104150040,6667,2012-11-01,12,OZ,1,3.59
688121072,83,37,3703,105100050,2820,2012-10-30,10.75,OZ,6,4.74
688122830,143,9,907,101111010,9907,2013-02-17,12,OZ,1,0.94
688123481,83,27,2702,101111010,9907,2012-08-12,4,LB,1,1.99
688123481,83,99,9909,101111010,9907,2012-09-01,12,OZ,1,1.39
688123481,83,56,5604,107456272,2682,2013-05-04,10,OZ,1,2.79
688124799,83,63,6305,101111010,9907,2012-05-21,64,OZ,1,2.29
688126495,133,28,2805,101111010,9907,2013-01-29,7,OZ,1,2.49
688127337,143,44,4404,101111010,9907,2012-05-07,10.5,OZ,2,3.94
688127337,143,51,5124,107100777,5656,2012-08-14,32,OZ,1,3.38
688129260,89,28,2803,101111010,9907,2012-07-24,16,OZ,1,1.99
688129260,89,64,6409,108224282,7329,2012-12-20,0.75,LT,1,7.99
688129260,89,96,9609,1057510151,88199,2013-01-05,0,,1,-1.5
688129260,89,26,2628,104200040,2308,2013-01-12,8,RL,1,8.99
688132051,246,79,7902,104090141,44251,2012-11-18,0,,1,2
688132051,246,25,2506,101111010,9907,2013-05-27,32,OZ,1,2.38
688132607,89,4,416,104000040,26517,2012-03-20,1.63,OZ,1,0.69
688132607,89,7,709,109955595,68135,2012-11-04,4.8,OZ,2,14.98
688132639,63,57,5704,103663232,4568,2012-03-07,16,OZ,1,2.18
688132639,63,97,9799,107164979,11263,2012-04-18,1,CT,1,6.49
688132639,63,18,1890,104126040,9907,2012-11-29,1,CT,1,3.23
688132639,63,43,4302,107027272,15085,2013-01-02,6.5,OZ,1,2.25
688132639,63,56,5614,102100020,9886,2013-04-27,12,OZ,1,2.74
688132857,211,51,5125,102580020,16668,2012-06-24,9.25,OZ,1,2.18
688132857,211,56,5609,102100020,2321,2012-11-16,24,OZ,1,3.99
688132857,211,5,501,103800030,14900,2013-01-23,18.7,OZ,1,1.99
688133321,12,26,2628,103700030,2248,2013-02-23,1,RL,1,2.49
688145112,133,4,410,101130010,2272,2012-10-18,22,OZ,1,2
688145112,133,63,6315,104126040,4962,2013-02-25,128,OZ,1,2.98
688153252,191,8,818,105100050,14403,2012-07-10,23.5,OZ,1,1.49
688153817,83,99,9909,101111010,28083,2012-05-30,12,OZ,1,1.78
688153817,83,2,201,1064420969,5345,2012-06-29,16.5,OZ,1,1.69
688153817,83,29,2904,101530010,13610,2012-06-29,4.6,OZ,1,1
688160539,58,57,5710,107047070,20230,2012-12-28,16,OZ,1,2.99
688160539,58,5,501,101600010,85114,2013-03-12,12.2,OZ,1,3.28
688161016,58,44,4404,101111010,9907,2012-08-04,16,OZ,1,1.67
688161016,58,63,6315,101111010,9907,2012-08-22,64,OZ,1,1.25
688173660,126,56,5621,101111010,9907,2013-02-10,8,OZ,1,1.99
688183759,83,9,901,101111010,9907,2012-05-05,14,OZ,1,2.88
688187650,151,63,6320,101111010,9907,2012-09-22,12,CT,2,3.92
688187650,151,34,3411,103700030,13012,2012-09-22,23.6,OZ,2,10
688187650,151,35,3504,103500030,13470,2012-11-03,25,OZ,1,2.77
688195500,211,75,7520,101111010,9907,2012-06-06,200,CT,1,1.79
688195500,211,96,9609,1051114151,88199,2012-08-01,0,,2,-4
688195500,211,14,1405,103120030,12957,2012-09-05,14,OZ,1,1.88
688195500,211,63,6324,107234272,58948,2013-04-14,24,OZ,1,7.99
688197448,133,5,501,101600010,3331,2012-07-23,12.9,OZ,1,3.44
688198330,89,51,5134,104280040,18599,2012-07-17,44.5,OZ,1,6.49
688198330,89,40,4004,104100040,10522,2013-05-04,4.8,OZ,1,3.89
688198399,12,23,2301,102680020,565,2012-10-02,24,OZ,1,3.89
688198842,143,99,9904,103338333,33170,2012-12-23,128,OZ,1,4.99
688199984,58,0,0,10000,0,2013-01-08,0,,1,0
688204331,26,45,4509,101111010,9907,2012-03-07,12,OZ,1,5.99
688209550,89,23,2301,101111010,9907,2013-01-23,16,OZ,1,1.58
688214379,431,5,519,103000030,14760,2012-04-29,13,OZ,1,2.97
688214379,431,27,2710,101111010,9907,2013-02-03,10,LB,1,1.67
688214379,431,29,2928,105480050,19039,2013-06-15,8.5,OZ,1,1.99
688214379,431,96,9609,1055000050,88199,2013-06-23,0,,1,-1
688217184,143,51,5115,107192171,25673,2012-06-27,9.3,OZ,4,10
688217184,143,33,3305,102840020,5141,2012-12-08,11.5,OZ,1,2.5
688217184,143,26,2628,103700030,2248,2013-01-05,8,RL,1,5.99
688217184,143,51,5125,101380010,10271,2013-03-19,9.38,OZ,2,6.56
688225787,58,9,902,104400040,18775,2012-10-20,8,OZ,1,2.18
688226718,89,33,3305,102840020,5141,2012-05-11,11.5,OZ,1,1.99
688226718,89,30,3007,107020070,11244,2012-07-04,15,OZ,1,3.49
688226718,89,9,903,104139040,9659,2012-07-13,8,OZ,1,2
688226718,89,56,5620,102100020,9886,2012-11-09,8,OZ,2,5.78
688226718,89,9,907,101111010,9907,2013-07-06,12,OZ,1,1
688227113,126,99,9909,101111010,28083,2012-08-04,16,OZ,1,1.69
688227113,126,36,3635,101111010,4367,2013-03-30,33.8,OZ,13,8.97
688227113,126,36,3635,101111010,4367,2013-04-10,33.8,OZ,9,6.21
688229183,89,28,2805,101111010,9907,2012-08-27,5.75,OZ,1,2.19
688229183,89,41,4121,102700020,8612,2013-03-28,29,OZ,1,1.99
688229628,133,4,418,104000040,18946,2012-04-04,11.5,OZ,1,3.99
688229628,133,27,2702,101780010,30972,2012-05-19,3.5,LB,1,4.99
688234980,211,53,5307,101111010,9907,2012-05-07,12,OZ,2,2.58
688236716,26,5,501,103800030,6796,2012-04-09,17,OZ,1,3.43
688236716,26,63,6319,102073525,18893,2012-08-13,64,OZ,4,3.56
688238427,89,63,6328,107590070,2073,2012-03-22,24,OZ,1,3.49
688238427,89,96,9609,1053700050,88199,2012-10-01,0,,1,-0.25
688242009,211,33,3305,102840020,18584,2012-11-06,9,OZ,1,3.49
688248995,26,33,3316,101600010,2539,2012-08-05,7.5,OZ,1,2.99
688248995,26,32,3203,106414464,13474,2012-10-30,5,OZ,1,3.49
688248995,26,63,6323,101111010,9907,2013-04-16,128,OZ,1,2.5
688250889,431,9,907,107294575,15878,2012-06-09,20,OZ,1,2.99
688250889,431,63,6315,101111010,9907,2012-07-29,128,OZ,1,3.19
688250889,431,41,4107,101111010,9907,2012-08-26,14.75,OZ,1,0.69
688257686,89,33,3310,101111010,28083,2012-11-25,16,OZ,1,0.99
688257686,89,55,5552,102073525,18893,2013-06-15,48,OZ,1,3.49
688259641,12,9,907,104126040,9698,2012-05-18,11,OZ,1,1.69
688259641,12,0,0,10000,0,2012-08-25,0,,1,0
688260969,89,26,2628,104200040,2308,2012-09-13,8,RL,1,5.99
688260969,89,9,920,104400040,8463,2012-10-02,7.04,OZ,1,3.49
688260969,89,56,5610,102100020,9886,2013-03-16,7,OZ,1,3.49
688261613,83,57,5704,107047070,20230,2012-09-17,6,OZ,6,3.6
688264533,151,51,5134,104280040,18599,2012-05-01,7.5,OZ,1,1.5
688264533,151,99,9908,101111010,9907,2013-04-02,80,OZ,1,2.99
688264548,83,99,9904,103338333,33170,2012-04-19,80,OZ,1,3.99
688265824,83,63,6305,102500020,11749,2012-11-06,59,OZ,1,2.99
688266702,12,58,5814,104470040,10837,2012-08-23,13.1,OZ,1,3.49
688268703,89,33,3312,103700030,14494,2012-10-16,6.41,OZ,1,1.67
688272818,143,8,818,105100050,14403,2012-07-20,23.5,OZ,1,1.99
688282176,83,32,3204,104173646,6305,2012-09-16,16.9,OZ,1,4.99
688282176,83,33,3307,101411313,23033,2012-11-05,16,OZ,1,6.69
688282695,58,33,3303,108411484,9596,2012-11-19,8.5,OZ,2,5
688282695,58,9,907,107225070,12465,2013-01-03,20,OZ,2,3
688283527,89,72,7203,1031254737,10554,2013-01-19,16.9,OZ,1,3.89
688283527,89,92,9210,106197262,4197,2013-03-02,0.12,OZ,1,3.35
688286710,12,9,914,1078142171,21825,2013-02-16,12,OZ,1,2.99
688286943,431,63,6315,101111010,9907,2012-07-10,128,OZ,1,2.79
688286943,431,5,516,101600010,12426,2012-10-22,7.1,OZ,1,4.09
688290907,89,99,9909,101111010,28083,2012-04-09,6,OZ,1,2.5
688290907,89,96,9609,1050813757,88199,2012-07-15,0,,1,-1
688290907,89,0,0,10000,0,2012-07-18,0,,1,0
688290907,89,96,9609,1052270050,88199,2012-08-18,0,,2,-2
688293567,12,58,5807,107300777,3899,2012-11-21,10,OZ,1,7.99
688298060,58,63,6315,101111010,9907,2012-12-15,128,OZ,2,5.98
688298060,58,9,901,1085639888,35900,2012-12-15,11,OZ,1,5.49
688299512,58,9,907,101111010,20588,2012-10-16,24,OZ,1,1.99
688299512,58,5,516,101600010,12426,2013-01-15,6,OZ,2,3.98
688300692,26,25,2506,101111010,9907,2012-06-16,32,OZ,1,2.47
688300692,26,9,904,101111010,9907,2013-03-24,5,OZ,1,1
688300692,26,49,4901,101111010,9907,2013-04-13,24,OZ,1,1.99
688314339,143,33,3305,102840020,5141,2012-03-19,11.5,OZ,1,3.29
688314339,143,4,419,107726070,15624,2012-04-06,7,OZ,4,13.96
688314339,143,73,7344,104126040,9907,2013-04-06,25,CT,1,5.99
688319280,12,44,4404,101111010,9907,2012-09-10,14,OZ,1,1.97
688320749,431,99,9908,101111010,9907,2013-03-22,160,OZ,1,3.99
688321343,126,73,7309,101111010,9907,2012-12-16,10,OZ,1,1.07
688321343,126,30,3010,101111010,9907,2013-04-25,16,OZ,1,1.5
688321378,143,99,9909,101111010,28083,2012-08-06,10,OZ,3,6.47
688321378,143,99,9908,1060580666,7655,2012-08-14,16,OZ,1,2.99
688333970,83,73,7356,103367434,12484,2012-10-10,50,CT,1,9.99
688333970,83,51,5119,102370020,78850,2013-01-07,26,OZ,1,6.99
688334344,83,36,3618,104900040,23359,2012-11-07,101.4,OZ,1,2.5
688334344,83,63,6316,101111010,9907,2013-01-10,16,OZ,1,1.69
688334344,83,5,501,1088491282,13689,2013-04-06,11,OZ,1,2
688336209,58,97,9717,104339646,91501,2012-06-02,1,CT,1,5.99
688336209,58,36,3618,104900040,23359,2012-06-10,144,OZ,3,10
