4370085745,522,33,3309,102840020,18584,2013-06-01,13,OZ,1,4.29
4370427077,510,92,9202,107160373,18746,2013-03-30,1,CT,1,1.24
4370427332,510,97,9732,1077272,83888,2013-01-08,1,CT,2,14.68
4370598605,31,9,907,103680030,3679,2013-04-25,12,OZ,1,1.18
4370605374,40,36,3611,104900040,4599,2013-03-27,20,OZ,1,1.59
4370623098,101,27,2704,101113212,491,2012-12-18,16,OZ,1,2.09
4370623098,101,56,5609,102100020,2321,2013-03-27,16,OZ,3,10.17
4370650994,65,63,6328,109741999,6014,2013-05-26,8,OZ,2,1.78
4370673202,70,33,3308,104178040,19154,2013-03-07,1,OZ,2,0.66
4370673202,70,8,836,104360040,19809,2013-05-31,16,OZ,1,1.49
4370681175,165,57,5710,1075854373,19530,2013-02-04,5.3,OZ,4,5.16
4370696400,126,3,311,101600010,1756,2013-06-01,16,OZ,2,3
4370707039,12,0,0,10000,0,2012-12-26,0,,1,0
4370707171,12,99,9908,101111010,9907,2013-02-09,160,OZ,1,2.79
4370707171,12,9,907,103967737,25330,2013-05-18,24,OZ,1,2.89
4370709713,63,56,5609,101111010,9907,2013-01-10,24,OZ,1,1.77
4370709713,63,58,5831,101111010,9907,2013-01-10,48,OZ,1,7.99
4370721064,191,51,5116,107192171,25673,2012-12-06,30.7,OZ,1,5.5
4370721064,191,9,907,101111010,6678,2013-04-30,15,OZ,2,3.98
4370721064,191,26,2634,104200040,14813,2013-06-04,12,RL,1,5.99
4370721553,191,8,801,101300010,8164,2013-01-29,38,OZ,1,2.18
4370721675,191,51,5121,104369545,8522,2012-12-08,9,OZ,1,2
4370721675,191,21,2114,107532474,81842,2013-01-24,4.5,OZ,1,0.89
4370721675,191,8,803,104150040,6714,2013-07-12,8,OZ,1,1.79
4370722273,191,25,2504,101111010,9907,2013-04-20,12,OZ,2,1.98
4370722983,191,18,1841,107173676,10390,2012-11-16,1,CT,1,12.59
4370743089,96,63,6315,103003434,7175,2013-06-27,64,OZ,1,2.09
4370755290,214,44,4404,101800010,14029,2013-01-02,25,OZ,3,8.64
4370768193,214,9,907,104122040,20514,2013-04-19,12,OZ,1,1
4370826137,214,29,2914,102100020,9886,2012-11-14,7.25,OZ,2,1.96
4370897668,3,26,2632,103700030,13481,2013-02-17,192,CT,1,6.49
4370897668,3,4,410,107097070,13717,2013-03-28,3.38,OZ,1,1.5
4370897668,3,9,912,104812141,18322,2013-04-28,20,OZ,1,3.49
4370900444,14,58,5827,1076517171,27925,2013-04-07,4,OZ,2,7.98
4370969413,388,18,1890,104902242,10623,2013-03-18,1,CT,2,6
4371034717,393,96,9609,1053700050,88199,2013-05-02,0,,1,-2
4371055626,399,71,7113,104589343,5168,2012-12-04,12,OZ,1,4.99
4371080266,399,78,7801,104902242,93401,2013-05-25,1,CT,2,10.08
4371103372,399,63,6315,104190040,4664,2013-03-02,128,OZ,1,2.49
4371103372,399,45,4512,104902242,22148,2013-03-21,10,OZ,1,2.23
4371114295,399,72,7212,1030004131,26880,2013-05-05,2,CT,1,13.99
4371130959,399,73,7308,1031254636,7853,2012-12-13,40,CT,1,1.19
4371166016,398,0,0,10000,0,2013-03-24,0,,1,0
4371166266,398,4,419,1074759979,7168,2013-02-11,4.56,OZ,1,3.69
4371170157,398,9,901,107121474,1866,2013-02-13,9.28,OZ,1,1.69
4371176863,398,72,7203,1031191737,19572,2013-05-18,33.8,OZ,1,3.59
4371177934,398,26,2630,104902242,22148,2012-11-23,120,CT,1,1.29
4371186410,398,4,419,10980090,6267,2013-02-12,1.3,OZ,2,3.98
4371193539,398,26,2633,104902242,95603,2013-04-01,12,RL,1,5
4371219549,393,51,5122,108298888,19799,2013-05-19,11,OZ,2,6
4371236751,393,73,7326,101650010,6484,2013-02-17,60,CT,1,6.99
4371276821,393,33,3310,102840020,6911,2012-11-14,0.88,OZ,2,1
4371308532,392,95,9518,1072047373,7848,2013-04-08,1,CT,2,6.48
4371349338,392,71,7113,10502048050,25180,2013-05-22,1.6,OZ,1,3.99
4371399990,392,63,6315,107280474,31082,2012-12-29,128,OZ,1,2.69
4371459707,391,9,901,102840020,7574,2013-01-31,2.88,OZ,2,1.98
4371534279,391,73,7312,1032994333,1988,2013-02-18,1,OZ,1,15.72
4371665433,389,72,7203,103700030,4294,2013-04-04,33.8,OZ,1,4.29
4371697508,389,74,7402,104740040,7196,2013-02-25,11,OZ,1,2.99
4371727405,389,72,7205,103320030,875,2013-01-15,12,OZ,1,4.99
4371747497,389,75,7501,1030052131,19243,2013-06-02,6.5,OZ,1,7.99
4371832666,397,4,418,104902242,22148,2013-02-27,5,OZ,1,1.49
4371836284,397,71,7114,102240020,18715,2012-12-21,2,OZ,1,1.69
4371856780,397,73,7307,104116747,30343,2012-11-24,30,CT,1,17.99
4371856780,397,73,7304,101650010,25043,2013-03-23,20,CT,2,10.38
4371876399,397,55,5552,104902242,62202,2013-05-04,16,OZ,1,2.29
4371889243,397,0,0,10000,0,2012-11-18,0,,1,0
4371909650,397,9,907,107087070,12106,2013-05-02,20,OZ,1,2.59
4371912762,397,45,4512,104902242,22148,2013-06-16,10,OZ,2,5
4371939911,396,96,9609,1050099757,88199,2013-02-16,0,,2,-2
4371995836,396,72,7212,104858242,1893,2013-03-12,0.4,OZ,2,3.88
4371997088,396,10,1004,104300040,26232,2012-11-23,1.4,OZ,1,0.69
4372063451,395,73,7326,102791727,10449,2013-01-25,190,CT,1,14.44
4372063451,395,92,9210,108680080,12554,2013-03-15,1,OZ,1,13.99
4372063451,395,73,7308,103660232,15274,2013-04-21,24,CT,1,2.49
4372099060,395,26,2628,104902242,18859,2013-02-06,8,RL,1,5
4372135233,395,0,0,10000,0,2013-01-16,0,,1,0
4372220502,394,0,0,10000,0,2013-06-08,0,,3,0
4372420115,377,26,2633,1071754474,17649,2012-12-21,24,RL,1,5.99
4372732484,508,6,601,1087832686,10165,2012-12-27,1.25,OZ,4,2.08
4372732484,508,21,2105,104900040,14357,2013-02-04,32,OZ,2,1.98
4372770148,508,97,9753,1076594070,0,2012-12-05,1,CT,3,3
4372850214,510,29,2905,103620030,14868,2013-01-25,14,OZ,1,1.19
4372920577,368,92,9211,104155444,11347,2013-01-06,0.3,OZ,1,8.49
4372971596,180,99,9908,103338333,33170,2013-04-01,6,OZ,1,3.49
4372971596,180,41,4107,107067070,15112,2013-04-07,7.5,OZ,2,5.18
4372971596,180,25,2509,107273070,14377,2013-06-01,16,OZ,1,1.99
4372981078,424,11,1114,1070662474,13528,2013-06-09,32,OZ,1,5.99
4372993442,31,37,3708,104100040,10522,2013-04-07,2.2,OZ,1,1.89
4372993442,31,8,818,103620030,14868,2013-05-19,45,OZ,1,1.99
4372998153,31,33,3303,102840020,10241,2012-12-10,10,OZ,2,8.58
4372998153,31,35,3508,107261373,17776,2012-12-21,100,OZ,2,15.98
4372998153,31,51,5126,101380010,27474,2013-01-12,10.5,OZ,1,3
4372998153,31,56,5615,102114020,19950,2013-02-17,24,OZ,1,8.99
4372998153,31,36,3601,102114020,23503,2013-02-28,144,OZ,4,11.96
4372998153,31,21,2106,105100050,27873,2013-03-02,64,OZ,1,2.99
4372998153,31,9,908,101037414,27604,2013-03-06,18,OZ,1,4.99
4372998153,31,9,907,101410010,13791,2013-03-13,16,OZ,2,7.98
4372998153,31,2,201,1064420969,5345,2013-03-25,16.5,OZ,1,2.39
4372998153,31,55,5561,1081529484,10491,2013-04-02,36,OZ,1,3.49
4372998153,31,36,3611,104900040,4599,2013-04-19,33.8,OZ,1,1.29
4373069381,68,8,811,102066222,12598,2013-04-09,24,OZ,1,2.59
4373087748,65,23,2301,1072543979,40679,2013-03-02,16,OZ,1,0.98
4373135587,191,97,9731,107666676,8760,2012-12-20,1,CT,4,2.76
4373151048,166,58,5825,103927232,26234,2012-12-03,19.5,OZ,1,4.99
4373156208,96,54,5401,103800030,5618,2013-01-19,29.6,OZ,1,4.99
4373156208,96,5,516,101600010,6283,2013-05-02,5.85,OZ,2,8.38
4373172165,214,57,5706,103663232,4568,2013-02-18,32,OZ,1,2.38
4373216311,214,6,605,1085631282,95529,2013-02-09,11.5,OZ,2,5
4373216311,214,99,9909,107143070,5072,2013-02-10,12,OZ,1,2.58
4373397795,46,57,5710,105215959,41981,2013-04-19,16,OZ,1,4.35
4373551816,399,51,5122,107911474,29482,2012-12-14,6,OZ,1,1.35
4373563290,399,70,7005,104650040,12977,2013-06-11,18,OZ,1,8.99
4373567622,399,18,1813,105113151,16044,2013-02-13,1,RL,1,3.99
4373570659,399,36,3632,107800070,17947,2013-03-17,67.6,OZ,1,0.99
4373580602,399,69,6901,101204414,13056,2012-11-15,3,OZ,1,2.74
4373629720,399,4,416,104000040,26517,2013-02-13,1.7,OZ,3,4.77
4373630629,399,55,5558,104100040,7459,2013-03-04,18,OZ,1,2.99
4373630629,399,4,421,104000040,17287,2013-05-17,2.07,OZ,2,1
4373668702,390,0,0,10000,0,2013-04-11,0,,1,0
4373697509,390,0,0,10000,0,2012-12-10,0,,1,0
4373728355,390,33,3305,102840020,5141,2013-02-07,11.5,OZ,1,3.49
4373762002,390,21,2108,102500020,11749,2013-03-07,15.2,OZ,1,1.69
4373771209,390,92,9208,102660929,47293,2013-03-29,1,CT,6,9
4373793326,398,18,1898,104902242,19572,2013-04-18,8,CT,2,5.79
4373807411,398,26,2615,107830070,14142,2012-12-06,18,CT,1,3.99
4373811733,398,26,2614,104902242,19572,2013-01-08,32,CT,1,4.99
4373812276,398,32,3204,109887191,1726,2012-12-25,8.5,OZ,2,4
4373843517,393,92,9211,107737979,448,2013-03-12,0.4,OZ,1,5.49
4373887011,393,0,0,10000,0,2013-04-21,0,,3,0
4373899234,391,81,8101,102820020,11186,2013-01-31,1,CT,1,7.33
4373915908,389,6,610,1089952484,15405,2012-12-22,12.6,OZ,2,9.99
4373978054,392,26,2620,104902242,22148,2013-04-02,72,CT,1,5
4374002603,392,97,9753,1074027575,0,2013-06-12,1,CT,1,10.99
4374104282,391,0,0,10000,0,2013-03-30,0,,2,0
4374191417,389,36,3611,104902242,22148,2013-01-20,405.6,OZ,3,8.97
4374285338,394,72,7203,1031254737,10554,2013-06-14,8.5,OZ,1,2
4374285428,394,0,0,10000,0,2013-05-22,0,,2,0
4374382493,395,36,3611,104902242,22148,2013-05-16,405.6,OZ,2,3.98
4374382493,395,0,0,10000,0,2013-06-05,0,,2,0
4374392744,395,95,9519,1079590272,7848,2012-11-19,1,CT,1,5.99
4374448171,397,0,0,10000,0,2013-01-20,0,,5,0
4374479178,396,37,3706,104119646,14582,2013-06-06,19,OZ,1,3.29
4374532972,396,73,7302,1030057333,250,2013-01-22,40,CT,1,9.99
4374635569,395,92,9210,102270020,4197,2013-02-17,0.4,OZ,1,4.89
4374639685,394,92,9204,107780272,28813,2013-03-10,0.43,OZ,1,0.99
4374649571,394,73,7357,1031191737,6316,2013-01-03,300,CT,1,9.99
4374698173,394,26,2632,103600030,8583,2013-03-08,16,CT,2,2
4374937300,285,36,3626,101200010,16391,2012-11-26,67.6,OZ,1,1.25
4374989009,377,63,6328,103760030,63690,2012-11-15,24,OZ,1,2.99
4375014191,85,26,2629,103680030,3679,2013-06-13,180,CT,1,1.35
4375014191,85,37,3706,105010050,8089,2013-06-13,15,OZ,2,4.58
4375023643,85,7,709,109955595,7661,2013-03-25,4.02,OZ,1,6.99
4375156853,507,97,9753,1049013040,0,2013-01-17,1,CT,1,22.99
4375255839,507,6,610,1061126969,15041,2013-06-04,33.6,OZ,1,6.29
4375284597,508,97,9731,1065838262,30899,2012-12-13,1,CT,2,18.88
4375330758,508,17,1709,102570020,27327,2013-04-02,12,CT,1,3.87
4375337948,508,56,5619,102100020,19279,2013-01-18,32,OZ,1,6.55
4375627567,31,29,2908,102114020,19950,2012-12-16,16,OZ,1,1.09
4375675689,31,31,3101,103384434,1257,2013-03-12,0.75,OZ,1,1.69
4375711920,101,35,3508,103700030,18371,2013-07-13,100,OZ,3,35.97
4375723712,6,56,5616,104610040,15889,2013-02-16,6.67,OZ,1,3.99
4375723795,6,23,2301,103915333,3811,2012-06-20,16,OZ,1,3.99
4375723795,6,63,6315,1068826767,81691,2012-06-27,128,OZ,1,3.99
4375723860,6,58,5827,1068826767,12475,2012-06-25,12,OZ,4,23.96
4375723860,6,31,3101,104010040,27443,2012-10-16,0.7,OZ,1,5.99
4375723860,6,9,907,1018379111,19704,2012-10-24,16,OZ,1,4.49
4375723860,6,58,5823,104450040,8318,2012-11-29,16,OZ,1,5.99
4375723860,6,63,6315,1068826767,81691,2012-12-19,128,OZ,1,3.99
4375723860,6,26,2630,1068826767,81691,2013-01-06,432,CT,1,4.29
4375723860,6,63,6315,1068826767,81691,2013-02-20,128,OZ,2,7.98
4375723860,6,58,5827,104470040,13310,2013-03-02,12,OZ,2,15.98
4375724031,6,97,9753,1076163575,0,2013-02-08,1,CT,1,4.99
4375724085,6,21,2113,107085979,7912,2012-10-26,16.92,OZ,2,2
4375724161,6,63,6320,1068826767,81691,2013-05-21,12,CT,1,2.59
4375724343,6,9,901,103010030,6852,2012-04-11,11.5,OZ,1,4.15
4375724343,6,63,6320,1071514171,25530,2012-12-08,12,CT,1,4.09
4375724343,6,54,5403,102580020,16668,2013-04-07,8,OZ,1,3
4375724392,6,9,907,107341070,2437,2012-04-14,24,OZ,1,4.49
4375724392,6,35,3508,103700030,18371,2012-09-22,100,OZ,1,14.29
4375724544,6,37,3707,105100050,17812,2012-12-21,32,OZ,1,2
4375724544,6,63,6316,1068826767,81691,2013-01-15,8,OZ,1,1.09
4375724544,6,69,6901,107940070,4696,2013-03-11,1.7,OZ,3,2.97
4375740452,70,3,307,103997838,2082,2013-04-10,24,OZ,1,4.79
4375907845,191,27,2705,105000050,6775,2012-12-04,5.5,OZ,6,2.88
4375907845,191,51,5134,107008575,26885,2013-05-27,7,OZ,1,2.39
4375962120,191,9,902,104400040,19783,2012-11-24,9.1,OZ,1,2.5
4375962120,191,29,2908,104600040,13023,2012-12-22,16,OZ,1,1.69
4375962120,191,55,5558,104154848,35485,2013-05-08,9,OZ,2,7.98
4376010503,96,33,3318,107797575,27417,2013-04-11,12,OZ,1,3
4376032282,214,63,6320,103935939,105368,2012-12-11,12,CT,1,1.25
4376032282,214,21,2106,107535575,13044,2013-02-18,64,OZ,1,1.88
4376032282,214,54,5401,103800030,5618,2013-03-19,12.3,OZ,1,2.32
4376047744,214,9,917,104122040,23511,2013-04-23,30,OZ,1,1.38
4376054399,214,51,5115,107218070,15035,2013-05-16,11.64,OZ,1,2.98
4376067944,214,73,7307,104122040,23511,2013-01-16,10,CT,1,2.32
4376069462,214,97,9753,10978147696,0,2013-02-18,1,CT,1,6.39
4376121958,214,21,2106,1072628474,69200,2013-01-02,17.5,OZ,1,1.98
4376257730,46,8,818,103620030,14868,2013-04-09,45,OZ,1,2.89
4376361560,46,27,2701,107119070,23292,2013-04-06,8,OZ,3,5.67
4376620563,389,97,9799,104127141,76746,2013-06-06,1,CT,1,1.99
4376623745,389,0,0,10000,0,2013-01-03,0,,2,0
4376679905,393,26,2609,104902242,22148,2013-01-01,24,CT,1,2.99
4376771389,392,73,7326,1075942777,92856,2013-03-24,180,CT,1,8.49
4376852626,392,67,6702,1031191737,19572,2013-02-17,22,OZ,1,3.79
4376919731,391,21,2105,105200050,7054,2013-05-24,32,OZ,1,1.5
4376944352,391,71,7115,107731272,640,2013-01-21,6,OZ,1,1.59
4376950461,389,0,0,10000,0,2013-06-15,0,,1,0
4376997207,399,69,6903,1030008535,10727,2013-01-17,0.85,OZ,1,10.11
4376997441,399,65,6501,107891373,66738,2012-12-07,6,OZ,1,2.49
4377008569,399,0,0,10000,0,2013-01-30,0,,3,0
4377008777,399,36,3635,101657111,17037,2012-11-16,17,OZ,1,1.69
4377049278,398,92,9202,103809737,18915,2013-04-29,3,CT,1,17.99
4377052794,390,18,1898,104133343,5379,2013-05-25,2,CT,1,3.99
4377102109,393,26,2611,1031191737,19572,2013-01-21,52,CT,1,7.99
4377128233,390,29,2930,103760030,72948,2013-04-12,10,OZ,2,6
4377129056,390,36,3611,107929878,5984,2013-02-12,16.9,OZ,1,0.99
4377249017,390,96,9609,1052270050,88199,2012-11-27,0,,1,-1
4377330762,389,4,419,104326848,14782,2012-12-05,11.2,OZ,1,3.49
4377355436,394,96,9609,1053500050,88199,2013-04-18,0,,1,-0.75
4377389270,396,0,0,10000,0,2013-05-23,0,,1,0
4377394462,394,4,423,107726070,15624,2013-03-26,3,OZ,1,1.85
4377464718,397,92,9212,1082571383,33170,2013-01-12,0.25,OZ,1,1.29
4377507849,397,92,9208,104145747,7487,2013-03-12,27,CT,1,3.49
4377531483,395,64,6401,103410030,11704,2013-06-05,216,OZ,1,11.99
4377604723,394,18,1898,104133343,5379,2013-04-23,8,CT,1,5.99
4377618987,394,73,7304,1064786565,322,2013-01-01,32,CT,1,7.99
4377665341,394,95,9517,1079590272,7848,2013-06-16,8,CT,1,1.99
4377701880,395,26,2612,107682878,19764,2012-11-28,40,CT,1,3.29
4377781423,394,97,9745,104902242,19770,2013-01-31,3,CT,1,2.29
4377805603,387,26,2615,107301070,17990,2013-03-04,18,CT,2,9
4377832549,389,97,9786,104902242,10623,2013-03-16,1,CT,1,8
4377885120,398,4,412,104142040,6265,2012-11-17,5.5,OZ,1,1
4377885120,398,92,9215,107124979,21913,2012-12-22,1.7,OZ,1,11.99
4377886329,399,0,0,10000,0,2013-02-13,0,,3,0
4377920080,399,71,7107,107124979,21913,2013-04-05,1,CT,1,6.99
4377949810,398,0,0,10000,0,2013-01-02,0,,1,0
4377970845,398,5,517,103800030,69260,2013-01-17,10.4,OZ,1,2.79
4377978599,398,0,0,10000,0,2013-04-07,0,,1,0
4377982328,398,27,2701,102310020,13705,2013-04-02,13.2,OZ,1,1
4377988631,398,0,0,10000,0,2013-04-14,0,,1,0
4377989027,398,97,9748,107166272,4239,2013-04-03,24,CT,1,3.99
4377995795,393,72,7208,104902242,19572,2013-01-12,4,CT,2,5
4378024974,393,92,9211,1030099737,15219,2012-11-17,0.05,OZ,1,8.49
4378070654,393,70,7002,1030813737,25162,2013-05-22,30,CT,1,3.59
4378084899,390,33,3307,104902242,22148,2013-05-23,11.5,OZ,2,7.98
4378088670,393,30,3001,104800141,8178,2012-11-17,30,OZ,1,2.99
4378279559,391,33,3307,104902242,22148,2013-04-08,1.5,OZ,3,2.97
4378279559,391,4,416,103400030,15113,2013-06-15,1.5,OZ,2,2
4378296774,391,26,2620,104902242,22148,2013-03-10,51,CT,1,2.49
4378296774,391,26,2634,104200040,14813,2013-03-13,9,RL,2,7.98
4378298183,391,26,2614,103600030,9878,2013-05-18,50,CT,2,6
4378501332,389,26,2632,103700030,13481,2012-12-30,72,CT,1,2.49
4378504385,389,92,9211,104106545,9299,2012-12-18,0.01,OZ,2,4.02
4378523172,395,75,7501,1030052131,19243,2012-11-17,13,OZ,1,3.79
4378642471,395,0,0,10000,0,2013-05-31,0,,6,0
4378659647,397,33,3305,102840020,5141,2013-04-30,4,OZ,1,1.49
4378672139,396,4,417,102800020,55759,2012-12-16,3.5,OZ,3,2.41
4378721553,396,4,411,104142040,1934,2013-06-15,4.5,OZ,1,1.79
4378778783,395,96,9609,1057830050,88199,2013-06-15,0,,1,-1
4378879767,394,92,9211,10360734636,15297,2013-02-01,0.41,OZ,1,6.99
4379287379,285,53,5307,101450010,20864,2013-01-06,28,OZ,1,2.39
4379287637,285,99,9904,1071575676,5278,2013-04-14,6,OZ,4,9.96
4379435547,24,35,3509,107261373,401,2012-12-13,150,OZ,1,10.99
4379450529,377,31,3101,107096979,17090,2013-04-07,32,OZ,1,5.99
4379476658,85,21,2106,101480010,12021,2013-06-04,64,OZ,1,2.5
4379533539,523,92,9208,104319444,16067,2012-12-21,6,CT,1,5.99
4379776674,507,17,1726,101920010,10882,2013-01-14,35,CT,2,4.98
4379877433,508,56,5617,102100020,9886,2012-12-17,10.7,OZ,1,4.66
4379896730,508,97,9753,1049084040,0,2013-04-18,1,CT,1,4.19
4380142208,507,18,1828,106233868,319,2012-11-17,1.34,OZ,2,10.06
4380142208,507,37,3706,104119646,14582,2013-01-11,18.5,OZ,2,3.12
4380189185,507,71,7115,103827636,10851,2013-02-16,3,OZ,1,2.29
4380189185,507,5,516,101600010,6283,2013-05-12,14.1,OZ,1,4.73
4380552205,509,97,9730,1065356969,85531,2012-12-17,1,CT,1,36.58
4380612392,510,60,6001,101800010,14029,2012-12-06,11,OZ,1,2.62
4380612392,510,97,9799,102571525,53850,2013-05-21,1,CT,3,3.06
4380720788,368,71,7113,106754565,9983,2013-02-01,25.4,OZ,1,6.99
4380720788,368,97,9745,104902242,19770,2013-05-19,24,CT,1,4.99
4380748973,368,0,0,10000,0,2013-05-20,0,,1,0
4380753340,368,92,9212,1030099737,15219,2012-11-27,0.1,OZ,2,14.23
4380762733,368,73,7302,1030057333,250,2013-04-25,50,CT,1,7.99
4380767128,368,0,0,10000,0,2012-12-01,0,,2,0
4380782334,368,73,7302,1032586636,384,2013-02-14,100,CT,1,14.99
4380811150,368,64,6401,101820010,2510,2012-12-16,144,OZ,1,15.49
4380955756,31,63,6305,102500020,16489,2013-02-27,59,OZ,2,6
4381004126,101,63,6305,102500020,11749,2013-01-02,59,OZ,1,2.49
4381008850,6,51,5125,101380010,10271,2012-04-07,9,OZ,1,3.19
4381008850,6,99,9908,1068826767,7173,2012-07-06,32,OZ,1,3.29
4381008850,6,9,907,107347272,6562,2013-02-03,24,OZ,2,11.58
4381134909,63,57,5710,103663232,4568,2013-01-14,5.3,OZ,2,2
4381134909,63,15,1506,107172575,639,2013-04-29,6,OZ,1,1
4381134909,63,96,9609,1057301050,88199,2013-05-16,0,,1,-1
4381148191,191,4,421,107046272,17815,2013-04-16,8,OZ,1,1.25
4381148191,191,56,5610,101111010,20588,2013-05-31,6,OZ,1,2.49
4381166182,166,21,2105,105200050,7054,2013-06-09,32,OZ,10,8.8
4381168868,166,9,901,1070897171,10653,2012-11-29,15,OZ,1,3.99
4381173820,184,26,2628,103600030,9787,2012-12-15,60,CT,4,13.96
4381245820,214,56,5614,104171646,6769,2012-12-14,12,OZ,1,3.48
4381245820,214,60,6010,101800010,14029,2013-02-08,12,OZ,1,1.38
4381245820,214,33,3303,102840020,15598,2013-02-20,9.5,OZ,1,2.98
4381356327,46,27,2712,103558535,9846,2013-02-10,1,CT,2,20.48
4381391236,46,57,5710,103663232,4568,2013-05-23,21.2,OZ,1,3.5
4381391236,46,97,9745,102593222,18552,2013-06-06,1,CT,1,2.99
4381406157,46,11,1102,104920040,5098,2013-06-13,80,CT,1,2.11
4381406157,46,18,1841,1071373373,11473,2013-06-13,16,CT,1,3.89
4381580469,390,4,416,102800020,16558,2013-04-12,1,OZ,2,0.78
4381592701,393,74,7407,107033070,1783,2013-03-27,3,CT,2,11.23
4381592701,393,51,5129,103620030,1698,2013-06-02,24,OZ,1,7.89
4381606316,399,75,7503,1030099737,15219,2013-04-28,0.09,OZ,1,7.99
4381616774,399,72,7203,1036485434,2325,2012-12-12,16,OZ,4,19.98
4381631421,399,72,7205,105310050,804,2012-11-28,6,OZ,1,2.99
4381649164,391,9,922,101600010,6283,2012-12-15,5.34,OZ,1,4.49
4381649164,391,34,3410,104902242,17495,2013-04-12,7.5,OZ,2,3
4381651628,399,97,9799,1079749676,14438,2013-01-05,9.5,LB,1,9.99
4381660110,399,18,1831,1081052181,22706,2012-12-11,1,CT,3,5
4381685240,398,96,9609,1051708252,88199,2013-04-30,0,,2,-2
4381694558,398,63,6315,102319828,17555,2013-02-28,64,OZ,1,3
4381701446,398,4,416,103400030,8247,2012-12-05,1.55,OZ,2,1.34
4381764739,393,72,7205,103320030,875,2013-03-18,4.5,OZ,2,4.99
4381817666,392,0,0,10000,0,2013-06-09,0,,1,0
4381817721,392,70,7002,1030813737,25162,2013-04-20,10,CT,1,4.99
4381826340,392,75,7501,1079285070,2593,2012-12-22,6,OZ,1,8.29
4381838246,392,21,2119,1061300868,867,2013-04-04,23,OZ,1,0.5
4381946342,391,97,9733,1068755464,19779,2012-12-15,1,CT,1,0
4382024396,390,0,0,10000,0,2013-06-16,0,,2,0
4382040691,390,73,7326,1075942777,92856,2012-12-09,60,CT,1,6.99
4382040691,390,71,7107,1030815131,3609,2013-04-21,1,CT,1,7.99
4382128299,389,72,7205,105310050,804,2013-03-04,6.4,OZ,2,4.98
4382193546,397,16,1604,102200020,6021,2013-02-10,15,CT,3,1.99
4382208746,397,26,2634,104200040,14813,2013-04-21,9,RL,1,4.29
4382351707,396,33,3310,102840020,6911,2013-02-09,6.5,OZ,1,3.49
4382385404,395,26,2634,103700030,3293,2012-12-08,6,RL,2,7.98
4382403015,395,37,3703,105100050,2820,2013-01-01,10.75,OZ,4,3.16
4382410016,395,69,6901,107940070,17521,2012-12-08,2.6,OZ,2,4
4382410016,395,0,0,10000,0,2013-02-22,0,,4,0
4382410016,395,21,2118,1061300868,867,2013-03-17,23,OZ,2,1.98
4382410016,395,0,0,10000,0,2013-06-10,0,,2,0
4382684813,285,4,418,106843767,2424,2013-03-29,7,OZ,1,3
4382685018,285,99,9904,1071575676,5278,2013-05-20,16,OZ,1,4.99
4382685754,285,6,605,107146474,2142,2013-04-10,15.2,OZ,1,2.49
4382751706,24,51,5125,101380010,10271,2012-12-02,10,OZ,4,6
4382756710,377,58,5823,104450040,8318,2013-03-21,8,OZ,1,3.99
4382757001,377,56,5610,1071754474,17653,2013-03-10,8,OZ,1,3.99
4382765645,377,6,608,1072225272,3695,2012-11-18,1.27,OZ,6,5.34
4382775268,24,97,9701,103502232,25332,2012-12-28,1,CT,1,7.99
4382775268,24,26,2609,104200040,5016,2013-02-03,20,CT,1,2.5
4382777353,24,36,3611,107514070,4369,2013-01-16,64,OZ,2,3.98
4382783223,85,37,3706,104119646,14582,2013-01-12,19,OZ,1,1.48
4382793238,85,99,9908,103825939,20429,2012-12-12,80,OZ,1,2.5
4382879796,507,75,7520,104834141,23664,2013-04-06,200,CT,1,2.07
4382910265,507,9,970,103800030,62065,2013-04-28,22,OZ,1,3.14
4383115072,508,32,3203,108523989,11176,2013-02-06,6,OZ,1,1.94
4383390801,508,63,6321,108523989,833,2013-02-20,10,OZ,2,7.32
4383390801,508,73,7356,102791727,78698,2013-05-25,150,CT,1,12.59
4383479983,508,26,2622,102570020,20361,2012-12-11,50,CT,1,2.4
4383671696,508,97,9753,1049200040,0,2013-05-14,1,CT,3,13.09
4383686309,508,28,2805,1070581474,98643,2013-06-05,21,OZ,1,5.24
4383774480,507,72,7205,105310050,804,2013-04-08,4.6,OZ,1,1.98
4383777320,510,4,418,103400030,15113,2013-04-06,13.2,OZ,1,4.5
4383805582,368,71,7114,1060302969,15093,2013-03-01,6,OZ,1,20.99
4383810789,368,73,7357,107431272,12440,2012-12-30,100,CT,1,12.49
4383846092,368,69,6901,101204414,13056,2013-01-13,3,OZ,1,3.29
4383846092,368,71,7113,1060302969,15093,2013-02-08,10.1,OZ,1,15.99
4383852499,100,55,5552,104113040,84481,2012-11-19,48,OZ,1,3.99
4383852499,100,19,1910,10980090,12851,2013-04-28,26.5,OZ,1,7.79
4383899829,233,56,5617,107592575,4368,2013-05-10,12,OZ,2,7.74
4383899829,233,97,9753,1023118222,0,2013-06-08,1,CT,1,3.59
4383930421,31,5,504,109742191,22339,2012-12-09,1.94,OZ,3,3
4383974945,6,67,6702,1030813737,9259,2012-07-05,15,OZ,1,3.99
4383974945,6,11,1113,104345444,10440,2013-02-27,12,OZ,1,5.49
4383974945,6,27,2702,101901414,8664,2013-04-28,15,LB,1,19.29
4383974980,6,53,5305,1068826767,18552,2013-03-18,12,OZ,1,1.67
4383974998,6,51,5115,101960010,3174,2013-04-23,5.5,OZ,1,1.25
4383975131,6,4,416,104000040,18946,2012-07-21,3.28,OZ,1,1.39
4383975131,6,36,3601,1068826767,7740,2012-08-13,101.4,OZ,1,1
4384035757,65,9,908,102430020,10577,2013-03-03,8.27,OZ,1,2.5
4384083938,140,97,9753,1020161626,0,2013-04-12,1,CT,1,26.45
4384083938,140,9,913,101111010,16706,2013-05-22,24,OZ,6,16.14
4384083938,140,26,2609,101111010,9907,2013-07-06,150,CT,1,3.97
4384083938,140,9,913,101111010,16706,2013-07-15,24,OZ,6,16.14
4384093315,191,18,1837,104650040,14869,2013-04-16,4,CT,1,2.99
4384094819,191,63,6315,101111010,6678,2013-05-08,128,OZ,2,6.78
4384101721,215,36,3628,101200010,12029,2013-04-05,20,OZ,1,1.69
4384120639,96,99,9908,107146474,2142,2012-12-28,12,OZ,1,2
4384120639,96,64,6401,103410030,11704,2013-04-22,288,OZ,1,17.63
4384120639,96,99,9909,103003434,28496,2013-07-03,12,OZ,1,1.5
4384122512,96,4,421,101070010,9275,2013-06-29,10,OZ,1,3.29
4384171822,214,39,3903,1064420969,74550,2013-03-24,36,OZ,2,8.94
4384171822,214,63,6315,104122040,23511,2013-06-09,128,OZ,2,7.56
4384187151,214,36,3632,107181777,73881,2012-12-16,67.6,OZ,1,1.34
4384194010,214,95,9517,1061029060,7848,2013-02-15,1,CT,2,2.58
4384232626,206,63,6316,108685484,10218,2013-04-21,16,OZ,1,1.48
4384232626,206,9,908,108685484,10218,2013-05-19,13,OZ,1,1.88
4384232626,206,9,907,108685484,10218,2013-05-30,24,OZ,2,2.36
4384234570,46,9,907,1062855363,25002,2013-05-20,14,OZ,2,5.58
4384440830,399,71,7107,1030099737,15219,2013-05-02,1,CT,1,4.49
4384590119,398,74,7407,104740040,7196,2013-04-20,2,CT,1,8.99
4384590127,398,9,907,107082171,8388,2013-06-15,24,OZ,1,2.19
4384597647,398,74,7407,104740040,7196,2012-12-11,3,CT,1,11.49
4384683412,399,96,9609,1051254757,88199,2013-06-03,0,,1,-4
4384691572,399,73,7316,101150919,19168,2013-04-05,1,OZ,1,5.99
4384768866,389,63,6320,104902242,22148,2012-11-19,12,CT,1,1.89
4384819645,392,72,7205,103500030,3830,2013-03-13,4,OZ,2,8.18
4384829863,391,38,3801,104902242,22148,2013-05-07,4,LB,1,3.49
4384885117,391,75,7515,1030813737,1121,2013-02-13,15,OZ,1,5
4384888847,391,73,7308,1031254636,7853,2013-06-01,30,CT,1,1.99
4384892882,391,36,3626,107800070,16223,2013-01-07,67.6,OZ,1,1
4384925493,391,95,9517,104902242,8410,2012-12-14,4,CT,1,2.99
4385170103,397,69,6901,101700010,15288,2012-12-18,3,OZ,1,2.29
4385203401,397,63,6315,104127141,12927,2012-11-28,64,OZ,1,2.99
4385203401,397,97,9748,104902242,19770,2013-01-26,4,CT,1,3.19
4385247223,396,72,7205,1031015838,16196,2012-12-25,4,OZ,1,6.29
4385274195,396,27,2704,104902242,13897,2012-12-23,1,CT,2,6.98
4385555143,389,0,0,10000,0,2012-12-07,0,,6,0
4386134058,508,97,9753,1020310727,0,2013-03-29,1,CT,2,1.45
4386134058,508,55,5552,108523989,11176,2013-07-16,48,OZ,1,2.93
4386157130,508,1,104,101500010,29555,2013-01-03,4.23,OZ,1,1.53
4386157130,508,36,3635,102259222,13400,2013-02-16,101.4,OZ,1,2.99
4386199539,509,78,7801,1084395383,73338,2012-12-08,1,CT,1,18
4386203421,509,28,2804,103900030,13296,2012-12-18,27,OZ,1,4.99
4386279251,510,33,3318,102840020,15441,2012-11-19,16,OZ,1,2.89
4386305518,368,0,0,10000,0,2013-02-15,0,,1,0
4386306351,368,19,1908,104800141,16564,2012-12-14,16.3,OZ,1,5.49
4386386334,104,54,5402,103800030,5618,2012-12-26,16.4,OZ,1,2.91
4386386334,104,63,6315,104128040,9181,2013-01-09,64,OZ,1,2.47
4386386334,104,99,9909,107127979,6732,2013-04-11,12,OZ,1,2
4386470790,31,63,6320,102114020,19950,2013-02-24,12,CT,1,2.09
4386505659,6,36,3635,104150848,27294,2012-08-09,11.15,OZ,4,4
4386645452,191,51,5122,103760030,8501,2013-06-06,3,OZ,5,9.45
4386645866,191,26,2609,101111010,6678,2013-02-04,115,CT,1,5.99
4386645866,191,40,4005,107765272,17309,2013-04-06,1.3,OZ,1,2.79
4386794871,214,63,6315,104122040,23511,2012-12-15,64,OZ,2,4.36
4387027163,390,4,416,103400030,2689,2013-03-23,1.5,OZ,1,0.69
4387048405,393,17,1719,104902242,22148,2013-02-28,16,OZ,1,4.99
4387094419,399,72,7205,105310050,804,2013-02-05,6.4,OZ,2,3
4387157867,398,0,0,10000,0,2012-12-25,0,,1,0
4387308100,390,26,2632,1031191737,19572,2013-03-28,78,CT,2,2.29
4387424374,391,34,3406,101111111,5168,2013-04-03,24,OZ,1,8.49
4387565472,390,92,9211,107124979,21913,2012-12-06,0.34,OZ,1,8.99
4387802065,397,33,3350,101708212,9033,2013-01-18,2,OZ,1,2.29
4387829432,397,5,516,101600010,12426,2012-11-24,7.1,OZ,2,2.42
4387878742,396,22,2210,103500030,17523,2013-03-11,33.8,OZ,2,2
4387992415,395,9,901,104902242,22148,2012-12-23,21,OZ,1,2.49
4387992415,395,69,6901,1030099737,11804,2013-03-16,2.25,OZ,1,1.99
4387996449,395,92,9211,104155444,11347,2013-02-14,0.14,OZ,7,38.43
4388085538,394,0,0,10000,0,2013-04-30,0,,2,0
4388357303,377,9,902,102410020,44209,2013-01-12,7,OZ,1,2.99
4388359521,377,30,3007,107146474,2142,2013-03-04,14,OZ,1,3.99
4388402406,85,96,9609,1054400050,88199,2013-02-16,0,,1,-1
4388515721,507,23,2301,107680878,1393,2012-11-20,16,OZ,1,1.35
4388635072,507,63,6320,1071514171,25530,2013-06-14,12,CT,1,2.82
4388911946,368,9,918,101410010,13791,2013-05-30,7.5,OZ,2,6
4388956425,368,73,7302,1030057333,250,2013-05-28,120,CT,1,16.99
4388984011,104,21,2117,102500020,26108,2013-04-09,67.5,OZ,1,1.89
4388984011,104,26,2629,104130343,38922,2013-04-09,120,CT,1,1
4389020404,233,26,2620,104130343,38922,2012-11-21,20,CT,4,4
4389020404,233,41,4106,104113040,6449,2012-11-21,4,OZ,1,0.66
4389020404,233,58,5823,107024777,6176,2012-11-24,40,OZ,1,6.68
4389020404,233,8,810,104130343,38922,2012-11-27,0.87,OZ,6,1.98
4389020404,233,7,709,109955595,2706,2012-11-28,6.3,OZ,1,8.39
4389020404,233,14,1404,104176040,8792,2012-11-29,24,OZ,19,19
4389020404,233,81,8115,107717070,6974,2012-11-30,200,CT,1,2.29
4389020404,233,33,3304,102840020,6777,2012-11-30,22,OZ,1,4.49
4389020404,233,49,4901,101312010,26885,2012-12-02,30,OZ,1,3
4389020404,233,51,5117,107465373,9039,2012-12-05,16.5,OZ,10,27.5
4389020404,233,33,3312,103700030,14494,2012-12-06,6.38,OZ,1,1.66
4389020404,233,54,5401,104130343,38922,2012-12-11,12.3,OZ,1,1.5
4389020404,233,3,310,103495232,5626,2012-12-12,14,OZ,1,6.89
4389020404,233,41,4107,104130343,38922,2012-12-12,15,OZ,6,6.9
4389020404,233,5,501,103800030,11732,2012-12-12,18,OZ,2,7
4389020404,233,57,5710,107047070,20230,2012-12-12,6,OZ,10,10
4389020404,233,5,501,104130343,38922,2012-12-12,18,OZ,3,7.5
4389020404,233,13,1305,103000030,14760,2012-12-15,12,OZ,1,3.63
4389020404,233,99,9908,107143070,5072,2012-12-16,16,OZ,3,7.47
4389020404,233,21,2106,107535575,13044,2012-12-16,64,OZ,6,9.8
4389020404,233,20,2002,105100050,27873,2012-12-17,11.5,OZ,1,1.01
4389020404,233,4,421,102200020,16565,2012-12-19,1.7,OZ,2,1.98
4389020404,233,63,6315,107030070,11981,2012-12-19,128,OZ,3,12.27
4389020404,233,33,3307,104130343,38922,2012-12-24,8.75,OZ,1,4.99
4389020404,233,16,1604,102200020,6021,2012-12-26,15,CT,1,1.19
4389020404,233,4,416,104000040,56360,2012-12-30,2.13,OZ,1,1.03
4389020404,233,97,9753,1022220020,0,2012-12-30,1,CT,2,5.98
4389020404,233,55,5556,104148343,9547,2012-12-30,132,OZ,1,6.49
4389020404,233,5,522,107151878,8349,2013-01-02,16,OZ,1,2.89
4389020404,233,26,2606,104130343,38922,2013-01-04,250,CT,1,1.5
4389020404,233,58,5813,104222242,26234,2013-01-05,48,OZ,1,4.99
4389020404,233,97,9753,1022400828,0,2013-01-06,1,CT,1,3.41
4389020404,233,63,6315,101189616,28219,2013-01-06,128,OZ,7,34.23
4389020404,233,81,8115,107717070,6974,2013-01-07,200,CT,2,4.58
4389020404,233,41,4107,102000020,7655,2013-01-08,15,OZ,1,0.6
4389020404,233,58,5827,107024777,6176,2013-01-14,16,OZ,1,3.99
4389020404,233,33,3312,103470030,2628,2013-01-17,7,OZ,1,2.79
4389020404,233,5,519,103000030,14760,2013-01-19,12.3,OZ,1,3
4389020404,233,56,5620,104610040,15889,2013-01-19,8,OZ,2,6
4389020404,233,99,9908,103338333,33170,2013-01-20,32,OZ,5,7.5
4389020404,233,63,6318,101800010,14029,2013-01-21,11,OZ,1,2.49
4389020404,233,30,3009,102100020,9886,2013-01-21,16,OZ,6,12
4389020404,233,41,4108,107089070,9218,2013-01-25,15.5,OZ,2,2.38
4389020404,233,56,5607,102100020,13967,2013-01-31,8,OZ,13,19.5
4389020404,233,33,3312,107492373,57468,2013-02-02,9,OZ,1,2.89
4389020404,233,4,410,103495232,5626,2013-02-03,9,OZ,1,1.59
4389020404,233,9,902,103800030,17050,2013-02-03,4,OZ,1,2
4389020404,233,58,5823,104470040,13310,2013-02-04,8,OZ,2,7.68
4389020404,233,26,2630,103600030,9787,2013-02-06,174,CT,3,5.97
4389020404,233,29,2928,107142979,20299,2013-02-09,7,OZ,3,3.99
4389020404,233,63,6328,102016929,16492,2013-02-10,20,OZ,4,6
4389020404,233,81,8101,102820020,1437,2013-02-12,1,CT,1,6.49
4389020404,233,29,2914,102100020,9886,2013-02-13,5.5,OZ,2,1.98
4389020404,233,43,4302,104300040,4030,2013-02-13,8,OZ,2,3.98
4389020404,233,56,5617,102100020,9886,2013-02-14,12,OZ,1,2.99
4389020404,233,56,5619,102100020,19279,2013-02-14,32,OZ,1,5.99
4389020404,233,29,2906,107066272,12673,2013-02-15,4,OZ,1,1.59
4389020404,233,9,907,104910040,8089,2013-02-15,24,OZ,4,13.16
4389020404,233,21,2116,1018507313,21658,2013-02-15,10,OZ,4,3.96
4389020404,233,58,5836,103760030,8501,2013-02-15,12,OZ,4,5.96
4389020404,233,58,5827,107024777,6176,2013-02-15,16,OZ,4,18.46
4389020404,233,49,4901,107271474,11375,2013-02-17,22,OZ,1,3.79
4389020404,233,33,3303,102840020,10241,2013-02-18,14.5,OZ,1,4.49
4389020404,233,21,2108,102500020,11749,2013-02-18,15.2,OZ,1,1.59
4389020404,233,32,3204,104179040,1698,2013-02-21,17,OZ,2,12.98
4389020404,233,9,908,102430020,10577,2013-02-24,2.81,OZ,1,0.75
4389020404,233,64,6410,1063598565,11683,2013-02-24,67.2,OZ,1,7.99
4389020404,233,56,5620,102100020,9886,2013-02-24,8,OZ,1,2.5
4389020404,233,97,9753,1022402525,0,2013-02-27,1,CT,3,7.7
4389020404,233,63,6328,102016929,16492,2013-02-28,24,OZ,1,2.99
4389020404,233,18,1898,104130343,38922,2013-03-06,12,CT,6,9
4389020404,233,26,2610,1077477171,86023,2013-03-11,150,CT,1,1.5
4389020404,233,10,1010,105150050,16728,2013-03-12,20,OZ,1,3.23
4389020404,233,41,4107,104130343,38922,2013-03-13,14.5,OZ,3,1.98
4389020404,233,99,9908,103260131,5489,2013-03-14,16,OZ,1,3.49
4389020404,233,2,201,105150050,14029,2013-03-14,15.25,OZ,5,6.25
4389020404,233,9,901,103010030,15828,2013-03-15,12.8,OZ,1,1.99
4389020404,233,9,902,103010030,3744,2013-03-15,15,OZ,2,5
4389020404,233,33,3307,102840020,21452,2013-03-19,6,OZ,2,5
4389020404,233,29,2907,103900030,13296,2013-03-21,5.8,OZ,1,2.59
4389020404,233,9,907,1063538161,34374,2013-03-23,12,OZ,1,2.79
4389020404,233,9,921,102430020,10577,2013-03-23,3.6,OZ,1,0.99
4389020404,233,33,3308,104113040,17693,2013-03-24,11,OZ,1,1.79
4389020404,233,25,2503,105000050,32115,2013-03-27,15,OZ,3,13.05
4389020404,233,33,3305,102840020,5141,2013-03-29,11,OZ,1,4.29
4389020404,233,57,5710,1089470080,21065,2013-03-30,5.3,OZ,2,3.18
4389020404,233,33,3350,107969474,57398,2013-03-30,1.2,OZ,2,2.98
4389020404,233,36,3611,104113040,17690,2013-03-31,405.6,OZ,1,2.99
4389020404,233,41,4107,102400020,4704,2013-04-05,14.5,OZ,1,1.65
4389045149,31,28,2803,105410050,19509,2012-12-10,16,OZ,2,2.57
4389129421,21,7,707,104300040,11339,2013-04-19,11,OZ,1,3.79
4389141010,6,25,2508,102529323,16410,2012-03-25,128,OZ,2,13.98
4389141010,6,26,2632,1068826767,4141,2012-04-06,360,CT,1,7.99
4389141010,6,29,2914,102100020,9886,2012-08-19,1.9,OZ,6,6
4389141010,6,26,2633,105400050,16048,2013-02-25,20,RL,1,12.99
4389141408,6,63,6315,1068826767,81691,2013-01-11,64,OZ,1,2.59
4389141476,6,8,810,104150141,13296,2012-12-02,1.25,OZ,1,1
4389141476,6,29,2928,101530010,58299,2013-03-08,6.2,OZ,1,1.34
4389231876,68,36,3630,107800070,5208,2013-06-06,144,OZ,1,3
4389278049,83,8,810,107052878,11382,2013-01-07,1,OZ,2,1.98
4389278049,83,9,901,103010030,9530,2013-04-09,16.2,OZ,1,5.99
4389352589,191,58,5814,104470040,10837,2013-05-26,8.9,OZ,4,10
4389352589,191,34,3411,101111111,5168,2013-06-14,13.5,OZ,1,4.37
4389468499,214,23,2301,1089766080,15775,2012-12-09,16,OZ,1,1.49
4389667335,46,9,907,1071373373,11473,2012-11-24,18,OZ,1,1.99
4389876301,389,4,412,102800020,12669,2013-04-29,4,OZ,1,0.99
