1842113003,17,58,5814,104470040,10837,2012-07-15,11.1,OZ,1,3.69
1842113003,17,58,5823,104470040,13310,2012-09-07,9,OZ,1,4.99
1842162667,360,99,9908,101228919,20877,2012-04-26,6,OZ,1,1.25
1842477412,42,36,3626,104149747,19710,2012-08-12,67.6,OZ,1,0.99
1842477412,42,63,6320,104149747,19710,2013-02-03,12,CT,1,1.99
1842477412,42,75,7515,1031254737,1636,2013-05-26,3,OZ,1,4.99
1842478181,42,7,707,104300040,11339,2012-03-17,11.5,OZ,1,4.79
1842478194,42,63,6315,104149747,19710,2012-04-13,64,OZ,2,3.55
1842479261,42,26,2611,103600030,14191,2012-06-18,14,CT,1,2.49
1842479261,42,26,2628,103700030,2248,2012-12-10,1,RL,4,8.76
1842533639,293,36,3601,104900040,3809,2012-03-22,240,OZ,1,6.49
1842533639,293,56,5621,101115010,15530,2013-02-15,8,OZ,1,2.49
1842748613,16,9,908,107203070,5812,2012-05-28,13.5,OZ,1,4.49
1842750294,16,10,1012,102700020,23332,2012-04-29,13,OZ,1,1.85
1842757900,21,41,4110,104780040,33381,2012-05-23,28,OZ,1,1.58
1842757900,21,26,2630,104119040,16347,2012-06-03,144,CT,1,1.33
1842757972,21,51,5129,101450010,20864,2012-10-04,10,OZ,2,3.7
1842758020,21,33,3316,101600010,3397,2013-03-08,8.75,OZ,2,5
1842758398,21,51,5134,1083418383,385,2012-07-08,8,OZ,2,9.38
1842758398,21,14,1404,1089000080,11289,2013-03-04,12.8,OZ,2,5.38
1842758939,21,63,6399,107590070,2073,2012-06-16,14.5,OZ,2,6.98
1842758993,21,33,3312,103700030,14494,2012-03-23,6.38,OZ,2,3.58
1842759124,21,40,4004,104100040,10522,2012-07-27,8,OZ,1,3.69
1842759124,21,36,3618,101200010,23361,2013-02-10,67.6,OZ,1,1.59
1842759124,21,37,3703,105100050,2820,2013-02-15,11,OZ,1,1.89
1842759124,21,97,9753,1020060020,0,2013-02-18,1,CT,1,3.39
1842759754,21,99,9908,104119040,16347,2012-03-09,10,OZ,1,1.99
1842759754,21,5,519,103000030,14760,2012-07-09,27.3,OZ,1,5.49
1842759754,21,59,5902,104119040,16347,2013-01-05,16,OZ,2,5
1842759754,21,25,2507,107235070,68047,2013-01-13,48,OZ,1,4.49
1842759977,21,26,2604,101090010,15232,2012-05-31,36,CT,2,1.98
1842760181,21,56,5620,104119040,16347,2012-05-17,8,OZ,1,2.29
1842760181,21,26,2620,104159444,4594,2012-08-09,50,CT,1,1.39
1842760181,21,36,3628,101200010,12029,2012-12-12,144,OZ,1,4.17
1842760325,21,21,2105,104900040,14357,2012-04-04,32,OZ,6,6
1842760325,21,63,6320,104119040,16347,2012-07-03,18,CT,1,2.29
1842760325,21,63,6320,104119040,16347,2012-08-21,18,CT,1,2.89
1842760325,21,26,2622,101370010,8154,2013-03-22,35,CT,1,2.6
1842760348,21,8,801,104119040,16347,2012-03-11,32,OZ,1,1.79
1842760370,21,18,1854,104119040,16347,2012-04-26,3,CT,1,2.69
1842760370,21,56,5620,104610040,15889,2012-06-12,7,OZ,1,1.99
1842760370,21,36,3604,107800070,16023,2012-12-18,60,OZ,1,4.29
1842760590,21,51,5106,103100030,9626,2012-08-24,8.65,OZ,1,2.69
1842760831,21,12,1206,104119040,16347,2012-10-13,12,OZ,2,6.98
1842760863,21,56,5620,104119040,16347,2012-09-21,8,OZ,2,2.98
1842760863,21,33,3314,103000030,14760,2012-09-29,3.52,OZ,2,3.33
1842762819,21,57,5704,104119040,16347,2013-05-22,32,OZ,2,8.58
1842762819,21,29,2905,104112949,3635,2013-06-04,14,OZ,3,4.97
1842762819,21,23,2301,107130070,15474,2013-06-14,16,OZ,4,5.56
1842763961,240,53,5307,104567444,16284,2012-11-27,12,OZ,1,1.35
1842763961,240,55,5567,1078978575,16558,2013-02-06,5.8,OZ,2,2
1842765517,240,9,907,104567444,16284,2012-07-15,9,OZ,1,1.99
1842765672,240,33,3307,104130343,38922,2012-06-07,32,OZ,1,14.49
1842767095,240,41,4107,104130343,38922,2013-01-07,11,OZ,1,0.95
1842767095,240,58,5823,107597171,15878,2013-03-05,10,OZ,1,4.49
1842767095,240,4,419,103746636,10488,2013-03-17,1.9,OZ,1,3.5
1842772994,240,9,902,103800030,43577,2012-05-10,10,OZ,1,2.5
1842772994,240,10,1010,105150050,16728,2013-03-10,19.25,OZ,1,3.29
1842773070,240,9,901,104138545,13723,2012-12-30,2,OZ,1,0.67
1842773070,240,36,3601,104900040,3809,2013-03-06,20,OZ,1,1.79
1842773084,240,29,2923,104100040,9814,2012-05-14,4.4,OZ,2,2.78
1842773084,240,3,310,107045070,4913,2012-11-20,8,OZ,1,6.99
1842786545,240,56,5604,107790171,14428,2012-10-01,12,OZ,1,7.99
1842786545,240,44,4404,105100050,13791,2012-11-04,9.5,OZ,1,3.69
1842786545,240,99,9908,103338333,33170,2013-01-23,16,OZ,2,5.48
1842786909,240,36,3631,101200010,12170,2012-10-12,144,OZ,1,4
1842786909,240,97,9753,1085078989,0,2013-01-25,1,CT,1,2.99
1842791587,101,29,2914,102100020,9886,2012-11-02,2.05,OZ,2,2
1842795513,70,11,1111,103800030,17050,2012-03-09,40,OZ,1,4.99
1842796190,70,8,818,103620030,14868,2012-10-21,23.9,OZ,3,5
1842806757,65,56,5615,103582636,6564,2012-10-24,8,OZ,3,5
1842809288,64,41,4109,105100050,2820,2012-11-14,11,OZ,1,0.69
1842819744,83,5,516,103800030,24525,2012-03-22,6.3,OZ,2,7.78
1842819744,83,9,907,1068692464,9907,2012-04-20,24,OZ,1,0.99
1842819744,83,63,6320,101111010,9907,2012-06-08,12,CT,1,1
1842820681,83,26,2607,101090010,15232,2012-12-10,1,CT,1,1.79
1842820681,83,4,417,103400030,15113,2013-03-23,2.8,OZ,1,1
1842821862,83,49,4903,101312010,26885,2012-06-14,19,OZ,1,3.79
1842821862,83,57,5705,101111010,9907,2012-08-30,6,OZ,10,4
1842828356,58,0,0,10000,0,2013-02-19,0,,3,0
1842830452,89,29,2914,102100020,19279,2012-09-15,9.4,OZ,1,2.09
1842830452,89,33,3303,102840020,10241,2013-05-14,8,OZ,1,2.5
1842833004,151,53,5307,107056070,14005,2013-04-30,32,OZ,1,1.99
1842845481,98,0,0,10000,0,2012-05-26,0,,2,0
1842845481,98,51,5127,103100030,1358,2012-10-14,5,OZ,1,0.88
1842845481,98,29,2907,102733121,13084,2012-11-09,12.4,OZ,2,3.9
1842851614,2,34,3405,101111111,5168,2012-05-27,24,OZ,1,7.99
1842851614,2,9,913,101111010,19214,2013-01-23,12,OZ,1,1.49
1842856265,2,46,4606,101111010,20588,2012-06-07,16,OZ,1,4.59
1842856265,2,4,416,103400030,15113,2012-06-21,1.5,OZ,4,3.96
1842856265,2,63,6305,102500020,16489,2012-08-02,89,OZ,1,6.29
1842856265,2,5,516,101600010,12426,2013-01-17,7.4,OZ,2,6
1842856265,2,73,7356,107631474,51917,2013-02-28,10.8,OZ,0,0
1842882911,96,40,4001,103003434,7175,2012-06-04,640,OZ,1,4.89
1842882911,96,26,2604,101090010,15232,2012-10-23,100,CT,1,1.29
1842882911,96,4,405,103003434,7175,2012-11-03,10.5,OZ,2,2.5
1842882911,96,37,3703,103003434,7175,2013-03-23,10.5,OZ,2,0.78
1842882911,96,0,0,10000,0,2013-06-21,0,,1,0
1842897228,214,33,3318,102840020,15441,2012-10-06,16,OZ,1,2.98
1842900386,214,50,5001,102113121,11151,2012-12-08,16,OZ,4,10
1842900386,214,16,1604,102200020,5558,2013-04-25,54,CT,2,3.78
1842918517,214,97,9753,1020401121,0,2012-04-19,1,CT,1,0.91
1842918517,214,56,5607,102100020,13967,2012-06-13,8,OZ,1,2.34
1842918517,214,36,3627,104900040,23363,2012-09-20,101.4,OZ,1,3
1842918517,214,59,5910,103377636,16650,2012-10-25,15,OZ,1,2.28
1842923032,206,69,6901,103700030,16139,2012-03-02,2.6,OZ,1,4.58
1842923032,206,33,3318,108685484,10218,2012-10-21,10,OZ,1,1.48
1842923032,206,99,9908,103260131,5489,2013-03-17,16,OZ,1,1.98
1842933160,46,41,4108,104125040,11473,2012-09-27,15.5,OZ,4,3.16
1842937870,46,36,3603,104300040,4371,2012-07-25,384,OZ,1,2.69
1842963094,46,59,5905,1079645171,13101,2012-04-17,15,OZ,2,4
1842963094,46,71,7113,1063391161,3400,2012-12-19,6,OZ,1,22.49
1843036082,15,26,2633,102113020,15704,2012-09-24,24,RL,1,11.8
1843357351,233,31,3101,105210050,11382,2012-09-17,4,OZ,1,5.19
1843363828,42,26,2631,107682878,19764,2012-05-15,48,CT,2,5.58
1843363828,42,27,2704,1080702080,14717,2012-09-22,3.5,OZ,2,7.58
1843363888,42,18,1828,106233868,319,2012-05-11,1,OZ,1,2.49
1843363888,42,14,1411,104149747,19710,2012-11-21,20,OZ,2,2.58
1843363888,42,9,920,103010030,9530,2012-12-19,11.04,OZ,1,2.99
1843364000,42,10,1010,105150050,16728,2012-10-11,11.75,OZ,1,2.19
1843367296,42,37,3703,105100050,2820,2012-08-06,50,OZ,1,3.69
1843367487,42,56,5610,107127171,15802,2012-06-07,8,OZ,1,3.19
1843367589,42,9,901,104400040,3453,2012-09-06,14,OZ,1,3.79
1843367589,42,26,2614,1030800434,2964,2013-04-28,20,CT,2,2.58
1843368541,42,50,5001,102113121,11151,2013-03-10,10,OZ,1,2.49
1843422903,285,59,5906,104060040,26155,2012-06-16,16,OZ,2,5
1843431528,108,59,5902,1075480777,610,2012-09-11,16,OZ,2,6.58
1843692313,31,64,6401,101820010,11616,2012-03-12,144,OZ,1,12.49
1843692313,31,91,9129,108068686,9195,2012-04-08,0.05,LT,1,1.99
1843692313,31,91,9110,108567686,16568,2012-05-17,0.38,LT,5,19.95
1843692313,31,91,9110,102114020,19950,2012-05-19,1.75,LT,1,11.99
1843692313,31,91,9127,108068686,2832,2012-05-30,1.75,LT,1,23.99
1843692313,31,64,6401,108248888,1555,2012-06-24,144,OZ,1,13.99
1843692313,31,91,9110,108567686,16568,2012-07-19,0.2,LT,1,2.49
1843692313,31,4,421,104000040,17287,2012-07-26,2.07,OZ,1,1.09
1843692313,31,91,9109,108200080,16696,2012-09-22,0.75,LT,2,31.98
1843692313,31,36,3618,104900040,23359,2012-10-14,67.6,OZ,1,1.79
1843692313,31,64,6409,101235414,10486,2013-01-13,1.5,LT,2,25.98
1843692313,31,91,9110,102114020,19950,2013-01-13,1.75,LT,1,11.99
1843692313,31,91,9110,108567686,16568,2013-02-23,0.38,LT,1,3.99
1843692313,31,81,8101,101100010,14745,2013-03-03,1,CT,2,10.3
1843692313,31,36,3604,107800070,2829,2013-03-10,33.8,OZ,1,1.69
1843692313,31,64,6409,108847484,41670,2013-03-28,0.75,LT,2,19.98
1843692313,31,91,9109,1061776868,17801,2013-04-01,1.75,LT,1,22.99
1843692313,31,64,6401,101820010,12358,2013-04-22,64,OZ,3,10.5
1843692313,31,64,6401,101820010,2510,2013-04-25,288,OZ,1,19.99
1843734846,16,63,6315,1075480777,610,2012-10-22,128,OZ,1,4.09
1843734846,16,63,6314,102100020,2321,2012-12-24,16,OZ,1,3.49
1843734846,16,17,1704,107062575,23583,2013-02-25,32,OZ,1,2.49
1843755375,85,36,3611,104900040,4599,2012-10-03,405.6,OZ,1,3.99
1843758784,21,56,5609,104119040,16347,2012-03-26,16,OZ,1,1.99
1843758784,21,9,918,105565353,4580,2012-08-10,8.8,OZ,1,2.99
1843758784,21,63,6315,104119040,16347,2012-08-30,32,OZ,1,1.39
1843758806,21,63,6332,104850040,61745,2012-08-23,59,OZ,1,2.99
1843758852,21,63,6312,102500020,11749,2012-09-03,59,OZ,2,3.98
1843758852,21,9,903,102100020,85727,2012-09-17,6,OZ,1,3.29
1843758852,21,9,917,107373171,11786,2013-02-02,20,OZ,1,2.29
1843758852,21,45,4517,1070463979,2468,2013-06-15,32,OZ,1,11.99
1843759114,21,63,6315,104119040,16347,2012-04-13,128,OZ,1,2.89
1843759114,21,5,501,103800030,11732,2013-03-08,70,OZ,1,7.99
1843759114,21,99,9904,103338333,33170,2013-04-18,64,OZ,1,2.99
1843759551,21,63,6315,104119040,16347,2012-08-04,128,OZ,1,2.69
1843759551,21,99,9908,103338333,33170,2013-02-03,16,OZ,1,1.49
1843759553,21,4,416,104000040,16765,2012-10-13,3.29,OZ,1,1.49
1843759574,21,29,2928,104100040,9814,2013-03-11,5.8,OZ,1,1.25
1843759888,21,9,907,104500040,20016,2012-10-10,20,OZ,1,1.99
1843760017,21,59,5902,104119040,16347,2012-03-19,16,OZ,1,2.5
1843760037,21,2,201,1064420969,5345,2013-01-19,16.5,OZ,1,1.49
1843760037,21,58,5826,104119040,16347,2013-02-09,12,OZ,1,2.49
1843760037,21,63,6315,104119040,16347,2013-04-07,32,OZ,1,1.39
1843760047,21,24,2406,101700010,7962,2013-03-12,12,OZ,1,1.39
1843760375,21,8,814,102840020,18584,2012-09-26,15.5,OZ,1,3
1843760375,21,5,516,101600010,12426,2013-01-03,7.1,OZ,1,3.69
1843760542,21,5,501,1088491282,8459,2012-04-17,13,OZ,1,2.99
1843760542,21,51,5125,102580020,16668,2012-04-30,9.5,OZ,1,2.5
1843760542,21,72,7205,103500030,3830,2012-05-29,6,OZ,1,2.79
1843760591,21,35,3509,103700030,6947,2012-05-15,100,OZ,1,11.99
1843760591,21,99,9908,103338333,33170,2012-07-02,8,OZ,1,1.99
1843760591,21,41,4108,104119040,16347,2012-07-08,15,OZ,2,1.36
1843760713,21,19,1908,104800141,16564,2012-12-22,16.3,OZ,1,3.19
1843760914,21,25,2509,104119040,16347,2012-05-16,32,OZ,1,2.49
1843760914,21,63,6305,104119040,16347,2012-11-02,64,OZ,1,2.5
1843761040,21,53,5307,107056070,14005,2012-12-23,10,OZ,2,2.98
1843761330,21,56,5620,104119040,16347,2012-08-11,8,OZ,1,1.77
1843761330,21,9,901,104400040,13243,2012-09-13,15.25,OZ,1,2.99
1843761387,21,58,5827,104119040,16347,2012-08-03,16,OZ,1,2.89
1843761387,21,29,2905,103027131,5112,2013-02-01,15,OZ,1,0.99
1843761387,21,45,4512,107274575,13804,2013-04-12,28,OZ,2,19.98
1843761420,21,12,1206,108660080,2559,2012-12-01,5,OZ,3,4.5
1843761420,21,57,5704,107047070,20230,2013-01-12,6,OZ,3,2.97
1843761492,21,60,6012,101800010,14029,2012-03-30,12.4,OZ,1,2.27
1843761492,21,9,910,105929050,3034,2012-12-24,6.5,OZ,2,7.78
1843763377,21,28,2805,104119040,16347,2012-11-15,7,OZ,1,2.49
1843765039,21,22,2201,104460040,3718,2012-10-16,24,OZ,1,1.19
1843765160,21,9,922,101099515,58362,2013-04-03,10,OZ,1,3.99
1843765261,21,63,6321,102540020,1008,2012-06-29,7,OZ,1,1.5
1843765261,21,29,2914,104119040,16347,2012-10-05,7.25,OZ,2,1.5
1843765895,21,9,907,104119040,7221,2013-04-11,16,OZ,1,1.99
1843765931,21,99,9908,1060580666,7655,2012-05-28,80,OZ,1,3.99
1843766052,21,8,818,105100050,14403,2012-03-30,23.75,OZ,1,2.49
1843766052,21,99,9908,104119040,16347,2013-01-12,10,OZ,1,1.99
1843766077,21,17,1704,104460040,18389,2013-02-16,32,OZ,1,4.49
1843766077,21,4,411,1079042979,22943,2013-03-04,12,OZ,1,2.99
1843766235,21,10,1013,104119040,16347,2012-04-09,18,OZ,1,1.79
1843766235,21,58,5811,1085827484,2217,2012-07-15,16,OZ,1,12.99
1843766235,21,8,837,107241272,8376,2012-12-30,16,OZ,1,2.99
1843766980,21,97,9753,1020000525,0,2012-05-12,1,CT,4,24.57
1843767134,21,33,3303,104178040,19154,2012-09-24,3.5,OZ,3,2.97
1843767667,21,97,9753,10000,0,2012-04-16,1,CT,1,0.94
1843767667,21,13,1305,103000030,14760,2013-01-05,24,OZ,1,1.89
1843767667,21,0,0,10000,0,2013-02-04,0,,2,10.46
1843767686,21,36,3618,104900040,23359,2012-05-19,144,OZ,1,4.61
1843767686,21,2,202,101600010,1756,2012-10-05,19.9,OZ,1,2.24
1843767700,21,37,3709,107066272,12673,2012-08-06,36,OZ,1,2.19
1843771245,240,9,907,1083584181,6283,2012-11-24,16,OZ,1,2.99
1843771245,240,63,6315,104410040,8481,2013-01-10,64,OZ,1,3.49
1843771245,240,34,3406,101700010,3764,2013-01-27,12,OZ,1,2.99
1843771245,240,97,9753,1085078989,0,2013-02-14,1,CT,1,1.99
1843771245,240,73,7308,1031254636,7853,2013-04-04,30,CT,2,4.38
1843771295,240,33,3307,104116343,28254,2012-04-20,16,OZ,1,8.99
1843771295,240,58,5831,107274575,13804,2012-07-02,24,OZ,1,8.49
1843771382,240,26,2628,104130343,38922,2012-09-17,1,RL,1,1.33
1843772218,240,63,6315,104410040,8481,2012-05-22,32,OZ,1,1.79
1843773712,240,9,914,107343575,9705,2012-09-04,4.4,OZ,1,1
1843773712,240,21,2119,107618373,16756,2012-09-08,96,OZ,2,7.98
1843773712,240,27,2707,105000050,6775,2012-12-26,1.01,LB,1,2.13
1843773712,240,51,5126,101380010,27474,2013-01-05,12,OZ,1,2.99
1843773712,240,9,918,101410010,13791,2013-02-23,6,OZ,1,3.69
1843774886,240,36,3618,104900040,23359,2012-04-22,67.6,OZ,1,1.99
1843775146,240,7,709,102550020,6550,2012-10-24,3.81,OZ,1,6.99
1843775850,240,26,2630,104116343,8435,2012-05-05,144,CT,2,2.58
1843776307,240,36,3618,104900040,23359,2012-12-28,101.4,OZ,2,7.58
1843777880,240,58,5827,104470040,13310,2012-09-17,16,OZ,1,7.49
1843778045,240,31,3101,105210050,11382,2012-12-19,0.65,OZ,1,3.68
1843782752,240,53,5307,101450010,20864,2012-03-05,12,OZ,2,3.98
1843782780,240,26,2609,104130343,38922,2012-11-17,45,CT,1,2
1843784112,240,29,2903,106414464,3342,2012-04-20,15,OZ,4,4
1843784112,240,96,9609,1053450050,88199,2012-08-10,0,,1,-1
1843784112,240,58,5812,105450050,1322,2012-11-02,16,OZ,1,4.69
1843784457,240,36,3629,101200010,23360,2012-03-02,144,OZ,3,14.31
1843784457,240,53,5307,104567444,16284,2012-05-04,32,OZ,1,2.5
1843785481,240,26,2617,104116343,8435,2012-10-04,1,CT,1,3.89
1843786170,240,21,2106,104113040,28204,2012-05-25,128,OZ,1,1.5
1843786170,240,36,3625,101200010,13794,2012-08-12,67.6,OZ,1,1.5
1843786241,240,97,9753,105783656,0,2012-04-27,1,CT,1,3.99
1843799757,240,27,2701,102310020,13705,2012-09-13,13.2,OZ,4,3.8
1843799932,240,63,6320,104567444,16284,2012-06-15,12,CT,1,1.59
1843799932,240,5,501,103800030,17050,2013-01-13,11.2,OZ,1,1.88
1843799932,240,97,9753,1076163575,0,2013-01-23,1,CT,2,5
1843800083,240,9,901,104400040,3453,2013-01-01,13,OZ,1,2.99
1843800180,240,33,3307,102900020,14112,2013-02-06,10.3,OZ,1,3.99
1843800200,240,9,918,101410010,13791,2012-08-30,8.6,OZ,2,6.98
1843800200,240,63,6320,104567444,16284,2012-10-05,6,CT,1,1.19
1843800701,240,4,418,103400030,8247,2012-08-06,9.3,OZ,1,3.99
1843801245,240,26,2619,104116343,8435,2012-09-04,20,CT,1,5.79
1843801245,240,28,2805,104567444,16284,2012-11-03,7,OZ,1,1
1843801245,240,28,2805,107299979,98643,2012-11-20,6.5,OZ,1,1.99
1843801684,240,27,2705,107910070,85,2012-03-02,22,OZ,6,8.95
1843801684,240,19,1908,102900020,14112,2012-09-16,12,OZ,2,7.98
1843802271,240,9,907,104567444,16284,2012-07-11,24,OZ,2,5.98
1843803006,240,38,3801,104920040,5098,2012-11-01,5,LB,0,-0.5
1843804431,240,4,418,103400030,15113,2013-02-17,7.2,OZ,1,2.99
1843804431,240,33,3305,1085413787,20148,2013-03-03,16,OZ,1,4.97
1843804663,240,8,811,1060923161,2257,2012-04-22,24,OZ,1,3.99
1843805126,240,32,3202,104130343,38922,2012-12-18,24,OZ,2,5
1843805568,240,99,9909,107127979,6732,2013-03-16,5.5,OZ,2,1.98
1843807381,240,36,3611,107572070,14196,2012-10-06,405.6,OZ,1,4.77
1843807381,240,97,9744,107015878,9892,2012-11-27,0.14,OZ,1,3.99
1843807381,240,4,417,103400030,15113,2012-12-21,2.4,OZ,1,1.5
1843826897,240,26,2629,104116343,13584,2012-10-29,18,CT,2,1.98
1843826897,240,5,517,103800030,69260,2013-03-03,10.4,OZ,1,3.35
1843826961,240,9,912,104567444,16284,2012-04-07,22,OZ,1,2.79
1843829716,240,30,3010,104133545,43106,2012-08-31,16,OZ,1,0
1843829716,240,5,501,103800030,17050,2013-01-04,13.6,OZ,1,2.5
1843830934,240,33,3303,102840020,10241,2013-04-04,9.5,OZ,1,0
1843835174,101,0,0,10000,20405,2012-05-17,0,,1,-0.69
1843835174,101,9,907,107341070,888,2012-05-30,16,OZ,1,3.69
1843835199,101,69,6901,107940070,4696,2012-12-20,2.7,OZ,2,7.99
1843835199,101,33,3318,102840020,15441,2012-12-20,10,OZ,1,3.29
1843835199,101,74,7405,1084105888,15983,2012-12-20,4,CT,1,10.79
1843835199,101,96,9609,1053485656,88199,2013-01-31,0,,1,-1
1843835199,101,26,2633,105400050,16048,2013-03-29,6,RL,1,5.49
1843835434,101,95,9518,1061029060,7848,2013-01-14,1,CT,1,3.99
1843842338,101,5,502,107912676,17470,2012-05-04,0.5,OZ,5,2.95
1843842338,101,18,1813,102120020,16044,2012-05-04,1,RL,1,3.29
1843842338,101,55,5552,102073525,18893,2012-07-24,48,OZ,1,1.99
1843842338,101,37,3705,103574232,8081,2013-01-29,15,OZ,2,5.98
1843843309,77,45,4509,107078474,18552,2012-07-16,16,OZ,3,26.97
1843843309,77,56,5617,102100020,9886,2012-08-30,10.7,OZ,2,4.99
1843843309,77,7,707,104300040,11339,2013-03-30,30.6,OZ,4,27.96
1843843309,77,18,1828,102340020,15181,2013-06-29,7.5,OZ,3,3.38
1843865371,64,9,907,1072543979,40679,2012-10-16,12,OZ,1,1.27
1843866675,64,20,2002,105100050,27873,2012-12-24,33,OZ,1,3.79
1843899282,68,99,9908,103338333,33170,2012-09-07,16,OZ,2,3.39
1843901481,165,96,9609,1051450050,88199,2012-03-10,0,,1,-1
1843901481,165,10,1011,102400020,4704,2012-04-20,7,OZ,4,4
1843901481,165,55,5552,107203676,7953,2012-04-28,48,OZ,2,5.94
1843901481,165,96,9609,1054610050,88199,2012-07-06,0,,2,-1.1
1843901481,165,99,9908,103338333,33170,2012-10-20,16,OZ,1,1.99
1843901481,165,33,3309,102840020,18584,2013-03-24,13,OZ,5,15
1843901481,165,56,5620,107203676,7953,2013-04-20,8,OZ,3,4.33
1843915248,58,19,1905,101111010,9907,2012-09-18,15.5,OZ,1,2.19
1843915248,58,9,902,102410020,44209,2013-02-06,13.7,OZ,2,4.98
1843915248,58,25,2506,104410040,8481,2013-04-02,16,OZ,2,1.98
1843916595,89,72,7205,103700030,4294,2013-03-28,6.4,OZ,1,2.09
1843917224,89,96,9609,1054132252,88199,2013-01-29,0,,1,-1
1843918018,58,7,707,104300040,11339,2012-06-13,33,OZ,1,7.99
1843918018,58,9,907,107371171,34753,2012-07-20,16,OZ,1,2.29
1843918018,58,63,6399,107590070,2073,2012-09-13,20,OZ,1,3.27
1843918018,58,26,2609,104200040,5016,2013-02-20,20,CT,2,5
1843930147,12,41,4120,101111010,9907,2012-12-08,6,OZ,1,0.79
1843936468,2,33,3310,101111010,28083,2012-06-15,16,OZ,1,1.99
1843936468,2,33,3305,102840020,5141,2012-07-12,11.5,OZ,1,2.49
1843936509,2,56,5620,101111010,14907,2013-01-28,8,OZ,1,1.99
1843950186,191,53,5307,101111010,6678,2012-12-30,12,OZ,1,1.59
1843950186,191,41,4107,107083777,22240,2013-03-24,6.5,OZ,1,1.93
1843955350,83,36,3628,101200010,12029,2012-05-15,144,OZ,1,4
1843955350,83,0,0,10000,0,2012-06-08,0,,-2,-12.6
1843955350,83,63,6315,101111010,9907,2012-06-12,128,OZ,1,2.49
1843955350,83,9,902,108136383,12592,2013-01-05,7.2,OZ,1,3.19
1843955350,83,26,2622,101111010,9907,2013-04-06,100,CT,1,2.99
1843957202,143,0,0,10000,0,2012-06-20,0,,1,0
1843958117,143,75,7503,1079285070,2593,2012-11-19,0.15,OZ,2,5.98
1843959291,211,9,902,101111010,9907,2012-03-06,16,OZ,1,0.91
1843959291,211,9,907,101111010,9907,2012-10-14,20,OZ,4,4
1843965313,89,56,5619,102100020,19279,2012-04-12,16,OZ,1,4.49
1843965886,89,9,904,107020070,11244,2012-10-27,5,OZ,1,1.5
1843965886,89,22,2210,103700030,5174,2013-04-27,41,OZ,1,4.99
1843969809,58,63,6305,102500020,11749,2013-02-18,59,OZ,1,2.49
1843981899,98,8,814,104600040,13023,2012-06-24,15,OZ,1,3.39
1843981899,98,36,3611,101111010,9907,2012-06-24,540.8,OZ,1,3.89
1843981899,98,72,7208,103500030,3830,2012-09-16,1,CT,1,2.69
1843981899,98,56,5621,101111010,9907,2013-01-06,8,OZ,1,2.5
1844004414,63,73,7344,104126040,9907,2012-06-23,42,CT,1,16.99
1844004414,63,55,5552,104154848,5603,2012-08-27,48,OZ,1,2.99
1844050576,96,40,4004,101115616,18190,2012-04-07,4.87,OZ,1,3.69
1844050576,96,18,1828,103700030,6236,2012-07-05,0.36,OZ,1,5.99
1844050576,96,96,9609,1057332151,88199,2012-08-11,0,,1,-0.5
1844050576,96,9,901,103010030,6852,2013-05-18,11.5,OZ,1,2.79
1844065557,214,5,502,104122040,20514,2012-04-09,32.4,OZ,1,5.98
1844065557,214,36,3611,102259222,13400,2012-06-19,405.6,OZ,2,7.96
1844065557,214,41,4105,102700020,8612,2013-01-03,14.5,OZ,1,0.88
1844073662,214,64,6401,101820010,12358,2012-12-29,24,OZ,2,2.56
1844087498,214,4,418,103400030,8247,2012-10-30,19.8,OZ,1,4.68
1844088345,214,57,5710,1089470080,21065,2012-03-29,32,OZ,1,4.98
1844088345,214,36,3611,102259222,13400,2012-06-08,405.6,OZ,1,3.98
1844093229,214,27,2712,104122040,20514,2012-05-04,80,OZ,1,4.98
1844093229,214,36,3611,102259222,13400,2013-01-04,96,OZ,1,2
1844096448,214,51,5131,104227242,648,2012-05-25,10,OZ,2,6.76
1844096448,214,97,9753,1020481626,0,2012-10-26,1,CT,1,2.32
1844117534,214,96,9609,1054508454,88199,2012-04-21,0,,1,-1
1844117730,214,7,707,102550020,6550,2013-04-04,10.8,OZ,1,3.68
1844136232,214,96,9609,1053980050,88199,2012-03-20,0,,1,-2
1844136232,214,56,5607,102100020,13967,2012-06-25,8,OZ,1,2.34
1844140448,214,41,4107,103710030,10383,2013-04-07,15,OZ,3,1.6
1844141898,214,63,6320,1071514171,25530,2012-12-17,12,CT,1,2.48
1844141898,214,18,1841,103700030,17864,2013-01-28,32,CT,2,15.94
1844145886,214,92,9208,104319444,16067,2012-06-24,3,CT,1,2.99
1844161011,206,21,2119,1061300868,867,2013-03-02,138,OZ,1,4.48
1844161011,206,5,517,103800030,69260,2013-03-17,10.4,OZ,1,3.71
1844186431,46,99,9909,101284212,29220,2012-06-07,10,OZ,1,1.99
1844221859,46,56,5620,102100020,9886,2012-12-19,8,OZ,2,4
1844223318,46,3,304,105210050,11382,2013-02-21,2,OZ,1,5.29
1844316634,46,5,516,104300040,14112,2012-03-31,8.1,OZ,2,5.5
1844316634,46,51,5128,107142979,20299,2012-08-05,10.5,OZ,3,6
1844322612,46,64,6401,107031070,26445,2012-04-28,180,OZ,1,9.99
1844322612,46,15,1506,108610181,7627,2012-10-15,32,OZ,1,7.99
1844339104,46,58,5823,104470040,13310,2012-06-11,16,OZ,1,5.29
1844411761,15,29,2914,102100020,9886,2012-03-27,7.25,OZ,2,2.19
1844411761,15,56,5616,102113020,10786,2013-03-06,6,OZ,1,3.49
1844448551,4,51,5125,101380010,10271,2012-09-14,12,OZ,1,3.99
1844458787,4,8,821,104139040,9659,2013-04-02,10,OZ,1,2.69
1844476537,18,38,3801,101580010,2649,2013-02-10,4,LB,1,4.59
1845154686,42,57,5704,104667545,20216,2012-03-11,16,OZ,1,2.89
1845154686,42,99,9909,107127979,6732,2012-04-22,6.5,OZ,1,3.79
1845154686,42,5,520,103997838,2082,2012-09-27,24,OZ,1,4.29
1845154933,42,21,2105,105200050,7054,2012-09-25,160,OZ,1,6.99
1845154933,42,95,9518,106700868,25075,2012-11-30,1,CT,2,1.98
1845154933,42,33,3318,104149747,19710,2012-12-12,14,OZ,2,4
1845154933,42,21,2105,105200050,7054,2013-02-21,160,OZ,2,14.98
1845154933,42,14,1411,107458474,10383,2013-05-25,20,OZ,1,1.59
1845155271,42,3,311,105150050,14029,2012-03-22,15.6,OZ,1,1.99
1845156031,42,63,6315,104149747,19710,2012-03-08,64,OZ,1,1.86
1845156180,42,32,3202,105150050,4307,2012-09-29,48,OZ,2,9.98
1845156572,42,40,4005,107073474,25373,2012-09-06,1.2,OZ,1,5.29
1845156572,42,99,9908,103338333,33170,2013-03-16,16,OZ,1,2.49
1845157079,42,33,3319,102840020,5141,2012-03-10,11.5,OZ,1,3.99
1845157079,42,57,5710,1089470080,21065,2012-03-10,5.3,OZ,12,15.48
1845157079,42,51,5132,103620030,52004,2012-10-15,12,OZ,1,6.79
1845157278,42,51,5121,104369545,10274,2012-03-09,9,OZ,2,5.38
1845158951,42,8,814,103760030,25412,2013-01-24,16,OZ,1,2.59
1845160205,42,41,4107,104149747,19710,2012-05-06,15,OZ,3,2.97
1845160205,42,33,3303,104166444,7179,2012-12-23,10,OZ,1,3.79
1845161061,42,41,4105,104149747,19710,2013-04-22,14.5,OZ,2,2.38
1845164193,42,35,3509,102420020,14716,2012-10-20,150,OZ,1,10.29
1845164193,42,26,2619,101258717,7245,2012-11-03,34,CT,1,7.49
1845164193,42,44,4404,107045979,12587,2013-02-13,11.25,OZ,1,3.19
1845165333,42,41,4110,102880020,7907,2012-05-04,28,OZ,3,5.97
1845781506,85,34,3499,107962575,2105,2012-03-14,1,CT,1,1.19
1845781506,85,51,5125,101380010,10271,2012-12-10,9,OZ,1,2.5
1845782603,21,37,3708,104119040,16347,2012-10-17,2,OZ,1,0.89
1845782603,21,18,1890,107830070,14142,2012-11-15,1,CT,2,4.58
1845782795,21,45,4508,104440040,7504,2012-03-31,11.4,OZ,1,3.49
1845782795,21,11,1110,108201181,12197,2012-10-05,6.5,OZ,1,3.19
1845782795,21,11,1102,104119040,16347,2013-02-21,200,CT,1,3.49
1845782952,21,99,9908,103338333,33170,2012-04-14,6,OZ,1,0.66
1845782952,21,55,5556,102983929,6763,2012-05-12,48,OZ,1,3.09
1845782978,21,63,6314,102100020,9886,2012-06-04,16,OZ,1,1.66
1845783249,21,9,913,104812141,18322,2012-08-28,12,OZ,1,3.99
1845783392,21,21,2119,107618373,16756,2012-10-25,192,OZ,2,13.98
1845783619,21,99,9908,104119040,16347,2012-04-16,16,OZ,1,1.67
1845783761,21,37,3711,105100050,2820,2012-04-29,15.4,OZ,3,5.97
1845783761,21,56,5620,104610040,15889,2012-10-07,5,OZ,2,6.58
1845783851,21,51,5123,107057575,60780,2012-03-04,26,OZ,2,6.19
1845784192,21,99,9908,103338333,33170,2013-04-09,48,OZ,1,2.49
1845784192,21,56,5615,104119040,16347,2013-05-24,8,OZ,1,1.99
1845784412,21,3,311,101600010,1756,2012-03-11,12,OZ,1,1.99
1845784412,21,8,814,107764474,15853,2012-04-14,16,OZ,2,3.98
1845784731,21,99,9909,107143070,5072,2012-09-28,9,OZ,1,1.67
1845784731,21,53,5307,101450010,20864,2013-02-24,16,OZ,1,2.5
1845784956,21,2,214,101600010,1910,2013-02-12,5.1,OZ,1,1.67
1845785354,21,5,501,103000030,58434,2012-06-03,14,OZ,1,2.39
1845785354,21,26,2620,104200040,5016,2012-12-15,10,CT,1,2.69
1845785392,21,63,6315,104119040,16347,2012-04-05,128,OZ,1,2.49
1845785392,21,36,3618,104900040,23359,2013-02-09,240,OZ,1,5.99
1845785392,21,58,5813,102730020,5898,2013-04-13,16,OZ,2,3
1845785392,21,9,907,104119040,16347,2013-05-19,20,OZ,1,2.09
1845785392,21,26,2620,101370010,8154,2013-06-18,18,CT,1,2.79
1845785603,21,5,501,103800030,758,2012-06-17,8.7,OZ,1,3.39
1845785603,21,29,2921,101600010,1756,2013-01-15,4.7,OZ,2,3.98
1845785603,21,41,4107,102400020,4704,2013-02-05,14.5,OZ,1,1.19
1845785618,21,51,5134,104280040,18599,2012-08-02,19.8,OZ,2,7.98
1845785618,21,58,5837,107187171,13310,2013-01-06,11.5,OZ,1,3.49
1845785618,21,58,5814,104470040,10837,2013-06-16,4.4,OZ,1,1.99
1845788999,21,37,3708,104100040,10522,2013-01-27,2.4,OZ,1,1.69
1845789139,21,23,2301,1085501989,2237,2012-06-12,16,OZ,1,0.89
1845789800,240,7,708,1088133484,5357,2012-06-23,12,OZ,1,8.99
1845790587,240,51,5119,102370020,78850,2013-01-26,26,OZ,1,9.99
1845791362,240,14,1411,103890030,5072,2013-03-19,20,OZ,3,3
1845791505,240,21,2106,103120030,12957,2012-05-26,101.4,OZ,1,4.99
1845791505,240,53,5307,101450010,20864,2012-08-27,19,OZ,1,2.99
1845793998,240,9,914,107091676,9494,2013-02-17,14,OZ,1,2.99
1845797282,240,11,1102,104130343,38922,2012-10-13,200,CT,1,2.69
1845798064,240,58,5811,102301222,27492,2012-03-02,4,OZ,1,4.29
1845798064,240,36,3635,101657111,17037,2012-09-05,17,OZ,10,10
1845799202,240,99,9909,107127979,6732,2012-10-28,12,OZ,1,1.5
1845803871,8,36,3632,107800070,4354,2012-09-24,12,OZ,7,3.5
1845815289,240,25,2509,104567444,16284,2012-09-15,64,OZ,1,4.49
1845815289,240,41,4110,104780040,33381,2013-01-18,16,OZ,1,1.69
1845817494,240,28,2806,10930090,12157,2012-12-02,32,OZ,1,1.99
1845817494,240,36,3618,104900040,23359,2013-01-18,144,OZ,2,3.98
1845855882,26,51,5115,107218070,15035,2012-07-15,21.77,OZ,1,2.49
1845855882,26,5,516,101600010,6283,2013-02-02,5.85,OZ,1,2.49
1845858704,143,56,5615,101111010,9907,2013-03-12,16,OZ,1,3.34
1845858704,143,6,601,107092070,17882,2013-03-26,6,OZ,1,2.5
1845859955,143,28,2804,101111010,9907,2012-11-14,4,OZ,1,1.59
1845862569,58,20,2002,105100050,27873,2012-04-05,46,OZ,1,3.89
1845862569,58,9,907,105040050,95440,2012-09-18,12,OZ,1,1.99
1845862569,58,9,920,103010030,9530,2012-10-11,11,OZ,1,1.67
1845862569,58,56,5607,102100020,13967,2012-10-18,8,OZ,1,2.18
1845862569,58,32,3203,106414464,13474,2013-01-07,8,OZ,1,4.39
1845863414,211,51,5131,104227242,648,2012-04-11,6,OZ,2,4.88
1845863414,211,14,1410,103900030,10383,2012-04-24,15,OZ,1,2.15
1845863414,211,18,1829,107600171,25341,2013-02-11,1,CT,1,1
1845866557,98,33,3305,102840020,5141,2012-10-12,11.5,OZ,1,2.5
1845866557,98,8,830,103915636,100216,2012-11-05,10,OZ,2,2.58
1845868532,89,36,3618,104900040,23359,2012-06-14,20,OZ,2,3.18
1845868532,89,51,5131,101862717,9496,2012-10-12,9,OZ,1,3.09
1845868532,89,62,6202,101111010,9907,2013-03-10,20,OZ,2,13.58
1845892013,2,28,2801,101111010,9907,2012-10-21,32,OZ,1,3.49
1845892794,140,51,5121,104369545,8522,2012-12-17,9,OZ,5,10
1845896104,2,8,821,104139040,9659,2012-06-23,10,OZ,1,3.49
1845903961,58,51,5128,1071785474,11614,2012-09-29,8.5,OZ,1,0.88
1845903961,58,23,2301,107680878,1393,2013-01-22,16,OZ,1,1
1845916311,166,36,3635,101657111,17037,2012-11-18,17,OZ,5,5
1845927797,96,11,1102,1072277676,17117,2012-04-04,1,CT,1,5.69
1845927797,96,96,9609,1055400050,88199,2013-01-28,0,,1,-1
1845929338,96,64,6408,108130888,12926,2012-08-24,0.75,LT,1,3.29
1845929338,96,21,2111,1075379272,12769,2012-09-28,64,OZ,1,2.12
1845971302,214,99,9904,103338333,33170,2013-01-02,32,OZ,1,2.98
1845971302,214,56,5615,104122040,23511,2013-01-24,16,OZ,1,4.23
1845971302,214,92,9204,1073150979,9732,2013-02-21,27,CT,1,5.97
1845971302,214,63,6305,102500020,16489,2013-05-13,89,OZ,1,5.28
1845979411,214,99,9908,104122040,23511,2012-05-27,16,OZ,1,7.97
1845979411,214,71,7113,1074387777,15093,2012-07-15,10.1,OZ,1,14.99
1845979411,214,63,6316,104122040,23511,2012-12-16,8,OZ,2,1.54
1845979411,214,33,3307,101030010,5740,2013-02-18,4.41,OZ,1,2.68
1845983720,206,53,5307,107056070,14005,2012-06-09,12,OZ,2,4
1845983720,206,29,2907,104600040,13023,2012-12-20,6.89,OZ,1,2.68
1845985164,206,2,202,101600010,1756,2012-11-19,17.5,OZ,1,2.38
1845985164,206,54,5403,107790070,9200,2013-05-05,13.6,OZ,1,5.98
1846003952,46,97,9716,104125040,11473,2012-07-08,32,OZ,1,2.69
1846036400,46,18,1829,104650040,7249,2012-04-20,1,CT,2,5.98
1846036400,46,56,5611,107144878,469,2012-07-15,6.5,OZ,1,4.49
1846063657,46,9,901,104400040,13243,2012-08-18,11.3,OZ,1,2.5
1846066945,46,26,2609,1072652878,7848,2013-04-07,8,CT,2,4.78
1846123039,18,56,5614,102113020,10786,2012-10-27,1,OZ,6,1.98
1846123039,18,36,3626,101200010,16391,2013-03-17,67.6,OZ,1,2.19
1846143927,360,7,709,109955595,7661,2012-07-23,3.9,OZ,1,8
1846143927,360,99,9904,1078035373,53977,2013-04-08,16,OZ,1,3.99
1846144676,360,79,7902,1065637161,47708,2012-05-23,1,CT,1,1.25
1846144676,360,9,922,104173545,14456,2013-03-30,26,OZ,1,7.99
1846441631,233,99,9908,103338333,33170,2013-02-17,80,OZ,1,1
1846441631,233,56,5607,104130343,38922,2013-04-07,8,OZ,1,1.25
1846448553,42,58,5828,103100030,1358,2012-03-27,6.4,OZ,2,3.58
1846448553,42,45,4510,101120010,19675,2012-04-30,20,OZ,1,5.99
1846448553,42,51,5116,107192171,25673,2012-10-01,26.4,OZ,1,8.19
1846448553,42,63,6316,104149747,19710,2012-10-15,8,OZ,1,1.19
1846448553,42,59,5906,103450030,10165,2012-10-26,15,OZ,1,2.39
1846448553,42,29,2914,102100020,9886,2012-11-20,14,OZ,2,5.58
1846448553,42,9,907,107341070,2437,2013-02-07,24,OZ,1,4.69
1846448644,42,5,517,103800030,69260,2012-11-20,10.4,OZ,1,3.49
1846451367,42,18,1898,104149747,19710,2012-09-23,4,CT,1,3.49
1846452823,42,59,5902,101570010,9542,2013-03-04,16,OZ,1,4.39
1846452874,42,33,3321,107332171,17710,2012-06-01,13,OZ,1,2.99
1846452974,42,9,907,107167373,17480,2012-07-13,22,OZ,1,3.69
1846452974,42,33,3303,103304939,11221,2013-03-09,8.5,OZ,1,3.99
1846452974,42,72,7208,1030004131,26880,2013-04-13,1,CT,1,3.99
1846527083,293,9,922,104500040,8511,2012-03-15,17,OZ,1,4.29
1846527083,293,14,1415,103890030,5072,2012-06-22,15,OZ,1,1.34
1846529160,285,29,2907,104150141,13296,2013-01-31,4.9,OZ,1,2.19
1846529160,285,57,5704,101115010,15530,2013-04-05,6,OZ,4,4.36
1846722338,24,63,6315,1071754474,17653,2012-06-15,64,OZ,1,2.29
1846781377,16,7,708,103263131,5683,2012-03-04,9,OZ,1,2.49
1846781377,16,51,5126,104164646,3173,2012-03-09,14,OZ,1,6.99
1846781377,16,36,3630,107800070,23561,2012-07-14,67.6,OZ,1,1.89
1846781377,16,63,6315,1075480777,610,2012-12-02,128,OZ,1,4.49
1846790619,21,33,3318,104178040,19154,2012-07-15,16,OZ,1,3.29
1846790619,21,33,3318,104178040,19154,2012-10-26,16,OZ,1,3.29
1846790652,21,9,917,104119040,16347,2012-04-01,22.5,OZ,1,1.99
1846790652,21,9,907,107101070,15998,2012-12-06,22,OZ,1,3.59
1846790934,21,54,5401,103800030,5618,2013-01-21,29.6,OZ,1,5.29
1846791014,21,43,4302,104119040,16347,2012-04-14,13,OZ,1,3.59
1846791095,21,8,826,104150040,6667,2012-09-08,12,OZ,1,2.49
1846791201,21,99,9908,104119040,16347,2012-10-16,10,OZ,1,2
1846791201,21,63,6320,104119040,16347,2012-11-17,12,CT,1,2.99
