3388820702,214,74,7404,101204414,13056,2012-11-15,4,OZ,1,3.97
3388820702,214,92,9211,1065649767,50610,2012-11-15,0.24,OZ,1,5
3388820702,214,3,311,105150050,14029,2012-11-16,13.5,OZ,2,5.56
3388820702,214,92,9211,107124979,21913,2012-11-16,0.23,OZ,2,11.68
3388820702,214,9,913,107347272,6562,2012-11-16,16,OZ,2,8.28
3388820702,214,37,3703,105100050,2820,2012-11-16,26,OZ,21,41.58
3388820702,214,26,2620,1072652878,7848,2012-11-16,1,CT,25,21.59
3388820702,214,35,3509,103320030,875,2012-11-16,75,OZ,3,14.82
3388820702,214,4,418,103400030,9739,2012-11-16,10.78,OZ,1,3.24
3388820702,214,23,2301,104122040,20514,2012-11-16,5,OZ,2,0.54
3388820702,214,21,2117,108768484,2903,2012-11-16,180,OZ,2,11.96
3388820702,214,17,1721,1088644989,5779,2012-11-16,12.5,OZ,1,2.97
3388820702,214,20,2002,105100050,27873,2012-11-16,33,OZ,5,14.85
3388820702,214,18,1831,104150545,33170,2012-11-16,1,CT,1,1.47
3388820702,214,97,9799,101117919,19084,2012-11-16,8,CT,3,5.07
3388820702,214,23,2310,104122040,20514,2012-11-17,25,OZ,3,7.74
3388820702,214,5,516,101862717,9496,2012-11-17,6.7,OZ,1,2.98
3388820702,214,55,5567,107064070,19704,2012-11-17,24,OZ,5,19.75
3388820702,214,97,9716,107733676,2030,2012-11-17,8,OZ,1,2.93
3388820702,214,97,9744,105242757,7501,2012-11-17,0.22,OZ,1,3.68
3388820702,214,33,3315,102840020,21452,2012-11-17,1.88,OZ,10,5
3388820702,214,2,213,104122040,20514,2012-11-17,23.5,OZ,1,2.58
3388820702,214,75,7501,104589343,17521,2012-11-17,18,OZ,2,5.58
3388820702,214,51,5117,104280040,18599,2012-11-17,9.8,OZ,19,23.75
3388820702,214,45,4508,104132242,16106,2012-11-17,9,OZ,1,3.74
3388820702,214,3,302,102800020,30272,2012-11-18,8,OZ,5,11.8
3388820702,214,28,2806,107015272,1712,2012-11-18,32,OZ,2,4.44
3388820702,214,33,3305,102840020,18584,2012-11-18,13,OZ,7,20.86
3388820702,214,29,2906,1085428585,16475,2012-11-18,2.5,OZ,1,1.89
3388820702,214,19,1905,104180040,19713,2012-11-18,32,OZ,2,3.36
3388820702,214,58,5823,107740070,2500,2012-11-18,2,OZ,2,1.48
3388820702,214,97,9753,1020413323,0,2012-11-18,1,CT,1,1.64
3388820702,214,27,2709,102310020,18139,2012-11-19,2.47,OZ,1,1.5
3388820702,214,63,6312,107146474,2142,2012-11-19,52,OZ,1,4.99
3388820702,214,1,105,107007474,16452,2012-11-20,48,OZ,1,11.48
3388820702,214,4,410,104137646,6663,2012-11-20,7.05,OZ,1,3
3388820702,214,97,9727,10888888,92065,2012-11-20,1,CT,1,39.99
3388820702,214,10,1006,104122040,23511,2012-11-20,10,OZ,31,56.36
3388820702,214,3,309,104300040,1292,2012-11-21,14,OZ,12,23.76
3388820702,214,64,6409,108427989,37490,2012-11-21,0.75,LT,2,15.96
3388820702,214,41,4107,103710030,10383,2012-11-21,29,OZ,7,9.03
3388820702,214,9,917,104856444,7755,2012-11-21,22.5,OZ,1,1.98
3388820702,214,6,610,1061126969,15041,2012-11-21,20,OZ,3,13.47
3388820702,214,5,501,101600010,6283,2012-11-21,14.25,OZ,3,10.08
3388820702,214,5,501,103800030,11732,2012-11-21,15.5,OZ,1,2.58
3388820702,214,97,9799,1073776575,33170,2012-11-21,1,CT,1,6.98
3388820702,214,24,2401,103760030,4979,2012-11-21,20,OZ,1,2.08
3388820702,214,21,2114,101480010,15014,2012-11-21,15,OZ,4,7.87
3388820702,214,18,1827,104650040,7249,2012-11-21,0.43,OZ,1,2.98
3388820702,214,33,3303,102840020,10241,2012-11-21,2.88,OZ,1,1.49
3388820702,214,47,4706,1088403888,9073,2012-11-22,8,OZ,2,4.94
3388820702,214,96,9609,1052800050,88199,2012-11-22,0,,1,-2.5
3388820702,214,9,970,103800030,62065,2012-11-22,21,OZ,1,2.85
3388820702,214,40,4005,107231070,1841,2012-11-23,0.91,OZ,1,2.18
3388820702,214,97,9707,1069690161,84677,2012-11-23,1,CT,1,1.97
3388820702,214,36,3627,104900040,23363,2012-11-24,144,OZ,1,4.27
3388820702,214,33,3303,102068525,2892,2012-11-24,7,OZ,1,2.68
3388820702,214,97,9707,1069690161,84677,2012-11-24,1,CT,6,11.82
3388820702,214,9,902,104400040,18775,2012-11-24,8,OZ,2,5
3388820702,214,9,908,104500040,8511,2012-11-24,11.25,OZ,1,2
3388820702,214,9,901,104400040,18112,2012-11-25,8,OZ,1,1.98
3388820702,214,67,6708,1063287868,3967,2012-11-25,1,CT,1,8.4
3388820702,214,73,7340,1030004535,8755,2012-11-25,8,OZ,1,7.98
3388820702,214,60,6010,104122040,20514,2012-11-25,12,OZ,21,20.79
3388820702,214,18,1802,104613545,17898,2012-11-25,4,CT,8,18.7
3388820702,214,92,9210,10810080,4197,2012-11-25,1,OZ,2,13.38
3388820702,214,75,7501,107989676,14785,2012-11-26,32,OZ,1,1.97
3388820702,214,73,7308,1067811262,3468,2012-11-26,6,OZ,1,5.47
3388820702,214,31,3108,102460020,11990,2012-11-26,14,OZ,1,1.87
3388820702,214,58,5814,104470040,10837,2012-11-26,3.4,OZ,12,17.18
3388820702,214,55,5552,107189979,2010,2012-11-27,16,OZ,27,42.66
3388820702,214,27,2712,104122040,23511,2012-11-27,64,OZ,2,4.54
3388820702,214,58,5837,104222242,26234,2012-11-27,12,OZ,1,2.22
3388820702,214,41,4110,103940030,71386,2012-11-27,8.3,OZ,1,0.88
3388820702,214,9,913,107313070,13291,2012-11-28,14,OZ,1,2.5
3388820702,214,58,5832,1064220565,23259,2012-11-28,12,OZ,1,3.99
3388820702,214,9,917,104122040,23511,2012-11-29,42,OZ,2,3.56
3388820702,214,58,5823,104470040,13310,2012-11-29,20,OZ,1,5.48
3388820702,214,59,5905,102900020,6455,2012-11-30,16,OZ,1,1.78
3388820702,214,58,5824,1065648868,26125,2012-11-30,14,OZ,1,2.98
3388820702,214,5,501,103800030,4086,2012-11-30,18,OZ,1,2.64
3388820702,214,9,901,1070897171,10653,2012-12-03,19,OZ,1,7.95
3388820702,214,9,908,1077098171,94010,2012-12-03,11.25,OZ,1,3.75
3388820702,214,99,9908,103338333,33170,2012-12-06,32,OZ,1,2.48
3388820702,214,58,5823,105190050,26456,2012-12-07,10,OZ,2,7.96
3388820702,214,32,3202,1076172070,11358,2012-12-07,40,OZ,1,3.98
3388820702,214,4,411,104137646,6663,2012-12-08,0.7,OZ,1,0.25
3388820702,214,5,501,101600010,3396,2012-12-11,14,OZ,1,2.28
3388820702,214,92,9208,1076180979,19651,2012-12-13,1,CT,1,4.59
3388820702,214,9,901,104400040,8463,2012-12-13,13,OZ,1,3.98
3388820702,214,9,917,107432373,1866,2012-12-15,14,OZ,1,0.98
3388820702,214,56,5620,104122040,23511,2012-12-15,8,OZ,1,2.48
3388820702,214,5,501,107507070,107269,2012-12-17,24,OZ,1,4.5
3388820702,214,58,5823,104470040,13310,2012-12-18,16,OZ,1,4.98
3388820702,214,5,501,103800030,14900,2012-12-20,18.2,OZ,1,2.74
3388820702,214,37,3703,105100050,2820,2012-12-22,26,OZ,1,1.98
3388820702,214,9,922,107225070,2011,2012-12-26,12,OZ,1,2.59
3388820702,214,64,6401,101820010,2510,2012-12-30,144,OZ,1,13.85
3388820702,214,8,826,101121010,17930,2013-01-01,2,OZ,2,2.68
3388820702,214,41,4120,102700020,8612,2013-01-02,6,OZ,2,1.12
3388820702,214,12,1205,108000080,17292,2013-01-03,2.6,OZ,1,1.24
3388820702,214,1,105,107007474,16452,2013-01-03,12.4,OZ,8,126.94
3388820702,214,6,605,107146474,2142,2013-01-05,15.2,OZ,1,2.84
3388820702,214,63,6312,102500020,11749,2013-01-06,59,OZ,1,1.58
3388820702,214,75,7533,104122040,23511,2013-01-06,2,CT,1,6.82
3388820702,214,45,4509,1061730767,59558,2013-01-06,32,OZ,0,0
3388820702,214,60,6012,101800010,14029,2013-01-06,7.3,OZ,2,3.36
3388820702,214,8,805,102013828,25839,2013-01-07,15.75,OZ,19,72.77
3388820702,214,21,2105,104900040,14357,2013-01-07,72,OZ,3,7.44
3388820702,214,41,4107,104122040,20514,2013-01-07,15.5,OZ,3,1.51
3388820702,214,29,2907,1075670272,3295,2013-01-07,14,OZ,1,2.38
3388820702,214,32,3203,105150050,4307,2013-01-07,6,OZ,5,4.95
3388820702,214,97,9748,104122040,23511,2013-01-07,12,CT,3,2.94
3388820702,214,10,1011,103345636,66730,2013-01-07,24,OZ,7,12.18
3388820702,214,58,5827,104122040,20514,2013-01-07,12,OZ,42,104.59
3388820702,214,33,3304,102840020,15670,2013-01-09,9.25,OZ,3,6.84
3388820702,214,33,3302,104122040,20514,2013-01-09,19.8,OZ,4,7.52
3388820702,214,26,2622,104122040,23511,2013-01-09,25,CT,1,2.48
3388820702,214,57,5704,105215959,41981,2013-01-10,6,OZ,2,1.76
3388820702,214,36,3630,107800070,5208,2013-01-10,60,OZ,1,2.97
3388820702,214,21,2103,107166171,25903,2013-01-12,128,OZ,1,6.64
3388820702,214,99,9904,10505037252,3457,2013-01-14,1,CT,2,3.98
3388820702,214,23,2301,104122040,20449,2013-01-14,16,OZ,1,1.39
3388820702,214,26,2619,104122040,23511,2013-01-14,22,CT,2,5.16
3388820702,214,21,2113,107630171,755,2013-01-14,16.92,OZ,1,1.44
3388820702,214,58,5823,104470040,13310,2013-01-14,20,OZ,2,9.94
3388820702,214,35,3504,103500030,330,2013-01-14,52,OZ,16,43.84
3388820702,214,58,5824,107013373,2042,2013-01-14,14,OZ,2,4.74
3388820702,214,58,5814,104470040,10837,2013-01-14,10.7,OZ,8,18.97
3388820702,214,64,6410,1083305080,21750,2013-01-14,23.5,OZ,1,2.35
3388820702,214,54,5403,107790070,9200,2013-01-15,16,OZ,2,11.94
3388820702,214,6,601,105000050,12547,2013-01-15,4.23,OZ,1,2.99
3388820702,214,36,3603,102402424,25633,2013-01-15,128,OZ,1,1.85
3388820702,214,18,1890,1087801080,1468,2013-01-16,1,CT,1,1
3388820702,214,97,9753,1022033525,0,2013-01-16,1,CT,1,1.09
3388820702,214,18,1828,102340020,15181,2013-01-16,7.5,OZ,2,1.66
3388820702,214,97,9753,1020406727,0,2013-01-16,1,CT,1,0.92
3388820702,214,51,5115,107218070,18520,2013-01-17,7.04,OZ,2,1.96
3388820702,214,64,6401,108857383,16320,2013-01-20,144,OZ,1,11.97
3388820702,214,41,4105,106414464,70939,2013-01-20,10,OZ,2,1.86
3388820702,214,9,913,107225070,12465,2013-01-25,12,OZ,1,1.98
3388820702,214,29,2914,104122040,23511,2013-01-25,12,OZ,2,3.36
3388820702,214,99,9908,104122040,23511,2013-01-26,80,OZ,1,3.38
3388820702,214,7,707,104122040,20514,2013-01-26,13,OZ,2,5.56
3388820702,214,10,1011,102400020,4704,2013-01-28,6.5,OZ,2,2.5
3388820702,214,33,3321,10531858,12590,2013-01-28,21,OZ,2,3.96
3388820702,214,3,302,104122040,20514,2013-01-29,24,OZ,1,3.99
3388820702,214,29,2925,104122040,20514,2013-01-29,16,OZ,2,1.3
3388820702,214,63,6315,101400010,2199,2013-01-29,32,OZ,1,1.95
3388820702,214,9,907,107341070,13291,2013-01-29,12,OZ,1,2.48
3388820702,214,51,5121,104369545,8522,2013-01-30,9,OZ,2,4.36
3388820702,214,73,7326,1061309868,20255,2013-01-31,200,CT,1,28.99
3388820702,214,9,901,107107272,382,2013-01-31,14,OZ,1,3.99
3388820702,214,95,9518,107000070,27680,2013-01-31,1,CT,1,2
3388820702,214,5,501,103800030,6796,2013-02-01,14.7,OZ,1,2.74
3388820702,214,63,6323,104122040,23511,2013-02-03,32,OZ,1,1.58
3388820702,214,8,818,104122040,20514,2013-02-04,26,OZ,7,7.56
3388820702,214,58,5814,102781525,885,2013-02-04,10.53,OZ,1,2
3388820702,214,9,908,1070174474,34633,2013-02-05,22,OZ,1,5.5
3388820702,214,38,3801,104122040,23511,2013-02-05,4,LB,2,4.96
3388820702,214,30,3001,102100020,11761,2013-02-05,30,OZ,1,3.88
3388820702,214,21,2103,104122040,20514,2013-02-06,128,OZ,1,0.99
3388820702,214,27,2702,101780010,30972,2013-02-07,3.5,LB,1,5.22
3388820702,214,51,5123,107057575,60780,2013-02-07,28,OZ,1,2.78
3388820702,214,29,2928,105480050,19039,2013-02-07,6,OZ,1,1
3388820702,214,29,2923,101600010,17539,2013-02-08,7.5,OZ,1,1.68
3388820702,214,20,2002,105100050,2820,2013-02-08,33,OZ,1,2.5
3388820702,214,63,6315,104122040,23511,2013-02-09,128,OZ,1,3.58
3388820702,214,28,2805,107365171,11166,2013-02-10,7,OZ,1,4.32
3388820702,214,56,5617,104122040,20514,2013-02-13,16,OZ,1,2.68
3388820702,214,51,5125,107265575,8089,2013-02-14,8.5,OZ,1,1.64
3388820702,214,56,5617,104122040,23511,2013-02-15,12,OZ,1,2.48
3388820702,214,9,902,104400040,15335,2013-02-16,14.2,OZ,2,5
3388820702,214,60,6010,104122040,20514,2013-02-16,12,OZ,1,0.99
3388820702,214,73,7302,1032586636,384,2013-02-17,50,CT,1,6.47
3388820702,214,99,9908,103784232,6762,2013-02-19,3,OZ,1,1.77
3388820702,214,99,9908,103338333,33170,2013-02-20,80,OZ,9,23.03
3388820702,214,63,6315,104122040,23511,2013-02-20,128,OZ,11,39.58
3388820702,214,97,9753,1020408323,0,2013-02-20,1,CT,2,2.38
3388820702,214,92,9211,102270020,4197,2013-02-21,0.16,OZ,1,6.94
3388820702,214,2,213,105150050,14029,2013-02-24,16,OZ,1,1.96
3388820702,214,7,702,102800020,18041,2013-02-25,7,OZ,1,8.92
3388820702,214,27,2713,104122040,20514,2013-02-28,63.6,OZ,1,5.68
3388820702,214,9,907,101410010,13791,2013-03-03,14.5,OZ,2,5.78
3388820702,214,27,2706,105000050,6132,2013-03-05,3,OZ,4,2.16
3388820702,214,26,2628,103700030,2248,2013-03-05,1,RL,2,1.94
3388820702,214,9,970,103800030,62065,2013-03-06,22,OZ,1,2.89
3388820702,214,4,411,104223848,7932,2013-03-06,7.2,OZ,1,2.75
3388820702,214,10,1012,102700020,23332,2013-03-08,13,OZ,8,8
3388820702,214,45,4508,104440040,7504,2013-03-11,11.4,OZ,1,3.48
3388820702,214,1,106,101500010,7142,2013-03-11,4,OZ,12,7.8
3388820702,214,31,3101,107175878,2139,2013-03-11,6,OZ,1,1.5
3388820702,214,9,917,1070396575,18365,2013-03-11,27.5,OZ,2,3.36
3388820702,214,99,9904,103338333,33170,2013-03-12,48,OZ,6,21.75
3388820702,214,49,4901,101312010,26885,2013-03-16,32,OZ,1,2.42
3388820702,214,27,2704,104122040,20514,2013-03-16,10,CT,1,5.37
3388820702,214,29,2923,104100040,9814,2013-03-17,4.4,OZ,1,0.98
3388820702,214,12,1202,107049070,70660,2013-03-18,6,OZ,1,1.88
3388820702,214,99,9904,104122040,23511,2013-03-18,16,OZ,1,9.98
3388820702,214,9,901,104400040,3453,2013-03-19,16.8,OZ,2,9.36
3388820702,214,37,3709,107066272,12673,2013-03-19,3.28,OZ,3,2.67
3388820702,214,30,3002,102100020,11761,2013-03-19,30,OZ,1,3.48
3388820702,214,30,3001,104800141,8178,2013-03-20,15,OZ,1,2.98
3388820702,214,10,1012,102700020,23332,2013-03-22,13,OZ,1,1
3388820702,214,36,3611,102113626,107125,2013-03-22,20,OZ,1,0.75
3388820702,214,59,5902,107273272,64137,2013-03-23,16,OZ,2,5.96
3388820702,214,5,502,101600010,101199,2013-03-23,5.4,OZ,1,2
3388820779,214,60,6007,1066559666,8750,2012-08-28,8,OZ,1,2.25
3388820779,214,4,416,104000040,26517,2012-12-13,1.63,OZ,1,0.59
3388820779,214,63,6315,104122040,20514,2012-12-17,128,OZ,1,3.18
3388821785,214,9,917,104122040,23511,2012-07-27,34,OZ,1,1.78
3388821809,214,54,5403,107790070,9200,2012-04-15,7,OZ,1,2
3388821809,214,58,5837,104122040,23511,2012-11-07,2.1,OZ,2,5.36
3388821809,214,55,5552,104122040,82828,2013-04-06,16,OZ,1,1.34
3388822242,214,40,4005,105210050,11382,2012-03-03,1.06,OZ,1,2.04
3388822242,214,33,3303,104122040,23511,2012-03-03,1.75,OZ,1,0.5
3388822242,214,91,9122,1068474666,77516,2012-03-06,12,OZ,1,1.79
3388822242,214,73,7302,1030057333,250,2012-03-08,80,CT,1,8.38
3388822242,214,99,9904,103338333,33170,2012-03-09,6,OZ,1,2.98
3388822242,214,9,901,101862717,9496,2012-03-12,8.5,OZ,1,2.88
3388822242,214,4,418,102800020,1214,2012-03-14,5.2,OZ,1,1
3388822242,214,25,2509,104122040,23511,2012-03-15,16,OZ,2,1.94
3388822242,214,58,5823,107740070,2500,2012-03-16,2,OZ,1,0.74
3388822242,214,34,3405,101111111,2966,2012-03-17,8,OZ,1,2.32
3388822242,214,49,4903,1083418383,385,2012-03-17,20,OZ,1,2.98
3388822242,214,63,6305,104122040,20514,2012-03-18,128,OZ,1,3.18
3388822242,214,8,818,104122040,23511,2012-03-19,24,OZ,1,1.89
3388822242,214,35,3509,101101313,72932,2012-03-19,50,OZ,1,7.47
3388822242,214,21,2106,103120030,12957,2012-03-20,64,OZ,1,2.68
3388822242,214,23,2301,104122040,67639,2012-03-22,7,OZ,4,1.34
3388822242,214,56,5610,107015777,18691,2012-03-22,4.25,OZ,2,5.56
3388822242,214,4,417,103400030,9739,2012-03-23,3,OZ,2,2
3388822242,214,25,2504,104122040,20514,2012-03-23,12,OZ,4,2.96
3388822242,214,97,9799,109122191,13311,2012-03-25,1,CT,1,0.97
3388822242,214,19,1904,107218878,2582,2012-03-25,24,OZ,1,5.98
3388822242,214,33,3305,1075752878,1381,2012-03-27,9.9,OZ,2,3.96
3388822242,214,92,9215,107124979,21913,2012-03-27,0.5,OZ,1,12.27
3388822242,214,59,5907,102740020,16291,2012-03-28,24,OZ,1,2.39
3388822242,214,28,2805,104122040,20514,2012-03-28,4.25,OZ,6,5.88
3388822242,214,56,5617,105300050,2199,2012-03-28,12,OZ,1,2.68
3388822242,214,7,707,1075478575,11190,2012-03-29,40,OZ,1,16.99
3388822242,214,31,3101,1071826272,49572,2012-03-29,8,OZ,1,3.99
3388822242,214,59,5902,104122040,23511,2012-03-30,16,OZ,2,3.76
3388822242,214,51,5125,1071785474,11614,2012-04-01,8,OZ,1,0.92
3388822242,214,33,3310,1085283484,56597,2012-04-02,6,OZ,2,6.56
3388822242,214,51,5117,104280040,18599,2012-04-02,10.2,OZ,3,3.75
3388822242,214,58,5824,101590010,1366,2012-04-03,40,OZ,1,3.99
3388822242,214,71,7107,107124979,21913,2012-04-04,1,CT,1,7.97
3388822242,214,9,922,102430020,10577,2012-04-05,25.2,OZ,2,6
3388822242,214,4,405,1060069969,55864,2012-04-06,10,OZ,2,2.16
3388822242,214,20,2035,101480010,3611,2012-04-06,32,OZ,1,2.78
3388822242,214,22,2211,103700030,2246,2012-04-07,70,CT,1,4.17
3388822242,214,51,5124,107960676,18410,2012-04-11,4,OZ,6,2
3388822242,214,36,3612,102259222,13400,2012-04-12,128,OZ,1,1
3388822242,214,10,1004,104300040,26232,2012-04-12,1,OZ,4,3.12
3388822242,214,56,5617,104122040,20514,2012-04-14,16,OZ,1,2.78
3388822242,214,36,3633,107279676,8670,2012-04-14,72,OZ,1,3.27
3388822242,214,44,4405,105100050,13791,2012-04-14,12.5,OZ,1,2.52
3388822242,214,36,3603,104300040,26420,2012-04-14,384,OZ,1,2.33
3388822242,214,18,1827,103700030,6236,2012-04-14,9.7,OZ,1,2.66
3388822242,214,36,3618,104900040,23359,2012-04-15,240,OZ,1,5.97
3388822242,214,21,2117,104300040,26420,2012-04-17,60,OZ,2,3.56
3388822242,214,21,2118,107618373,16756,2012-04-18,16,OZ,1,0.79
3388822242,214,9,908,107087070,12106,2012-04-18,11.25,OZ,1,2.24
3388822242,214,9,902,101410010,45039,2012-04-21,6.6,OZ,2,3.96
3388822242,214,41,4107,102000020,7655,2012-04-21,14.75,OZ,2,1.72
3388822242,214,82,8201,104122040,23511,2012-04-22,1,CT,1,10.88
3388822242,214,19,1905,104180040,19713,2012-04-23,22,OZ,1,1.97
3388822242,214,9,922,101600010,6283,2012-04-24,5.34,OZ,3,7.5
3388822242,214,5,501,103800030,17050,2012-04-25,13.4,OZ,2,5.68
3388822242,214,4,410,102308727,56029,2012-04-25,3.5,OZ,2,2.5
3388822242,214,99,9904,1066529060,52314,2012-04-26,16,OZ,4,7.52
3388822242,214,36,3611,104900040,4599,2012-04-26,20,OZ,3,4.17
3388822242,214,36,3626,104122040,20514,2012-04-26,72,OZ,2,2.5
3388822242,214,79,7901,107148676,19354,2012-04-26,1,CT,1,7.99
3388822242,214,4,421,107339070,23682,2012-04-27,2,OZ,1,0.78
3388822242,214,81,8101,101230010,2803,2012-04-27,1,CT,6,32.88
3388822242,214,99,9908,103338333,33170,2012-05-01,16,OZ,12,15.88
3388822242,214,58,5824,102687525,9721,2012-05-02,12,OZ,1,2.48
3388822242,214,9,901,104400040,13243,2012-05-03,3,OZ,1,1.15
3388822242,214,25,2508,101405414,12973,2012-05-04,12,OZ,1,2.5
3388822242,214,33,3313,102840020,6777,2012-05-05,9,OZ,1,2.28
3388822242,214,33,3303,102068525,2892,2012-05-08,2.25,OZ,1,0.99
3388822242,214,26,2614,103700030,514,2012-05-11,28,CT,1,5.97
3388822242,214,51,5126,102113121,11151,2012-05-12,13,OZ,2,5
3388822242,214,3,302,104300040,1292,2012-05-13,8,OZ,1,2.32
3388822242,214,73,7304,101650010,25043,2012-05-14,20,CT,1,5.28
3388822242,214,33,3305,102840020,18584,2012-05-14,13,OZ,1,2.98
3388822242,214,4,419,104326848,14782,2012-05-14,6.6,OZ,1,1.11
3388822242,214,8,814,104122040,20514,2012-05-16,16,OZ,1,1.68
3388822242,214,97,9744,105113555,16044,2012-05-18,0.28,OZ,2,4.34
3388822242,214,56,5616,104122040,23511,2012-05-20,12,OZ,2,5.36
3388822242,214,10,1013,103890030,5072,2012-05-22,16,OZ,1,2.09
3388822242,214,6,610,104900040,6869,2012-05-22,16,OZ,1,2.17
3388822242,214,63,6318,107738777,11064,2012-05-23,17,OZ,1,2
3388822242,214,47,4701,104122040,20514,2012-05-24,12,OZ,1,1.12
3388822242,214,18,1831,104150545,15107,2012-05-25,1,CT,8,12.76
3388822242,214,56,5615,104122040,23511,2012-05-29,8,OZ,1,-0.24
3388822242,214,51,5131,104227242,648,2012-05-29,9.5,OZ,1,3.38
3388822242,214,99,9904,103338333,33170,2012-05-30,48,OZ,2,6.46
3388822242,214,60,6012,101800010,14029,2012-06-02,13,OZ,1,1.98
3388822242,214,30,3009,104100040,19975,2012-06-03,8,OZ,2,2
3388822242,214,58,5833,104122040,23511,2012-06-03,80,OZ,3,41.94
3388822242,214,69,6904,104116747,7354,2012-06-04,4,OZ,1,3.95
3388822242,214,16,1604,102200020,20100,2012-06-05,15,CT,1,1.32
3388822242,214,4,416,104000040,16765,2012-06-06,2.07,OZ,1,0.79
3388822242,214,6,610,1089100888,8640,2012-06-12,15.5,OZ,2,3
3388822242,214,17,1709,101920010,10882,2012-06-12,48,OZ,1,3.76
3388822242,214,29,2923,104100040,9814,2012-06-12,4.3,OZ,6,5.88
3388822242,214,36,3626,104900040,17186,2012-06-12,67.6,OZ,6,10.02
3388822242,214,12,1205,108000080,17292,2012-06-12,20,OZ,2,6.03
3388822242,214,45,4517,104122040,23511,2012-06-13,32,OZ,1,11.97
3388822242,214,5,502,101600010,101199,2012-06-15,5.4,OZ,4,7.52
3388822242,214,21,2114,104122040,20514,2012-06-16,32,OZ,2,3.76
3388822242,214,56,5613,102100020,9886,2012-06-16,8,OZ,1,2.48
3388822242,214,96,9609,1057007454,88199,2012-06-16,0,,1,-3
3388822242,214,36,3618,101200010,23361,2012-06-16,101.4,OZ,1,2.75
3388822242,214,7,707,102550020,6550,2012-06-16,33.9,OZ,2,17.94
3388822242,214,63,6311,101405414,12973,2012-06-16,64,OZ,1,8.97
3388822242,214,63,6314,104122040,23511,2012-06-16,8,OZ,2,1.54
3388822242,214,9,901,102780020,12006,2012-06-17,13.25,OZ,1,2.78
3388822242,214,44,4401,103210030,15878,2012-06-17,17,OZ,1,3.9
3388822242,214,8,803,104122040,20514,2012-06-17,16,OZ,4,3.2
3388822242,214,55,5567,1078978575,16558,2012-06-18,15.9,OZ,1,3.97
3388822242,214,36,3632,1081351383,51739,2012-06-18,6.76,OZ,21,5.25
3388822242,214,30,3001,104800141,8178,2012-06-18,15,OZ,1,2.98
3388822242,214,35,3504,103700030,4628,2012-06-20,38,OZ,1,3.97
3388822242,214,5,516,103800030,24525,2012-06-20,12.6,OZ,1,4.5
3388822242,214,36,3618,101200010,23361,2012-06-20,101.4,OZ,1,2.75
3388822242,214,9,902,104122040,20514,2012-06-21,14.5,OZ,1,1.58
3388822242,214,97,9753,1022003727,0,2012-06-22,1,CT,10,20.19
3388822242,214,58,5814,104660040,885,2012-06-23,2.6,OZ,8,7.76
3388822242,214,4,418,102800020,2631,2012-06-23,5.2,OZ,2,1.76
3388822242,214,4,427,10980090,18366,2012-06-24,1,OZ,2,1.78
3388822242,214,99,9904,103338333,33170,2012-06-24,48,OZ,1,5.97
3388822242,214,32,3202,104122040,20514,2012-06-25,48,OZ,3,9
3388822242,214,29,2925,101340010,231,2012-06-25,32,OZ,1,1.79
3388822242,214,10,1010,104122040,23511,2012-06-26,22,OZ,1,1.48
3388822242,214,17,1706,104122040,20514,2012-06-26,32,OZ,-1,0.97
3388822242,214,5,501,104240040,40317,2012-06-26,42,OZ,3,17.91
3388822242,214,27,2704,109498393,30154,2012-06-27,30,CT,1,3.67
3388822242,214,5,501,104240040,40317,2012-06-28,16.5,OZ,1,3.39
3388822242,214,36,3611,106827464,30855,2012-06-29,405.6,OZ,4,13.92
3388822242,214,79,7903,108995585,7300,2012-06-30,1,CT,1,3.99
3388822242,214,40,4001,107239272,20113,2012-07-01,384,OZ,1,1.99
3388822242,214,4,418,103400030,45489,2012-07-01,11,OZ,3,8.64
3388822242,214,9,917,104856444,7755,2012-07-01,27.5,OZ,14,27.72
3388822242,214,97,9748,107283878,14030,2012-07-02,2,CT,1,2.78
3388822242,214,0,0,10000,0,2012-07-03,0,,167,4164.35
3388822242,214,33,3305,102840020,18584,2012-07-03,10,OZ,3,8.94
3388822242,214,64,6401,108066080,4098,2012-07-04,42,OZ,2,11.98
3388822242,214,9,917,104856444,7755,2012-07-04,73.28,OZ,2,6.16
3388822242,214,71,7113,1080921989,19814,2012-07-04,15,OZ,5,3.95
3388822242,214,67,6704,1073528272,12187,2012-07-05,1,CT,1,2
3388822242,214,37,3709,104178949,11224,2012-07-06,18,OZ,3,2.97
3388822242,214,59,5906,104060040,26155,2012-07-06,16,OZ,1,2.47
3388822242,214,9,921,104500040,8511,2012-07-06,3,OZ,1,1
3388822242,214,33,3308,102840020,3336,2012-07-06,2.38,OZ,1,1.09
3388822242,214,58,5824,104122040,20514,2012-07-06,12,OZ,2,2
3388822242,214,72,7205,103500030,3830,2012-07-07,6,OZ,2,5.35
3388822242,214,33,3315,104122040,23511,2012-07-08,6,OZ,1,1.69
3388822242,214,72,7205,103500030,3830,2012-07-09,6.4,OZ,4,7.52
3388822242,214,36,3632,109047898,16386,2012-07-09,50.7,OZ,1,0.97
3388822242,214,3,302,102800020,30272,2012-07-10,12,OZ,3,5.37
3388822242,214,33,3304,102840020,6777,2012-07-10,4.63,OZ,1,1.49
3388822242,214,29,2923,104100040,9814,2012-07-11,4.7,OZ,1,0.98
3388822242,214,58,5824,102781525,5557,2012-07-11,14,OZ,7,16.72
3388822242,214,4,421,107339070,23682,2012-07-11,2,OZ,4,2
3388822242,214,73,7311,109484191,16453,2012-07-12,0.33,OZ,1,6.52
3388822242,214,3,303,107089676,19921,2012-07-12,3.5,OZ,1,3.14
3388822242,214,6,605,1074892777,24851,2012-07-12,80,OZ,1,52.99
3388822242,214,34,3405,101111111,2966,2012-07-12,24,OZ,4,19.88
3388822242,214,51,5117,104280040,18599,2012-07-12,9.8,OZ,6,7.5
3388822242,214,4,410,102800020,20031,2012-07-12,34,OZ,1,9.98
3388822242,214,97,9753,1020406525,0,2012-07-13,1,CT,1,1.36
3388822242,214,26,2631,103600030,4139,2012-07-13,42,CT,1,1.97
3388822242,214,37,3709,104178949,11224,2012-07-15,2.25,OZ,27,7.58
3388822242,214,4,416,103400030,9739,2012-07-15,1.5,OZ,2,1.58
3388822242,214,8,814,107287878,8228,2012-07-16,7,OZ,4,2.96
3388822242,214,5,501,103800030,17050,2012-07-16,13.4,OZ,1,2.84
3388822242,214,8,818,103620030,14868,2012-07-16,24,OZ,6,10.08
3388822242,214,9,907,104122040,23511,2012-07-16,12,OZ,7,11.76
3388822242,214,2,213,107248676,9190,2012-07-18,8.5,OZ,1,0.49
3388822242,214,58,5813,104122040,20514,2012-07-19,12,OZ,9,9
3388822242,214,57,5710,108819484,2433,2012-07-19,6,OZ,2,1.6
3388822242,214,41,4107,102400020,4704,2012-07-21,29,OZ,2,2.84
3388822242,214,27,2701,104122040,20514,2012-07-21,22,OZ,2,2
3388822242,214,29,2928,105480050,19039,2012-07-21,8.8,OZ,6,10.74
3388822242,214,3,311,105150050,14029,2012-07-21,16,OZ,2,2.88
3388822242,214,73,7302,1030057333,250,2012-07-21,20,CT,2,9.33
3388822242,214,57,5705,107047070,20230,2012-07-21,24,OZ,1,1.92
3388822242,214,73,7307,104122040,23511,2012-07-22,10,CT,1,4.64
3388822242,214,64,6401,101820010,12358,2012-07-23,96,OZ,1,4.99
3388822242,214,36,3611,101200010,803,2012-07-23,20,OZ,1,1.59
3388822242,214,63,6325,103760030,63690,2012-07-25,21,OZ,1,3.48
3388822242,214,99,9904,103338333,33170,2012-07-25,64,OZ,1,3.68
3388822242,214,58,5824,1065648868,26125,2012-07-25,14,OZ,1,3.17
3388822242,214,9,907,101410010,13791,2012-07-25,24,OZ,1,2.98
3388822242,214,36,3625,104900040,3809,2012-07-25,144,OZ,1,3.97
3388822242,214,33,3312,107492373,57468,2012-07-27,1.75,OZ,3,2.04
3388822242,214,55,5566,107239272,35637,2012-07-27,10,OZ,2,1.76
3388822242,214,31,3101,104122040,20514,2012-07-27,2,OZ,1,0.98
3388822242,214,4,411,1079070,81850,2012-07-28,3.5,OZ,1,0.98
3388822242,214,51,5115,107218070,18520,2012-07-28,15.85,OZ,1,1.97
3388822242,214,35,3504,103500030,13470,2012-07-28,25,OZ,3,7.92
3388822242,214,19,1905,108870282,2167,2012-07-28,13,OZ,1,3.95
3388822242,214,56,5617,102100020,9886,2012-07-29,12,OZ,7,20.16
3388822242,214,58,5823,105190050,26456,2012-07-29,10,OZ,1,3.98
3388822242,214,30,3010,104122040,20514,2012-07-29,24,OZ,1,1.98
3388822242,214,8,822,107942676,15276,2012-07-30,14,OZ,1,2.64
3388822242,214,5,516,101600010,12426,2012-07-31,8.9,OZ,2,5.12
3388822242,214,64,6410,108043282,16095,2012-07-31,44.8,OZ,1,3.48
3388822242,214,28,2805,104122040,20514,2012-07-31,10,OZ,1,1.58
3388822242,214,37,3709,104178949,11224,2012-08-01,72,OZ,1,3.98
3388822242,214,10,1011,104300040,26232,2012-08-01,21,OZ,1,2.78
3388822242,214,75,7501,104116747,7354,2012-08-01,5.5,OZ,1,5.67
3388822242,214,99,9909,107143070,5072,2012-08-01,11,OZ,2,9.76
3388822242,214,54,5403,101800010,14029,2012-08-01,11.5,OZ,1,2.16
3388822242,214,36,3632,103223939,1418,2012-08-01,50.7,OZ,1,4.95
3388822242,214,63,6312,104175545,10177,2012-08-03,14,OZ,2,2
3388822242,214,26,2622,104122040,23511,2012-08-03,100,CT,2,3.98
3388822242,214,31,3108,105210050,11382,2012-08-03,6.37,OZ,1,1.28
3388822242,214,58,5824,1074295575,105365,2012-08-04,36,OZ,1,6.39
3388822242,214,9,922,104500040,8511,2012-08-04,15.24,OZ,1,2
3388822242,214,22,2210,103700030,5174,2012-08-04,103,OZ,1,8.98
3388822242,214,41,4107,102400020,4704,2012-08-05,29,OZ,1,1.42
3388822242,214,63,6312,105020050,52045,2012-08-07,67.8,OZ,1,2.98
3388822242,214,29,2902,104122040,20514,2012-08-07,19,OZ,1,1.69
3388822242,214,64,6401,108857383,16320,2012-08-08,72,OZ,1,7.98
3388822242,214,53,5307,102000020,7655,2012-08-08,11.8,OZ,5,12.4
3388822242,214,9,907,104122040,20514,2012-08-08,26,OZ,2,3.8
3388822242,214,37,3709,104178949,11224,2012-08-09,3,OZ,12,2.04
3388822242,214,22,2210,103500030,17523,2012-08-10,56,OZ,1,2.97
3388822242,214,31,3108,104122040,20514,2012-08-12,14,OZ,1,2.98
3388822242,214,57,5710,1068954464,6086,2012-08-13,35.3,OZ,1,6.33
3388822242,214,45,4508,104440040,7504,2012-08-13,13.3,OZ,1,6.34
3388822242,214,56,5610,104122040,23511,2012-08-13,6,OZ,1,2.5
3388822242,214,2,201,104122040,20514,2012-08-14,18.25,OZ,1,0.92
3388822242,214,36,3635,104122040,20514,2012-08-15,33.8,OZ,3,1.74
3388822242,214,12,1203,104122040,20514,2012-08-15,4.25,OZ,1,0.65
3388822242,214,9,920,107641070,10160,2012-08-16,12,OZ,7,15.05
3388822242,214,60,6001,105000050,30272,2012-08-16,16.5,OZ,1,2.64
3388822242,214,32,3203,106414464,13474,2012-08-16,5,OZ,1,2.66
3388822242,214,2,214,104122040,20514,2012-08-17,32,OZ,1,1
3388822242,214,26,2630,103600030,9787,2012-08-18,82,CT,1,2.47
3388822242,214,15,1504,104114343,17593,2012-08-18,20,OZ,1,3.27
3388822242,214,26,2622,104122040,23511,2012-08-18,35,CT,2,4.78
3388822242,214,9,902,104400040,15335,2012-08-20,8.1,OZ,2,5.56
3388822242,214,9,908,107731777,17055,2012-08-22,25,OZ,1,5.98
3388822242,214,35,3504,103700030,4628,2012-08-22,24,OZ,1,2.83
3388822242,214,51,5127,105100050,8605,2012-08-22,16,OZ,1,2.22
3388822242,214,9,921,107225070,2011,2012-08-23,4,OZ,1,1
3388822242,214,41,4107,102400020,4704,2012-08-23,29,OZ,2,3.19
3388822242,214,59,5906,102700020,13564,2012-08-24,41,OZ,1,2.98
3388822242,214,36,3614,104133141,7531,2012-08-24,15,OZ,1,1.72
3388822242,214,31,3111,104122040,20514,2012-08-24,3,OZ,7,6.58
3388822242,214,13,1302,104122040,20514,2012-08-24,32,OZ,3,3.08
3388822242,214,47,4705,107535575,13044,2012-08-24,12,OZ,9,9.58
3388822242,214,97,9717,1080777383,33170,2012-08-25,1,CT,1,6.99
3388822242,214,21,2114,101480010,15014,2012-08-25,15,OZ,1,1.99
3388822242,214,58,5824,104122040,20514,2012-08-25,12,OZ,7,7
3388822242,214,9,970,103800030,62065,2012-08-26,14.7,OZ,1,1.98
3388822242,214,26,2622,102570020,20361,2012-08-27,20,CT,1,2.68
3388822242,214,58,5832,1064220565,23259,2012-08-28,12,OZ,1,3.99
3388822242,214,27,2712,104122040,20514,2012-08-28,80,OZ,1,4.98
3388822242,214,18,1828,1081484080,2363,2012-08-28,3,OZ,1,1.79
3388822242,214,79,7903,10912898,47294,2012-08-30,1,CT,1,4.99
3388822242,214,69,6901,101904515,1342,2012-08-30,3.5,OZ,1,4.34
3388822242,214,97,9753,1023861525,0,2012-08-30,1,CT,1,4.27
3388822242,214,9,907,107343575,9705,2012-08-31,12,OZ,2,6.58
3388822242,214,64,6401,107199070,4043,2012-09-01,72,OZ,1,5.85
3388822242,214,58,5811,104122040,23511,2012-09-03,10,OZ,1,1.28
3388822242,214,73,7359,107431272,12440,2012-09-04,100,CT,1,7.47
3388822242,214,96,9609,1055400050,88199,2012-09-04,0,,1,-1.4
3388822242,214,36,3636,107239272,8019,2012-09-04,135.2,OZ,3,2.96
3388822242,214,57,5710,1068954464,6086,2012-09-04,5.3,OZ,2,2.56
3388822242,214,73,7304,104122040,23511,2012-09-04,100,CT,1,3.97
3388822242,214,9,901,104122040,20514,2012-09-05,12,OZ,4,3.92
3388822242,214,21,2105,104122040,23511,2012-09-06,128,OZ,1,2.96
3388822242,214,36,3626,104122040,20514,2012-09-10,101.4,OZ,1,1.09
3388822242,214,29,2925,103520030,15256,2012-09-11,32,OZ,1,1.44
3388822242,214,37,3709,104178949,11224,2012-09-11,36,OZ,2,3.98
3388822242,214,51,5125,107265575,8089,2012-09-11,10,OZ,1,2.68
3388822242,214,28,2805,104122040,20514,2012-09-16,5.75,OZ,3,3.51
3388822242,214,46,4606,101450010,20864,2012-09-16,10,OZ,1,2.52
3388822242,214,72,7205,103320030,25445,2012-09-16,6,OZ,1,1.69
3388822242,214,21,2106,104122040,20514,2012-09-16,64,OZ,5,9.9
3388822242,214,58,5833,103477939,54807,2012-09-16,16,OZ,8,23.04
3388822242,214,38,3801,104480040,62568,2012-09-16,2,LB,3,9.48
3388822242,214,51,5125,105010050,8089,2012-09-16,10.6,OZ,1,2
3388822242,214,37,3709,104178949,11224,2012-09-17,18,OZ,2,1.98
3388822242,214,6,610,1085897484,12537,2012-09-18,12,OZ,1,1.5
3388822242,214,51,5125,105010050,8089,2012-09-20,10.6,OZ,2,4
3388822242,214,35,3506,104122040,20514,2012-09-21,75,OZ,1,2.98
3388822242,214,58,5812,107010070,55002,2012-09-22,12,OZ,1,1.98
3388822242,214,47,4705,104122040,20514,2012-09-23,12,OZ,1,0.95
3388822242,214,33,3315,102620020,4615,2012-09-24,14.5,OZ,1,1.88
3388822242,214,33,3313,102840020,6777,2012-09-25,9,OZ,1,2.28
3388822242,214,9,902,102840020,17248,2012-09-26,7.33,OZ,1,2.78
3388822242,214,51,5125,102580020,16668,2012-09-26,9.5,OZ,1,2.05
3388822242,214,6,607,1069153565,12832,2012-09-26,1.76,OZ,12,4.44
3388822242,214,33,3310,101566515,22310,2012-09-26,4,OZ,1,2.98
3388822242,214,27,2706,105000050,6132,2012-09-26,2,OZ,21,26.67
3388822242,214,63,6320,103822232,4174,2012-09-26,6,CT,2,6.27
3388822242,214,36,3601,104122040,23511,2012-09-26,144,OZ,1,2.48
3388822242,214,72,7214,101254616,18738,2012-09-30,16,CT,1,1.06
3388822242,214,36,3630,107800070,23561,2012-10-01,20,OZ,1,1.67
3388822242,214,63,6316,107342070,4529,2012-10-05,8,OZ,1,1.25
3388822242,214,58,5827,104122040,20514,2012-10-07,32,OZ,1,7.48
3388822242,214,24,2407,101700010,885,2012-10-07,30,OZ,1,2.88
3388822242,214,51,5125,101380010,10271,2012-10-08,6,OZ,2,5.36
3388822242,214,9,901,104400040,18112,2012-10-15,8,OZ,1,1.98
3388822242,214,58,5814,104470040,10837,2012-10-16,8.9,OZ,2,4.76
3388822242,214,10,1007,104300040,26232,2012-10-17,6,OZ,2,2.2
3388822242,214,56,5616,104122040,23511,2012-10-17,16,OZ,4,9.88
3388822242,214,10,1010,104122040,23511,2012-10-23,10.9,OZ,2,3.54
3388822242,214,23,2301,108939787,14840,2012-10-24,16,OZ,1,0.99
3388822242,214,73,7307,104122040,23511,2012-10-25,30,CT,1,11.77
3388822242,214,29,2925,104122040,23511,2012-10-25,32,OZ,2,2.45
3388822242,214,25,2507,1074236575,8499,2012-10-26,8,OZ,1,1
3388822242,214,63,6320,104122040,23511,2012-10-27,12,CT,1,2.25
3388822242,214,51,5126,107007777,17950,2012-10-27,14,OZ,2,4
3388822242,214,7,707,102550020,6550,2012-10-27,29.2,OZ,1,8.88
3388822242,214,21,2112,103890030,5072,2012-10-27,46,OZ,2,4.96
3388822242,214,31,3101,105210050,11382,2012-10-27,2.12,OZ,1,3.98
3388822242,214,36,3601,104900040,3809,2012-10-28,144,OZ,2,8.54
3388822242,214,4,416,102800020,4346,2012-10-28,2.7,OZ,1,0.88
3388822242,214,63,6320,104122040,23511,2012-10-29,12,CT,1,2.25
3388822242,214,45,4511,102370020,18969,2012-10-30,22,OZ,3,20.94
3388822242,214,56,5604,107456272,2682,2012-10-30,12,OZ,9,27.04
3388822242,214,58,5831,104122040,20514,2012-10-31,128,OZ,3,20.88
3388822242,214,50,5002,105100050,17812,2012-11-02,7,OZ,6,4.74
3388822242,214,26,2628,104200040,2308,2012-11-02,6,RL,1,8.47
3388822242,214,26,2620,104122040,23511,2012-11-02,51,CT,1,0.81
3388822242,214,30,3008,107110070,8280,2012-11-04,24,OZ,2,6.96
3388822242,214,36,3632,103223939,1418,2012-11-04,12,OZ,2,1
3388822242,214,36,3631,104122040,20514,2012-11-04,72,OZ,1,1.25
3388822242,214,71,7110,107940070,3662,2012-11-05,12.9,OZ,1,4.98
3388822242,214,25,2503,105000050,32115,2012-11-05,22,OZ,1,3.48
3388822242,214,63,6314,107342070,4529,2012-11-05,8,OZ,1,1.25
3388822242,214,96,9609,1053700050,88199,2012-11-06,0,,4,-4.5
3388822242,214,9,922,102430020,10577,2012-11-08,13.1,OZ,1,1.5
3388822242,214,70,7001,104122040,23511,2012-11-08,16,OZ,1,1.48
3388822242,214,34,3411,103700030,13012,2012-11-09,23.6,OZ,1,4.74
3388822242,214,55,5552,107189979,2010,2012-11-10,64,OZ,1,5.75
3388822242,214,58,5833,103477939,26663,2012-11-10,80,OZ,1,10.98
3388822242,214,36,3630,101200010,13794,2012-11-12,67.6,OZ,1,1.25
3388822242,214,9,901,1068670060,6978,2012-11-12,4,OZ,2,1.94
3388822242,214,26,2619,104122040,20514,2012-11-12,70,CT,1,2.79
3388822242,214,63,6316,107342070,4529,2012-11-12,16,OZ,1,1.98
3388822242,214,9,921,102292222,62860,2012-11-14,3.5,OZ,5,6.25
3388822242,214,3,302,104300040,1292,2012-11-14,6,OZ,1,2.32
