4640989364,153,53,5307,1068826767,81691,2012-08-26,16,OZ,2,4
4640989364,153,53,5307,1068826767,81691,2012-09-01,16,OZ,1,1.66
4640989364,153,36,3638,101200010,803,2013-01-12,101.4,OZ,1,3.49
4640989364,153,33,3301,107781777,1235,2013-02-23,8,OZ,1,3.49
4640989679,152,63,6323,104138343,10091,2012-10-27,32,OZ,1,3.29
4640989679,152,9,902,104400040,19783,2013-03-27,9.1,OZ,1,3.75
4640990405,6,63,6399,107590070,2073,2012-05-15,20,OZ,2,7.98
4640990524,152,58,5837,107187171,13310,2012-11-18,11.5,OZ,1,3.49
4640992840,153,55,5567,107064070,19704,2012-07-19,13.5,OZ,1,5.79
4640993636,152,27,2704,107910070,30096,2012-10-05,24,OZ,1,3.29
4640993636,152,92,9208,104145747,7487,2012-12-07,29,CT,1,4.39
4640994930,6,23,2301,107130070,15474,2012-06-28,12,OZ,1,1.79
4640995797,153,29,2914,1068826767,81691,2013-03-09,7.25,OZ,3,3
4640995797,153,29,2928,104100040,9814,2013-05-11,5.5,OZ,2,3
4640995797,153,9,907,1068826767,81691,2013-05-22,12,OZ,2,2.5
4640995797,153,26,2628,104200040,2308,2013-05-22,8,RL,1,8.59
4640996496,152,49,4901,101312010,26885,2012-07-01,26,OZ,1,4.29
4640998928,152,29,2906,102548424,12334,2012-05-03,16,OZ,1,2.99
4640999975,153,29,2914,101356212,713,2012-09-04,6,OZ,2,4.3
4641008494,153,41,4107,102000020,10265,2012-03-30,8.5,OZ,1,1.29
4641010317,152,21,2119,107618373,16756,2012-12-28,16,OZ,1,1.25
4641010317,152,63,6319,102066222,12598,2013-02-02,59,OZ,1,2.69
4641012479,6,57,5707,103663232,4568,2012-07-06,10.5,OZ,1,2.29
4641012479,6,30,3008,102100020,9886,2012-09-17,16,OZ,1,3.29
4641014059,153,30,3008,1068826767,81691,2012-06-17,16,OZ,1,2.19
4641014059,153,45,4516,103666939,29208,2012-12-16,32,OZ,1,7.29
4641014059,153,36,3611,1068826767,158,2013-01-05,405.6,OZ,1,3.99
4641014076,153,3,302,1068826767,81691,2013-02-10,12,OZ,1,2.45
4641014150,153,55,5557,104767747,5168,2012-06-15,8.67,OZ,1,3.99
4641016124,153,49,4901,1068826767,20616,2012-08-31,32,OZ,2,4.98
4641016124,153,24,2406,103760030,17027,2012-09-08,12,OZ,2,5.98
4641017964,152,53,5307,101450010,20864,2013-04-07,14.4,OZ,1,2.34
4641018466,152,96,9609,1051114151,88199,2012-03-17,0,,1,0
4641018466,152,21,2114,1068826767,81691,2012-05-18,32,OZ,1,2.29
4641019874,152,97,9748,104154040,26982,2012-04-16,5,CT,1,2.99
4641019874,152,4,417,103400030,8247,2012-05-26,2.1,OZ,2,3.98
4641023306,152,63,6315,1068826767,81691,2013-03-11,128,OZ,1,3.89
4641024119,153,19,1905,105150050,16728,2013-03-27,18,OZ,1,3.89
4641025255,153,36,3603,104300040,4371,2013-03-05,384,OZ,2,6.98
4641025255,153,72,7205,103500030,3830,2013-04-02,2.8,OZ,1,0.99
4641025255,153,33,3307,1068826767,81691,2013-05-16,9,OZ,1,6.99
4641025478,153,9,904,109830494,3318,2012-12-31,5,OZ,1,1.99
4641032813,6,26,2628,1068826767,20616,2012-07-16,1,RL,3,3
4641034037,152,3,311,1064420969,5345,2012-07-25,16,OZ,1,1.99
4641039898,153,58,5837,104470040,13310,2012-11-09,2.52,OZ,1,3.99
4641039898,153,26,2606,105543757,11482,2012-12-11,100,CT,1,3.79
4641039898,153,51,5126,102113121,11151,2012-12-27,15,OZ,1,3
4641041561,152,9,908,1075248272,25175,2013-01-12,4.5,OZ,1,3.19
4641041561,152,97,9753,10000,0,2013-02-23,1,CT,1,1.89
4641042036,6,26,2614,103600030,9878,2012-06-14,14,CT,1,3.49
4641042036,6,4,418,104000040,16765,2012-11-20,11.18,OZ,2,7.38
4641042036,6,36,3628,101200010,12029,2012-12-29,144,OZ,1,5.99
4641042526,153,8,810,104800141,9814,2012-05-30,1.6,OZ,1,1.69
4641042526,153,63,6305,102500020,11749,2013-04-05,59,OZ,1,2.69
4641043059,152,25,2506,104127141,26189,2012-06-14,16,OZ,1,2.19
4641043802,152,99,9908,102112020,20616,2013-01-12,16,OZ,3,5.97
4641043802,152,26,2634,103700030,3293,2013-02-16,12,RL,1,9.15
4641043838,153,33,3305,107797575,27417,2012-10-28,16,OZ,1,3.29
4641046807,6,9,907,101114616,33170,2012-06-17,16,OZ,1,2.29
4641046807,6,5,516,101600010,12426,2012-07-12,17.8,OZ,1,4.99
4641046807,6,21,2103,103120030,12957,2012-07-12,46,OZ,1,3.19
4641046807,6,64,6401,108797585,15875,2012-10-04,22,OZ,1,3.69
4641046807,6,33,3305,102840020,5141,2013-03-29,6,OZ,1,2.49
4641048273,152,27,2705,1068826767,20616,2012-10-06,5.5,OZ,3,1.17
4641048273,152,56,5620,1068826767,81691,2012-12-19,8,OZ,2,5.58
4641048273,152,29,2927,107225171,12502,2013-03-08,6.09,OZ,1,1.69
4641048595,153,63,6320,1068826767,81691,2012-08-12,12,CT,1,2.29
4641049853,152,27,2706,105000050,6132,2012-03-25,3,OZ,1,0.6
4641049853,152,37,3703,105100050,2820,2012-12-08,10.75,OZ,1,2
4641051598,153,35,3504,103700030,4628,2012-05-12,24,OZ,1,3.45
4641054465,152,26,2609,104200040,5016,2012-12-24,35,CT,1,3.59
4641054465,152,10,1010,103400030,8247,2013-01-04,24,OZ,1,3.39
4641054946,153,9,902,104400040,18775,2013-04-07,9,OZ,1,3.29
4641056669,152,5,516,101600010,12426,2012-04-17,7.1,OZ,1,3.49
4641057265,152,22,2207,106233868,15197,2013-04-22,22,OZ,1,2.99
4641058396,153,36,3635,1068826767,3677,2012-03-31,33.8,OZ,2,2
4641059521,6,99,9909,107143070,5072,2013-04-02,5,OZ,1,3.69
4641060193,6,41,4120,102400020,3988,2012-07-20,6,OZ,3,2.55
4641060193,6,36,3601,101200010,13794,2012-10-06,144,OZ,1,5.49
4641060293,152,58,5832,107274575,13804,2012-07-07,12,OZ,1,4.49
4641060293,152,53,5307,101450010,20864,2013-03-19,16,OZ,2,5.04
4641060552,153,99,9904,1066529060,52314,2012-04-13,16,OZ,1,3.99
4641061322,6,63,6399,1068826767,7173,2012-11-23,14,OZ,2,6.98
4641063805,152,36,3635,1068826767,81691,2012-09-22,33.8,OZ,2,1.34
4641063927,152,3,304,1068826767,7173,2012-12-16,1,OZ,1,2.99
4641065780,152,9,901,104400040,13243,2013-02-18,14.3,OZ,1,4.29
4641067023,152,26,2619,1068826767,7173,2012-12-17,21,CT,1,4.39
4641067023,152,11,1102,1030002535,5842,2013-03-31,230,CT,1,4.39
4641070848,6,34,3410,107418272,16853,2012-08-23,8.5,OZ,1,2.99
4641070848,6,26,2630,103600030,9787,2012-09-14,50,CT,1,2.19
4641070848,6,99,9904,1071575676,5278,2013-02-04,6,OZ,1,7.49
4641072048,153,63,6318,1068826767,81691,2012-07-23,16,OZ,2,3.98
4641072048,153,63,6320,1068826767,81691,2013-01-01,12,CT,1,1.89
4641080245,152,9,902,101410010,45039,2013-03-09,7.92,OZ,1,2.49
4641080698,153,56,5616,1068826767,81691,2012-07-20,8,OZ,1,3.19
4641080698,153,41,4108,1068826767,12475,2012-11-06,15.5,OZ,1,1.33
4641080698,153,33,3311,102840020,27521,2013-05-20,10.5,OZ,1,3.99
4641081771,6,25,2507,107235070,68047,2013-04-06,65,OZ,2,7.18
4641084603,153,57,5705,1068826767,81691,2013-02-02,6,OZ,6,3
4641086100,152,26,2633,105400050,16048,2012-05-30,6,RL,1,6.19
4641086100,152,23,2301,107130070,15474,2012-10-02,16,OZ,2,3.38
4641086100,152,36,3611,1068826767,158,2012-10-26,405.6,OZ,1,4.49
4641086100,152,27,2707,101780010,95301,2012-12-11,3.5,LB,2,14.58
4641086100,152,22,2207,1075703777,13386,2013-02-26,45,OZ,1,6.49
4641087847,152,8,818,1068826767,7173,2012-04-15,26,OZ,1,1.5
4641092632,6,58,5813,102730020,5898,2012-05-28,16,OZ,1,1.99
4641096945,152,5,520,103997838,2082,2012-10-06,32,OZ,1,3.99
4641098083,6,0,0,10000,0,2012-05-26,0,,1,0
4641100363,152,57,5710,105215959,41981,2012-04-11,5.3,OZ,1,1.99
4641100544,6,99,9909,107143070,5072,2012-12-12,5,OZ,1,3.69
4641100734,152,55,5552,1068826767,81691,2012-10-22,48,OZ,2,5
4641100734,152,23,2301,107680878,1393,2012-12-28,16,OZ,1,1.5
4641102561,153,56,5614,1068826767,81691,2012-12-31,16,OZ,1,3.89
4641105241,153,25,2501,1068826767,81691,2012-12-19,14,OZ,1,2.19
4641106879,6,4,419,107270070,11079,2012-03-18,2,OZ,1,4.49
4641106879,6,41,4106,102880020,7907,2013-03-17,16,OZ,1,3.69
4641106879,6,56,5615,102100020,4218,2013-03-26,6,OZ,1,3.69
4641106879,6,23,2301,103340030,15802,2013-05-04,16,OZ,1,1.75
4641109789,152,97,9753,1023926626,0,2013-02-27,1,CT,1,3.51
4641109789,152,30,3006,104300040,7467,2013-03-22,32,OZ,1,4.19
4641115003,153,9,902,104400040,15335,2012-11-15,15.1,OZ,1,3.79
4641115003,153,9,907,107340272,4176,2013-03-02,20,OZ,1,3.99
4641117921,6,53,5307,1068826767,81691,2012-06-16,16,OZ,2,4
4641117921,6,56,5620,104610040,15889,2013-03-04,7,OZ,1,3.39
4641117921,6,33,3303,1068826767,81691,2013-05-25,10,OZ,2,5
4641118214,153,49,4904,1083418383,385,2012-05-16,13.5,OZ,1,3.39
4641120645,152,99,9909,1068826767,12475,2012-07-10,7,OZ,1,4.99
4641120645,152,7,799,108903686,18556,2013-01-16,12.7,OZ,1,4.79
4641125043,153,29,2928,104100040,9814,2012-03-04,5.4,OZ,2,2.58
4641125043,153,4,412,101900010,10421,2012-03-24,6.25,OZ,2,4.78
4641127272,6,18,1813,102120020,16044,2012-12-16,35,RL,1,2.99
4641127272,6,11,1114,1068826767,81691,2013-03-24,32,OZ,1,4.59
4641131510,6,99,9908,1071651979,11085,2012-04-22,12,OZ,1,2.99
4641131510,6,9,907,107518575,11221,2012-05-06,15,OZ,2,6.98
4641131510,6,33,3321,107332171,17710,2013-03-30,13,OZ,1,3.39
4641132255,153,9,907,1068826767,81691,2013-05-30,16,OZ,1,0.99
4641134438,152,25,2509,107045272,6176,2012-10-20,32,OZ,1,3.19
4641134438,152,36,3634,1078616272,7237,2013-03-16,20,OZ,9,12
4641137659,153,36,3633,107279676,8670,2012-12-08,72,OZ,1,3.79
4641137659,153,79,7901,10912898,44255,2013-01-14,1,CT,1,3.95
4641140119,6,63,6320,1068826767,81691,2012-12-19,12,CT,1,2.59
4641142885,152,9,901,104400040,85927,2013-02-12,8.8,OZ,2,6.9
4641144447,153,8,811,103620030,1698,2012-09-19,24,OZ,1,4.19
4641144969,152,10,1012,1068826767,17698,2012-12-05,0.44,OZ,1,0.67
4641145429,153,33,3316,101600010,2539,2012-12-08,7.5,OZ,1,2.89
4641145534,152,33,3303,102068525,2892,2012-12-30,7,OZ,2,7.58
4641147986,152,36,3611,107572070,14196,2012-09-03,405.6,OZ,6,29.94
4641149311,153,18,1890,107173676,10390,2013-01-12,1,CT,1,4.38
4641149311,153,7,708,1076211171,17286,2013-06-07,20,OZ,1,12.99
4641150460,152,43,4302,1068826767,81691,2012-04-01,8,OZ,1,1.39
4641153092,152,99,9908,102112020,20616,2012-03-02,80,OZ,1,3.99
4641153092,152,9,920,104400040,15335,2013-01-13,6,OZ,1,3.39
4641153092,152,63,6315,107545777,7025,2013-03-08,32,OZ,1,2.19
4641153822,152,8,803,105440050,7686,2013-02-04,16,OZ,1,5.69
4641154797,152,99,9908,103338333,33170,2013-01-13,20,OZ,1,3.99
4641154797,152,5,519,103000030,14760,2013-03-08,12.3,OZ,1,4.49
4641156115,153,99,9908,1068826767,7173,2012-11-07,16,OZ,1,1.29
4641156732,152,33,3318,107797575,27417,2012-07-14,10,OZ,1,2.99
4641156732,152,6,601,107092070,17882,2012-12-20,6,OZ,2,5.58
4641161139,153,23,2301,107680878,1393,2012-04-06,16,OZ,1,1.65
4641161139,153,29,2924,101740010,11748,2012-04-21,28,OZ,1,3.99
4641161139,153,7,709,109955595,7661,2012-06-04,5.71,OZ,1,9.49
4641161139,153,59,5902,103450030,10165,2012-10-13,15,OZ,1,3.99
4641161139,153,56,5620,1068826767,12475,2013-02-26,6,OZ,1,3.89
4641161928,153,9,913,104812141,18322,2012-09-29,8,OZ,1,3.39
4641161928,153,51,5127,103100030,1358,2012-11-09,8,OZ,1,1
4641164150,6,55,5552,1068826767,81691,2013-07-13,48,OZ,1,2.69
4641166280,6,0,0,10000,0,2013-02-02,0,,1,2.49
4641166280,6,41,4105,104118848,6915,2013-02-07,28,OZ,1,1.99
4641166385,153,51,5106,103100030,9626,2012-08-18,10.6,OZ,2,4.98
4641166385,153,4,421,107046272,17815,2012-09-13,8,OZ,1,2.49
4641166401,153,53,5305,102000020,7655,2012-03-31,7,OZ,6,9.54
4641166401,153,59,5905,103450030,10165,2012-06-13,16,OZ,1,1.89
4641166401,153,53,5307,101450010,20864,2012-08-28,12,OZ,2,4
4641166401,153,63,6315,104410040,8481,2012-12-10,128,OZ,1,4.39
4641166401,153,37,3705,105100050,2820,2013-01-29,18.8,OZ,3,6.87
4641167653,152,41,4105,107294070,18909,2012-03-22,28,OZ,3,4.5
4641167653,152,58,5899,107232272,27348,2012-04-17,20.8,OZ,2,9.98
4641171912,153,9,913,1068826767,81691,2012-08-01,12,OZ,1,2.19
4641171912,153,26,2633,105400050,16048,2013-03-15,12,RL,1,10.99
4641173796,6,4,419,107726070,15624,2013-03-23,1,OZ,4,2.36
4641178602,6,58,5822,104450040,8318,2012-09-18,14,OZ,1,4.49
4641178602,6,33,3313,102840020,18584,2012-11-11,15,OZ,1,3.69
4641182029,6,4,423,1068826767,7173,2012-04-29,4,OZ,1,1.5
4641182029,6,96,9609,10995100090,88199,2013-01-03,0,,1,0
4641182029,6,11,1110,108201181,12197,2013-02-14,6.5,OZ,1,2.99
4641182029,6,11,1110,108201181,12197,2013-04-22,5.5,OZ,1,2.99
4641182691,152,9,907,107518575,11221,2012-04-12,18,OZ,1,3.49
4641182691,152,36,3611,107572070,14196,2012-09-22,405.6,OZ,1,5.99
4641186741,153,63,6305,104850040,18799,2013-02-23,59,OZ,2,7.18
4641187352,152,9,902,104400040,19783,2012-08-25,9,OZ,1,3.75
4641187352,152,33,3309,102840020,18584,2012-12-17,18,OZ,1,4.99
4641187352,152,99,9908,1068826767,7740,2013-01-01,20,OZ,1,2.49
4641188422,153,71,7113,107940070,5168,2012-05-26,3,OZ,2,2.98
4641188422,153,36,3611,107572070,14196,2012-09-21,405.6,OZ,1,4.99
4641188422,153,73,7325,1075714575,2330,2013-03-02,10,CT,1,5.49
4641188422,153,99,9909,1068826767,81691,2013-06-28,32,OZ,1,2.99
4641189154,153,8,836,1068826767,81691,2012-07-04,16,OZ,1,0.89
4641192348,6,97,9799,1066719969,53651,2012-05-15,1,CT,1,3.99
4641192348,6,18,1813,105113151,16044,2012-09-10,1,RL,1,3.49
4641192348,6,5,501,101600010,15114,2013-03-03,13,OZ,1,3.29
4641192849,153,36,3601,104900040,3809,2012-03-22,20,OZ,1,1.69
4641192849,153,36,3626,104900040,17186,2013-02-08,20,OZ,1,1.69
4641192849,153,12,1206,108660080,2559,2013-04-04,5,OZ,8,17.52
4641196748,6,21,2114,104140949,3957,2012-09-15,4.5,OZ,1,0.99
4641196748,6,26,2608,1068826767,7740,2012-10-13,24,CT,2,1
4641196748,6,9,917,107373171,11786,2013-03-04,23,OZ,1,3.49
4641196829,6,96,9609,1053700050,88199,2012-06-06,0,,1,0
4641199851,152,25,2506,105000050,32115,2012-12-06,16,OZ,1,2.79
4641199851,152,5,502,103485636,19713,2013-01-22,9,OZ,3,9.57
4641199851,152,57,5705,1068826767,81691,2013-01-26,6,OZ,1,0.5
4641199851,152,63,6314,107342070,4529,2013-03-05,8,OZ,1,1.79
4641201553,152,73,7344,1034152030,2963,2012-09-01,28,CT,1,9.49
4641201557,153,56,5604,107790171,14428,2012-12-08,6,OZ,1,4.49
4641201677,152,36,3601,104900040,3809,2012-03-03,60,OZ,1,3.49
4641201677,152,23,2301,107680878,1393,2012-06-02,16,OZ,2,2.98
4641201677,152,53,5307,101450010,20864,2012-08-18,14.4,OZ,1,2.5
4641201677,152,13,1302,107151878,8349,2012-09-04,32,OZ,1,2.99
4641201677,152,59,5902,103450030,10165,2013-02-13,16,OZ,1,4.29
4641201677,152,26,2629,104303242,11116,2013-03-22,400,CT,1,4.25
4641203024,152,17,1703,1085695484,21544,2012-12-24,24,OZ,1,4.99
4641205315,152,5,502,101600010,101199,2012-06-11,5.4,OZ,2,5.98
4641207964,153,51,5125,105010050,8089,2012-05-03,11.6,OZ,1,3.69
4641208316,152,23,2301,1068826767,20616,2012-12-27,16,OZ,2,2
4641208316,152,57,5703,1068826767,81691,2013-03-24,6,OZ,5,5
4641209379,152,95,9518,1061029060,6015,2012-12-13,1,CT,1,3.99
4641210887,6,25,2508,102418222,25742,2013-01-27,32,OZ,1,2.99
4641216599,153,2,214,101600010,1910,2013-03-15,5.1,OZ,2,3.98
4641216726,152,23,2301,1068826767,12475,2012-04-09,13.25,OZ,1,1.65
4641216726,152,51,5126,102113121,11151,2013-03-27,16,OZ,1,4.19
4641219028,153,59,5906,104060040,26155,2012-10-20,8,OZ,1,3.39
4641219028,153,4,416,103400030,2689,2013-02-13,3.5,OZ,2,4.38
4641219028,153,99,9908,103338333,33170,2013-02-20,16,OZ,1,1.99
4641220066,153,9,970,103800030,62065,2012-05-03,14,OZ,1,2.59
4641220066,153,5,516,103800030,24525,2012-09-07,6.3,OZ,1,3.19
4641221778,153,25,2509,1068826767,81691,2013-02-14,16,OZ,1,2.19
4641222358,153,27,2712,104152040,3931,2012-06-30,48,CT,1,4.49
4641222358,153,26,2630,103600030,9787,2012-11-07,184,CT,4,7.96
4641223374,153,97,9799,104152040,16665,2012-04-09,1,CT,1,4.99
4641223792,152,4,419,104000040,5168,2012-12-18,3.3,OZ,6,16.74
4641223792,152,63,6320,1068826767,12475,2013-01-09,12,CT,1,4.29
4641223931,152,9,913,104812141,18322,2012-06-23,12,OZ,6,23.94
4641224120,152,27,2710,104178848,3130,2012-07-30,15,LB,1,7.49
4641224120,152,26,2628,1068826767,81691,2012-11-20,1,RL,2,2
4641225121,6,2,208,105150050,14029,2012-12-06,17.4,OZ,2,6.58
4641227183,153,57,5710,1089470080,21065,2012-10-01,5.3,OZ,5,5.95
4641227742,152,81,8101,102820020,11186,2012-12-21,1,CT,1,7.58
4641228251,152,53,5307,1068826767,81691,2012-10-13,12,OZ,1,2
4641228862,6,33,3303,104178040,19154,2013-06-02,10,OZ,2,8.58
4641230164,153,23,2301,1068826767,81691,2012-05-02,16,OZ,4,4.96
4641230164,153,99,9904,1081204989,27736,2012-08-08,16,OZ,2,7.98
4641230164,153,75,7520,1030052131,27166,2013-03-29,30,CT,1,1.49
4641233858,152,9,917,1068826767,81691,2013-01-02,9.9,OZ,2,1.98
4641234306,6,99,9909,107143070,5072,2012-03-03,12,OZ,1,1.99
4641235187,152,32,3204,104179040,1698,2012-11-14,25.5,OZ,2,17.98
4641235187,152,8,810,104600040,13023,2012-11-14,1,OZ,2,2.28
4641235187,152,33,3304,102840020,6777,2013-01-18,10.5,OZ,1,3.49
4641238967,153,33,3315,107797575,27417,2012-11-14,6,OZ,1,3.49
4641238967,153,58,5831,1068826767,7173,2013-04-12,20.8,OZ,1,6.99
4641239259,152,26,2629,1068826767,7740,2012-04-17,120,CT,1,1
4641239259,152,63,6305,102500020,11749,2012-08-26,59,OZ,1,2.99
4641239259,152,28,2805,107299979,98643,2012-11-06,6,OZ,1,1.89
4641239259,152,99,9909,1068826767,12475,2013-02-24,7,OZ,1,4.99
4641240707,152,19,1905,104180040,19713,2012-05-16,22,OZ,1,2.39
4641240707,152,21,2106,103120030,12957,2012-08-22,64,OZ,1,3.49
4641243038,152,29,2925,101740010,3008,2012-09-29,32,OZ,1,5.29
4641243038,152,8,802,102446323,8627,2012-10-13,8,OZ,1,3.39
4641244906,152,92,9211,104155444,11347,2012-11-05,0.06,OZ,1,3.49
4641245272,152,29,2914,102100020,19279,2012-04-10,24,OZ,1,4.69
4641245272,152,99,9908,102112020,20616,2012-10-18,16,OZ,1,1.99
4641245272,152,26,2628,1068826767,81691,2012-11-18,1,RL,2,2
4641246386,152,19,1908,103377636,16650,2012-11-25,16,OZ,1,4.49
4641248775,152,63,6330,1068826767,81691,2012-11-17,32,OZ,1,4.59
4641250535,153,58,5811,104542545,21248,2012-04-21,12,OZ,1,7.99
4641250535,153,33,3307,101411313,23033,2012-10-14,8,OZ,1,4.99
4641250763,153,64,6401,101820010,2510,2013-04-26,216,OZ,2,27.98
4641253546,6,64,6401,107199070,4043,2012-12-06,288,OZ,1,19.99
4641254026,152,58,5831,107274575,13804,2012-04-23,16,OZ,1,3.29
4641254332,152,25,2506,104127141,26189,2012-10-01,16,OZ,2,5.78
4641254464,152,69,6901,103700030,16139,2012-08-24,1.6,OZ,2,16.98
4641254464,152,2,201,105150050,14029,2012-12-29,15.25,OZ,2,3.18
4641254464,152,18,1828,104650040,7249,2013-01-12,0.56,OZ,1,3.85
4641254464,152,63,6315,104138343,10091,2013-02-01,64,OZ,1,3.79
4641255259,152,57,5705,107047070,20230,2012-08-19,6,OZ,6,5.34
4641255259,152,55,5565,1045040,10091,2012-09-16,32,OZ,1,3.99
4641256400,152,56,5610,102100020,9886,2012-11-09,8,OZ,1,4.49
4641262845,152,19,1905,105150050,16728,2012-03-25,12,OZ,1,3.29
4641262845,152,99,9909,107143070,5072,2012-11-18,8,OZ,1,1.5
4641264293,152,99,9909,102112020,20616,2012-07-03,12,OZ,1,3.99
4641264293,152,26,2632,103700030,13481,2012-09-19,72,CT,2,4.9
4641264293,152,29,2902,103760030,8501,2013-02-02,15,OZ,2,4.5
4641266449,152,53,5305,102000020,7655,2013-04-01,7,OZ,1,2.5
4641268049,152,97,9753,10000,0,2012-06-18,1,CT,1,2.07
4641269878,6,21,2117,102500020,26108,2012-10-12,67.5,OZ,2,5
4641269878,6,43,4302,1068826767,81691,2013-02-01,6.5,OZ,1,2.29
4641269878,6,9,907,1068826767,81691,2013-03-12,15,OZ,1,2.29
4641272845,6,45,4509,1074616777,22809,2012-11-28,4,OZ,3,3.87
4641272845,6,5,501,101600010,6283,2013-03-09,16.2,OZ,1,4.79
4641276403,152,99,9904,103338333,33170,2012-03-18,80,OZ,1,8.99
4641276403,152,5,516,1060265262,9673,2012-08-23,1.4,OZ,1,1.95
4641276405,153,97,9753,10000,0,2013-01-08,1,CT,1,3.66
4641276854,152,33,3302,102700020,57417,2012-10-27,6,OZ,1,3.49
4641277791,152,63,6320,1071514171,25530,2012-03-17,12,CT,2,6.98
4641277791,152,4,410,107362171,13946,2012-06-19,1.74,OZ,1,1.59
4641277791,152,5,501,101600010,3331,2013-01-04,17,OZ,1,4.49
4641277946,152,29,2907,104600040,13023,2012-05-09,11.4,OZ,2,5.98
4641277946,152,96,9632,107675070,18213,2012-12-24,1,CT,1,25
4641277946,152,26,2630,1068826767,81691,2013-04-01,432,CT,1,2.89
4641277946,152,21,2119,1061300868,867,2013-05-26,128,OZ,1,3.29
4641279853,6,11,1111,101862717,9496,2012-04-21,1.76,OZ,2,2.98
4641279853,6,18,1828,106233868,319,2012-07-27,6.17,OZ,1,6.49
4641280327,152,99,9909,1071651979,11085,2012-07-07,12,OZ,2,3.98
4641284025,153,63,6320,1071514171,25530,2013-02-26,12,CT,1,3.89
4641285772,152,4,421,107046272,16934,2012-11-18,3.5,OZ,1,1.29
4641287616,152,3,310,107045070,4913,2012-12-22,8,OZ,1,6.99
4641287616,152,26,2634,103700030,3293,2013-01-12,18,RL,1,12.99
4641287896,6,9,901,104400040,13243,2012-06-14,15.25,OZ,1,4.39
4641287896,6,8,803,104174040,12339,2012-08-31,16,OZ,1,2.99
4641290546,6,72,7205,107732676,18502,2012-05-03,4.7,OZ,2,8.98
4641294640,6,14,1410,103900030,10383,2013-01-29,15,OZ,1,2.19
4641295761,152,4,422,104153444,9522,2012-10-26,4.4,OZ,1,0.99
4641295761,152,99,9909,1068826767,81691,2012-11-11,12,OZ,1,3.69
4641295761,152,72,7211,1081483282,5607,2012-11-12,78,CT,1,5.99
4641295761,152,21,2119,107618373,16756,2013-03-19,192,OZ,2,24.98
4641296701,152,26,2630,103600030,9787,2012-03-25,75,CT,1,2.19
4641296701,152,26,2630,1068826767,81691,2012-11-25,144,CT,1,1.69
4641296917,152,60,6012,101800010,14029,2012-12-07,12.4,OZ,2,7.18
4641298517,153,41,4121,102700020,8612,2013-01-28,8,OZ,2,1.5
4641303395,153,25,2506,105000050,32115,2012-06-25,32,OZ,1,3.99
4641303395,153,4,407,103400030,18947,2012-08-16,15.4,OZ,1,2.5
4641305809,152,21,2105,104900040,14357,2013-01-20,160,OZ,1,4.99
4641305809,152,58,5814,104470040,10837,2013-02-03,3.2,OZ,1,2
4641305809,152,55,5567,107585676,9798,2013-03-03,27,OZ,1,4.79
4641306704,153,63,6328,103760030,63690,2012-09-03,24,OZ,1,3.99
4641306704,153,21,2117,108768484,2903,2013-04-14,60,OZ,1,3.99
4641307245,152,99,9908,102112020,20616,2012-06-02,8,OZ,1,2.79
4641307245,152,4,419,1074759979,7168,2012-12-06,5.32,OZ,1,4.19
4641307559,152,11,1110,108201181,12197,2013-01-22,5.5,OZ,1,2.85
4641308082,6,29,2905,103620030,14868,2012-10-25,14,OZ,1,1.59
4641308082,6,53,5307,1068826767,81691,2013-02-12,12,OZ,1,1.67
4641308191,6,99,9909,1068826767,12475,2012-09-24,7,OZ,1,4.99
4641308191,6,5,516,103800030,24525,2012-10-02,6.3,OZ,2,6.58
4641308191,6,37,3711,105100050,2820,2012-10-22,15.5,OZ,2,7.38
4641308613,152,51,5131,104227242,648,2012-05-21,14,OZ,1,6.79
4641314815,152,4,407,103400030,18947,2012-09-23,12,OZ,1,2.79
4641314815,152,9,913,104812141,18322,2013-02-10,12,OZ,1,4.19
4641316362,153,8,803,1068826767,7173,2013-02-01,12,OZ,1,1.99
4641316534,153,9,907,107341070,13291,2012-08-30,12,OZ,1,3.99
4641316905,152,9,918,107056979,1268,2012-12-23,7,OZ,1,3.39
4641319316,153,9,907,1068826767,81691,2012-07-08,12,OZ,1,1.25
4641319316,153,58,5831,107274575,13804,2012-09-16,16,OZ,1,3.29
4641320083,152,73,7302,1030057333,250,2012-09-04,20,CT,1,4.29
4641320438,152,5,519,105844959,12466,2013-01-20,14,OZ,1,3.59
4641320438,152,69,6901,101700010,15288,2013-03-24,2.6,OZ,1,3.99
4641323405,152,9,901,1068826767,81691,2012-03-22,8.9,OZ,1,1
4641323405,152,63,6305,101630010,6509,2012-04-11,89,OZ,1,5.69
4641323405,152,49,4902,1068826767,81691,2012-05-02,10,OZ,1,2
4641323405,152,9,907,107518575,11221,2012-08-08,15,OZ,2,6.98
4641323405,152,33,3302,102389626,14268,2012-09-07,9.6,OZ,1,2.85
4641323405,152,31,3101,105210050,11382,2012-11-09,0.12,OZ,1,3.99
4641323405,152,73,7344,101650010,25043,2012-12-06,24,CT,1,4.99
4641323405,152,5,520,103000030,14760,2013-01-02,18,OZ,1,2.59
4641327699,6,97,9748,104154040,26982,2013-01-02,4,CT,1,3.69
4641327790,153,92,9204,107417070,15743,2012-10-18,0.5,OZ,1,7.99
4641328644,6,75,7501,1030052131,19243,2012-12-21,10,OZ,1,3.69
4641330399,153,99,9908,1083133181,53757,2012-12-01,18,OZ,1,3.29
4641330420,153,56,5620,1068826767,81691,2013-02-28,16,OZ,1,4.69
4641332996,153,5,501,103000030,45635,2012-03-05,13,OZ,1,3.59
4641332996,153,12,1206,108660080,2559,2012-03-23,20,OZ,1,6.79
4641332996,153,55,5558,104410040,8481,2012-06-04,30,OZ,3,8.97
4641336420,6,36,3601,101200010,13794,2012-03-31,144,OZ,2,11.98
4641337076,153,29,2928,104600040,13023,2012-07-20,8,OZ,1,2.5
4641341801,152,12,1207,107270070,11079,2012-03-30,24,OZ,1,8.99
4641342374,152,57,5707,103663232,4568,2012-09-27,18.6,OZ,1,2.99
4641345420,6,32,3202,102700020,19737,2012-03-18,48,OZ,1,5.79
4641345420,6,36,3630,104900040,23359,2012-03-18,67.6,OZ,1,1.99
4641345420,6,33,3303,104178040,19154,2013-02-13,3.5,OZ,2,2
4641345420,6,51,5129,101450010,20864,2013-04-07,42,OZ,1,8.99
4641346350,152,99,9904,1081204989,27736,2012-06-11,16,OZ,1,3.99
4641346350,152,41,4108,107571777,15284,2012-07-18,15,OZ,1,1
4641346350,152,7,709,109955595,12598,2012-10-01,4.87,OZ,1,8.49
4641346859,152,55,5555,1018685212,22794,2012-05-27,16,OZ,2,9.98
4641346859,152,27,2702,101780010,14717,2012-06-30,18,LB,1,13.99
4641347179,152,26,2610,1073304676,52358,2012-10-24,100,CT,1,1.99
4641347179,152,56,5613,1068826767,81691,2012-12-01,8,OZ,1,3.59
4641347179,152,30,3007,107184070,11154,2013-03-16,11.5,OZ,1,3.99
4641348329,6,7,708,107447171,2608,2012-03-11,10,OZ,1,4.29
4641353601,152,8,814,103760030,25412,2012-12-31,16,OZ,1,3.15
4641357183,153,41,4107,102000020,7655,2012-07-02,14.5,OZ,1,1.39
4641357183,153,9,907,107133070,25887,2012-09-22,20,OZ,1,3.99
4641357183,153,8,810,105210050,11382,2013-01-08,0.75,OZ,1,1.59
4641357183,153,71,7113,102240020,25033,2013-02-13,15,OZ,1,0.99
4641357618,153,27,2705,105000050,6775,2012-11-02,5.5,OZ,6,3.18
4641358921,152,63,6315,1068826767,81691,2012-11-30,128,OZ,1,4.19
4641360180,6,8,801,101300010,8164,2012-07-21,32,OZ,1,3.19
4641363828,6,69,6901,103700030,16139,2012-04-08,2.6,OZ,1,4.69
4641367625,152,26,2615,107301070,17990,2012-03-16,36,CT,1,7.79
4641367631,153,63,6323,107545777,7025,2012-06-26,128,OZ,3,13.47
4641367631,153,56,5620,102100020,9886,2012-10-01,7,OZ,1,3.49
4641367631,153,92,9212,105005151,2166,2012-11-09,0.27,OZ,2,6.98
4641371548,152,36,3635,107252171,19411,2012-04-14,33.8,OZ,3,2.25
4641371548,152,55,5560,104154848,5603,2012-08-01,16.5,OZ,1,4.69
4641371548,152,58,5833,1068826767,81691,2012-09-15,16,OZ,2,6.98
4641371548,152,99,9908,101833717,26028,2012-12-06,12,OZ,1,2.99
4641371908,153,33,3303,102840020,15598,2012-07-29,8,OZ,1,3.99
4641371908,153,9,902,104400040,19783,2012-08-20,8.5,OZ,1,3.49
4641371908,153,33,3305,102840020,5141,2012-12-14,1.25,OZ,1,0.5
4641372237,6,23,2301,103340030,15802,2013-06-14,16,OZ,1,1.75
4641372872,153,21,2117,108768484,2903,2012-07-08,60,OZ,2,5
4641372872,153,81,8101,102820020,11186,2012-10-10,1,CT,1,8.28
4641373333,153,8,803,1068826767,7173,2012-05-19,12,OZ,1,1.99
4641373333,153,9,907,1068826767,81691,2012-07-21,36,OZ,1,3.79
4641373333,153,58,5832,107274575,13804,2012-08-20,9,OZ,1,5.99
4641373620,153,96,9632,107675070,25169,2012-06-05,1,CT,1,25
4641373620,153,3,302,1068826767,81691,2012-09-05,12,OZ,1,2.59
4641373620,153,49,4901,1068826767,81691,2012-12-12,32,OZ,1,2.59
4641373620,153,16,1604,101254616,18738,2013-01-22,14,CT,1,1.49
4641373620,153,21,2106,103120030,12957,2013-02-03,64,OZ,1,3.99
4641375362,153,26,2629,104200040,5016,2012-03-13,360,CT,1,4.29
4641375362,153,25,2509,1068826767,81691,2012-06-20,32,OZ,1,2.39
4641375362,153,9,902,103010030,19784,2012-08-28,8.5,OZ,1,3.85
4641375362,153,0,0,10000,0,2012-12-04,0,,1,0
4641375864,153,99,9908,103338333,33170,2012-06-18,16,OZ,1,1.99
4641375864,153,33,3303,102840020,15598,2012-10-10,2.88,OZ,1,1.49
4641375864,153,29,2928,101530010,58299,2013-01-03,6.5,OZ,2,3.34
4641375864,153,0,0,10000,0,2013-03-02,0,,1,2.49
4641376024,152,69,6909,104160848,17568,2012-07-02,9,OZ,1,1.99
4641376024,152,26,2611,103600030,14191,2012-10-16,48,CT,1,5.59
4641376367,152,56,5613,107171575,2736,2012-04-09,16,OZ,1,3.19
4641376367,152,36,3612,107572070,14196,2012-06-20,320,OZ,2,5.98
4641377377,152,26,2608,1068826767,18552,2012-05-25,24,CT,1,1.49
4641377377,152,59,5907,102740020,16291,2012-12-31,6,OZ,1,1.79
4641377773,152,21,2119,1068826767,12475,2012-09-21,16,OZ,5,5
4641377929,6,28,2803,1068826767,81691,2013-03-25,10,OZ,1,1.29
4641378188,152,57,5710,103663232,4568,2013-02-16,5.3,OZ,2,2.38
4641378188,152,9,907,101410010,13791,2013-04-08,16,OZ,1,4.29
4641382126,153,36,3601,104900040,3809,2012-06-28,144,OZ,1,5.49
4641384806,152,59,5902,104123141,21781,2013-03-23,8,OZ,1,2.39
4641384932,153,59,5902,1068826767,81691,2012-11-17,16,OZ,1,2.69
4641385638,153,25,2506,104127141,26189,2012-09-23,32,OZ,1,3.49
4641386359,6,99,9908,101833717,26028,2012-06-05,32,OZ,1,6.99
4641386725,153,51,5125,107265575,8089,2012-07-17,9.4,OZ,1,2.69
4641386725,153,9,907,107133070,25887,2012-08-14,24,OZ,1,3.99
4641386725,153,27,2709,102310020,18139,2013-04-05,3.45,OZ,2,4
4641387118,6,63,6320,1068826767,12475,2012-03-10,12,CT,1,3.29
4641389949,6,51,5126,101380010,27474,2012-04-24,11.5,OZ,2,7.38
4641389949,6,54,5403,102580020,16668,2012-11-08,6.49,OZ,2,6
4641389949,6,5,501,103800030,17050,2012-11-20,13.6,OZ,2,7.98
4641389949,6,3,310,1088370282,33170,2012-12-11,12,OZ,2,15.98
4641389949,6,60,6001,105000050,30272,2013-04-04,16,OZ,2,7.38
4641390276,152,63,6320,1068826767,81691,2012-03-25,12,CT,1,2.49
4641390276,152,58,5823,107846575,15626,2013-01-15,8,OZ,1,4.79
4641393820,152,5,519,103000030,14760,2013-04-07,2.57,OZ,1,1.99
4641395542,6,9,907,107341070,2437,2012-12-03,24,OZ,1,3.99
4641395542,6,25,2504,102800020,12547,2013-02-03,7.6,OZ,1,2.29
4641396200,6,31,3101,105210050,11382,2012-05-18,0.32,OZ,1,1.99
4641396200,6,32,3204,104179040,1698,2012-12-12,51,OZ,1,16.49
4641396200,6,63,6320,1068826767,81691,2012-12-23,12,CT,1,2.19
4641398625,153,26,2614,103600030,9878,2012-08-20,14,CT,1,3.45
4641399636,6,58,5823,104470040,13310,2012-11-25,8,OZ,0,0
4641400110,153,41,4107,102400020,4704,2012-06-29,14.5,OZ,3,4.65
4641400110,153,19,1908,105150050,9189,2012-11-12,18,OZ,1,3.99
4641400110,153,97,9799,1075680272,365,2012-12-07,1,CT,1,2.99
4641404805,152,9,912,104812141,18322,2012-07-29,13,OZ,1,3.99
4641408395,153,9,902,102410020,44209,2012-09-27,13.7,OZ,1,4.19
4641408395,153,53,5305,102000020,7655,2012-10-16,7.5,OZ,1,2
4641408458,153,51,5132,1068826767,81691,2012-05-17,12,OZ,1,3.99
4641408458,153,73,7308,1081483282,10808,2012-10-31,20,CT,1,1.49
4641408458,153,53,5305,102000020,7655,2012-11-20,9,OZ,1,2.19
4641409276,152,74,7405,104740040,7196,2013-02-15,5,CT,1,14.69
4641409276,152,4,419,103746636,10488,2013-03-25,1.7,OZ,1,3.99
4641409629,152,26,2622,102570020,20361,2012-07-22,30,CT,1,3.49
4641409629,152,35,3509,103320030,875,2012-09-08,50,OZ,1,5.49
4641415220,152,33,3305,102190828,56884,2012-12-28,5.5,OZ,1,3.69
4641417867,152,63,6315,1068826767,12475,2012-03-17,64,OZ,1,3.69
4641418004,153,8,818,103620030,14868,2012-09-17,16,OZ,1,2.09
4641418037,6,55,5567,102580020,16668,2012-03-30,8.44,OZ,1,3.99
4641418345,152,49,4901,101312010,26885,2012-08-16,28,OZ,2,8.5
4641421015,152,29,2905,107313070,2079,2012-03-02,15,OZ,1,2.79
4641422162,152,40,4001,104300040,4371,2013-03-05,256,OZ,1,3.79
4641423278,153,30,3010,104133545,43106,2013-03-16,16,OZ,1,3.99
4641424476,152,58,5812,105450050,1322,2012-06-02,14,OZ,1,4.99
4641424538,152,37,3705,105100050,2820,2013-03-05,18.8,OZ,2,5.38
4641427442,6,21,2119,101200010,10522,2012-08-18,18.5,OZ,3,4.5
4641427442,6,26,2630,1068826767,7173,2012-08-18,65,CT,1,1
4641427916,6,26,2633,105400050,16048,2012-04-14,4,RL,1,3.99
4641428996,153,57,5705,103663232,4568,2012-08-08,16,OZ,1,2.69
4641429041,152,99,9908,102112020,20616,2012-12-03,80,OZ,1,4.99
4641432483,152,63,6321,107890272,18730,2012-09-19,8,OZ,1,3.5
4641433127,6,0,0,10000,0,2012-11-08,0,,2,0
4641437931,6,9,914,107101070,15998,2013-07-02,15,OZ,1,3.49
4641439497,152,99,9909,1068826767,81691,2012-12-05,7,OZ,1,4.99
4641440478,152,99,9901,102213626,26797,2012-04-06,2.5,OZ,1,2.99
4641440478,152,56,5615,1068826767,7173,2013-01-18,8,OZ,1,3.29
4641440578,6,63,6315,1068826767,81691,2012-04-18,32,OZ,1,1.69
4641440578,6,25,2509,103450030,10165,2012-10-07,32,OZ,1,3.49
4641443284,6,21,2103,1068826767,7740,2013-03-21,128,OZ,1,1.25
4641443298,152,63,6320,1081565282,60906,2012-05-22,6,CT,1,2.99
4641443298,152,34,3411,103500030,8919,2013-01-07,15,OZ,1,3.99
4641443553,152,2,212,109370999,13476,2012-03-02,12,OZ,1,4.69
4641443553,152,55,5552,102073525,18893,2012-09-22,48,OZ,2,7.38
4641444014,152,9,907,107432373,1866,2012-08-02,20,OZ,1,2.49
4641449166,152,18,1898,104133343,5379,2012-10-26,4,CT,1,8.99
4641449166,152,58,5814,104470040,10837,2013-01-11,3.4,OZ,3,6
4641452405,6,9,907,101410010,13791,2012-10-28,24,OZ,2,7.98
4641452472,152,5,501,103800030,14900,2012-03-20,20,OZ,1,3.99
4641452472,152,29,2914,102100020,9886,2012-04-01,14,OZ,1,3.79
4641456505,6,51,5115,107218070,6718,2012-07-20,23.09,OZ,1,6.79
4641456505,6,33,3303,104178040,19154,2012-07-21,3.75,OZ,1,1
4641456505,6,50,5001,101380010,27474,2012-11-28,16,OZ,1,3.99
4641456505,6,29,2904,102100020,19279,2012-12-17,12.5,OZ,1,2.99
4641456505,6,51,5124,107100777,5656,2013-01-23,32,OZ,2,9.38
4641456505,6,75,7507,107704373,17223,2013-03-05,4.5,OZ,1,5.99
4641465297,153,9,901,104400040,12600,2012-04-22,10.5,OZ,1,3.79
4641465297,153,55,5567,107064070,19704,2012-05-13,21,OZ,1,5.19
4641465297,153,58,5824,104450040,8318,2012-06-14,13,OZ,2,8.98
4641465297,153,30,3010,104133545,43106,2013-02-03,16,OZ,1,2.89
4641468387,153,79,7902,108950585,47461,2013-02-20,1,CT,1,1
4641468387,153,51,5126,101380010,27474,2013-02-26,16,OZ,1,4.49
4641468468,6,51,5133,107100777,5656,2012-04-22,24,OZ,3,20.97
4641468468,6,25,2506,105000050,32115,2012-04-24,16,OZ,2,5.18
4641470727,6,19,1908,1068826767,20616,2013-03-18,16,OZ,1,5.59
4641472305,152,79,7903,107165878,17274,2012-04-29,1,CT,1,4.49
4641472305,152,71,7107,1030815131,3609,2012-11-08,1,CT,1,9.99
4641473039,153,4,410,1068826767,12475,2012-09-16,22,OZ,1,2.79
4641473039,153,56,5615,1068826767,81691,2012-12-23,8,OZ,1,3.09
4641473039,153,4,418,104000040,26517,2013-06-23,12.6,OZ,1,3.99
4641474121,153,99,9908,1068826767,7173,2012-06-11,16,OZ,1,1.29
4641474121,153,99,9909,1068826767,81691,2012-08-21,5,OZ,1,3.69
4641474121,153,57,5705,107047070,20230,2013-01-06,4,OZ,1,0.85
4641474121,153,36,3601,101200010,13794,2013-03-10,144,OZ,3,17.97
4641475652,153,56,5613,1068826767,81691,2012-09-11,32,OZ,2,6.98
