3970314260,510,63,6312,102500020,16487,2012-10-09,59,OZ,1,2.19
3970350258,510,72,7209,1030004131,26880,2012-05-17,110,YD,1,4.99
3970366041,510,8,836,101300010,8164,2012-10-05,128,OZ,1,2.84
3970549608,507,4,417,103400030,2689,2012-04-15,4.8,OZ,2,2.12
3970837862,507,97,9753,1020401121,0,2012-09-09,1,CT,1,0.06
3970868026,507,51,5121,104369545,10274,2013-01-13,9,OZ,1,2
3970873757,507,27,2704,107910070,30096,2012-10-26,15,OZ,1,2.84
3970994578,508,21,2105,104900040,14357,2012-04-07,32,OZ,2,1.78
3971038671,508,59,5902,1074236575,8499,2012-11-21,16,OZ,1,5.39
3971038671,508,21,2117,1065762262,26129,2013-01-30,54,OZ,1,3.49
3971248594,510,9,901,104400040,12661,2013-05-10,11,OZ,1,3.31
3971491959,510,75,7501,1030052131,19243,2012-07-28,32,OZ,1,7.02
3971491959,510,16,1604,102200020,6021,2012-11-13,45,CT,1,2.4
3971491959,510,34,3405,103700030,13012,2012-12-09,25.5,OZ,1,6.81
3971510405,507,4,418,108523989,11176,2013-06-17,11,OZ,1,1.05
3971513087,509,36,3618,104900040,23359,2013-04-16,20,OZ,1,1.57
3971522936,510,26,2609,104116545,23664,2012-05-15,50,CT,1,2.92
3971522936,510,97,9753,1049051040,0,2012-11-18,1,CT,1,2.29
3971545122,507,23,2301,107680878,1393,2012-05-28,14.5,OZ,1,2.77
3971545122,507,5,516,102190828,3073,2012-06-23,7.4,OZ,1,3.72
3971545122,507,33,3307,102900020,14112,2012-06-23,17.75,OZ,1,6.81
3971545122,507,36,3627,104900040,23363,2013-05-14,20,OZ,1,1.56
3971569781,508,1,106,1085269787,93766,2012-11-21,4.22,OZ,8,10.72
3971569781,508,5,519,103000030,14760,2013-05-19,12.6,OZ,1,3.03
3971588153,507,97,9727,1087927888,88313,2013-03-30,1,CT,1,20.99
3971600562,508,92,9208,107410878,3947,2012-06-08,1,CT,1,6.81
3971600562,508,58,5827,103760030,8501,2013-01-15,16,OZ,1,5.07
3971602538,510,92,9215,107124979,21913,2013-04-28,1.6,OZ,1,20.88
3971615403,508,97,9753,105008757,0,2013-03-30,1,CT,1,10.49
3971625291,509,97,9730,109351494,13620,2012-07-17,1,CT,1,5.24
3971625291,509,5,501,101600010,10797,2013-01-19,20.5,OZ,1,4.08
3971625291,509,8,814,104156545,13412,2013-06-15,64,OZ,3,16.45
3971633390,510,56,5611,104400040,5518,2012-06-29,8,OZ,1,4.08
3971633390,510,5,501,104240040,40317,2013-03-11,34,OZ,1,5.24
3971642816,507,97,9753,104310040,0,2013-03-20,1,CT,1,2.09
3971646215,507,97,9753,103596838,0,2013-01-13,1,CT,1,10.49
3971654296,507,35,3508,103700030,18371,2013-02-24,100,OZ,1,11.16
3971676148,508,73,7309,1036816333,23664,2013-04-10,16.7,OZ,1,10.37
3971692415,507,95,9518,106700868,2988,2012-09-04,1,CT,1,3.87
3971716679,510,97,9745,102622929,12736,2012-08-12,0,,1,0.86
3971739150,510,97,9753,1049076040,0,2012-10-11,1,CT,1,11.54
3971739150,510,97,9753,1049046040,0,2012-10-21,1,CT,1,12.6
3971767283,507,79,7903,109256797,13776,2012-05-12,1,CT,1,4.19
3971767283,507,97,9753,102241525,0,2013-02-14,1,CT,1,7.35
3971767283,507,33,3304,103800030,17050,2013-04-21,4.5,OZ,1,2.62
3971770704,510,92,9215,101018111,13468,2012-09-21,8.5,OZ,1,6.93
3972072038,31,99,9908,103338333,33170,2012-12-21,20,OZ,1,4.99
3972095050,31,4,418,103400030,15113,2012-09-10,12,OZ,1,3.99
3972095050,31,54,5403,103800030,17050,2013-04-08,14.4,OZ,1,6.29
3972108043,31,26,2634,103700030,3293,2012-05-13,16,RL,1,9.94
3972120847,40,36,3611,102114020,19950,2012-12-16,405.6,OZ,1,3.5
3972147979,64,58,5812,104470040,13310,2012-07-30,16,OZ,1,3.99
3972166190,64,27,2705,105000050,6775,2012-08-30,5.5,OZ,10,5.4
3972169247,64,4,416,103400030,20231,2012-12-09,1.4,OZ,1,0.79
3972181146,65,0,0,10000,20405,2013-01-19,0,,1,-1
3972181146,65,37,3711,105100050,2820,2013-05-06,15.4,OZ,1,1.62
3972212954,70,9,901,104400040,13243,2013-05-27,24,OZ,1,5.49
3972223694,89,10,1011,104300040,26232,2012-10-01,6.5,OZ,1,1.79
3972223694,89,33,3303,102840020,10241,2013-03-26,8.5,OZ,1,1.99
3972240113,126,72,7214,101254616,18738,2012-07-08,18,CT,6,7.14
3972240113,126,58,5812,107495676,8144,2012-07-14,12,OZ,1,3.99
3972241716,126,58,5827,101111010,9907,2013-02-27,16,OZ,2,7
3972255111,63,0,0,10000,0,2012-07-23,0,,1,0
3972255111,63,0,0,10000,0,2012-09-04,0,,2,0
3972255111,63,33,3304,102840020,6777,2012-09-30,10.5,OZ,2,5.98
3972255111,63,58,5811,1071516676,27806,2013-05-25,3,OZ,6,9
3972266124,2,56,5616,103907333,54684,2012-12-31,8,OZ,2,8.98
3972266124,2,4,418,103400030,8247,2013-01-06,10,OZ,1,1.29
3972266124,2,99,9904,105410757,33170,2013-02-17,48,OZ,1,3.99
3972266124,2,36,3626,101200010,16391,2013-03-31,144,OZ,4,10
3972301265,184,9,903,1074164373,10768,2012-11-11,15,OZ,1,1.69
3972340356,46,51,5115,107218070,15035,2013-01-12,21.06,OZ,1,2.5
3972369009,46,22,2211,103700030,2246,2013-02-09,105,CT,1,5.69
3972369009,46,36,3618,104900040,23359,2013-03-23,67.6,OZ,1,1.34
3973009981,24,99,9909,107127979,6732,2013-01-29,10,OZ,2,5
3973076834,526,18,1890,104650040,7249,2013-04-13,1,CT,1,2.29
3973210159,21,99,9909,103260131,5489,2013-01-09,5,OZ,1,2.99
3973210479,21,5,501,103800030,14900,2012-05-01,25.5,OZ,1,4.39
3973210479,21,60,6001,105000050,30272,2013-02-08,32,OZ,1,4.99
3973211958,21,29,2914,104119040,16347,2012-08-20,36.25,OZ,1,1.99
3973214040,101,58,5832,107274575,13804,2013-06-28,12,OZ,2,3.99
3973253665,68,44,4404,103582636,6564,2012-12-18,11.25,OZ,1,1.76
3973253665,68,58,5823,104470040,13310,2013-07-08,8,OZ,1,3.79
3973274819,165,99,9909,102791828,53783,2012-05-06,8,OZ,1,2.69
3973274819,165,25,2506,105000050,32115,2013-04-05,16,OZ,1,2.49
3973284150,151,0,0,10000,0,2012-09-21,0,,1,0
3973284150,151,63,6305,101111010,9907,2012-11-30,59,OZ,1,2.89
3973284150,151,38,3801,101111010,9907,2013-02-15,4,LB,1,2.39
3973284150,151,33,3305,102840020,5141,2013-02-22,11.5,OZ,1,2.49
3973284150,151,4,412,104126040,9907,2013-04-28,10,OZ,2,2
3973297445,58,57,5704,107047070,20230,2012-10-21,6,OZ,4,2.4
3973302575,12,63,6320,101111010,9698,2013-05-29,12,CT,1,1.09
3973303738,63,63,6315,101111010,6848,2012-07-14,128,OZ,1,1.5
3973306579,12,7,703,1076211171,17286,2013-06-03,0.93,OZ,1,7.99
3973306579,12,99,9908,103338333,33170,2013-06-07,13,OZ,1,1.99
3973312857,2,16,1604,102200020,6021,2012-10-01,45,CT,1,2.59
3973312857,2,26,2630,103600030,9787,2012-10-21,120,CT,1,2.19
3973312857,2,21,2108,104124444,11218,2012-11-21,25.4,OZ,2,5
3973312857,2,97,9753,1073231373,0,2012-12-09,1,CT,2,9.58
3973318439,191,19,1905,101111010,6678,2012-04-29,32,OZ,1,3.19
3973318439,191,73,7309,101111010,9907,2012-09-04,9,OZ,1,1.61
3973318439,191,26,2609,101111010,6678,2012-12-12,24,CT,1,2.59
3973346049,96,9,902,102410020,44209,2012-10-05,7,OZ,1,1.99
3973346208,96,51,5129,101450010,20864,2013-02-17,10,OZ,1,1.79
3973347359,96,72,7205,103700030,4294,2012-09-29,6.4,OZ,1,2.59
3973365921,214,63,6320,104122040,20514,2012-07-09,36,CT,1,4.48
3973365921,214,8,807,104122040,20514,2012-08-09,18,OZ,1,0.94
3973365921,214,30,3008,104122040,20514,2013-03-14,16,OZ,1,1.66
3973370969,214,5,501,101600010,3331,2012-06-17,17,OZ,1,2.98
3973377048,214,9,902,103010030,3744,2012-06-02,16,OZ,1,2.5
3973399748,206,51,5115,107218070,6718,2012-06-25,20.28,OZ,1,6.68
3973399748,206,8,811,102066222,12598,2012-07-27,24,OZ,1,2.68
3973399748,206,9,902,104400040,18775,2012-08-14,8.5,OZ,1,3.81
3973399748,206,56,5615,108685484,10218,2013-01-03,12,OZ,1,3.28
3973399748,206,45,4511,107274575,13804,2013-05-03,22,OZ,1,6.68
3973402510,46,97,9753,1020802424,0,2013-03-08,1,CT,1,2.78
3973402510,46,26,2628,103700030,2248,2013-04-04,6,RL,2,9.98
3973407092,46,9,907,107131474,1061,2012-05-20,17,OZ,1,1.25
3973407092,46,33,3305,104125040,11473,2012-12-04,20,OZ,1,2.99
3973407092,46,26,2633,1071373373,11473,2013-01-15,12,RL,2,9.98
3973422129,46,75,7501,107214070,5929,2012-10-17,1,OZ,1,1
3973422129,46,99,9904,1082890484,53713,2013-03-03,12,CT,1,3.49
3973441552,46,4,415,107339070,11515,2012-07-30,7.9,OZ,2,4
3973441552,46,3,302,102800020,30272,2012-12-17,12,OZ,1,2
3973451684,46,91,9126,108807686,2602,2013-04-29,0.75,LT,1,21.96
3973464973,14,54,5401,103800030,5618,2012-06-08,12.3,OZ,2,5
3973464973,14,9,912,104812141,18322,2012-10-29,13,OZ,1,4.09
3973479015,18,59,5902,102640020,4584,2012-07-30,16,OZ,1,3.49
3973479015,18,33,3305,102840020,18584,2012-11-13,10,OZ,1,3.6
3973479570,15,99,9904,1071575676,5278,2012-07-09,16,OZ,1,2.49
3973479570,15,4,418,102800020,54992,2012-08-25,11,OZ,1,3.5
3973479570,15,9,907,1060654161,11719,2012-11-11,24,OZ,1,3.49
3973479570,15,64,6401,108066080,4098,2013-05-17,144,OZ,1,10.42
3973482970,18,36,3630,107800070,23561,2012-07-07,20,OZ,1,1.69
3973482970,18,56,5620,102113020,10786,2013-03-08,16,OZ,1,5.29
3973485181,18,63,6320,107110171,58231,2012-09-03,6,CT,1,2.99
3973904929,285,26,2615,107301070,17990,2012-04-29,36,CT,1,7.79
3973904929,285,0,0,10000,0,2012-09-22,0,,3,0
3973904929,285,41,4121,101115010,15530,2013-01-12,15,OZ,1,1.19
3973904929,285,46,4606,107120272,5072,2013-03-09,16,OZ,1,3.49
3973968323,376,8,826,107788575,18011,2012-06-08,10,OZ,1,0.88
3973979450,85,56,5610,102100020,9886,2012-05-18,6,OZ,1,4.69
3973979450,85,30,3008,104133545,43106,2013-02-25,9,OZ,1,2.09
3973979450,85,57,5710,1068954464,6086,2013-06-07,17.6,OZ,1,3.79
3974136530,507,97,9748,107164171,15835,2012-08-17,2,CT,1,0.87
3974136530,507,57,5710,1068954464,6086,2012-11-11,6,OZ,4,5.16
3974427043,508,5,501,108523989,11176,2012-10-09,15,OZ,1,2.34
3974618515,510,97,9717,102519222,19097,2012-11-22,1,CT,2,16
3974703715,31,36,3604,102114020,19950,2013-06-12,144,OZ,2,5
3974705191,31,29,2904,101600010,7860,2012-05-08,5.1,OZ,2,4
3974705191,31,31,3107,104780040,162,2012-10-27,2,OZ,1,2.99
3974729479,31,56,5616,102114020,19950,2012-10-27,8,OZ,1,2.49
3974729479,31,5,501,103800030,11732,2013-02-05,18,OZ,2,5.95
3974746543,21,10,1011,104300040,26232,2012-10-16,14.1,OZ,2,4.6
3974748506,101,63,6315,1068826767,81691,2012-11-24,128,OZ,1,3.67
3974749335,101,21,2105,105200050,7054,2012-05-04,160,OZ,1,5.49
3974749335,101,58,5812,105450050,1322,2012-08-02,16,OZ,2,7.98
3974749335,101,58,5836,107778272,9260,2013-02-20,12,OZ,1,2.89
3974749454,101,18,1828,103700030,6236,2013-01-08,0.88,OZ,1,3.79
3974752543,77,0,0,10000,20405,2013-01-01,0,,1,-2
3974770921,64,21,2105,105200050,7054,2013-02-28,160,OZ,2,11
3974774572,65,49,4901,101312010,26885,2012-04-10,32,OZ,1,2.5
3974778939,65,9,907,1072543979,40679,2013-04-04,12,OZ,1,1.15
3974800651,70,9,907,107763373,17614,2012-12-21,20,OZ,1,0.7
3974829549,126,27,2707,101111010,13891,2012-09-22,3.5,LB,1,2.99
3974833232,431,0,0,10000,0,2013-01-16,0,,2,0
3974833232,431,0,0,10000,0,2013-02-23,0,,1,0
3974833637,211,41,4109,105200050,19212,2012-06-13,28,OZ,2,2
3974851753,191,82,8201,101111010,9907,2012-06-27,1,CT,1,6.99
3974851753,191,63,6317,102529323,16410,2012-09-10,64,OZ,1,2.99
3974851753,191,5,518,1085352282,5803,2013-04-03,5,OZ,1,4.09
3974851753,191,58,5827,107024777,6176,2013-05-13,16,OZ,1,4.99
3974871558,166,56,5620,103680030,6561,2012-04-24,16,OZ,1,3.88
3974874323,166,29,2904,101530010,13610,2012-11-28,4.7,OZ,1,0.88
3974879366,96,28,2805,103003434,7175,2012-08-27,6,OZ,1,1.25
3974893561,214,33,3303,102840020,10241,2013-02-13,9.5,OZ,1,2.68
3974907031,214,18,1819,107591474,7691,2012-04-15,1,CT,1,3.97
3974907031,214,99,9908,103338333,33170,2012-10-31,16,OZ,1,1.44
3974944405,46,37,3709,107066272,12673,2012-06-24,18,OZ,2,3.58
3974976877,46,33,3310,1082951585,27766,2012-05-30,7,OZ,2,5
3974976877,46,36,3611,108304686,8688,2012-09-01,405.6,OZ,1,3.5
3974976877,46,56,5609,107342070,4529,2013-01-14,24,OZ,1,2.69
3974997312,95,71,7107,107124979,21913,2012-07-13,1,CT,2,15.98
3975410486,285,63,6320,101115010,15530,2012-07-14,12,CT,1,1.69
3975487510,85,60,6011,101800010,14029,2012-11-16,16.3,OZ,2,3.32
3975487510,85,59,5902,1060788060,16965,2013-02-21,16,OZ,1,2.99
3975487510,85,19,1905,1060788060,16965,2013-04-19,18,OZ,1,2.29
3975504010,523,26,2609,104200040,5016,2012-05-19,48,CT,1,0
3975504010,523,16,1604,102200020,5558,2012-08-06,54,CT,1,2.39
3975532943,526,18,1828,106233868,319,2012-12-24,1.18,OZ,2,13.98
3975549503,526,69,6901,104740040,7196,2012-05-23,3,OZ,1,5.49
3975736555,507,74,7402,104740040,7196,2012-05-18,7,OZ,1,1.99
3976159436,31,55,5561,1085224484,35327,2013-03-16,16,OZ,1,4.99
3976178331,21,33,3307,104157040,2017,2012-06-12,16,OZ,1,7.99
3976178331,21,33,3304,1089359484,58277,2013-06-30,5,OZ,2,2.5
3976179848,21,17,1726,101920010,10882,2013-03-09,80,CT,1,4.99
3976181275,101,58,5824,102836424,14418,2012-07-02,16,OZ,1,4.49
3976181275,101,23,2301,1076738777,5261,2013-06-07,13.25,OZ,1,1.69
3976185106,77,8,807,102100020,9886,2012-09-08,18,OZ,2,3.29
3976185106,77,10,1011,102400020,4704,2012-11-03,6,OZ,1,1
3976223708,69,36,3601,101200010,13794,2013-07-22,67.6,OZ,1,1
3976257745,98,0,0,10000,0,2012-07-17,0,,1,0
3976257745,98,33,3303,102840020,10241,2013-01-31,14.5,OZ,1,2.98
3976264810,151,96,9609,1051600050,88199,2012-05-05,0,,1,-0.5
3976271963,12,58,5814,104470040,10837,2013-04-14,14.1,OZ,1,3.49
3976271963,12,95,9518,1072047373,7848,2013-05-06,1,CT,1,6.99
3976284142,191,21,2108,102870020,18702,2012-12-06,64,OZ,1,3.59
3976310360,96,0,0,10000,0,2012-09-20,0,,1,0
3976310609,96,37,3705,105100050,2820,2012-09-20,18.4,OZ,1,2.39
3976310609,96,36,3638,1073951070,16807,2013-01-23,20,OZ,1,1.25
3976310647,96,36,3638,1073951070,16807,2013-01-23,20,OZ,2,2.5
3976310793,96,0,0,10000,0,2012-10-24,0,,1,0
3976310793,96,59,5902,103450030,10165,2012-11-03,7,OZ,1,2
3976310935,96,4,418,103400030,2689,2012-06-15,4,OZ,1,1.5
3976310935,96,9,901,104400040,12600,2012-07-25,12,OZ,1,3
3976310935,96,63,6311,107146474,2142,2012-10-18,32,OZ,1,3
3976310935,96,63,6312,102500020,16487,2013-02-12,59,OZ,1,2.5
3976351948,214,99,9904,103338333,33170,2012-11-15,16,OZ,1,2.28
3976351948,214,9,907,107225070,12465,2013-05-01,20,OZ,1,2.78
3976382902,46,63,6320,104125040,11473,2012-06-24,12,CT,1,1.79
3976382902,46,63,6305,104125040,11473,2012-07-03,64,OZ,1,2.39
3976382902,46,9,917,104128949,1158,2012-09-16,8.5,OZ,2,2.9
3976382902,46,29,2928,101530010,58299,2012-09-30,6.5,OZ,2,2
3976382902,46,35,3506,103700030,3068,2013-01-14,75,OZ,1,4.49
3976388479,46,17,1703,1070882070,11473,2012-05-07,128,OZ,1,2.29
3976388479,46,0,0,10000,0,2012-05-17,0,,-1,-1
3976388479,46,8,810,104125040,11473,2012-09-07,1,OZ,1,1.25
3976388479,46,95,9517,1064541666,25075,2012-12-22,1,CT,0,0
3976427002,4,99,9908,10000,33170,2012-08-14,10,OZ,2,0.2
3976427002,4,37,3705,104119646,14582,2012-11-04,18.5,OZ,3,8.37
3976859926,109,18,1827,104650040,7249,2012-07-16,7,OZ,2,7.98
3976944483,524,36,3626,101200010,16391,2012-07-07,20,OZ,1,3
3976944483,524,26,2628,103700030,2248,2012-11-17,8,RL,1,6.49
3976951161,526,27,2706,105000050,6132,2012-06-21,3,OZ,4,3.8
3976951161,526,72,7208,1030813737,14982,2013-01-01,1,CT,2,9.98
3977306225,508,99,9908,103710232,11930,2012-10-20,8,OZ,1,2.46
3977363692,510,26,2622,101370010,8154,2012-09-11,50,CT,1,3.68
3977363692,510,14,1404,1089000080,11289,2013-04-05,38.4,OZ,1,7.34
3977363692,510,37,3709,104178949,11224,2013-04-05,3,OZ,3,0.69
3977567288,31,99,9904,1082757585,5338,2012-08-05,3.5,OZ,1,4.49
3977594389,16,5,501,103800030,17050,2012-11-12,16.7,OZ,1,5.49
3977595673,21,53,5307,107056070,14005,2012-11-08,10,OZ,2,2.7
3977597083,21,8,826,102724626,6325,2012-11-21,3,OZ,2,1.78
3977601687,77,63,6320,1071514171,25530,2012-07-12,18,CT,1,4.19
3977667638,98,63,6321,104082242,15667,2012-06-04,17,OZ,1,5.99
3977667638,98,33,3318,107797575,27417,2012-06-22,12,OZ,1,3.49
3977667638,98,11,1111,1063748060,1011,2013-03-30,2.1,OZ,1,2.29
3977672727,98,41,4105,106414464,70939,2013-01-13,10,OZ,1,0.94
3977673996,133,8,821,107889575,10298,2012-08-06,8,OZ,2,6.98
3977673996,133,37,3709,104178949,11224,2012-08-30,3,OZ,1,0.17
3977681527,431,0,0,10000,0,2012-06-06,0,,1,0
3977681527,431,17,1721,104650040,14149,2013-03-11,24,CT,1,4.79
3977682624,211,12,1202,104800040,38150,2012-05-04,6,OZ,1,2.19
3977682624,211,96,9609,1053600050,88199,2012-05-11,0,,1,-2
3977682624,211,4,416,102800020,4346,2012-07-13,1.3,OZ,3,1.78
3977682624,211,2,212,101330010,11211,2012-11-10,7,OZ,1,0.89
3977682624,211,9,907,102412626,10365,2012-11-17,20,OZ,1,1.67
3977682624,211,9,901,101111010,9907,2013-01-05,9,OZ,1,1.99
3977682624,211,71,7113,1060308464,7034,2013-02-16,13,OZ,1,3
3977682624,211,56,5616,102100020,9886,2013-03-24,7.5,OZ,1,3.49
3977682624,211,8,814,101111010,9907,2013-04-06,16,OZ,1,1.75
3977683987,12,33,3319,102840020,15598,2013-04-12,9,OZ,1,3.99
3977683987,12,14,1404,101480010,12021,2013-05-18,23.4,OZ,1,2.39
3977683987,12,5,504,1072225272,3695,2013-07-11,2.4,OZ,1,1
3977697640,140,63,6316,101111010,9907,2012-12-19,16,OZ,4,4
3977725925,96,9,921,107203070,5812,2012-09-12,2.8,OZ,1,1
3977726197,96,26,2622,101090010,15232,2012-12-24,2,CT,2,5.38
3977726197,96,10,1010,103400030,8247,2012-12-26,16,OZ,1,2.29
3977739924,214,25,2509,104122040,23511,2012-07-14,16,OZ,1,0.97
3977739924,214,8,803,107067070,18955,2012-10-14,4,OZ,1,1.89
3977752737,214,30,3009,102100020,9886,2012-07-16,16,OZ,1,1.98
3977752737,214,79,7901,107336171,4126,2012-07-31,1,CT,1,4.99
3977752737,214,99,9908,1071651979,11085,2013-04-06,12,OZ,1,2.48
3977764884,214,30,3001,105250050,5337,2012-09-12,18,OZ,1,2.98
3977764884,214,25,2503,105000050,32115,2012-11-13,15,OZ,1,3.48
3977764884,214,56,5617,104122040,20514,2013-03-01,12,OZ,1,2.48
3977765708,214,63,6315,104122040,20514,2012-07-12,128,OZ,1,2.98
3977773047,214,9,907,107341070,13291,2012-07-29,12,OZ,1,2.48
3977773047,214,58,5832,107740070,2500,2012-08-18,6,OZ,1,2.98
3977773047,214,5,519,103000030,14760,2013-01-20,11.8,OZ,1,2.48
3977774730,206,58,5823,102265525,2626,2013-07-16,8,OZ,2,7.96
3977782460,46,41,4108,1071928373,11473,2013-02-03,15,OZ,2,2.78
3977782460,46,4,418,103400030,8247,2013-03-09,9.3,OZ,1,3.5
3977800602,46,60,6011,101800010,14029,2012-04-12,16.3,OZ,1,1
3977800602,46,2,213,101600010,1756,2012-10-19,16.4,OZ,1,2.89
3977848506,4,38,3801,101580010,2649,2012-12-20,4,LB,1,4.19
3978549319,42,31,3101,105210050,11382,2012-10-21,2.87,OZ,1,2.99
3978549705,42,63,6311,107146474,2142,2012-07-28,52,OZ,2,11.98
3978549705,42,96,9609,1054110050,88199,2012-11-01,0,,2,-4
3978549705,42,29,2904,101600010,7860,2013-02-01,5.1,OZ,1,2.19
3978728830,24,33,3307,101411313,23033,2013-01-03,8,OZ,2,7.98
3978766979,525,4,416,104000040,26517,2012-04-29,3.74,OZ,2,2
3978786893,526,97,9734,1068010868,89622,2013-02-10,6,CT,1,2
3978817967,520,18,1841,103700030,17864,2012-05-11,16,CT,1,3.99
3978817967,520,9,907,104500040,20016,2012-07-27,9,OZ,1,2.63
3978827497,520,21,2119,1061300868,867,2013-02-14,128,OZ,2,5.98
3979106394,508,97,9753,104282343,0,2013-07-13,1,CT,1,3.29
3979109467,508,36,3631,101200010,12170,2012-06-12,144,OZ,1,3.33
3979139264,507,73,7304,101650010,25043,2013-03-06,20,CT,1,5.99
3979197365,509,73,7326,101650010,6484,2012-12-24,60,CT,2,12.58
3979279636,510,71,7102,1030813737,9259,2012-11-03,28,OZ,1,5.24
3979279636,510,36,3634,1078616272,7237,2013-01-08,20,OZ,2,2.48
3979285248,510,71,7112,1030813737,9259,2012-06-19,10,OZ,1,3.49
3979378822,240,63,6330,104567444,16284,2012-08-24,16,OZ,1,2.99
3979378822,240,33,3316,101600010,3397,2012-12-13,8.75,OZ,1,0
3979378822,240,99,9908,103260131,5489,2013-02-19,16,OZ,1,1.19
3979378822,240,23,2301,104130343,38922,2013-02-20,12,OZ,1,1.19
3979379039,240,5,501,103800030,24514,2012-09-15,17,OZ,2,7
3979427204,31,41,4107,102114020,19950,2012-10-06,14.5,OZ,2,1.16
3979427204,31,56,5615,102114020,19950,2013-02-16,16,OZ,1,4.99
3979427204,31,96,9609,1053377656,88199,2013-05-27,0,,1,-1
3979448037,31,58,5828,107790070,9200,2012-09-04,9.6,OZ,2,7.98
3979448037,31,8,818,105100050,14403,2012-09-07,45,OZ,1,4.19
3979483254,31,99,9904,103338333,33170,2013-02-01,64,OZ,1,3.49
3979493909,31,63,6311,108259282,12297,2013-06-09,15.2,OZ,2,3
3979525035,16,9,922,102430020,10577,2012-10-07,13.1,OZ,1,1.79
3979528070,21,58,5812,107091979,7981,2013-06-24,16,OZ,1,1.19
3979531919,21,9,907,107341070,2437,2012-09-03,18,OZ,1,2.49
3979532514,21,63,6315,104119040,16347,2012-11-01,128,OZ,1,4.49
3979534390,101,71,7110,107124979,21913,2012-10-01,13,OZ,1,3.79
3979534900,101,56,5620,104610040,15889,2013-01-09,8,OZ,2,5
3979538434,77,36,3604,107078474,18552,2012-07-21,12,OZ,1,0.2
3979538434,77,97,9781,10000,8255,2012-09-28,1,CT,1,-7.29
3979538491,77,63,6312,107078474,18552,2012-08-16,64,OZ,1,1.19
3979541746,101,29,2923,1076026373,1537,2013-02-09,11.5,OZ,1,2.99
3979565679,370,9,920,104126848,7904,2013-04-01,11,OZ,1,1.68
3979568047,64,14,1411,103582636,6564,2012-04-14,20,OZ,1,1.39
3979568047,64,5,501,103000030,58434,2012-11-21,12.5,OZ,1,3.99
3979613444,68,56,5617,1072543979,40679,2012-10-29,16,OZ,1,2.65
3979670099,70,29,2904,101600010,7860,2013-03-18,5.1,OZ,1,2
3979689290,83,9,907,101111010,9907,2012-05-17,21,OZ,1,1.5
3979689290,83,96,9609,1051380050,88199,2012-12-03,0,,2,-2.5
3979693289,98,51,5130,101111010,9907,2012-09-22,5.3,OZ,2,2
3979701511,126,56,5618,101111010,9907,2013-01-08,12,OZ,1,2.59
3979703148,126,40,4005,101111010,20588,2013-01-10,1.6,OZ,1,2.59
3979703148,126,44,4406,1082624686,19487,2013-02-21,8,OZ,1,4.99
3979704969,126,58,5835,101111010,9907,2013-03-13,32,OZ,1,4.29
3979706666,133,33,3307,101111010,9907,2012-09-10,8,OZ,1,3.99
3979706666,133,34,3403,103700030,15697,2013-01-02,6.3,OZ,1,1.49
3979706666,133,36,3601,104900040,3809,2013-01-06,101.4,OZ,1,3.34
3979706666,133,0,0,10000,0,2013-03-11,0,,1,0
3979706666,133,27,2710,109668999,16037,2013-03-27,14,LB,1,6.85
3979708261,211,54,5403,107229070,18158,2012-04-13,29,OZ,1,7.95
3979708261,211,36,3628,101111010,1814,2013-04-01,144,OZ,1,2.5
3979709854,211,36,3627,107800070,23362,2012-08-26,144,OZ,1,3.67
3979752238,133,9,907,101111010,9907,2013-01-07,12,OZ,2,1.98
3979752238,133,41,4108,101111010,9907,2013-02-09,15.5,OZ,3,2.07
3979753141,431,53,5307,101450010,20864,2012-05-27,12,OZ,1,2.49
3979753141,431,9,907,104157343,9907,2012-06-22,4,OZ,1,2
3979753141,431,28,2805,101111010,9907,2012-06-22,6,OZ,2,2.78
3979756739,211,63,6317,104157040,2017,2012-08-29,64,OZ,2,5.98
3979760881,63,37,3709,104178949,11224,2013-01-16,18,OZ,1,1.79
3979760881,63,36,3631,107800070,23209,2013-07-16,67.6,OZ,2,3.98
3979762771,63,99,9909,107143070,5072,2013-03-15,12.9,OZ,1,2.79
3979778146,2,9,908,1077098171,94010,2013-05-20,11.25,OZ,1,3.99
3979790670,215,41,4110,103940030,71386,2012-04-13,28,OZ,1,1.79
3979790670,215,8,809,101300010,8164,2012-12-03,12,OZ,4,5
3979790670,215,41,4107,101122515,19197,2012-12-27,14.5,OZ,2,1.18
3979815996,166,33,3305,102840020,5141,2012-04-19,1.25,OZ,1,0.5
3979815996,166,18,1850,102120020,16044,2012-07-29,3,CT,1,3.79
3979815996,166,4,416,103400030,8247,2013-01-31,1.55,OZ,1,0.99
3979815996,166,22,2201,104460040,3718,2013-01-31,96,OZ,1,2.19
3979815996,166,39,3903,103680030,6561,2013-02-03,16,OZ,1,2.69
3979815996,166,16,1604,102200020,13228,2013-02-05,14,CT,1,1.39
3979815996,166,63,6305,104850040,18799,2013-02-07,59,OZ,1,2.99
3979815996,166,16,1604,102200020,6021,2013-03-02,15,CT,4,5.16
3979815996,166,10,1010,103400030,8247,2013-03-04,24,OZ,1,2.79
3979836405,96,0,0,10000,0,2012-05-27,0,,1,0
3979836405,96,51,5134,104280040,18599,2013-02-08,59.3,OZ,1,11.59
3979837090,96,99,9904,1081204989,27736,2012-04-20,16,OZ,2,3
3979837090,96,41,4105,107294070,15064,2012-07-11,28,OZ,1,1.67
3979838897,96,33,3308,102840020,3336,2013-01-05,9.75,OZ,1,3.49
3979838897,96,55,5552,103003434,7175,2013-05-18,48,OZ,1,3
3979855509,214,97,9799,104867646,658,2012-09-27,1,CT,1,8.97
3979893524,214,29,2907,104150141,13296,2013-02-12,4.9,OZ,1,1.35
3979921027,214,41,4121,104122040,23511,2012-05-19,29,OZ,1,1.09
3979921027,214,8,810,104146040,14062,2012-11-25,2.75,OZ,1,0.88
3979929399,214,9,907,107087070,12106,2012-06-18,18.25,OZ,1,1.68
3979929560,214,58,5823,107597171,15878,2012-08-16,10,OZ,1,4.99
3979999457,46,30,3006,104300040,7467,2012-07-25,8,OZ,4,6.36
3980002974,46,33,3303,1071928373,11473,2012-05-15,15,OZ,1,3.29
3980002974,46,63,6315,104125040,11473,2012-08-17,128,OZ,2,5
3980002974,46,92,9212,1079285070,2593,2013-01-05,0.09,OZ,1,4.99
3980002974,46,59,5902,104125040,11473,2013-05-26,16,OZ,1,2.89
3980007923,46,99,9904,1071575676,5278,2012-07-19,6,OZ,2,2
3980007923,46,63,6328,107590070,2073,2013-06-05,20,OZ,1,1.5
3980044276,46,33,3304,103800030,17050,2013-04-15,4.5,OZ,1,2.5
3980044276,46,9,970,103800030,62065,2013-05-17,14.7,OZ,1,2.19
3980053235,46,9,901,103010030,6852,2012-08-16,11.5,OZ,2,6.18
3980053235,46,9,907,107130171,17614,2013-03-25,24,OZ,2,3
3980055610,46,97,9753,1022012323,0,2012-08-12,1,CT,1,1.5
3980055610,46,37,3706,104119646,14582,2012-10-06,18.5,OZ,6,12.18
3980057450,46,21,2105,104900040,14357,2013-02-13,32,OZ,1,0.79
3980058466,46,37,3703,104125040,11473,2013-04-19,10.5,OZ,2,1
3980067738,46,58,5814,104470040,10837,2012-04-21,4.2,OZ,1,1.58
3980068680,46,27,2702,102310020,13705,2012-08-13,40,LB,1,19.99
3980068680,46,31,3105,101440010,1321,2012-08-18,4.7,OZ,1,4.99
3980068680,46,27,2702,102310020,13705,2013-06-15,36.4,LB,1,19.99
3980068680,46,33,3315,102900020,14112,2013-06-27,8.3,OZ,1,5.47
3980070170,46,73,7359,1036671535,30083,2012-10-15,30,CT,1,28.48
3980070170,46,56,5613,104125040,11473,2012-10-29,8,OZ,2,5.58
3980070170,46,0,0,10000,20405,2013-02-25,0,,1,-0.5
3980090831,46,63,6313,107020070,11244,2012-08-05,13,OZ,1,3
3980090831,46,45,4511,104125040,11473,2013-01-19,64,OZ,1,7.99
3980090831,46,19,1908,105150050,9189,2013-05-30,16,OZ,1,2.79
3980125841,18,25,2509,102113020,10786,2012-12-10,16,OZ,1,1.09
3980126205,18,15,1504,102113020,15704,2012-06-18,6,OZ,2,3
3980126205,18,37,3703,102113020,15704,2012-12-31,10.5,OZ,2,1.98
3980126205,18,63,6320,102113020,10786,2013-02-22,18,CT,1,2.69
3980154737,15,36,3611,104900040,4599,2012-07-18,20,OZ,2,2.22
3980154737,15,8,807,107460979,9524,2012-07-27,18,OZ,1,2.99
3980154737,15,33,3307,102113020,15704,2012-09-19,32,OZ,1,4.99
3980154737,15,63,6315,102113020,10786,2012-09-28,32,OZ,1,1.49
3980154737,15,9,907,101376414,29015,2013-04-18,27,OZ,1,4.49
3980763948,42,31,3107,102150020,230,2012-05-13,3.5,OZ,1,2.99
3980765486,42,27,2707,101780010,3108,2012-06-10,1.13,LB,1,1.89
3981059040,285,19,1905,105150050,16728,2013-02-06,12,OZ,1,2.09
3981059040,285,33,3303,102840020,15598,2013-04-05,8.5,OZ,1,3
3981059040,285,33,3305,102840020,18584,2013-05-20,18,OZ,1,3.99
3981059865,285,60,6007,101115010,15530,2012-06-03,8,OZ,1,1.89
3981059865,285,21,2105,105200050,7054,2013-04-06,160,OZ,1,5.49
3981184436,24,6,607,107007474,5810,2012-08-10,48,OZ,2,22.98
3981217062,85,56,5613,104610040,15889,2013-05-07,8,OZ,1,3.19
3981252980,523,36,3601,104900040,3809,2012-08-11,42.2,OZ,2,1.58
3981270935,525,16,1601,105964252,5315,2012-12-10,72,CT,1,2.39
3981286330,524,81,8101,102820020,11186,2012-11-30,1,CT,1,6.29
3981296143,524,73,7357,103160434,12423,2012-08-21,100,CT,2,0
3981299467,524,71,7110,101150919,9389,2012-12-23,1,CT,1,9.99
3981300171,524,69,6901,103700030,16139,2012-11-11,2.6,OZ,2,10
3981301006,524,91,9128,108068686,9590,2013-02-27,0.75,LT,1,8.99
3981301006,524,16,1604,102200020,20100,2013-05-04,15,CT,1,1
3981305415,524,95,9518,1088351585,25075,2012-08-08,1,CT,1,1.29
3981305415,524,26,2628,103600030,9787,2012-12-22,1,RL,1,7.49
3981305415,524,75,7533,101101717,25703,2013-01-26,2,CT,1,18.39
3981332762,526,75,7507,1078852171,73798,2012-04-23,1,OZ,1,5.99
3981332762,526,95,9517,106700868,25075,2012-10-03,8,CT,1,1.99
3981379394,520,75,7501,107124979,21913,2012-11-25,8,OZ,1,9.19
3981486053,507,58,5814,104470040,10837,2012-11-28,10.6,OZ,2,5.2
3981676677,507,4,418,103400030,8247,2012-05-17,8.7,OZ,1,3.94
3981730990,508,56,5619,102135727,8277,2012-12-19,10,OZ,1,5.96
3981736315,508,33,3399,103510737,26063,2012-09-30,11.25,OZ,1,3.14
3981804319,508,19,1908,108523989,11176,2012-10-19,18,OZ,1,2.64
3981901039,510,12,1205,108000080,17292,2013-02-18,3,OZ,6,5.94
3981909809,510,75,7503,1030057333,3271,2012-11-12,0.45,OZ,1,2.99
3981939018,510,37,3705,108523989,11176,2012-04-18,19,OZ,1,1.61
3982011704,510,99,9908,1060580666,7655,2013-01-17,12,OZ,1,3.98
3982024392,510,1,106,101500010,29555,2012-10-03,1,OZ,1,2.87
3982024392,510,63,6311,108259282,12297,2013-02-07,15.2,OZ,1,2.82
3982198755,507,33,3310,107299575,33366,2012-05-28,6,OZ,1,1.79
3982488400,508,74,7407,107033070,1783,2012-12-16,4,CT,1,5.79
3982777527,510,97,9732,107166272,4239,2012-08-17,24,CT,2,1
3982806345,508,16,1604,102200020,5558,2012-05-06,18,CT,1,1.04
3982806345,508,4,410,104111646,50807,2012-09-07,0.5,OZ,1,0.55
3982807106,507,97,9768,107650171,3828,2013-03-29,1,CT,1,12.59
3982807106,507,97,9799,107869373,33170,2013-06-12,1,CT,1,4.7
3982829766,508,21,2108,101480010,12021,2013-02-27,64,OZ,1,2.51
3982842192,507,36,3634,1078616272,7237,2012-10-05,20,OZ,6,6.3
3982852447,508,67,6708,109674191,6388,2012-05-20,2,CT,1,4.08
3982902854,508,97,9753,1049031040,0,2012-10-30,1,CT,12,47.24
3982906141,508,71,7113,1030815131,3609,2012-08-22,10.1,OZ,2,5.14
3982931186,508,97,9753,1087489686,0,2012-05-27,1,CT,1,4.19
3982931186,508,22,2207,1075703777,13386,2013-01-12,48,OZ,1,7.91
3982931186,508,14,1404,1089000080,11289,2013-03-21,38.4,OZ,1,7.34
3982932735,508,16,1604,102200020,13228,2012-11-06,14,CT,1,1.04
3982932735,508,97,9753,1020801121,0,2013-01-05,1,CT,6,1.51
3982933011,510,17,1708,101980010,27327,2012-10-15,3.4,OZ,1,2.25
3982975589,508,59,5902,103450030,10165,2012-05-08,16,OZ,1,3.3
3982975589,508,67,6707,102045121,11429,2012-09-17,50,CT,1,17.94
3982975589,508,97,9753,10978006090,0,2012-12-11,1,CT,1,16.15
3983026244,507,17,1724,101920010,11968,2012-09-14,32,OZ,1,4.82
3983035200,507,97,9753,1089326585,0,2012-11-18,1,CT,1,4.18
3983035200,507,4,416,104137646,6663,2013-02-12,2,OZ,1,1.05
3983060642,507,72,7205,103500030,3830,2013-01-26,4.6,OZ,1,2.62
3983110973,507,71,7102,1030813737,9259,2012-04-27,9,OZ,2,8.5
3983226479,240,5,501,103800030,4086,2012-10-18,12,OZ,1,3.29
3983262372,224,41,4107,102880020,7907,2012-09-08,39,OZ,1,1.79
3983323982,31,63,6320,102114020,19950,2012-11-03,12,CT,1,3.39
3983323982,31,41,4107,101122515,20067,2013-04-08,6.5,OZ,1,1.99
3983347674,21,97,9709,104310040,11411,2012-08-19,1,CT,1,3.99
3983347674,21,55,5555,107457070,26051,2013-04-07,14,OZ,1,3.5
3983347674,21,57,5710,107047070,20230,2013-06-15,5.3,OZ,3,4
3983351053,101,97,9753,10000,0,2012-04-22,1,CT,116,2.31
3983351053,101,36,3601,104900040,3809,2013-07-13,60,OZ,1,3.34
3983351144,101,73,7307,1030057333,250,2013-04-14,20,CT,1,6.99
3983351626,101,45,4517,1070463979,2468,2012-05-20,32,OZ,1,10.99
3983390946,68,60,6010,101800010,14029,2012-05-27,30,OZ,2,5
3983409989,65,63,6328,109741999,6014,2012-05-18,8,OZ,3,2.37
3983409989,65,4,416,103400030,15113,2012-06-15,1.5,OZ,1,1.09
3983409989,65,5,501,101600010,3331,2012-08-13,17,OZ,1,2.5
3983422563,70,58,5828,103100030,1358,2012-12-30,6.4,OZ,2,2.58
3983422681,70,41,4107,103470030,74991,2012-05-18,29,OZ,2,2.68
3983422681,70,5,516,101600010,12426,2012-11-18,7.4,OZ,1,3.5
3983423063,70,75,7507,107704373,17223,2012-04-22,6,OZ,1,3.99
3983423063,70,5,516,101600010,12426,2012-05-12,8.9,OZ,1,3.5
3983426702,26,36,3618,101200010,23361,2012-10-14,144,OZ,1,4
3983431666,143,0,0,10000,0,2012-09-27,0,,2,0
3983431666,143,72,7205,103500030,3830,2013-01-20,4.6,OZ,1,1
3983432968,89,58,5823,107010070,9243,2012-05-18,8,OZ,1,2
3983432968,89,21,2118,108079383,6926,2012-07-12,16.9,OZ,2,1.38
3983439423,89,30,3007,1075576373,11042,2012-05-07,8,OZ,1,2.99
3983439423,89,99,9908,101111010,9907,2012-12-26,10,OZ,2,3.98
3983439423,89,33,3303,102840020,10241,2013-03-03,10,OZ,1,1.99
3983454449,12,0,0,10000,0,2013-02-09,0,,1,0
3983455674,63,51,5199,107460878,75168,2012-07-11,20,LB,1,2.49
3983455674,63,4,422,107034676,9886,2013-02-07,14,OZ,1,2.5
3983456968,63,18,1828,101980010,15181,2012-12-30,7.5,OZ,2,2
3983472269,191,41,4108,107227373,27268,2012-10-16,15.5,OZ,2,2.46
3983472269,191,63,6315,101111010,12028,2013-02-03,128,OZ,1,2.59
3983499260,96,73,7312,1030006535,375,2012-04-23,0.66,OZ,1,17.99
3983499955,96,36,3611,103003434,7175,2012-04-20,96,OZ,2,4.5
3983499955,96,33,3302,107615070,194,2012-11-10,16.5,OZ,1,3.5
3983514433,214,5,501,101600010,3789,2012-06-14,11.8,OZ,1,2.5
3983517251,214,21,2117,108768484,2903,2012-04-21,60,OZ,2,4.56
3983517251,214,97,9753,1022034424,0,2012-07-15,1,CT,1,7.73
3983517251,214,96,9609,1050000050,88199,2012-11-23,0,,1,-1
