2516399020,40,36,3628,101200010,12029,2013-02-01,20,OZ,1,1.59
2516399020,40,36,3631,107800070,23209,2013-02-03,67.6,OZ,1,1.99
2516399020,40,8,810,107052878,11382,2013-02-03,1,OZ,2,1.38
2516399020,40,33,3303,102114020,19950,2013-02-03,5,OZ,3,4.5
2516399020,40,58,5823,104470040,13310,2013-02-03,12,OZ,1,4.99
2516399020,40,63,6315,102114020,19950,2013-02-05,64,OZ,7,19.95
2516399020,40,22,2210,107261373,16794,2013-02-11,32,OZ,1,3.99
2516399020,40,95,9518,1061029060,7848,2013-02-11,1,CT,3,14.67
2516399020,40,71,7106,103700030,8047,2013-02-12,23.7,OZ,1,7.99
2516399020,40,59,5906,104060040,26155,2013-02-14,8,OZ,2,6.98
2516399020,40,4,419,103746636,10488,2013-02-14,5.1,OZ,2,7.98
2516399020,40,5,501,101600010,3331,2013-02-14,8.9,OZ,1,3.79
2516399020,40,63,6320,102114020,19950,2013-02-16,18,CT,2,6.58
2516399020,40,9,922,102430020,10577,2013-02-17,13.12,OZ,1,1.99
2516399020,40,9,907,103680030,3679,2013-02-19,12,OZ,7,6.93
2516399020,40,64,6401,101820010,2595,2013-02-21,288,OZ,1,16.99
2516399020,40,99,9909,103260131,5489,2013-02-21,5,OZ,1,3.99
2516399020,40,33,3313,102840020,10241,2013-02-24,15,OZ,1,3.79
2516399020,40,21,2119,1061300868,867,2013-03-02,128,OZ,1,2.99
2516399020,40,9,907,1087668181,58343,2013-03-02,8.8,OZ,1,2.99
2516399020,40,19,1910,10980090,12851,2013-03-02,13,OZ,1,4.39
2516399020,40,70,7001,107965676,1346,2013-03-05,16,OZ,1,6.99
2516399020,40,32,3204,104179040,1698,2013-03-09,17,OZ,1,8.99
2516399020,40,7,708,102550020,6550,2013-03-09,11.5,OZ,1,5.69
2516399020,40,21,2113,108768484,2903,2013-03-10,60,OZ,2,6.98
2516399020,40,63,6313,102114020,19950,2013-03-11,12,OZ,1,2.29
2516399020,40,63,6319,104850040,10522,2013-03-11,59,OZ,2,5
2516399020,40,72,7214,101254616,18738,2013-03-11,18,CT,1,1.29
2516399020,40,7,707,103570030,3929,2013-03-11,12,OZ,1,5.99
2516399020,40,51,5115,107192171,18492,2013-03-12,20.5,OZ,5,32.45
2516399020,40,51,5123,103736333,11602,2013-03-12,28,OZ,1,7.99
2516399020,40,9,908,102430020,10577,2013-03-14,3.1,OZ,2,1.5
2516399020,40,69,6901,107940070,1141,2013-03-16,2.7,OZ,1,4.99
2516399020,40,22,2211,103700030,2246,2013-03-16,40,CT,3,8.97
2516399020,40,92,9211,102270020,4197,2013-03-16,0.01,OZ,1,5.99
2516399020,40,26,2614,103600030,9878,2013-03-16,24,CT,1,3.59
2516399020,40,33,3312,103700030,14494,2013-03-17,13.3,OZ,1,6.99
2516399020,40,14,1411,107458474,10383,2013-03-17,20,OZ,2,3.98
2516399020,40,71,7113,102240020,18715,2013-03-17,5.7,OZ,1,4.99
2516399020,40,4,416,103400030,8247,2013-03-18,1.55,OZ,1,1.09
2516399020,40,56,5617,102100020,9886,2013-03-18,12,OZ,3,10.47
2516399020,40,73,7308,103680030,18533,2013-03-19,30,CT,1,1.29
2516399020,40,41,4105,106414464,70939,2013-03-19,10,OZ,3,4.17
2516399020,40,75,7501,103680030,18533,2013-03-19,10,OZ,1,2.39
2516399020,40,51,5127,103100030,1358,2013-03-20,10,OZ,3,3.75
2516399020,40,33,3305,102840020,15870,2013-03-22,11,OZ,1,2
2516399020,40,29,2924,101740010,11748,2013-03-22,8.8,OZ,1,2.19
2516399020,40,45,4509,102114020,28428,2013-03-23,32,OZ,1,9.99
2516399020,40,60,6010,101800010,14029,2013-03-24,12,OZ,3,5.07
2516399020,40,36,3630,107800070,23561,2013-03-24,67.6,OZ,3,5.67
2516399020,40,9,908,101308717,13330,2013-03-24,11.4,OZ,1,3.79
2516399020,40,99,9904,1064312666,5072,2013-03-24,1,CT,3,11.97
2516399020,40,36,3611,107343070,20325,2013-03-25,405.6,OZ,1,5.49
2516399020,40,36,3630,107800070,5208,2013-03-26,33.8,OZ,2,1.98
2516399020,40,63,6330,107081070,1377,2013-03-27,8,OZ,1,2.39
2516399020,40,56,5610,102114020,17735,2013-03-27,5,OZ,2,4.98
2516399020,40,8,807,102100020,9886,2013-03-27,80,OZ,2,11.38
2516399020,40,18,1890,105209252,43069,2013-03-29,6,CT,1,3.99
2516399020,40,21,2117,104300040,26420,2013-03-29,240,OZ,1,8.99
2516399020,40,64,6401,107199070,4043,2013-03-29,144,OZ,5,58.45
2516399020,40,31,3101,105210050,11382,2013-03-29,1.24,OZ,1,2.99
2516399020,40,44,4404,102114020,19950,2013-03-29,16,OZ,1,2.69
2516399020,40,8,810,107110070,8280,2013-03-30,1,OZ,6,11.94
2516399020,40,36,3636,104300040,29501,2013-03-30,192,OZ,4,15.96
2516399020,40,60,6012,101800010,14029,2013-03-31,13,OZ,2,5.58
2516399020,40,9,908,102560020,18051,2013-04-01,10,OZ,3,8.97
2516399020,40,30,3008,107110070,8280,2013-04-03,16,OZ,4,15.96
2516399020,40,55,5555,107684070,32094,2013-04-03,16,OZ,8,39.92
2516399020,40,28,2804,10930090,12157,2013-04-03,12,OZ,1,2.29
2516399020,40,71,7106,103700030,8047,2013-04-04,14.2,OZ,1,4.99
2516399020,40,55,5558,107189979,2010,2013-04-06,55.2,OZ,1,5.49
2516399020,40,55,5559,102500020,11749,2013-04-06,12,OZ,1,1.29
2516399020,40,49,4901,102114020,19950,2013-04-06,28,OZ,1,3.29
2516399020,40,45,4509,102473222,60740,2013-04-06,16,OZ,3,26.97
2516399020,40,55,5552,102114020,19950,2013-04-07,56,OZ,6,20.94
2516399020,40,58,5823,102114020,18352,2013-04-07,16,OZ,1,1.69
2516399020,40,36,3611,102114020,19950,2013-04-07,202.8,OZ,2,6.78
2516399020,40,63,6323,104190040,4664,2013-04-07,64,OZ,1,4.59
2516399020,40,70,7002,1030813737,25162,2013-04-08,20,CT,2,6.88
2516399020,40,33,3303,102068525,2892,2013-04-09,8,OZ,1,3.79
2516399020,40,64,6401,101820010,2510,2013-04-10,288,OZ,4,79.96
2516399020,40,5,516,103000030,14760,2013-04-11,6.5,OZ,2,6.98
2516399020,40,17,1703,101980010,19934,2013-04-11,26,OZ,1,3.29
2516399020,40,59,5902,103450030,10165,2013-04-13,16,OZ,1,4.79
2516399020,40,33,3303,102840020,15598,2013-04-14,8.25,OZ,1,4.29
2516399020,40,59,5907,102114020,19950,2013-04-14,16,OZ,1,1.29
2516399020,40,9,922,1060788060,16965,2013-04-15,12,OZ,2,3.18
2516399020,40,28,2805,107647979,7233,2013-04-16,7,OZ,1,3.99
2516399020,40,56,5607,102100020,13967,2013-04-19,8,OZ,6,17.04
2516399020,40,26,2619,101258717,7245,2013-04-20,20,CT,1,5.39
2516399020,40,22,2210,102114020,19950,2013-04-20,34,OZ,1,3.49
2516399020,40,5,501,102114020,19950,2013-04-22,18.2,OZ,1,3.59
2516399020,40,29,2903,106414464,3342,2013-04-22,7,OZ,2,1.5
2516399020,40,50,5001,101380010,27474,2013-04-23,10,OZ,1,3
2516399020,40,34,3499,1077377474,98645,2013-04-25,1,CT,1,1.49
2516399020,40,92,9211,104155444,11347,2013-04-25,0.43,OZ,1,5.79
2516399020,40,5,501,103800030,14900,2013-04-25,13.7,OZ,1,3.79
2516399020,40,64,6410,101820010,2510,2013-04-26,96,OZ,6,71.94
2516399020,40,35,3508,103700030,18371,2013-04-27,16,OZ,2,11.98
2516399020,40,58,5823,105190050,26456,2013-04-27,18,OZ,1,6.99
2516399020,40,33,3307,103680030,3679,2013-04-27,16,OZ,2,5.76
2516399020,40,7,707,102550020,6550,2013-04-28,10.8,OZ,1,4.29
2516399020,40,56,5611,107055171,3322,2013-04-28,5.3,OZ,1,4.99
2516399020,40,9,917,102733121,9966,2013-05-02,16,OZ,1,2.79
2516399020,40,7,707,102550020,6550,2013-05-03,11.3,OZ,2,8.58
2516399020,40,64,6401,101820010,2510,2013-05-04,144,OZ,6,70.44
2516399020,40,64,6401,107289070,8159,2013-05-04,72,OZ,1,7.99
2516399020,40,81,8101,102610020,12599,2013-05-04,1,CT,2,13.1
2516399020,40,55,5566,107239272,20744,2013-05-06,10,OZ,1,1.19
2516399020,40,9,921,1071174777,101613,2013-05-09,4,OZ,1,3.49
2516399020,40,59,5907,102900020,2012,2013-05-09,16,OZ,1,0.99
2516399020,40,34,3411,107940070,17521,2013-05-10,12,OZ,1,2.29
2516399020,40,33,3303,102840020,15598,2013-05-10,13.5,OZ,1,4.99
2516399020,40,17,1704,103680030,3679,2013-05-10,32,OZ,1,1
2516399020,40,9,901,104400040,13243,2013-05-11,15.35,OZ,4,16.76
2516399020,40,25,2506,105000050,32115,2013-05-12,32,OZ,1,3.99
2516399020,40,24,2403,103680030,3679,2013-05-12,10,OZ,7,13.16
2516399020,40,7,708,1076211171,17286,2013-05-12,12,OZ,3,29.97
2516399020,40,21,2105,104900040,14357,2013-05-14,160,OZ,2,11.98
2516399020,40,9,917,107225070,11587,2013-05-15,25,OZ,1,1.99
2516399020,40,18,1890,103535535,5138,2013-05-18,2,CT,2,23.98
2516399020,40,33,3305,107208070,7395,2013-05-18,10,OZ,1,1.99
2516399020,40,9,970,103800030,62065,2013-05-19,14.1,OZ,2,5.58
2516399020,40,35,3504,103680030,3679,2013-05-20,25,OZ,1,1
2516399020,40,26,2622,102114020,19950,2013-05-20,40,CT,1,3.99
2516399020,40,55,5552,104767747,11198,2013-05-20,16,OZ,1,3.29
2516399020,40,58,5831,102114020,19950,2013-05-21,24,OZ,1,6.49
2516399020,40,33,3302,102700020,57417,2013-05-24,6,OZ,1,3.49
2516399020,40,62,6201,107111777,15194,2013-05-25,48,OZ,2,13.98
2516399020,40,10,1010,103680030,3679,2013-05-25,24,OZ,2,3.16
2516399020,40,26,2614,103600030,9878,2013-05-28,14,CT,1,3.59
2516399020,40,64,6409,108012080,447,2013-05-28,1.5,LT,1,8.49
2516399020,40,33,3305,102840020,15870,2013-05-29,11,OZ,12,24
2516399020,40,91,9122,107480676,4518,2013-05-29,10,OZ,4,7.96
2516399020,40,56,5616,103450030,10165,2013-05-30,8,OZ,3,11.97
2516399020,40,8,838,102114020,28428,2013-06-01,8,OZ,1,1.99
2516399020,40,56,5614,102114020,19950,2013-06-01,10,OZ,3,11.97
2516399020,40,9,970,103800030,62065,2013-06-02,20.3,OZ,1,3.59
2516399020,40,1,106,101500010,7142,2013-06-02,7,OZ,1,1.12
2516399020,40,36,3611,102114020,19950,2013-06-02,101.4,OZ,3,5.97
2516399020,40,56,5617,102100020,9886,2013-06-03,16,OZ,3,13.47
2516399020,40,26,2629,104200040,5016,2013-06-03,180,CT,1,3.19
2516399020,40,36,3634,105200050,14597,2013-06-03,24,OZ,2,2.78
2516399020,40,36,3626,104900040,17186,2013-06-03,67.6,OZ,6,11.04
2516399020,40,7,708,1076211171,17286,2013-06-04,12,OZ,1,8.99
2516399020,40,8,803,105440050,7686,2013-06-05,8,OZ,1,3.19
2516399020,40,36,3601,101200010,13794,2013-06-05,50.7,OZ,1,1.29
2516399020,40,14,1411,102114020,19950,2013-06-07,20,OZ,1,1.69
2516399020,40,71,7113,1060308464,7034,2013-06-07,25.4,OZ,2,13.98
2516399020,40,7,707,102114020,19950,2013-06-07,11,OZ,1,3.39
2516399020,40,6,610,107084777,11910,2013-06-07,64,OZ,1,7.99
2516399020,40,57,5704,103663232,4568,2013-06-08,48,OZ,3,17.97
2516399020,40,33,3303,102840020,10241,2013-06-08,10,OZ,42,180.18
2516399020,40,27,2704,103270030,7966,2013-06-09,5.7,OZ,1,4.29
2516399020,40,60,6010,103680030,3679,2013-06-09,7.5,OZ,2,3.98
2516399020,40,38,3801,103570030,3929,2013-06-09,1,LB,9,11.61
2516399020,40,64,6401,101820010,31244,2013-06-10,72,OZ,1,8.99
2516399020,40,38,3801,104480040,62568,2013-06-10,0.25,LB,1,0.99
2516399020,40,33,3303,108379181,20295,2013-06-12,10,OZ,1,3.99
2516399020,40,36,3626,104900040,17186,2013-06-12,20,OZ,3,4.77
2516399020,40,9,907,102114020,19950,2013-06-15,20,OZ,42,80.53
2516399020,40,8,836,102114020,19950,2013-06-16,16,OZ,3,4.17
2516399020,40,10,1011,104300040,26232,2013-06-18,25,OZ,1,4.69
2516399020,40,56,5617,102100020,9886,2013-06-18,12,OZ,19,66.31
2516399020,40,33,3309,102840020,18584,2013-06-18,13,OZ,4,17.16
2516399020,40,56,5610,102114020,19950,2013-06-19,5,OZ,1,2.49
2516399020,40,7,706,101200010,17286,2013-06-19,13.7,OZ,2,4.78
2516399020,40,64,6401,101820010,11616,2013-06-20,72,OZ,1,7.49
2516399020,40,41,4107,102114020,19950,2013-06-20,15.25,OZ,7,6.23
2516399020,40,63,6319,102114020,19950,2013-06-20,128,OZ,1,2.5
2516399020,40,26,2608,104142646,4913,2013-06-21,96,CT,1,5.89
2516399020,40,56,5616,102100020,9886,2013-06-21,7.5,OZ,1,3.29
2516399020,40,58,5813,107187171,13310,2013-06-21,16,OZ,1,3.59
2516399020,40,98,9803,102260020,6373,2013-06-22,3,OZ,1,14.49
2516399020,40,7,707,107103878,25424,2013-06-22,10.5,OZ,1,4.59
2516399020,40,36,3632,102114020,23503,2013-06-23,101.4,OZ,2,5.98
2516399020,40,2,202,105150050,14029,2013-06-23,17.5,OZ,2,4
2516399020,40,9,907,105040050,3854,2013-06-23,20,OZ,31,80.29
2516399020,40,2,214,102114020,19950,2013-06-23,32,OZ,2,5.18
2516399020,40,36,3603,104300040,26420,2013-06-24,256,OZ,1,3.99
2516399020,40,4,418,103400030,16463,2013-06-25,5.6,OZ,1,3.79
2516399020,40,29,2914,102100020,9886,2013-06-25,2.05,OZ,13,16.25
2516399020,40,63,6323,102114020,19950,2013-06-26,32,OZ,2,4.58
2516399020,40,1,106,101500010,7142,2013-06-27,3.5,OZ,2,3.58
2516399020,40,4,416,103400030,9739,2013-06-27,1.5,OZ,4,4.36
2516399020,40,29,2914,102100020,9886,2013-06-27,7.25,OZ,6,11.34
2516399020,40,29,2914,102100020,9886,2013-06-27,8.2,OZ,1,4.79
2516399020,40,26,2613,103700030,13481,2013-06-28,24,CT,1,10.99
2516399020,40,56,5610,102114020,19950,2013-06-28,5,OZ,1,2.49
2516399020,40,36,3632,107800070,8019,2013-06-28,67.6,OZ,1,1.99
2516399020,40,31,3108,102460020,11990,2013-06-29,8,OZ,9,11.61
2516399020,40,5,501,101600010,3331,2013-06-29,10.9,OZ,1,4.49
2516399020,40,9,922,102430020,10577,2013-06-30,12,OZ,27,48.33
2516399020,40,9,908,1079357373,78615,2013-06-30,15.9,OZ,2,9.18
2516399020,40,5,501,101600010,4009,2013-06-30,15.6,OZ,1,4.99
2516399020,40,58,5837,104470040,13310,2013-06-30,2.52,OZ,1,5.49
2516399020,40,63,6315,109396696,13264,2013-06-30,64,OZ,1,4.89
2516399020,40,18,1835,104460040,9709,2013-07-01,6.7,LB,1,6.99
2516399020,40,55,5567,107064070,2014,2013-07-01,23,OZ,1,5.49
2516399020,40,8,810,102114020,19950,2013-07-01,0.87,OZ,1,1.19
2516399020,40,14,1404,101480010,12021,2013-07-01,12.7,OZ,4,11.96
2516399020,40,56,5699,107464171,73635,2013-07-01,22,OZ,1,7.99
2516399020,40,51,5134,104132242,6167,2013-07-03,10,OZ,3,9
2516399020,40,75,7504,102114020,19950,2013-07-03,16,OZ,1,3.99
2516399020,40,63,6324,1073649070,17823,2013-07-04,18,OZ,2,11.98
2516399020,40,8,801,102700020,8612,2013-07-04,35,OZ,8,23.92
2516399020,40,63,6340,102114020,19950,2013-07-05,16,OZ,2,13.98
2516399020,40,64,6401,101820010,12358,2013-07-05,144,OZ,2,16.58
2516399020,40,60,6012,101800010,14029,2013-07-05,13,OZ,1,2.79
2516399020,40,64,6401,103410030,11704,2013-07-06,240,OZ,1,17.49
2516399020,40,58,5823,104450040,8318,2013-07-06,8,OZ,5,19.95
2516399020,40,64,6408,108158484,39787,2013-07-06,0.75,LT,5,60.95
2516399020,40,14,1410,102850020,10802,2013-07-07,22,OZ,2,6.38
2516399020,40,10,1010,103400030,8247,2013-07-08,24,OZ,1,2.69
2516399020,40,36,3601,101200010,13794,2013-07-08,144,OZ,14,76.86
2516399020,40,63,6316,102100020,2321,2013-07-08,16,OZ,2,5.98
2516399020,40,63,6315,104138343,10091,2013-07-08,96,OZ,1,6.29
2516399020,40,4,410,107339070,23682,2013-07-08,3.3,OZ,1,1.09
2516421875,85,29,2928,104100040,9814,2012-06-11,5.6,OZ,1,1
2516421875,85,97,9748,101122515,157,2012-08-23,10,CT,1,0.99
2516421875,85,9,906,1060788060,16965,2012-09-12,5.5,OZ,1,2.09
2516433165,21,9,908,107203070,5812,2013-05-19,15,OZ,1,2.64
2516433629,21,5,501,101600010,3331,2013-01-12,21.6,OZ,1,4.59
2516458224,77,73,7305,1030008535,273,2013-01-30,0.5,OZ,1,4.79
2516458889,77,27,2710,107023070,18373,2013-01-04,20,LB,1,3.5
2516458889,77,73,7308,1031254636,7853,2013-01-10,25,CT,2,3.98
2516459680,77,56,5616,104610040,15889,2012-03-25,6.84,OZ,1,3.79
2516459834,77,33,3318,102840020,15441,2012-06-06,16,OZ,1,2.44
2516459834,77,99,9908,103338333,33170,2012-08-22,16,OZ,1,1.98
2516463512,77,19,1904,107078474,18552,2012-04-26,12,OZ,1,3.49
2516467897,77,92,9210,1060933262,32336,2012-04-22,0.18,OZ,2,2
2516467897,77,63,6320,107078474,18552,2012-08-11,12,CT,2,4.78
2516467897,77,26,2628,105400050,16048,2013-03-17,6,RL,1,5.99
2516471652,77,9,912,107078474,18552,2012-11-25,14.25,OZ,1,1.4
2516474363,64,26,2609,101370010,8154,2013-01-06,50,CT,1,2
2516502132,70,57,5705,107047070,20230,2013-05-17,6,OZ,2,1.2
2516652348,70,81,8101,101230010,2803,2012-10-02,1,CT,1,4.76
2516652348,70,81,8101,101230010,2803,2013-02-05,1,CT,1,4.83
2516670989,26,58,5828,102781525,5557,2012-11-15,8.3,OZ,1,2.99
2516698807,151,59,5902,103450030,10165,2012-06-10,16,OZ,1,3.48
2516713130,143,45,4511,101111010,9907,2012-09-18,48,OZ,1,4.49
2516713130,143,36,3618,104900040,23359,2013-03-29,20,OZ,1,1.69
2516731221,96,9,908,107203070,5812,2012-05-20,17,OZ,1,3.49
2516731221,96,60,6001,105000050,30272,2012-08-24,16.5,OZ,1,2.99
2516740622,214,99,9908,1075166676,52506,2013-02-11,10.5,OZ,1,2.94
2516740814,214,58,5835,107790070,9200,2012-10-11,16,OZ,3,9.51
2516749566,214,18,1890,1074938474,52946,2012-11-03,1,CT,3,2.64
2516755109,214,9,922,101600010,6283,2012-08-06,5.34,OZ,1,2.64
2516765862,206,51,5121,104369545,10274,2012-05-28,9,OZ,2,6
2516765862,206,99,9908,1060580666,7655,2012-10-16,48,OZ,1,1.98
2516765862,206,81,8101,101230010,19956,2013-04-19,1,CT,1,4.44
2516765937,206,99,9908,103338333,33170,2013-02-07,16,OZ,1,1.85
2516765937,206,56,5617,102100020,9886,2013-02-25,8,OZ,1,3.68
2516770284,46,54,5403,101800010,14029,2013-06-08,11.5,OZ,1,2.09
2516771245,46,26,2614,1030800434,2964,2012-08-04,20,CT,1,0.94
2516789180,46,97,9799,101440010,1321,2012-08-15,3,CT,1,2.99
2516789180,46,35,3509,103320030,875,2013-05-21,75,OZ,2,4.99
2516806030,46,33,3303,102840020,10241,2012-11-29,10.5,OZ,1,3
2516822195,17,33,3302,102389626,14268,2012-08-09,9,OZ,1,2.99
2516828672,88,57,5710,1089470080,21065,2013-05-01,32,OZ,1,6.39
2516834911,95,4,411,101130010,2272,2013-03-31,16,OZ,1,2
2516847038,15,6,603,1075174676,13359,2012-12-19,12,OZ,1,5.19
2517144419,42,24,2403,105100050,17812,2013-05-13,4.5,OZ,1,1.99
2517144419,42,41,4120,102700020,8612,2013-06-25,12,OZ,1,1.39
2517161964,402,95,9518,106700868,25075,2012-07-07,1,CT,2,6.98
2517161964,402,36,3628,101200010,12029,2012-07-22,96,OZ,1,3.99
2517220624,404,97,9760,103867535,33170,2012-10-06,1,CT,1,99.99
2517311470,285,36,3618,101200010,23361,2012-05-27,20,OZ,1,1.59
2517420283,24,55,5552,1071754474,17653,2012-12-22,56,OZ,1,2.5
2517421110,377,10,1011,104300040,26232,2013-02-05,13.5,OZ,1,3.99
2517475767,507,18,1842,102120020,43184,2012-03-14,2,CT,1,3.03
2517969697,85,34,3403,103500030,8919,2013-02-17,30,OZ,1,3.69
2517981038,85,51,5117,103680030,3679,2013-03-28,6.5,OZ,1,1
2517983010,21,56,5614,104171646,6769,2012-09-27,10,OZ,1,4.69
2517983010,21,72,7209,1030813737,14982,2012-12-06,40,YD,1,2.49
2517983682,21,33,3305,102840020,5141,2012-09-09,11.5,OZ,1,3.49
2517998869,240,55,5558,104410040,8481,2012-08-29,30,OZ,1,2.5
2518005305,77,58,5823,104470040,13310,2013-02-09,16,OZ,1,3.29
2518005305,77,5,501,1088491282,16363,2013-02-09,15,OZ,1,3.99
2518023025,64,37,3707,102400020,3843,2012-06-11,32,OZ,1,2.69
2518083410,65,9,918,101410010,13791,2012-09-23,7.2,OZ,1,2.99
2518187923,64,69,6901,101204414,13056,2013-01-11,3.25,OZ,1,2.99
2518209698,165,9,907,107203676,7953,2012-03-27,19,OZ,1,2.99
2518209698,165,36,3635,107478070,13856,2013-04-22,33.8,OZ,1,1.99
2518219977,126,59,5902,101111010,9907,2012-11-21,16,OZ,1,2.5
2518223750,431,8,807,101340919,17823,2012-09-01,18,OZ,1,1
2518223750,431,54,5401,103800030,5618,2012-12-22,10.75,OZ,1,1.99
2518223750,431,51,5115,107218070,18520,2013-03-23,7.42,OZ,2,2
2518223750,431,36,3611,101111010,9907,2013-05-01,405.6,OZ,1,2.88
2518231820,151,10,1013,103890030,5072,2012-04-03,17.2,OZ,1,2.49
2518231820,151,51,5126,101380010,27474,2012-04-03,10.5,OZ,1,2.75
2518246480,63,21,2105,104900040,14357,2013-04-07,160,OZ,1,4.99
2518247631,63,74,7407,107033070,1783,2012-05-11,3,CT,2,8.98
2518247631,63,51,5129,103620030,1698,2012-07-24,24,OZ,1,5.97
2518251014,89,5,502,101130010,6161,2012-05-27,9,OZ,1,2.99
2518251014,89,63,6315,101111010,9907,2012-11-11,128,OZ,1,2.59
2518268727,96,57,5704,103003434,28496,2012-11-26,6.5,OZ,1,2.25
2518268727,96,9,917,104600040,13023,2013-02-03,11,OZ,1,1.25
2518269562,96,79,7901,107148676,46434,2012-04-29,1,CT,1,3.99
2518269562,96,0,0,10000,0,2012-11-08,0,,1,0
2518269562,96,9,907,101122515,19197,2012-12-04,16,OZ,5,3.95
2518269562,96,57,5705,107047070,20230,2013-02-06,6,OZ,10,7.9
2518377661,18,2,202,101600010,1756,2013-01-17,17.5,OZ,1,3.08
2518395900,360,63,6320,104173545,14456,2012-09-28,12,CT,2,4.58
2518408321,48,99,9904,1066529060,52314,2012-04-06,32,OZ,2,9.58
2518408321,48,82,8201,104656747,14903,2012-08-28,1,CT,1,10
2518680420,42,5,519,103000030,14760,2012-09-30,2.46,OZ,1,1.66
2518680420,42,26,2607,104149747,19710,2012-12-29,1,CT,1,1.09
2518839333,401,74,7405,104740040,7196,2012-07-20,5,CT,1,16.99
2518848804,285,0,0,10000,20405,2012-07-12,0,,1,-2.4
2518848804,285,36,3618,104900040,23359,2013-04-06,42.2,OZ,1,1.19
2518848940,285,29,2930,106414464,3342,2012-03-12,7.25,OZ,2,2.28
2518848940,285,5,501,1088491282,86364,2012-04-04,16,OZ,1,4.18
2518849529,285,30,3008,107110070,8280,2012-06-27,16,OZ,1,3.43
2518849555,285,37,3706,104119646,14582,2012-10-09,19,OZ,1,1.25
2518849555,285,64,6409,108832080,7051,2013-04-21,0.75,LT,1,3.99
2518868017,224,63,6315,107774171,22433,2012-05-17,128,OZ,1,3.61
2518868017,224,51,5115,107218070,15035,2012-10-28,23.45,OZ,1,3.33
2518868017,224,8,830,101300010,8164,2012-12-29,12,OZ,1,1.79
2518941030,377,63,6316,104990040,9818,2012-11-19,16,OZ,1,1.5
2519145537,510,97,9753,10978006090,0,2012-06-07,1,CT,2,7.98
2519145537,510,57,5710,1089470080,21065,2013-04-23,14,OZ,1,2.99
2519209023,31,10,1012,102700020,23332,2013-03-25,13,OZ,2,2.5
2519209023,31,7,708,104133141,7531,2013-03-27,8.8,OZ,1,3.79
2519209023,31,63,6320,102114020,19950,2013-03-27,12,CT,2,4.58
2519209023,31,55,5552,107189979,2010,2013-03-29,16,OZ,1,2.69
2519209023,31,70,7001,107965676,1346,2013-03-31,16,OZ,1,6.99
2519209023,31,29,2928,101530010,58299,2013-04-07,4.3,OZ,1,1.79
2519209023,31,29,2914,102100020,9886,2013-04-08,4.1,OZ,1,2.19
2519209023,31,54,5403,107790070,9200,2013-04-19,18,OZ,1,5.99
2519209023,31,58,5823,102114020,19950,2013-04-26,10,OZ,1,3.29
2519209023,31,36,3628,101200010,12029,2013-04-26,67.6,OZ,1,1.99
2519209023,31,58,5832,102370020,18969,2013-04-26,6,OZ,1,3.49
2519209023,31,53,5307,101450010,20864,2013-04-27,19,OZ,2,5.78
2519209023,31,56,5614,102114020,19950,2013-04-28,12,OZ,1,3.99
2519209023,31,4,416,104000040,18946,2013-05-03,3.28,OZ,1,1.25
2519209023,31,71,7114,103878535,1079,2013-05-19,7,OZ,1,3.79
2519209023,31,21,2121,1087701282,4708,2013-05-23,32,OZ,1,1.59
2519209023,31,97,9753,106929868,0,2013-05-23,1,CT,1,3.99
2519240798,85,31,3101,1060788060,16965,2012-09-12,2.37,OZ,1,1.79
2519243038,21,5,520,104119040,16347,2012-04-06,18,OZ,1,1.39
2519243038,21,57,5710,103663232,4568,2012-04-22,5.3,OZ,10,10
2519243649,21,64,6401,107199070,4043,2012-12-05,144,OZ,1,10.99
2519269824,77,31,3101,105210050,11382,2012-04-02,2.37,OZ,1,2.62
2519269824,77,4,421,102363727,18552,2012-07-01,26,OZ,2,5.97
2519269824,77,81,8101,102820020,11186,2013-02-01,1,CT,1,9.5
2519271483,77,63,6320,107078474,18552,2012-03-11,6,CT,1,1.29
2519271483,77,63,6315,107078474,18552,2013-07-07,64,OZ,1,-2.16
2519388473,65,21,2116,107239272,11893,2012-06-14,40.5,OZ,1,0.55
2519388473,65,31,3108,101360010,4916,2012-11-18,13,OZ,1,0.99
2519388473,65,8,810,103582636,6564,2012-12-31,1.25,OZ,2,1.58
2519432523,65,55,5552,107756777,2347,2012-07-16,48,OZ,2,6.98
2519432523,65,29,2925,105480050,19039,2013-04-10,80,OZ,1,7.99
2519473965,143,56,5619,102100020,19279,2012-08-06,32,OZ,1,5.99
2519473965,143,33,3316,101111010,9907,2012-11-08,8.75,OZ,1,1.89
2519474009,83,3,311,101600010,1756,2013-04-18,16,OZ,1,1.79
2519474009,83,2,213,101600010,1756,2013-06-27,18.25,OZ,1,2.49
2519474281,83,8,818,103620030,14868,2012-04-03,23.9,OZ,1,1.67
2519474281,83,71,7107,1030099737,15219,2012-05-23,1,CT,1,3.19
2519474281,83,59,5902,101111010,9907,2012-11-28,16,OZ,1,2.79
2519477694,151,79,7901,107549070,31367,2012-04-23,1,CT,1,3.99
2519477694,151,27,2702,102310020,13705,2012-06-18,15,LB,1,15.99
2519494132,211,8,805,104150040,6714,2013-03-12,15,OZ,1,1.99
2519496976,126,51,5119,102370020,78850,2012-04-28,32,OZ,1,7.47
2519510649,12,18,1898,103980030,5782,2012-07-17,16,CT,1,10.97
2519510649,12,0,0,10000,0,2013-03-30,0,,1,0
2519530305,96,57,5707,105215959,41981,2012-06-08,16,OZ,1,3.39
2519531024,96,0,0,10000,0,2012-07-27,0,,1,0
2519531024,96,26,2609,103003434,7175,2012-12-01,48,CT,1,2.99
2519531375,96,58,5830,107091979,7981,2013-02-01,8,OZ,1,3
2519540091,214,26,2634,103600030,4139,2012-03-16,4,RL,1,3.19
2519540091,214,9,907,107313070,13291,2012-05-04,48,OZ,1,2.98
2519540091,214,57,5704,104667545,20216,2012-05-10,16,OZ,1,2.18
2519540091,214,7,706,104127141,26189,2012-07-02,64,OZ,1,3.68
2519540091,214,41,4107,104122040,23511,2013-05-12,14.4,OZ,1,2.99
2519546609,214,36,3601,104122040,20514,2013-06-12,72,OZ,1,1.25
2519596417,46,21,2112,104175545,26430,2012-03-19,32,OZ,1,3.59
2519596417,46,63,6324,107892979,10635,2012-08-27,15,OZ,1,4.99
2519603526,46,97,9716,107038272,11470,2012-07-13,24,OZ,1,5.89
2519603526,46,18,1813,107535373,33170,2013-04-19,1,CT,1,3.49
2519641232,18,62,6201,102113020,4720,2012-06-15,48,OZ,1,4.59
2519641232,18,26,2628,103040030,17034,2012-12-31,1,RL,1,1.99
2519641232,18,63,6305,102113020,15704,2013-01-13,64,OZ,1,2.5
2519944345,42,63,6319,107999777,15502,2012-04-15,128,OZ,1,3.19
2519944345,42,5,501,103800030,4352,2012-08-21,13.4,OZ,1,3.79
2519944345,42,1,106,1084590181,20484,2012-09-28,3,OZ,2,3.98
2520111104,285,9,901,1081612080,36616,2012-05-05,15.2,OZ,1,2.99
2520111104,285,23,2301,101510010,4255,2013-02-16,16,OZ,1,1
2520148182,109,55,5558,107585676,9798,2012-10-02,24,OZ,1,2.49
2520148780,109,29,2928,104100040,9814,2012-06-18,5.6,OZ,2,1.76
2520158638,109,29,2914,102100020,9886,2012-04-29,5.5,OZ,1,1.29
2520211048,377,24,2406,104450040,25930,2012-11-22,8,OZ,1,4.29
2520231079,24,99,9908,1079985777,25652,2012-09-17,16,OZ,1,2.99
2520467986,31,57,5710,1089470080,21065,2012-07-04,14,OZ,1,2.99
2520467986,31,19,1908,105150050,16728,2012-09-16,16,OZ,1,4.59
2520514255,16,21,2119,107618373,16756,2012-07-02,32,OZ,2,4.38
2520518348,16,58,5832,107274575,13804,2012-04-12,12,OZ,1,4.49
2520518348,16,29,2914,102100020,9886,2012-07-31,2.05,OZ,2,3.18
2520518348,16,24,2415,104133141,7531,2012-08-18,3,OZ,1,0.77
2520518348,16,36,3609,107007474,13702,2012-08-20,33.8,OZ,1,5.99
2520518348,16,59,5907,102740020,16291,2012-11-18,15,OZ,1,2.49
2520518348,16,63,6315,1075480777,610,2013-02-02,64,OZ,1,2.55
2520518348,16,36,3628,107062575,23583,2013-04-06,25.4,OZ,2,5.38
2520522041,85,9,907,107294575,15878,2012-07-25,20,OZ,1,1.99
2520522041,85,32,3204,104173646,6305,2012-10-11,25.3,OZ,1,5.99
2520522041,85,19,1904,101870010,17542,2013-01-13,24,OZ,1,7.75
2520527808,85,2,202,104144949,7168,2012-11-21,20,OZ,1,2.79
2520546945,85,59,5902,103450030,10165,2012-09-02,7,OZ,2,4.78
2520549411,85,9,907,1060788060,16965,2013-01-10,12,OZ,1,1.39
2520549411,85,9,901,104400040,3453,2013-03-22,13,OZ,1,0.99
2520554817,21,81,8101,102820020,11186,2012-06-23,1,CT,1,7.67
2520556328,21,26,2633,104119040,16347,2012-08-10,12,RL,1,8.49
2520556391,21,56,5619,102100020,19279,2012-04-09,16,OZ,1,5.39
2520557215,21,58,5827,107080070,16704,2012-08-24,16,OZ,1,2.99
2520557215,21,56,5614,104119040,16347,2012-12-29,12,OZ,1,3.39
2520559708,21,25,2507,104157040,2017,2012-08-05,32,OZ,2,4.98
2520559708,21,9,907,104788949,13281,2012-12-24,10,OZ,1,1.59
2520559708,21,9,906,104300040,16249,2013-02-10,5.75,OZ,1,2.49
2520559896,21,63,6315,104119040,16347,2012-12-24,64,OZ,1,2.09
2520559896,21,27,2705,105000050,6775,2013-02-11,132,OZ,1,12.99
2520561976,240,56,5616,107835474,2675,2012-06-17,8,OZ,1,3.79
2520561976,240,36,3611,101200010,803,2012-08-05,33.8,OZ,1,0
2520561976,240,9,907,101410010,13791,2012-09-30,16,OZ,1,3.79
2520603725,101,33,3311,102840020,27521,2013-01-21,10.5,OZ,1,3.99
2520607586,77,51,5115,101960010,3174,2012-08-24,5,OZ,1,1
2520607586,77,21,2105,105200050,7054,2013-03-01,32,OZ,2,2
2520607586,77,35,3508,103700030,18371,2013-04-05,100,OZ,1,11.99
2520616402,77,56,5616,104610040,15889,2012-06-19,7,OZ,1,3.49
2520616402,77,58,5823,107080070,16704,2013-02-14,16,OZ,1,4.69
2520620150,77,59,5905,101111515,2445,2012-10-22,15,OZ,2,6.19
2520753296,64,36,3601,101200010,13794,2012-12-30,67.6,OZ,1,1.67
2520893297,64,32,3202,1072543979,40679,2012-04-14,32,OZ,1,2.19
2521035848,68,19,1908,102900020,14112,2012-09-09,16.3,OZ,1,2.5
2521035848,68,63,6315,1072543979,40679,2013-03-10,128,OZ,1,3.28
2521043324,64,30,3001,102100020,9886,2012-06-22,12,OZ,1,3.19
2521054217,165,63,6315,107433676,28647,2012-03-11,64,OZ,1,2.59
2521054217,165,75,7501,1079285070,2593,2012-07-19,1.8,OZ,1,14.99
2521054217,165,59,5902,107203676,7953,2012-09-30,16,OZ,1,2.77
2521054217,165,9,907,107341070,888,2012-09-30,16,OZ,1,3.29
2521054217,165,63,6315,107203676,7953,2012-10-16,128,OZ,1,3.59
2521056399,165,27,2704,1081438484,14256,2012-03-05,8,CT,-1,-14.99
2521056399,165,7,708,1078535777,24311,2012-07-31,12,OZ,2,22.98
2521056933,165,51,5115,107192171,78492,2012-10-30,5.4,OZ,1,3.99
2521056933,165,29,2914,102100020,9886,2013-02-26,5.5,OZ,1,1
2521058438,143,63,6319,102073525,18893,2012-08-28,128,OZ,2,4.52
2521059508,26,25,2506,104127141,26189,2012-07-12,32,OZ,2,5.98
2521059508,26,63,6305,101111010,9907,2012-08-25,59,OZ,2,5.78
2521059508,26,0,0,10000,20405,2013-01-26,0,,2,-1.5
2521059556,26,41,4107,101111010,9907,2012-06-06,14.5,OZ,6,4.14
2521059556,26,96,9609,1053700050,88199,2012-07-16,0,,1,-2
2521060855,83,19,1905,101111010,9907,2012-06-15,32,OZ,1,1.88
2521060855,83,79,7902,1064078868,44544,2012-11-07,0,,1,1
2521060863,83,57,5710,103663232,4568,2012-05-18,5.3,OZ,2,2
2521060863,83,33,3318,107797575,27417,2012-07-29,8,OZ,1,2.79
2521061362,143,23,2301,107680878,1393,2012-03-31,16,OZ,1,1.41
2521062717,89,40,4004,104100040,10522,2012-08-15,3.75,OZ,1,2.59
2521065089,89,58,5827,103760030,8501,2012-11-11,12,OZ,1,5.99
2521065089,89,9,970,103800030,62065,2013-03-30,14,OZ,1,1.99
2521065634,431,33,3318,102840020,15441,2012-09-01,10,OZ,1,1.64
2521065634,431,11,1112,104345444,10440,2012-09-04,8,OZ,1,3.29
2521068285,12,0,0,10000,0,2012-12-16,0,,2,7.15
2521070662,98,99,9908,101111010,9907,2013-02-08,16,OZ,1,0.89
2521070662,98,11,1102,1072277676,17117,2013-02-20,80,CT,1,3.99
2521070662,98,59,5907,102740020,16291,2013-04-03,45,OZ,1,2.98
2521071279,126,9,908,103507434,33423,2013-02-03,16,OZ,1,2.99
2521075121,58,27,2710,104460040,6743,2012-07-05,21,LB,1,8.99
2521075121,58,63,6323,101111010,9907,2012-07-15,64,OZ,2,2.5
2521075121,58,37,3703,101111010,9907,2012-10-08,10.5,OZ,3,2.68
2521075121,58,99,9908,101111010,9907,2012-10-20,16,OZ,1,0.97
2521075121,58,27,2705,107910070,85,2013-04-06,132,OZ,1,9.59
2521081101,63,22,2205,101111010,9907,2012-04-06,40,LB,3,11.37
2521081991,63,82,8201,101111010,9907,2013-06-13,1,CT,1,6.99
2521083404,12,99,9908,103338333,33170,2012-12-10,32,OZ,1,1.59
2521083404,12,9,907,101111010,9907,2013-01-25,12,OZ,1,0.99
2521093328,140,2,212,107596878,11151,2013-05-18,16,OZ,1,2.99
2521093328,140,35,3506,101111010,5981,2013-05-29,75,OZ,1,3.99
2521094781,191,8,826,101121010,17930,2013-07-18,2,OZ,1,1.24
2521096057,191,97,9753,10000,0,2012-05-13,1,CT,1,0.89
2521096057,191,30,3008,101111010,6678,2012-07-01,16,OZ,2,3
2521096057,191,27,2705,105000050,6775,2012-11-03,5.5,OZ,8,3.84
2521096057,191,58,5812,104470040,13310,2013-05-13,16,OZ,1,2.5
2521102861,98,32,3202,101111010,9907,2012-12-21,48,OZ,1,2.42
2521102861,98,27,2705,105000050,6775,2013-05-24,5.5,OZ,2,0.96
2521103655,26,71,7113,107940070,17521,2012-10-06,12,OZ,1,0.94
2521105418,83,5,504,101111010,85048,2012-10-30,10.6,OZ,1,4.69
2521109869,58,9,907,107130171,17614,2013-01-19,24,OZ,1,1.5
2521118419,89,0,0,10000,20405,2013-02-01,0,,1,-0.4
2521120790,89,24,2403,101111010,9907,2012-08-19,5,OZ,2,3.58
2521120790,89,41,4108,101111010,9907,2012-09-03,15,OZ,1,0.69
2521124387,89,99,9909,101111010,20588,2012-04-10,5,OZ,1,2.99
2521124387,89,36,3618,101200010,23361,2012-04-13,20,OZ,1,1.59
2521124387,89,63,6319,108390080,7368,2012-05-15,59,OZ,1,2.29
2521124387,89,99,9904,1071575676,5278,2012-06-14,6,OZ,2,4
2521124387,89,51,5133,107320272,9303,2012-08-16,20,OZ,1,3.99
2521124387,89,57,5705,107047070,20230,2012-10-24,4,OZ,4,2.4
2521124387,89,56,5604,1082058181,60231,2013-01-05,4,OZ,1,2.99
2521127072,431,2,201,1064420969,5345,2012-08-01,16.5,OZ,1,1.7
2521127072,431,21,2112,103890030,5072,2012-10-03,46,OZ,1,2.6
2521141426,431,51,5128,1071785474,11614,2012-06-10,8,OZ,5,5
2521141426,431,0,0,10000,20405,2012-10-15,0,,1,-0.5
2521141426,431,26,2626,102570020,15883,2012-12-15,1,CT,1,2.45
2521143169,431,53,5307,107056070,14005,2012-05-06,16,OZ,1,1.79
2521143169,431,41,4120,101111010,9907,2012-08-30,6,OZ,1,0.69
2521143169,431,54,5401,101111010,9907,2013-01-13,12.3,OZ,1,1.49
2521143169,431,36,3604,101111010,1814,2013-03-01,67.6,OZ,1,0.87
2521145260,191,63,6330,101111010,6678,2012-06-24,16,OZ,1,2
2521145857,191,4,418,107172070,3285,2013-03-03,4,OZ,1,1.04
2521148035,12,74,7407,107033070,1783,2013-03-30,10,CT,2,5.58
2521151870,140,9,901,1071860474,12733,2012-05-20,6.88,OZ,1,3.79
2521151870,140,36,3635,1063671161,3070,2012-07-30,17.2,OZ,10,10
2521194108,96,96,9609,1057389050,88199,2012-06-08,0,,2,-1.1
2521194108,96,58,5823,104470040,13310,2012-06-15,7.5,OZ,1,5.39
2521194108,96,9,907,107131979,16021,2013-03-15,24,OZ,1,3.69
2521194108,96,0,0,10000,0,2013-03-22,0,,1,0
2521196436,96,23,2301,107680878,1393,2013-01-20,16,OZ,4,4
2521196436,96,5,501,103800030,17050,2013-02-17,11.4,OZ,1,3.99
2521197088,96,9,908,107203070,5812,2012-03-11,4.5,OZ,2,2.58
2521197088,96,44,4404,107045979,12587,2012-04-01,7.3,OZ,1,3.5
2521197088,96,99,9908,103003434,28496,2012-04-22,16,OZ,1,1.69
2521197088,96,36,3604,107800070,2829,2012-09-03,67.6,OZ,1,1.25
2521197088,96,9,907,107131979,16021,2012-10-07,18,OZ,2,3.98
2521197088,96,58,5824,103003434,7175,2012-12-02,16,OZ,1,3.5
2521197535,96,59,5902,103450030,10165,2012-12-11,16,OZ,1,4.49
2521197535,96,5,501,103800030,17050,2013-05-10,14.7,OZ,1,3.99
2521249805,214,9,902,104400040,12279,2012-11-29,8,OZ,1,2.82
2521249805,214,30,3001,104800141,8178,2013-02-24,30,OZ,1,3.49
2521314817,46,56,5604,102100020,9886,2012-03-19,5,OZ,3,6
2521314817,46,56,5620,104125040,11473,2012-10-30,12,OZ,1,2.99
2521314817,46,8,811,103620030,1698,2013-02-14,24,OZ,2,4
2521314817,46,26,2622,102570020,20361,2013-03-20,100,CT,2,5
2521461721,17,8,803,104150040,6714,2012-04-11,12,OZ,1,2.99
2521461721,17,99,9904,103338333,33170,2012-09-11,6,OZ,1,3.99
2521461721,17,56,5613,103114232,25202,2013-03-21,8,OZ,1,4.49
2521487103,18,63,6311,101405414,12973,2012-09-30,64,OZ,1,6.99
2521492177,15,44,4402,1076995070,3606,2013-02-08,38,OZ,1,7.99
2521494065,18,18,1890,107063676,2170,2012-03-10,1,CT,1,10.29
2521494065,18,25,2506,105000050,32115,2012-11-06,32,OZ,1,3.99
2521522462,360,34,3405,101111111,5168,2012-07-11,24,OZ,1,8.49
2521522462,360,63,6315,104173545,14456,2012-11-04,128,OZ,1,3.23
2521522462,360,21,2119,1061300868,867,2013-02-20,128,OZ,1,2.99
