2457384829,21,56,5613,104119040,16347,2012-08-20,16,OZ,1,3.99
2457384829,21,1,106,1084590181,20484,2012-11-20,3.5,OZ,3,4.59
2457395455,104,15,1506,1080276383,17674,2012-04-19,9,OZ,1,2.79
2457395455,104,73,7357,107431272,12440,2012-07-12,50,CT,2,10.39
2457402344,101,95,9518,1061029060,6015,2012-06-20,1,CT,1,3.69
2457402344,101,36,3601,101200010,13794,2013-01-16,240,OZ,1,5.99
2457402344,101,73,7325,1075714575,2330,2013-05-02,26,CT,1,11.99
2457420031,65,56,5607,102100020,13967,2013-06-06,8,OZ,1,2.19
2457434543,26,99,9909,101111010,28083,2012-03-13,16,OZ,2,3.58
2457434543,26,31,3101,107096979,17090,2012-03-19,4.5,OZ,1,1.99
2457434543,26,58,5823,105050959,4410,2012-04-22,8,OZ,1,2.79
2457434543,26,41,4120,102700020,8612,2012-07-26,12,OZ,1,1
2457434543,26,97,9731,1074677575,6388,2013-06-04,1,CT,1,8.99
2457438436,58,9,907,107341070,2437,2012-11-02,24,OZ,1,2.99
2457440208,98,57,5710,101111010,9907,2012-06-18,6,OZ,3,2.4
2457440208,98,32,3203,101111010,9907,2012-11-27,6,OZ,1,1.89
2457441035,89,5,502,103800030,9543,2013-03-12,8,OZ,1,2.99
2457441279,89,82,8201,101111010,9907,2013-02-07,1,CT,1,4.99
2457442848,98,0,0,10000,0,2012-06-08,0,,2,0
2457460089,2,26,2610,101111010,14907,2013-04-17,75,CT,1,1.29
2457460089,2,23,2301,107680878,1393,2013-05-26,14.5,OZ,1,2.89
2457465653,191,54,5403,107790070,9200,2012-06-02,36,OZ,1,9.99
2457472257,26,22,2210,103500030,17523,2012-06-21,56,OZ,1,2.99
2457491974,96,62,6202,1087744888,64486,2013-04-03,12,OZ,1,5.99
2457491974,96,57,5705,107047070,20230,2013-04-11,24,OZ,1,2.39
2457530058,46,56,5620,104610040,15889,2012-07-11,8,OZ,1,3.19
2457548230,46,2,214,104144949,9916,2013-02-06,28,OZ,1,2
2457569698,46,56,5620,104125040,11473,2013-01-09,8,OZ,1,2.79
2457572615,46,33,3350,102620020,16611,2012-05-04,0.97,OZ,4,3.96
2457572615,46,5,501,103800030,11732,2013-04-01,24,OZ,2,5
2457574730,46,99,9904,103338333,33170,2012-07-02,16,OZ,2,5
2457574730,46,26,2614,103700030,514,2012-09-21,18,CT,1,3.27
2457600744,17,25,2509,107989373,12908,2012-05-24,32,OZ,1,2.99
2457600744,17,62,6202,107989373,29344,2012-09-23,20,OZ,1,5.99
2457600744,17,64,6409,108130888,25521,2012-10-12,0.75,LT,1,9.99
2457600744,17,29,2928,107142979,20299,2013-02-09,7,OZ,2,2.5
2457922917,42,4,418,103400030,57369,2012-04-25,19,OZ,1,5.89
2457923345,42,21,2106,103120030,12957,2012-04-28,64,OZ,1,3.59
2457923345,42,5,501,103800030,11732,2012-06-06,18,OZ,1,3.89
2457923345,42,75,7520,103680030,18533,2013-03-06,500,CT,4,10.36
2457923851,42,5,501,101600010,85114,2013-02-07,12.2,OZ,4,13.56
2457948164,402,96,9609,1055000050,88199,2012-05-12,0,,1,-1
2457948164,402,6,606,105000050,3001,2012-05-20,5.64,OZ,1,5.79
2458252696,507,26,2613,109089191,23664,2012-08-04,180,CT,1,25.99
2458276745,507,97,9753,1049200040,0,2012-05-19,1,CT,2,3.98
2458352016,31,72,7205,103320030,875,2012-06-11,6,OZ,2,2.54
2458352016,31,58,5812,105450050,1322,2012-06-11,16,OZ,2,5
2458393192,85,2,202,101600010,1756,2012-10-20,18.3,OZ,1,2.18
2458395291,85,36,3601,101200010,13794,2012-04-06,12,OZ,2,1
2458397598,85,26,2609,103680030,3679,2012-07-19,30,CT,1,1.18
2458397598,85,9,902,101410010,45039,2012-10-23,6.6,OZ,1,1.88
2458397598,85,7,707,102550020,6550,2012-12-11,27.8,OZ,1,7.99
2458408860,85,99,9908,103338333,33170,2013-04-04,16,OZ,1,1.99
2458411833,85,33,3307,102900020,14112,2012-09-01,12.5,OZ,1,4.55
2458411833,85,37,3703,105100050,2820,2013-03-01,10.5,OZ,1,1.69
2458416111,21,99,9904,1066529060,52314,2012-06-14,32,OZ,1,4.49
2458416111,21,5,516,103000030,14760,2013-02-10,15.3,OZ,2,8.38
2458416536,21,36,3630,101200010,23361,2012-03-30,67.6,OZ,1,1.89
2458435864,101,9,907,1068826767,81691,2012-03-08,24,OZ,1,2.19
2458435864,101,56,5620,102100020,9886,2012-04-27,7,OZ,4,11.96
2458435864,101,96,9609,1053700050,88199,2012-06-16,0,,1,-1
2458435864,101,19,1908,1085108787,66367,2012-10-02,16,OZ,1,5.29
2458470094,165,25,2506,104127141,26189,2012-12-08,32,OZ,1,3.49
2458470102,165,9,911,107203676,7953,2012-04-13,5,OZ,1,1.5
2458474467,143,21,2119,101111010,9907,2012-11-03,16.9,OZ,4,4
2458475114,143,4,418,102800020,2631,2012-04-09,10,OZ,2,6.98
2458481989,63,23,2301,107680878,1393,2012-03-04,13.25,OZ,2,2.82
2458481989,63,33,3308,102840020,3336,2013-04-28,9.5,OZ,2,4
2458490623,431,55,5552,104154848,5603,2013-05-11,48,OZ,1,2.99
2458495768,151,33,3305,1078113878,13130,2012-04-29,11.5,OZ,1,2.99
2458495768,151,9,922,102430020,10577,2012-05-24,20.08,OZ,1,3
2458510306,26,99,9904,1071575676,5278,2012-07-02,16,OZ,1,2.07
2458538994,214,25,2506,105000050,32115,2012-12-17,16,OZ,1,1.78
2458551632,214,41,4107,102000020,10265,2012-07-20,15,OZ,1,1.42
2458551632,214,27,2704,104122040,20514,2013-01-13,15,CT,2,19.94
2458581336,46,53,5307,104125040,11473,2013-02-08,32,OZ,1,2.19
2458588089,46,2,211,107248676,9190,2013-01-27,40,OZ,1,2.64
2458588331,46,26,2626,102570020,15883,2012-07-08,1,CT,1,2.69
2458601222,46,29,2928,101530010,58299,2013-02-02,6.4,OZ,2,2
2458601877,46,5,501,1088491282,68868,2012-07-05,32,OZ,1,3.99
2458601877,46,26,2609,104200040,5016,2013-03-11,45,CT,1,2
2458963344,42,5,501,105059656,2314,2012-06-27,13,OZ,1,5.99
2458963344,42,4,407,103400030,18947,2012-09-19,16,OZ,3,6.57
2458963344,42,63,6320,104149747,19710,2013-01-09,6,CT,1,1.1
2458963344,42,5,519,103000030,14760,2013-02-06,15.1,OZ,2,6.78
2458963408,42,63,6305,102500020,16489,2012-08-03,59,OZ,1,4.59
2458963408,42,17,1709,101920010,10882,2013-01-15,24,OZ,2,4.78
2458964165,42,63,6305,104850040,18799,2013-04-06,89,OZ,1,5.79
2458964165,42,4,417,103400030,8247,2013-04-18,4.25,OZ,1,1.69
2458964259,42,21,2122,107349070,9528,2012-03-16,22,OZ,2,6.78
2458964259,42,99,9908,103338333,33170,2012-05-04,16,OZ,1,1.29
2458964259,42,7,707,102550020,6550,2012-05-19,11.3,OZ,1,4.59
2458965661,42,8,815,104600040,13023,2012-07-27,16,OZ,1,2.69
2458965661,42,44,4404,107002272,15242,2012-12-11,8.5,OZ,1,2.69
2458965691,42,3,310,101030010,4913,2012-12-20,16,OZ,1,4.99
2459338652,507,34,3411,101700010,4912,2012-09-29,21,OZ,3,10.45
2459338652,507,99,9908,103338333,33170,2013-02-05,48,OZ,1,4.35
2459338652,507,95,9518,1064541666,2988,2013-04-27,1,CT,3,9.83
2459378528,508,97,9753,1021174727,0,2012-03-14,1,CT,1,5.33
2459378528,508,26,2629,103700030,2248,2012-08-25,160,CT,1,3.45
2459407024,510,26,2630,103700030,14647,2012-11-23,224,CT,1,5.54
2459407024,510,69,6901,103700030,16139,2013-01-31,2.6,OZ,1,2.64
2459733625,85,41,4105,102400020,4704,2013-05-05,14.5,OZ,1,1.49
2459733625,85,29,2904,101530010,13610,2013-07-08,4.6,OZ,1,1.49
2459736483,85,12,1202,102110020,5157,2012-03-14,14.75,OZ,2,4.58
2459736483,85,22,2211,103700030,5174,2012-09-26,70,CT,1,4.99
2459736483,85,13,1306,1060788060,16965,2012-11-28,5,LB,1,1.99
2459736483,85,2,210,107174070,16958,2013-01-16,52,OZ,1,3.99
2459742656,85,96,9609,1055000050,88199,2012-04-07,0,,1,-3.89
2459742656,85,25,2503,105000050,32115,2013-03-27,16,OZ,2,6.98
2459743027,85,41,4109,105200050,19212,2012-04-13,7.75,OZ,1,0.88
2459745699,85,26,2617,1060788060,16965,2012-04-04,1,CT,1,2.79
2459745699,85,55,5559,1060788060,16965,2012-09-12,21,OZ,1,2.14
2459746680,85,33,3305,103680030,6866,2012-07-01,9,OZ,1,2.39
2459750876,85,99,9909,107127979,6732,2013-06-19,12,OZ,1,3.79
2459751741,85,54,5401,1060788060,16965,2012-05-01,12.3,OZ,1,1.66
2459751741,85,5,501,1060788060,16965,2013-04-27,17.3,OZ,2,3.95
2459770570,240,33,3315,104130343,38922,2012-06-27,7.25,OZ,1,1.34
2459770570,240,22,2210,103700030,5174,2012-10-06,41,OZ,1,5.99
2459804016,64,9,922,102430020,10577,2012-03-24,13,OZ,2,1.99
2459807983,83,99,9904,1082757585,5338,2012-10-20,3.5,OZ,1,3
2459807983,83,72,7203,1031254737,10554,2012-11-11,16.9,OZ,1,5.29
2459813071,89,33,3303,102840020,10241,2013-04-27,1.13,OZ,1,0.5
2459813071,89,53,5307,102000020,7655,2013-05-07,11,OZ,1,2.59
2459813297,89,99,9908,101111010,9907,2012-09-28,32,OZ,1,1.29
2459813297,89,73,7326,101650010,6484,2012-11-16,60,CT,1,6.34
2459813297,89,14,1404,101111010,9907,2013-01-18,48,OZ,1,2.74
2459813297,89,63,6315,101111010,9907,2013-03-15,128,OZ,1,2.59
2459813297,89,30,3002,104800141,8178,2013-05-03,30,OZ,1,3.88
2459826320,12,5,516,101600010,12426,2012-10-21,7.1,OZ,1,2.88
2459826320,12,96,9609,1052100050,88199,2012-11-18,0,,2,-2
2459842818,12,9,902,101410010,45039,2012-12-17,6.6,OZ,1,2.18
2459842818,12,33,3325,102840020,21452,2013-04-22,18,OZ,1,6.49
2459842818,12,0,0,10000,0,2013-04-28,0,,1,0
2459848010,431,73,7324,1075606373,8110,2012-05-05,14,CT,1,1.99
2459848010,431,29,2914,101111010,9907,2012-11-17,7.25,OZ,2,1.5
2459848010,431,9,912,104812141,18322,2013-03-23,20,OZ,1,2.79
2459848010,431,96,9609,1058087858,88199,2013-03-30,0,,1,-1
2459888046,214,64,6409,108858686,38095,2012-11-01,0.75,LT,2,14.72
2459888046,214,58,5823,104470040,13310,2012-12-22,16,OZ,1,4.98
2459892147,214,16,1604,101254616,17473,2013-01-27,14,CT,1,1.36
2459892147,214,21,2117,108768484,2903,2013-03-10,60,OZ,1,2.18
2459892150,214,0,0,10000,0,2012-06-11,0,,1,1.98
2459894660,214,33,3316,101600010,3397,2012-12-16,8.75,OZ,1,1.98
2459894660,214,27,2710,107023070,18373,2013-02-08,14,LB,1,5.88
2459904419,214,33,3325,102840020,21452,2012-07-10,19,OZ,1,6.48
2459904419,214,8,801,104122040,20514,2012-08-12,40,OZ,1,1
2459998697,360,5,501,1088491282,13689,2013-03-01,11,OZ,1,3.29
2460323453,402,18,1828,1088396787,28354,2013-01-31,8,OZ,2,1.78
2460451909,293,5,501,103000030,81723,2012-05-12,10.5,OZ,1,2.72
2460540873,24,45,4509,1071754474,28882,2012-06-13,32,OZ,1,11.98
2460555008,377,9,907,107341070,13291,2012-12-08,18,OZ,1,4.69
2460673451,510,63,6318,108523989,833,2012-10-12,37.5,OZ,1,6.99
2460735959,16,41,4121,102700020,8612,2013-01-24,8,OZ,4,2.52
2460738160,85,58,5837,1060788060,16965,2013-06-14,2.1,OZ,1,3.19
2460739879,85,9,907,107130979,17614,2012-11-15,20,OZ,1,2.29
2460740705,85,99,9908,1068896262,53503,2012-04-07,7,OZ,2,6
2460741030,85,58,5827,107367575,3012,2012-04-15,12,OZ,1,2.5
2460741030,85,29,2925,101740010,47096,2012-11-12,32,OZ,1,4.09
2460747719,85,49,4901,1060788060,16965,2012-07-07,32,OZ,1,2.99
2460749011,85,63,6315,1060788060,16965,2013-01-15,128,OZ,1,3.79
2460752187,85,50,5001,102113121,11151,2013-01-19,16,OZ,2,4
2460757485,21,33,3303,104178040,19154,2012-05-23,10,OZ,1,2.14
2460757485,21,29,2914,102100020,9886,2012-06-25,5.5,OZ,2,2.98
2460757485,21,9,970,103800030,62065,2012-07-18,14.1,OZ,1,2.69
2460757485,21,36,3626,107800070,16223,2012-12-29,144,OZ,1,4.07
2460757485,21,9,917,107373171,11786,2013-02-26,17.5,OZ,1,2.99
2460757777,21,99,9908,1088822383,52819,2012-04-04,12,OZ,1,2.99
2460767538,8,36,3632,107800070,17635,2013-04-05,67.6,OZ,1,0.77
2460774588,240,56,5620,107835474,2675,2012-12-13,8,OZ,1,2.5
2460774588,240,21,2105,105200050,7054,2013-06-09,160,OZ,2,10
2460776166,101,5,501,1068826767,81691,2012-09-14,12.25,OZ,1,3.19
2460776166,101,37,3711,105100050,2820,2013-03-10,15.3,OZ,1,3.69
2460791173,65,8,814,1072543979,40679,2012-04-02,16,OZ,1,1.14
2460791173,65,38,3801,1072543979,40679,2012-09-18,5,LB,1,0.18
2460814025,211,36,3604,107800070,2829,2012-12-11,33.8,OZ,2,3.38
2460826407,126,73,7326,1075942777,92856,2012-04-19,60,CT,2,13.98
2460826407,126,82,8201,101111010,9907,2012-07-27,1,CT,1,5.99
2460826407,126,63,6315,101111010,9907,2013-04-02,128,OZ,1,2.99
2460852243,143,63,6315,101111010,9907,2012-04-16,128,OZ,1,3.19
2460852243,143,63,6320,101111010,9907,2012-07-01,18,CT,2,3.58
2460852243,143,18,1828,101284414,22435,2012-08-17,4,CT,1,2.12
2460852243,143,81,8101,102820020,11186,2012-08-26,1,CT,1,3.74
2460852243,143,8,805,101111010,9907,2012-10-08,10,OZ,1,1.97
2460852243,143,36,3612,101111010,9907,2012-10-29,128,OZ,8,6.24
2460852243,143,31,3101,101111010,9907,2012-12-01,3,OZ,2,4.03
2460852243,143,81,8101,102820020,11186,2013-03-10,1,CT,2,7.72
2460852243,143,99,9908,101111010,9907,2013-04-18,16,OZ,3,5.82
2460870160,96,57,5710,1089470080,21065,2012-12-16,5.3,OZ,7,7
2460870160,96,25,2505,105000050,32115,2013-03-03,32,OZ,1,3.49
2460871796,96,63,6315,103003434,7175,2012-03-16,128,OZ,2,13.98
2460871796,96,62,6202,102484222,2542,2012-09-07,20,OZ,1,8.99
2460871796,96,99,9901,107457474,25426,2012-10-09,3,OZ,1,1.99
2460871796,96,33,3303,102840020,15598,2013-02-15,9.5,OZ,1,4.29
2460871796,96,33,3312,103800030,14494,2013-04-03,5.36,OZ,2,5.98
2460886551,214,63,6325,104122040,23511,2013-03-05,16,OZ,1,4.98
2460925121,46,59,5902,1071928373,11473,2013-06-16,16,OZ,1,2.5
2460927737,46,99,9908,105783656,17665,2012-03-31,16,OZ,1,4.49
2460927737,46,63,6315,104125040,11473,2012-05-30,64,OZ,1,1.99
2460927737,46,11,1114,1071928373,11473,2012-07-09,16,OZ,2,4.78
2460944841,46,17,1719,101920010,10882,2012-05-08,19,OZ,1,4.99
2460944841,46,53,5307,104125040,11473,2013-03-06,16,OZ,1,1.25
2460948666,46,63,6320,104125040,11473,2012-09-19,12,CT,1,1.58
2460952518,46,41,4107,103470030,6754,2013-02-05,15,OZ,1,0.92
2460954697,46,6,601,107092070,17882,2012-11-15,6,OZ,1,3.99
2460954697,46,33,3305,102840020,18584,2012-11-29,9.75,OZ,1,3.5
2460954697,46,96,9609,1052000050,88199,2013-01-24,0,,1,-0.6
2460955680,46,75,7501,1030813737,1121,2013-01-10,8,OZ,1,5.05
2460955680,46,9,907,107131474,1061,2013-01-10,16,OZ,2,3
2460956181,46,58,5823,104470040,13310,2012-04-15,9,OZ,1,3.39
2460965136,46,9,913,104812141,18322,2012-10-24,12,OZ,2,3.99
2460965196,46,99,9909,107143070,5072,2012-07-26,9,OZ,1,2.99
2460971143,46,8,805,105100050,2820,2012-08-16,9,OZ,1,2
2460971143,46,96,9609,1055400050,88199,2012-08-23,0,,1,-0.06
2460971143,46,29,2930,107680878,1393,2012-10-04,9,OZ,1,2
2461000870,15,51,5125,102580020,16668,2012-03-28,9,OZ,3,9.87
2461034946,48,0,0,10000,0,2012-12-01,0,,-1,-3.99
2461556659,285,41,4110,103940030,71386,2012-06-16,16,OZ,1,0.99
2461557490,293,5,501,103800030,11732,2012-03-21,15.8,OZ,1,2.88
2461557490,293,33,3310,101600010,7018,2013-01-28,8,OZ,1,1.39
2461606276,109,91,9109,108200080,16696,2013-02-02,0.75,LT,1,10.99
2461606276,109,99,9908,103307434,53469,2013-06-27,1,CT,2,1.98
2461672800,377,55,5566,107104171,6881,2012-08-13,60,OZ,1,1.5
2461675698,377,36,3635,107114272,915,2013-03-06,33.8,OZ,1,0.89
2461747976,507,9,915,107750777,9469,2012-12-28,14,OZ,1,2.49
2461881863,31,36,3618,104900040,23359,2012-04-19,67.6,OZ,1,1.79
2461881863,31,37,3703,105100050,2820,2012-07-11,10.75,OZ,2,3.98
2461881863,31,97,9748,104154040,26982,2012-08-18,1,CT,1,1.99
2461925443,31,41,4105,102400020,4704,2013-02-26,14.5,OZ,4,4
2461938639,16,26,2619,107062575,23583,2012-05-01,10,CT,1,2.59
2461938639,16,25,2507,103400030,8247,2012-07-09,32,OZ,1,2.15
2461941910,85,33,3305,102840020,18584,2012-05-05,13,OZ,1,1.99
2461942240,85,97,9753,10000,0,2012-09-14,1,CT,1,1.29
2461942240,85,33,3305,102840020,18584,2013-01-16,13,OZ,1,3.5
2461950204,85,58,5827,107367575,3012,2012-05-11,12,OZ,1,1.99
2461950204,85,59,5907,102900020,2012,2012-12-14,16,OZ,1,0.88
2461956029,85,38,3801,104920040,5098,2012-12-14,4,LB,1,1.88
2461956029,85,63,6325,107495272,15638,2012-12-30,11,OZ,1,3.79
2461956029,85,99,9909,107127979,6732,2013-06-09,8.5,OZ,1,1.89
2461958564,85,5,501,103800030,6790,2012-11-05,1.5,OZ,1,1
2461966770,85,9,902,103800030,17050,2012-03-21,4,OZ,1,3
2461966770,85,41,4107,104430040,1062,2012-04-25,16,OZ,1,1.44
2461966770,85,92,9211,104155444,11347,2012-05-26,0.43,OZ,1,6.79
2461966770,85,41,4107,104430040,1062,2012-11-20,16,OZ,1,1.51
2461966770,85,17,1703,1080882989,29807,2013-04-14,28,OZ,1,1
2461969268,85,26,2609,101370010,8154,2012-11-20,40,CT,1,2.5
2461985687,85,72,7205,105310050,804,2012-08-28,8.2,OZ,2,4
2461985687,85,56,5609,1060788060,16965,2013-01-04,24,OZ,1,1.25
2461988914,85,58,5810,107002575,54837,2012-09-22,16,OZ,1,2.19
2462019208,100,26,2633,103700030,3293,2012-07-28,12,RL,2,13.98
2462019457,100,96,9609,1057308050,88199,2012-12-08,0,,1,-1
2462019457,100,96,9609,1053000050,88199,2013-01-19,0,,1,-1
2462037394,101,9,908,107203070,5812,2012-08-24,15,OZ,1,4.99
2462037394,101,35,3509,103320030,875,2013-03-22,50,OZ,2,4.59
2462038089,101,9,916,107012979,13037,2012-06-02,5.25,OZ,1,2.59
2462038089,101,74,7405,104152040,2963,2013-02-16,4,CT,1,9.29
2462043439,101,99,9908,103338333,33170,2012-06-09,8,OZ,1,1.99
2462043439,101,27,2705,105000050,6775,2012-12-07,5.5,OZ,6,3.18
2462043439,101,99,9909,107143070,5072,2013-01-19,12,OZ,1,2.5
2462045747,77,63,6315,107078474,18552,2012-08-12,128,OZ,2,4.58
2462045747,77,57,5710,105215959,41981,2012-10-20,5.3,OZ,2,3.34
2462045747,77,63,6315,107880070,19118,2013-01-05,16,OZ,2,2
2462051201,64,97,9753,1020020121,0,2012-08-04,1,CT,2,31
2462052360,65,51,5134,104132242,6167,2013-02-13,20,OZ,1,5.89
2462069724,69,9,907,107225070,3769,2012-04-03,15,OZ,2,4.68
2462113075,70,41,4107,1072543979,40679,2012-07-22,50,OZ,1,1.45
2462119747,165,99,9904,1064312666,5072,2012-07-29,1,CT,1,3.99
2462119747,165,5,517,103800030,69260,2012-08-24,10.4,OZ,2,5
2462119747,165,63,6305,107203676,7953,2012-12-27,59,OZ,1,2.95
2462119747,165,14,1404,107203676,7953,2012-12-27,24,OZ,2,3.34
2462119747,165,63,6316,107342070,4529,2013-04-08,16,OZ,1,2.09
2462122967,165,35,3504,103700030,4628,2012-05-16,9,OZ,1,0.99
2462122967,165,7,707,107103878,25424,2013-01-06,26,OZ,1,8.99
2462128559,211,53,5309,101111010,9907,2013-01-08,6,CT,1,1.89
2462128559,211,58,5827,107962171,20097,2013-03-06,24,OZ,1,5.99
2462128559,211,33,3312,103800030,14494,2013-06-14,7.16,OZ,1,1.25
2462130483,89,63,6316,101111010,9907,2012-07-02,24,OZ,1,2.39
2462147247,151,99,9904,10000,33170,2012-06-19,1,CT,1,2.79
2462148071,63,4,405,101111010,9907,2012-03-07,10.5,OZ,1,1.09
2462148071,63,36,3612,101111010,9907,2012-09-05,128,OZ,2,1.6
2462150958,2,33,3303,102840020,10241,2013-03-05,9.5,OZ,1,2.99
2462155449,2,0,0,10000,0,2012-06-30,0,,1,0
2462155449,2,33,3303,102840020,15598,2012-10-17,9,OZ,1,2.5
2462155449,2,45,4509,101111010,9907,2012-11-14,16,OZ,3,22.47
2462162247,191,51,5134,1071785474,11614,2012-03-16,4.5,OZ,2,2
2462162247,191,51,5125,102580020,16668,2013-04-12,9,OZ,14,24.36
2462177426,431,4,418,103400030,15113,2013-04-07,4.8,OZ,1,0.82
2462177426,431,41,4107,101111010,9907,2013-04-15,15.25,OZ,3,1.59
2462178030,151,36,3618,104900040,23359,2012-03-20,144,OZ,1,4.99
2462178030,151,58,5814,104470040,10837,2012-06-16,3.4,OZ,1,1
2462178030,151,51,5116,101111010,9907,2012-06-23,28.2,OZ,1,3.99
2462178030,151,21,2113,103890030,5072,2012-07-22,36,OZ,1,2.99
2462178030,151,99,9904,103338333,33170,2012-08-11,48,OZ,1,2.99
2462178030,151,33,3305,102840020,15870,2012-12-30,11,OZ,1,2
2462178030,151,10,1004,104300040,26232,2013-02-16,5.1,OZ,1,1.39
2462184050,126,36,3632,101111010,1814,2012-06-19,144,OZ,1,2.5
2462193548,12,8,810,104600040,13023,2013-06-16,1,OZ,1,0.79
2462200915,431,56,5615,101111010,9907,2012-03-14,16,OZ,1,5.69
2462200915,431,57,5704,107047070,20230,2012-03-17,6,OZ,2,1.8
2462200915,431,25,2506,104127141,26189,2013-04-10,32,OZ,2,2.88
2462210471,140,99,9909,101111010,28083,2012-11-01,10,OZ,1,3.29
2462215079,140,99,9908,101111010,9907,2012-07-22,16,OZ,1,1.49
2462215079,140,8,830,104123444,11382,2012-08-06,8,OZ,1,2.99
2462218494,431,26,2622,101111010,9907,2012-08-06,25,CT,1,2.09
2462218494,431,27,2704,101111010,13891,2012-10-07,20,CT,1,3.15
2462218494,431,22,2211,103700030,5174,2013-03-02,105,CT,1,6.49
2462224351,26,4,418,106843767,2424,2013-04-25,7,OZ,1,3
2462270558,96,29,2904,102100020,19279,2012-07-12,14.64,OZ,1,2
2462270875,96,51,5125,101380010,10271,2012-03-05,9,OZ,1,2.5
2462270875,96,8,810,103003434,7175,2012-11-06,0.87,OZ,4,2.76
2462271859,96,19,1905,105150050,16728,2013-03-21,18,OZ,1,4.39
2462273546,96,8,805,102840020,6777,2012-09-25,9,OZ,1,2.99
2462294599,214,59,5902,103450030,10165,2013-03-14,7,OZ,1,1.98
2462295981,214,29,2928,101740010,11011,2012-04-28,5,OZ,1,0.64
2462295981,214,99,9909,104122040,23511,2012-05-13,6,OZ,1,0.98
2462295981,214,36,3630,104900040,3809,2012-09-08,67.6,OZ,1,1.33
2462316681,214,9,920,103010030,9530,2013-03-06,11,OZ,1,1.68
2462387808,46,9,922,102430020,10577,2012-07-28,14.83,OZ,1,3.09
2462390049,46,55,5559,107756777,6854,2012-09-25,33,OZ,1,3.89
2462429423,46,4,418,103400030,8247,2012-04-05,11,OZ,1,3
2462429423,46,10,1004,104125040,11473,2012-11-18,3.4,OZ,3,2
2462429617,46,9,922,106073767,70192,2013-02-11,10.5,OZ,1,3.99
2462429617,46,96,9609,1051600050,88199,2013-04-19,0,,1,-1
2462448591,46,96,9609,1057033050,88199,2012-08-17,0,,1,-3
2462448591,46,18,1827,104650040,7249,2012-08-17,8,OZ,1,0.99
2462448591,46,70,7002,104125040,11473,2012-08-30,48,OZ,1,2.39
2462448591,46,58,5810,104125040,11473,2013-02-03,16,OZ,1,1.79
2462460355,46,8,803,1071928373,11473,2012-06-22,12,OZ,1,1
2462460355,46,19,1908,105150050,9189,2012-11-28,28,OZ,1,4.79
2462506767,46,51,5131,104345444,10440,2012-11-03,9.7,OZ,1,3.49
2462507800,46,38,3801,104920040,5098,2012-03-25,5,LB,1,2.99
2462507800,46,51,5128,104670444,18213,2012-05-19,12,OZ,2,5
2462507800,46,23,2301,102920020,12168,2012-07-31,16,OZ,1,1
2462507800,46,45,4513,103100030,1358,2013-02-09,26,OZ,1,3
2462518531,46,97,9753,1085052686,0,2012-12-28,1,CT,1,2.5
2462518531,46,4,418,103400030,9739,2013-03-07,10,OZ,1,3.5
2462539152,46,55,5558,1071928373,11473,2012-06-07,30,OZ,3,7.5
2462571176,15,8,810,101550010,10219,2012-11-10,0.5,OZ,1,1
2462571176,15,9,917,104856444,7755,2013-04-23,16,OZ,1,1.59
2462609306,14,17,1707,104159848,19708,2013-03-24,10,OZ,1,4.79
2462627477,18,26,2628,103700030,2248,2012-08-18,2,RL,1,4.99
2462627477,18,63,6315,102640020,4584,2013-03-01,64,OZ,2,5.58
2463454081,233,99,9908,103338333,33170,2013-05-03,16,OZ,2,2.98
2463468480,42,7,709,1076211171,17286,2013-03-30,4.2,OZ,1,9.69
2463468484,42,54,5403,107790070,9200,2012-11-05,18,OZ,1,5.99
2463468956,42,74,7402,1084105888,15983,2012-12-22,8.4,OZ,1,3.49
2463468956,42,54,5403,1074300272,43084,2013-01-18,19.2,OZ,1,5.79
2463469998,42,26,2633,103040030,683,2012-05-18,9,RL,1,7.99
2463470352,42,9,922,107235979,2011,2012-05-07,12.75,OZ,1,2.99
2463470352,42,36,3611,104149747,19710,2012-06-19,405.6,OZ,1,3.99
2463470352,42,51,5115,101960010,3174,2012-09-18,5.22,OZ,6,9
2463470352,42,9,905,107341070,888,2012-11-19,15,OZ,2,7.98
2463470409,42,23,2310,1081441686,14284,2012-06-23,13,OZ,1,1.5
2463470409,42,36,3618,104900040,23359,2013-06-23,67.6,OZ,2,3.78
2463470547,42,26,2629,104200040,5016,2012-05-23,180,CT,1,3.39
2463470547,42,99,9908,101833717,26028,2013-02-24,12,OZ,1,2.99
2463470596,42,40,4001,104149747,19710,2012-07-07,384,OZ,2,5.98
2463470596,42,51,5125,101380010,10271,2012-11-18,8,OZ,2,6.78
2463470596,42,9,907,107082171,15998,2013-01-09,24,OZ,1,3.19
2463471728,42,10,1013,103890030,5072,2012-07-09,16,OZ,2,4.98
2463471728,42,29,2923,104100040,9814,2012-08-11,4.5,OZ,1,1.29
2463471728,42,35,3504,103700030,9316,2013-02-22,30,OZ,1,2.79
2463472878,42,26,2633,103700030,3293,2012-05-14,12,RL,1,8.49
2463492713,402,27,2704,103810030,14717,2012-09-20,6.5,OZ,1,3.79
2463625271,404,97,9744,105242757,7501,2013-02-19,8,OZ,1,3.99
2463642307,400,9,922,102430020,10577,2013-04-18,25.2,OZ,1,3.5
2463823935,403,71,7113,1082775585,8811,2012-03-02,16,OZ,2,12.98
2464022544,293,63,6320,1074412676,60657,2012-04-12,6,CT,1,2.16
2464022544,293,56,5610,103114232,25202,2013-02-02,5,OZ,1,3.99
2464022544,293,63,6315,104148343,9547,2013-02-02,64,OZ,1,2.09
2464024828,285,41,4107,108596888,7413,2012-09-11,15,OZ,1,1.87
2464118193,109,27,2707,101780010,31090,2012-05-17,3.5,LB,1,7.49
2464137141,109,36,3618,101200010,23361,2012-05-14,60,OZ,1,3.49
2464138199,109,37,3703,107417575,20614,2012-11-16,10.5,OZ,1,0.79
2464138311,109,63,6315,107417575,20614,2012-07-24,64,OZ,1,2.29
2464138311,109,1,103,101500010,7142,2012-11-07,7,OZ,1,0.98
2464138311,109,51,5117,104280040,18599,2013-01-05,10.2,OZ,1,1.25
2464163099,109,63,6315,101122515,19197,2012-10-13,128,OZ,1,3.09
2464163099,109,9,922,107651575,15878,2013-04-02,13,OZ,1,2.99
2464163099,109,59,5902,107417575,20614,2013-04-05,16,OZ,1,2.5
2464163099,109,11,1111,10834686,27393,2013-05-31,12.83,OZ,1,7.99
2464170847,109,79,7901,107224676,44661,2012-05-06,1,CT,1,2.99
2464170847,109,8,822,104150141,10197,2012-07-13,10,OZ,1,0.99
2464170847,109,51,5115,107218070,18520,2012-07-13,7.42,OZ,1,1
2464170847,109,54,5403,107790070,9200,2013-02-28,18,OZ,1,5.49
2464170847,109,36,3633,107279676,8670,2013-04-27,72,OZ,1,3.5
2464298179,376,30,3001,104800141,1707,2012-11-20,30,OZ,1,2.98
2464357138,508,26,2628,103700030,2248,2012-07-24,1,RL,2,3.98
2464357138,508,5,501,103800030,17050,2012-10-01,12,OZ,1,2.99
2464357138,508,31,3108,105210050,11382,2013-06-09,5.25,OZ,1,2.19
2464382194,507,15,1506,103120030,12957,2012-08-05,6,OZ,1,2.35
2464561297,507,57,5704,107047070,20230,2013-03-02,6,OZ,4,2.36
2464677007,508,5,501,103000030,45635,2012-03-08,7.7,OZ,1,2.88
2464677007,508,99,9904,1071575676,5278,2012-06-07,16,OZ,1,2.51
2464677007,508,33,3303,107469070,13022,2012-07-06,15,OZ,1,4.61
2464677007,508,51,5132,101125111,3526,2012-12-22,12,OZ,2,6.26
2464677007,508,99,9904,103338333,33170,2012-12-22,64,OZ,1,5
2464797824,31,81,8115,107033070,1783,2012-07-17,1,CT,1,4.49
2464839004,31,64,6401,101820010,12358,2012-12-04,144,OZ,1,8.49
2464839004,31,37,3705,105100050,2820,2013-02-02,18.8,OZ,1,2.69
2464847765,16,37,3703,105100050,2820,2013-03-01,11.25,OZ,1,2.15
2464862671,85,60,6010,1060788060,16965,2012-08-16,12,OZ,1,0.8
2464864018,85,72,7208,103500030,3830,2012-09-10,1,CT,1,3.99
2464869180,85,4,418,103400030,8247,2012-09-13,11,OZ,1,3.33
2464869180,85,9,912,104812141,18322,2012-11-18,20,OZ,1,3.49
2464869180,85,37,3708,1076026373,1537,2013-01-26,9.3,OZ,2,6.66
2464869550,85,9,907,107225070,12465,2012-11-19,20,OZ,1,2.59
2464874649,85,51,5130,101380010,27474,2012-06-09,11.25,OZ,1,1.98
2464874649,85,56,5620,1060788060,16965,2012-09-15,12,OZ,1,3.69
2464874649,85,55,5567,104148343,9547,2012-10-13,15.9,OZ,1,4.79
2464874732,85,26,2633,103040030,683,2012-10-14,18,RL,1,9.99
2464874732,85,26,2617,101090010,15232,2012-11-19,1,CT,2,7
2464874732,85,99,9908,103338333,33170,2012-12-03,16,OZ,1,1.99
2464876801,85,15,1505,104114343,17593,2012-10-27,8,OZ,2,4.49
2464876879,85,36,3628,104900040,11484,2012-11-06,144,OZ,1,4
2464876879,85,36,3632,1068826767,107341,2013-05-04,67.6,OZ,1,0.5
2464885985,85,56,5615,1060788060,16965,2013-03-11,8,OZ,1,2
2464888796,21,10,1011,107349171,9883,2012-03-16,16,OZ,1,2.99
2464889977,21,4,418,104000040,11698,2012-09-30,11.24,OZ,1,2.5
2464889977,21,45,4508,104440040,7504,2012-11-09,10.5,OZ,1,9.49
2464891330,21,99,9908,103338333,33170,2012-05-19,80,OZ,1,3.99
2464891330,21,18,1850,105113151,16044,2012-09-26,2,CT,1,1.69
2464893515,21,5,501,104119040,16347,2012-07-02,12.2,OZ,1,1.88
2464894429,21,8,809,101300010,8164,2012-11-18,12,OZ,3,2.97
2464894429,21,75,7501,104119040,16347,2013-02-24,24.5,OZ,1,3.99
2464927905,101,44,4407,107680070,10333,2012-05-24,12,OZ,1,1.29
2464929452,101,0,0,10000,20405,2012-07-27,0,,1,-0.4
2464929452,101,41,4107,102000020,7655,2013-02-11,14.5,OZ,6,6
2464935521,101,3,302,102800020,30272,2013-03-17,11,OZ,1,2
2464950584,70,51,5115,107192171,25673,2012-05-12,34.9,OZ,1,5.69
2464950584,70,99,9908,103338333,33170,2012-06-20,16,OZ,1,1.38
2464950584,70,44,4402,102770020,12137,2012-11-01,37,OZ,1,4.99
2464955332,65,36,3601,101200010,13794,2012-08-02,144,OZ,1,3
2464955332,65,34,3411,101700010,4912,2012-11-09,16,OZ,1,3.99
2464955332,65,26,2609,1072543979,40679,2013-03-29,50,CT,1,2.08
2464968405,64,0,0,10000,0,2012-06-04,0,,1,0
2464968405,64,12,1206,108000080,17292,2012-06-26,4.5,OZ,2,3.58
2464975537,70,9,904,103582636,6564,2012-03-13,5,OZ,1,1.59
2464975537,70,63,6399,107590070,2073,2013-03-24,20,OZ,1,3.99
2465000843,64,51,5115,107218070,15035,2012-03-02,22.95,OZ,1,2.23
2465000843,64,32,3204,104179040,1698,2012-07-13,51,OZ,1,16.99
2465020978,165,9,902,102410020,44209,2012-08-10,13.7,OZ,1,2.5
2465020978,165,3,310,107203676,7953,2013-04-10,6,OZ,2,9.34
2465021980,165,9,902,104950848,16730,2012-11-21,7.2,OZ,2,3.49
2465021980,165,1,104,101500010,29555,2012-12-30,4.23,OZ,4,6.76
2465021980,165,5,502,107203676,7953,2013-06-02,12.7,OZ,2,4
2465023593,26,0,0,10000,0,2012-07-14,0,,2,0
2465023593,26,56,5617,101111010,9907,2012-09-02,12,OZ,1,2.54
2465023593,26,57,5707,105215959,41981,2013-02-17,16,OZ,1,4.29
2465023593,26,7,709,109955595,7661,2013-03-18,3.9,OZ,1,7.49
2465023593,26,74,7407,1084105888,15983,2013-06-03,4,CT,1,6.34
2465025790,143,97,9753,10000,0,2013-03-27,1,CT,3,2.97
2465031890,89,51,5106,103100030,9626,2013-01-29,8.8,OZ,1,1.49
2465031946,89,9,922,104500040,8511,2012-03-12,15,OZ,1,4.29
2465031946,89,57,5710,107047070,20230,2012-12-17,5.3,OZ,2,2
2465031946,89,53,5307,101450010,20864,2013-02-26,12,OZ,2,3
2465031946,89,58,5823,101111010,20588,2013-03-19,5,OZ,1,1.99
2465039276,133,25,2504,101111010,9907,2012-03-25,12,OZ,1,0.99
2465039276,133,63,6313,101111010,9907,2012-09-22,16,OZ,2,2
2465039276,133,5,502,101600010,1756,2012-12-30,8,OZ,1,2.69
2465039276,133,21,2117,108768484,2903,2013-04-21,60,OZ,4,10
2465041088,98,0,0,10000,0,2012-10-25,0,,2,0
2465044566,126,6,601,101570010,17882,2012-12-23,10,OZ,1,1.5
2465044609,12,4,411,104126040,9907,2012-12-22,11,OZ,2,3
2465045615,151,17,1704,1081793989,11556,2013-01-12,28,OZ,1,3.99
2465048012,151,27,2706,105000050,6132,2012-10-26,36,OZ,1,10.29
2465049923,126,72,7205,103500030,3830,2012-03-04,4.6,OZ,1,2.99
2465049923,126,56,5620,104610040,15889,2012-09-26,8,OZ,2,4
2465049923,126,63,6315,101111010,9907,2012-10-14,128,OZ,1,3.23
2465049923,126,73,7305,104110040,273,2012-10-19,0.66,OZ,1,6.11
2465050232,98,10,1004,104300040,26232,2012-06-09,4.3,OZ,1,1
2465060490,2,59,5902,103450030,10165,2012-08-24,8,OZ,1,2.99
2465064310,140,29,2903,105100050,72482,2013-01-19,14.75,OZ,2,2.5
2465073570,83,99,9904,1081204989,27736,2013-06-13,16,OZ,1,2
2465075230,143,7,707,104300040,7161,2012-03-04,12,OZ,1,8.99
2465075230,143,9,902,104400040,19783,2012-09-11,9,OZ,1,1.99
2465075230,143,99,9909,107143070,5072,2013-01-29,11.2,OZ,1,2.99
2465075742,83,75,7503,102270020,4197,2012-03-18,0.14,OZ,1,3.99
2465075742,83,96,9609,1055100050,88199,2012-05-14,0,,2,-0.5
2465075742,83,9,907,101111010,4962,2013-04-11,8,OZ,1,1.79
2465084634,98,31,3101,101111010,9907,2012-12-10,1.37,OZ,1,0.59
2465084634,98,5,519,103000030,14760,2013-01-31,15.1,OZ,1,1.99
2465085805,98,26,2632,103600030,8583,2012-04-13,184,CT,1,6.7
2465085805,98,21,2117,108768484,2903,2012-05-30,60,OZ,3,6.84
2465085805,98,33,3312,103700030,14494,2012-07-16,6.38,OZ,4,4.96
2465085805,98,5,501,101111010,9907,2012-07-30,15,OZ,1,1.77
2465085805,98,99,9909,101111010,28083,2012-08-26,10,OZ,1,2.49
2465085805,98,1,103,101500010,29555,2012-09-10,1.48,OZ,1,2
2465085805,98,96,9609,1051600050,88199,2012-10-08,0,,1,-0.75
2465085805,98,92,9208,104145747,7487,2013-07-05,1,CT,1,2.67
2465087787,126,18,1890,107089676,19921,2013-02-13,1,CT,2,13.98
2465087787,126,9,907,107131676,33522,2013-03-31,20,OZ,1,2.79
2465088074,126,0,0,10000,0,2012-06-03,0,,1,0
2465088074,126,0,0,10000,0,2012-12-23,0,,2,0
2465088264,431,14,1411,103890030,5072,2012-03-14,20,OZ,2,3
2465092806,12,10,1011,104300040,26232,2012-06-23,22.5,OZ,1,3.27
2465092806,12,96,9632,107675070,3431,2012-09-13,1,CT,1,25
2465093763,12,51,5131,101862717,9496,2012-04-14,9.5,OZ,1,3.27
2465093763,12,58,5807,104450040,8318,2012-12-22,9,OZ,2,5
2465093905,211,56,5610,101111010,9907,2012-09-07,8,OZ,1,2.77
2465093905,211,41,4107,101111010,9907,2013-01-08,14.5,OZ,2,1.38
2465093905,211,9,970,103800030,62065,2013-03-11,22,OZ,1,2.99
2465112100,191,27,2710,107023070,18373,2012-10-27,40,LB,1,9.47
2465112100,191,6,610,1061126969,15041,2013-06-30,8.4,OZ,2,3
2465115568,12,99,9904,1071575676,5278,2012-03-08,16,OZ,2,7.18
2465115568,12,32,3202,101111010,9907,2012-09-18,48,OZ,1,2.29
2465154405,96,99,9908,103003434,28496,2012-07-15,16,OZ,1,1.69
2465154405,96,56,5617,103003434,7175,2013-01-01,12,OZ,1,2.99
2465154629,96,5,516,101600010,12426,2012-03-17,7.4,OZ,2,6.58
2465154629,96,99,9908,103003434,28496,2012-12-23,12,OZ,1,2.5
2465154629,96,27,2704,1071987474,30012,2013-01-20,1.3,OZ,1,1.19
2465155236,96,33,3318,102840020,15441,2012-05-20,14,OZ,1,3
2465155236,96,26,2620,104200040,5016,2012-08-05,16,CT,1,2.99
2465155236,96,14,1416,102400020,4704,2013-01-27,14.5,OZ,1,1.99
2465155803,96,63,6315,103003434,7175,2012-12-08,64,OZ,1,1.9
2465155826,96,57,5705,107047070,20230,2012-09-28,6,OZ,10,7
2465156084,96,9,913,104812141,18322,2012-06-30,12,OZ,1,3.99
2465156084,96,9,901,104400040,85927,2013-02-23,8.8,OZ,1,3.39
2465157352,96,97,9753,10000,0,2013-06-18,1,CT,1,1.43
2465157903,96,56,5607,1076471777,56971,2012-08-31,8,OZ,1,2.29
2465202993,214,97,9753,1020413525,0,2012-11-27,1,CT,1,2.12
2465229490,214,1,106,101500010,7142,2012-08-03,5,OZ,2,1.96
2465243050,206,12,1202,107196070,15566,2012-09-25,7.5,OZ,2,3
2465260592,46,41,4107,102400020,4704,2012-03-07,15.25,OZ,1,0.89
2465260592,46,4,407,101070010,7446,2012-03-25,6,OZ,1,1.11
2465260592,46,14,1415,103890030,5072,2013-01-10,15,OZ,1,1.25
2465274596,46,58,5823,107010070,9243,2012-09-18,8,OZ,1,2.99
2465275577,46,29,2925,105480050,19039,2012-06-17,32,OZ,1,3.97
2465275577,46,37,3706,1071928373,11473,2013-03-23,10.5,OZ,1,0.69
2465323292,46,36,3635,1071928373,11473,2013-02-18,80,OZ,1,1.99
2465323292,46,49,4901,104125040,11473,2013-03-19,32,OZ,1,2
2465353516,46,41,4110,103940030,71386,2012-08-02,28,OZ,3,5
2465353516,46,73,7302,1031284333,1500,2013-01-09,300,CT,1,11.98
2465353516,46,33,3305,102840020,18584,2013-01-24,10,OZ,1,3.5
2465374048,46,9,902,104400040,19783,2012-12-24,9.1,OZ,1,1.67
2465386967,192,9,901,104400040,12661,2012-11-05,11,OZ,1,4.39
2465452326,4,41,4110,103940030,71386,2012-05-24,55,OZ,2,9.98
2465452326,4,9,907,105040050,95440,2012-07-07,12,OZ,1,2.99
2465452326,4,11,1102,1030002535,5842,2013-01-04,460,CT,1,8.99
2465530823,48,51,5106,103100030,9626,2012-08-21,7.45,OZ,2,3.96
2466125911,233,9,907,104113040,28174,2013-03-17,16,OZ,1,1.79
2466140286,42,51,5121,104369545,8522,2012-12-14,7.5,OZ,1,2.5
2466140286,42,43,4302,107027272,15085,2012-12-14,6.5,OZ,1,2.49
2466140286,42,26,2628,103700030,2248,2013-02-01,8,RL,1,13.49
2466141487,42,58,5834,102370020,18969,2012-07-20,8,OZ,1,4.99
2466142312,42,54,5401,103800030,5618,2013-06-27,12.3,OZ,1,2.99
2466143300,42,99,9909,107127979,6732,2013-02-14,5.5,OZ,1,3.89
2466143448,42,55,5552,102073525,18893,2012-03-02,48,OZ,1,4.59
2466143448,42,58,5824,103077131,343,2012-06-19,12,OZ,1,5.49
2466143448,42,3,308,104010040,6455,2012-10-11,0.75,OZ,1,1.99
2466144245,42,8,815,104600040,13023,2012-04-09,8,OZ,1,1.89
2466144245,42,36,3636,104300040,4186,2012-09-18,169,OZ,1,3.59
2466590408,108,8,811,104112949,3635,2012-11-04,24,OZ,2,6.78
2466619974,108,33,3303,102840020,10241,2012-05-20,10.5,OZ,2,8.58
2466674175,109,28,2805,1070581474,98643,2012-07-14,3.8,OZ,1,1.99
2466686196,109,9,917,107373171,11786,2012-04-26,27.5,OZ,1,1.99
2466686196,109,79,7903,108995585,27735,2012-10-07,1,CT,1,3.99
2466821358,377,14,1411,103890030,5072,2012-11-04,8,OZ,1,1.49
2466821501,377,10,1011,107349171,9883,2012-03-09,8,OZ,1,1.99
2466829411,24,9,912,107294575,15878,2013-03-29,20,OZ,1,2.99
2466830497,24,58,5812,107495676,8144,2013-01-01,11,OZ,1,4.99
2467023027,510,97,9753,1020401727,0,2013-01-21,1,CT,1,2.22
2467023027,510,97,9753,1073231373,0,2013-02-19,1,CT,1,3.14
2467079686,510,9,901,107232070,17320,2012-10-06,11,OZ,2,2
2467159238,507,73,7311,1031011939,1488,2012-11-10,12,OZ,1,6.99
2467334518,508,26,2614,103700030,514,2012-11-23,16,CT,1,1.29
2468002421,509,97,9753,1084433181,0,2012-11-04,1,CT,1,0.94
2468005296,508,34,3411,101111111,5168,2012-06-09,18,OZ,1,6.84
2468327814,31,36,3633,107279676,8670,2012-12-04,72,OZ,1,3
2468327814,31,97,9724,1087293282,5367,2013-01-10,1,CT,1,14.99
2468327814,31,7,708,101114111,25747,2013-02-22,11,OZ,1,4.99
2468422308,85,99,9908,103825939,20429,2012-12-06,80,OZ,1,3.99
2468422308,85,63,6305,1060788060,16965,2012-12-23,64,OZ,2,4.58
2468422308,85,96,9609,1051600050,88199,2013-01-30,0,,1,-2
2468425741,85,13,1305,103000030,14760,2012-11-12,36.8,OZ,1,1.75
2468428868,85,79,7902,1078352070,44196,2012-11-18,0,,1,2
