2797269973,285,31,3101,105210050,11382,2012-03-27,1.24,OZ,2,4
2797269973,285,55,5556,101115010,15530,2012-05-14,48,OZ,1,4.79
2797270530,285,97,9753,10000,0,2013-02-04,1,CT,2,0
2797270881,285,5,501,103800030,17050,2012-05-15,12.5,OZ,1,2.5
2797271246,285,7,707,102550020,6550,2012-05-08,27.8,OZ,1,9.99
2797271246,285,9,922,102430020,10577,2013-02-15,13,OZ,1,1.79
2797271376,285,64,6401,103410030,11704,2013-01-07,216,OZ,1,10.49
2797272093,285,14,1411,103890030,5072,2012-09-22,8,OZ,1,0.74
2797272093,285,35,3504,103680030,3679,2013-02-04,25,OZ,1,1.39
2797272498,285,5,517,103800030,69260,2012-06-16,10.4,OZ,2,4.5
2797272498,285,36,3618,104900040,23359,2012-07-29,20,OZ,1,1.59
2797272498,285,21,2119,101200010,10522,2012-09-22,18.5,OZ,1,1.25
2797272600,285,25,2508,102529323,16410,2012-04-20,64,OZ,2,7.18
2797272600,285,12,1202,104800040,38150,2013-02-01,14.75,OZ,3,11.37
2797272600,285,46,4606,101115010,15530,2013-02-08,16,OZ,1,3.19
2797440991,224,56,5607,1061598464,22433,2013-04-01,8,OZ,1,1.29
2797498751,376,96,9609,1053700050,88199,2012-07-15,0,,3,-7.98
2797498751,376,36,3635,1063671161,3070,2012-09-09,17.2,OZ,1,0.99
2797498751,376,63,6315,1071754474,17653,2012-12-02,64,OZ,1,2.18
2797498751,376,35,3504,103700030,4628,2012-12-02,24,OZ,1,2.48
2797498751,376,99,9908,103710232,11930,2013-03-17,8,OZ,1,1.98
2797581773,507,8,801,108523989,11176,2013-01-19,40,OZ,1,1.79
2797670763,508,97,9753,1049245040,0,2012-04-23,16,OZ,1,0.52
2797683654,508,17,1703,104460040,3718,2012-04-24,32,OZ,1,2.84
2797683654,508,97,9753,107569171,0,2012-10-25,1,CT,5,55
2797683654,508,97,9753,10978145393,0,2012-12-10,1,CT,2,2
2797696883,508,35,3504,1073291373,23643,2012-06-13,25,OZ,1,2.99
2797776489,509,9,901,104400040,13243,2012-08-17,15.35,OZ,1,2.99
2797788577,510,97,9753,1049075040,0,2012-10-11,1,CT,1,19
2797954345,507,79,7901,107549070,25969,2012-12-16,1,CT,1,3.99
2797954345,507,72,7203,1031254737,10554,2013-02-12,32,OZ,1,6.99
2797982086,507,63,6313,102670020,4664,2012-05-12,12,OZ,1,1.67
2797982086,507,51,5117,104280040,18599,2013-01-05,9.8,OZ,3,4.11
2798128724,510,97,9786,102724222,16909,2012-08-20,1,CT,1,10.49
2798219472,507,26,2628,103700030,2248,2012-06-22,8,RL,1,20.49
2798317502,40,56,5620,102100020,9886,2013-03-06,8,OZ,1,3
2798330257,85,99,9904,103338333,33170,2012-04-15,48,OZ,1,3.79
2798330257,85,17,1712,107040979,2948,2013-02-11,48,OZ,1,7.39
2798361139,101,16,1604,102200020,13228,2013-02-24,14,CT,1,1
2798366328,77,63,6320,107078474,18552,2012-04-25,12,CT,2,3.78
2798366328,77,53,5307,107078474,18552,2013-04-27,12,OZ,2,2.98
2798394095,70,47,4706,107120272,5072,2012-06-10,4,OZ,2,3.66
2798394095,70,53,5305,102000020,7655,2012-09-29,9,OZ,1,-1.01
2798394095,70,9,901,103010030,15828,2013-06-02,12.8,OZ,1,3.69
2798446193,165,9,907,107341070,888,2012-07-10,24,OZ,1,2.99
2798446193,165,56,5615,107835474,2675,2013-04-06,8,OZ,2,5
2798446193,165,97,9781,10000,8255,2013-04-20,1,CT,1,-1.05
2798448471,133,33,3309,102840020,18584,2012-12-29,13,OZ,1,3
2798448965,89,33,3303,101111010,9907,2012-09-05,11.5,OZ,1,2.08
2798450564,58,9,920,104400040,15335,2012-09-07,6,OZ,1,2.49
2798450564,58,8,810,104600040,13023,2012-11-03,6.25,OZ,1,3.19
2798450564,58,96,9609,1057218050,88199,2013-02-22,0,,1,-1
2798453900,126,54,5401,102392323,5494,2012-04-09,9,OZ,1,3.49
2798453900,126,51,5125,107265575,8089,2012-06-16,9.9,OZ,1,1.89
2798453900,126,63,6305,102500020,16489,2012-08-10,59,OZ,1,3.29
2798453900,126,8,803,104242141,2071,2012-09-16,9.5,OZ,1,2.5
2798475674,211,26,2633,101111010,9907,2012-04-30,4,RL,3,2.64
2798475674,211,9,907,101111010,9907,2012-11-04,16,OZ,2,1.76
2798502310,96,14,1411,101122515,19197,2013-03-01,20,OZ,1,1.19
2798547478,206,99,9908,103338333,33170,2012-12-13,16,OZ,1,2.48
2798586701,46,33,3303,1071928373,11473,2012-06-03,10,OZ,1,1.99
2798628217,88,44,4404,102113020,15704,2012-06-02,11,OZ,1,2.99
2798628217,88,55,5559,102113020,15704,2013-04-07,16.5,OZ,1,1.98
2798628217,88,23,2310,102113020,15704,2013-05-05,25,OZ,1,3.7
2799085271,285,30,3002,102100020,11761,2012-09-02,30,OZ,1,2.99
2799086473,285,22,2211,103700030,2246,2012-04-16,80,CT,1,4.39
2799086473,285,99,9901,107096979,17090,2012-05-15,2,OZ,1,0.59
2799086473,285,4,412,102800020,12669,2012-08-31,4,OZ,1,1.39
2799086473,285,36,3631,101115010,15530,2012-11-28,67.6,OZ,1,1
2799086593,285,53,5307,104880040,19757,2012-05-16,16,OZ,1,1
2799086593,285,21,2117,101115010,15530,2012-06-24,60,OZ,1,1.99
2799086593,285,57,5710,107047070,20230,2012-09-16,5.3,OZ,1,1
2799086709,285,58,5828,103100030,1358,2012-12-20,6.4,OZ,1,1.39
2799086735,285,36,3618,104900040,23359,2013-03-13,144,OZ,1,4.99
2799086818,285,99,9908,1071631070,15859,2012-06-10,16,OZ,1,1.99
2799089193,285,3,305,103680030,3679,2013-01-26,16,OZ,2,0.98
2799089193,285,36,3638,1073951070,16807,2013-02-17,20,OZ,2,2
2799089193,285,5,517,103800030,69260,2013-05-03,10.4,OZ,1,2.5
2799089677,285,54,5403,101800010,14029,2012-03-18,10,OZ,1,2
2799090738,285,58,5833,101115010,15530,2012-03-26,16,OZ,1,5.49
2799090738,285,64,6401,108769282,15787,2012-04-01,72,OZ,1,7.99
2799091726,285,27,2704,107910070,30370,2012-12-01,14,OZ,1,9.49
2799093887,285,9,907,101115010,15530,2012-05-26,16,OZ,1,0.99
2799093887,285,51,5122,107106878,17311,2012-12-08,16,OZ,1,3
2799093887,285,81,8101,102820020,11186,2013-01-16,1,CT,2,12.56
2799170409,377,2,211,101600010,1910,2012-06-11,40,OZ,1,3.89
2799170409,377,29,2914,102100020,19279,2013-01-06,12,OZ,1,3.49
2799239900,508,56,5617,102100020,9886,2012-05-30,16,OZ,1,2.82
2799263329,508,75,7520,1030052131,27166,2012-11-02,625,CT,1,4.06
2799263329,508,92,9211,104155444,11347,2013-01-24,0.09,OZ,1,9.44
2799330976,510,97,9753,1049217040,0,2012-09-15,1,CT,2,2.1
2799402726,16,72,7205,103500030,3830,2012-06-23,6,OZ,1,3.69
2799414616,85,5,501,1060788060,16965,2012-03-24,18.2,OZ,1,-1.51
2799414616,85,58,5812,107367575,3012,2013-03-23,12,OZ,1,2.5
2799414616,85,58,5827,1060788060,16965,2013-04-17,12,OZ,1,2.9
2799414616,85,33,3303,1060788060,16965,2013-06-26,11,OZ,1,1.99
2799418303,21,71,7113,108087888,13505,2012-04-07,25.4,OZ,2,11.78
2799418303,21,9,904,109830494,3318,2012-04-24,5,OZ,1,1.5
2799418303,21,19,1908,105150050,16728,2012-05-06,16,OZ,3,11.37
2799418966,21,56,5610,104119040,16347,2013-01-17,8,OZ,1,2.99
2799440948,101,20,2002,105100050,27873,2012-08-03,46,OZ,1,2.5
2799440948,101,40,4004,1068826767,81691,2012-10-26,6.77,OZ,1,2.79
2799446528,101,36,3611,1068826767,158,2013-03-05,591.5,OZ,1,3.99
2799465910,70,57,5705,1072543979,40679,2012-04-21,6,OZ,3,0.9
2799465910,70,51,5115,107192171,25673,2013-02-23,32.5,OZ,1,5.19
2799521913,26,47,4704,102500020,11749,2012-12-31,12,OZ,1,1.79
2799521913,26,99,9908,101111010,9907,2013-01-24,160,OZ,1,2.68
2799526119,89,5,501,101111010,9907,2012-05-29,20,OZ,1,1.88
2799526119,89,27,2701,101113212,491,2012-07-05,13.2,OZ,4,3
2799526119,89,37,3704,101111010,9907,2013-02-13,3.25,OZ,1,1.69
2799534721,98,63,6332,104850040,61745,2012-03-09,59,OZ,1,3.2
2799534721,98,11,1114,101111010,9907,2012-11-26,16,OZ,1,1.89
2799535700,89,36,3601,104900040,3809,2013-02-10,101.4,OZ,1,3.99
2799536022,98,29,2925,101111010,9907,2012-05-20,32,OZ,1,1.29
2799536022,98,99,9908,101111010,9907,2012-07-14,10,OZ,1,2.29
2799536022,98,0,0,10000,0,2012-08-17,0,,1,0
2799536022,98,59,5907,101111515,8760,2012-08-28,16,OZ,1,0.79
2799536022,98,63,6316,101111010,9907,2012-09-17,16,OZ,1,1.69
2799542027,63,99,9908,101111010,9907,2012-11-14,160,OZ,2,1.76
2799545225,12,30,3002,102100020,9886,2012-11-05,30,OZ,1,4.99
2799545225,12,56,5607,102100020,13967,2012-11-05,8,OZ,1,2.5
2799545225,12,35,3509,107261373,401,2012-12-26,16.9,OZ,1,4.99
2799554501,12,9,902,101410010,45039,2013-03-10,6.6,OZ,3,4.5
2799556928,211,9,907,101111010,9907,2012-04-29,20,OZ,1,1
2799556928,211,9,903,102100020,85727,2013-02-21,6,OZ,2,5.98
2799564769,191,97,9735,107429979,8530,2012-03-07,0,,1,1.09
2799564769,191,9,917,107373171,11786,2013-01-24,40,OZ,1,5.29
2799565118,191,59,5902,101111010,6678,2012-03-31,16,OZ,1,2.99
2799565118,191,32,3202,105150050,4307,2012-04-27,48,OZ,1,2.99
2799565118,191,33,3318,101111010,6678,2012-09-09,15,OZ,1,1.59
2799581628,184,26,2630,103600030,9787,2013-03-18,85,CT,3,5.55
2799582302,96,9,902,104400040,18775,2013-07-22,9,OZ,2,6
2799582686,96,56,5617,102100020,9886,2012-11-07,12,OZ,1,4.59
2799582686,96,5,501,103800030,6790,2013-03-21,1.5,OZ,1,1
2799582686,96,29,2914,102100020,19279,2013-04-27,12,OZ,2,5.98
2799583486,96,57,5706,103003434,7175,2012-06-26,32,OZ,1,2.5
2799583486,96,46,4606,103003434,7175,2012-09-21,16,OZ,1,3.99
2799583486,96,56,5614,104610040,15889,2012-10-30,9,OZ,1,3.99
2799583486,96,14,1404,103003434,7175,2013-01-01,50,OZ,1,2.55
2799583486,96,57,5705,103003434,7175,2013-01-01,6,OZ,5,5
2799583487,96,4,416,104000040,26517,2012-05-18,1.69,OZ,2,2
2799598943,214,58,5823,104470040,13310,2013-01-21,9,OZ,1,2.97
2799610716,214,10,1011,104300040,26232,2012-08-10,19.5,OZ,1,2
2799610716,214,96,9609,1053700050,88199,2013-03-01,0,,1,-1
2799610973,214,36,3630,107800070,5208,2012-07-03,67.6,OZ,1,1.25
2799610973,214,8,836,104122040,20514,2012-08-25,128,OZ,1,1.98
2799610973,214,22,2204,101750010,6219,2012-09-08,20,OZ,1,0.97
2799698409,3,29,2903,105100050,72482,2013-02-03,14.75,OZ,1,1.29
2799698409,3,9,903,102113020,15704,2013-02-17,8,OZ,1,2.29
2799698409,3,60,6007,101800010,14029,2013-03-24,8,OZ,2,3.5
2799702747,14,97,9753,10000,0,2012-07-04,1,CT,1,3.24
2799702747,14,63,6315,102113020,10786,2012-08-01,16,OZ,1,1.29
2799702747,14,9,902,107989373,29344,2012-10-05,8,OZ,1,2.99
2799702747,14,37,3709,104178949,11224,2012-12-18,3,OZ,7,1
2799708281,95,36,3618,104900040,23359,2012-05-08,96,OZ,1,4
2799708281,95,40,4005,104100040,10522,2012-05-15,2.5,OZ,1,4.29
2799723921,15,63,6323,102113020,10786,2012-07-03,64,OZ,1,-2
2799723921,15,9,970,103800030,62065,2012-11-15,14.7,OZ,2,4
2799731488,360,23,2301,107151878,8349,2012-07-01,16,OZ,1,2.19
2799731488,360,99,9908,103338333,33170,2012-09-29,16,OZ,1,2.99
2799733700,360,99,9904,10505037252,3457,2012-05-08,1,CT,1,2.99
2800013951,42,53,5307,101450010,20864,2012-11-04,19,OZ,2,4.78
2800014678,42,9,908,102560020,18051,2013-01-15,14,OZ,2,7.98
2800162527,285,19,1908,101115010,15530,2013-03-26,64,OZ,1,8.89
2800164277,285,27,2710,101115010,15530,2012-06-04,20,LB,1,3.99
2800165146,285,97,9753,1023457020,0,2012-12-21,1,CT,1,7.99
2800165560,285,65,6503,101800010,66444,2012-08-25,10,OZ,1,2.69
2800166214,285,41,4108,101115010,15530,2013-01-21,15.5,OZ,1,0.99
2800166214,285,36,3628,101200010,12029,2013-01-29,288,OZ,1,6.99
2800166231,285,9,907,104500040,8421,2012-07-23,20,OZ,1,1.79
2800166623,285,63,6320,101115010,15530,2012-04-01,18,CT,1,2.13
2800166645,285,37,3703,105100050,2820,2012-09-12,10.75,OZ,4,6.76
2800166734,285,5,517,103800030,17050,2012-03-21,4.4,OZ,1,2.99
2800166734,285,5,518,101600010,3789,2012-07-11,5.1,OZ,1,2.22
2800166734,285,58,5823,104470040,13310,2012-08-22,8,OZ,2,7
2800166739,285,33,3307,104157040,2017,2012-05-16,6,OZ,2,5.96
2800167507,285,9,907,107750777,9469,2012-07-08,8,OZ,1,2.39
2800167527,285,99,9904,105410757,33170,2013-01-26,48,OZ,1,5.99
2800167641,285,0,0,10000,0,2013-03-11,0,,1,3.49
2800167641,285,26,2615,107830070,14142,2013-03-21,40,CT,1,8.99
2800168236,285,26,2608,101115010,15530,2012-10-06,24,CT,2,1.39
2800168236,285,57,5705,107047070,20230,2013-01-06,6,OZ,9,5.85
2800169761,285,9,907,107605777,34466,2013-01-02,24,OZ,1,3.79
2800170140,285,33,3305,102840020,18584,2012-05-27,13,OZ,1,2.99
2800170140,285,5,520,103000030,14760,2012-09-03,42,OZ,1,4.49
2800170176,285,99,9908,1075166676,52506,2012-07-22,10.5,OZ,1,2.99
2800170643,285,96,9609,1052819050,88199,2013-02-27,0,,2,-1.5
2800173789,108,4,412,101070010,9275,2012-11-25,13,OZ,1,2.59
2800330448,507,9,901,108523989,11176,2013-02-02,13.75,OZ,1,1.74
2800463020,509,97,9753,1023533424,0,2013-07-14,1,CT,1,4.51
2800527804,31,99,9908,103710232,11930,2012-08-16,8,OZ,1,2.5
2800527804,31,96,9609,1051450050,88199,2012-08-16,0,,1,-1
2800527804,31,63,6305,101630010,6509,2013-01-25,59,OZ,1,3
2800582917,21,9,902,104400040,18775,2012-11-21,9,OZ,2,6.98
2800583084,21,63,6315,104119040,16347,2012-11-06,128,OZ,1,2.89
2800583129,21,26,2633,103040030,683,2012-07-01,12,RL,2,14.18
2800583129,21,36,3631,104900040,1414,2012-11-18,144,OZ,3,13.5
2800583275,21,36,3631,107800070,23209,2012-12-09,67.6,OZ,1,1.36
2800583350,21,31,3101,105210050,17081,2012-08-29,2.5,OZ,1,2.59
2800583350,21,7,702,104119040,16347,2012-11-25,4,OZ,1,2.99
2800583623,21,36,3630,107800070,23561,2012-05-31,67.6,OZ,1,1.59
2800584488,21,63,6320,1076351474,4622,2012-08-12,12,CT,1,2.99
2800584488,21,8,838,102700020,11091,2013-02-24,15,OZ,2,3
2800584575,21,4,418,107416272,11239,2013-02-03,5,OZ,1,2.49
2800585445,21,99,9904,103338333,33170,2012-04-22,16,OZ,1,2.99
2800589966,100,54,5403,107790070,9200,2012-08-06,14.4,OZ,1,5.99
2800589966,100,58,5814,104470040,10837,2012-11-12,9.8,OZ,3,10.47
2800589966,100,8,803,104130343,38922,2013-03-17,12,OZ,1,2.69
2800589966,100,56,5620,104130343,38922,2013-03-21,8,OZ,2,5
2800590534,100,18,1827,103700030,6236,2012-07-10,9.7,OZ,1,2.89
2800592991,104,26,2629,104200040,19231,2012-06-14,100,CT,1,2.49
2800592991,104,11,1102,1072277676,17117,2012-07-27,160,CT,1,4.99
2800592991,104,73,7308,103660232,15274,2012-11-09,19,CT,2,4.98
2800608364,101,96,9609,1054150050,88199,2012-12-13,0,,1,-1
2800608364,101,56,5621,103090030,19704,2013-01-23,8,OZ,1,2.79
2800609095,101,72,7214,102200020,13228,2012-08-31,18,CT,1,1.19
2800609095,101,9,921,107731777,4157,2013-03-01,4,OZ,2,2
2800632988,70,45,4517,1072543979,28386,2012-03-26,24,OZ,1,6.19
2800658174,68,41,4107,1072543979,40679,2012-09-08,28,OZ,2,2.48
2800658174,68,10,1010,103400030,8247,2012-11-11,24,OZ,1,1.98
2800666851,68,97,9753,1021601020,0,2012-12-09,1,CT,1,5.93
2800666851,68,8,818,103582636,6564,2013-04-14,24,OZ,1,1.2
2800686524,143,58,5815,101111010,9907,2012-07-25,5,OZ,1,2.55
2800686524,143,64,6408,1083972888,98132,2012-12-09,0.75,LT,2,15.98
2800689798,89,55,5555,1073149373,21536,2012-04-18,16,OZ,2,9.58
2800689798,89,4,418,102800020,55321,2012-05-29,6,OZ,1,1
2800689798,89,36,3601,101200010,13794,2012-07-02,20,OZ,1,1.49
2800689798,89,37,3703,105100050,2820,2012-12-24,11,OZ,2,2.76
2800689798,89,14,1404,1089000080,11289,2013-01-15,12.8,OZ,1,2.79
2800689798,89,26,2613,103600030,7484,2013-02-23,12,CT,1,9.49
2800698813,12,58,5827,101111010,9907,2012-08-22,48,OZ,1,13.28
2800698813,12,29,2914,102100020,19279,2013-01-06,10,OZ,2,4.18
2800710100,211,5,501,101862717,9496,2012-05-07,15,OZ,1,2.99
2800710100,211,46,4606,101111010,20588,2012-06-19,48,OZ,1,8.09
2800710100,211,18,1802,104122646,5981,2012-12-19,4,CT,1,10.99
2800710100,211,99,9904,1071575676,5278,2013-02-06,16,OZ,1,2.68
2800741543,96,5,501,103800030,6796,2012-03-07,14,OZ,1,3.79
2800741543,96,79,7903,108995585,7300,2012-04-26,1,CT,1,3.99
2800741543,96,14,1416,102400020,4704,2012-06-11,15,OZ,1,2
2800741543,96,79,7903,107148676,17274,2012-06-28,1,CT,1,3.99
2800741543,96,58,5827,107389070,17549,2013-01-10,16,OZ,1,3.99
2800759045,214,20,2002,105100050,27873,2013-04-24,64,OZ,1,2.98
2800759045,214,46,4606,104122040,23511,2013-06-18,20,OZ,2,9.96
2800768124,214,33,3310,102840020,3387,2013-03-23,6,OZ,1,2
2800796326,46,33,3303,102068525,2892,2013-02-02,8,OZ,1,2.5
2800829733,46,33,3351,103282333,57769,2013-03-28,16,OZ,1,3.79
2801291878,285,5,516,102190828,3073,2012-11-11,6.2,OZ,1,3.99
2801291878,285,6,603,105000050,3001,2012-12-18,13,OZ,1,3.76
2801292182,285,63,6315,104148343,9547,2013-01-14,32,OZ,1,1.89
2801293099,285,36,3632,104524343,17164,2012-10-11,16,OZ,1,1.19
2801293549,293,8,821,101115010,15530,2012-08-08,10,OZ,1,2.19
2801293549,293,97,9753,10000,0,2012-08-31,1,CT,1,0
2801293672,293,26,2630,103700030,14647,2012-06-13,600,CT,1,6.39
2801294544,285,56,5621,101115010,15530,2012-04-22,8,OZ,1,1.8
2801294544,285,51,5121,104280040,18599,2012-04-28,14,OZ,1,2.98
2801294544,285,57,5703,103663232,4568,2012-06-11,6,OZ,3,1.5
2801296334,285,9,907,101115010,15530,2012-06-06,12,OZ,4,3
2801296334,285,33,3308,102840020,3336,2012-07-14,1,OZ,3,1.5
2801296334,285,29,2904,101600010,7860,2012-09-07,5.2,OZ,3,3
2801296587,285,26,2614,103600030,9878,2012-06-18,40,CT,1,2.98
2801298583,285,28,2805,101115010,15530,2012-11-19,6,OZ,1,1
2801298583,285,53,5307,101115010,15530,2013-02-22,12,OZ,2,3.04
2801646846,40,8,801,101300010,8164,2012-05-26,20,OZ,2,3.98
2801646846,40,25,2506,105000050,32115,2013-05-18,64,OZ,1,4.99
2801650297,16,22,2201,1075480777,610,2013-01-28,64,OZ,1,1.89
2801661072,85,58,5823,107367575,3012,2012-07-16,12,OZ,2,2.5
2801661072,85,9,914,107130979,17614,2013-04-01,8,OZ,1,1.99
2801665667,21,73,7302,1030057333,250,2012-04-05,20,CT,1,3.49
2801665667,21,9,901,103000030,14760,2012-05-28,10.1,OZ,1,3.79
2801665667,21,26,2609,104200040,5016,2012-10-07,35,CT,1,2.78
2801665667,21,33,3305,102840020,5141,2013-01-03,11.5,OZ,1,3.08
2801665667,21,26,2622,101370010,8154,2013-01-18,17,CT,2,5.24
2801665804,21,35,3504,103500030,13470,2012-04-12,25,OZ,1,2.99
2801665804,21,0,0,10000,0,2012-05-01,0,,1,-4.31
2801665804,21,63,6323,104119040,16347,2012-10-14,64,OZ,1,2.24
2801665854,21,5,516,101862717,9496,2012-07-28,7,OZ,1,3.89
2801665854,21,72,7205,103500030,3830,2012-10-17,2.8,OZ,1,0.99
2801665854,21,26,2628,104303242,11116,2013-04-05,8,RL,1,5.99
2801666369,21,6,607,104300040,14112,2012-04-29,6.15,OZ,2,6.58
2801667029,21,9,901,104400040,3453,2013-03-07,13,OZ,2,6.98
2801673398,240,73,7344,1030076636,18877,2013-03-29,96,CT,1,5.29
2801687925,101,9,908,107203070,5812,2012-04-03,20,OZ,1,6.49
2801687925,101,41,4107,104133141,7531,2012-09-05,15,OZ,1,1.25
2801687925,101,96,9609,1054740050,88199,2012-09-20,0,,2,-6
2801687925,101,72,7203,103500030,3830,2013-02-11,16,OZ,1,4.79
2801687987,101,16,1604,102200020,6021,2012-05-07,15,CT,1,1.19
2801687987,101,7,703,104300040,11339,2012-05-12,4,OZ,1,3.19
2801687987,101,4,418,104000040,26517,2013-03-07,10.9,OZ,1,3
2801689172,101,27,2710,107023070,18373,2012-11-15,20,LB,1,3.89
2801694498,77,9,902,104400040,3334,2012-04-10,12,OZ,1,2.69
2801715622,64,63,6318,105208353,27467,2012-07-22,16,OZ,1,1.99
2801715622,64,33,3305,102840020,18584,2012-07-22,13,OZ,1,3.99
2801761994,165,63,6309,101405414,12973,2012-08-31,12,OZ,1,2.79
2801763292,165,5,501,103800030,14900,2012-11-04,18.2,OZ,1,2.49
2801763292,165,19,1908,105150050,16728,2012-11-04,16,OZ,1,3.95
2801763292,165,56,5616,107203676,7953,2013-01-13,8,OZ,1,2.59
2801764331,26,56,5607,101111010,9907,2012-11-20,8,OZ,1,1.25
2801764331,26,36,3604,101111010,1814,2013-01-24,144,OZ,1,2.5
2801771957,58,56,5620,102100020,9886,2013-02-25,8,OZ,1,2.5
2801781129,12,57,5705,107047070,20230,2012-03-07,6,OZ,10,7
2801781129,12,99,9901,101111010,20588,2012-08-25,0.66,OZ,1,2.29
2801792368,89,0,0,10000,0,2012-12-15,0,,1,0
2801792370,89,25,2505,101111010,9907,2012-10-16,32,OZ,1,1.79
2801804238,191,49,4901,1083418383,385,2012-08-27,20,OZ,1,1.79
2801804238,191,5,501,103000030,58434,2012-12-03,12.5,OZ,2,4
2801804238,191,0,0,10000,0,2012-12-14,0,,4,0
2801822106,96,4,407,103400030,18947,2012-09-10,16,OZ,1,0.99
2801822168,96,0,0,10000,0,2012-08-02,0,,1,0
2801823291,96,37,3707,103003434,7175,2012-09-24,32,OZ,1,2.5
2801823291,96,39,3903,1064420969,74550,2012-10-21,24,OZ,1,3.99
2801823291,96,36,3609,103680030,18533,2012-12-24,33.8,OZ,1,3.99
2801834503,214,8,802,101490010,19995,2012-08-14,11,OZ,2,1.56
2801835693,214,12,1205,108000080,17292,2012-08-24,5,OZ,2,1.56
2801835693,214,9,970,103800030,62065,2012-09-14,14.7,OZ,1,1.98
2801855204,214,3,303,107089676,19921,2012-04-22,3,OZ,1,1.65
2801855204,214,8,818,103620030,14868,2013-04-30,16,OZ,1,1.68
2801863116,214,51,5116,107192171,25673,2012-07-14,30.5,OZ,1,5.38
2801863116,214,9,901,104122040,20514,2012-08-19,12,OZ,1,0.98
2801863116,214,51,5116,107192171,25673,2012-12-16,30.5,OZ,1,4.98
2801865430,206,51,5125,101380010,10271,2012-10-15,6,OZ,1,3.48
2801865430,206,26,2617,101090010,15232,2012-11-18,1,CT,1,3.28
2801925904,192,58,5823,107367575,3012,2012-03-21,5,OZ,1,0.99
2801925904,192,9,907,107102575,2570,2012-07-12,20,OZ,1,2.29
2801947580,18,41,4107,107157979,6168,2012-10-03,24,OZ,1,2.79
2801947580,18,19,1905,105150050,16728,2013-01-26,18,OZ,1,3.79
2801953430,15,63,6314,107342070,4529,2013-02-27,24,OZ,1,2.99
2801955241,15,63,6315,102113020,10786,2012-05-12,128,OZ,1,3.75
2801955241,15,57,5706,107527070,12031,2012-08-23,32,OZ,1,3.39
2801961839,360,14,1404,104173545,14456,2012-07-10,24,OZ,1,1.79
2801961839,360,40,4001,104173545,14456,2012-11-16,896,OZ,1,5.49
2801961839,360,51,5117,104173545,14456,2013-04-09,8,OZ,1,1
2802246123,42,95,9518,1088351585,25075,2012-12-06,1,CT,1,4.99
2802384027,285,18,1802,101122515,21325,2012-06-14,1,CT,2,1.99
2802384027,285,23,2310,104116444,27731,2012-07-04,16,OZ,1,1.27
2802384027,285,0,0,10000,20405,2012-12-01,0,,1,-0.43
2802384657,285,0,0,10000,0,2012-05-26,0,,1,0.06
2802384657,285,9,902,102410020,44209,2012-06-16,13.7,OZ,1,3
2802384657,285,59,5907,103680030,3679,2012-07-08,45,OZ,1,1.99
2802384869,285,53,5307,101450010,20864,2013-01-23,16,OZ,1,2.2
2802384869,285,0,0,10000,20405,2013-03-20,0,,1,-0.51
2802385260,285,36,3628,101200010,12029,2012-04-21,144,OZ,1,4.99
2802385260,285,53,5307,101450010,20864,2012-07-18,28,OZ,1,2.99
2802385260,285,59,5902,103450030,10165,2012-08-09,16,OZ,1,3.99
2802387497,285,5,516,103800030,24525,2012-07-16,6.3,OZ,1,2.99
2802387497,285,20,2002,105100050,27873,2012-12-03,46,OZ,2,5.58
2802387497,285,72,7205,103500030,3830,2013-02-16,6.4,OZ,1,2.99
2802389149,285,0,0,10000,0,2012-03-21,0,,1,2.99
2802389149,285,59,5902,103450030,10165,2012-12-22,8,OZ,1,2.15
2802390848,285,63,6340,108198888,5707,2012-03-11,24,OZ,1,12.99
2802390848,285,99,9909,107127979,6732,2012-07-29,6,OZ,1,3.29
2802390957,285,9,907,102412626,10365,2013-03-16,16,OZ,1,3.19
2802391120,285,41,4107,101115010,15530,2012-03-14,8.25,OZ,1,0.84
2802391120,285,25,2506,104127141,26189,2012-05-30,16,OZ,1,2
2802391120,285,33,3319,102840020,10241,2012-07-04,9,OZ,1,2.99
2802391120,285,96,9609,1051600050,88199,2012-11-07,0,,2,-1
2802391905,285,4,416,102800020,1214,2012-04-05,2.1,OZ,1,0.99
2802391905,285,75,7507,107050171,12554,2012-07-21,6,OZ,1,4.99
2802391905,285,26,2615,103600030,9878,2012-08-17,18,CT,1,3.5
2802391905,285,63,6323,104148343,9547,2012-12-14,64,OZ,1,2.59
2802391905,285,21,2111,104175545,10177,2012-12-14,64,OZ,1,2.49
2802392015,285,33,3318,102840020,15441,2012-07-02,10,OZ,1,-0.01
2802392015,285,51,5117,107465373,9039,2012-07-02,17.2,OZ,1,2.5
2802392015,285,7,703,101840010,29806,2012-09-06,2.89,OZ,1,1.99
2802392015,285,10,1012,102700020,23332,2013-02-01,13,OZ,2,2
2802392015,285,51,5123,101380010,27474,2013-02-07,38,OZ,1,6.98
2802392015,285,0,0,10000,20405,2013-04-18,0,,1,-3
2802621938,508,56,5617,102100020,9886,2012-08-20,12,OZ,1,3.03
2802758861,85,36,3604,107800070,2829,2012-04-15,67.6,OZ,1,1.59
2802758861,85,45,4516,103666939,29208,2013-02-14,14,OZ,1,4.59
2802759547,85,54,5403,107229070,18158,2012-05-29,19.2,OZ,1,5.99
2802759547,85,29,2907,1060788060,16965,2012-10-24,4.5,OZ,1,1.25
2802759547,85,2,212,101330010,11211,2013-02-25,7.4,OZ,2,2
2802764976,21,41,4109,104119040,16347,2012-11-27,41,OZ,2,3.58
2802766431,21,33,3314,104119040,16347,2013-06-18,5.46,OZ,2,3
2802771689,240,99,9909,107127979,6732,2012-11-27,12,OZ,2,2.99
2802771689,240,57,5707,103663232,4568,2013-03-02,18.6,OZ,1,2.99
2802786095,104,26,2633,104130343,38922,2012-09-28,12,RL,1,5.99
2802786612,101,26,2628,103700030,2248,2012-07-27,2,RL,2,11.58
2802786612,101,29,2923,104100040,9814,2012-09-25,4.5,OZ,3,3
2802786612,101,53,5307,1068826767,81691,2013-03-02,12,OZ,3,5
2802786612,101,57,5710,103000030,12172,2013-04-06,5.3,OZ,4,5
2802787039,101,51,5131,104227242,648,2013-02-09,13.5,OZ,1,8.79
2802787039,101,25,2507,104157040,2017,2013-02-17,32,OZ,1,2.39
2802793883,77,63,6315,107078474,18552,2012-07-10,64,OZ,1,1.7
2802793883,77,59,5902,107078474,18552,2012-11-19,16,OZ,1,2.79
2802795234,70,9,970,103582636,6564,2012-06-05,14.6,OZ,2,3.58
2802795234,70,9,907,107101070,15998,2012-08-14,20,OZ,1,1.99
2802795234,70,9,907,107225070,12465,2012-11-24,20,OZ,1,3.19
2802795234,70,5,501,103000030,58434,2013-01-10,12.5,OZ,2,3.98
2802795234,70,25,2506,103582636,6564,2013-01-15,32,OZ,1,2.59
2802795234,70,56,5615,103582636,6564,2013-03-09,12,OZ,1,3.19
2802797358,70,59,5902,1072543979,40679,2013-04-15,8,OZ,1,1.97
2802820243,68,9,907,107225070,12465,2012-03-27,20,OZ,1,2.99
2802820243,68,21,2119,101200010,10522,2012-09-27,144,OZ,1,2.75
2802862945,26,5,501,101600010,3331,2012-04-21,8.9,OZ,1,2.8
2802862945,26,63,6305,102500020,16489,2012-07-29,59,OZ,1,3.49
2802863054,26,51,5134,104280040,18599,2012-07-24,19.8,OZ,1,3.79
2802863054,26,9,907,107882171,12633,2012-11-14,20,OZ,1,1.59
2802863054,26,56,5621,101111010,9907,2013-04-09,8,OZ,2,2.88
2802863364,83,56,5621,101111010,9907,2012-08-07,8,OZ,1,2.29
2802863364,83,96,9609,1053400050,88199,2012-11-18,0,,1,-1
2802863364,83,55,5561,1065724363,35849,2013-06-09,9.9,OZ,1,1
2802867146,83,26,2622,101090010,15232,2012-11-09,4,CT,1,2.99
2802867146,83,36,3612,101111010,9907,2012-11-28,128,OZ,2,1.74
2802875684,98,57,5705,107047070,20230,2012-07-27,12,OZ,1,2
2802875684,98,22,2210,103700030,5174,2013-01-11,9.7,OZ,1,3.97
2802875684,98,63,6320,1071514171,25530,2013-02-08,12,CT,1,3.59
2802878832,89,56,5607,101111010,9907,2012-03-29,8,OZ,4,8.16
2802878832,89,33,3310,102840020,6911,2012-07-08,2.63,OZ,1,1.49
2802878832,89,9,907,107130171,17614,2013-02-09,24,OZ,2,2.98
2802881304,211,17,1703,101111010,5981,2012-04-21,32,OZ,1,2.59
2802881512,211,95,9518,1072047373,27680,2013-06-27,1,CT,1,2.99
2802883367,431,36,3632,101111010,1814,2012-05-06,144,OZ,1,2.5
2802887891,63,72,7205,103500030,3830,2012-06-20,6.4,OZ,3,3
2802887891,63,3,303,107116979,1756,2013-05-03,4,OZ,1,4.69
2802922839,96,9,907,103003434,7175,2012-08-21,14,OZ,1,1.99
2802942146,214,7,707,102550020,6550,2012-05-24,11.3,OZ,1,3.68
2802959498,214,51,5125,1071785474,11614,2012-11-09,8,OZ,2,1.84
2802959899,214,36,3604,107800070,16023,2012-04-27,60,OZ,1,4.97
2802959899,214,25,2506,104410040,8481,2012-12-31,16,OZ,1,1.88
2802959899,214,96,9609,1051284353,88199,2013-03-25,0,,1,-1
2802985747,46,59,5902,103450030,10165,2012-05-14,16,OZ,1,3.28
2802985747,46,35,3506,103700030,3068,2012-06-16,10.2,OZ,1,3.99
2802985747,46,33,3305,103760030,25412,2012-07-14,13.5,OZ,1,3.29
2802988672,46,9,920,104400040,15335,2012-07-01,9.5,OZ,2,5
2803043023,20,47,4704,102500020,11749,2013-02-28,12,OZ,1,2.29
2803043023,20,3,303,107089676,19921,2013-04-01,5,OZ,1,3.99
2803056693,18,73,7302,1032113030,15704,2012-11-05,100,CT,1,7.79
2803056693,18,33,3318,102840020,15441,2013-02-26,10,OZ,1,2.99
2803066431,360,99,9908,107266878,52135,2012-08-01,18,OZ,1,3.99
2803348039,233,34,3411,101111111,1141,2012-04-17,12,OZ,1,4.5
2803348039,233,72,7205,103320030,305,2012-04-29,7.2,OZ,1,0.99
2803348039,233,26,2609,104130343,38922,2013-01-18,48,CT,1,2.85
2803348039,233,56,5614,107592575,4368,2013-01-23,10,OZ,1,3.49
2803348039,233,97,9753,1021201222,0,2013-03-24,1,CT,1,4.53
2803504098,285,45,4511,107274575,54547,2012-11-22,36,OZ,2,23.98
2803504098,285,45,4511,107274575,54547,2013-01-13,36,OZ,1,11.99
2803504983,285,99,9909,107127979,6732,2012-10-27,12,OZ,1,2
2803504983,285,51,5125,101380010,10271,2012-11-24,9,OZ,1,1.48
2803505245,285,64,6401,108378383,16392,2012-08-05,72,OZ,1,7.99
2803505245,285,9,902,104400040,18775,2012-08-23,13,OZ,1,3.49
2803505245,285,28,2806,105410050,11722,2012-12-22,32,OZ,1,2.5
2803505245,285,0,0,10000,20405,2013-01-18,0,,1,-0.39
2803505640,285,9,916,103010030,47346,2012-03-05,9.5,OZ,1,3.27
2803505640,285,63,6316,104148343,9547,2012-05-16,8,OZ,1,1.09
2803505640,285,8,814,108017787,5665,2012-09-12,16,OZ,1,3.84
2803506360,285,56,5620,104610040,15889,2012-05-06,8,OZ,2,4
2803506360,285,9,907,107341070,888,2012-07-23,14,OZ,1,2
2803506360,285,45,4514,101115010,15530,2013-05-18,48,OZ,1,8.99
2803506421,285,26,2628,103700030,2248,2012-10-06,1,RL,1,1.23
2803506421,285,9,907,101115010,15530,2012-12-18,24,OZ,2,1.28
2803507050,285,36,3618,101200010,23361,2012-08-08,288,OZ,1,6.99
2803507050,285,63,6323,104148343,9547,2012-11-08,64,OZ,0,0
2803507080,285,51,5117,107465373,9039,2012-05-24,16.5,OZ,1,2
2803507080,285,23,2301,101115010,15530,2012-08-02,16,OZ,1,0.99
2803507209,285,58,5824,107778272,9260,2013-02-08,19,OZ,1,3.49
2803507209,285,5,516,103800030,17050,2013-03-25,4.76,OZ,1,2.99
2803508569,285,97,9753,10000,0,2012-05-14,1,CT,1,0.7
2803508569,285,56,5613,101115010,15530,2012-06-06,8,OZ,1,2.49
2803509072,285,51,5125,101380010,10271,2012-07-05,6.13,OZ,1,2.22
2803509072,285,21,2112,101115010,15530,2012-12-31,46,OZ,1,2.19
2803575387,180,95,9518,107000070,7848,2012-04-28,1,CT,1,0.99
2803585681,377,21,2117,1085364787,20374,2012-07-27,12,OZ,2,5.98
2803595107,24,55,5552,107756777,2347,2012-05-22,48,OZ,2,4.98
2803595107,24,63,6323,1071754474,17653,2012-12-24,32,OZ,2,3.38
2803627104,507,71,7107,1030815131,3609,2012-08-30,1,CT,1,6.99
2803660847,507,28,2804,108523989,11176,2012-12-17,12,OZ,1,1.27
2803878013,40,19,1905,105150050,16728,2013-04-07,18,OZ,2,6
2803923478,40,97,9753,1076163575,0,2012-11-07,1,CT,1,2.99
2803961009,85,2,211,101600010,1910,2012-12-06,40,OZ,1,2.88
2803964524,85,18,1835,1060788060,16965,2012-08-20,3.6,LB,1,3.25
2803969962,85,36,3629,107800070,17587,2012-06-06,144,OZ,1,4.99
2803969962,85,26,2633,105400050,16048,2012-12-08,12,RL,1,10.69
2803971202,21,56,5620,104119040,16347,2013-01-22,12,OZ,1,3.39
2803971550,21,58,5828,103100030,1358,2012-05-02,6.4,OZ,1,1.28
2803972534,21,33,3305,102840020,5141,2012-05-29,11.5,OZ,2,5
2803972534,21,8,818,103620030,14868,2012-06-14,66,OZ,2,9.98
2803972754,21,9,907,107341070,2437,2012-07-28,24,OZ,2,4.48
2803974012,21,55,5559,107756777,6854,2012-11-14,13.2,OZ,1,1.29
2803974272,21,33,3315,107102272,11145,2012-05-04,8,OZ,1,3.29
2803976585,21,5,501,103000030,58434,2012-12-03,13,OZ,1,2.39
2803976662,21,8,821,104119040,16347,2012-10-21,11.8,OZ,1,2.19
2803976662,21,51,5125,101380010,10271,2012-12-30,9,OZ,2,4.18
2803976662,21,9,970,103800030,62065,2013-02-17,14.7,OZ,1,2.69
2803976665,21,97,9753,1020003626,0,2012-08-24,1,CT,1,9.24
2803976665,21,36,3601,104900040,3809,2012-09-06,240,OZ,1,5.99
2803976665,21,27,2704,107910070,30370,2012-09-24,3.3,OZ,1,2.69
2803976789,21,9,904,109830494,3318,2013-02-16,5,OZ,1,1.5
2803977417,21,9,907,107101070,15998,2012-06-29,16,OZ,1,2.5
2803978912,21,21,2112,107045070,17674,2012-10-20,48,OZ,1,3.49
2803981126,21,8,818,102409424,4649,2012-04-30,7,OZ,1,3.99
2803984787,240,35,3509,102420020,14716,2012-03-25,150,OZ,1,9.99
2803984787,240,95,9517,106700868,25075,2012-06-01,5,CT,1,1.24
2803987954,104,33,3318,107797575,27417,2012-09-14,12,OZ,1,2.5
2803987954,104,79,7901,107224676,20014,2012-11-30,1,CT,1,1.79
2804003666,240,8,810,104600040,13023,2013-01-05,1,OZ,1,0.79
2804003666,240,29,2925,104130343,38922,2013-03-03,32,OZ,1,2.29
2804023042,101,21,2105,105200050,7054,2013-02-10,32,OZ,7,7
2804023042,101,9,970,103800030,62065,2013-06-16,21,OZ,1,2.69
2804023042,101,36,3627,101200010,16391,2013-06-23,67.6,OZ,1,1
2804023099,101,9,918,101410010,13791,2012-11-23,13.25,OZ,1,4.99
2804023099,101,56,5609,1068826767,81691,2013-06-14,24,OZ,1,3.19
2804023099,101,29,2914,102100020,9886,2013-07-02,5.5,OZ,3,3.75
2804023664,101,9,907,1068826767,81691,2013-03-08,15,OZ,1,1.89
2804023962,101,99,9908,103338333,33170,2012-06-15,16,OZ,1,2.5
2804023962,101,26,2628,1068826767,20616,2012-07-26,1,RL,2,2
2804023962,101,63,6305,102500020,11749,2012-11-30,59,OZ,1,3
2804023962,101,63,6319,102725929,7756,2013-02-21,16,OZ,6,4.14
2804024093,101,26,2626,101258717,7245,2012-05-18,1,CT,2,5
2804024093,101,21,2119,1061300868,867,2013-01-17,128,OZ,2,5
2804024293,101,25,2506,105000050,32115,2012-08-15,32,OZ,1,3.19
2804033086,101,29,2923,104100040,9814,2012-11-04,4.3,OZ,1,1.01
2804036679,101,56,5614,1068826767,81691,2013-01-27,8,OZ,1,2.69
2804036679,101,0,0,10000,0,2013-03-24,0,,2,7.33
2804038474,77,57,5704,103000030,12172,2013-07-21,5.3,OZ,10,10
2804084301,64,9,907,107102575,2570,2012-11-02,20,OZ,1,1.99
2804154379,70,4,418,101070010,19846,2013-03-30,10,OZ,1,1.74
2804160009,68,35,3509,103320030,875,2013-04-13,45,OZ,1,5.29
2804173350,64,55,5552,107756777,2347,2012-08-23,48,OZ,1,3.59
2804194587,64,4,418,103400030,15113,2013-02-18,7.2,OZ,1,2.39
2804197429,165,26,2615,107301070,17990,2013-01-18,18,CT,1,5.19
2804197429,165,75,7507,107050171,12554,2013-04-15,3.5,OZ,1,2.63
2804197429,165,5,501,103800030,11732,2013-05-20,18,OZ,2,7.78
2804209291,211,9,907,107294575,15878,2012-04-20,20,OZ,1,2.99
2804210114,58,55,5552,101111010,9907,2012-03-16,48,OZ,1,3.59
2804210114,58,63,6312,102500020,11749,2013-05-31,59,OZ,1,1
2804213406,98,4,419,104000040,5168,2012-09-22,10.5,OZ,2,7
2804216786,98,8,821,107505070,8546,2013-01-27,11.5,OZ,1,3.09
2804218983,133,99,9908,101111010,9907,2012-08-11,80,OZ,1,2.47
2804218983,133,99,9908,101111010,9907,2013-01-12,16,OZ,1,2.99
2804224014,431,8,805,107430575,2278,2012-12-21,16,OZ,1,4.59
2804227017,63,0,0,10000,0,2012-08-10,0,,1,0
2804227017,63,36,3632,101111010,1814,2012-08-30,67.6,OZ,2,1.24
2804235062,2,45,4514,101111010,9907,2012-09-02,48,OZ,1,8.99
2804235062,2,41,4107,101111010,14907,2012-11-11,15.25,OZ,2,1.58
2804248514,26,63,6330,101111010,9907,2012-12-24,16,OZ,1,2.29
2804248514,26,63,6319,101111010,9907,2013-01-06,128,OZ,1,1.5
2804259504,58,56,5610,102100020,9886,2013-01-17,8,OZ,1,4.09
2804259555,211,8,810,105210050,11382,2012-07-21,1.25,OZ,1,0.95
2804267746,151,29,2920,102970020,8711,2012-10-13,4,OZ,3,3
2804267746,151,35,3506,103700030,3068,2013-03-15,10.2,OZ,1,3.99
2804270761,98,28,2806,101111010,9907,2012-08-17,24,OZ,1,1.97
2804271643,98,63,6315,101111010,61474,2012-03-17,128,OZ,1,2.99
2804271643,98,51,5125,107265575,8089,2012-03-24,9,OZ,1,2.18
2804271643,98,96,9609,1053600050,88199,2013-01-26,0,,1,-0.5
2804274632,211,51,5122,104242141,2071,2012-11-26,11,OZ,1,4.99
2804339042,96,23,2301,103003434,7175,2012-03-03,16,OZ,1,1
2804339042,96,22,2211,107261373,16794,2012-08-12,40,CT,1,1.99
2804339042,96,79,7901,107224676,20014,2012-08-19,1,CT,1,1.79
2804339042,96,59,5907,102900020,2012,2012-11-11,16,OZ,2,2
