4629066444,6,29,2903,106414464,3342,2012-07-06,15,OZ,4,5.34
4629066444,6,72,7205,103700030,4294,2012-07-06,4.6,OZ,1,2.5
4629066444,6,64,6401,108066080,4098,2012-07-10,144,OZ,1,14.99
4629066444,6,21,2105,105200050,7054,2012-07-11,160,OZ,1,7.29
4629066444,6,36,3601,104900040,3809,2012-07-13,240,OZ,1,6.49
4629066444,6,9,970,103800030,62065,2012-07-21,14.1,OZ,1,2.59
4629066444,6,4,410,107339070,23682,2012-08-26,3.3,OZ,1,1.09
4629066444,6,23,2301,107130070,15474,2012-09-04,12,OZ,2,4.18
4629066444,6,64,6401,101820010,11616,2012-09-12,72,OZ,1,6.99
4629066444,6,57,5707,105215959,41981,2012-09-14,16,OZ,2,5.18
4629066444,6,64,6408,108823282,19284,2012-09-20,0.5,LT,4,17.16
4629066444,6,9,903,104119646,14582,2012-09-27,8,OZ,1,2.59
4629066444,6,7,708,1088133484,5357,2012-10-03,12,OZ,2,16.98
4629066444,6,21,2105,105200050,7054,2012-10-04,32,OZ,2,2.98
4629066444,6,58,5830,104350040,14162,2012-10-05,12,OZ,1,5.49
4629066444,6,57,5707,103663232,4568,2012-10-12,18.6,OZ,2,5.98
4629066444,6,36,3611,108265787,4687,2012-10-24,96,OZ,1,2.5
4629066444,6,41,4105,106414464,70939,2012-10-28,10,OZ,1,1.59
4629066444,6,36,3635,104150848,27294,2012-10-28,25.3,OZ,2,3.58
4629066444,6,75,7501,1030029939,3224,2012-10-30,16,OZ,1,9.99
4629066444,6,64,6401,107199070,4043,2012-11-09,216,OZ,1,16.49
4629066444,6,99,9908,105783656,17665,2012-11-24,17.6,OZ,1,3.99
4629066444,6,63,6312,102500020,11749,2012-11-27,59,OZ,1,1.79
4629066444,6,36,3634,1078616272,7237,2012-12-09,33.8,OZ,2,3.58
4629066444,6,5,520,1068826767,81691,2012-12-15,42,OZ,1,2.99
4629066444,6,38,3801,104480040,62568,2012-12-15,0.25,LB,1,0.99
4629066444,6,4,427,103400030,8682,2012-12-23,1.5,OZ,1,1.59
4629066444,6,4,416,104000040,16765,2013-01-04,1.86,OZ,1,0.99
4629066444,6,33,3304,102840020,6777,2013-01-12,10.5,OZ,1,3.49
4629066444,6,63,6315,1068826767,81691,2013-01-14,128,OZ,1,3.99
4629066444,6,29,2907,104600040,13023,2013-01-15,4.7,OZ,1,2.29
4629066444,6,63,6316,1068826767,81691,2013-01-26,8,OZ,1,1.09
4629066444,6,9,901,104400040,12661,2013-02-14,11,OZ,1,3.99
4629066444,6,63,6315,1074236575,8499,2013-02-14,64,OZ,1,3.69
4629066444,6,18,1890,107048575,8154,2013-03-10,3,CT,3,5.97
4629066444,6,63,6315,1068826767,81691,2013-03-30,64,OZ,1,2.59
4629066444,6,14,1499,103338333,33170,2013-04-09,1,CT,1,3.99
4629066444,6,97,9799,1074820979,15550,2013-04-11,1,CT,1,4.99
4629066444,6,18,1842,107173676,10390,2013-04-19,1,CT,6,23.94
4629066444,6,92,9211,102270020,4197,2013-04-22,0.3,OZ,1,5.99
4629066444,6,64,6409,108823282,16127,2013-04-24,0.75,LT,1,16.99
4629066444,6,9,920,103010030,9530,2013-06-02,11,OZ,1,2.75
4629066444,6,63,6319,104850040,10522,2013-06-15,59,OZ,1,2.69
4629066444,6,72,7208,104152040,2963,2013-06-18,1,CT,1,1.09
4629068282,152,63,6305,104850040,18799,2012-08-11,59,OZ,1,4.49
4629069144,152,4,418,107172070,9365,2012-03-17,10,OZ,2,6.58
4629070657,152,36,3632,1068826767,28357,2012-07-23,67.6,OZ,1,0.89
4629070657,152,8,809,105100050,2820,2012-10-15,10.5,OZ,1,1.49
4629070657,152,63,6320,1068826767,81691,2012-12-14,12,CT,1,2.29
4629070657,152,25,2504,1068826767,81691,2012-12-17,12,OZ,1,1.09
4629072100,153,26,2609,1068826767,7173,2012-10-14,100,CT,1,3.69
4629072100,153,99,9909,1068826767,81691,2013-01-03,10,OZ,1,3.69
4629072100,153,55,5558,102983929,6763,2013-05-05,16.5,OZ,1,3.99
4629072160,152,36,3618,1068826767,7740,2012-09-27,101.4,OZ,1,1
4629072160,152,26,2609,1068826767,33170,2012-11-15,120,CT,1,4.39
4629072160,152,73,7302,1030057333,250,2012-11-18,40,CT,1,6.99
4629072160,152,51,5127,105100050,8605,2013-06-03,16,OZ,1,3.99
4629072526,152,99,9908,103338333,33170,2012-04-29,13,OZ,1,2.5
4629072526,152,14,1410,103900030,10383,2012-07-01,15,OZ,1,1.99
4629072526,152,58,5826,102265525,2626,2012-09-15,6,OZ,1,1.69
4629072526,152,32,3204,1067289060,1653,2012-11-24,8.1,OZ,1,6.79
4629072526,152,0,0,10000,0,2013-03-07,0,,1,0
4629072943,153,34,3406,103700030,8993,2012-11-05,16,OZ,1,2.99
4629077150,152,63,6320,1068826767,81691,2012-06-10,18,CT,1,3.89
4629077150,152,97,9734,107244777,627,2012-07-12,1,CT,1,2.99
4629077309,153,56,5607,102100020,13967,2012-08-30,16,OZ,1,5.29
4629077309,153,3,303,107116979,1756,2013-02-04,0.67,OZ,1,2.59
4629077309,153,99,9904,103338333,33170,2013-03-07,16,OZ,2,9.98
4629080623,153,78,7802,107001171,12696,2012-03-07,6,CT,1,5.99
4629080623,153,21,2119,108390080,12546,2012-03-15,144,OZ,1,5.49
4629080623,153,99,9909,107143070,5072,2012-04-19,7,OZ,2,7.38
4629080623,153,55,5560,104154848,5603,2012-07-11,16.1,OZ,1,4.69
4629080623,153,45,4508,101960010,19214,2013-02-02,19.45,OZ,2,11.98
4629080623,153,58,5827,104470040,13310,2013-02-22,16,OZ,1,7.49
4629081409,152,3,311,1064420969,5345,2012-06-30,16,OZ,2,3.98
4629091410,153,99,9909,1068826767,81691,2012-10-02,5,OZ,1,3.69
4629091410,153,27,2702,101780010,30972,2012-11-09,3.5,LB,1,6.29
4629092710,153,95,9518,1061029060,6015,2013-02-05,1,CT,2,7.38
4629093521,152,56,5613,107104070,76668,2012-03-24,32,OZ,2,11.98
4629093521,152,29,2906,107066272,12673,2012-09-23,4,OZ,4,4
4629094650,153,56,5615,102100020,4218,2012-09-01,8,OZ,1,3.69
4629095127,152,63,6330,1068826767,81691,2012-03-03,32,OZ,1,3.49
4629097916,153,6,605,102830020,16257,2012-06-19,12,OZ,2,2.38
4629103014,153,97,9753,1081363585,0,2012-11-11,1,CT,2,7.98
4629103014,153,11,1114,107027272,5613,2013-05-08,16,OZ,1,2.99
4629103734,152,4,421,101070010,21522,2012-03-27,5,OZ,1,1.79
4629103734,152,3,302,102800020,30272,2012-04-03,11.5,OZ,1,3.19
4629107655,153,55,5559,107756777,14286,2012-05-28,33,OZ,1,4.39
4629107655,153,99,9909,1068826767,81691,2012-10-08,10,OZ,2,7.38
4629108363,6,54,5402,101960010,1058,2012-10-17,12.5,OZ,1,2.5
4629110149,152,9,901,1068826767,20616,2012-09-02,16,OZ,1,3
4629111437,152,27,2704,104152040,3931,2013-04-25,5,CT,1,9.99
4629111913,153,32,3202,1068826767,7740,2012-05-13,24,OZ,1,1.75
4629111913,153,63,6312,105020050,52045,2012-08-26,48,OZ,1,1.59
4629111913,153,4,417,102800020,54992,2013-02-23,3.5,OZ,2,3.58
4629112502,153,3,302,104300040,1292,2012-03-02,8,OZ,2,5.98
4629112733,6,57,5710,1068954464,6086,2012-06-21,6,OZ,4,7.16
4629112863,152,9,901,104400040,85927,2013-01-10,8.8,OZ,1,3.79
4629115363,152,36,3630,107800070,5208,2012-12-09,42.2,OZ,2,1.98
4629115746,6,9,917,107373171,11786,2012-03-30,20,OZ,1,3.85
4629115746,6,58,5824,104450040,8318,2013-03-03,13,OZ,1,4.49
4629115746,6,8,814,103760030,25412,2013-06-08,15.5,OZ,1,3.19
4629120355,6,99,9904,103338333,33170,2012-03-05,128,OZ,1,7.99
4629122841,153,31,3101,107468373,5752,2012-05-11,2.8,OZ,1,3.99
4629122841,153,7,709,109955595,31032,2012-12-11,4.87,OZ,1,8.49
4629122841,153,58,5824,104450040,8318,2013-03-24,14,OZ,2,8.98
4629123351,152,99,9909,1068826767,81691,2012-09-30,7,OZ,1,4.99
4629124379,152,11,1112,102898929,26666,2012-04-24,9.5,OZ,2,9.38
4629124379,152,36,3635,1068826767,81691,2012-04-29,144,OZ,2,5.98
4629124379,152,99,9908,105783656,17665,2012-05-09,1,CT,1,4.99
4629124379,152,63,6311,107146474,2142,2012-08-12,15.2,OZ,3,8.97
4629124379,152,54,5401,103800030,5618,2013-02-24,10.7,OZ,1,2.89
4629125211,153,9,907,107133070,25887,2012-05-25,20,OZ,1,3.99
4629125211,153,44,4404,1068826767,81691,2012-12-16,10,OZ,2,4
4629127013,6,9,907,109492292,33170,2013-04-05,16,OZ,1,2.49
4629128062,153,9,913,104812141,18322,2013-01-28,11,OZ,1,4.49
4629128062,153,9,918,101410010,13791,2013-02-17,8.6,OZ,1,3.49
4629128159,152,19,1908,1085108787,66367,2012-10-05,16,OZ,1,4.99
4629128159,152,36,3612,107572070,14196,2012-10-23,128,OZ,1,1
4629128159,152,3,302,102800020,30272,2012-12-01,12,OZ,2,6.58
4629128291,6,5,519,1068826767,81691,2012-05-05,12.3,OZ,1,2.79
4629129185,6,19,1906,105150050,16728,2012-11-16,12.75,OZ,1,2.89
4629129814,152,33,3318,102840020,15441,2012-05-08,16,OZ,1,3.29
4629129814,152,37,3709,104178949,11224,2012-06-11,2.15,OZ,6,3.6
4629131994,152,9,907,1068826767,81691,2012-12-13,16,OZ,1,1.99
4629133647,152,30,3001,104800141,8178,2012-06-07,15,OZ,1,3.59
4629133931,153,71,7107,1060308464,7034,2012-10-23,1,CT,1,7.99
4629133931,153,30,3006,104300040,7467,2013-04-18,32,OZ,1,3.99
4629133931,153,57,5703,1068826767,81691,2013-05-14,6,OZ,2,1.78
4629134358,152,99,9908,1068826767,12475,2012-06-27,8,OZ,1,2.99
4629134358,152,14,1404,1068826767,12475,2012-12-06,16,OZ,1,2.69
4629135310,6,97,9753,1022139525,0,2012-03-18,1,CT,1,4.28
4629135310,6,36,3626,104900040,17186,2012-03-25,144,OZ,1,6.29
4629136876,153,38,3802,104920040,5098,2012-06-23,1,LB,1,1.39
4629138137,152,73,7302,1030057333,250,2012-08-22,20,CT,1,4.29
4629140618,152,51,5125,102580020,16668,2013-01-21,9.25,OZ,1,2.5
4629140618,152,9,903,104138747,60,2013-01-27,13,OZ,1,2.29
4629140618,152,21,2119,107618373,16756,2013-06-16,64,OZ,3,8.37
4629141273,153,36,3618,104900040,23359,2012-08-25,144,OZ,4,23.96
4629141273,153,3,302,103400030,8247,2012-10-26,8,OZ,1,3.59
4629143503,152,59,5902,103450030,10165,2012-04-28,8,OZ,1,2.49
4629143503,152,71,7106,103700030,8047,2012-08-05,14.2,OZ,1,5.69
4629143503,152,57,5710,103663232,4568,2012-08-05,5.3,OZ,1,1.25
4629149688,153,63,6315,1068826767,81691,2012-03-24,64,OZ,1,2.59
4629151087,153,55,5555,107684070,32094,2013-07-13,16,OZ,3,10.47
4629151551,153,43,4302,107027272,15085,2012-05-12,6.5,OZ,1,2.79
4629151551,153,99,9904,1071575676,5278,2012-08-28,16,OZ,1,3.99
4629152562,153,56,5615,1068826767,81691,2012-06-05,8,OZ,1,2.59
4629152562,153,5,516,101405414,12973,2012-08-10,1.6,OZ,1,1.69
4629152562,153,4,412,101900010,10421,2012-08-16,6.25,OZ,1,2.39
4629152562,153,33,3308,104178040,19154,2012-09-10,1,OZ,1,0.35
4629152562,153,9,901,1068826767,81691,2012-10-01,9.4,OZ,1,1.69
4629152562,153,63,6328,102016929,16492,2012-10-22,24,OZ,1,3.69
4629152562,153,9,907,104347242,21443,2013-04-01,20,OZ,1,3.29
4629154257,152,16,1604,101254616,4806,2013-02-24,16,CT,1,1.29
4629154781,153,0,0,10000,0,2013-05-03,0,,1,0
4629154895,152,36,3611,107572070,14196,2012-09-17,96,OZ,1,2.5
4629154895,152,51,5123,102066222,12598,2013-03-29,24,OZ,1,7.99
4629155481,152,26,2634,104200040,14813,2012-10-08,6,RL,1,5.29
4629155481,152,25,2509,1068826767,81691,2013-04-18,32,OZ,1,2.49
4629157170,152,54,5402,103800030,5618,2012-07-08,16.4,OZ,1,2.99
4629157170,152,99,9908,102112020,20616,2012-12-02,16,OZ,1,1.99
4629157780,6,99,9909,107143070,5072,2013-03-26,7,OZ,1,3.69
4629158770,152,99,9908,102112020,20616,2012-10-16,32,OZ,1,3.29
4629159541,6,65,6503,1068826767,81691,2013-03-26,16,OZ,1,2.99
4629159910,152,99,9904,107774575,14997,2012-12-23,4.2,OZ,2,4
4629159910,152,36,3631,101200010,12170,2013-03-10,67.6,OZ,1,1.89
4629159910,152,99,9909,1068826767,81691,2013-07-07,6.25,OZ,1,3.99
4629160832,152,29,2930,105010050,8089,2012-08-05,7.95,OZ,1,3.29
4629161524,153,63,6320,1068826767,81691,2012-10-26,12,CT,1,2.09
4629165399,152,99,9908,1072021070,53732,2012-12-03,16,OZ,1,1.99
4629170443,6,33,3308,102840020,3336,2013-01-14,20.5,OZ,1,4.99
4629171413,153,57,5705,107047070,20230,2012-03-26,6,OZ,2,1.6
4629174758,152,35,3506,103500030,330,2013-01-07,12.7,OZ,1,3.85
4629174758,152,56,5617,102100020,9886,2013-04-04,16,OZ,1,4.79
4629175501,152,33,3318,107797575,27417,2012-04-17,9,OZ,1,2.99
4629177534,152,73,7343,1030057333,14423,2012-12-09,96,CT,1,10.99
4629178900,152,44,4404,1068826767,81691,2012-07-27,10.5,OZ,2,4
4629179568,152,37,3705,105100050,2820,2012-09-22,18.7,OZ,2,5.58
4629179568,152,38,3801,1068826767,81691,2012-12-17,4,LB,1,2.79
4629179635,153,26,2620,1068826767,7740,2012-12-15,14,CT,2,1
4629179635,153,34,3405,101111111,2966,2012-12-21,24,OZ,1,6.49
4629179687,152,23,2301,107680878,1393,2012-08-13,16,OZ,2,3.1
4629179687,152,41,4120,102700020,8612,2013-01-23,6,OZ,1,0.95
4629180888,153,11,1114,107027272,5613,2012-11-07,32,OZ,1,6.19
4629182029,152,57,5707,105215959,41981,2012-08-12,24,OZ,1,3.49
4629182029,152,99,9909,1068826767,81691,2012-11-07,7,OZ,1,3.69
4629183027,6,63,6320,1068826767,81691,2012-08-14,12,CT,1,2.59
4629183027,6,99,9909,1068826767,81691,2013-01-04,7,OZ,1,3.69
4629185874,152,9,913,104812141,18322,2012-06-23,12,OZ,3,11.97
4629188134,152,63,6320,1071514171,25530,2012-04-15,12,CT,1,4.19
4629188134,152,97,9753,1020401121,0,2012-10-09,1,CT,2,4.14
4629188473,6,31,3101,105210050,11382,2012-08-26,3,OZ,1,4.59
4629189782,153,60,6001,101800010,14029,2012-10-06,11,OZ,1,2.99
4629189782,153,5,501,103800030,4086,2012-11-16,18,OZ,1,3.79
4629189782,153,23,2310,107566272,20724,2012-12-05,12,OZ,2,7
4629191296,153,9,907,107648979,27944,2012-03-04,16,OZ,1,3.99
4629191296,153,7,706,101200010,17286,2012-04-10,38,OZ,1,6.49
4629193389,152,57,5705,107047070,20230,2012-06-03,6,OZ,2,1.78
4629197283,152,41,4105,102400020,4704,2012-09-25,14.5,OZ,1,1.79
4629202537,6,30,3008,104133545,43106,2013-03-23,16,OZ,1,3.49
4629202537,6,29,2908,104600040,13023,2013-04-14,16,OZ,1,1.39
4629204889,153,9,907,107242777,6150,2012-08-10,13,OZ,2,5.98
4629205019,152,36,3601,101200010,13794,2012-12-21,67.6,OZ,1,1.89
4629205019,152,12,1206,108000080,17292,2013-01-19,5,OZ,2,3.78
4629205019,152,55,5562,1068826767,20616,2013-02-07,16,OZ,1,2.99
4629205272,153,59,5906,104060040,26155,2012-11-18,8,OZ,1,3.39
4629208364,153,9,907,107518575,11221,2012-04-21,20,OZ,1,3.49
4629208364,153,3,311,105150050,14029,2012-06-14,15.6,OZ,1,2.19
4629212770,152,59,5902,1068826767,81691,2012-10-21,16,OZ,1,3.39
4629212770,152,97,9753,10000,0,2012-12-09,1,CT,1,9.11
4629212770,152,55,5567,107064070,2014,2013-06-08,23,OZ,1,4.99
4629213038,6,57,5704,105215959,41981,2012-07-16,6,OZ,11,10.89
4629213038,6,14,1411,103890030,5072,2012-11-21,20,OZ,8,12
4629214320,153,5,501,101600010,3396,2012-09-19,13.5,OZ,1,3.79
4629214320,153,9,907,101410010,13791,2012-12-10,24,OZ,1,3.99
4629214992,153,26,2628,105400050,16048,2013-06-10,15,RL,1,16.79
4629218149,153,56,5619,1060426262,754,2012-12-23,8,OZ,1,5.59
4629218149,153,25,2509,1068826767,81691,2013-02-27,32,OZ,1,2.69
4629224150,152,29,2903,106414464,3342,2012-06-23,15,OZ,3,3.87
4629224150,152,36,3618,104900040,23359,2012-08-11,67.6,OZ,1,1.79
4629224477,153,21,2119,107618373,16756,2012-09-12,192,OZ,2,23.98
4629224477,153,33,3303,102840020,15598,2012-12-03,9,OZ,2,8.58
4629224477,153,26,2608,1068826767,18552,2013-03-30,24,CT,2,2.98
4629226825,6,21,2106,109518898,17991,2012-08-17,128,OZ,1,2.19
4629226825,6,60,6001,101800010,14029,2012-08-26,16.5,OZ,1,3.09
4629226825,6,40,4004,104100040,10522,2013-03-07,8,OZ,1,3.85
4629227920,153,9,907,1068826767,81691,2012-07-15,18,OZ,1,2
4629227920,153,26,2628,103700030,2248,2013-02-16,6,RL,1,10.29
4629228926,152,7,707,107103878,25424,2012-11-24,11.3,OZ,1,4.39
4629230521,153,33,3307,102900020,14112,2012-09-26,10.25,OZ,1,6.35
4629230521,153,58,5823,104450040,8318,2013-03-06,9,OZ,2,8.98
4629230521,153,36,3618,104900040,23359,2013-03-06,240,OZ,1,6.99
4629230862,152,56,5614,1068826767,81691,2012-06-01,8,OZ,1,2.29
4629230862,152,8,809,101300010,8164,2012-12-23,12,OZ,3,6.57
4629230862,152,63,6320,1068826767,81691,2013-02-16,12,CT,1,2.69
4629232739,153,36,3603,1068826767,81691,2012-12-17,169,OZ,1,1.79
4629232739,153,96,9632,107675070,9830,2013-07-18,1,CT,1,25
4629234705,152,33,3305,102840020,5141,2012-05-28,11.5,OZ,1,4.29
4629235269,152,56,5614,103090030,19704,2013-05-21,10,OZ,1,3.99
4629236481,152,63,6315,107545777,7025,2013-03-24,32,OZ,1,1.89
4629240586,6,56,5604,107790171,14428,2013-01-12,6,OZ,1,4.99
4629240695,6,23,2301,107130070,15474,2012-03-22,12,OZ,1,2.79
4629240695,6,38,3801,1068826767,81691,2012-08-01,4,LB,1,2.39
4629240695,6,72,7205,103500030,3830,2012-09-08,4,OZ,1,3.65
4629240695,6,33,3303,104178040,19154,2013-04-15,14.5,OZ,1,4.99
4629241220,6,62,6202,102484222,2542,2012-09-03,20,OZ,1,6.99
4629241220,6,30,3008,1068826767,81691,2013-02-06,16,OZ,1,2.29
4629242238,153,5,501,101600010,10797,2013-03-29,11.5,OZ,1,3.29
4629242238,153,25,2509,1068826767,81691,2013-05-28,64,OZ,1,3.29
4629243741,6,30,3001,104800141,8178,2013-02-02,30,OZ,1,5.29
4629244290,6,21,2109,104180040,19713,2012-05-08,46,OZ,1,3.39
4629244290,6,58,5812,105450050,1322,2012-05-15,16,OZ,1,5.49
4629244290,6,58,5828,107790070,9200,2012-09-04,9.6,OZ,1,3.99
4629247392,6,33,3301,104178040,19154,2012-07-23,6.5,OZ,2,5.98
4629247572,153,63,6320,1071514171,25530,2012-04-13,12,CT,1,3.49
4629247572,153,63,6313,102223929,16078,2012-12-15,7,OZ,1,3.49
4629247572,153,45,4511,102370020,18969,2013-02-24,13.25,OZ,1,3.99
4629247784,153,97,9753,1020408020,0,2012-04-05,1,CT,1,4.26
4629247784,153,33,3305,102840020,5141,2012-05-21,11.5,OZ,1,4.29
4629248758,153,63,6320,1068826767,81691,2012-09-03,12,CT,1,2.39
4629248758,153,9,903,104138747,60,2013-03-15,24,OZ,1,2.49
4629250059,152,33,3310,101566515,22310,2012-10-22,6,OZ,1,6.79
4629250059,152,36,3634,1078616272,7237,2012-11-27,20,OZ,3,4
4629250795,152,58,5899,107232272,27348,2012-07-07,20.8,OZ,1,4.99
4629250795,152,29,2914,102100020,9886,2012-07-07,5.5,OZ,3,5.07
4629250995,152,5,501,101600010,10797,2012-05-11,11.5,OZ,1,3.59
4629250995,152,10,1011,104300040,26232,2012-11-09,15.5,OZ,1,3.29
4629253328,6,31,3101,107096979,17090,2012-09-30,4.5,OZ,1,1.99
4629253328,6,21,2106,1068826767,81691,2013-04-04,64,OZ,1,2.79
4629254516,152,4,418,103400030,1991,2013-03-12,9.6,OZ,1,4.49
4629258317,153,33,3315,101030010,5740,2012-12-16,7.5,OZ,2,5.98
4629259527,152,45,4515,107098474,25076,2013-01-08,12,OZ,1,5.69
4629261625,6,9,907,1068826767,81691,2012-03-30,16,OZ,1,2
4629261625,6,36,3635,1068826767,81691,2012-06-17,144,OZ,1,3.19
4629261625,6,97,9799,103338333,33170,2012-11-21,1,CT,1,12.99
4629261625,6,72,7214,101254616,18738,2013-01-17,18,CT,3,3.87
4629263273,152,9,902,104400040,12279,2012-11-04,16,OZ,1,3.59
4629263273,152,25,2506,105000050,32115,2013-07-03,32,OZ,2,9.18
4629266270,152,9,907,1060699161,63479,2012-09-04,16,OZ,1,3.79
4629266270,152,99,9901,103338333,33170,2012-12-23,5,OZ,1,1.29
4629266851,6,59,5902,103450030,10165,2012-12-12,8,OZ,2,5.38
4629272827,152,35,3508,103700030,18371,2013-02-05,100,OZ,1,15.49
4629273071,152,18,1890,107048575,8154,2012-11-20,1,CT,3,16.47
4629275407,152,25,2504,105000050,3001,2012-04-15,12,OZ,2,2.58
4629275407,152,72,7210,1031015838,14214,2012-06-10,2.2,OZ,2,9.78
4629275407,152,56,5616,1068826767,81691,2013-01-28,10,OZ,1,3.59
4629276352,6,97,9753,1076163575,0,2013-04-05,1,CT,1,3.99
4629277620,6,45,4516,107350474,11059,2012-11-24,38.4,OZ,1,6.99
4629278091,6,63,6315,1068826767,81691,2012-10-12,32,OZ,1,1.69
4629278091,6,9,907,1068826767,81691,2013-01-03,16,OZ,1,3.19
4629278091,6,99,9904,1071575676,5278,2013-06-05,16,OZ,2,7.98
4629278192,6,5,504,1072225272,3695,2012-05-10,7.4,OZ,1,2.99
4629278192,6,34,3410,104152040,2963,2012-05-25,7.5,OZ,3,4.47
4629278192,6,99,9904,10505037252,3457,2013-03-02,1,CT,1,3.99
4629285609,153,97,9753,1071752474,0,2012-06-08,1,CT,1,4.99
4629285609,153,45,4514,1068826767,12475,2012-06-08,24,OZ,1,9.99
4629285852,152,6,608,1072225272,3695,2012-07-17,7.62,OZ,2,7.98
4629285852,152,99,9908,103338333,33170,2012-10-25,24,OZ,1,3.99
4629285852,152,40,4005,107695070,23056,2012-11-26,1.12,OZ,1,3.99
4629290317,6,63,6320,1068826767,81691,2013-01-21,18,CT,1,3.79
4629291085,153,58,5823,102265525,2626,2012-04-03,9,OZ,1,3.99
4629292258,152,9,901,107349070,9528,2012-05-12,4.2,OZ,4,3.16
4629292258,152,97,9753,1023240929,0,2013-03-01,1,CT,2,3.98
4629292441,152,34,3411,101111111,5168,2012-06-17,24,OZ,1,6.99
4629292441,152,63,6314,107342070,4529,2012-06-26,16,OZ,1,2.59
4629292441,152,9,907,1083584181,6283,2012-11-14,24,OZ,1,4.29
4629292441,152,17,1703,101920010,10882,2012-12-31,40,OZ,1,2.95
4629294182,152,9,907,107167373,17480,2012-12-22,20,OZ,1,3.29
4629294182,152,30,3008,107468373,56499,2013-02-02,8,OZ,1,2.39
4629294743,6,38,3801,1068826767,81691,2012-06-22,4,LB,1,2.59
4629294743,6,16,1604,102200020,20100,2013-06-08,45,CT,1,3.99
4629295043,6,36,3631,101200010,12170,2012-12-30,67.6,OZ,1,1.99
4629299062,6,56,5620,104610040,15889,2012-03-31,8,OZ,3,10.77
4629305311,153,37,3707,102400020,3843,2012-09-25,32,OZ,4,8.76
4629305311,153,8,810,104800141,9814,2012-12-18,1.2,OZ,3,5.37
4629305537,6,99,9908,103338333,33170,2012-03-04,16,OZ,1,1.69
4629308549,153,63,6320,1068826767,81691,2012-04-16,12,CT,1,2.29
4629308549,153,8,814,104150141,13296,2012-08-02,16,OZ,1,2.89
4629308549,153,21,2109,1068826767,81691,2012-08-21,64,OZ,1,3.59
4629308549,153,56,5604,1068826767,7173,2013-04-20,8,OZ,1,2.99
4629308779,153,71,7113,1030813737,1121,2012-04-20,10.5,OZ,3,20.97
4629312465,6,12,1205,108660080,2559,2012-06-24,5,OZ,1,1.19
4629312465,6,21,2119,107618373,16756,2013-05-11,192,OZ,1,12.99
4629314629,6,28,2805,107299979,98643,2012-03-14,6,OZ,1,2
4629314629,6,72,7203,101254717,10554,2012-04-07,16,OZ,1,5.99
4629314629,6,57,5710,1089470080,21065,2012-11-10,5.3,OZ,4,5
4629314629,6,41,4107,1068826767,81691,2012-12-03,15,OZ,3,3.27
4629314629,6,23,2301,1068826767,20616,2013-01-06,16,OZ,1,1
4629316807,152,63,6317,104157040,2017,2012-09-29,64,OZ,1,3.69
4629318647,152,3,311,101600010,1756,2012-03-25,12,OZ,1,1.99
4629318647,152,25,2506,104410040,8481,2012-07-09,32,OZ,1,3.99
4629318647,152,97,9753,1023676020,0,2012-09-03,1,CT,1,6.99
4629318647,152,27,2713,105000050,11668,2012-12-06,5.5,OZ,6,4
4629318647,152,21,2119,107336070,867,2012-12-26,128,OZ,2,6.58
4629318837,6,51,5126,101380010,27474,2012-03-18,14.5,OZ,1,4.19
4629319433,6,63,6321,104082242,15667,2012-04-09,17,OZ,1,4.99
4629319433,6,63,6315,1074236575,8499,2012-09-13,64,OZ,1,4.29
4629319681,152,33,3310,107754474,13313,2012-05-22,14.8,OZ,1,5.99
4629319681,152,33,3305,1068826767,81691,2012-06-20,13,OZ,1,2.59
4629323481,153,55,5560,104154848,5603,2012-06-20,18,OZ,1,4.89
4629323481,153,57,5710,107047070,20230,2013-02-06,5.3,OZ,7,9.03
4629323481,153,12,1206,108000080,17292,2013-03-16,5,OZ,3,5.97
4629324145,153,8,811,1074747979,14926,2012-04-30,24,OZ,1,8.99
4629324145,153,9,917,104411545,3167,2012-08-14,10,OZ,1,2.99
4629325881,152,31,3101,103384434,1257,2012-06-27,6.75,OZ,1,2.89
4629325881,152,29,2925,101740010,3008,2012-09-29,80,OZ,1,4.99
4629330202,152,36,3631,101200010,12170,2012-12-28,67.6,OZ,1,1.89
4629332474,152,5,501,103800030,15251,2012-10-08,9,OZ,1,3.59
4629337289,153,9,902,104400040,8463,2012-05-17,13,OZ,1,3.59
4629337289,153,40,4005,107073474,25373,2013-02-24,1.4,OZ,1,2.99
4629337390,152,41,4105,107079676,3198,2012-05-08,28,OZ,1,1.65
4629337390,152,21,2119,107618373,16756,2012-07-27,16,OZ,1,1.25
4629337390,152,28,2806,105410050,19509,2013-01-18,24,OZ,1,2.99
4629338437,6,56,5609,1068826767,81691,2012-03-10,16,OZ,2,5
4629338437,6,11,1113,106082262,20259,2012-07-13,5.5,OZ,1,3.49
4629339724,152,63,6320,1068826767,12475,2012-10-07,18,CT,1,4.49
4629340025,152,36,3611,107572070,14196,2012-08-05,405.6,OZ,3,17.97
4629341866,153,9,901,103010030,3454,2012-10-01,4.44,OZ,1,3.25
4629341866,153,21,2117,108768484,2903,2012-11-19,60,OZ,1,2.5
4629341866,153,9,907,107341070,2437,2013-01-01,24,OZ,1,4.69
4629341866,153,21,2119,101200010,10522,2013-05-12,128,OZ,1,3.49
4629342415,152,64,6401,108248888,1555,2012-08-25,144,OZ,1,13.99
4629344677,152,56,5615,102100020,4218,2012-10-12,8,OZ,1,3.69
4629345151,6,99,9909,1068826767,81691,2012-03-29,7,OZ,1,3.99
4629345793,153,19,1910,10980090,12851,2012-12-27,13,OZ,1,4.69
4629346348,152,56,5620,1068826767,81691,2012-05-16,8,OZ,1,3.29
4629346348,152,55,5559,1074349070,4926,2012-10-04,10.5,OZ,1,5.19
4629346348,152,58,5814,104470040,10837,2012-10-04,3.1,OZ,1,2
4629346348,152,27,2705,105000050,6775,2012-10-20,5.5,OZ,4,2.12
4629346348,152,5,501,101600010,85114,2013-03-13,16.2,OZ,1,4.69
4629346348,152,33,3315,1065585262,1074,2013-03-28,17.5,OZ,2,13.98
4629347106,6,9,907,107101070,15998,2013-04-16,20,OZ,2,6.98
4629347483,153,58,5832,107274575,13804,2012-09-18,9,OZ,2,11.98
4629347483,153,13,1306,105150050,14029,2013-01-05,5,LB,1,3.49
4629348423,152,79,7901,1072527474,45636,2012-10-29,1,CT,1,2.99
4629349441,153,57,5705,1068826767,81691,2012-04-07,6,OZ,4,2
4629351558,6,57,5705,103663232,4568,2012-03-30,6,OZ,1,0.67
4629351558,6,55,5560,104154848,5603,2012-11-01,16.5,OZ,1,4.29
4629352641,6,26,2613,103600030,8583,2012-10-21,23,CT,1,9.99
4629352641,6,9,902,102410020,44209,2012-12-18,13.7,OZ,1,4.29
4629354321,152,38,3801,107577979,21418,2012-10-25,2,LB,1,2.99
4629354321,152,63,6325,1068826767,20614,2012-12-19,20,OZ,2,6.98
4629354321,152,4,405,1068826767,81691,2013-02-12,10,OZ,1,1
4629355179,153,63,6315,1068826767,81691,2013-02-06,128,OZ,1,3.99
4629356872,153,33,3301,102840020,16680,2012-08-29,9,OZ,1,3.99
4629358497,153,51,5123,101380010,27474,2013-03-30,38,OZ,1,7.99
4629359850,153,63,6315,1068826767,81691,2012-05-13,128,OZ,1,2.49
4629359850,153,54,5401,103800030,5618,2012-11-04,12.3,OZ,1,2.99
4629359850,153,56,5614,107104070,76668,2012-12-28,12,OZ,1,4.59
4629359850,153,41,4106,1068826767,81691,2013-03-30,6.5,OZ,2,1.46
4629360356,152,73,7316,1030800434,11898,2012-04-01,0.32,OZ,1,19.99
4629360864,153,30,3009,102100020,9886,2012-03-25,16,OZ,1,3.79
4629361017,152,36,3626,104900040,17186,2012-10-16,67.6,OZ,1,1.79
4629361407,152,54,5403,107790070,9200,2012-07-05,20.4,OZ,1,6.79
4629368121,153,30,3010,104133545,43106,2012-03-27,16,OZ,1,3.79
4629369078,6,53,5307,107056070,14005,2012-03-27,16,OZ,1,2
4629369078,6,36,3611,1068826767,158,2013-03-12,591.5,OZ,1,4.99
4629371015,6,63,6315,105215959,41981,2012-03-05,64,OZ,1,3.99
4629371015,6,5,516,101600010,12426,2012-12-14,7.1,OZ,1,3.49
4629371015,6,9,907,107518575,11221,2013-04-25,15,OZ,1,3.59
4629376331,6,8,836,104119646,14582,2012-07-15,25,OZ,1,3.49
4629376331,6,99,9904,103338333,33170,2012-10-09,6,OZ,2,7.98
4629376331,6,99,9908,103338333,33170,2013-06-28,16,OZ,1,3.49
4629377021,152,71,7114,1030815131,3609,2012-05-11,8,OZ,1,3.99
4629380515,6,63,6315,1068826767,81691,2012-05-13,32,OZ,1,1.69
4629380515,6,36,3612,1068826767,158,2012-10-20,128,OZ,1,1
4629380515,6,35,3509,107261373,401,2013-01-06,50,OZ,1,5.89
4629380630,152,26,2629,104200040,19231,2012-03-03,100,CT,1,2.29
4629380630,152,53,5307,1068826767,81691,2012-06-02,16,OZ,2,4
4629381864,152,9,922,104500040,8511,2012-11-13,13.5,OZ,1,4.29
4629384871,6,17,1712,107499979,15601,2012-05-26,96,OZ,1,18.99
4629384871,6,5,516,101600010,12426,2012-10-21,7.4,OZ,1,3.19
4629384928,153,9,918,101410010,13791,2012-04-26,8.6,OZ,1,3.49
4629384928,153,57,5704,107047070,20230,2013-03-06,6,OZ,2,1.6
4629385621,6,63,6317,102529323,16410,2012-06-21,64,OZ,1,3.99
4629385621,6,34,3410,107418272,16853,2012-10-28,32,OZ,1,4.49
4629385621,6,11,1114,1068826767,81691,2013-01-19,16,OZ,1,2.79
4629385965,152,5,501,103800030,4089,2012-06-22,1.5,OZ,1,1
4629385965,152,26,2629,104200040,19231,2012-12-07,100,CT,1,2.19
4629385999,152,9,907,107341070,888,2012-04-20,18,OZ,1,3.99
4629385999,152,21,2106,101480010,8019,2012-06-08,32,OZ,1,1
4629385999,152,9,907,107133070,25887,2012-09-28,24,OZ,1,3.99
4629389736,152,57,5710,1089470080,21065,2012-04-29,5.3,OZ,4,5
4629389736,152,58,5838,1071516676,27806,2012-06-30,8,OZ,2,6.98
4629389736,152,33,3307,101030010,5740,2012-06-30,11,OZ,1,5.79
4629389736,152,37,3703,105100050,2820,2012-09-02,26,OZ,1,2.49
4629389736,152,62,6201,1068826767,20616,2012-11-03,16,OZ,1,4.99
4629392090,152,8,807,1068826767,81691,2012-08-27,18,OZ,1,1.35
4629393146,152,30,3010,104133545,43106,2012-04-15,16,OZ,1,3.99
4629393146,152,63,6399,1068826767,20616,2013-03-16,16,OZ,1,1.59
4629401801,153,51,5125,101380010,10271,2012-03-02,8.5,OZ,2,5.78
4629401801,153,49,4901,101312010,26885,2012-05-06,30,OZ,1,3.19
4629401801,153,33,3303,102840020,10241,2012-05-18,10.5,OZ,1,4.29
4629401801,153,71,7113,102240020,25033,2012-10-28,15,OZ,2,1.98
4629401801,153,21,2118,108079383,6926,2013-01-30,16.9,OZ,1,1.5
4629402654,153,59,5905,103377636,5476,2012-05-08,15,OZ,1,4.29
4629404802,153,9,920,103010030,9530,2012-08-19,11.04,OZ,1,2.65
4629404802,153,58,5827,104470040,13310,2012-08-19,12,OZ,1,6.99
4629406017,6,53,5307,101450010,20864,2012-03-27,12,OZ,1,2
4629406738,153,21,2112,107065070,100,2012-08-18,13.5,OZ,1,2.89
4629408396,152,72,7205,1031015838,16196,2012-11-21,4.3,OZ,1,5.69
4629416909,6,56,5620,1068826767,81691,2012-07-03,8,OZ,1,2.79
4629416959,153,32,3204,1081579888,72157,2012-08-31,8.5,OZ,1,6.69
4629416975,153,99,9909,102112020,20616,2012-10-19,12,OZ,1,3.99
4629420506,153,72,7211,1031015838,14213,2012-09-06,84,CT,1,5.99
4629426745,152,99,9908,107266878,52135,2012-03-10,18,OZ,1,3.99
4629426745,152,97,9753,10000,0,2012-05-28,1,CT,1,1.07
4629426745,152,14,1404,1068826767,81691,2012-12-31,25,OZ,1,1.99
4629428236,152,9,907,101410010,13791,2012-11-14,16,OZ,1,3.79
4629428596,152,63,6320,1068826767,81691,2012-12-29,12,CT,1,2.09
4629431004,152,53,5307,1068826767,81691,2013-03-05,16,OZ,1,1.67
4629434504,152,99,9908,102112020,20616,2013-01-14,32,OZ,1,1.99
4629434504,152,54,5402,101960010,1058,2013-02-02,14.5,OZ,1,3.19
4629436098,153,36,3611,107572070,14196,2012-04-02,405.6,OZ,1,4.99
4629436098,153,19,1908,105150050,9189,2012-10-09,40,OZ,1,7.99
4629436098,153,23,2310,107623979,11065,2012-11-13,28,OZ,1,4.49
4629436098,153,9,970,103800030,62065,2013-03-30,22,OZ,3,10.47
4629438446,153,9,907,107133070,25887,2012-03-11,20,OZ,1,3.99
4629438446,153,23,2301,108060282,16031,2013-03-01,16,OZ,1,1.99
4629439276,152,9,908,107203070,5812,2012-08-21,17,OZ,1,6.49
4629441034,6,29,2923,104100040,9814,2013-01-20,4.2,OZ,2,2.66
4629442616,6,5,501,1068826767,81691,2012-09-15,16,OZ,2,7.18
4629442616,6,0,0,10000,20405,2012-12-21,0,,1,1
4629442621,153,45,4513,103666939,29208,2012-10-10,28,OZ,1,6.49
4629442621,153,7,709,109955595,2706,2012-12-07,6.3,OZ,1,8.79
4629443083,6,4,419,103746636,10488,2012-09-15,4.4,OZ,4,11.16
4629443083,6,9,911,107209272,9316,2012-10-28,5,OZ,1,2.5
4629446072,153,12,1203,103480030,9694,2012-10-14,3.75,OZ,1,3.59
4629446072,153,28,2804,106608666,13616,2013-05-02,12,OZ,1,2
4629447120,152,8,810,105210050,11382,2013-01-28,1.5,OZ,1,1.69
4629447120,152,8,805,105440050,23210,2013-04-20,15,OZ,1,5.19
4629449286,153,51,5119,1068826767,81691,2013-04-03,8,OZ,1,2.89
4629451691,153,41,4108,103940030,71386,2012-12-08,15.5,OZ,1,1.49
4629453430,153,56,5609,104410040,8481,2012-12-29,24,OZ,1,3.99
4629453430,153,56,5613,1068826767,81691,2013-02-13,32,OZ,1,3.39
4629454913,153,56,5614,104610040,15889,2013-04-18,9,OZ,1,4.59
4629456481,152,45,4514,1068826767,12475,2012-04-11,24,OZ,1,9.99
4629457333,152,51,5115,105833656,25702,2013-01-20,13.6,OZ,1,6.19
4629459035,153,55,5558,104410040,8481,2012-08-27,27.6,OZ,1,3.29
4629459035,153,33,3311,102840020,27521,2012-12-22,10.5,OZ,1,3.99
4629459035,153,99,9908,101833717,26028,2012-12-27,32,OZ,1,6.99
4629459035,153,42,4220,1068826767,81691,2013-01-05,16,OZ,1,1
4629459342,153,63,6315,107545777,7025,2012-08-17,32,OZ,1,2.09
4629459342,153,9,902,104400040,46909,2012-12-24,7.5,OZ,1,3.49
4629464404,152,45,4511,1068826767,81691,2013-03-13,6,OZ,1,2.99
4629471396,152,73,7308,1036382434,3204,2012-04-22,0.75,OZ,1,4.45
4629474182,152,29,2928,104100040,9814,2013-01-19,5.5,OZ,1,1.5
4629474182,152,36,3604,107800070,16023,2013-03-23,144,OZ,1,5.79
4629475081,152,28,2805,1068826767,81691,2013-01-09,2.25,OZ,5,5
4629475339,6,33,3318,102840020,15441,2012-06-06,16,OZ,1,3.29
4629475339,6,51,5116,107218070,6718,2013-03-26,26.11,OZ,1,6.79
4629477699,6,58,5813,1078533171,7796,2012-05-09,16,OZ,1,1.69
4629477699,6,58,5827,104470040,13310,2012-06-11,16,OZ,1,7.49
4629477699,6,35,3509,102420020,14716,2012-07-08,150,OZ,1,11.49
4629477699,6,21,2106,103120030,12957,2012-07-12,101.4,OZ,1,5.29
4629477699,6,9,917,1068826767,81691,2012-07-15,9.9,OZ,1,0.99
4629477699,6,10,1004,104300040,26232,2012-07-29,1,OZ,1,1.19
4629477813,6,53,5305,102000020,7655,2012-03-03,9,OZ,2,3.78
4629480934,153,5,502,101600010,101199,2012-03-28,5.4,OZ,1,2.99
4629480934,153,25,2506,105000050,32115,2012-12-22,32,OZ,1,4.29
4629480934,153,41,4110,103940030,71386,2013-05-24,22,OZ,3,7.77
4629480934,153,56,5609,107835474,2675,2013-07-20,16,OZ,1,2.49
4629482705,6,33,3315,104114343,17593,2012-08-16,6,OZ,3,10.47
4629482705,6,18,1890,107048575,8154,2013-03-04,1,CT,5,12.95
4629483436,153,41,4108,1068826767,81691,2012-09-12,15.5,OZ,1,0.85
4629483436,153,24,2403,1068826767,12475,2012-10-08,7,OZ,1,4.99
4629483436,153,9,970,103800030,62065,2013-04-16,21,OZ,1,3.59
4629483689,153,5,501,1068826767,81691,2013-02-17,18,OZ,1,2.59
4629486251,152,63,6315,107060070,29609,2012-03-10,32,OZ,1,1.99
4629487450,153,9,918,101410010,13791,2012-05-05,5,OZ,1,3.69
4629487450,153,51,5125,107265575,8089,2012-09-29,9.2,OZ,1,2.5
4629487450,153,36,3631,104900040,1414,2012-11-09,144,OZ,1,5.49
4629487450,153,27,2702,101780010,95301,2013-04-10,8,LB,1,12.99
4629487712,153,39,3903,103000030,1058,2012-05-16,24,OZ,1,4.49
4629487712,153,22,2214,102340020,70411,2012-07-02,76,OZ,1,4.49
4629487712,153,21,2114,1081097989,18822,2012-11-18,540.8,OZ,1,3.79
4629487712,153,41,4108,104119646,14582,2013-01-10,19,OZ,3,4.17
4629489530,153,21,2103,1068826767,12475,2012-07-29,64,OZ,1,2.99
4629489530,153,58,5834,104350040,14162,2012-08-19,16,OZ,1,6.49
4629491795,153,4,410,1068826767,81691,2013-06-08,5,OZ,1,1
4629493554,153,49,4901,101312010,26885,2012-11-30,26,OZ,2,7.58
4629494412,152,26,2628,1068826767,81691,2013-02-03,1,RL,2,2
4629497058,152,53,5307,1068826767,81691,2012-10-13,12,OZ,2,2.67
4629499112,152,58,5832,107274575,13804,2012-06-24,9,OZ,3,17.97
4629499112,152,63,6305,104850040,18799,2012-12-16,89,OZ,1,5.99
4629499112,152,33,3303,108379181,4988,2012-12-19,2,OZ,1,0.99
4629499339,153,57,5710,1089470080,21065,2013-01-25,16,OZ,1,3.59
4629501350,152,57,5710,1089470080,21065,2012-03-11,14,OZ,4,13.16
4629501350,152,3,303,1071548373,68929,2012-07-30,4.5,OZ,1,3.99
4629502117,152,27,2704,105849656,13705,2012-09-09,15.6,OZ,1,8.59
4629505037,153,49,4901,1083418383,385,2013-03-29,22,OZ,1,3.99
4629505699,153,71,7113,107940070,17521,2012-04-14,12.6,OZ,2,7.98
4629505699,153,96,9609,1053390050,88199,2012-12-01,0,,1,0
4629507729,152,99,9908,107266878,52135,2012-03-02,18,OZ,1,3.99
4629508774,6,18,1890,107048575,8154,2013-01-11,2,CT,3,5.97
4629509518,6,63,6320,1071514171,25530,2012-07-20,12,CT,1,3.99
4629509825,152,5,501,103800030,17050,2012-09-11,13.5,OZ,4,13.96
4629509825,152,63,6320,1071514171,25530,2012-10-30,18,CT,1,4.59
4629509825,152,9,970,103800030,62065,2012-12-07,22,OZ,1,3.59
4629511381,152,9,901,103010030,44654,2012-08-09,12,OZ,2,7.5
4629511381,152,56,5613,107104070,76668,2012-10-18,32,OZ,1,5.99
4629511381,152,5,501,101600010,15114,2012-10-19,13,OZ,2,7.98
4629512368,153,36,3618,104900040,17929,2012-06-23,144,OZ,8,47.92
4629514194,153,2,201,101600010,1756,2012-03-13,16,OZ,1,2.39
4629516662,152,0,0,10000,0,2013-02-10,0,,1,0
