2635438519,180,58,5832,107590171,6195,2012-12-06,24,OZ,1,4.49
2635471519,24,36,3612,1071754474,17649,2012-09-29,128,OZ,2,1.78
2635471519,24,37,3705,105100050,2820,2013-06-02,18.6,OZ,4,11.56
2635794217,31,19,1908,104530040,13915,2012-09-16,16.3,OZ,2,3.99
2635834552,40,41,4108,103940030,71386,2012-04-05,16,OZ,1,1.19
2635834552,40,58,5823,105340050,2462,2012-10-11,12,OZ,1,2
2635884665,16,9,917,102733121,9966,2012-06-04,12.7,OZ,1,3.19
2635919617,85,22,2201,104460040,3718,2012-08-29,24,OZ,1,1.35
2635926178,21,26,2609,104200040,5016,2012-09-23,48,CT,1,2.89
2635927026,21,56,5620,104119040,16347,2012-09-14,12,OZ,1,3.39
2635927026,21,26,2619,101370010,8154,2013-04-15,45,CT,1,10.99
2635927063,21,37,3709,107066272,12673,2012-06-06,13.5,OZ,1,1.99
2635927960,21,30,3009,104100040,19975,2012-05-20,16,OZ,1,2.39
2635929237,21,41,4108,104133141,7531,2012-04-14,15.5,OZ,1,0.99
2635929237,21,56,5620,104119040,16347,2012-05-12,8,OZ,2,4.58
2635929237,21,58,5828,103100030,1358,2012-10-13,6.4,OZ,1,1.14
2635929237,21,10,1013,103890030,5072,2013-04-13,16,OZ,3,7.5
2635929454,21,99,9901,104322242,26099,2013-02-21,0.66,OZ,1,2.49
2635929454,21,57,5710,107835474,2675,2013-03-18,32,OZ,1,4.99
2635932492,21,15,1506,101819515,16180,2012-12-10,3,OZ,1,1.99
2635938315,240,9,901,104114444,16284,2012-07-04,28,OZ,1,5.49
2635938315,240,63,6315,107545777,7025,2012-08-20,64,OZ,1,2.79
2635938315,240,36,3630,107800070,5208,2013-03-10,144,OZ,1,5
2635940745,104,5,501,104130343,38922,2012-10-19,16,OZ,1,2.85
2635940745,104,74,7402,104116343,5845,2012-10-26,7,OZ,2,4
2635940745,104,37,3707,102400020,3843,2012-11-09,14.5,OZ,7,4.69
2635940745,104,9,907,107341070,888,2013-01-04,24,OZ,1,2.38
2635989029,101,56,5621,1068826767,33170,2012-10-07,8,OZ,1,2
2635989029,101,49,4901,1068826767,20616,2013-02-24,26,OZ,1,2
2635993758,101,57,5710,1089470080,21065,2012-10-23,5.3,OZ,4,5
2635998455,77,8,801,102700020,8612,2012-04-18,24,OZ,1,1
2635998455,77,21,2106,107078474,18552,2012-06-02,64,OZ,2,4.91
2635998455,77,99,9908,103338333,33170,2012-06-04,16,OZ,2,3.99
2635998455,77,18,1836,107650171,3828,2012-06-07,16.4,OZ,1,5
2635998455,77,99,9909,107127979,6732,2012-07-12,12,OZ,1,1.5
2635998455,77,62,6201,107111777,15194,2012-07-28,15,OZ,1,3.99
2635998455,77,99,9909,107127979,6732,2013-03-10,12,OZ,1,1.5
2635998455,77,0,0,10000,20405,2013-03-23,0,,1,-16.34
2635998455,77,8,835,101300010,9031,2013-05-27,12,OZ,1,2.5
2635998455,77,56,5609,107078474,18552,2013-06-21,24,OZ,1,2.99
2636004245,101,9,907,107225070,12465,2012-03-31,20,OZ,2,2.98
2636007214,77,63,6323,107880070,19118,2012-10-26,16,OZ,1,1.69
2636007214,77,33,3318,104141949,3909,2013-01-30,6.3,OZ,1,1.67
2636156410,64,41,4107,1072543979,40679,2012-07-15,28,OZ,2,-0.03
2636159231,64,36,3611,1072543979,40679,2012-12-24,405.6,OZ,1,2.99
2636209277,165,96,9609,1051700050,88199,2012-09-13,0,,2,-2
2636209277,165,14,1416,107203676,7953,2013-01-03,15,OZ,4,4
2636209277,165,31,3101,105210050,11382,2013-02-17,0.3,OZ,0,0
2636210050,165,9,907,101410010,13791,2012-10-30,16,OZ,1,3.39
2636214733,26,58,5814,104470040,10837,2012-04-01,3.4,OZ,2,3.42
2636214733,26,46,4606,101111010,20588,2012-07-16,16,OZ,1,2.99
2636214733,26,9,912,107680070,10333,2012-08-12,17.1,OZ,1,1.69
2636214733,26,8,811,104112949,3635,2012-11-25,24,OZ,1,3.59
2636218707,83,55,5556,104154848,5603,2013-04-25,48,OZ,1,4.99
2636219682,89,58,5827,104470040,13310,2012-11-24,16,OZ,1,3.99
2636219682,89,18,1813,1069843262,16097,2013-04-10,1,RL,1,1.59
2636222101,98,5,516,101111010,9907,2012-11-11,8.4,OZ,1,1.99
2636222101,98,51,5119,102370020,78850,2013-05-19,25.5,OZ,2,14.52
2636222101,98,58,5823,101111010,20588,2013-06-15,7,OZ,1,3.99
2636222288,151,36,3626,104900040,17186,2012-09-06,144,OZ,1,4.99
2636225670,211,99,9909,101111010,20588,2013-02-04,9,OZ,1,3.64
2636226967,98,82,8201,101111010,9907,2012-11-06,1,CT,1,5.39
2636226967,98,51,5115,107192171,25673,2013-05-15,18.3,OZ,1,5.27
2636229704,12,73,7312,101111010,9907,2013-06-25,0.5,OZ,1,0.99
2636233025,98,64,6401,101820010,2510,2012-03-21,144,OZ,1,10.99
2636233025,98,26,2609,101111010,9907,2012-06-03,24,CT,2,4.5
2636233025,98,58,5833,101111010,9907,2012-06-03,16,OZ,1,2.83
2636233025,98,58,5823,104470040,13310,2013-03-22,20,OZ,1,4.99
2636240672,133,54,5402,101960010,1058,2012-03-02,14.8,OZ,1,2.99
2636240672,133,36,3601,101200010,13794,2012-05-05,288,OZ,1,6.99
2636240672,133,36,3634,105200050,14597,2012-05-05,24,OZ,8,3
2636240979,133,9,907,1078142171,21825,2012-04-01,12,OZ,1,2.99
2636240979,133,51,5125,102580020,16668,2012-09-24,9.25,OZ,1,2.95
2636240979,133,98,9801,102260020,18783,2013-06-06,10,CT,1,10.49
2636245223,211,26,2628,101111010,9907,2012-04-09,1,RL,2,1.58
2636245223,211,9,907,101111010,9907,2012-04-14,20,OZ,1,1.39
2636260830,26,33,3307,1066988767,23996,2012-12-07,16,OZ,1,4.99
2636261191,83,63,6315,101111010,9907,2013-03-15,128,OZ,1,2.49
2636265504,83,36,3634,1078616272,7237,2012-12-09,20,OZ,5,4.55
2636267686,126,99,9904,1071575676,5278,2012-10-10,6,OZ,1,3.49
2636271412,89,51,5115,107192171,78492,2012-11-15,6.1,OZ,1,3.69
2636278278,211,21,2105,105200050,7054,2012-06-03,160,OZ,2,9.98
2636278278,211,73,7302,101111010,9907,2012-11-08,100,CT,1,5.29
2636278278,211,30,3008,107110070,8280,2013-02-03,16,OZ,1,3.09
2636278278,211,63,6399,1082676686,6998,2013-02-22,7,OZ,1,4.79
2636278278,211,53,5307,102000020,7655,2013-06-15,12,OZ,1,2.69
2636285121,126,0,0,10000,0,2013-06-03,0,,1,0
2636303896,211,63,6320,101111010,9907,2012-07-19,18,CT,2,4.7
2636355401,96,18,1828,104650040,7249,2012-04-30,3.1,OZ,1,4.09
2636355401,96,51,5115,107192171,25673,2012-12-13,9.3,OZ,1,4
2636356830,96,27,2701,101113212,491,2012-05-11,13,OZ,1,0.83
2636356830,96,96,9609,1051090050,88199,2012-11-16,0,,1,-0.5
2636356830,96,0,0,10000,0,2013-02-02,0,,1,0
2636356830,96,29,2928,104100040,9814,2013-02-15,5.6,OZ,2,2.58
2636357394,96,58,5827,107389070,17549,2013-02-26,16,OZ,1,3.99
2636357394,96,9,912,104812141,18322,2013-03-29,20,OZ,2,9.38
2636357394,96,63,6315,103003434,7175,2013-04-20,128,OZ,1,3.84
2636358148,96,9,907,107131979,16021,2012-03-07,22,OZ,1,2.19
2636358148,96,33,3303,101122515,19197,2012-07-06,5.5,OZ,1,0.89
2636456350,214,99,9908,103710232,11930,2012-07-16,8,OZ,1,1.78
2636460666,206,71,7110,101150919,9389,2013-07-06,1,CT,1,7.48
2636461169,206,96,9609,10990000090,88199,2012-03-11,0,,1,1.81
2636461169,206,30,3001,105250050,5337,2012-03-11,32,OZ,1,4.08
2636461169,206,64,6409,104198545,6643,2012-08-04,1.5,LT,1,10.29
2636474012,46,63,6315,104125040,11473,2013-01-20,128,OZ,3,7.77
2636474012,46,33,3304,102840020,6777,2013-03-16,10.5,OZ,2,6
2636515324,46,96,9609,1051600050,88199,2012-08-08,0,,1,-0.5
2636535200,46,25,2506,105000050,32115,2012-05-26,16,OZ,1,2.28
2636535200,46,58,5814,104470040,10837,2012-09-08,3.4,OZ,1,1
2636535200,46,9,907,104500040,20016,2012-11-11,20,OZ,2,4
2636582226,46,35,3509,103700030,5848,2013-02-20,50,OZ,1,2.99
2636626813,46,55,5567,1071373373,11473,2013-03-23,16,OZ,1,2.69
2636669759,4,99,9904,107989373,12908,2012-04-25,64,OZ,1,5.99
2636704979,95,99,9908,102113020,15704,2013-03-31,48,OZ,1,1.99
2636724290,18,97,9753,1023869121,0,2013-03-03,1,CT,1,1.36
2636727007,18,26,2614,1030800434,17323,2012-04-09,24,CT,1,2.99
2636727007,18,55,5552,102113020,10786,2013-04-05,48,OZ,2,5.96
2637312832,230,51,5126,101380010,27474,2012-05-15,11,OZ,2,5.38
2637312832,230,51,5130,101380010,27474,2012-06-29,12.5,OZ,1,2
2637312832,230,37,3706,104119646,14582,2013-02-05,19,OZ,2,3.76
2637326240,233,9,907,107605777,23803,2013-02-18,24,OZ,1,1.59
2637346219,42,56,5620,104149747,19710,2012-12-09,32,OZ,1,8.99
2637347071,42,99,9904,103338333,33170,2012-05-08,16,OZ,2,9.98
2637347071,42,31,3111,1078735979,6734,2012-06-29,3.5,OZ,1,2.99
2637347071,42,9,907,101410010,13791,2012-10-18,16,OZ,1,3.59
2637347071,42,97,9753,1076163575,0,2013-01-18,1,CT,1,3.99
2637750543,285,36,3618,101200010,23361,2012-09-04,20,OZ,1,1.59
2637750562,285,58,5823,104470040,13310,2013-01-14,16,OZ,1,5.49
2637751205,285,7,706,104127141,26189,2012-03-07,64,OZ,1,3.79
2637832408,109,9,913,104812141,18322,2012-03-31,12,OZ,1,2.5
2637832408,109,5,521,101313010,4253,2012-03-31,12,OZ,2,8.98
2637832408,109,36,3611,101200010,803,2012-09-19,405.6,OZ,1,3.99
2637861745,109,99,9908,103338333,33170,2013-01-13,32,OZ,1,1.59
2637876241,109,1,106,101500010,29555,2012-05-17,1.48,OZ,1,2.29
2637876241,109,37,3707,107417575,20614,2012-05-25,14.5,OZ,2,1.98
2637876241,109,37,3703,105100050,2820,2012-11-21,10.75,OZ,3,2.97
2638167105,507,7,703,104300040,11339,2012-05-10,9,OZ,2,5.78
2638167105,507,33,3312,103700030,14494,2012-12-14,6.41,OZ,1,1.52
2638423866,507,8,826,104150040,6667,2012-09-30,12,OZ,1,3.03
2638451406,507,54,5403,107790070,9200,2012-10-27,19.2,OZ,1,6.59
2638505030,508,26,2628,106343565,23664,2012-11-24,6,RL,1,6.99
2638505030,508,63,6321,104082242,15667,2013-03-21,10,OZ,1,2.99
2638552297,508,63,6315,108523989,11176,2012-11-08,64,OZ,2,6.58
2638629775,510,17,1703,101920010,10882,2012-03-23,40,OZ,1,2.49
2638629775,510,26,2634,103600030,4139,2012-09-16,12,RL,1,9.99
2638629775,510,34,3403,103500030,8919,2013-03-23,22.5,OZ,1,3.49
2638706335,507,97,9753,1049061040,0,2013-02-04,1,CT,1,1.5
2638741851,508,99,9904,108523989,833,2012-09-25,48,OZ,1,5.03
2638741851,508,54,5401,103800030,5618,2013-01-04,9.8,OZ,1,2.08
2639049250,16,9,908,107203070,5812,2013-02-02,16,OZ,1,5.29
2639060160,85,96,9609,1053760050,88199,2012-06-02,0,,2,-1.1
2639060160,85,33,3308,102840020,3336,2012-08-11,9.75,OZ,2,6.98
2639064106,85,36,3601,1068826767,14905,2012-10-09,144,OZ,1,2.99
2639064106,85,63,6315,103680030,3679,2013-01-01,128,OZ,1,3.69
2639067799,21,5,501,103800030,6796,2012-03-29,14,OZ,1,3.29
2639068234,21,41,4106,104119040,16347,2013-01-16,6.5,OZ,8,5.52
2639072237,21,36,3604,104119040,16347,2012-04-01,144,OZ,1,3.19
2639072237,21,63,6311,107146474,2142,2013-04-04,15.2,OZ,1,3.29
2639072493,21,56,5615,102100020,4218,2012-11-17,8,OZ,2,4.98
2639072493,21,35,3504,107261373,17576,2013-03-02,20,OZ,1,1.19
2639073662,240,99,9904,103338333,33170,2012-07-08,48,OZ,1,6.99
2639075205,240,9,902,102840020,17248,2012-04-21,8,OZ,1,3.49
2639104692,101,51,5123,103620030,52004,2013-01-16,22,OZ,2,11.98
2639105617,101,36,3618,101200010,23361,2012-08-26,144,OZ,3,11.97
2639105617,101,10,1011,102400020,4704,2012-12-09,7,OZ,3,5.07
2639105617,101,16,1604,102200020,6021,2013-03-24,45,CT,1,2
2639105617,101,99,9908,105783656,17665,2013-06-15,32,OZ,1,4.99
2639192142,70,45,4511,102370020,18969,2012-07-07,25,OZ,1,5.99
2639192142,70,63,6320,1072543979,40679,2012-12-17,12,CT,1,1.73
2639208570,12,5,501,103000030,99506,2013-01-29,14.5,OZ,1,3.29
2639214426,143,4,416,102800020,2631,2012-08-22,2.1,OZ,3,1.78
2639214426,143,36,3601,104900040,3809,2012-09-16,67.6,OZ,2,2.5
2639214426,143,51,5115,107218070,15035,2012-09-20,11.2,OZ,1,2.99
2639214426,143,51,5116,107192171,25673,2012-11-28,28.3,OZ,1,5.99
2639214426,143,63,6315,101111010,9907,2012-12-30,128,OZ,1,2.99
2639214426,143,8,801,101300010,8164,2013-02-18,38,OZ,1,2.18
2639214426,143,9,901,104400040,13243,2013-03-01,14.3,OZ,1,2.24
2639214426,143,28,2804,10930090,12157,2013-03-24,12,OZ,1,1.99
2639215428,58,35,3508,103700030,18371,2013-04-14,50,OZ,1,4.99
2639221251,98,63,6315,101111010,61474,2012-04-13,128,OZ,3,8.97
2639221251,98,54,5402,101111010,9907,2012-10-14,5,OZ,3,3
2639221251,98,9,902,101111010,9907,2012-12-07,16,OZ,1,1.25
2639221251,98,96,9609,1053663252,88199,2013-03-02,0,,1,-0.75
2639224229,89,56,5620,101111010,9907,2013-06-15,8,OZ,1,1.88
2639225895,133,8,822,104600040,13023,2012-04-11,10,OZ,2,3.5
2639225895,133,26,2633,101111010,9907,2012-07-30,12,RL,1,4.99
2639225895,133,41,4106,101111010,9907,2012-10-06,13.25,OZ,2,3.78
2639225895,133,3,311,105150050,14029,2013-07-02,16,OZ,1,1.69
2639227403,63,63,6316,101111010,9907,2012-06-16,16,OZ,1,1.58
2639227403,63,9,907,101111010,6678,2013-02-22,17,OZ,1,1.79
2639227403,63,63,6324,107892979,10635,2013-05-06,15,OZ,1,3.69
2639240212,98,26,2634,104200040,14813,2012-04-15,12,RL,1,9.49
2639240212,98,8,810,105210050,11382,2012-04-28,1.31,OZ,1,1.29
2639240212,98,33,3307,101411313,5976,2012-05-24,7,OZ,1,3.99
2639240212,98,63,6320,101111010,9907,2012-05-28,12,CT,1,1.58
2639254480,98,63,6315,101111010,9907,2012-03-10,64,OZ,1,2.19
2639254480,98,36,3628,101111010,1814,2012-04-10,67.6,OZ,1,0.84
2639254480,98,29,2920,101111010,9907,2012-05-01,7.2,OZ,1,1
2639254480,98,51,5130,101111010,9907,2012-05-09,5,OZ,1,1
2639254480,98,51,5134,1071785474,11614,2012-08-13,4.5,OZ,1,1
2639254480,98,51,5117,101111010,9907,2012-09-28,8,OZ,3,3
2639254480,98,8,818,101111010,9907,2012-11-06,26,OZ,1,1.25
2639254480,98,41,4107,101111010,9907,2013-04-08,15.25,OZ,1,0.62
2639255968,191,29,2908,101111010,6678,2012-03-22,16,OZ,1,0.89
2639255968,191,59,5907,101111010,6678,2012-11-17,16,OZ,1,0.79
2639256210,191,33,3302,101111010,6678,2013-01-08,9,OZ,1,1.25
2639257172,126,23,2301,101111010,9907,2012-05-01,16,OZ,1,1
2639257172,126,58,5813,105450050,1322,2012-05-22,16,OZ,4,5
2639280439,96,0,0,10000,0,2013-01-12,0,,1,0
2639280439,96,97,9753,10000,0,2013-02-10,1,CT,1,6.47
2639281582,96,99,9909,107127979,6732,2012-03-22,9,OZ,1,2.5
2639281582,96,57,5705,107047070,20230,2012-09-13,6,OZ,8,4
2639281582,96,99,9908,103003434,28496,2013-03-13,16,OZ,1,1.5
2639281582,96,9,902,102410020,44209,2013-03-15,11.5,OZ,1,3
2639320478,214,26,2632,103600030,8583,2012-05-25,56,CT,1,1.97
2639320478,214,38,3802,107210070,26172,2012-10-03,2,LB,1,1.86
2639335601,46,33,3302,102819020,26252,2012-04-26,9,OZ,2,4.38
2639382089,46,8,803,1071928373,11473,2012-06-09,12,OZ,1,1.35
2639382089,46,99,9909,107143070,5072,2012-09-23,12,OZ,1,1.99
2639382089,46,3,311,101600010,1756,2013-01-27,12,OZ,1,1.67
2639406377,46,33,3303,104163343,20842,2012-05-12,10.5,OZ,1,3.69
2639420474,17,9,901,104400040,12885,2012-11-20,8,OZ,1,1.99
2639435233,95,6,610,1081809484,15414,2012-03-30,16,OZ,1,1.29
2639463818,360,64,6401,108066080,11836,2012-06-09,72,OZ,2,17.98
2639463818,360,9,907,104173545,14456,2012-09-01,11,OZ,3,3.87
2639463818,360,36,3612,107572070,14196,2012-10-08,320,OZ,1,3.19
2639724371,205,29,2906,104430040,9977,2012-05-09,42,OZ,1,5.59
2639727544,42,11,1113,102558323,18482,2013-06-09,14,OZ,1,4.99
2639727711,42,36,3601,104900040,3809,2012-12-07,67.6,OZ,2,3.78
2639727711,42,63,6315,104149747,19710,2013-04-12,128,OZ,1,3.32
2639727711,42,63,6318,108554181,12327,2013-04-21,32,OZ,1,5.99
2639727711,42,54,5403,107790070,9200,2013-04-28,18,OZ,1,5.99
2639920558,285,58,5813,104470040,13310,2012-03-14,16,OZ,1,2
2639920558,285,69,6901,107940070,1141,2012-06-09,2.7,OZ,1,3.99
2639920558,285,19,1908,101115010,15530,2012-11-06,18,OZ,1,2.49
2639921914,285,23,2301,101115010,15530,2012-07-27,16,OZ,1,0.43
2639921914,285,41,4107,102000020,7655,2012-12-21,11,OZ,3,3.75
2639921964,285,91,9131,108676787,1270,2012-11-17,0.75,LT,1,19.99
2639921964,285,36,3634,1073951070,16807,2013-01-05,20,OZ,1,1.25
2639921985,285,63,6330,104148343,9547,2012-12-18,16,OZ,1,3.29
2639922547,285,11,1111,1063748060,1011,2013-03-23,8,OZ,1,6
2639922716,285,35,3508,103700030,18371,2013-03-01,100,OZ,1,15.99
2639923198,285,99,9909,1089520383,28840,2012-06-10,5,OZ,1,3.99
2639923198,285,51,5117,107570676,13458,2012-06-29,22.3,OZ,2,10
2639923198,285,60,6001,101800010,14029,2012-12-03,11,OZ,1,2.5
2639923198,285,37,3708,104100040,10522,2013-02-11,2,OZ,1,1.49
2639923318,285,54,5402,103800030,5618,2012-05-12,14.8,OZ,2,4
2639923318,285,17,1726,101920010,10882,2013-03-15,35,CT,1,2.42
2639923443,285,73,7357,103160434,12423,2012-06-16,100,CT,0,0
2639923443,285,9,907,104500040,20016,2012-10-01,20,OZ,1,1.79
2639923443,285,99,9904,105410757,33170,2013-02-11,80,OZ,1,5.99
2639924039,285,33,3307,101115010,15530,2012-05-07,16,OZ,2,6
2639924039,285,58,5837,101115010,15530,2013-03-10,2.3,OZ,1,3.49
2639924077,285,29,2924,105480050,19039,2013-01-23,28,OZ,1,4.64
2639924080,285,33,3305,102840020,5141,2012-03-31,10.5,OZ,1,2.5
2639924653,285,36,3630,107800070,23561,2012-04-21,67.6,OZ,1,1.5
2639925106,285,8,814,104156545,13412,2012-07-30,16,OZ,1,2.29
2639925106,285,29,2904,101530010,13610,2012-09-24,4.8,OZ,1,1.19
2639925232,285,3,302,1074759979,7168,2012-03-25,10,OZ,1,3.39
2639925232,285,26,2628,103600030,9787,2013-03-15,1,RL,1,2.49
2639925232,285,25,2509,101115010,15530,2013-04-14,32,OZ,1,1.99
2639925288,285,26,2631,103600030,16048,2012-06-30,51,CT,1,2.19
2639925288,285,99,9904,1081204989,27736,2012-07-05,16,OZ,1,2.49
2639925288,285,99,9904,1071575676,5278,2012-09-11,6,OZ,1,2.49
2639925288,285,8,810,104139040,9659,2012-09-29,1,OZ,1,0.93
2639925288,285,63,6320,101115010,15530,2012-11-05,12,CT,1,1.65
2639975184,109,30,3001,104800141,1707,2013-02-01,30,OZ,1,2.99
2639997187,109,30,3009,107417575,20614,2012-06-29,16,OZ,1,1.99
2640028038,377,21,2112,103120030,12957,2012-07-02,64,OZ,2,4.28
2640028038,377,23,2301,102682525,7171,2013-03-24,16,OZ,1,3.99
2640031101,377,26,2622,1071754474,17649,2012-06-16,20,CT,1,2.59
2640031101,377,55,5555,107457070,26051,2012-08-04,14,OZ,1,3.5
2640031101,377,6,607,103680030,18533,2012-11-06,16,OZ,1,11.99
2640101010,507,29,2914,102100020,9886,2013-02-07,12.6,OZ,1,1.94
2640223835,508,26,2632,107488777,23664,2012-06-10,88,CT,1,1.64
2640243516,508,35,3508,103700030,18371,2012-11-30,100,OZ,1,9.59
2640243516,508,9,913,104812141,18322,2013-04-12,12,OZ,1,2.99
2640252821,508,11,1112,1084223484,21474,2012-06-03,9,OZ,1,3.99
2640253849,508,97,9753,1020407828,0,2012-06-27,1,CT,5,1.7
2640491800,85,64,6409,1071582676,14951,2012-10-25,0.75,LT,1,7.99
2640503151,21,9,903,104138747,60,2012-08-07,12,OZ,4,3.96
2640503151,21,4,418,103400030,15449,2012-12-11,11,OZ,1,3.79
2640505402,21,3,302,102800020,30272,2012-12-23,10,OZ,2,5.38
2640533926,101,99,9909,107143070,5072,2013-01-26,5,OZ,1,0
2640533926,101,99,9904,1071575676,5278,2013-04-22,32,OZ,1,5.89
2640540587,77,59,5902,103450030,10165,2013-01-25,16,OZ,1,4.69
2640569891,68,58,5823,107740070,2500,2012-08-20,16,OZ,1,3.5
2640569891,68,64,6409,104198545,4071,2013-02-15,1.5,LT,1,7.99
2640581004,69,99,9908,103338333,33170,2013-03-28,48,OZ,1,3.14
2640632263,89,96,9609,1050004151,88199,2012-03-09,0,,1,-1
2640632263,89,69,6901,1030099737,11804,2012-03-27,3.4,OZ,2,9.18
2640632900,89,56,5616,101111010,9907,2012-06-26,6,OZ,2,4.38
2640632900,89,21,2117,103120030,12957,2012-08-15,33.6,OZ,1,1.79
2640632900,89,56,5607,101111010,9907,2013-01-15,8,OZ,1,0.99
2640632900,89,56,5609,101111010,9907,2013-03-11,16,OZ,1,1.25
2640632900,89,55,5552,102073525,18893,2013-05-22,48,OZ,1,4.49
2640639174,126,9,907,107341070,13291,2012-04-17,15,OZ,1,3.59
2640639174,126,96,9609,1051380050,88199,2013-04-29,0,,1,-1
2640648863,63,56,5621,101111010,9907,2012-05-06,8,OZ,2,5.98
2640648863,63,45,4511,102370020,18969,2012-12-23,22,OZ,1,7.59
2640649202,133,33,3307,101111010,9907,2012-07-08,8.5,OZ,1,6.15
2640649202,133,10,1004,104300040,26232,2012-07-26,1,OZ,2,2.1
2640649623,12,30,3008,101111010,9907,2012-11-27,12,OZ,1,0.99
2640653538,63,53,5307,101111010,9907,2013-01-06,12,OZ,1,1
2640656962,431,63,6315,101111010,9907,2012-03-04,128,OZ,1,3.09
2640656962,431,12,1205,108000080,17292,2012-04-01,2.6,OZ,2,3.18
2640656962,431,37,3703,105100050,2820,2012-11-25,10.5,OZ,2,3.18
2640670843,126,9,907,107294575,15878,2012-06-26,20,OZ,2,3.34
2640670843,126,3,310,101111010,9907,2012-11-21,16,OZ,1,9.99
2640689860,96,8,814,103900030,13296,2012-10-10,16,OZ,1,2.5
2640689860,96,26,2629,101122515,19197,2013-03-13,200,CT,1,1.29
2640690054,96,57,5703,103663232,4568,2012-04-13,6,OZ,1,0.75
2640691022,96,38,3801,104920040,5098,2012-04-10,4,LB,1,4.25
2640714196,214,55,5567,107260979,9073,2012-05-09,10,OZ,2,5.76
2640714196,214,97,9753,1022107020,0,2012-06-30,1,CT,2,4.58
2640714196,214,58,5827,103760030,8501,2012-10-26,12,OZ,1,5.98
2640714196,214,33,3308,102840020,3336,2012-12-17,8,OZ,1,3.48
2640714196,214,73,7357,102791727,78698,2013-01-07,150,CT,1,9.47
2640714256,214,9,907,104122040,20514,2012-08-11,24,OZ,2,1.76
2640720959,214,8,808,101300010,8164,2012-03-12,12.5,OZ,1,1.88
2640794696,46,63,6305,102500020,16489,2012-06-24,59,OZ,1,3
2640794696,46,63,6315,104125040,11473,2012-07-08,128,OZ,1,2.5
2640827409,95,56,5616,104610040,15889,2012-05-12,6.67,OZ,2,7.98
2640851721,360,9,917,104150141,13296,2012-05-03,16,OZ,1,2.49
2640851721,360,56,5607,104173545,14456,2012-09-08,8,OZ,2,3
2640851721,360,8,810,104150141,13296,2012-11-30,1.25,OZ,1,1.29
2640869303,422,59,5902,107158070,17653,2012-10-14,8,OZ,1,1.49
2640869303,422,26,2630,109746494,28182,2012-11-30,100,CT,1,0.98
2641133216,42,21,2105,104900040,14357,2012-03-14,32,OZ,2,2.78
2641133216,42,99,9908,103338333,33170,2012-05-07,16,OZ,1,1.99
2641134129,42,8,801,104149747,19710,2012-12-31,24,OZ,1,1.59
2641275803,401,71,7114,102240020,18715,2012-03-29,11,OZ,1,3.5
2641302243,285,8,803,107008070,14154,2012-07-16,9,OZ,1,2.99
2641303269,285,5,516,103800030,24525,2012-03-14,6.3,OZ,1,2.98
2641303269,285,17,1709,102570020,27327,2012-11-22,12,CT,1,4.34
2641303742,285,56,5620,104610040,15889,2012-05-07,16,OZ,1,6.29
2641303918,285,28,2804,107152474,10039,2012-04-13,11.5,OZ,1,1.99
2641303918,285,96,9609,1051840050,88199,2013-02-15,0,,1,-0.55
2641304280,285,97,9753,10000,0,2012-05-05,1,CT,1,0.79
2641304310,285,99,9904,103338333,33170,2012-05-02,64,OZ,1,3.49
2641304310,285,9,907,107341070,2437,2012-05-09,22,OZ,1,2
2641304310,285,55,5567,107064070,2014,2013-01-23,45,OZ,1,5.99
2641304377,285,41,4108,101115010,15530,2012-07-25,15,OZ,1,1.59
2641304377,285,26,2630,103600030,9787,2012-12-27,65,CT,1,0.74
2641304377,285,49,4901,101312010,26885,2013-02-03,20.25,OZ,1,3
2641304377,285,11,1114,107027272,5613,2013-03-03,15,OZ,1,2.99
2641305047,285,57,5710,103000030,12172,2012-12-28,5.3,OZ,1,1
2641305047,285,96,9609,1057047050,88199,2013-01-19,0,,2,-1.5
2641306598,285,30,3010,107468373,56499,2012-10-07,8,OZ,1,2.75
2641306598,285,0,0,10000,20405,2012-12-30,0,,1,-0.5
2641306678,285,56,5610,103114232,25202,2012-11-04,5,OZ,1,3.99
2641306678,285,23,2301,101115010,15530,2013-03-16,16,OZ,4,3.56
2641344196,109,9,907,105040050,17593,2012-07-03,16,OZ,1,4.69
2641346521,109,37,3703,105100050,2820,2013-01-14,10.75,OZ,2,1.98
2641406625,377,19,1906,105150050,16728,2012-06-23,10,OZ,1,3.69
2641521382,507,33,3303,102840020,15598,2012-11-21,13.5,OZ,1,4
2641666342,510,9,922,101600010,6283,2012-07-20,5.34,OZ,1,2.99
2641711484,40,27,2718,107309171,16206,2013-01-05,1,CT,1,7.19
2641734794,21,97,9753,10000,0,2012-05-21,1,CT,1,2.17
2641734794,21,26,2613,103700030,13481,2012-10-23,54,CT,1,24.99
2641736335,21,35,3504,107261373,17576,2013-02-22,20,OZ,2,2.38
2641773382,64,37,3703,103582636,6564,2012-08-30,10.5,OZ,1,1.05
2641837487,65,58,5814,104470040,10837,2012-09-09,11.1,OZ,1,2.99
2641837487,65,30,3007,107020070,11244,2013-01-11,15,OZ,1,2.39
2641837487,65,22,2207,104650040,16355,2013-05-04,2.4,OZ,1,4.49
2641849291,165,64,6401,107199070,4043,2012-12-08,216,OZ,1,12.99
2641849291,165,10,1013,107203676,7953,2013-03-17,15.2,OZ,1,1.87
2641849291,165,97,9781,10000,8255,2013-05-11,1,CT,2,-3.16
2641849291,165,56,5604,107144878,469,2013-05-11,4,OZ,1,5.99
2641858766,126,0,0,10000,0,2012-11-26,0,,1,0
2641860390,126,8,818,103620030,14868,2012-08-30,16,OZ,2,3.54
2641860730,89,0,0,10000,0,2013-01-11,0,,1,0
2641879132,12,71,7113,1030815131,3609,2013-03-11,10.1,OZ,1,3.49
2641879132,12,38,3801,101111010,20588,2013-04-05,1.5,LB,1,2.79
2641879132,12,99,9908,103338333,33170,2013-04-29,16,OZ,1,1.49
2641879132,12,9,917,107373171,11786,2013-05-07,40,OZ,2,10.38
2641889236,140,9,907,107294575,15878,2012-03-17,20,OZ,1,4.59
2641889236,140,99,9908,101111010,9907,2012-09-02,80,OZ,1,3.99
2641901160,215,63,6315,108784888,6560,2012-04-24,128,OZ,1,4.59
2641901160,215,11,1114,1070662474,13528,2012-05-23,32,OZ,1,3.99
2641901160,215,38,3802,104920040,5098,2012-12-23,1,LB,1,1
2641912150,96,26,2632,103600030,8583,2013-01-31,56,CT,1,1.99
2641912833,96,41,4107,102400020,4704,2012-06-06,13.5,OZ,1,1.25
2641913503,96,8,826,107210171,10069,2012-04-22,8,OZ,1,2.39
2641917788,214,70,7005,101650010,4446,2012-04-21,6,OZ,1,3.98
2641917788,214,51,5122,104122040,23511,2012-09-22,32,OZ,4,41.08
2641917788,214,99,9908,104525545,11481,2013-01-14,24,OZ,1,4.48
2641922218,214,99,9908,103710232,11930,2013-03-03,8,OZ,1,1.78
2641981785,46,9,917,1071928373,11473,2013-01-28,16,OZ,1,1.69
2642000157,46,10,1011,104300040,26232,2013-05-22,6.5,OZ,1,1.59
2642046785,88,21,2113,107085979,7912,2012-07-06,16.92,OZ,1,1
2642046785,88,36,3631,102113020,15704,2013-04-19,67.6,OZ,1,0.79
2642046785,88,99,9909,107127979,6732,2013-04-20,12,OZ,1,1.99
2642068160,15,26,2619,101258717,7245,2013-01-10,78,CT,1,12.79
2642069428,18,51,5124,107100777,5656,2012-07-15,32,OZ,1,3.99
2642069428,18,51,5117,102113020,15704,2012-09-08,16.1,OZ,2,9.98
2642077042,360,36,3601,101200010,13794,2012-12-23,67.6,OZ,1,1.79
2642077318,360,99,9904,103338333,33170,2012-05-16,48,OZ,1,3.99
2642077318,360,34,3402,107050171,12554,2012-11-21,4,OZ,1,7.79
2642077954,360,35,3509,104173545,14456,2012-09-15,50,OZ,1,3
2642077954,360,29,2903,106414464,3342,2012-11-04,14.75,OZ,3,3
2642077954,360,33,3303,104173545,14456,2012-12-22,10,OZ,1,2.5
2642078012,360,97,9753,107143070,0,2013-02-04,1,CT,1,2.99
2642078197,360,57,5705,103663232,4568,2012-07-17,24,OZ,1,2.49
2642078197,360,8,814,104173545,14456,2012-12-10,16,OZ,1,2
2642078784,360,5,501,101600010,3331,2012-04-15,21.6,OZ,1,5.59
2642078917,360,36,3630,107800070,5208,2012-03-18,288,OZ,1,8.99
2642078917,360,41,4108,104133141,7531,2012-04-30,15.5,OZ,1,0.99
2642079500,360,96,9609,1054157050,88199,2012-04-07,0,,2,-2
2642079500,360,41,4108,104133141,7531,2013-03-17,15.5,OZ,4,3.56
2642365084,42,35,3509,103320030,875,2012-12-20,75,OZ,2,13.98
2642365378,42,63,6315,104149747,19710,2013-02-12,64,OZ,2,3.82
2642534356,285,56,5620,102100020,9886,2013-02-21,8,OZ,3,6
2642534889,285,33,3318,107797575,27417,2012-04-20,16,OZ,1,3.19
2642534889,285,9,907,103397434,12387,2012-04-22,24,OZ,1,3.65
2642534889,285,95,9518,1072047373,7848,2012-06-23,1,CT,1,0.99
2642534889,285,23,2301,101510010,4255,2012-12-12,16,OZ,1,1.79
2642534889,285,71,7110,107940070,5168,2013-03-24,12,OZ,1,3.5
2642535274,285,9,902,101410010,45039,2012-03-05,30,OZ,1,8.49
2642535274,285,53,5307,101115010,15530,2012-07-06,16,OZ,1,2.12
2642535274,285,99,9908,103338333,33170,2012-09-24,32,OZ,1,1.99
2642535274,285,8,836,101115010,15530,2013-03-17,64,OZ,1,1.69
2642535347,285,36,3634,1078616272,7237,2013-02-03,20,OZ,6,6
2642535542,285,8,810,105210050,11382,2012-06-30,1.25,OZ,1,0.65
2642535542,285,54,5401,103800030,5618,2012-08-02,12.3,OZ,2,4
2642535542,285,0,0,10000,0,2012-11-18,0,,1,-0.91
2642535542,285,29,2903,101115010,15530,2013-02-02,15,OZ,1,0.88
2642535542,285,91,9110,108427989,9484,2013-04-21,1.75,LT,1,10.79
2642536280,285,99,9904,1081204989,27736,2012-05-25,16,OZ,1,3.99
2642536280,285,96,9609,1053700050,88199,2012-10-20,0,,2,-2
2642536355,285,56,5620,104610040,15889,2012-06-16,8,OZ,2,4
2642536355,285,97,9781,10000,8255,2013-05-19,1,CT,1,-0.3
2642536795,285,57,5704,107047070,20230,2012-04-25,6,OZ,10,7.4
2642536795,285,26,2609,104116545,16879,2012-07-25,22,CT,1,3.15
2642536795,285,28,2804,101115010,15530,2012-09-02,4,OZ,2,2.38
2642536795,285,26,2634,103700030,3293,2012-11-14,6,RL,1,8.79
2642536795,285,18,1850,105320050,43184,2013-02-06,4,CT,1,3.49
2642537328,285,7,703,1076211171,17286,2012-10-03,3.9,OZ,1,7.49
2642538666,285,96,9609,1053600050,88199,2012-10-17,0,,1,-0.5
2642570852,109,8,822,104150141,10197,2012-05-18,28,OZ,1,1.79
2642573216,109,5,501,1088491282,13689,2012-07-20,11,OZ,2,3.98
2642578420,109,63,6320,107417575,20614,2013-03-24,18,CT,2,5.98
2642599864,109,58,5833,107417575,20614,2013-01-22,32,OZ,1,6.98
2642625028,306,0,0,10000,0,2012-05-01,0,,1,2.59
2642765371,507,97,9753,1049245040,0,2012-11-27,4,LB,1,2.89
2642828242,508,95,9517,1072175676,62617,2012-06-09,1,CT,1,0.93
2642989496,100,59,5907,102740020,16291,2012-04-12,15,OZ,1,2.89
2642989496,100,19,1905,104180040,19713,2012-05-12,22,OZ,1,2.59
2642989496,100,31,3101,105210050,11382,2012-08-12,2.37,OZ,1,3.99
2642989496,100,26,2620,104113040,28204,2012-09-01,80,CT,1,3.49
2642989496,100,37,3708,104100040,10522,2013-02-02,2.2,OZ,1,1.69
2642989496,100,5,517,104130343,38922,2013-04-07,10.4,OZ,1,2.29
2643015698,101,36,3618,104900040,17929,2012-10-13,72,OZ,8,28.72
2643015964,101,41,4107,1068826767,81691,2012-05-12,15.25,OZ,4,3
2643016056,101,9,901,104400040,12600,2012-03-09,12,OZ,1,3
2643018462,77,33,3318,107797575,27417,2012-08-29,16,OZ,2,6
2643018462,77,22,2207,1075703777,13386,2012-09-11,45,OZ,1,5.99
2643018462,77,54,5401,103800030,5618,2012-11-06,12.3,OZ,1,2.5
2643018462,77,21,2119,101200010,10522,2013-03-28,202.8,OZ,1,3.99
2643088930,71,54,5402,103582636,6564,2013-03-26,16,OZ,1,2.3
2643100971,68,99,9908,1068896262,53503,2012-07-21,7,OZ,1,3.14
2643100971,68,58,5827,104470040,13310,2013-05-13,16,OZ,1,5.59
2643111818,58,1,106,101500010,7142,2012-04-04,7,OZ,3,2.97
2643112295,89,63,6319,101111010,9907,2012-06-14,128,OZ,2,2.78
2643112295,89,63,6319,101111010,9907,2012-07-08,128,OZ,2,2.78
2643112295,89,4,418,103400030,44358,2012-12-13,4,OZ,1,1.25
2643112295,89,96,9632,1088590989,8990,2013-04-20,1,CT,2,30
2643112320,89,9,904,101111010,9907,2012-04-23,5,OZ,1,1
2643114666,89,55,5558,107332171,8691,2012-06-19,16,OZ,1,1
2643116796,431,97,9753,1021661727,0,2012-04-02,1,CT,1,3
2643116796,431,97,9736,108449585,33170,2012-10-02,0,,2,2.98
2643116796,431,0,0,10000,0,2013-02-23,0,,1,0
2643121319,126,4,411,102200020,17287,2012-03-05,2,OZ,4,2.76
2643121319,126,26,2628,103700030,2248,2012-04-23,8,RL,1,10.34
2643121319,126,53,5307,101450010,20864,2012-05-07,12,OZ,1,2.49
2643121319,126,58,5833,103760030,8501,2012-06-25,24,OZ,1,5.99
2643121319,126,36,3618,104900040,23359,2012-08-30,48,OZ,2,7.98
2643121319,126,30,3001,104800141,8178,2012-09-04,48,OZ,1,7.15
2643121319,126,36,3618,104900040,23359,2013-02-04,48,OZ,1,4.99
2643121319,126,37,3703,105100050,2820,2013-03-11,10.75,OZ,4,3.16
2643121319,126,29,2925,105480050,19039,2013-04-08,32,OZ,1,3.69
2643125309,63,97,9799,104127141,76746,2013-02-15,1,CT,2,2.98
2643127271,12,9,907,101111010,9698,2012-12-01,14,OZ,1,1
2643128252,12,58,5814,104470040,10837,2012-06-09,10.7,OZ,1,2.99
2643129170,63,58,5827,101590010,1366,2012-07-05,12,OZ,1,1.97
2643139982,2,63,6315,101111010,85048,2013-02-28,64,OZ,1,3.79
2643167291,96,72,7205,103500030,3830,2012-11-23,4,OZ,1,2
2643167680,96,36,3632,107800070,8019,2012-10-09,144,OZ,1,3
2643167680,96,45,4515,107254575,61490,2012-12-04,9,OZ,2,5.18
2643168584,96,8,814,102840020,18584,2012-12-30,15.5,OZ,1,3
2643168584,96,58,5835,107590070,2073,2012-12-31,16,OZ,1,3.59
2643169002,96,97,9753,1022042929,0,2012-10-22,1,CT,2,21.45
2643169002,96,53,5307,101450010,20864,2012-11-03,14.4,OZ,1,2
2643179004,214,5,516,1060265262,9673,2012-10-20,5.6,OZ,1,4.74
2643179004,214,36,3611,102259222,13400,2013-01-22,405.6,OZ,1,3.98
2643179004,214,56,5622,109396696,13264,2013-02-25,6,OZ,1,4.78
2643191619,214,63,6320,104122040,20514,2012-10-09,36,CT,1,4.69
2643191619,214,56,5615,104122040,23511,2013-05-10,16,OZ,1,4.23
2643193506,214,58,5824,104122040,20514,2012-11-13,16,OZ,2,5.56
2643193642,214,36,3601,104900040,3809,2013-03-04,240,OZ,1,6.47
2643217370,46,49,4902,104670444,18213,2012-04-15,7.6,OZ,2,5
2643217370,46,69,6901,1030099737,11804,2013-01-20,3.4,OZ,1,3
2643217370,46,9,907,107131474,1061,2013-04-08,12.5,OZ,1,1.5
2643217370,46,64,6401,101820010,2595,2013-05-25,360,OZ,1,14.89
2643249198,46,33,3304,102840020,6777,2012-11-17,10.5,OZ,1,0
2643249198,46,69,6901,103700030,16139,2012-11-19,2.7,OZ,1,3.69
2643258804,46,33,3318,1071928373,11473,2012-09-30,10,OZ,1,1.99
2643270024,46,8,801,102700020,8612,2012-05-31,35,OZ,1,1.79
2643270024,46,33,3309,1078113878,13130,2012-06-03,12,OZ,1,2.99
2643288791,17,40,4004,104100040,10522,2012-04-03,4.7,OZ,1,3.29
2643305510,4,5,504,1075004979,1312,2013-04-17,26.4,OZ,0,-3.04
2643310836,15,99,9909,107127979,6732,2012-05-17,11,OZ,2,1.68
2643327416,360,75,7520,105933858,17058,2012-05-02,1,CT,1,0.5
2643327563,360,63,6315,107545777,7025,2012-06-26,32,OZ,1,1.79
2643327563,360,18,1827,106233868,319,2013-05-19,8,OZ,1,1.39
2643327665,360,64,6401,108769282,15787,2013-02-24,144,OZ,1,17.99
2643615389,205,63,6313,107088070,2429,2012-05-01,16,OZ,2,3.98
2643618971,42,41,4108,104149747,19710,2012-11-30,15.5,OZ,2,1.78
2643619149,42,55,5556,102073525,18893,2012-07-12,48,OZ,1,3.99
2643619149,42,9,907,104149747,19710,2012-11-08,15,OZ,1,2.59
2643793536,285,51,5116,107192171,25673,2012-04-28,8.5,OZ,5,14.95
2643793536,285,97,9753,10000,0,2012-07-07,1,CT,1,0
2643793536,285,58,5824,101115010,15530,2012-08-11,14,OZ,2,6
2643793536,285,96,9609,1055100050,88199,2013-01-19,0,,2,-0.8
2643793536,285,0,0,10000,0,2013-02-02,0,,2,7.98
2643793536,285,9,908,107203070,5812,2013-05-18,15,OZ,2,8.98
2643793699,285,58,5824,107778272,9260,2012-03-18,19,OZ,1,3.99
2643794429,285,56,5607,101115010,15530,2012-08-09,8,OZ,1,2.53
2643794429,285,64,6409,108069686,25191,2012-09-25,0.75,LT,1,9.49
2643794429,285,56,5620,104610040,15889,2012-09-28,8,OZ,1,3.38
2643794429,285,64,6409,108500080,20694,2012-11-01,0.75,LT,1,9.99
2643794455,285,41,4105,102400020,4704,2012-06-26,14.5,OZ,1,1.25
