2339191185,31,27,2702,102310020,13705,2013-06-22,30,LB,1,24.99
2339191185,31,30,3008,102114020,19950,2013-06-22,16,OZ,2,4
2339191185,31,9,902,104157040,2017,2013-06-23,4.25,OZ,2,5.58
2339191185,31,58,5824,103715838,54486,2013-06-23,64,OZ,1,9.99
2339191185,31,8,818,102114020,19950,2013-06-24,24,OZ,1,2
2339191185,31,36,3631,102114020,23503,2013-06-26,67.6,OZ,1,0.8
2339191185,31,40,4005,104790040,10865,2013-06-27,3.39,OZ,1,2.49
2339191185,31,36,3635,104150848,27294,2013-06-29,202.8,OZ,1,9.99
2339191185,31,8,821,104139040,9659,2013-07-02,10,OZ,1,2.19
2339191185,31,56,5607,102114020,19950,2013-07-03,8,OZ,1,1.79
2339191185,31,9,902,101862717,9496,2013-07-04,7.9,OZ,1,3.49
2339191185,31,26,2620,102114020,19950,2013-07-06,20,CT,2,2.66
2339191185,31,56,5616,102100020,9886,2013-07-07,8,OZ,3,7.5
2339191185,31,27,2710,103680030,3679,2013-07-07,20,LB,1,2.98
2339191185,31,26,2609,103993838,13584,2013-07-07,8,CT,1,0.99
2339191185,31,44,4402,102770020,12137,2013-07-08,37,OZ,1,3.99
2339191185,31,16,1604,101254616,4806,2013-07-10,60,CT,1,3.99
2339191185,31,74,7405,104740040,7196,2013-07-11,5,CT,1,18.99
2339191185,31,29,2925,105480050,19039,2013-07-12,48,OZ,1,5.79
2339191185,31,51,5125,101380010,10271,2013-07-14,7.5,OZ,1,2.8
2339191185,31,81,8101,102820020,13573,2013-07-14,1,CT,1,6.87
2339191185,31,64,6401,108066080,4098,2013-07-20,72,OZ,2,15.98
2339191185,31,17,1703,104460040,3718,2013-07-27,32,OZ,1,3.19
2339191185,31,56,5611,104175747,10216,2013-07-27,6,OZ,1,3.99
2339191185,31,27,2704,103810030,29945,2013-07-27,6,OZ,1,2.5
2339191185,31,36,3632,102114020,19950,2013-07-27,144,OZ,5,11
2339195722,31,99,9909,107143070,5072,2012-12-02,12,OZ,2,1.76
2339195722,31,5,520,103000030,14760,2013-05-18,18,OZ,1,2.99
2339245601,85,6,601,105000050,12547,2012-11-20,7.33,OZ,2,4.78
2339245601,85,41,4107,102400020,4704,2013-01-12,14.75,OZ,1,0.69
2339257943,85,29,2902,103760030,8501,2012-08-21,15,OZ,2,4.15
2339260860,85,53,5307,1060788060,16965,2012-08-04,32,OZ,1,2.99
2339260860,85,37,3708,104100040,10522,2012-11-10,4.5,OZ,1,1.34
2339260860,85,72,7205,103320030,305,2012-11-10,6,OZ,1,0.99
2339260860,85,8,810,1060788060,16965,2012-12-24,1.25,OZ,2,1
2339290787,101,97,9799,1072823272,365,2012-04-19,1,CT,3,29.97
2339290787,101,32,3203,1068826767,81691,2012-05-24,5,OZ,4,8
2339307448,64,81,8102,104210040,7716,2012-09-01,1.2,OZ,2,5.38
2339317104,143,56,5620,102100020,9886,2013-03-15,8,OZ,1,2.79
2339324361,151,14,1404,101111010,9907,2012-05-14,24,OZ,1,1.39
2339324361,151,63,6311,107146474,2142,2012-07-07,15.2,OZ,1,2.5
2339324361,151,58,5838,101111010,9907,2012-08-09,8,OZ,2,5
2339324361,151,33,3318,102840020,15441,2012-12-09,10,OZ,1,2.5
2339324361,151,26,2632,103600030,8583,2013-03-10,56,CT,1,1.99
2339332209,98,30,3007,107653979,12409,2012-07-02,12,OZ,1,3.99
2339347492,63,9,907,101111010,6848,2012-10-26,12,OZ,2,1.98
2339347492,63,56,5616,107283070,18390,2013-01-04,12,OZ,1,5.29
2339347492,63,99,9908,103338333,33170,2013-02-17,16,OZ,1,1.69
2339347492,63,57,5705,107047070,20230,2013-04-12,16,OZ,1,2.89
2339347492,63,21,2103,103120030,12957,2013-06-08,64,OZ,2,5
2339347492,63,5,516,101600010,12426,2013-06-22,8.9,OZ,1,2.97
2339371143,191,36,3635,101111010,6678,2013-01-26,67.6,OZ,1,0.87
2339392428,96,10,1010,105150050,16728,2012-06-13,11.75,OZ,1,2
2339420694,206,56,5620,108685484,10218,2012-04-11,8,OZ,1,2.28
2339517798,46,71,7113,108087888,13505,2013-05-03,15.9,OZ,2,7
2339554850,46,9,902,104400040,18775,2013-03-24,9,OZ,1,1.99
2339865260,42,9,970,104149747,19710,2012-03-11,11,OZ,1,1.79
2339865260,42,33,3305,102840020,5141,2012-03-18,11.5,OZ,1,4.29
2339865260,42,22,2201,104149747,19710,2012-04-22,48,OZ,1,1.59
2339865260,42,63,6313,102670020,4664,2012-11-17,16,OZ,1,2.19
2339865260,42,71,7114,1030815131,3609,2013-04-07,6.8,OZ,1,3.79
2340389696,285,31,3101,105210050,11382,2012-12-16,2.75,OZ,1,3.19
2340389696,285,53,5307,101115010,15530,2013-01-19,12,OZ,2,3.28
2340389881,293,57,5707,107047070,20230,2012-04-14,18,OZ,2,4
2340389881,293,54,5402,103800030,5618,2012-06-12,14.1,OZ,2,4
2340389881,293,3,308,101792919,15072,2012-09-09,4,OZ,1,5.67
2340496411,24,9,902,104400040,12279,2012-05-29,8,OZ,1,1.99
2340536687,31,9,911,102114020,19950,2012-03-15,2.75,OZ,1,2.79
2340536687,31,8,810,105210050,11382,2013-01-19,1.3,OZ,1,1
2340625292,85,63,6315,108793282,13877,2012-06-20,128,OZ,1,2.99
2340625292,85,41,4105,102400020,4704,2012-09-28,14.5,OZ,1,1
2340644737,85,21,2118,1061300868,867,2012-06-30,14.5,OZ,1,1.99
2340680054,104,33,3301,1089277383,20723,2013-03-18,5,OZ,1,2.5
2340681387,100,51,5125,102580020,16668,2012-09-14,8.5,OZ,1,3.39
2340682913,240,9,908,104114444,16284,2012-05-18,16,OZ,1,3.99
2340696564,101,53,5307,1068826767,20616,2012-09-27,16,OZ,1,2.29
2340696564,101,96,9609,1051780050,88199,2013-04-05,0,,1,-2
2340696567,101,97,9799,103338333,33170,2012-08-19,1,CT,1,4.99
2340696567,101,73,7359,103160434,12423,2013-06-11,30,CT,1,12.99
2340697436,101,10,1011,104300040,26232,2012-06-30,19.5,OZ,1,2.5
2340697436,101,33,3305,102840020,5141,2012-08-08,17,OZ,1,3.99
2340697436,101,9,902,104400040,19783,2012-12-07,16,OZ,1,3.85
2340697627,101,32,3204,104161848,72188,2012-04-25,17,OZ,1,5.79
2340697783,101,55,5552,107144171,7675,2013-02-08,48,OZ,1,2.5
2340697783,101,57,5710,103663232,4568,2013-06-07,5.3,OZ,5,5.45
2340698155,77,9,920,103010030,9530,2012-11-04,11.04,OZ,1,2.5
2340698155,77,9,970,103800030,62065,2013-03-03,22,OZ,1,2.5
2340701544,101,56,5619,102100020,19279,2012-07-27,8,OZ,1,2.29
2340701544,101,56,5618,1068826767,81691,2012-12-31,12,OZ,1,3.09
2340701701,101,99,9908,103338333,33170,2012-04-06,32,OZ,1,1.79
2340701701,101,26,2634,103600030,4139,2013-06-07,12,RL,2,15
2340701779,101,36,3628,101200010,12029,2013-01-27,50.7,OZ,1,1
2340701779,101,12,1205,108000080,17292,2013-02-17,3,OZ,1,1.59
2340701779,101,55,5552,102073525,18893,2013-03-17,48,OZ,2,5
2340701779,101,4,407,103400030,18947,2013-04-14,2.5,OZ,1,0.99
2340703038,101,33,3304,102840020,6777,2012-09-27,10.5,OZ,1,3.49
2340704784,77,9,901,1081612080,36616,2012-04-27,12.4,OZ,1,3.49
2340704784,77,25,2506,105000050,32115,2012-05-18,16,OZ,1,2.79
2340704784,77,36,3626,101200010,16391,2012-06-09,67.6,OZ,1,1.89
2340705338,77,9,907,107078474,18552,2012-10-02,22,OZ,1,1.29
2340718336,64,64,6401,103410030,8692,2012-10-12,24,OZ,1,1.69
2340735044,70,56,5615,103582636,6564,2012-07-21,12,OZ,1,3.39
2340739362,70,29,2905,103620030,14868,2012-07-22,14,OZ,1,1.59
2340739362,70,41,4107,103582636,6564,2012-12-08,13.5,OZ,1,0.99
2340754246,373,33,3305,102840020,18584,2012-10-21,14.5,OZ,1,4.99
2340758433,165,56,5613,104175747,10216,2013-05-19,6,OZ,1,4.49
2340765845,83,51,5126,101380010,27474,2012-06-13,20,OZ,4,6.96
2340765845,83,79,7902,1064078868,44545,2012-09-24,0,,1,1
2340770136,89,51,5128,101450010,20864,2012-06-18,10,OZ,2,4
2340770136,89,33,3312,103700030,14494,2012-10-28,6.41,OZ,1,1.67
2340770136,89,63,6320,101111010,9907,2013-02-11,6,CT,1,0.89
2340770136,89,26,2632,104126040,9907,2013-03-01,64,CT,1,1.99
2340770864,151,58,5835,107790070,9200,2012-10-11,16,OZ,2,6
2340772475,151,23,2301,101111010,9907,2013-03-29,12,OZ,2,2.5
2340772484,126,8,814,101111010,9907,2013-01-13,15.5,OZ,2,5.1
2340813182,431,17,1724,107048171,32487,2012-07-04,32,OZ,1,3.41
2340816100,126,0,0,10000,0,2013-01-01,0,,1,0
2340882086,184,96,9609,1057192151,88199,2012-10-25,0,,1,-0.75
2340888665,96,57,5710,107047070,20230,2012-10-08,16,OZ,2,5.98
2340888665,96,63,6320,103003434,7175,2012-12-31,12,CT,1,3.39
2340890216,96,63,6305,102500020,16489,2012-03-04,59,OZ,1,3.34
2340890216,96,9,907,107131979,16021,2012-05-18,20,OZ,1,2.19
2340890216,96,36,3611,101200010,803,2012-09-28,20,OZ,1,1.59
2340890730,96,25,2509,103003434,7175,2012-03-09,64,OZ,2,8.98
2340890730,96,57,5704,104667545,20216,2012-05-25,16,OZ,1,3
2340890730,96,55,5567,107756777,93410,2012-05-25,19.2,OZ,1,4.79
2340890730,96,97,9753,10000,0,2012-12-08,1,CT,1,0.72
2340890730,96,26,2622,101090010,15232,2012-12-28,4,CT,1,2.5
2340914509,214,73,7340,1030004535,8755,2012-07-06,4,OZ,1,4.37
2340914509,214,55,5552,107189979,2010,2013-01-15,16,OZ,2,3.38
2340956585,214,45,4511,102370020,18969,2012-06-17,29,OZ,1,4.97
2340956585,214,35,3506,103700030,3068,2012-09-17,75,OZ,1,5.97
2340956585,214,0,0,10000,0,2013-03-11,0,,1,17.94
2340956585,214,63,6315,104122040,23511,2013-03-23,16,OZ,1,0.89
2340973488,206,34,3405,101111111,5168,2012-06-15,8,OZ,1,3.98
2340973488,206,2,201,1064420969,5345,2013-02-26,16.5,OZ,1,1.98
2341249052,20,41,4109,105200050,19212,2013-03-12,15,OZ,2,2.58
2341281961,18,36,3632,102113020,15704,2013-06-28,144,OZ,2,4.5
2341309430,360,55,5557,107457070,26051,2013-01-05,9,OZ,1,4.49
2341981181,42,63,6323,104190040,4664,2013-03-23,128,OZ,2,9.98
2341981315,42,34,3410,101700010,4912,2012-03-17,7.5,OZ,2,4.98
2341981315,42,9,907,104149747,19710,2012-10-08,15,OZ,1,2.69
2341981315,42,63,6320,104149747,19710,2012-10-10,12,CT,1,1.89
2341981315,42,5,501,103800030,17050,2013-01-24,18,OZ,1,4.69
2341981315,42,17,1703,104129444,14048,2013-02-21,48,OZ,2,6.98
2341981506,42,36,3618,104900040,23359,2012-06-29,67.6,OZ,1,1.89
2341981506,42,63,6315,104149747,19710,2012-09-13,128,OZ,5,12.45
2341981506,42,29,2928,107142979,20299,2013-05-04,8.8,OZ,1,1.79
2343083344,403,18,1829,107200070,5894,2012-11-22,1,CT,1,2.99
2343526077,285,97,9753,10000,0,2012-06-21,1,CT,2,0
2343526077,285,58,5827,107024777,6176,2012-07-06,16,OZ,1,3.99
2343526077,285,26,2609,101115010,15530,2012-07-06,100,CT,1,2.28
2343526077,285,33,3350,101708212,9033,2013-03-20,3.25,OZ,1,5.99
2343526149,285,63,6315,101115010,15530,2013-01-04,128,OZ,1,2.89
2343528806,285,9,970,103800030,62065,2012-07-07,22,OZ,1,2.5
2343528806,285,28,2805,101115010,15530,2012-12-05,3.8,OZ,1,0.63
2343528806,285,9,907,1068833969,6434,2013-06-14,11.2,OZ,2,6.78
2343529000,285,63,6320,107954878,10165,2012-04-07,12,CT,1,2.1
2343529000,285,33,3351,104400040,16738,2012-04-22,5.3,OZ,1,3.29
2343529000,285,12,1206,108000080,17292,2012-09-23,5,OZ,1,1.75
2343529000,285,56,5620,104610040,15889,2012-11-11,8,OZ,1,2.5
2343529000,285,9,902,104400040,12279,2012-11-18,16,OZ,1,2.99
2343529090,285,95,9518,107000070,27680,2012-04-06,1,CT,1,3.5
2343529403,285,63,6305,103680030,3679,2012-09-05,128,OZ,1,3.99
2343529403,285,21,2108,102870020,18702,2013-02-18,46,OZ,1,2.49
2343530663,285,96,9609,1054800151,88199,2012-06-13,0,,2,-2
2343530663,285,71,7106,108087888,13505,2013-02-03,12.6,OZ,1,3.37
2343530663,285,58,5823,104450040,8318,2013-06-15,9,OZ,2,5.98
2343531597,285,99,9908,1071631070,15859,2012-05-04,16,OZ,1,1.99
2343539605,106,22,2201,104460040,3718,2012-11-15,96,OZ,1,2.89
2343967303,507,58,5833,103760030,8501,2012-11-05,16,OZ,1,2.96
2343967303,507,63,6315,108523989,11176,2012-12-19,128,OZ,2,8.18
2344034934,508,33,3307,102900020,14112,2012-09-03,16.25,OZ,1,5.99
2344125856,508,97,9761,103501131,62607,2012-05-06,1,CT,2,10.48
2344138930,508,18,1828,106233868,319,2012-08-05,1.34,OZ,1,4.79
2344321394,507,53,5307,108523989,11176,2013-06-05,16,OZ,3,3.42
2344429741,508,34,3405,103700030,13012,2012-08-16,17,OZ,1,5.99
2344429741,508,75,7534,101101717,25703,2012-11-21,3.5,OZ,1,4.99
2344429741,508,73,7356,1032420838,1488,2013-01-20,120,CT,1,11.49
2344509921,510,4,417,101070010,56124,2013-06-07,3.4,OZ,1,1
2344597325,85,26,2628,103700030,2248,2012-06-28,2,RL,1,6.99
2344615873,100,27,2702,107910070,33128,2013-03-24,16,LB,1,13.99
2344615873,100,8,814,103900030,13296,2013-07-20,16,OZ,1,2.99
2344624116,8,9,907,107225070,12465,2012-09-29,20,OZ,1,1.99
2344624186,8,30,3001,104800141,1707,2013-01-12,30,OZ,1,4.99
2344630420,101,8,830,107461575,65031,2012-07-02,7,OZ,1,2.79
2344630420,101,58,5827,103390030,9286,2013-06-07,6,OZ,1,3.99
2344632268,101,58,5832,107274575,13804,2012-09-26,12,OZ,2,7.98
2344632268,101,36,3603,104300040,4186,2012-09-26,256,OZ,2,5.98
2344673415,126,9,907,101111010,9907,2012-06-03,11,OZ,1,1
2344679682,98,70,7005,104650040,12977,2012-05-06,6,OZ,1,4.5
2344679682,98,36,3601,101200010,13794,2013-03-17,101.4,OZ,1,2.75
2344679682,98,51,5127,1065827666,8605,2013-04-28,14,OZ,1,2.64
2344679876,58,21,2106,103120030,12957,2012-12-09,64,OZ,1,2.74
2344679876,58,27,2704,103810030,29945,2013-01-16,6,OZ,1,2.99
2344680128,89,21,2119,1061300868,867,2012-05-26,128,OZ,1,3.29
2344680128,89,33,3307,101111010,9907,2013-02-01,12,OZ,1,1.99
2344680332,89,99,9908,103338333,33170,2012-03-26,16,OZ,2,2.98
2344680332,89,29,2928,101530010,58299,2012-10-08,4.3,OZ,1,1
2344680332,89,16,1604,102200020,13228,2012-10-15,14,CT,2,1.76
2344680332,89,33,3316,101600010,3397,2012-12-12,8.75,OZ,1,2.69
2344680332,89,9,907,107131474,1061,2013-02-10,24,OZ,1,2.29
2344680332,89,35,3508,103700030,18371,2013-04-09,50,OZ,1,4.99
2344680415,98,96,9609,1056738757,88199,2012-10-08,0,,1,-0.55
2344680571,98,9,907,101111010,9907,2013-02-03,20,OZ,1,1
2344682879,63,25,2506,104127141,26189,2012-05-21,32,OZ,1,3.59
2344682879,63,63,6305,101111010,9907,2012-05-23,64,OZ,3,5.97
2344682879,63,5,522,101313010,4253,2012-05-23,14,OZ,1,2.69
2344684987,63,99,9908,101111010,9907,2012-06-03,10,OZ,1,1.99
2344720140,96,97,9747,101122515,157,2012-07-13,200,CT,1,1.59
2344721435,96,29,2905,1076022979,52023,2012-04-18,14,OZ,2,3.38
2344738397,214,51,5125,102580020,16668,2012-07-06,4.9,OZ,1,2.25
2344738397,214,63,6320,104122040,20514,2012-08-10,12,CT,1,1.38
2344738397,214,16,1601,102200020,9347,2012-09-23,15,CT,1,0.96
2344738397,214,7,707,102550020,6550,2012-10-16,27.8,OZ,1,10.44
2344738397,214,27,2704,103810030,14717,2012-11-09,6.5,OZ,1,2.84
2344738397,214,11,1102,1072277676,17117,2012-12-14,470,CT,1,6.82
2344751494,214,9,907,104122040,23511,2013-02-24,11.75,OZ,1,1.54
2344752699,214,96,9609,1055450050,88199,2012-04-06,0,,1,-2
2344777193,46,33,3302,102700020,57417,2012-09-12,8.7,OZ,1,2.99
2344777193,46,96,9609,1054470050,88199,2013-05-25,0,,1,0
2344780366,46,57,5704,1071928373,11473,2012-04-15,6,OZ,5,3
2344780366,46,99,9908,103338333,33170,2012-07-03,16,OZ,2,2.89
2344852275,15,97,9768,107650171,3828,2012-06-21,1,CT,1,24.1
2344852275,15,63,6399,102301222,16972,2012-10-03,10.5,OZ,2,13.98
2344852275,15,57,5710,1068954464,6086,2012-12-29,7,OZ,1,1.79
2344852700,18,33,3312,103700030,14494,2013-01-19,6.41,OZ,1,1.67
2345144265,233,63,6320,104130343,38922,2012-12-02,12,CT,1,1.69
2345154322,42,49,4901,101312010,26885,2012-04-25,32,OZ,1,3.19
2345154322,42,55,5552,104149747,19710,2012-12-30,48,OZ,1,3.49
2345154322,42,4,416,104149747,19710,2013-07-04,2.25,OZ,1,0.69
2345154452,42,9,902,104400040,18775,2012-05-05,9,OZ,1,3.69
2345154452,42,51,5125,102580020,16668,2013-01-25,10.5,OZ,1,2.69
2345154452,42,9,907,104149747,19710,2013-03-18,20,OZ,1,1.29
2345164863,404,26,2609,107200070,28354,2012-09-27,48,CT,2,5.38
2345509939,285,16,1604,102200020,6021,2013-03-23,45,CT,1,2.25
2345510051,285,63,6315,101115010,15530,2012-06-02,128,OZ,1,3.25
2345510051,285,97,9753,10000,0,2012-06-16,1,CT,10,0
2345510051,285,23,2301,101510010,4255,2012-10-27,48,OZ,1,4.29
2345510744,285,18,1842,102120020,16044,2012-06-03,1,CT,1,1.74
2345772340,508,57,5704,103663232,4568,2012-11-11,16,OZ,1,2.19
2345772340,508,99,9904,1071575676,5278,2013-03-22,16,OZ,1,2.49
2345799638,510,41,4121,102700020,8612,2012-06-02,8,OZ,1,0.49
2345799638,510,97,9753,1049200040,0,2013-05-14,1,CT,1,3.99
2345904143,507,71,7114,107940070,17521,2012-08-01,9,OZ,2,4.38
2345940628,508,72,7208,1030004131,26880,2012-07-16,2,CT,1,5.99
2345940628,508,17,1726,101980010,19934,2013-02-26,28,CT,1,2.99
2346239825,508,5,516,101600010,6283,2012-04-04,7,OZ,1,2.82
2346357903,507,8,814,102840020,18584,2012-03-10,15.5,OZ,1,2.99
2346556469,510,75,7520,104834141,23664,2012-07-07,100,CT,1,2.36
2346851179,507,7,708,1088133484,5357,2012-04-20,12,OZ,1,7.99
2346860182,507,26,2633,103040030,683,2012-12-12,12,RL,1,5.99
2346908406,31,9,907,107341070,2437,2013-03-07,24,OZ,1,4.29
2346941614,85,99,9909,107127979,6732,2012-05-13,9,OZ,1,1.99
2346963278,21,8,801,102700020,8612,2012-05-06,44.5,OZ,1,2
2346963278,21,63,6320,1074199474,58508,2012-09-14,12,CT,1,2.99
2346963278,21,18,1850,102120020,16044,2013-03-21,3,CT,1,1.99
2346978928,101,40,4004,108464383,7951,2012-12-12,3.4,OZ,2,4.38
2346979790,101,3,302,104300040,1292,2013-01-04,8,OZ,1,2.5
2346979891,101,5,516,101600010,6283,2013-01-20,4.1,OZ,1,2.5
2346980050,101,56,5614,10100010,13626,2013-01-12,5,OZ,1,0
2346980050,101,27,2705,105000050,6775,2013-02-16,5.5,OZ,2,1
2346984680,70,27,2704,107910070,30370,2012-07-26,14,OZ,1,9.17
2346984680,70,36,3601,104900040,3809,2012-08-25,96,OZ,1,3.99
2346984985,70,3,309,103582636,6564,2012-12-22,14,OZ,1,1.2
2347001328,64,63,6320,1072543979,40679,2012-05-16,18,CT,1,2.81
2347001328,64,63,6315,1072543979,40679,2012-06-09,128,OZ,2,7.28
2347004992,71,99,9908,103338333,33170,2012-05-20,16,OZ,1,0.82
2347010158,26,63,6316,101111010,9907,2012-12-19,16,OZ,2,2
2347010436,143,6,605,107431272,23227,2012-07-07,32,OZ,2,27.98
2347012225,26,21,2112,1075379272,12769,2013-02-03,64,OZ,1,2.07
2347019007,151,99,9904,1071575676,5278,2012-09-28,6,OZ,1,1.5
2347019007,151,35,3506,103700030,3068,2013-02-01,10.2,OZ,1,3.39
2347024554,89,9,905,101410010,13791,2012-11-19,14,OZ,1,2.79
2347027676,89,31,3101,102150020,10238,2012-03-03,2.6,OZ,1,3.39
2347027676,89,33,3307,1066988767,23996,2012-06-10,12,OZ,1,4.99
2347027676,89,56,5614,104171646,6769,2012-09-01,13.3,OZ,2,7
2347027676,89,59,5907,102900020,2012,2012-12-08,16,OZ,1,0.89
2347034968,12,8,818,101111010,9907,2012-12-16,43,OZ,1,2.39
2347034968,12,5,501,101600010,6283,2013-01-16,11.75,OZ,1,2.5
2347034968,12,72,7205,103500030,3830,2013-05-19,6.4,OZ,1,1.99
2347034968,12,8,810,101111010,9907,2013-07-02,1.25,OZ,2,0.94
2347039190,140,29,2923,101600010,17539,2012-09-08,7.5,OZ,1,2.29
2347041698,2,63,6315,101111010,14907,2012-06-26,64,OZ,1,1.89
2347041698,2,8,814,102840020,18584,2012-12-17,15,OZ,1,3
2347046515,2,4,405,101111010,9907,2012-07-17,16,OZ,2,2.78
2347046515,2,53,5307,101111010,14907,2012-10-10,32,OZ,1,1.99
2347046515,2,63,6316,107342070,4529,2013-01-31,16,OZ,1,1.99
2347066693,184,55,5552,1074164373,10768,2012-03-26,64,OZ,1,2.88
2347068178,96,0,0,10000,0,2012-08-04,0,,1,0
2347068757,96,19,1908,105150050,9189,2012-05-15,18,OZ,1,3.99
2347068757,96,26,2613,103700030,13481,2013-02-28,26,CT,1,9.99
2347076543,214,53,5307,101450010,20864,2013-06-09,10,OZ,1,1.73
2347089781,214,99,9908,103338333,33170,2013-02-08,160,OZ,1,2.5
2347103914,206,19,1908,105150050,9189,2012-07-11,28,OZ,1,5.28
2347103914,206,7,707,102550020,6550,2012-12-21,22.6,OZ,1,8.98
2347103914,206,51,5115,107218070,15035,2013-03-06,19.86,OZ,1,5.38
2347103914,206,9,907,108685484,10218,2013-04-23,11,OZ,2,2.56
2347104716,206,37,3709,1073762878,18216,2012-06-03,1.6,OZ,1,0.88
2347113698,46,9,908,104125040,11473,2013-02-06,18,OZ,1,2.99
2347150166,46,36,3618,104900040,23359,2013-06-24,67.6,OZ,1,1.33
2347179769,95,58,5823,104470040,13310,2012-06-14,9,OZ,1,4.99
2347179769,95,58,5823,104470040,13310,2013-06-10,7.5,OZ,1,5.29
2347182664,4,64,6401,1070277070,19856,2012-10-05,72,OZ,1,6.99
2347182664,4,63,6321,104082242,15667,2012-10-26,10,OZ,1,4.99
2347498027,230,58,5812,107495676,8144,2012-08-20,12,OZ,1,3.99
2347502271,230,99,9908,103710232,11930,2012-05-09,12,OZ,1,2.49
2347502271,230,95,9518,106700868,25075,2013-02-09,1,CT,1,3.99
2347506712,230,9,902,101410010,45039,2012-08-30,30,OZ,1,8.49
2347507409,230,7,707,107025373,13343,2012-05-30,33.9,OZ,1,9.39
2347507409,230,56,5620,102100020,9886,2012-09-15,8,OZ,1,2.99
2347507409,230,58,5827,102555525,19588,2013-02-25,16,OZ,2,7
2347516967,230,63,6305,102500020,16489,2012-06-19,59,OZ,1,4.49
2347516967,230,97,9753,107143070,0,2013-02-02,1,CT,1,4.99
2347516967,230,9,902,104400040,12279,2013-03-15,16,OZ,1,3.19
2347517493,230,63,6315,107042474,16706,2012-07-18,128,OZ,3,10.89
2347517493,230,99,9908,1060580666,7655,2012-12-18,4,OZ,1,1.29
2347526170,42,26,2634,103700030,3293,2012-10-30,12,RL,1,8.19
2347526814,42,8,801,101300010,8164,2012-09-16,36,OZ,1,3.29
2347569600,402,4,412,107279979,19735,2012-08-18,5.5,OZ,1,2.19
2347817425,285,26,2634,104200040,14813,2012-06-13,18,RL,1,9.99
2347817425,285,27,2705,105000050,6775,2012-11-14,5.5,OZ,4,2.09
2347817425,285,63,6399,107590070,2073,2012-12-10,20,OZ,1,3
2347817425,285,26,2610,101115010,15530,2012-12-28,100,CT,1,1
2347817425,285,41,4107,101115010,15530,2013-03-15,15,OZ,3,2.48
2347817970,285,44,4404,107045979,12587,2012-07-13,13.5,OZ,1,3.39
2348079612,510,73,7308,1031254636,7853,2012-07-12,40,CT,2,3.34
2348079612,510,71,7113,1082775585,8811,2012-07-12,16,OZ,2,10.98
2348097461,31,36,3604,102114020,23503,2012-08-30,67.6,OZ,1,0.79
2348134348,85,27,2704,1061565060,4972,2012-04-21,7,CT,1,4.19
2348136856,85,51,5115,107192171,18492,2013-02-15,21.6,OZ,2,4.98
2348147692,85,63,6315,1060788060,16965,2012-11-14,128,OZ,1,4.25
2348172070,101,20,2002,105100050,27873,2012-04-25,46,OZ,3,8.48
2348172070,101,96,9609,1051600050,88199,2012-11-12,0,,1,-1
2348209694,26,21,2116,104300040,26420,2012-03-04,40.5,OZ,1,0.99
2348209694,26,4,418,103400030,20231,2012-11-17,11,OZ,1,3
2348209694,26,51,5119,102370020,78850,2013-01-26,28,OZ,1,5.99
2348209694,26,47,4705,101111010,9907,2013-03-02,12,OZ,2,3.36
2348209694,26,36,3601,104900040,3809,2013-04-06,144,OZ,2,8
2348245781,191,64,6401,102210020,13410,2012-08-05,40,OZ,1,2.19
2348245781,191,9,907,101111010,6678,2013-05-07,12,OZ,3,3.36
2348264982,206,9,907,101410010,13791,2012-07-29,14.5,OZ,1,3.29
2348269816,96,63,6320,103003434,7175,2012-10-29,18,CT,1,2.75
2348269816,96,5,516,101600010,12426,2012-11-02,7.1,OZ,1,3
2348269816,96,33,3315,101122515,19197,2013-03-11,10,OZ,1,1.49
2348269992,96,7,708,1088133484,5357,2012-08-12,12,OZ,1,8.99
2348269992,96,14,1404,101480010,12021,2013-02-19,24,OZ,2,5
2348270505,96,5,501,103800030,11732,2012-04-01,15.5,OZ,1,3.99
2348270505,96,9,901,103010030,6852,2012-09-16,11.5,OZ,1,2.5
2348270505,96,7,709,109955595,68135,2012-12-12,4.8,OZ,2,13.98
2348270749,96,41,4108,103003434,7175,2012-03-31,15.5,OZ,1,0.99
2348270749,96,58,5827,103003434,7175,2012-07-03,16,OZ,1,4.39
2348270749,96,51,5123,103620030,52004,2012-08-24,22,OZ,1,9.99
2348270749,96,23,2301,103340030,68309,2012-12-22,12,OZ,1,2.19
2348270749,96,2,201,105150050,14029,2012-12-22,16,OZ,1,2.5
2348270749,96,51,5128,102370020,18969,2013-01-13,16,OZ,1,7.19
2348275731,214,31,3108,102460020,11990,2012-04-15,26,OZ,1,0.62
2348323066,46,36,3634,1078616272,7237,2012-05-20,20,OZ,5,5
2348323066,46,27,2707,101780010,95301,2012-05-26,16,LB,1,17.99
2348323066,46,33,3305,104163343,20842,2012-05-31,13,OZ,1,1.99
2348323066,46,25,2508,1071928373,11473,2012-09-09,64,OZ,2,5.58
2348323066,46,6,610,1061126969,15041,2012-09-18,12,OZ,1,2.5
2348323314,46,55,5552,107756777,2347,2012-09-28,48,OZ,1,3.99
2348377499,17,63,6315,102113020,10786,2012-09-28,128,OZ,3,11.37
2348377499,17,55,5552,107756777,2347,2012-10-01,48,OZ,2,11.98
2348377499,17,63,6320,102113020,10786,2013-03-30,18,CT,1,3.69
2348392391,95,36,3636,104300040,4371,2012-04-01,169,OZ,2,5.98
2348394359,15,33,3310,108266686,14265,2012-08-22,3,OZ,1,2.15
2348394611,15,55,5552,107756777,2347,2012-05-06,48,OZ,1,3.5
2348398438,18,99,9909,107127979,6732,2013-01-25,16,OZ,1,1.99
2348400877,15,8,810,104800141,9814,2012-03-08,0.5,OZ,1,1.99
2348400877,15,31,3101,102113020,30626,2012-07-14,0.7,OZ,1,0.99
2348413737,360,0,0,10000,0,2012-06-16,0,,1,14
2348413737,360,9,907,107341070,888,2012-06-16,16,OZ,2,7.38
2348723443,42,54,5403,107790070,9200,2012-12-29,36,OZ,1,9.99
2348764013,402,79,7901,107224676,20014,2013-05-24,1,CT,1,1.79
2348767458,402,10,1012,102700020,23332,2012-08-25,13,OZ,1,1
2348767458,402,36,3601,101200010,13794,2012-09-15,144,OZ,1,3.67
2348870485,402,97,9799,105113151,52,2012-11-30,1,CT,1,3.79
2349025294,293,63,6320,101115010,15530,2012-10-16,12,CT,1,-0.26
2349025360,293,0,0,10000,20405,2012-03-11,0,,1,-0.03
2349025360,293,23,2301,107130070,15474,2012-03-24,12,OZ,1,1.88
2349025360,293,10,1010,103400030,8247,2012-09-18,24,OZ,1,2.39
2349025360,293,58,5824,107778272,9260,2013-05-04,12,OZ,2,6.49
2349026577,293,99,9904,1078035373,53977,2012-04-04,16,OZ,2,4
2349026577,293,21,2112,104175545,10177,2012-09-15,64,OZ,2,6.78
2349026577,293,0,0,10000,0,2013-05-10,0,,1,-0.29
2349027880,285,36,3631,107800070,23209,2012-05-12,144,OZ,1,4.99
2349027880,285,29,2928,104100040,9814,2012-10-13,5.7,OZ,1,1.15
2349027880,285,63,6332,104850040,61745,2013-01-12,59,OZ,1,3.5
2349124134,377,9,907,103967737,25330,2013-02-24,8,OZ,1,1.79
2349181829,507,97,9753,1020801121,0,2012-09-11,1,CT,4,0.96
2349380356,85,51,5115,107192171,25673,2013-01-09,23.4,OZ,1,6.99
2349383706,21,35,3509,1088596787,5428,2013-03-17,60,OZ,1,3.59
2349402573,101,0,0,10000,20405,2012-04-23,0,,1,-19.81
2349402573,101,60,6007,101800010,14029,2013-02-06,8,OZ,2,4.58
2349402573,101,9,907,107130575,11013,2013-02-25,20,OZ,2,3.99
2349402573,101,7,707,1068826767,81691,2013-03-25,11.5,OZ,1,3.19
2349402573,101,28,2804,10930090,12157,2013-06-06,12,OZ,1,1.99
2349402820,101,18,1802,104316848,25919,2013-03-20,1,CT,2,9.98
2349413615,70,37,3705,104119646,14582,2012-05-29,19,OZ,2,5.38
2349413615,70,96,9609,1054400050,88199,2012-09-16,0,,2,-2
2349417675,68,25,2504,1072543979,40679,2012-03-31,12,OZ,1,0.97
2349417675,68,26,2633,103040030,683,2013-04-02,6,RL,2,11.48
2349417675,68,9,970,103800030,62065,2013-04-09,22,OZ,1,3.35
2349417675,68,38,3801,103582636,6564,2013-04-29,5,LB,1,2.31
2349432249,165,97,9753,10555,0,2012-04-26,3.87,OZ,1,0
2349432249,165,63,6315,107203676,7953,2012-11-13,128,OZ,1,2.97
2349435328,26,4,410,107172070,18529,2012-10-31,11.64,OZ,1,2.69
2349436844,26,96,9609,1057007454,88199,2012-04-24,0,,1,-1
2349436844,26,9,907,101111010,9907,2012-05-05,24,OZ,1,2.09
2349436844,26,63,6314,107342070,4529,2012-05-07,16,OZ,1,1.57
2349436844,26,22,2214,103700030,18371,2012-12-31,7.9,OZ,1,7.99
2349437401,26,9,907,104157343,9907,2012-06-16,16,OZ,1,0.99
2349437401,26,9,907,107131979,16021,2012-07-21,22,OZ,1,1.79
2349437401,26,36,3632,101111010,1814,2012-11-03,67.6,OZ,2,1.76
2349440689,89,29,2914,102100020,9886,2012-07-15,12.6,OZ,1,2.25
2349440689,89,10,1011,104300040,26232,2012-07-15,22.5,OZ,1,1.99
2349440689,89,36,3631,104900040,1414,2012-08-17,67.6,OZ,1,0.99
2349440689,89,34,3402,101910010,1889,2012-09-21,1,OZ,1,5.99
2349440689,89,63,6320,101111010,9907,2013-03-08,6,CT,1,0.89
2349464038,140,56,5620,101111010,9907,2012-06-20,8,OZ,1,1.67
2349464038,140,33,3303,102840020,15598,2012-10-20,8.75,OZ,1,2.5
2349464038,140,34,3411,101111111,1141,2013-01-27,16,OZ,2,6.98
2349466494,140,33,3303,102840020,10241,2012-06-29,10.5,OZ,1,1.99
2349471165,2,36,3630,104900040,3809,2013-03-08,144,OZ,1,4.99
2349473246,2,36,3618,101200010,23361,2012-07-18,67.6,OZ,6,4.74
2349493725,96,4,417,102800020,55759,2012-08-02,3.5,OZ,1,1
2349494031,96,51,5127,103100030,1358,2013-01-28,8,OZ,2,2
2349495725,96,9,958,107054070,690,2012-12-23,3.25,OZ,1,2.69
2349519303,214,26,2614,103700030,514,2012-09-26,16,CT,1,3.27
2349543059,46,35,3504,103700030,4628,2012-03-28,19,OZ,2,4.98
2349543059,46,97,9753,105783656,0,2012-08-06,1,CT,2,5.98
2349555580,46,97,9753,1020406424,0,2013-06-16,1,CT,4,23.93
2349565569,46,59,5907,101111515,8760,2012-08-02,16,OZ,1,0.88
2349565569,46,27,2712,107944171,19221,2012-12-17,1,CT,1,18.49
2349565569,46,99,9909,103260131,5489,2013-06-27,5,OZ,1,2.99
2349581416,46,36,3630,104900040,23359,2012-05-09,144,OZ,1,3.34
2349621167,18,9,901,104400040,12885,2013-01-11,3.5,OZ,1,0.99
2349640266,360,33,3307,104173545,20449,2012-06-13,9,OZ,1,6.99
2349640266,360,56,5613,103114232,25202,2012-07-23,16,OZ,2,15.98
2349640266,360,8,818,104173545,20449,2013-02-16,25,OZ,1,3
2349640370,360,25,2506,104410040,8481,2013-02-28,16,OZ,2,4
2349641250,360,99,9908,1071631070,15859,2012-07-15,16,OZ,1,3.99
2349641805,360,4,407,103400030,18947,2012-03-17,12,OZ,2,4.98
2349641805,360,53,5307,101450010,20864,2012-09-29,10.8,OZ,1,2.49
2349943884,42,26,2609,101122515,19197,2013-02-18,100,CT,1,2.79
2349943884,42,36,3630,107800070,5208,2013-06-15,101.4,OZ,1,3.99
2349943974,42,31,3108,105210050,11382,2012-04-16,2.12,OZ,2,5.78
2350231139,293,97,9781,10000,8255,2012-03-17,1,CT,1,-0.49
2350231139,293,58,5823,104470040,13310,2013-02-02,12,OZ,1,1
2350231379,293,51,5115,107192171,18492,2013-02-13,21.4,OZ,1,3.33
2350232230,285,21,2112,103120030,12957,2012-05-09,64,OZ,1,3.29
2350232230,285,8,810,105210050,11382,2013-04-14,1.25,OZ,2,2
2350232230,285,99,9904,1081204989,27736,2013-05-19,16,OZ,1,1.88
2350310348,377,30,3001,104800141,1707,2012-04-30,30,OZ,1,3.78
2350311665,376,9,912,107294575,15878,2012-03-03,13,OZ,1,1.78
2350311665,376,31,3101,102240020,12114,2012-06-04,2.5,OZ,1,3.14
2350399650,507,33,3350,101708212,9033,2012-04-30,3,OZ,1,3.99
2350642053,508,53,5307,108523989,11176,2013-03-13,16,OZ,3,4.71
2350820436,508,27,2711,101901414,8664,2012-12-12,4,LB,1,8.04
2350820436,508,26,2613,1075940979,23664,2013-05-01,27,CT,1,6.48
2350820436,508,25,2508,102529323,16410,2013-06-10,64,OZ,1,2.98
2350832542,508,27,2713,101780010,30972,2012-08-11,10,OZ,6,10.56
2351144375,507,97,9753,107116979,0,2012-03-16,1,CT,1,2.61
2351144375,507,72,7203,1031254737,10554,2012-10-11,33.8,OZ,1,3.47
2351216028,510,97,9753,1049064040,0,2013-01-30,1,CT,1,2.24
2351267143,507,19,1910,108523989,833,2012-07-22,16,OZ,1,5.99
2351923361,507,97,9748,107164171,15835,2012-08-24,2,CT,1,0.87
2352162263,21,9,902,104400040,15335,2012-07-15,12.73,OZ,1,3.69
2352162263,21,9,907,104500040,8421,2012-11-07,20,OZ,1,3.79
2352179374,104,21,2117,108768484,2903,2012-03-29,60,OZ,2,4.98
2352179374,104,56,5607,102100020,13967,2012-09-30,8,OZ,1,2.69
2352179374,104,44,4404,104130343,38922,2012-10-21,11.25,OZ,1,1.78
2352179374,104,53,5307,102000020,7655,2012-10-28,12,OZ,2,4.5
2352179374,104,21,2112,104130343,38922,2012-12-23,64,OZ,2,5.38
2352179374,104,5,517,103800030,17050,2013-01-08,4.86,OZ,1,2.5
2352179374,104,99,9904,103338333,33170,2013-01-19,16,OZ,1,3.99
2352181654,101,59,5902,1068826767,81691,2012-05-17,16,OZ,1,2.79
2352181654,101,26,2630,103600030,9787,2012-09-01,174,CT,1,1.25
2352182429,101,41,4107,1068826767,7173,2013-06-27,16,OZ,1,1.99
2352182817,101,33,3318,1068826767,7173,2012-11-09,14,OZ,1,1.99
2352212495,165,3,310,107203676,7953,2012-09-10,2,OZ,1,1.99
2352213734,165,21,2113,102800020,56490,2012-08-02,54,OZ,2,7.5
2352225352,431,9,901,101111010,9907,2012-08-24,16,OZ,1,1.26
2352227054,126,96,9609,1052100050,88199,2013-01-05,0,,1,-0.5
2352227054,126,70,7001,1030008131,12531,2013-05-15,0.5,OZ,1,4.49
2352227054,126,27,2709,102310020,18139,2013-05-22,2.1,OZ,3,5
2352233772,89,36,3629,101200010,23360,2012-05-22,144,OZ,1,3.67
2352233822,89,92,9208,1076131878,15219,2012-12-20,1,CT,1,5.99
2352245599,140,58,5823,105190050,26456,2012-12-19,10,OZ,3,11.97
2352246666,140,26,2629,101111010,9907,2012-05-05,500,CT,1,2.99
2352246666,140,9,907,101111010,4181,2012-07-14,24,OZ,1,1.67
2352256647,191,22,2201,104460040,3718,2012-06-10,82,OZ,1,2.19
2352256647,191,59,5902,103450030,10165,2012-07-16,8,OZ,1,2.39
2352279980,96,41,4108,103940030,71386,2012-04-16,15,OZ,1,1.19
2352279980,96,16,1604,102200020,6021,2012-11-08,15,CT,1,1.29
2352279980,96,58,5823,107740070,2500,2013-01-20,2,OZ,2,1.98
2352282068,96,73,7343,1030057333,14423,2012-11-21,48,CT,1,6.99
2352330159,206,99,9908,105783656,17665,2013-01-14,16,OZ,1,2.98
2352368422,46,92,9211,1030099737,15219,2013-04-05,0.12,OZ,1,5.29
2352368422,46,8,836,104125040,11473,2013-06-12,128,OZ,1,2.55
2352381989,46,27,2704,105849656,13705,2012-04-27,7.4,OZ,1,3.39
2352388534,46,16,1601,102200020,71567,2012-07-18,15,CT,2,2.2
2352405918,3,25,2506,105000050,32115,2012-08-07,32,OZ,1,3.99
2352408676,88,8,810,105210050,11382,2012-12-16,1.5,OZ,2,1.98
2352412748,95,27,2705,105000050,6775,2013-06-21,5.5,OZ,3,1.5
2352419010,15,63,6315,1074236575,8499,2012-03-20,64,OZ,1,4.49
2352797794,402,92,9211,1060933262,32336,2012-10-13,0.06,OZ,1,0.99
2353019166,401,97,9799,107352777,8449,2013-03-10,2,CT,4,39.96
2353071204,293,21,2106,101115010,15530,2012-06-02,64,OZ,1,1.28
2353071460,285,26,2628,103040030,17034,2013-01-26,6,RL,1,5.88
2353071726,285,26,2606,101115010,15530,2012-09-23,200,CT,2,3.38
2353072124,293,16,1604,102200020,6021,2012-03-27,45,CT,2,4.98
2353072124,293,41,4107,101115010,15530,2013-01-04,14.5,OZ,1,0.99
2353072124,293,99,9909,107127979,6732,2013-03-19,9,OZ,2,3
2353073183,285,7,707,102550020,6550,2012-07-14,11.3,OZ,1,4.19
2353073183,285,5,501,101600010,3331,2012-12-12,8.9,OZ,2,5.98
2353073183,285,58,5826,102265525,2626,2013-03-02,6,OZ,2,2
2353073183,285,44,4404,105100050,13791,2013-04-27,11.25,OZ,1,2
2354377513,85,30,3007,107653979,12409,2013-01-30,12,OZ,1,3.59
2354380941,21,72,7211,1031015838,14213,2012-06-22,120,CT,1,5.99
2354387038,100,57,5707,103663232,4568,2012-07-08,18.6,OZ,1,2
2354387038,100,58,5812,104470040,13310,2013-03-02,15,OZ,1,3.99
2354405110,240,9,902,104400040,19783,2012-04-27,16,OZ,1,3.49
2354405110,240,96,9632,107675070,8990,2012-08-28,1,CT,1,15
2354405110,240,58,5815,104130343,38922,2012-09-01,8,OZ,1,2.5
2354405110,240,16,1601,102200020,9347,2012-11-02,15,CT,1,0.99
2354424270,101,63,6320,103360434,15917,2012-03-11,10,CT,1,2.59
2354424270,101,17,1721,104650040,14149,2012-03-25,9.7,OZ,2,7
2354424270,101,56,5610,1068826767,81691,2012-07-22,8,OZ,1,3.59
2354424351,101,16,1604,102200020,13228,2012-06-10,42,CT,1,2.19
2354424351,101,53,5305,102000020,7655,2012-09-16,7,OZ,3,4.77
2354424351,101,33,3305,107074070,2739,2013-02-12,13,OZ,1,4.59
2354428062,101,55,5552,102073525,18893,2012-06-22,48,OZ,1,4.29
2354428062,101,62,6201,1068826767,7173,2013-04-12,16,OZ,1,3.49
2354448739,68,41,4110,103940030,71386,2013-01-13,28,OZ,1,2.19
2354451442,65,25,2506,103582636,6564,2012-09-30,32,OZ,2,5.18
2354456226,64,36,3630,107800070,23561,2012-03-05,144,OZ,3,6.41
2354456669,64,56,5617,1072543979,40679,2012-08-03,12,OZ,1,1.97
2354458585,64,33,3310,103582636,6564,2012-06-04,4,OZ,2,3.98
2354458585,64,29,2930,103760030,17027,2012-09-21,10,OZ,1,2.29
2354458585,64,36,3604,107800070,2829,2012-12-03,67.6,OZ,1,1.25
2354459935,71,59,5907,102740020,16291,2012-12-18,16,OZ,1,1.99
2354459935,71,56,5609,103582636,6564,2013-03-28,24,OZ,1,2.89
2354473328,68,8,801,1072543979,40679,2013-07-21,40,OZ,1,1.59
2354482549,64,36,3630,104900040,12086,2012-07-26,67.6,OZ,1,1.25
2354497673,83,21,2118,108079383,6926,2012-05-22,16.9,OZ,2,2.56
2354497673,83,5,501,101600010,3789,2012-06-09,11.8,OZ,1,3.09
2354497673,83,57,5710,1068954464,6086,2013-03-26,5.3,OZ,3,3
2354499396,98,72,7203,103700030,4294,2012-12-28,16,OZ,1,6.49
2354501397,26,4,412,107606777,3604,2012-08-18,6,OZ,3,4.5
2354501397,26,9,908,101111010,9907,2012-09-24,24,OZ,1,4.99
2354501397,26,46,4606,101111010,20588,2012-11-26,16,OZ,1,0
2354501397,26,31,3110,103760030,8501,2013-02-07,3,OZ,1,2.89
2354501397,26,63,6311,107146474,2142,2013-02-18,32,OZ,1,3.5
2354505990,98,9,907,1078142171,21825,2012-03-14,8,OZ,1,2.19
2354505990,98,9,907,107087070,12106,2012-09-03,16,OZ,1,2.19
2354505990,98,27,2713,101780010,30972,2012-11-18,60,OZ,1,12.99
2354505990,98,33,3309,1078113878,13130,2013-01-27,12,OZ,1,2.5
2354514258,89,63,6320,101111010,9907,2012-08-11,12,CT,1,1.59
2354515328,58,96,9609,1051600050,88199,2012-11-28,0,,8,-4.25
2354518717,12,41,4107,107227373,9930,2012-08-15,8,OZ,1,1.29
2354518717,12,97,9799,1072652878,13585,2013-01-11,1,CT,1,1.49
2354524002,63,9,901,101111010,9907,2013-03-31,32,OZ,1,1.99
2354548319,83,17,1704,1067811262,3912,2012-03-17,17,OZ,1,2.69
2354550182,83,8,810,104600040,13023,2012-11-10,6.25,OZ,1,3.19
2354550182,83,29,2903,106414464,3342,2013-03-02,15,OZ,4,4
2354550182,83,19,1908,105150050,9189,2013-04-15,18,OZ,1,2.99
2354567694,98,5,502,101111010,9907,2012-06-02,5.4,OZ,1,1
2354567694,98,99,9908,101111010,9907,2012-06-17,10,OZ,1,2.29
2354567694,98,24,2403,101111010,9907,2012-06-23,5,OZ,2,2
2354567694,98,0,0,10000,0,2012-08-25,0,,2,0
2354567694,98,57,5705,103663232,4568,2012-11-30,24,OZ,2,4
