494861753,21,63,6305,104119040,16347,2012-11-21,64,OZ,1,2.5
494865071,16,9,901,104400040,3453,2012-03-27,13.72,OZ,1,4.69
494865071,16,31,3101,107267070,19489,2013-06-03,3.52,OZ,1,1.99
494868324,21,99,9908,1078670575,27139,2013-04-13,24,OZ,1,2.49
494868717,21,33,3301,1075535575,7457,2012-04-20,4,OZ,1,1.5
494870334,21,36,3627,101200010,16391,2012-03-20,67.6,OZ,4,5
494870334,21,71,7110,101150919,9389,2012-04-14,1,CT,2,13.98
494870334,21,56,5620,104119040,16347,2012-09-05,8,OZ,1,1.99
494870334,21,9,912,104812141,18322,2012-10-06,20,OZ,1,2.99
494872058,21,58,5823,104450040,8318,2012-04-02,9,OZ,1,3.99
494872618,21,54,5401,101960010,1058,2012-07-03,12.3,OZ,1,1.99
494874433,21,4,416,107279979,19735,2013-02-16,3.15,OZ,1,2.29
494875101,21,59,5902,103450030,10165,2012-03-22,8,OZ,1,2.19
494875101,21,59,5910,103377636,16650,2012-03-22,15,OZ,1,3.49
494875101,21,99,9909,1088804888,52680,2012-05-17,5,OZ,1,2.99
494875101,21,35,3509,103320030,875,2012-11-01,50,OZ,1,3.99
494875101,21,36,3635,107252171,27694,2013-02-21,33.8,OZ,3,2.97
494875101,21,35,3504,103500030,13470,2013-03-07,25,OZ,1,2.69
494875473,21,63,6328,102016929,16492,2012-04-13,20,OZ,1,3.29
494875473,21,8,801,101300010,8164,2012-10-02,101,OZ,1,5.79
494875473,21,8,805,105100050,2820,2013-01-17,9,OZ,3,7.17
494875473,21,56,5621,1087145989,75560,2013-01-17,8,OZ,1,4.29
494875473,21,5,501,103800030,758,2013-02-13,8.7,OZ,1,3.39
494875473,21,23,2301,107270070,11079,2013-03-04,12,OZ,2,9.18
494875761,21,5,501,103000030,14760,2012-05-18,5.3,OZ,1,3.09
494876083,21,26,2614,104119040,16347,2012-11-07,16,CT,1,1.99
494876083,21,41,4105,107294070,18909,2012-11-13,28,OZ,12,13.8
494876083,21,63,6317,108425383,15248,2013-01-25,64,OZ,1,3.49
494876083,21,10,1011,104300040,26232,2013-05-16,13.5,OZ,1,2.69
494876187,21,27,2706,105000050,6132,2012-04-19,3,OZ,6,3.6
494876187,21,25,2506,104410040,8481,2012-08-14,16,OZ,1,2.39
494879108,16,38,3801,104131040,23808,2012-03-27,4,LB,1,2.45
494879108,16,6,607,104167949,12863,2012-12-07,12,OZ,1,2.39
494879750,21,26,2614,103700030,514,2012-04-22,24,CT,1,3.29
494879750,21,17,1703,103700030,12071,2012-07-15,4,CT,1,4.19
494879750,21,63,6305,102500020,16489,2012-07-15,59,OZ,1,2.5
494879750,21,21,2118,108079383,6926,2013-03-16,16.9,OZ,1,1
494880252,21,9,907,107167373,17480,2012-11-14,22,OZ,1,3.39
494880260,21,58,5823,104470040,13310,2012-04-25,8,OZ,2,7.98
494880820,21,41,4106,104119040,16347,2013-02-12,6.5,OZ,2,1.5
494882270,21,54,5401,101862717,9496,2012-08-19,10.1,OZ,2,7.38
494882722,21,26,2630,103600030,9787,2012-03-29,84,CT,3,5.88
494882722,21,57,5704,103663232,4568,2012-04-06,24,OZ,1,1.99
494882722,21,18,1890,107830070,14142,2012-06-15,1,CT,2,2.28
494882722,21,9,901,102900020,13243,2012-10-06,9,OZ,1,2.99
494882722,21,41,4105,102700020,8612,2013-03-10,14.5,OZ,3,4
494883250,16,67,6702,1030813737,9259,2012-06-06,15,OZ,1,3.79
494883250,16,71,7113,107940070,17521,2012-12-05,22.5,OZ,2,3.9
494885913,21,58,5828,103100030,1358,2012-11-01,6.4,OZ,2,2.38
494885913,21,73,7344,104119040,16347,2013-01-10,72,CT,2,3.98
494888304,21,33,3319,102840020,10241,2012-07-29,9,OZ,1,3.99
494888304,21,9,907,107341070,888,2012-12-02,24,OZ,1,4.69
494888335,21,63,6320,104119040,16347,2012-11-20,12,CT,1,1.79
494888335,21,45,4508,101116212,12131,2012-12-20,19.1,OZ,1,7.49
494888883,21,36,3611,107572070,14196,2012-05-18,142.2,OZ,1,2.69
494888883,21,9,907,104119040,16347,2012-10-02,20,OZ,1,1.27
494890115,21,33,3303,102840020,10241,2012-04-12,10.5,OZ,1,2.33
494890115,21,97,9799,107675373,7452,2012-06-14,1,CT,2,3.48
494890115,21,26,2628,105400050,16048,2013-01-20,6,RL,1,6.89
494890115,21,17,1703,104650040,14149,2013-02-20,16,OZ,1,4.39
494892451,21,31,3108,101360010,4916,2012-08-26,13,OZ,1,1.19
494892493,21,55,5555,107457070,26051,2012-10-02,14,OZ,2,8.98
494892493,21,17,1709,101920010,10882,2013-02-13,24,OZ,1,1.99
494892843,21,41,4121,104119040,16347,2012-06-20,8,OZ,1,0.25
494892843,21,56,5607,102100020,13967,2012-08-09,3,OZ,1,1.39
494893729,21,27,2702,107119070,23292,2012-06-07,6,LB,1,9.74
494893729,21,33,3305,102840020,18584,2012-08-26,13,OZ,2,5
494895251,21,17,1703,103500030,6073,2013-01-04,22,OZ,1,1.79
494895251,21,33,3303,107260070,8245,2013-04-05,10,OZ,1,2.5
494895312,21,19,1905,105150050,16728,2012-09-10,32,OZ,-1,-1.77
494895312,21,9,903,107050676,3860,2012-12-22,24,OZ,1,1.99
494896821,21,4,416,104000040,26517,2012-09-09,1.14,OZ,1,0.79
494896821,21,9,907,107341070,2437,2012-12-19,24,OZ,1,2.99
494899828,21,9,908,105960858,33170,2012-05-17,14,OZ,1,2.49
494899828,21,55,5552,102983929,6763,2012-07-24,48,OZ,1,2.99
494899828,21,63,6320,104119040,16347,2012-07-29,12,CT,1,1.69
494899828,21,23,2310,103133232,25962,2013-02-15,16,OZ,1,1.12
494900092,21,63,6315,104119040,16347,2012-06-12,128,OZ,1,2.99
494900092,21,97,9753,1020991020,0,2012-11-13,1,CT,1,1.71
494900659,21,21,2119,1061300868,867,2013-02-07,138,OZ,1,3.99
494901875,21,53,5307,104119040,16347,2012-12-04,12,OZ,1,1.25
494903930,21,56,5615,102100020,4218,2012-05-25,8,OZ,1,2.5
494907122,21,74,7407,1084105888,15983,2012-07-27,3,CT,1,6.59
494907122,21,63,6320,104119040,16347,2012-09-11,30,CT,1,4.49
494908764,21,26,2634,103600030,4139,2012-03-28,24,RL,1,16.49
494908764,21,4,410,104342747,10402,2012-05-21,12,OZ,1,3.19
494908764,21,33,3301,103068434,41540,2012-07-12,3.5,OZ,2,2.58
494908764,21,69,6901,102260020,912,2013-04-07,2.8,OZ,1,3.29
494908850,21,26,2633,104303242,11116,2013-05-21,20,RL,1,13.33
494909197,21,58,5823,103503232,23232,2013-01-22,4,OZ,1,3.99
494909996,21,8,818,103620030,14868,2013-01-16,24,OZ,1,1.85
494909996,21,51,5122,107106878,17311,2013-05-22,16,OZ,1,3.29
494910172,21,55,5567,107756777,6854,2012-04-15,19.8,OZ,1,3
494910172,21,56,5614,107104070,76668,2012-04-22,24,OZ,1,9.19
494910637,21,18,1850,102120020,16044,2012-05-14,3,CT,1,1.99
494910637,21,21,2117,105360050,17209,2012-05-23,60,OZ,1,1.77
494910637,21,58,5827,104119040,16347,2012-10-06,16,OZ,1,3.49
494911690,21,96,9609,10995400090,88199,2012-05-01,0,,1,-2
494911690,21,72,7205,103700030,4294,2012-10-16,6.2,OZ,1,2.99
494911690,21,73,7302,1030057333,250,2012-12-18,100,CT,1,8.49
494911690,21,59,5907,102740020,16291,2013-03-11,15,OZ,1,2.19
494912538,21,34,3406,103700030,8993,2013-02-07,38.8,OZ,1,5.99
494912667,16,45,4509,1089440787,60655,2012-11-11,32,OZ,1,11.98
494912667,16,30,3001,101300010,8164,2013-04-19,11.5,OZ,1,2.35
494913291,21,51,5127,105100050,8605,2012-04-05,16,OZ,1,3.5
494913291,21,51,5121,104369545,8522,2012-04-05,9,OZ,8,20
494913291,21,33,3303,102840020,10241,2012-10-12,10.5,OZ,2,4.28
494916109,21,79,7901,107224676,20014,2012-03-18,1,CT,1,1.79
494916109,21,97,9753,1020991020,0,2012-04-23,1,CT,1,2.7
494916109,21,75,7520,104834141,73689,2013-03-03,200,CT,1,2.5
494916565,21,9,907,104119040,16347,2012-10-20,12,OZ,1,1.39
494916565,21,8,801,101300010,8164,2012-12-22,38,OZ,1,2.79
494919604,21,54,5401,103800030,5618,2013-02-14,10.7,OZ,2,3.38
494920318,21,49,4901,107271474,11375,2012-05-05,20,OZ,1,3
494920318,21,9,902,104400040,8463,2012-11-14,12.2,OZ,1,3.99
494920318,21,72,7208,103500030,3830,2013-03-08,1,CT,1,1.24
494921404,21,26,2619,104119040,16347,2012-12-13,30,CT,2,4.98
494923098,21,5,501,101600010,3331,2012-03-31,18,OZ,1,4.19
494925755,21,26,2628,103700030,2248,2013-03-03,15,RL,2,34.78
494926246,21,9,922,102560020,18051,2013-03-11,8,OZ,1,2.79
494927267,21,25,2506,104410040,8481,2012-09-01,32,OZ,4,10
494927267,21,45,4511,107346171,1376,2013-01-18,11,OZ,1,2.99
494927267,21,34,3403,103500030,8919,2013-03-04,30,OZ,1,4.99
494927458,21,36,3611,1064252464,12670,2012-03-13,405.6,OZ,1,2.99
494927458,21,8,818,103620030,14868,2013-01-25,24,OZ,1,2.09
494927852,21,51,5134,104670444,18213,2012-12-31,32,OZ,1,7.5
494932456,21,58,5827,107080070,16704,2012-08-21,16,OZ,2,5.98
494932456,21,63,6305,101630010,6509,2012-08-29,59,OZ,1,2.99
494932456,21,55,5552,102073525,18893,2012-09-19,48,OZ,2,6.58
494932456,21,37,3708,104100040,10522,2012-10-04,4.5,OZ,1,1.39
494932456,21,63,6305,104850040,18799,2013-02-13,59,OZ,1,2.99
494932456,21,63,6399,101233414,60193,2013-03-09,32,OZ,1,2.29
494932861,21,9,907,107246575,33343,2012-09-23,18,OZ,1,3.49
494933101,21,26,2628,104119040,16347,2012-03-27,3,RL,1,2.99
494933101,21,21,2113,108259282,12297,2012-09-10,11.2,OZ,1,1.99
494933101,21,21,2106,105100050,27873,2012-10-09,64,OZ,2,3.98
494933237,21,9,908,107203070,5812,2012-04-23,8.25,OZ,1,4.49
494933237,21,9,907,104119040,16347,2012-05-06,20,OZ,1,1.27
494933237,21,37,3711,104119040,16347,2012-10-14,8,OZ,4,9.96
494933237,21,49,4901,101312010,26885,2012-12-15,4.75,OZ,4,4
494934575,21,9,907,104500040,20016,2012-08-26,12,OZ,1,1.69
494935225,16,33,3310,107260070,8245,2012-07-28,2.25,OZ,1,0.99
494935225,16,56,5620,1075480777,610,2012-12-10,32,OZ,1,9.99
494935234,21,56,5610,107571777,15284,2012-12-31,8,OZ,1,5.99
494935677,21,36,3611,107572070,14196,2012-09-19,405.6,OZ,3,15.87
494936572,21,37,3703,105100050,2820,2012-11-17,10.75,OZ,1,1.67
494936572,21,55,5556,102073525,18893,2012-12-15,48,OZ,1,3.19
494936886,21,25,2509,109396696,13264,2012-09-24,16,OZ,1,2.19
494938507,21,63,6305,104850040,18799,2013-01-30,59,OZ,1,2.99
494939412,21,21,2105,105200050,7054,2013-04-21,72,OZ,1,4.69
494941218,21,70,7002,104119040,16347,2012-06-18,1,CT,1,3.59
494941218,21,33,3310,1072822979,18169,2012-12-13,6,OZ,1,4.19
494941218,21,37,3705,104119646,14582,2013-02-16,19,OZ,4,7
494941218,21,26,2622,104119040,16347,2013-02-16,200,CT,1,3.99
494941631,21,30,3010,102066222,12598,2012-04-10,16,OZ,1,3.79
494941631,21,38,3802,104920040,5098,2012-11-07,1,LB,2,2.38
494944602,21,36,3611,107572070,14196,2012-06-18,405.6,OZ,1,4.59
494945003,21,63,6399,103150636,4946,2012-12-28,32,OZ,2,3.38
494945318,21,31,3101,107079676,3198,2012-04-06,0.5,OZ,1,1.99
494945318,21,63,6320,107954878,10165,2012-05-04,12,CT,2,5
494945318,21,34,3410,1073983575,23557,2012-10-21,14,OZ,1,0.88
494945318,21,4,419,1074759979,7168,2013-01-23,3.5,OZ,1,2.49
494946090,21,72,7208,103500030,3830,2012-07-27,4,CT,1,2.79
494946090,21,58,5824,102836424,14418,2012-09-30,16,OZ,1,3.99
494946090,21,60,6011,101800010,14029,2012-12-24,16.3,OZ,3,7.77
494946187,21,97,9753,1020020828,0,2013-02-04,1,CT,2,21.39
494947729,21,78,7801,107001171,12696,2013-03-21,1,CT,2,7.98
494947999,21,0,0,10000,0,2012-05-21,0,,2,10.16
494948035,21,51,5126,102113121,11151,2012-05-03,14,OZ,4,10.76
494948035,21,97,9753,1020050121,0,2012-08-03,1,CT,2,6.66
494948035,21,62,6201,1063000363,25246,2012-08-10,48,OZ,1,4.99
494948035,21,45,4515,107350474,14762,2012-09-15,28,OZ,1,4.99
494948655,21,63,6315,104119040,16347,2012-05-17,128,OZ,1,2.99
494948655,21,9,910,101410010,13791,2013-02-16,7,OZ,1,2
494949383,21,33,3303,107260070,8245,2012-09-29,10,OZ,1,1.99
494949454,21,51,5127,103100030,1358,2012-08-21,6.75,OZ,1,1.15
494953118,21,74,7407,107033070,1783,2012-08-11,3,CT,3,16.47
494953118,21,13,1306,103000030,1058,2012-10-05,5,LB,1,2.79
494953557,21,28,2805,104119040,16347,2012-03-02,6,OZ,1,0.99
494953947,21,23,2301,107130070,15474,2013-02-27,16,OZ,3,4.17
494955670,21,26,2622,104119040,16347,2012-03-27,30,CT,1,1.74
494955670,21,39,3903,105390050,3047,2012-11-15,24,OZ,1,3.19
494955670,21,4,412,104119040,16347,2013-04-19,10,OZ,1,0.99
494956175,21,33,3318,104178040,19154,2012-04-05,16,OZ,1,2.5
494956175,21,99,9909,107143070,5072,2013-02-21,9,OZ,1,2
494956894,21,7,707,1081693282,11222,2012-08-16,10.3,OZ,1,4.39
494956894,21,9,907,107518575,11221,2012-10-27,18,OZ,1,2.49
494957496,21,26,2629,104119040,16347,2012-05-05,250,CT,2,3.08
494957496,21,33,3305,102840020,5141,2012-11-03,11.5,OZ,1,2.14
494957496,21,10,1011,104300040,26232,2013-02-27,12.5,OZ,2,5.38
494957496,21,26,2633,105400050,16048,2013-03-02,12,RL,1,9.39
494958120,21,5,501,103000030,45635,2013-05-07,13,OZ,1,2.39
494958706,21,58,5826,1079124171,21507,2012-06-11,12,OZ,1,3.5
494958706,21,99,9908,1078670575,27139,2012-12-01,80,OZ,1,2.5
494958986,21,99,9908,1075166676,52506,2012-03-22,10.5,OZ,1,2.5
494958986,21,15,1504,1078683171,4704,2012-06-17,18,OZ,1,3.39
494959076,21,20,2035,1079852575,16784,2012-05-06,8,OZ,4,5.96
494959076,21,9,922,102560020,18051,2012-08-02,13.5,OZ,2,5.18
494959076,21,36,3611,107572070,14196,2013-02-10,50.7,OZ,1,1.19
494959933,21,55,5561,1081529484,10491,2012-08-03,36,OZ,1,1.99
494961623,21,9,908,107861979,35880,2012-03-24,13,OZ,1,5.49
494961623,21,99,9908,104119040,16347,2012-05-01,10,OZ,1,2.49
494961623,21,55,5552,102073525,18893,2012-10-21,48,OZ,1,3.29
494961623,21,56,5618,103090030,19704,2012-12-04,12,OZ,1,4.99
494961623,21,32,3202,10400040,13626,2012-12-11,32,OZ,1,-0.5
494964036,16,23,2301,1075480777,610,2012-11-19,16,OZ,6,7.74
494964036,16,29,2928,104100040,9814,2013-04-03,5.7,OZ,6,9
494965238,21,5,516,103000030,14760,2012-09-11,6.7,OZ,1,2.5
494965238,21,26,2622,101370010,8154,2013-01-19,18,CT,1,2.62
494965238,21,63,6320,104119040,16347,2013-02-01,30,CT,1,3.99
494965238,21,63,6315,104119040,16347,2013-02-18,64,OZ,3,10.17
494965238,21,73,7302,104119040,16347,2013-02-21,50,CT,1,1.99
494965238,21,9,903,104139040,9659,2013-03-05,8,OZ,1,2.19
494966206,21,9,917,104335444,25412,2012-08-23,12,OZ,1,1.99
494966825,21,25,2509,104119040,16347,2012-08-21,32,OZ,1,2.49
494968523,16,51,5117,104124040,28808,2012-07-07,22,OZ,2,7.98
494968695,21,56,5607,102100020,13967,2012-06-23,8,OZ,1,2.59
494969404,21,51,5126,102113121,11151,2012-12-07,10,OZ,1,2.99
494969956,21,35,3509,102420020,14716,2012-06-15,50,OZ,1,2.99
494969956,21,38,3801,104119040,16347,2012-11-16,5,LB,1,3.09
494970200,21,4,418,103400030,20231,2012-04-06,19.75,OZ,1,4.99
494970200,21,63,6315,104119040,16347,2012-06-22,128,OZ,1,4.09
494970200,21,45,4512,101120010,19675,2012-07-17,20,OZ,1,3.49
494970200,21,99,9908,103338333,287,2013-03-29,80,OZ,2,5
494970200,21,25,2507,102800020,12545,2013-05-15,32,OZ,1,4.19
494970439,21,9,907,107167373,17480,2012-11-01,20,OZ,1,1.99
494970829,21,27,2709,101780010,19793,2012-10-11,3,OZ,1,1.39
494970829,21,70,7002,105113151,52,2012-12-26,1,CT,1,2.69
494972566,21,9,914,109247494,94794,2012-08-05,16,OZ,1,3.19
494972588,21,26,2634,103600030,4139,2012-09-30,24,RL,1,16.38
494973598,21,63,6320,104119040,16347,2012-05-27,12,CT,1,1.99
494973598,21,26,2630,103600030,9787,2013-01-10,552,CT,1,5.49
494974588,21,57,5710,1089470080,21065,2012-10-16,5.3,OZ,3,3.75
494974759,21,41,4107,107030373,969,2012-03-17,15,OZ,2,3.38
494974759,21,9,902,104400040,12279,2012-06-03,16,OZ,1,2.99
494974759,21,23,2310,107466575,674,2012-09-09,13,OZ,2,5
494974759,21,27,2710,104460040,6743,2013-03-16,14,LB,1,7.99
494975037,21,99,9909,107143070,5072,2012-06-08,9.7,OZ,1,1.67
494975037,21,56,5615,102100020,4218,2012-06-29,8,OZ,2,5
494975157,21,8,809,101300010,8164,2013-03-10,12,OZ,2,3.58
494975157,21,53,5307,104119040,16347,2013-04-08,16,OZ,1,1.99
494975374,21,18,1890,107048575,8154,2012-04-05,3,CT,1,3.69
494975910,21,58,5812,104470040,13310,2013-02-02,16,OZ,1,4.89
494976380,21,96,9609,1052744454,88199,2013-01-13,0,,1,-1
494976385,21,9,920,107641070,10160,2012-08-25,12,OZ,1,2
494979786,21,97,9753,1020000525,0,2012-04-22,1,CT,1,8.74
494979786,21,29,2908,104600040,13023,2013-03-17,16,OZ,1,1.5
494981163,21,9,907,104119040,16347,2012-04-19,20,OZ,2,2.54
494981163,21,37,3703,105100050,2820,2012-12-06,10.75,OZ,2,1.7
494981163,21,57,5707,107047070,20230,2013-01-04,36,OZ,1,4.79
494982546,21,99,9908,103338333,33170,2013-02-25,16,OZ,1,0.99
494985485,21,63,6312,104850040,18799,2012-08-17,59,OZ,1,1.44
494985670,21,5,501,103800030,17050,2013-03-10,12,OZ,1,2.99
494985888,21,81,8115,1083146282,9709,2012-05-20,1,CT,1,3.99
494985888,21,57,5707,107047070,20230,2012-08-01,36,OZ,1,4.79
494985888,21,33,3305,102840020,18584,2012-08-13,10,OZ,1,3
494985888,21,13,1306,104119040,16347,2012-12-22,5,LB,1,1.99
494986343,21,55,5552,102983929,6763,2012-03-06,48,OZ,1,3.09
494986343,21,21,2103,103619232,15852,2012-05-31,32,OZ,2,2.78
494986343,21,26,2633,104119040,16347,2012-05-31,4,RL,1,2.49
494986343,21,92,9208,107410878,3947,2012-06-30,60,CT,1,1.99
494986343,21,36,3630,101200010,13794,2012-08-24,67.6,OZ,1,1.4
494986343,21,5,501,1088491282,13689,2012-11-14,11,OZ,2,5.98
494986575,21,63,6320,104119040,16347,2012-03-25,18,CT,1,2.09
494986575,21,5,518,102430020,10577,2012-10-21,6.7,OZ,1,1.5
494986575,21,7,707,105543757,11482,2013-03-16,11,OZ,1,2.99
494988445,21,9,902,102410020,44209,2013-02-01,11.5,OZ,1,3.49
494988600,21,18,1828,102340020,15181,2012-10-06,7.5,OZ,2,2
494988941,21,11,1102,1072277676,17117,2012-12-23,100,CT,1,2.99
494988969,21,9,907,104119040,16347,2012-06-16,12,OZ,5,5.75
494988969,21,31,3111,104150040,6714,2012-11-18,6,OZ,1,2.99
494989085,21,28,2805,104119040,16347,2012-05-25,6,OZ,2,1.76
494989085,21,3,311,1064420969,5345,2012-11-10,12,OZ,2,2.78
494990930,16,9,903,104138747,60,2013-01-08,8,OZ,1,2.35
494992963,21,72,7203,104119040,16347,2013-01-07,33.8,OZ,1,2.79
494993815,21,63,6305,104850040,18799,2012-10-08,59,OZ,1,2.99
494995776,21,30,3006,104300040,7467,2012-10-06,40,OZ,1,3.99
494999858,21,21,2108,104119040,16347,2012-12-02,64,OZ,1,2.29
495000603,21,26,2628,103700030,2248,2012-03-27,12,RL,1,19.99
495000603,21,19,1910,104164242,16879,2012-04-30,8,OZ,4,21.96
495000603,21,9,918,107351070,17346,2012-05-23,10,OZ,1,3.59
495001302,21,97,9732,102708424,89717,2012-11-23,1,CT,1,14.99
495002435,21,27,2704,107910070,30096,2012-08-03,24,OZ,1,3.99
495003674,21,99,9904,103338333,33170,2012-06-04,16,OZ,1,2.49
495004517,21,26,2635,104119040,16347,2012-04-17,100,CT,1,1.99
495004517,21,21,2105,105200050,7054,2012-07-03,32,OZ,4,4
495004787,21,36,3611,104119040,16347,2012-06-21,405.6,OZ,1,2.99
495004787,21,8,818,107764474,64256,2013-02-09,24,OZ,2,2.5
495005875,21,20,2002,105100050,27873,2012-06-03,46,OZ,2,5.58
495005875,21,51,5121,104369545,8522,2012-09-30,9,OZ,0,0
495006275,21,25,2506,104127141,26189,2013-01-21,16,OZ,4,9.4
495009121,21,69,6901,102220020,17067,2012-08-29,1.4,OZ,1,1.09
495009671,21,33,3304,1089359484,58277,2012-11-30,5,OZ,4,5
495009671,21,5,516,101600010,12426,2013-03-08,8.94,OZ,1,2.99
495010166,21,97,9753,1020050121,0,2013-01-18,1,CT,1,3.91
495011360,21,63,6315,104119040,16347,2012-10-13,128,OZ,1,3.99
495011360,21,33,3302,102700020,57417,2013-02-02,8.7,OZ,1,1.5
495014997,21,63,6321,102540020,1008,2012-07-23,7,OZ,2,4.98
495016085,21,26,2622,104119040,16347,2013-02-06,100,CT,1,1.74
495016444,21,16,1604,102200020,6021,2012-08-13,15,CT,1,1.19
495016444,21,51,5133,107320272,9303,2013-03-18,20,OZ,1,5.99
495016963,21,9,907,104119040,16347,2013-01-16,20,OZ,1,1.27
495017232,21,8,826,102724626,9069,2012-04-04,11.5,OZ,1,2.79
495017380,21,96,9609,10991600090,88199,2012-08-21,0,,1,-1
495017380,21,26,2622,101370010,8154,2012-11-30,35,CT,1,2.69
495017614,21,9,907,107130575,11013,2012-09-01,20,OZ,1,1.99
495017614,21,63,6312,104850040,18799,2012-11-30,59,OZ,1,1.99
495017614,21,18,1802,104613545,17898,2013-04-13,4,CT,1,1.39
495017681,21,96,9609,1052529353,88199,2012-08-05,0,,2,-1.1
495020695,21,21,2119,101200010,10522,2012-03-04,128,OZ,2,6
495020695,21,96,9609,1057830050,88199,2012-11-10,0,,1,-1
495020695,21,99,9904,103338333,33170,2012-12-12,64,OZ,1,3.49
495020820,21,45,4508,102802929,18738,2013-01-04,12,OZ,1,5.99
495021133,21,63,6311,104850040,5072,2012-11-16,59,OZ,1,2.99
495022152,21,33,3303,107260070,8245,2012-10-05,10.5,OZ,1,1.99
495022152,21,9,907,101410010,13791,2013-02-10,24,OZ,1,2.49
495024205,21,29,2925,101740010,47096,2012-10-18,14,OZ,1,2.59
495024205,21,26,2614,1030800434,17323,2013-03-19,18,CT,1,2.89
495024392,21,35,3504,107261373,17576,2012-05-21,20,OZ,1,0.99
495024392,21,7,702,102800020,12543,2012-11-28,7,OZ,1,6.99
495024392,21,32,3204,104179040,1698,2012-12-07,25.5,OZ,1,5.99
495024392,21,41,4107,102000020,7655,2013-04-06,11,OZ,1,1.69
495027109,21,55,5558,107585676,9798,2012-07-07,24,OZ,1,3.49
495027232,21,36,3631,104900040,1414,2012-04-16,67.6,OZ,1,1.79
495027232,21,74,7407,107033070,1783,2012-09-23,10,CT,1,2.99
495027232,21,73,7308,1031254636,7853,2013-02-23,30,CT,2,2.98
495027322,21,9,902,101410010,45039,2013-03-09,8,OZ,1,2.09
495027607,21,23,2301,102682525,7171,2012-05-23,16,OZ,1,2.99
495027607,21,34,3411,107704373,17223,2013-02-18,13.5,OZ,1,2.69
495027749,21,63,6320,104119040,4170,2012-03-24,12,CT,1,2.69
495027749,21,18,1802,104613545,17898,2012-09-12,4,CT,1,1.39
495028512,21,24,2406,103760030,17027,2012-05-05,12,OZ,1,2.79
495031151,16,23,2301,1075480777,610,2012-04-21,12,OZ,1,1.29
495031188,21,9,970,103800030,62065,2012-09-24,14.1,OZ,1,2.69
495031188,21,41,4110,103940030,71386,2012-10-08,16,OZ,1,1.89
495032110,21,58,5837,102265525,2626,2012-03-08,3,OZ,1,3.49
495032110,21,97,9753,1020050121,0,2012-06-02,1,CT,1,5.03
495032398,21,51,5128,101450010,20864,2012-11-07,10,OZ,1,1.59
495032527,21,59,5902,104119040,16347,2013-02-16,8,OZ,1,1.99
495033867,21,26,2634,103700030,3293,2012-05-13,18,RL,1,12.99
495033888,21,5,501,103800030,3787,2012-04-16,16.5,OZ,2,8.38
495033888,21,33,3318,104178040,19154,2013-01-30,14,OZ,1,1.99
495034058,21,97,9753,1020090424,0,2013-02-01,1,CT,2,9.18
495036227,21,99,9909,107143070,5072,2013-01-23,9,OZ,2,4.98
495036227,21,4,419,10980090,6267,2013-03-18,5.3,OZ,1,3.49
495036453,21,9,907,107341070,13291,2012-03-31,11.75,OZ,1,2.49
495036527,21,11,1112,102558323,18482,2012-12-21,56,OZ,2,35.98
495037404,21,29,2907,104600040,13023,2012-04-30,4.6,OZ,1,1.88
495037642,21,39,3903,107245777,19570,2013-03-13,12,OZ,3,11.97
495038066,21,31,3101,107096979,17090,2013-01-23,8,OZ,2,4.98
495039109,21,9,907,101410010,13791,2012-06-17,13,OZ,1,3.49
495040055,21,51,5123,1065123565,7522,2012-09-20,22,OZ,2,6.58
495040338,21,26,2629,104119040,16347,2013-02-01,250,CT,1,1.69
495041814,21,58,5833,1061266969,21865,2012-06-23,16,OZ,1,5.49
495041814,21,58,5833,1061266969,21865,2012-10-14,16,OZ,1,5.99
495042423,21,36,3618,104900040,23359,2012-09-02,240,OZ,2,11.98
495042423,21,50,5001,102113121,11151,2013-01-12,16,OZ,3,11.97
495043342,21,5,502,101600010,17635,2012-07-01,8,OZ,2,5
495043342,21,97,9753,10000,0,2012-10-14,1,CT,1,0.69
495043342,21,34,3403,101700010,4912,2013-03-10,12,OZ,1,2.49
495043342,21,4,421,107046272,16934,2013-03-30,3.1,OZ,1,0.99
495043352,21,5,502,103800030,9543,2012-09-06,8,OZ,1,2.79
495043352,21,4,418,103400030,56324,2012-10-18,11.25,OZ,1,2.5
495043352,21,29,2920,101600010,1756,2012-11-21,6.6,OZ,1,1.99
495043468,16,36,3634,1078616272,7237,2012-08-11,20,OZ,3,5.07
495043788,21,36,3601,104900040,3809,2013-01-08,144,OZ,1,4.3
495044303,21,63,6321,104082242,15667,2012-04-22,10,OZ,1,3.99
495046025,21,6,607,107007474,5810,2012-04-13,48,OZ,1,6.99
495046342,21,9,902,101410010,45039,2012-03-31,6.6,OZ,2,4.78
495046342,21,23,2301,1062168363,18417,2013-02-15,16,OZ,1,3.29
495046830,21,57,5710,1089470080,21065,2012-03-23,5.3,OZ,8,8
495046830,21,58,5827,104470040,13310,2012-04-27,48,OZ,1,10.99
495046830,21,35,3504,103500030,13470,2013-01-05,25,OZ,1,2.69
495047208,21,5,501,104119040,16347,2012-10-02,16.4,OZ,1,2.79
495047208,21,32,3202,102700020,19737,2013-03-04,64,OZ,1,4.99
495047550,21,18,1828,102340020,15181,2012-09-14,7.5,OZ,3,3
495047550,21,9,907,104119040,16347,2013-02-01,20,OZ,1,1.27
495047732,21,8,809,101300010,8164,2012-10-07,12,OZ,1,0.99
495048816,21,56,5607,102100020,13967,2012-03-27,8,OZ,1,2.15
495048936,21,5,501,103800030,14900,2012-07-11,13.7,OZ,1,3.25
495050547,21,9,917,104335444,25412,2012-03-30,12,OZ,1,1.79
495050547,21,26,2620,104116545,16879,2012-07-01,24,CT,1,2.99
495050645,21,9,922,102430020,10577,2012-11-25,13,OZ,1,1.79
495050645,21,55,5552,104154848,5603,2013-01-12,48,OZ,2,8.98
495051872,21,63,6316,104119040,16347,2012-12-20,16,OZ,1,1.69
495051872,21,51,5127,103100030,1358,2013-02-25,8,OZ,2,2
495052004,21,63,6312,102073525,18893,2012-06-23,64,OZ,5,6.1
495052004,21,36,3611,1064252464,12670,2013-02-13,405.6,OZ,1,3.5
495052335,21,41,4107,104119040,16347,2013-01-11,14.5,OZ,2,1.38
495052725,21,56,5607,102100020,2321,2012-12-15,8,OZ,1,2.79
495053184,21,56,5604,107144878,469,2012-08-10,4,OZ,1,2.99
495053333,21,30,3006,104300040,7467,2012-06-07,40,OZ,1,3.99
495053333,21,63,6330,104119040,16347,2012-08-23,16,OZ,1,2.49
495054139,21,56,5617,105300050,2199,2012-05-11,12,OZ,2,3.98
495054139,21,31,3101,105210050,11382,2012-08-10,3.62,OZ,1,1
495054139,21,8,801,102700020,8612,2012-11-28,20,OZ,1,1.59
495054139,21,14,1415,107458474,10383,2013-04-16,15,OZ,2,2
495055028,21,36,3628,101200010,12029,2013-06-07,144,OZ,1,4.33
495055717,21,29,2925,104119040,16347,2012-06-08,32,OZ,1,1.39
495055717,21,10,1013,104119040,16347,2012-12-29,16,OZ,1,1.99
495056650,21,51,5115,107192171,18492,2012-11-25,21.6,OZ,2,5.38
495056650,21,41,4108,104119040,16347,2013-01-24,15,OZ,1,0.75
495057432,21,51,5115,107218070,18520,2012-05-02,7.04,OZ,1,1
495057494,21,54,5401,103800030,5618,2012-03-16,12.3,OZ,2,5.3
495057620,21,36,3618,104900040,23359,2013-01-01,20,OZ,1,1.79
495057640,21,8,811,102066222,12598,2012-11-27,24,OZ,1,2.79
495058099,21,5,501,101600010,85114,2013-02-21,16.2,OZ,1,4.29
495058711,21,19,1908,104800141,16564,2012-05-16,28,OZ,1,4.49
495058711,21,24,2403,108660080,2559,2012-09-20,5,OZ,4,6.36
495059008,21,99,9909,107143070,5072,2012-08-24,9,OZ,1,2
495059008,21,18,1802,104613545,17898,2013-04-15,1,CT,4,9.96
495059328,21,53,5307,104119040,16347,2013-01-31,12,OZ,4,5
495060077,21,65,6503,102770020,12137,2012-12-21,16,OZ,1,2.99
495060432,21,41,4107,104430040,1062,2012-07-21,16,OZ,1,1.49
495060552,21,9,921,101123313,17933,2012-10-05,4,OZ,2,1.33
495060552,21,36,3618,101200010,23361,2012-10-05,67.6,OZ,3,3.75
495060552,21,73,7304,104119040,16347,2012-11-10,36,CT,1,2.99
495060870,21,9,907,104119040,16347,2013-01-18,12,OZ,1,1.39
495060951,21,8,807,101340919,17823,2012-08-06,28,OZ,1,2.49
495060951,21,97,9753,1020991020,0,2013-01-02,1,CT,2,9.68
495061386,21,33,3309,102840020,18584,2012-03-20,18,OZ,1,4.09
495061386,21,5,516,101600010,12426,2012-09-14,14.8,OZ,1,5.99
495061386,21,18,1828,103700030,6236,2013-03-03,0.18,OZ,2,6.58
495061386,21,58,5828,103390030,9286,2013-05-03,7,OZ,1,2.29
495061431,21,36,3601,101200010,13794,2012-08-20,240,OZ,1,5.99
495061431,21,8,835,104430040,9977,2012-11-29,14,OZ,1,2.79
495061431,21,16,1604,102200020,6021,2013-01-07,45,CT,2,5
495061535,21,29,2928,105480050,19039,2012-08-04,6,OZ,1,1.19
495061570,21,99,9909,107127979,6732,2012-05-08,6,OZ,1,2.49
495061570,21,21,2105,105200050,7054,2012-09-16,32,OZ,2,2
495061834,21,36,3601,104900040,3809,2012-05-13,144,OZ,1,4.61
495062261,21,4,427,10980090,18366,2012-04-12,1,OZ,1,1.08
495062261,21,26,2629,104119040,16347,2012-06-07,250,CT,1,1.69
495062261,21,56,5617,104119040,16347,2013-03-14,12,OZ,1,1.99
495062714,21,57,5710,105215959,41981,2012-05-14,5.3,OZ,10,10
495062714,21,56,5609,107148171,6765,2012-12-10,16,OZ,1,3.19
495063162,21,26,2622,104119040,16347,2012-08-09,25,CT,2,3.34
495063405,21,9,906,101020010,19622,2013-01-28,20,OZ,1,2.49
495064453,21,41,4107,104119040,16347,2012-11-01,14.5,OZ,2,1.5
495065999,21,9,907,101410010,13791,2012-12-30,24,OZ,1,2.57
495066777,21,9,911,104400040,3912,2012-05-17,2.63,OZ,1,2.99
495066777,21,51,5125,101380010,10271,2012-05-17,10,OZ,3,11.48
495066777,21,33,3325,102840020,21452,2013-01-27,20,OZ,1,7.49
495066777,21,51,5115,101960010,3174,2013-01-27,5.22,OZ,2,1.98
495067595,21,99,9909,107143070,5072,2012-03-07,6,OZ,1,2
495067595,21,56,5613,103114232,25202,2012-12-28,32,OZ,1,9.99
495067595,21,56,5610,1063000363,25246,2013-05-17,8,OZ,1,5.99
495067727,21,56,5613,103114232,25202,2012-12-23,16,OZ,1,4.99
495067727,21,26,2633,104303242,11116,2013-06-05,20,RL,1,13.36
495068673,21,10,1006,104119040,16347,2012-05-11,16,OZ,1,2.49
495069059,21,99,9908,103338333,33170,2013-01-31,16,OZ,1,1.5
495069073,21,73,7361,107295979,12492,2012-03-21,40,CT,1,5.99
495069073,21,99,9909,107127979,6732,2013-01-07,12,OZ,1,2.5
495069155,21,56,5620,104610040,15889,2012-08-01,8,OZ,1,1.99
495069155,21,97,9753,10000,0,2012-08-23,1,CT,1,0.67
495069155,21,51,5125,101380010,10271,2012-10-24,9.25,OZ,2,5.2
495069155,21,63,6305,101630010,6509,2012-12-13,59,OZ,1,3
495070175,21,25,2506,104127141,26189,2012-03-25,32,OZ,1,3
495070175,21,9,913,104812141,18322,2012-05-07,12,OZ,1,3.99
495071651,21,35,3509,103320030,875,2012-04-26,150,OZ,2,13.98
495071651,21,58,5827,103760030,8501,2012-06-14,16,OZ,1,2.99
495072172,21,8,838,104174040,7430,2013-04-06,6,OZ,1,2.49
495072646,21,43,4302,107027272,15085,2013-04-16,13,OZ,1,3.99
495073051,21,33,3305,102840020,5141,2012-03-18,11.5,OZ,1,3.49
495073051,21,26,2629,104200040,19231,2012-06-03,200,CT,1,4.39
495073051,21,45,4511,107274575,13804,2012-09-30,26,OZ,1,9.99
495073393,21,56,5613,107403070,16922,2012-06-30,16,OZ,1,3.99
495073451,21,41,4107,104119040,16347,2012-11-18,14.5,OZ,2,1.5
495073761,21,28,2805,104119040,16347,2012-10-26,10,OZ,1,1.69
495073914,21,8,805,106927666,13619,2012-12-22,10,OZ,2,8.58
495074639,21,56,5607,104119040,16347,2012-09-07,8,OZ,1,1.49
495075179,21,75,7520,104119040,16347,2012-10-12,100,CT,1,1.49
495075179,21,51,5121,105150050,16728,2012-10-12,20,OZ,1,6.99
495075179,21,21,2106,103120030,12957,2012-11-20,64,OZ,2,4
495075179,21,27,2702,102310020,13705,2013-03-24,3.5,LB,1,4.99
495077082,21,9,907,107167373,17480,2013-02-02,13,OZ,1,1.99
495077154,21,63,6316,104119040,16347,2013-03-23,8,OZ,1,0.99
495077700,21,59,5902,103450030,10165,2012-03-25,16,OZ,2,7.28
495079338,21,35,3509,102420020,14716,2012-05-25,50,OZ,2,5.98
495079338,21,9,908,107203070,5812,2012-06-25,16,OZ,1,2.14
495079849,21,51,5130,101380010,27474,2013-04-03,12.5,OZ,2,6.18
495082248,21,27,2705,105000050,6775,2012-09-30,5.5,OZ,1,0.55
495083110,21,58,5824,102265525,2626,2012-08-26,14,OZ,2,5.98
495083812,21,31,3107,102150020,230,2012-03-03,3.5,OZ,1,3.99
495083812,21,14,1411,104119040,6164,2012-03-31,20,OZ,2,2.78
495083812,21,71,7113,102240020,25033,2013-04-11,15,OZ,2,1.76
495084511,16,9,903,102100020,85727,2013-02-04,6,OZ,2,5.98
495085467,21,92,9202,104119040,16347,2013-03-09,1,CT,1,1.49
495085472,21,59,5902,102100020,2321,2012-04-15,8,OZ,1,1.99
495085472,21,32,3204,107833676,2949,2012-10-28,25.5,OZ,1,5.99
495085472,21,18,1898,104177848,9823,2013-03-26,1,CT,1,0.59
