452621771,165,53,5307,102000020,7655,2012-11-13,11.8,OZ,2,6.38
452621975,241,9,902,103680030,6561,2012-10-14,9.5,OZ,1,3.29
452623615,165,63,6320,107954878,10165,2012-04-24,12,CT,1,3.99
452623615,165,9,907,1078142171,21825,2012-09-03,16,OZ,1,3.49
452623615,165,14,1410,103900030,10383,2012-11-09,15,OZ,3,5
452624315,165,55,5558,107064070,2014,2012-12-07,27.6,OZ,1,5.49
452624315,165,5,501,101600010,85114,2013-02-17,20.25,OZ,1,3
452624315,165,9,902,102410020,44209,2013-02-25,15,OZ,2,8
452624315,165,63,6328,102016929,16492,2013-04-05,20,OZ,1,1.85
452627896,165,9,907,101410010,13791,2013-03-09,24,OZ,1,3
452631362,70,41,4110,103940030,71386,2012-04-01,22,OZ,1,1.67
452631362,70,22,2210,107261373,16794,2013-01-24,64,OZ,1,2.99
452631639,165,99,9901,1076857373,53578,2013-01-06,0.75,OZ,1,2.19
452631874,241,26,2634,103600030,4139,2012-12-09,9,RL,1,6.88
452631874,241,64,6410,107031070,16095,2013-01-02,44.8,OZ,1,3.99
452633201,165,32,3203,102250626,17063,2012-11-18,6,OZ,1,6.29
452633201,165,97,9753,1076163575,0,2012-12-05,1,CT,1,1.99
452633967,241,9,970,103800030,62065,2012-10-30,22,OZ,4,13.96
452633967,241,9,907,1072931373,182,2013-02-22,12,OZ,2,3.18
452633967,241,33,3308,102840020,3336,2013-02-22,9.75,OZ,3,10.47
452634081,165,99,9904,107464171,4170,2012-10-03,7,OZ,3,7.5
452635182,165,58,5824,107778272,9260,2012-10-23,19,OZ,1,2.99
452635182,165,9,902,104400040,19783,2012-11-16,9.1,OZ,1,0
452637286,165,97,9781,10000,8255,2012-10-02,1,CT,1,-1.05
452637286,165,21,2105,105200050,7054,2012-11-26,64,OZ,1,2.39
452637286,165,97,9781,10000,8255,2013-04-26,1,CT,1,-1.05
452637618,165,9,922,102430020,10577,2012-07-20,16.2,OZ,1,1.79
452640274,241,31,3108,102150020,10238,2012-11-08,8,OZ,1,2.89
452640274,241,5,501,101600010,3331,2012-12-16,12.25,OZ,1,3.88
452640274,241,33,3305,102840020,5141,2013-01-24,2.13,OZ,1,1.09
452640274,241,37,3711,105100050,2820,2013-02-05,15.4,OZ,2,4.18
452640274,241,33,3318,103720030,24109,2013-02-21,16,OZ,1,2.5
452641010,165,26,2614,103700030,514,2012-11-07,32,CT,1,5.97
452641010,165,59,5902,107203676,7953,2013-04-20,16,OZ,1,2.87
452643611,165,9,901,107203676,7953,2012-08-10,13.72,OZ,1,-0.36
452643611,165,97,9781,10000,8255,2012-09-04,1,CT,1,-1.05
452643611,165,63,6315,107203676,7953,2013-01-23,128,OZ,1,3.99
452644459,165,31,3101,105210050,11382,2013-01-29,1.5,OZ,1,4.29
452646122,165,63,6325,107111777,15194,2012-05-31,20,OZ,2,5.45
452646122,165,58,5824,107778272,9260,2012-07-08,12,OZ,2,6
452646122,165,57,5710,107047070,20230,2013-02-10,5.3,OZ,2,2.67
452646290,165,20,2002,105100050,27873,2012-05-21,36,OZ,1,3.89
452646755,241,97,9753,1023215828,0,2012-04-26,1,CT,1,2.49
452646755,241,36,3635,101657111,17037,2012-07-21,17,OZ,8,8
452646755,241,51,5129,101450010,20864,2012-11-28,11,OZ,2,4
452646755,241,28,2804,103680030,6561,2013-02-07,4,OZ,1,1.39
452647315,165,9,902,104950848,16730,2012-12-30,7.2,OZ,2,6.98
452647315,165,69,6901,104740040,7196,2013-01-31,4,OZ,1,5.29
452647416,165,31,3101,105210050,11382,2012-09-12,0.85,OZ,1,3.25
452648300,165,56,5615,102100020,9886,2012-03-02,7,OZ,1,0
452649011,165,8,803,105440050,7686,2012-11-22,8,OZ,1,3.19
452649011,165,37,3707,105100050,17812,2013-02-23,32,OZ,1,1.5
452649879,165,62,6201,107495272,15638,2012-03-02,12,OZ,1,2.99
452652049,165,97,9753,10555,0,2012-03-08,5.25,OZ,6,0
452652049,165,9,922,102430020,10577,2012-05-23,25.2,OZ,1,3.5
452652568,165,45,4509,107203676,7953,2012-12-14,12,OZ,1,7.99
452652568,165,57,5704,107047070,20230,2013-02-05,6,OZ,1,1
452652953,165,97,9781,10000,8255,2012-04-03,1,CT,1,-1.05
452652953,165,44,4402,102770020,12137,2012-04-12,37,OZ,1,4.99
452652953,165,72,7209,103700030,26880,2012-05-03,43.7,YD,1,2.49
452652953,165,9,901,103010030,3454,2013-03-20,14.8,OZ,1,2.5
452653923,241,56,5616,104610040,15889,2012-05-23,8,OZ,1,4.29
452653923,241,99,9904,1081204989,27736,2012-06-02,1,CT,1,3.49
452653923,241,99,9904,103338333,33170,2012-09-23,64,OZ,1,4.49
452654202,165,63,6309,104850040,18799,2013-02-28,48,OZ,1,4.29
452654237,165,99,9904,1076101070,11786,2012-06-27,1,CT,1,1.27
452654237,165,5,501,107203676,7953,2012-07-29,12.8,OZ,2,3.94
452655550,165,38,3801,107203676,7953,2012-06-17,2,LB,1,1.89
452655550,165,36,3611,108265787,4687,2013-01-01,64,OZ,2,5
452655685,165,71,7114,102240020,18715,2013-01-31,11,OZ,1,3
452655685,165,63,6316,107203676,7953,2013-05-03,16,OZ,1,1.57
452656936,165,29,2927,107225171,12502,2012-04-14,5.9,OZ,1,1.67
452657393,165,33,3301,102840020,16680,2013-04-30,9,OZ,1,3.99
452657746,165,96,9609,1050930050,88199,2012-12-16,0,,2,-1
452659229,165,9,901,107203676,7953,2012-05-18,12,OZ,1,2.49
452659229,165,97,9781,10000,8255,2012-10-19,1,CT,1,-2.1
452659383,165,28,2806,107203676,7953,2013-03-05,24,OZ,1,1.67
452661135,165,53,5307,107203676,7953,2012-11-15,32,OZ,1,2.65
452661135,165,65,6502,101800010,14029,2013-03-28,14.1,OZ,1,3.29
452662638,165,72,7205,1031015838,16196,2012-06-25,4,OZ,1,4.77
452662638,165,36,3611,108265787,4687,2013-02-06,101.4,OZ,1,1
452665064,165,26,2628,103700030,2248,2013-01-20,8,RL,1,9.79
452665495,241,63,6320,1072931373,182,2012-07-01,12,CT,1,1.6
452665780,165,97,9781,10000,8255,2012-07-19,1,CT,1,-2.1
452666891,165,22,2214,103320030,875,2012-07-21,55,OZ,2,6.98
452666891,165,56,5620,107203676,7953,2013-04-09,8,OZ,2,4
452667800,165,26,2628,103700030,2248,2012-07-07,8,RL,1,9.99
452667800,165,36,3601,101200010,13794,2012-09-02,144,OZ,1,4.99
452667944,165,58,5823,104470040,13310,2012-12-22,9,OZ,1,3.34
452667944,165,99,9909,107203676,7953,2013-01-06,16,OZ,1,1.49
452668910,165,9,907,1078142171,21825,2012-06-15,16,OZ,1,3.49
452668910,165,15,1506,109418494,18794,2012-09-30,7,OZ,1,3.99
452668910,165,56,5604,106143464,25093,2012-10-07,14,OZ,1,12.99
452668910,165,41,4105,107203676,7953,2013-01-10,10,OZ,1,4.99
452668910,165,31,3101,105210050,11382,2013-02-02,3.18,OZ,1,3.49
452668910,165,54,5402,1074300272,43084,2013-03-19,12.7,OZ,1,4.29
452668910,165,9,901,104400040,12600,2013-04-21,24,OZ,1,4.99
452668910,165,47,4705,104175545,10177,2013-04-29,11.5,OZ,1,2
452671102,165,56,5616,107203676,7953,2012-03-16,6.67,OZ,1,2.65
452671102,165,33,3318,107797575,27417,2013-03-21,8,OZ,1,3
452671102,165,7,709,109955595,25747,2013-05-05,3.9,OZ,1,5.99
452671847,165,36,3604,107800070,2829,2012-04-02,67.6,OZ,1,1.49
452671892,165,63,6313,107020070,11244,2012-06-09,15.5,OZ,3,11.97
452671892,165,3,308,104010040,6455,2012-11-14,0.75,OZ,1,1.49
452671892,165,33,3305,102840020,18584,2013-01-31,10,OZ,2,3.99
452672780,165,41,4105,106414464,70939,2012-09-22,28,OZ,1,2.99
452673897,165,96,9609,1053800050,88199,2012-10-27,0,,1,-1
452673897,165,97,9781,10000,8255,2013-01-29,1,CT,1,-1.05
452674014,165,63,6315,103377636,16650,2012-06-27,64,OZ,1,3.99
452674014,165,51,5115,103120535,8422,2012-08-13,7.5,OZ,2,6.67
452674021,165,96,9609,1055215959,88199,2013-03-02,0,,1,-1
452674730,165,4,405,107203676,7953,2012-11-02,10,OZ,1,0.97
452675271,165,26,2628,103040030,17034,2012-11-03,2,RL,1,3.49
452675271,165,96,9609,1054610050,88199,2013-02-02,0,,2,-1.1
452675271,165,9,901,107203070,5812,2013-02-28,12,OZ,1,1.84
452679135,165,19,1908,104800141,16564,2012-03-29,28,OZ,1,5.59
452679135,165,9,902,104400040,19783,2012-03-29,10,OZ,1,3.49
452679135,165,9,907,107203676,7953,2012-09-12,20,OZ,1,1.27
452679135,165,9,907,107203676,7953,2012-12-27,20,OZ,1,0.99
452680463,165,29,2907,103900030,13296,2013-03-05,5.8,OZ,1,1.67
452681480,165,97,9781,10000,8255,2012-09-08,1,CT,1,-2.11
452683686,165,57,5705,107203676,7953,2012-07-28,6,OZ,2,0.8
452683686,165,8,817,102700020,8612,2012-12-02,24,OZ,1,1.39
452684267,165,73,7356,107203676,7953,2012-04-13,150,CT,1,8
452684267,165,9,904,107203676,7953,2012-11-17,4.4,OZ,1,1.89
452684267,165,72,7209,1030004131,26880,2013-01-12,55,YD,1,3.59
452684267,165,97,9753,1020335828,0,2013-02-09,1,CT,1,14.91
452684955,165,9,903,102100020,85727,2012-03-03,6,OZ,1,2.99
452686877,165,97,9781,10000,8255,2012-03-11,1,CT,2,-2.1
452686891,165,97,9753,10555,0,2013-01-17,2.5,OZ,1,0
452686891,165,26,2622,102570020,20361,2013-01-24,40,CT,1,5.39
452686891,165,57,5705,107047070,20230,2013-01-24,6,OZ,1,0.7
452689494,165,8,811,103620030,1698,2013-04-18,24,OZ,1,2.99
452690090,165,99,9908,103338333,33170,2012-11-08,48,OZ,1,1.97
452690090,165,9,922,102430020,10577,2012-11-20,13,OZ,1,1.79
452691844,165,41,4105,102700020,8612,2012-04-21,14.5,OZ,1,1.45
452692104,165,97,9781,10000,8255,2012-05-24,1,CT,1,-1.05
452692406,165,33,3303,102068525,2892,2012-09-02,8,OZ,1,2.5
452692406,165,35,3504,103700030,4628,2012-10-21,9,OZ,1,1.39
452694224,165,58,5812,107495676,8144,2012-07-06,12,OZ,1,2.99
452694224,165,71,7107,107124979,21913,2012-08-25,1,CT,2,15.98
452694995,241,27,2707,107910070,85,2012-06-04,3.15,LB,1,4.59
452694995,241,63,6328,107590070,2073,2012-06-24,24,OZ,1,3.99
452694995,241,18,1813,101122515,5093,2012-09-29,1,RL,1,2.78
452694995,241,63,6315,102931323,182,2013-04-14,128,OZ,1,2.99
452697255,165,97,9781,10000,8255,2013-01-27,1,CT,1,-1.05
452698071,165,99,9908,103338333,33170,2012-06-05,48,OZ,1,1.97
452700737,70,41,4121,107294070,18909,2013-02-27,29,OZ,1,0.99
452701132,165,58,5827,1078533171,7796,2013-03-21,12,OZ,1,3
452701495,165,45,4511,107274575,13804,2012-06-06,26,OZ,1,7.49
452701660,165,37,3707,1061144363,9742,2012-03-13,32,OZ,1,3.79
452701660,165,28,2806,107057373,77062,2012-04-01,16,OZ,1,4.45
452701660,165,8,838,107203676,7953,2012-04-27,5,OZ,1,1.69
452702967,165,5,504,1072225272,3695,2012-11-27,1.59,OZ,6,8.34
452702967,165,8,816,1064767161,6994,2013-02-20,16,OZ,1,3.99
452703756,165,27,2706,105000050,6132,2012-10-13,3,OZ,4,3
452703876,165,4,411,102200020,10421,2013-03-07,7,OZ,1,2.39
452703876,165,56,5617,107203676,7953,2013-06-03,12,OZ,1,1.67
452704142,165,25,2508,102529323,16410,2012-05-10,64,OZ,3,10.07
452704142,165,55,5567,107585676,9798,2012-05-24,27,OZ,1,2.99
452704142,165,25,2508,102529323,16410,2012-11-13,64,OZ,1,3.29
452704820,165,96,9609,1057570656,88199,2013-02-24,0,,2,-2
452704820,165,35,3506,105170050,6335,2013-02-24,22.7,OZ,1,7.99
452705753,165,9,902,104400040,12279,2012-05-25,16,OZ,1,2.89
452705753,165,97,9781,10000,8255,2012-05-28,1,CT,1,-1.05
452705753,165,99,9904,103338333,33170,2013-01-21,32,OZ,1,3.99
452706831,165,99,9908,107895171,13673,2012-09-24,16,OZ,1,4.99
452706831,165,31,3101,105210050,11382,2012-10-11,3.62,OZ,1,3.15
452707068,241,56,5610,103680030,6561,2012-11-19,8,OZ,1,3.49
452707144,165,45,4508,104440040,7504,2012-07-07,10.5,OZ,1,4.37
452707144,165,63,6319,108390080,7368,2012-09-03,59,OZ,2,4
452707749,165,36,3618,107203676,7953,2012-04-30,144,OZ,3,7.11
452707749,165,99,9908,107203676,7953,2012-08-04,32,OZ,2,2.34
452707749,165,36,3618,107203676,7953,2012-09-22,144,OZ,2,4.74
452708161,165,56,5620,102100020,9886,2012-03-30,7,OZ,2,3.65
452708161,165,5,501,107203676,7953,2012-05-04,17.3,OZ,1,2.27
452708161,165,58,5823,104470040,13310,2012-09-06,9,OZ,2,6.67
452708161,165,5,501,103800030,14900,2013-04-03,18.2,OZ,1,3.19
452708862,165,2,213,104144949,9916,2013-04-05,17.5,OZ,1,2.99
452711951,241,31,3110,105210050,11382,2013-02-10,4.1,OZ,1,2.69
452711987,165,56,5607,107203676,7953,2012-11-20,8,OZ,1,1
452712292,165,10,1008,104300040,9817,2012-10-12,1,OZ,1,1.79
452712292,165,9,907,1078142171,21825,2013-02-18,11.25,OZ,1,2.69
452713296,165,63,6315,103377636,16650,2012-08-12,64,OZ,1,3.99
452713296,165,63,6312,102500020,11749,2012-10-29,59,OZ,2,1.94
452714673,165,26,2610,107675373,7452,2012-06-21,50,CT,1,0.99
452715132,165,20,2002,107203676,7953,2012-03-09,46,OZ,1,1.37
452718444,165,23,2301,1076738777,5261,2012-04-19,13.25,OZ,1,2.99
452718444,165,16,1604,102200020,13228,2012-04-21,14,CT,1,1.29
452718444,165,54,5402,103800030,5618,2012-12-26,12.7,OZ,1,3.49
452718571,165,9,901,107203676,7953,2012-08-12,14,OZ,1,4.49
452718571,165,18,1829,1066509868,3008,2012-10-30,1,CT,2,23.98
452718754,165,97,9753,1020600222,0,2013-04-03,1,CT,1,7.13
452718995,165,27,2704,107910070,30370,2012-09-12,2.7,OZ,1,3.35
452718995,165,36,3618,104900040,23359,2012-09-29,144,OZ,1,3.67
452718995,165,55,5556,107203676,7953,2012-11-30,48,OZ,1,2.5
452720067,165,9,908,107203070,5812,2012-09-08,17,OZ,1,3.24
452720217,165,57,5705,107047070,20230,2013-03-24,6,OZ,1,0.5
452720627,165,63,6399,102301222,27492,2012-09-02,10.75,OZ,1,10.89
452720881,165,33,3303,102840020,10241,2012-12-19,10.5,OZ,3,7.5
452721065,165,97,9753,1020335828,0,2012-07-21,1,CT,2,31.33
452721065,165,97,9799,1071441575,5991,2013-03-30,1,CT,1,1.97
452721173,165,9,902,104950848,16730,2012-07-25,7.2,OZ,2,6.98
452721173,165,97,9781,10000,8255,2013-01-15,1,CT,1,-1.05
452721320,165,56,5616,107203676,7953,2013-01-12,6.67,OZ,1,2.59
452722090,165,41,4108,103940030,71386,2012-10-18,16,OZ,2,2
452722090,165,99,9909,103260131,5489,2012-12-01,7,OZ,1,3.5
452723109,165,97,9781,10000,8255,2012-06-16,1,CT,1,-1.05
452723109,165,9,901,107203676,7953,2013-04-06,12,OZ,1,2.59
452726576,165,96,9609,1051030050,88199,2012-04-21,0,,2,-3
452726576,165,9,920,107641070,10160,2012-04-21,10,OZ,1,2.5
452726576,165,9,907,107203676,7953,2012-05-30,11,OZ,2,2.54
452726576,165,97,9781,10000,8255,2012-07-13,1,CT,2,-7.16
452726576,165,97,9781,10000,8255,2013-04-10,1,CT,1,-1.05
452729560,165,3,310,102900020,14112,2012-03-02,2,OZ,1,4.29
452729560,165,56,5611,109492292,62316,2012-06-26,7,OZ,1,5.99
452729560,165,45,4511,107527878,6625,2012-07-13,24,OZ,1,6.99
452729560,165,29,2907,107373171,11786,2012-08-10,14.4,OZ,2,2.99
452729560,165,59,5910,103377636,16650,2013-02-06,7.5,OZ,1,2
452729560,165,97,9781,10000,8255,2013-02-12,1,CT,1,-1.05
452730759,165,59,5902,103450030,10165,2012-06-21,15,OZ,1,4.29
452730759,165,63,6332,104850040,61745,2012-10-19,59,OZ,1,3.89
452730759,165,32,3202,107203676,7953,2013-02-15,32,OZ,1,2.99
452732289,165,34,3411,107940070,17521,2012-09-15,12,OZ,6,13.74
452732289,165,36,3636,104300040,4371,2012-11-11,169,OZ,1,2.99
452732289,165,18,1890,107203676,7953,2013-03-31,12,CT,1,1.39
452732289,165,36,3634,1078616272,7237,2013-04-14,20,OZ,2,2
452734246,241,56,5604,107015777,18691,2012-03-24,6,OZ,1,3.49
452734246,241,19,1908,105150050,9189,2012-05-26,17.3,OZ,1,3.99
452734246,241,63,6315,102931323,182,2012-07-01,128,OZ,1,2.99
452734246,241,8,818,103620030,14868,2012-12-01,24,OZ,1,2
452734515,165,55,5556,104154848,5603,2012-12-15,48,OZ,2,5
452734919,165,8,811,103620030,1698,2012-03-05,24,OZ,2,2.99
452734919,165,8,805,101300010,8164,2013-01-28,10,OZ,1,3.49
452736585,165,96,9609,1051030050,88199,2012-06-21,0,,4,-6
452736585,165,55,5552,107203676,7953,2012-08-01,48,OZ,1,5.45
452737347,165,75,7515,104116747,7354,2012-09-15,1,OZ,1,5.39
452737347,165,29,2930,103760030,72948,2012-10-20,10,OZ,2,3.94
452741324,165,5,501,105571252,19696,2012-10-04,14,OZ,1,5.49
452741335,165,45,4516,107708373,15508,2012-11-24,32,OZ,1,6.99
452742775,165,8,821,104139040,9659,2012-03-03,15,OZ,1,3.69
452742775,165,97,9781,10000,8255,2012-06-13,1,CT,1,-1.05
452742775,165,63,6315,107203676,7953,2013-01-24,128,OZ,1,3.99
452742775,165,63,6315,107203676,7953,2013-06-04,32,OZ,1,1
452747175,165,58,5823,104470040,13310,2013-04-10,16,OZ,1,5.99
452747175,165,21,2119,108813080,18653,2013-05-27,128,OZ,1,3.39
452747376,165,44,4404,105100050,13791,2012-10-11,11.25,OZ,1,2.5
452747761,165,35,3506,105170050,6335,2012-03-09,14.1,OZ,2,5.79
452748526,165,37,3707,104119646,14582,2012-03-17,32,OZ,2,4
452749036,65,58,5835,107489373,54118,2012-12-24,16,OZ,4,15.96
452750192,165,97,9781,10000,8255,2012-11-06,1,CT,1,-1.05
452750192,165,56,5610,107203676,7953,2012-12-07,8,OZ,1,2.47
452750192,165,99,9909,107127979,6732,2013-03-15,16,OZ,1,1.99
452751209,165,63,6315,107203676,7953,2012-08-13,128,OZ,2,7.58
452751881,165,18,1890,108019686,11454,2012-10-29,50,CT,1,5.39
452753001,70,9,907,107167373,17480,2012-06-30,15,OZ,1,2.8
452753001,70,81,8101,102720020,13461,2012-08-17,1,CT,1,3.32
452753001,70,29,2920,101600010,1756,2012-12-03,6.6,OZ,1,1.79
452759651,165,73,7304,107203676,7953,2012-05-14,4,OZ,1,4.99
452759728,165,96,9609,1054133353,88199,2013-01-04,0,,2,-4
452760756,165,57,5710,103663232,4568,2013-02-12,5.3,OZ,2,2.5
452765927,165,96,9609,1057012959,88199,2012-08-02,0,,1,-1
452765927,165,51,5125,101380010,10271,2013-04-18,11.5,OZ,1,2.39
452767487,241,63,6305,104850040,18799,2013-03-04,59,OZ,1,4.29
452767840,70,21,2103,103582636,6564,2012-07-07,64,OZ,1,2.49
452767840,70,27,2701,107119070,23292,2012-07-20,8,OZ,4,6.46
452769721,165,9,908,107203676,7953,2012-03-11,16,OZ,1,3.47
452769721,165,56,5609,107203676,7953,2012-06-14,24,OZ,1,2.37
452769721,165,64,6409,108130888,25521,2012-06-21,0.75,LT,2,17.98
452769721,165,51,5126,101380010,27474,2012-07-05,12,OZ,1,2.89
452769721,165,75,7504,107965676,1346,2013-04-04,16,OZ,1,4.99
452770140,165,99,9909,107127979,6732,2012-04-26,12,OZ,1,2.5
452770140,165,58,5824,107778272,9260,2012-06-07,12,OZ,1,4.99
452770140,165,96,9609,1052586656,88199,2012-06-21,0,,2,-2
452770869,241,41,4110,103940030,71386,2012-05-22,28,OZ,3,7.14
452770869,241,99,9908,103338333,33170,2012-11-19,160,OZ,1,4.99
452775058,64,33,3315,104114343,17593,2012-09-03,6,OZ,1,2.79
452777766,165,34,3403,101700010,4912,2012-03-13,12,OZ,1,2.85
452777766,165,25,2504,105000050,3001,2012-04-12,5,OZ,1,0.95
452777766,165,44,4404,1074816272,16521,2012-12-06,15,OZ,1,3.59
452777766,165,72,7211,1081483282,5607,2013-02-07,40,CT,1,3.59
452777766,165,35,3509,107261373,401,2013-04-06,50,OZ,1,3.77
452779690,165,3,310,107203676,7953,2012-05-24,10,OZ,1,7.99
452779690,165,55,5556,107203676,7953,2012-08-16,48,OZ,2,6.67
452779690,165,19,1910,10980090,12851,2013-03-14,13,OZ,1,3
452781018,165,12,1205,107203676,7953,2012-06-09,3,OZ,4,5
452781018,165,57,5704,1079570979,19579,2012-09-03,5.3,OZ,2,3.98
452781018,165,8,826,107550070,18204,2012-09-09,12,OZ,1,1.59
452781018,165,99,9902,102548424,12334,2013-03-31,8,OZ,1,2.39
452781286,241,99,9904,1071575676,5278,2012-04-16,6,OZ,3,11.57
452781286,241,26,2619,103680030,6561,2012-12-02,30,CT,1,2.79
452782548,241,17,1701,107161878,62953,2013-01-08,12,OZ,1,2
452783608,165,71,7114,106574363,16126,2012-04-17,10.6,OZ,1,18.99
452784370,241,36,3604,107800070,16023,2012-04-14,33.8,OZ,1,1
452784370,241,56,5619,102100020,19279,2012-12-23,32,OZ,1,5.99
452787334,165,58,5824,104242141,2071,2012-09-28,16,OZ,1,6.49
452787334,165,82,8201,107203676,7953,2013-01-01,1,CT,1,6.99
452787334,165,64,6408,1089450989,27653,2013-02-10,0.5,LT,1,4.99
452787514,165,12,1206,108000080,17292,2012-08-25,5,OZ,2,3.58
452787514,165,5,501,103800030,17050,2012-10-27,11.4,OZ,1,2.49
452790842,165,71,7113,1030815131,3609,2012-06-07,10.1,OZ,1,3
452790842,165,44,4401,107770070,12137,2012-08-09,32,OZ,1,3.99
452790842,165,37,3703,105100050,2820,2012-11-01,10.75,OZ,4,4.65
452790842,165,56,5607,102100020,13967,2012-11-15,8,OZ,4,5
452799796,165,63,6315,107203676,7953,2012-06-10,128,OZ,1,-1.1
452799796,165,9,907,107341070,13291,2012-12-29,12,OZ,2,3.89
452801391,165,8,818,107203676,7953,2013-05-28,24,OZ,1,1.67
452801391,165,58,5827,107203676,7953,2013-06-23,12,OZ,1,4.27
452802968,165,96,9609,1057124959,88199,2012-11-05,0,,4,-4.5
452802968,165,97,9781,10000,8255,2013-02-19,1,CT,1,-1.05
452803286,165,55,5555,107684070,32094,2012-03-21,16,OZ,1,4.99
452803286,165,26,2630,107203676,7953,2012-07-30,86,CT,2,2
452803286,165,4,416,103400030,20231,2012-11-07,1.4,OZ,1,0.99
452803286,165,63,6320,1071514171,25530,2013-04-10,12,CT,1,3.49
452809251,70,59,5906,104060040,26155,2012-04-15,15,OZ,1,2.85
452809251,70,59,5906,104060040,26155,2012-05-27,15,OZ,1,2.85
452809251,70,56,5620,105300050,2199,2012-06-02,8,OZ,1,2.89
452809251,70,64,6401,108066080,4098,2012-06-20,144,OZ,1,13.99
452809251,70,57,5707,107047070,20230,2012-07-22,12,OZ,1,2
452809998,165,97,9781,10000,8255,2013-02-16,1,CT,1,-1.05
452810445,165,38,3802,104920040,5098,2012-05-25,1,LB,1,0.99
452810445,165,97,9781,10000,8255,2012-06-01,1,CT,1,-1.05
452810644,165,21,2119,1065153868,17830,2013-04-20,64,OZ,2,4.38
452811169,165,63,6321,107203676,7953,2012-03-18,10,OZ,2,5.94
452811169,165,14,1404,101480010,12021,2013-04-13,23.4,OZ,2,3.58
452814099,241,96,9609,1054440050,88199,2013-02-14,0,,1,-0.75
452814257,165,9,907,107203676,7953,2012-06-15,11,OZ,1,1.27
452814257,165,97,9753,10555,0,2012-08-01,11.8,OZ,1,0
452814341,165,63,6314,102100020,2321,2012-06-10,16,OZ,1,1.75
452814341,165,64,6409,104198545,6643,2012-07-06,0.5,LT,2,7.98
452815177,165,96,9609,1057120252,88199,2012-04-16,0,,2,-2
452815177,165,63,6318,101800010,14029,2012-05-03,11,OZ,2,4.98
452815177,165,96,9609,1053500050,88199,2012-06-22,0,,4,-2.5
452815177,165,7,706,101200010,17286,2012-12-13,38,OZ,2,11.98
452815747,165,4,418,103400030,57369,2012-11-23,12,OZ,1,3.29
452815747,165,57,5710,104114848,10384,2013-02-15,6,OZ,1,1
452815819,165,97,9781,10000,8255,2012-04-30,1,CT,2,-2.1
452817612,241,60,6012,101800010,14029,2012-04-07,12.4,OZ,1,2.5
452822381,165,10,1011,104300040,26232,2012-11-05,15.5,OZ,1,2
452822984,165,8,810,104600040,13023,2012-03-08,1,OZ,1,0.79
452822984,165,56,5613,107403070,16922,2012-08-03,32,OZ,4,19.4
452822984,165,70,7002,102318525,6457,2013-01-30,36,CT,2,6.38
452824429,165,58,5814,104470040,10837,2012-08-22,4.4,OZ,2,2
452824429,165,29,2907,104600040,13023,2012-12-02,8.8,OZ,1,3.15
452824471,69,41,4107,1072543979,40679,2012-10-11,15.25,OZ,1,0.72
452827812,165,63,6315,107203676,7953,2013-01-25,64,OZ,1,2.79
452829214,165,27,2705,105000050,6775,2012-04-17,5.5,OZ,15,8.25
452829214,165,31,3101,105210050,11382,2013-02-05,3.5,OZ,1,2.55
452834299,165,51,5117,104280040,18599,2012-03-15,10.7,OZ,1,1.5
452834299,165,62,6202,107203676,7953,2012-07-11,9,OZ,1,3.99
452834299,165,33,3305,102840020,5141,2012-07-12,11.5,OZ,1,2.14
452834299,165,9,901,104400040,13243,2012-07-20,15.25,OZ,1,3.89
452834299,165,56,5614,107403070,16922,2012-09-03,12,OZ,1,4.99
452834299,165,51,5125,101380010,10271,2012-10-28,10.38,OZ,1,2.35
452834299,165,9,901,104400040,3453,2012-11-25,14,OZ,1,3.29
452834299,165,51,5134,104132242,6167,2013-03-28,22,OZ,1,5
452835057,165,53,5305,102000020,7655,2013-02-16,7.5,OZ,1,1.25
452836375,165,9,901,104400040,3453,2012-08-18,13.72,OZ,3,3.79
452837268,241,99,9909,107127979,6732,2012-12-13,6.5,OZ,2,7.78
452838672,165,97,9781,10000,8255,2012-11-21,1,CT,3,-3.15
452839449,165,9,902,102410020,44209,2012-11-06,11.5,OZ,1,2.5
452839449,165,55,5556,107203676,7953,2012-11-19,48,OZ,1,2.5
452839449,165,58,5814,104470040,10837,2013-01-09,10.7,OZ,1,2.99
452839986,165,36,3601,101200010,13794,2012-12-06,144,OZ,1,3.24
452839986,165,35,3506,107203676,7953,2013-03-14,45,OZ,1,2.67
452841162,65,58,5831,101394111,4170,2012-05-08,80,OZ,1,4.95
452841162,65,59,5907,102900020,2012,2012-12-08,16,OZ,1,1.4
452841162,65,96,9609,1054300050,88199,2012-12-22,0,,1,-1
452842670,165,56,5620,107433676,39515,2012-03-08,12,OZ,2,5.74
452842670,165,97,9781,10000,8255,2012-05-10,1,CT,1,-2.1
452842670,165,9,902,101410010,45039,2013-05-31,7.2,OZ,1,2.49
452843464,241,9,901,104400040,3453,2012-10-30,13.72,OZ,1,3.79
452843551,165,70,7002,107203676,7953,2012-04-13,16,OZ,1,0.77
452843551,165,31,3110,107365171,11166,2012-06-16,2.5,OZ,1,1.5
452843551,165,36,3611,104900040,4599,2012-08-03,405.6,OZ,1,3.99
452844643,165,9,902,102840020,17248,2012-09-10,8,OZ,1,2.24
452844643,165,72,7208,103500030,3830,2012-11-17,1,CT,2,7
452845089,165,9,907,107341070,888,2012-08-08,12,OZ,2,3.69
452845170,165,30,3001,102100020,11761,2012-04-22,30,OZ,1,3
452845170,165,60,6012,101800010,14029,2012-10-30,12.4,OZ,1,2.25
452845483,165,8,814,103900030,13296,2012-05-19,16,OZ,1,2
452847746,70,9,902,104400040,44236,2012-11-13,7.5,OZ,1,1.4
452849755,165,9,902,1082951585,27766,2012-05-17,5,OZ,1,3.29
452850390,165,58,5827,107203676,7953,2012-06-29,12,OZ,1,2.97
452850390,165,9,901,107203676,7953,2012-07-31,14,OZ,1,2.97
452850390,165,26,2617,107203676,7953,2013-03-28,1,CT,1,0.97
452850488,165,97,9781,10000,8255,2012-06-07,1,CT,1,-1.05
452850504,165,37,3706,104119646,14582,2012-09-22,18.5,OZ,1,1.1
452852601,165,33,3307,101411313,23033,2012-08-06,8,OZ,1,4.99
452852639,165,63,6305,104850040,18799,2012-05-29,59,OZ,1,3
452852639,165,9,914,107203676,7953,2012-09-27,18,OZ,1,2.79
452852639,165,63,6318,107203676,7953,2012-11-28,16,OZ,5,5
452853441,165,73,7344,1030006737,22351,2012-07-07,28,CT,1,22.69
452856010,241,41,4105,103680030,6561,2013-01-17,14.5,OZ,4,3
452858264,165,9,907,107203676,7953,2012-05-27,11,OZ,4,4.52
452858264,165,97,9799,107569171,16506,2012-11-25,1,CT,1,3.79
452858264,165,99,9908,104743949,33170,2013-01-15,4,OZ,1,3.99
452858264,165,63,6315,107433676,28647,2013-03-06,128,OZ,1,3.27
452861654,165,0,0,10000,0,2012-04-06,0,,1,11.99
452861853,165,33,3305,102840020,18584,2012-07-18,9,OZ,1,3
452861853,165,99,9908,103338333,33170,2012-11-09,16,OZ,1,1.49
452861853,165,56,5620,104610040,15889,2013-01-06,8,OZ,1,2.5
452861853,165,37,3711,105260353,13414,2013-05-10,32,OZ,1,4.49
452862901,165,9,901,1067852363,7326,2012-09-23,4.6,OZ,1,4.49
452864659,165,0,0,10000,0,2012-07-02,0,,1,5.76
452864659,165,30,3010,104133545,43106,2012-09-15,16,OZ,1,3.35
452864659,165,37,3707,107203676,7953,2012-10-01,14.5,OZ,1,0.95
452865181,165,97,9781,10000,8255,2012-11-10,1,CT,1,-1.05
452866621,165,64,6408,108143484,22447,2012-05-16,1.5,LT,1,10.99
452872061,165,63,6314,107203676,7953,2012-07-06,8,OZ,1,0.77
452872061,165,63,6315,107203676,7953,2012-09-18,64,OZ,1,1.77
452874640,165,9,907,107130979,17614,2012-12-16,16,OZ,1,3.29
452874640,165,51,5129,101450010,20864,2013-01-21,21,OZ,2,5.49
452877026,165,63,6399,107044676,2071,2012-03-03,16,OZ,1,1.99
452877026,165,4,416,104000040,16765,2012-11-09,2.07,OZ,1,0.99
452877248,165,56,5616,107203676,7953,2013-04-13,8,OZ,2,2.49
452880510,165,27,2704,1078518474,27206,2012-05-15,1.5,OZ,1,7.49
452880510,165,36,3618,101200010,23361,2012-10-28,20,OZ,2,3.18
452880510,165,41,4107,102400020,4704,2013-03-02,14.5,OZ,1,1.5
452884018,165,97,9781,10000,8255,2012-04-08,1,CT,2,-4.2
452884018,165,30,3001,104800141,8178,2012-07-11,30,OZ,1,5.49
452884018,165,57,5710,103663232,4568,2013-03-30,5.3,OZ,3,3.75
452884018,165,58,5827,107203676,7953,2013-05-25,12,OZ,1,3.27
452884018,165,53,5307,101450010,20864,2013-05-28,12,OZ,1,1.29
452884697,165,33,3318,102840020,15441,2012-03-04,12,OZ,1,1.64
452884697,165,5,501,103800030,4352,2012-05-20,10.8,OZ,1,4.25
452884697,165,99,9908,1070935171,5534,2012-11-11,12,OZ,1,2.79
452887731,165,2,211,101600010,1910,2012-08-09,40,OZ,1,3.85
452887731,165,9,917,107373171,11786,2013-02-28,10.4,OZ,1,2.99
452888290,165,97,9781,10000,8255,2012-05-02,1,CT,2,-2.1
452888290,165,56,5607,102100020,13967,2012-05-05,12,OZ,1,3.89
452891539,165,28,2804,104600040,13023,2012-09-17,4.5,OZ,1,1.75
452891888,165,19,1908,104800141,16564,2012-08-02,16.3,OZ,2,3.65
452891888,165,6,607,101405414,12973,2012-10-02,2,OZ,1,1
452891888,165,56,5620,102100020,9886,2012-11-08,8,OZ,4,6.9
452895250,165,40,4004,104100040,10522,2012-10-10,5.25,OZ,1,4.29
452898685,165,33,3318,107203676,7953,2012-03-25,14,OZ,1,3.29
452898685,165,35,3509,103320030,875,2012-08-08,21.16,OZ,2,9.98
452899351,64,9,901,103010030,9530,2012-09-01,16.2,OZ,1,5.99
452905718,64,29,2923,102100020,9886,2012-05-27,7.1,OZ,1,1.28
452905898,165,8,810,107110070,8280,2013-05-26,1,OZ,1,1.89
452906783,165,3,311,1064420969,5345,2012-08-23,12,OZ,1,1.89
452906783,165,51,5131,104227242,648,2012-09-19,10.3,OZ,2,9.98
452906783,165,9,907,107294575,15878,2012-11-03,20,OZ,1,1.99
452906783,165,25,2506,105000050,32115,2012-11-15,32,OZ,1,4.39
452908825,165,96,9609,1053600050,88199,2012-03-17,0,,2,-1
452908825,165,31,3101,105210050,11382,2012-06-28,4,OZ,2,5
452908825,165,63,6315,107433676,39515,2013-01-06,128,OZ,2,7.58
452911232,165,26,2633,105400050,16048,2012-12-26,8,RL,1,8.99
452911232,165,9,902,107641070,10160,2013-03-04,7.33,OZ,1,1.99
452912232,64,2,214,101600010,1910,2012-12-04,10.6,OZ,1,2.23
452912495,165,18,1835,104460040,9709,2012-12-01,12.5,LB,1,11.45
452915362,165,64,6408,108912181,39639,2013-03-07,0.75,LT,2,23.98
452916533,70,33,3303,1072543979,40679,2012-10-10,10.5,OZ,1,1.97
452918365,165,5,504,109742191,22339,2012-09-30,2.29,OZ,6,6
452918365,165,9,970,103800030,62065,2013-07-07,21,OZ,1,2.99
452918641,165,97,9781,10000,8255,2012-04-21,1,CT,1,-1.05
452918685,165,9,910,105565353,4580,2013-03-08,8.8,OZ,1,3.89
452922334,165,59,5902,103450030,10165,2012-06-18,6.5,OZ,1,1.97
452922334,165,9,970,103800030,62065,2012-12-08,14.1,OZ,1,2
452922778,165,55,5555,1018685212,22794,2012-05-05,16,OZ,1,5.25
452922778,165,26,2630,103600030,9787,2012-09-03,75,CT,3,4
452925644,165,10,1011,102400020,4704,2012-09-17,7,OZ,2,3
452925644,165,99,9909,107127979,6732,2013-04-14,16,OZ,1,1.99
452925644,165,63,6315,107203676,7953,2013-05-05,64,OZ,1,2.79
452926475,165,5,516,103000030,14760,2012-03-22,6.7,OZ,2,5.9
452926475,165,5,516,103000030,14760,2012-10-23,8.4,OZ,1,2
452926475,165,9,901,107203676,7953,2013-03-19,14,OZ,1,3.99
452926475,165,63,6320,1071514171,25530,2013-03-28,18,CT,1,4.59
452928231,165,63,6305,104850040,18799,2012-06-13,89,OZ,1,4.89
452928231,165,31,3101,101629111,26667,2012-10-19,2.1,OZ,1,6.15
452938235,165,97,9781,10000,8255,2012-07-30,1,CT,1,-1.05
452938860,64,4,418,103400030,15113,2012-03-13,3.2,OZ,1,1.19
452938860,64,53,5329,107056070,14005,2013-01-06,32,OZ,1,2.5
452939148,165,63,6330,107203676,7953,2012-04-04,32,OZ,1,4.99
452939566,165,7,708,1079849373,31032,2013-03-08,12,OZ,3,15.73
452942015,165,36,3612,107203676,7953,2012-04-29,128,OZ,4,3.6
452942015,165,5,516,107203676,7953,2013-04-13,8.9,OZ,1,2.5
452942015,165,63,6315,107203676,7953,2013-05-03,128,OZ,3,11.97
452942686,241,13,1306,101600010,7366,2012-12-10,5,LB,1,3.49
452942686,241,74,7405,1084105888,15983,2013-01-06,3,CT,1,12.59
452942791,165,97,9781,10000,8255,2012-03-22,1,CT,1,-1.05
452942791,165,33,3305,102840020,18584,2012-05-27,14.5,OZ,1,3.99
452942791,165,37,3707,105100050,17812,2012-11-08,32,OZ,2,4
452942791,165,29,2928,101530010,58299,2012-12-21,6.2,OZ,2,2
452943443,165,37,3703,105100050,2820,2012-03-17,11.5,OZ,1,1.75
452943443,165,99,9908,103338333,33170,2012-07-21,16,OZ,1,3.69
452943443,165,6,610,1061126969,15041,2012-08-12,8.4,OZ,1,2.19
452943443,165,99,9904,103338333,33170,2012-08-20,6,OZ,1,3
452943443,165,36,3611,107203676,7953,2012-09-23,405.6,OZ,1,3.34
452943767,165,33,3318,107797575,27417,2012-06-23,16,OZ,1,2.5
452943767,165,27,2702,1084535282,34134,2012-09-09,5,LB,1,6.99
452944882,165,96,9609,1051410050,88199,2012-05-06,0,,2,-1.5
452944882,165,58,5836,107232272,27348,2012-09-01,16,OZ,1,3.99
452944882,165,99,9908,1070935171,5534,2012-09-09,12,OZ,1,2
452945564,165,17,1703,101980010,19934,2012-03-15,26,OZ,1,3
452945564,165,18,1802,104667747,13970,2012-04-17,2,CT,2,7.98
452945612,165,57,5705,107203676,7953,2012-06-12,6,OZ,1,0.5
452945612,165,97,9781,10000,8255,2012-10-18,1,CT,1,-1.05
452949574,165,62,6201,107349171,9883,2012-07-11,22,OZ,1,3.55
452949574,165,63,6320,1071514171,25530,2013-04-11,12,CT,1,3.25
452950694,165,64,6409,108500080,1949,2012-03-16,0.75,LT,2,10.98
452950694,165,55,5567,107064070,19704,2012-04-08,24,OZ,1,5.99
452954660,70,23,2301,102920020,12168,2012-05-07,13.25,OZ,1,1.79
452954660,70,11,1114,103582636,6564,2012-09-08,32,OZ,1,3.99
452954660,70,99,9908,103338333,33170,2012-09-08,13,OZ,1,1.64
452954660,70,26,2634,104200040,14813,2012-12-26,6,RL,1,4.94
452956934,70,25,2506,104127141,26189,2012-06-10,32,OZ,1,3.59
452959873,64,97,9748,107053070,15835,2012-08-21,3,CT,1,2.59
452960338,165,97,9781,10000,8255,2012-04-01,1,CT,4,-4.2
452960761,165,9,907,107225070,12465,2012-07-14,14,OZ,1,1.99
452960761,165,29,2914,102100020,9886,2012-08-18,7.25,OZ,4,4
452960761,165,33,3315,107797575,27417,2013-01-01,6,OZ,1,3
452960761,165,99,9908,103338333,33170,2013-01-11,16,OZ,1,1.69
452960761,165,33,3312,103700030,14494,2013-03-15,5.71,OZ,1,1.5
452965117,165,63,6311,108259282,12297,2012-03-05,15.2,OZ,2,5
452965117,165,58,5823,102531727,763,2012-05-07,6,OZ,1,7.49
452965117,165,9,908,107203676,7953,2012-05-23,16,OZ,1,3.47
452965117,165,63,6333,101707717,10429,2012-07-16,32,OZ,1,3.89
452965117,165,9,912,104812141,18322,2012-11-17,20,OZ,1,2.24
452965117,165,7,703,1076211171,17286,2013-01-27,0.93,OZ,1,7.99
452965117,165,99,9909,107127979,6732,2013-02-11,10,OZ,1,2.5
452970463,165,9,907,107203676,7953,2012-05-10,9,OZ,1,4.99
452970463,165,37,3703,105100050,2820,2012-11-25,10.75,OZ,1,1
452971924,165,37,3707,103915333,23292,2012-08-23,32,OZ,1,2
452976542,165,9,902,104400040,18775,2012-10-28,8,OZ,2,0
452976542,165,99,9908,103338333,33170,2013-02-23,16,OZ,1,3.29
452976542,165,99,9908,107203676,7953,2013-03-17,16,OZ,1,3
452977784,165,96,9609,1054767757,88199,2012-06-16,0,,1,-1
452978341,68,25,2509,1072543979,40679,2013-06-01,16,OZ,1,-0.9
452979095,165,51,5116,107192171,25673,2012-05-31,28.2,OZ,1,5.59
452979095,165,96,9609,1053600050,88199,2012-08-09,0,,2,-1
452986495,165,36,3628,107800070,17587,2012-04-26,101.4,OZ,4,18.76
452989627,241,97,9753,1023215828,0,2012-08-03,1,CT,1,2.49
452996482,165,64,6401,108066080,94324,2012-10-19,72,OZ,1,7.99
452997056,165,9,918,101410010,13791,2013-03-03,7.2,OZ,2,6.98
453014009,165,63,6320,1076912373,2209,2012-09-06,12,CT,1,3.99
453014009,165,73,7302,1031284333,1500,2013-01-10,120,CT,1,7.89
453014024,70,58,5827,103760030,8501,2012-06-02,16,OZ,1,4.69
453014024,70,8,821,1073762878,18216,2012-10-10,6.77,OZ,1,2.79
453022661,64,99,9908,1064819666,25891,2012-04-06,80,OZ,1,2.99
453035112,165,99,9908,107203676,7953,2012-03-24,16,OZ,1,1.79
453035112,165,21,2105,105200050,7054,2012-06-07,32,OZ,5,6.25
453043667,165,8,814,104156545,13412,2012-03-03,16,OZ,1,2.95
453043667,165,33,3309,102840020,18584,2012-07-20,13,OZ,2,7
453043667,165,9,901,102750020,837,2013-02-02,9.25,OZ,1,2.5
453043667,165,97,9781,10000,8255,2013-02-25,1,CT,1,-1.05
453047107,165,9,907,107225070,12465,2013-05-26,13,OZ,1,2.69
453047233,165,97,9781,10000,8255,2012-09-27,1,CT,1,-1.05
453047722,165,27,2710,101122515,19197,2012-03-04,10,LB,1,1.47
453047722,165,3,310,102900020,14112,2012-04-18,2,OZ,1,4.29
453047722,165,56,5616,104610040,15889,2013-03-22,8,OZ,1,3.59
453049148,70,64,6401,101820010,11616,2013-03-08,216,OZ,1,15.99
453050795,165,17,1703,101920010,10882,2012-05-20,40,OZ,1,2.99
453050795,165,9,901,1081612080,36616,2012-06-23,15.2,OZ,1,3.29
453050795,165,14,1414,107203676,7953,2012-08-17,8.5,OZ,1,0.99
453050795,165,40,4001,104144949,484,2013-02-09,80,OZ,1,2.5
453051022,64,41,4107,103582636,6564,2012-06-09,15.25,OZ,1,0.89
453051022,64,73,7316,1072543979,23587,2012-11-09,0.32,OZ,1,10.69
453052487,165,33,3307,107203676,7953,2012-11-20,9,OZ,1,3.95
453052549,64,36,3604,107800070,16023,2012-07-25,67.6,OZ,1,0.79
453055628,241,33,3305,102840020,15870,2013-03-22,11,OZ,1,2
453060508,68,99,9909,107127979,6732,2012-10-31,9,OZ,1,2.69
453063965,64,51,5125,101380010,10271,2013-01-13,9.25,OZ,1,2.14
453063965,64,51,5125,101380010,10271,2013-02-23,9.25,OZ,1,2.19
453064638,68,9,901,104400040,13243,2012-05-02,15.5,OZ,1,2.99
453064998,70,27,2702,101780010,95301,2013-05-14,16.5,LB,1,22.19
453068193,64,21,2105,104900040,14357,2012-03-22,32,OZ,5,6.17
453068193,64,41,4108,102880020,7907,2012-06-21,40.5,OZ,1,2.49
453079493,241,9,917,107347272,6562,2012-08-11,12,OZ,1,3.79
453080181,68,53,5307,102000020,7655,2012-04-30,12,OZ,3,5.83
453080516,165,4,416,103400030,8247,2012-03-03,1.55,OZ,5,1.98
453080516,165,35,3508,103700030,18371,2012-08-01,50,OZ,1,6.99
