3278656837,63,62,6201,1078279676,13513,2012-08-13,23,OZ,1,3.99
3278656837,63,9,905,104300040,17447,2012-11-14,6,OZ,1,1
3278661226,191,29,2914,101356212,713,2012-06-01,6,OZ,1,1.99
3278661226,191,56,5615,107283070,18390,2012-07-29,16,OZ,2,10.98
3278661226,191,41,4105,1072534272,12171,2013-03-10,28,OZ,1,2.89
3278661226,191,19,1908,101111010,85048,2013-03-27,18,OZ,1,4.19
3278661632,191,56,5614,101111010,9907,2012-04-29,12,OZ,2,6
3278661632,191,23,2310,101111010,9907,2012-11-23,19,OZ,1,2.99
3278676907,96,26,2630,103700030,14647,2013-04-14,124,CT,3,7.17
3278677701,96,55,5556,104154848,5603,2012-03-04,48,OZ,1,5.99
3278677701,96,33,3312,103800030,14494,2013-04-24,5.32,OZ,1,1.5
3278693357,214,45,4514,104122040,20514,2012-08-07,64,OZ,1,9.96
3278721741,206,36,3601,101200010,13794,2012-04-06,144,OZ,1,4.98
3278721741,206,63,6320,108685484,10218,2012-12-15,12,CT,1,1.93
3278721741,206,36,3630,107800070,23561,2012-12-22,67.6,OZ,1,1.98
3278740546,46,18,1822,103700030,6236,2013-01-02,16.9,OZ,1,3.49
3278754670,46,9,902,104125040,11473,2012-05-10,12,OZ,1,0.8
3278754670,46,33,3303,1071928373,11473,2012-08-29,8.5,OZ,2,4.98
3278770787,46,5,501,101600010,3331,2012-10-28,12,OZ,1,3.29
3279862279,285,72,7205,103500030,3830,2012-08-12,5.8,OZ,1,3
3279862279,285,36,3604,107800070,2829,2013-04-06,101.4,OZ,1,2.99
3279982393,507,97,9728,1061788565,87604,2012-09-19,1,CT,1,31.47
3280028528,507,97,9753,1049033040,0,2012-05-06,1,CT,7,28.34
3280055854,507,34,3410,1081793989,11556,2013-05-19,28,OZ,1,4.99
3280063105,508,58,5823,104470040,13310,2013-02-08,9,OZ,1,2.99
3280063105,508,4,407,101070010,7446,2013-03-30,6,OZ,1,1
3280104476,508,30,3010,102100020,9886,2012-05-19,16,OZ,1,1.89
3280104794,508,22,2211,103700030,2246,2012-08-16,34,CT,1,2.09
3280194423,31,4,410,101325313,33170,2012-04-10,2.18,OZ,1,10
3280194423,31,73,7309,1030013232,6454,2012-05-21,9,OZ,1,2.59
3280194423,31,72,7205,103700030,4294,2012-05-26,3.5,OZ,1,1.49
3280194423,31,18,1898,102114020,19950,2012-08-05,6,CT,2,7.98
3280194423,31,99,9904,103338333,33170,2012-10-10,48,OZ,1,4.49
3280194423,31,36,3601,104900040,3809,2013-01-04,12,OZ,2,2.78
3280194423,31,55,5567,104154848,5603,2013-01-11,5.8,OZ,1,1.19
3280194423,31,19,1905,107537070,3956,2013-02-05,14.1,OZ,1,1.39
3280194423,31,9,901,1081612080,36616,2013-03-31,15.2,OZ,2,6.78
3280194423,31,40,4005,104100040,10522,2013-04-09,0.8,OZ,1,2.59
3280194423,31,58,5812,102114020,18352,2013-04-20,64,OZ,1,6.79
3280194423,31,33,3304,102840020,6777,2013-05-05,10.25,OZ,1,3.49
3280194423,31,1,106,101500010,7142,2013-05-07,4,OZ,2,1.38
3280194423,31,9,901,107537070,3956,2013-06-11,7.06,OZ,1,0.99
3280197242,31,51,5134,107008575,26885,2012-04-26,7,OZ,2,2.89
3280197242,31,51,5127,103100030,1358,2013-04-08,7.1,OZ,2,2.5
3280241494,21,36,3611,101200010,803,2012-03-11,20,OZ,1,1.59
3280241494,21,26,2609,101370010,8154,2012-06-24,28,CT,1,2.79
3280241494,21,51,5129,103620030,1698,2012-10-22,24,OZ,1,7.99
3280241494,21,56,5615,107835474,2675,2012-12-03,8,OZ,1,1.99
3280241494,21,31,3101,105210050,11382,2013-01-27,2.5,OZ,1,1
3280242102,21,25,2509,104119040,16347,2012-10-13,64,OZ,1,4.29
3280263830,101,62,6202,102484222,2542,2013-02-02,9,OZ,1,4.5
3280263830,101,35,3508,103700030,18371,2013-04-08,40,OZ,1,3.99
3280263922,101,75,7504,107965676,1346,2013-05-25,6,OZ,3,28.97
3280312803,68,9,901,1071860474,12733,2013-04-15,5.52,OZ,2,5.98
3280330886,68,45,4509,1075444171,21551,2012-03-18,48,OZ,1,9.99
3280330886,68,56,5616,102100020,9886,2012-03-25,7.5,OZ,1,3.23
3280367822,12,33,3305,101111010,9907,2012-10-15,13,OZ,1,2
3280367822,12,36,3636,104300040,4371,2013-02-06,192,OZ,1,3.99
3280371624,12,40,4005,107073474,25373,2012-04-25,1.7,OZ,1,2.59
3280371624,12,54,5401,1068615161,9916,2012-09-04,12.3,OZ,2,3.76
3280411933,96,9,901,104400040,85927,2012-08-12,8.8,OZ,1,3
3280411933,96,7,709,109955595,7661,2012-10-21,4.02,OZ,1,8.99
3280418197,214,25,2507,1074236575,8499,2012-04-10,8,OZ,1,1
3280422378,214,21,2105,105200050,7054,2013-02-06,72,OZ,2,6.58
3280422378,214,8,822,104600040,13023,2013-04-17,19,OZ,2,4
3280442519,214,41,4107,103470030,423,2013-01-06,15.25,OZ,1,0.48
3280442519,214,71,7113,102240020,25033,2013-03-03,15,OZ,2,1.56
3280516073,46,4,418,102800020,2631,2012-10-23,12.5,OZ,1,2.5
3280547973,20,39,3903,1064420969,74550,2012-07-19,24,OZ,2,8.98
3280547973,20,5,522,101313010,4253,2013-04-19,28,OZ,1,4.39
3280566033,18,5,501,101600010,3331,2012-07-14,12.8,OZ,1,1.5
3280566033,18,63,6315,107989373,30626,2012-10-16,128,OZ,1,2.49
3280879274,42,56,5614,107104070,76668,2012-11-04,12,OZ,1,4.79
3280879274,42,65,6501,104149747,19710,2012-11-18,16,OZ,2,5.38
3280879274,42,7,707,104300040,11339,2012-12-09,11,OZ,2,7.98
3280879321,42,63,6315,104149747,19710,2013-04-18,64,OZ,1,1.75
3280880138,42,35,3508,103700030,18371,2012-06-26,95,OZ,1,15.49
3280880428,42,51,5117,104280040,18599,2012-07-12,10.9,OZ,1,1.5
3281075976,293,99,9909,101115010,15530,2012-03-05,15.6,OZ,1,3.99
3281075976,293,37,3706,105010050,8089,2012-04-11,14,OZ,3,4.98
3281075976,293,8,805,101340919,17823,2012-05-23,12,OZ,1,0.99
3281075976,293,37,3703,101115010,15530,2013-03-21,10.75,OZ,5,3
3281152984,377,5,501,101600010,3331,2012-03-15,18,OZ,1,4.79
3281163029,377,26,2614,103680030,18533,2012-08-21,24,CT,1,2.99
3281256654,507,16,1604,102200020,6021,2012-04-12,45,CT,1,2.04
3281256654,507,33,3313,102840020,10241,2013-03-12,15,OZ,1,3
3281290960,508,10,1007,104300040,26232,2012-06-15,3,OZ,2,1.3
3281290960,508,99,9908,103338333,33170,2013-01-30,32,OZ,1,1.56
3281297467,508,14,1404,108523989,11176,2012-03-04,48,OZ,1,1.86
3281298574,508,97,9753,1049202040,0,2012-11-17,1,CT,1,10.47
3281302538,508,51,5125,102580020,16668,2013-03-05,9,OZ,2,3.74
3281310574,508,45,4508,108523989,11176,2013-03-16,24.5,OZ,1,3.93
3281362241,509,4,410,1080381080,62113,2012-07-18,0.95,OZ,2,4.18
3281430894,507,79,7901,109256797,46962,2012-12-01,1,CT,1,5.24
3281447762,507,72,7205,106830565,26880,2012-04-16,4.2,OZ,1,2.67
3282138378,16,4,405,1060069969,55864,2013-01-06,10,OZ,1,1.79
3282138378,16,12,1205,108660080,2559,2013-02-07,3.6,OZ,2,5.38
3282153677,85,37,3706,104119646,14582,2012-03-24,18.5,OZ,4,10.16
3282153677,85,9,912,107294575,15878,2012-07-13,20,OZ,1,3.99
3282153677,85,13,1306,1060788060,16965,2013-06-14,2,LB,1,1.55
3282153677,85,37,3706,104119646,14582,2013-06-23,18.5,OZ,2,5.08
3282176334,85,99,9908,103338333,33170,2012-06-19,16,OZ,1,1.59
3282176683,21,23,2301,107680878,1393,2013-03-24,16,OZ,1,1.4
3282178370,21,9,908,107203070,5812,2012-05-22,17.5,OZ,1,3.24
3282178370,21,14,1405,104119040,16347,2012-12-05,14,OZ,2,1.98
3282179468,21,97,9753,1020050222,0,2012-06-25,1,CT,1,3.34
3282180878,21,63,6312,105020050,52045,2012-05-08,16,OZ,4,4
3282180878,21,51,5127,103100030,1358,2012-07-15,9.25,OZ,1,1.15
3282180878,21,5,519,104119040,16347,2012-11-02,12.3,OZ,1,1.69
3282180878,21,4,416,103400030,12022,2012-12-27,1.75,OZ,1,0.69
3282181403,21,26,2614,107301070,17990,2012-07-21,7,CT,1,1.39
3282181748,21,9,907,104119040,16347,2013-05-11,12,OZ,2,3.38
3282181983,21,32,3202,102700020,19737,2012-03-25,128,OZ,1,7.99
3282181983,21,56,5617,105300050,2199,2012-12-30,12,OZ,1,2.5
3282181983,21,55,5552,102073525,18893,2013-01-12,48,OZ,2,6.38
3282182600,21,36,3632,107800070,4354,2012-08-11,144,OZ,1,4.59
3282182600,21,29,2928,104100040,9814,2013-01-26,5.6,OZ,1,1.25
3282186758,21,36,3612,108265787,4687,2012-09-15,128,OZ,4,4
3282216570,100,35,3504,103500030,13470,2012-09-05,25,OZ,1,3.29
3282241893,101,63,6323,107047272,10314,2012-06-08,64,OZ,1,2.79
3282241893,101,33,3305,107260070,8245,2013-03-15,13,OZ,1,3
3282241893,101,9,907,1068826767,7173,2013-04-03,20,OZ,1,1.5
3282241893,101,97,9781,10000,8255,2013-04-07,1,CT,1,-0.55
3282242040,101,9,908,104812141,18322,2013-04-30,7,OZ,1,3.59
3282242665,101,53,5307,1068826767,81691,2012-11-24,16,OZ,1,2.69
3282242665,101,99,9909,1068826767,81691,2013-01-19,16,OZ,1,5.99
3282243637,101,33,3305,102840020,5141,2013-02-02,11.5,OZ,2,4.29
3282251012,77,11,1112,1075928373,2083,2012-12-05,10,OZ,2,7.98
3282261054,101,40,4004,101115616,18190,2012-04-12,6,OZ,1,2.39
3282261054,101,99,9909,1068826767,12475,2012-06-06,16,OZ,1,5.99
3282261353,101,55,5558,107585676,9798,2012-03-17,27,OZ,1,3
3282261353,101,30,3001,104800141,8178,2012-03-25,30,OZ,1,5.39
3282261353,101,32,3203,106414464,13474,2012-04-07,8,OZ,1,3.79
3282261640,101,9,907,1068826767,81691,2012-11-25,20,OZ,1,1.5
3282261640,101,63,6315,1068826767,81691,2013-01-02,128,OZ,1,3.88
3282261640,101,27,2704,104152040,3931,2013-02-21,1,CT,1,13.59
3282303578,65,56,5604,107580575,17344,2012-06-02,5,OZ,1,3.79
3282322614,65,43,4302,1072543979,40679,2012-08-26,8,OZ,1,0.97
3282322614,65,56,5620,1072543979,40679,2012-09-06,8,OZ,2,3.78
3282326904,64,64,6401,101820010,2510,2012-03-12,144,OZ,1,9.99
3282326904,64,58,5823,103582636,6564,2012-03-27,16,OZ,1,2.5
3282369286,65,9,907,107225070,3769,2012-05-06,15,OZ,1,3.1
3282369286,65,5,501,1088491282,13689,2012-07-11,11,OZ,1,2.99
3282369286,65,99,9909,107143070,5072,2012-09-27,8,OZ,1,1.58
3282369286,65,54,5401,103800030,5618,2013-02-24,12.3,OZ,2,5.16
3282400577,68,21,2113,1088399080,108177,2012-10-05,8,OZ,1,1.04
3282400577,68,49,4901,101312010,26885,2013-04-26,28,OZ,1,3.49
3282408460,68,9,907,101410010,13791,2013-01-10,16,OZ,1,3.6
3282449147,83,96,9609,1053800050,88199,2012-08-05,0,,1,-1
3282449147,83,8,814,101111010,9907,2013-03-10,24,OZ,1,2.69
3282452541,143,9,907,107341070,888,2013-05-28,12,OZ,1,2.99
3282452541,143,4,418,103400030,15113,2013-06-10,12,OZ,1,2.88
3282453769,26,55,5556,104154848,5603,2013-01-09,48,OZ,1,0
3282453769,26,9,922,102430020,10577,2013-03-20,12,OZ,1,1.79
3282458334,12,71,7113,107940070,17521,2012-04-10,5,OZ,1,3.19
3282458334,12,97,9748,107166272,4239,2012-08-09,10,CT,1,1.49
3282458334,12,29,2923,101111010,9907,2013-02-21,4.3,OZ,1,0.87
3282469591,151,9,907,104500040,20016,2012-09-02,16,OZ,1,2.85
3282469591,151,45,4508,101116212,12131,2013-04-26,19.1,OZ,1,5.38
3282471243,126,58,5833,101111010,20588,2012-05-31,16,OZ,1,4.99
3282471243,126,54,5403,101800010,14029,2012-09-23,11.5,OZ,1,1.88
3282471243,126,55,5552,102073525,18893,2013-02-01,48,OZ,1,2.99
3282472867,431,59,5907,101111010,9907,2012-06-04,16,OZ,1,1.39
3282472867,431,21,2119,104100040,10522,2012-12-18,1.2,OZ,1,2.49
3282479814,211,75,7507,1030813737,1121,2012-10-07,6,OZ,1,6.39
3282479814,211,82,8201,101111010,9907,2012-12-16,1,CT,1,5.99
3282480177,211,36,3618,104900040,23359,2012-07-28,240,OZ,1,5.99
3282480177,211,29,2914,102100020,19279,2012-09-05,2.19,OZ,4,2.06
3282482310,58,82,8201,101111010,28083,2012-05-17,1,CT,1,9.99
3282482310,58,58,5812,104660040,5557,2012-05-20,16,OZ,3,5.97
3282482310,58,9,913,104812141,18322,2012-09-05,12,OZ,1,1.99
3282482310,58,29,2920,101114010,8604,2012-09-15,15.3,OZ,1,2.89
3282482310,58,0,0,10000,0,2013-05-25,0,,1,0
3282490923,140,63,6323,101111010,12028,2012-04-22,128,OZ,1,3.49
3282490923,140,21,2113,102800020,56490,2012-04-29,54,OZ,1,2.99
3282493919,140,9,907,101111010,16706,2012-12-09,20,OZ,1,1
3282494375,140,63,6315,101111010,16706,2012-05-18,128,OZ,1,2.99
3282495608,140,8,816,1061611262,23016,2013-02-23,10,OZ,1,1
3282497314,140,5,501,101600010,15114,2012-04-09,18,OZ,1,3.71
3282497314,140,5,501,103800030,17050,2013-01-14,12.5,OZ,1,2.99
3282497314,140,40,4005,101111010,20588,2013-01-21,1.2,OZ,1,2.59
3282497314,140,9,907,101111010,16706,2013-03-12,12,OZ,1,1
3282500274,140,63,6320,101111010,85048,2013-03-29,12,CT,1,2
3282500568,140,9,907,104157343,16706,2013-02-13,16,OZ,1,1.67
3282500568,140,16,1604,102200020,13228,2013-04-11,14,CT,1,1
3282500568,140,60,6010,101111010,9907,2013-04-11,7.5,OZ,2,1.04
3282503154,140,1,106,101500010,7142,2012-10-18,5,OZ,4,4.36
3282503154,140,63,6313,1061611262,23016,2013-02-24,7,OZ,1,1
3282503277,140,63,6317,104157040,2017,2012-06-03,64,OZ,1,2.99
3282503528,140,9,902,104157040,2017,2013-01-04,4.25,OZ,4,8
3282505494,191,8,837,107241272,8376,2012-03-04,16,OZ,1,4.89
3282505494,191,0,0,10000,0,2012-12-24,0,,1,0
3282505494,191,0,0,10000,0,2013-02-13,0,,1,0
3282509974,83,28,2805,1070581474,98643,2012-04-06,5.75,OZ,1,2.69
3282509974,83,51,5125,101380010,10271,2013-03-24,9.75,OZ,1,2.74
3282514172,26,5,501,103800030,3787,2012-06-17,16.5,OZ,1,1.99
3282515187,83,4,416,104000040,26517,2012-05-16,3.14,OZ,1,1.79
3282521983,126,36,3601,104900040,3809,2012-11-27,144,OZ,3,13
3282527824,151,56,5611,107981373,2252,2012-11-17,6.5,OZ,1,2.99
3282527824,151,59,5906,104060040,26155,2013-03-03,15,OZ,1,2.99
3282527824,151,2,201,1064420969,5345,2013-04-01,16.5,OZ,2,1.98
3282527824,151,55,5555,107457070,26051,2013-04-14,14,OZ,1,3.49
3282528917,126,41,4107,102000020,7655,2012-11-25,11,OZ,2,3.38
3282528917,126,51,5115,102066222,12598,2013-02-03,13.2,OZ,1,4.99
3282529452,89,56,5620,101111010,9907,2012-03-28,8,OZ,1,3.19
3282529452,89,27,2706,101780010,95301,2012-07-29,3,OZ,2,1.7
3282529452,89,27,2707,101780010,3108,2012-12-08,3.15,LB,1,3.99
3282536583,151,26,2630,103600030,9787,2012-06-08,240,CT,1,4.69
3282536583,151,65,6503,107007777,19417,2012-10-27,8,OZ,2,6.38
3282536583,151,9,920,107641070,10160,2012-11-10,10,OZ,1,3.19
3282536583,151,60,6012,101800010,14029,2013-03-09,7.3,OZ,4,5
3282540365,58,99,9909,101111010,28083,2012-04-01,10,OZ,1,2.49
3282542101,58,96,9609,1054400050,88199,2013-01-18,0,,1,-0.55
3282542101,58,81,8101,102820020,1437,2013-05-02,1,CT,4,22.76
3282551528,63,63,6309,104850040,18799,2012-05-02,12,OZ,1,1.49
3282552597,12,96,9609,1057050151,88199,2013-03-02,0,,1,-1
3282554060,63,56,5621,101111010,9907,2012-03-12,16,OZ,1,4.99
3282558375,63,5,501,101111010,9907,2012-07-24,32,OZ,1,3.39
3282558375,63,5,501,101862717,9496,2012-08-08,1.6,OZ,1,1
3282558375,63,29,2908,104430040,15487,2012-12-10,40.5,OZ,1,2.24
3282558583,140,56,5617,102100020,9886,2012-08-22,12,OZ,1,2.97
3282558583,140,38,3801,101111010,9907,2013-03-16,4,LB,1,2.49
3282561116,140,0,0,10000,0,2012-05-29,0,,2,12.14
3282561116,140,51,5128,1071785474,11614,2012-07-15,8.5,OZ,4,4
3282563172,140,0,0,10000,0,2012-09-11,0,,1,0
3282563172,140,58,5833,101111010,6848,2013-05-11,48,OZ,1,9.88
3282566287,191,9,917,107934171,5110,2012-04-03,12,OZ,1,1.19
3282566287,191,71,7113,1030813737,1121,2013-03-23,10.5,OZ,1,5
3282566287,191,17,1726,101920010,10882,2013-05-21,35,CT,1,2.99
3282566782,2,96,9609,1054157050,88199,2012-05-13,0,,1,-0.6
3282626987,96,99,9909,103003434,28496,2012-06-23,12,OZ,1,3.29
3282626987,96,10,1004,104300040,26232,2012-08-04,3.9,OZ,2,2.5
3282626987,96,7,709,109955595,7661,2012-12-01,4.02,OZ,1,8.99
3282626987,96,51,5115,107218070,18520,2013-02-03,7.12,OZ,1,1.33
3282626987,96,33,3308,102840020,3336,2013-04-06,9.75,OZ,1,3.49
3282626987,96,9,912,104812141,18322,2013-04-27,13,OZ,1,3.99
3282626987,96,29,2903,105100050,72482,2013-05-25,14.75,OZ,2,2
3282631873,96,8,807,101300010,9031,2012-03-12,28,OZ,1,3.99
3282631873,96,36,3638,103003434,7175,2012-04-03,33.8,OZ,2,1.38
3282631873,96,7,707,102550020,6550,2013-02-12,33.9,OZ,1,7.99
3282632007,96,64,6401,1070436171,7627,2012-12-12,72,OZ,1,11.99
3282632007,96,36,3629,107800070,17203,2013-01-13,67.6,OZ,1,1.67
3282632007,96,51,5126,101380010,27474,2013-04-14,8.38,OZ,1,2.5
3282632125,96,33,3303,102840020,10241,2012-07-30,10,OZ,1,3
3282632125,96,26,2633,105400050,16048,2012-08-13,12,RL,1,8.99
3282651424,214,97,9753,1023870929,0,2012-03-16,1,CT,1,4.18
3282651424,214,53,5307,104122040,23511,2012-06-22,16,OZ,1,1.28
3282654792,214,99,9908,103710232,11930,2012-11-02,8,OZ,1,1.78
3282670539,214,65,6501,107891373,66738,2012-07-13,4,OZ,2,3.24
3282670591,214,70,7001,104122040,23511,2012-04-10,16,OZ,1,0.97
3282670591,214,36,3601,104900040,3809,2012-10-09,20,OZ,1,1.67
3282670591,214,36,3614,104133141,7531,2013-02-26,15,OZ,2,4
3282670591,214,38,3801,104122040,23511,2013-04-12,4,LB,1,2.32
3282694165,214,96,9609,1050000050,88199,2012-06-11,0,,1,-0.65
3282736385,214,99,9904,103338333,33170,2013-01-04,16,OZ,1,2.98
3282737027,214,72,7205,1031031030,13213,2012-12-02,2,OZ,1,2.88
3282742718,214,4,419,101714414,13497,2012-04-07,1.5,OZ,1,1.34
3282742718,214,63,6330,104122040,23511,2012-12-16,16,OZ,1,2.18
3282742718,214,56,5616,104122040,23511,2013-02-03,8,OZ,1,3.98
3282750819,214,29,2925,101740010,47096,2012-09-24,14,OZ,1,2.12
3282763101,206,58,5837,104470040,13310,2012-03-14,2.1,OZ,1,3.98
3282763101,206,36,3611,104900040,4599,2012-04-15,405.6,OZ,1,5.78
3282763101,206,36,3634,1078616272,7237,2013-03-13,20,OZ,4,5.33
3282770112,46,56,5620,104125040,11473,2013-01-18,8,OZ,5,10
3282838449,46,37,3705,105100050,2820,2013-02-14,18.8,OZ,4,6
3282883078,46,8,803,1071928373,11473,2012-04-28,12,OZ,1,2.09
3282883078,46,17,1707,104159848,19708,2012-04-30,30,CT,1,3.79
3282883078,46,36,3632,104900040,6137,2012-06-10,144,OZ,1,4
3282883078,46,12,1206,108660080,2559,2013-02-26,12,OZ,1,2.99
3282958699,46,26,2629,104200040,19231,2012-06-20,100,CT,1,2
3282958699,46,26,2628,101310010,33170,2012-09-14,1,RL,3,4.47
3282958699,46,64,6408,108500080,13918,2012-09-17,5,LT,1,13.99
3282960076,46,0,0,10000,20405,2012-03-02,0,,1,-1
3282960076,46,9,907,104125040,11473,2012-05-14,22,OZ,2,2
3282960076,46,99,9908,1071631070,15859,2012-07-04,16,OZ,1,2.5
3282960076,46,33,3316,101600010,3397,2013-02-24,8.75,OZ,2,2
3283034121,14,64,6401,108982686,18097,2012-04-13,72,OZ,1,6.49
3283034743,3,73,7324,1030076636,4669,2012-07-01,1,CT,1,10.99
3283052321,4,37,3703,105100050,2820,2012-09-05,10.75,OZ,2,2.78
3283052321,4,15,1504,104114343,17593,2013-02-09,15,OZ,1,3.99
3283062638,18,26,2617,101090010,15232,2012-07-15,1,CT,1,3.49
3283062638,18,10,1010,105150050,16728,2013-04-13,11.75,OZ,1,2.79
3283079719,360,56,5617,104173545,14456,2012-03-03,12,OZ,2,5.98
3283083676,360,63,6323,104190040,4664,2013-02-15,64,OZ,1,2.69
3283817475,42,99,9904,103338333,33170,2012-07-20,32,OZ,1,4.99
3283817475,42,5,501,101600010,85114,2013-02-20,12.2,OZ,1,3.19
3283817475,42,36,3604,104149747,19710,2013-03-14,33.8,OZ,3,2.55
3283819408,42,40,4005,107231070,1841,2013-02-07,1.39,OZ,1,3.99
3283820291,42,43,4302,107027272,15085,2012-06-16,6.5,OZ,1,2.49
3284395609,285,37,3707,105100050,17812,2012-03-14,32,OZ,1,1.98
3284395609,285,29,2914,101356212,713,2012-06-10,6,OZ,1,2.2
3284395609,285,36,3635,107840070,2860,2013-02-09,101.4,OZ,1,2.49
3284486079,109,27,2704,107910070,30370,2012-09-28,3,OZ,1,1.99
3284486079,109,9,907,107417575,20614,2012-09-28,21,OZ,1,2.49
3284486079,109,51,5127,103100030,1358,2013-05-04,7,OZ,1,1
3284486079,109,64,6409,103125939,20202,2013-05-17,0.75,LT,4,23.96
3284624229,377,33,3303,102840020,15598,2012-08-05,8.5,OZ,1,3
3284624229,377,56,5617,102100020,9886,2012-10-23,12,OZ,1,2.99
3284695115,507,26,2633,105400050,16048,2012-05-06,4,RL,1,4.19
3284695115,507,27,2704,1061565060,4972,2012-05-24,50,CT,1,11.54
3284695115,507,57,5710,1081829080,21065,2013-06-05,5.3,OZ,8,8.4
3284719822,507,41,4107,102400020,4704,2013-01-10,14.5,OZ,1,0.59
3284719822,507,51,5130,101380010,27474,2013-02-11,12.38,OZ,1,2.41
3284765922,507,27,2712,1085651181,95350,2012-09-02,24,CT,1,5.24
3284765922,507,35,3504,1081793989,11556,2013-04-12,18,OZ,1,1.73
3284868029,508,63,6305,104850040,18799,2012-11-28,59,OZ,1,3.66
3284868029,508,99,9904,1071575676,5278,2013-05-10,16,OZ,1,2.09
3284926661,510,99,9908,1060580666,7655,2012-08-14,12,OZ,1,1.77
3284926661,510,97,9753,1020801121,0,2012-10-07,1,CT,5,1.26
3284944192,510,71,7106,103700030,8047,2013-01-19,14.2,OZ,1,4.71
3284958878,510,26,2613,103600030,8583,2013-06-14,24,CT,2,17.98
3284969018,510,75,7520,104834141,23664,2012-06-26,100,CT,1,2.36
3284975382,510,36,3611,104900040,4599,2012-04-21,405.6,OZ,1,4.19
3284975382,510,19,1905,105150050,16728,2012-05-12,20,OZ,1,2.51
3284975382,510,26,2634,104200040,14813,2012-11-25,6,RL,1,4.87
3285051833,507,97,9753,1049053040,0,2013-04-13,1,CT,2,3.13
3285125792,507,26,2629,103700030,2248,2013-01-12,50,CT,1,3.45
3285189914,508,97,9753,102459121,0,2012-04-29,1,CT,1,2.84
3285189914,508,4,417,103400030,8247,2013-06-02,2.6,OZ,2,1.88
3285189914,508,34,3411,101111111,1141,2013-06-23,32,OZ,2,13.78
3285221521,508,5,517,103800030,69260,2012-04-22,10.4,OZ,2,4.26
3285235848,508,26,2634,104200040,14813,2013-04-11,30,RL,1,16.79
3285255199,509,4,419,1074759979,7168,2012-05-03,4.87,OZ,1,3.5
3285255199,509,12,1206,108000080,17292,2012-06-02,20,OZ,1,5.11
3285255199,509,3,302,102800020,30272,2012-06-30,10,OZ,1,3.14
3285297226,510,71,7113,1071722676,9241,2012-12-03,8.45,OZ,1,5.99
3285317976,510,5,502,101600010,101199,2012-03-04,5.4,OZ,1,2
3285317976,510,18,1842,102120020,16044,2013-05-05,1,CT,1,2.99
3285323454,510,99,9904,1071575676,5278,2012-05-27,6,OZ,1,2.5
3285352163,510,34,3404,1081106888,21268,2012-09-12,48,OZ,1,5.13
3285463458,40,81,8101,102820020,11186,2012-08-28,1,CT,3,12.8
3285591760,165,27,2706,1075764575,12598,2012-03-18,3,OZ,3,4.17
3285591760,165,56,5616,104610040,15889,2012-09-06,7,OZ,1,2.59
3285597211,143,44,4402,104145848,5602,2012-07-08,27,OZ,1,4.49
3285597211,143,7,709,102550020,6550,2013-01-27,3.38,OZ,1,7.99
3285598338,143,0,0,10000,0,2013-06-17,0,,1,0
3285602636,58,96,9609,1052740050,88199,2012-08-02,0,,1,-0.4
3285602636,58,18,1831,102146626,20787,2012-08-29,1,CT,3,1.17
3285602636,58,41,4107,101111010,9907,2012-10-24,14.75,OZ,1,0.79
3285602636,58,5,501,103800030,6796,2012-11-04,19,OZ,1,2.49
3285602636,58,9,907,101111010,9907,2013-01-22,20,OZ,1,1.25
3285602636,58,71,7113,107940070,3662,2013-06-02,12.7,OZ,1,4.99
3285611130,151,8,803,101111010,9907,2012-04-27,10.5,OZ,1,0.59
3285611130,151,56,5614,101111010,9907,2012-12-02,12,OZ,1,3.69
3285611130,151,63,6332,104850040,61745,2012-12-10,59,OZ,1,2.69
3285611130,151,99,9908,101111010,9907,2013-04-14,32,OZ,1,2.49
3285611130,151,5,501,101600010,85114,2013-04-28,16.2,OZ,1,3.99
3285612741,98,30,3008,107110070,8280,2013-01-26,24,OZ,1,3.49
3285615140,151,97,9701,1085295585,85005,2012-12-29,1,CT,2,9.98
3285616022,126,26,2630,101111010,9907,2012-10-27,160,CT,1,1.25
3285617813,431,63,6313,1080033888,21528,2012-05-02,16,OZ,1,5.19
3285617813,431,0,0,10000,20405,2012-11-14,0,,1,-2
3285617813,431,44,4404,107045979,12587,2012-11-14,11.25,OZ,1,2.69
3285620586,126,63,6315,101111010,9907,2012-05-31,128,OZ,1,2.99
3285620586,126,4,417,101070010,19846,2012-07-06,5,OZ,2,2
3285620586,126,58,5814,104660040,885,2013-01-31,2.9,OZ,3,3
3285622320,98,63,6320,101111010,9907,2013-02-17,18,CT,2,5.32
3285627299,12,0,0,10000,0,2013-03-01,0,,1,0
3285646676,140,36,3601,101200010,13794,2012-10-16,144,OZ,1,4.34
3285646676,140,5,516,101111010,9907,2013-03-06,8.9,OZ,3,4.97
3285646676,140,32,3204,101111010,9907,2013-07-09,17,OZ,1,5.69
3285649651,191,63,6315,101111010,12028,2013-01-31,128,OZ,1,2.59
3285650148,191,57,5704,101111010,6678,2012-03-18,6,OZ,4,1.6
3285650148,191,33,3310,101566515,22310,2012-10-14,4,OZ,1,1.99
3285650148,191,51,5115,107192171,18492,2013-01-06,21.6,OZ,1,3.67
3285650148,191,26,2630,103600030,9787,2013-01-20,68,CT,3,4
3285650148,191,97,9799,1072722373,6884,2013-03-17,1,CT,1,1.79
3285696504,46,57,5707,107047070,20230,2012-05-06,18,OZ,1,1.67
3285696504,46,56,5611,107015373,15468,2012-05-15,8,OZ,1,4.99
3285696504,46,97,9786,107900070,14977,2012-07-20,1,CT,1,7.99
3285696504,46,41,4120,102700020,8612,2013-03-17,6,OZ,1,0.61
3285698470,46,45,4516,104125040,11473,2012-08-08,64,OZ,2,21.38
3285750044,17,58,5827,103760030,8501,2012-09-08,12,OZ,2,7.49
3285750044,17,55,5552,102113020,15704,2012-12-01,48,OZ,1,-7.01
3285765457,88,22,2210,103700030,5174,2013-03-02,103,OZ,1,9.99
3285771821,95,37,3703,105100050,2820,2012-06-30,10.75,OZ,4,4.36
3285771821,95,9,907,101376414,29015,2012-09-05,20.5,OZ,1,4.49
3285771821,95,96,9609,1052898959,88199,2012-09-22,0,,1,-0.75
3285771821,95,27,2701,102310020,13705,2013-02-25,22,OZ,7,7
3285808388,48,99,9904,103338333,33170,2012-04-19,16,OZ,1,2.5
3285808388,48,26,2619,101122515,19197,2013-03-02,60,CT,1,3.48
3286387578,109,9,905,104300040,17447,2012-09-23,6,OZ,1,2.99
3286387578,109,59,5906,103450030,10165,2013-02-23,15,OZ,1,1.49
3286387578,109,33,3314,107417575,20614,2013-06-28,7.04,OZ,1,2.99
3286497960,21,63,6320,107954878,10165,2012-07-01,12,CT,1,2.49
3286518230,101,8,811,103620030,1698,2012-04-24,24,OZ,1,2.19
3286518230,101,9,902,102410020,44209,2012-07-16,21,OZ,1,3.99
3286524003,77,10,1004,104300040,26232,2012-04-05,3.4,OZ,2,2
3286524003,77,31,3111,104150040,6714,2012-04-13,6,OZ,1,3.49
3286524003,77,56,5607,107078474,18552,2012-06-02,12,OZ,1,2.6
3286524003,77,26,2609,104200040,5016,2012-11-29,160,CT,1,5.99
3286524003,77,56,5607,107078474,18552,2013-05-05,8,OZ,1,2.4
3286588351,143,96,9609,1051300050,88199,2012-03-25,0,,1,-1
3286588743,26,8,807,107460979,9524,2012-08-26,28,OZ,1,3.19
3286588743,26,9,921,104500040,8511,2012-09-11,4.5,OZ,4,4
3286608247,58,41,4105,101111010,9907,2012-07-22,28,OZ,2,2
3286608283,431,99,9908,103338333,33170,2012-11-19,16,OZ,1,1.04
3286608283,431,59,5902,103450030,10165,2013-03-04,16,OZ,4,10
3286624617,140,4,416,104000040,16765,2012-04-24,2.07,OZ,1,0.89
3286624617,140,25,2506,104127141,26189,2013-05-10,32,OZ,1,3.27
3286625488,140,72,7205,105310050,804,2013-02-23,5.6,OZ,1,2.99
3286625488,140,45,4511,107527878,6625,2013-06-07,32,OZ,1,7.99
3286627682,12,79,7903,107244070,27869,2012-10-28,1,CT,1,3.99
3286627682,12,79,7903,109256797,13776,2012-11-30,1,CT,1,3.99
3286628192,140,74,7402,104740040,7196,2012-12-08,2.5,OZ,1,1.79
3286632496,191,70,7002,105113151,52,2012-04-21,2,CT,1,3.39
3286647967,96,33,3303,102840020,10241,2012-11-21,10,OZ,2,4.28
3286647967,96,45,4511,102370020,18969,2012-12-08,29,OZ,2,14.38
3286648385,96,26,2634,104200040,14813,2012-07-18,12,RL,1,7.19
3286648385,96,33,3316,102410020,44209,2012-07-21,10.5,OZ,1,2.5
3286648453,96,45,4509,104440040,7504,2012-05-29,7.6,OZ,1,4
3286648453,96,41,4106,103003434,7175,2012-06-20,6.5,OZ,4,4
3286648453,96,8,814,102840020,18584,2012-09-01,15.5,OZ,1,3
3286648453,96,28,2804,107152474,10039,2012-11-07,4,OZ,1,1.29
3286648453,96,26,2630,103003434,7175,2012-12-05,80,CT,3,4.17
3286648757,96,34,3406,1066320464,23672,2012-06-16,3,OZ,1,5.37
3286648757,96,99,9908,103003434,28496,2013-03-02,8,OZ,1,1.25
3286661009,214,54,5401,103800030,5618,2012-04-21,29.6,OZ,1,3.64
3286661009,214,36,3603,1075417777,9778,2012-11-12,192,OZ,1,2.38
3286661009,214,33,3304,107115979,21142,2013-04-12,4,OZ,1,1.18
3286684873,214,71,7102,1030813737,9259,2013-01-25,13,OZ,1,2.98
3286685280,214,69,6901,107940070,4696,2012-10-07,2.6,OZ,1,3.83
3286685280,214,8,816,104122040,23511,2012-10-27,12,OZ,1,3.99
3286685280,214,97,9753,1020488929,0,2012-12-10,1,CT,1,0.28
3286692572,206,58,5827,108685484,10218,2012-03-25,12,OZ,2,5.96
3286692572,206,58,5814,104470040,10837,2012-05-12,11.1,OZ,1,3
3286692572,206,19,1908,108685484,10218,2012-12-22,18,OZ,1,2.18
3287049670,42,33,3318,104141949,3909,2012-04-02,7,OZ,1,1.99
3287049670,42,29,2914,102100020,9886,2012-07-27,7.25,OZ,1,1.59
3287260718,10,37,3706,104119646,14582,2013-02-13,19,OZ,1,1.34
3287260718,10,37,3705,104119646,14582,2013-04-20,18.5,OZ,1,2.19
3287260718,10,5,501,105844959,12466,2013-05-23,10.6,OZ,1,3.99
3287260718,10,36,3618,101200010,23361,2013-06-08,144,OZ,2,5.97
3287271385,377,4,416,104000040,16765,2012-10-07,1.78,OZ,1,0.99
3287286188,377,41,4107,1071754474,17649,2012-03-23,14.5,OZ,9,7.92
3287289863,24,63,6320,1071754474,17653,2013-03-01,18,CT,1,2.5
3287307263,507,97,9753,1049036040,0,2012-03-24,1,CT,1,4.19
3287308210,507,51,5106,103100030,9626,2012-07-15,7,OZ,1,1.97
3287308210,507,35,3509,102420020,14716,2013-01-27,36.6,OZ,1,8.35
3287360306,507,63,6315,107072070,31414,2012-05-06,32,OZ,1,2.49
3287361743,507,6,610,107084777,11910,2012-09-05,16,OZ,1,1.74
3287370170,507,36,3611,104900040,4599,2012-05-16,405.6,OZ,1,3.99
3287394426,508,58,5823,104470040,13310,2012-03-11,9,OZ,2,6.3
3287528211,31,49,4901,101312010,26885,2013-01-04,32,OZ,1,3.34
3287556293,85,63,6315,1060788060,16965,2013-02-18,128,OZ,1,2.99
3287556293,85,9,907,107294575,15878,2013-02-20,20,OZ,1,2.99
3287556948,21,53,5305,101450010,20864,2013-06-07,8,OZ,1,1.67
3287559275,21,23,2310,103133232,25962,2012-12-23,13,OZ,1,1.39
3287559275,21,23,2301,1089766080,15775,2013-04-11,16,OZ,5,9.95
3287588081,70,4,418,103400030,15113,2012-11-17,7.2,OZ,1,4.2
3287588081,70,9,970,103800030,62065,2013-04-13,14.7,OZ,2,4.98
3287602183,65,36,3601,104900040,3809,2012-03-09,67.6,OZ,1,1.25
3287615414,64,8,807,102100020,9886,2012-08-19,17.5,OZ,1,1.49
3287641699,165,9,908,107203676,7953,2012-04-19,10,OZ,1,5.99
3287641699,165,25,2509,107203676,7953,2012-05-10,32,OZ,3,5.61
3287641699,165,7,707,102550020,6550,2012-06-13,11.3,OZ,1,6.65
3287650992,58,28,2803,105410050,19509,2012-06-07,9,OZ,1,1
3287650992,58,36,3634,1078616272,7237,2012-07-02,101.4,OZ,2,9.98
3287650992,58,51,5125,105010050,8089,2012-10-16,12,OZ,2,4.38
3287650992,58,36,3627,107800070,23362,2013-02-23,144,OZ,1,4.99
3287657243,151,14,1411,103890030,5072,2012-04-05,20,OZ,2,3.1
3287657243,151,44,4404,102059323,74497,2013-04-10,24,OZ,2,6.38
3287657244,151,63,6319,101111010,9907,2012-04-26,128,OZ,1,1.99
3287657244,151,26,2634,104200040,14813,2012-06-08,4,RL,2,3.64
3287657244,151,63,6315,101111010,9907,2012-08-23,64,OZ,1,2.09
3287665982,89,10,1011,102400020,4704,2012-06-29,7,OZ,4,5.48
3287665982,89,0,0,10000,0,2012-10-26,0,,1,2.64
3287665982,89,63,6320,101111010,9907,2013-03-02,6,CT,1,0.89
3287670236,63,57,5710,107835575,61673,2012-09-01,24,OZ,1,3.49
3287670236,63,3,310,101111010,9907,2012-12-13,6,OZ,2,6.58
3287670236,63,26,2631,103700030,3293,2013-01-04,80,CT,1,4.29
3287678153,140,25,2506,105000050,32115,2013-06-04,32,OZ,1,3.54
3287682156,140,73,7304,104126040,9907,2013-04-09,10,OZ,1,3.97
3287682156,140,9,902,101410010,45039,2013-07-06,8,OZ,1,2.18
3287700151,96,40,4005,103003434,7175,2012-08-18,1.02,OZ,1,2.49
3287700151,96,29,2905,103003434,7175,2013-02-10,14,OZ,2,2
3287700151,96,0,0,10000,0,2013-02-22,0,,1,0
3287701617,96,8,810,105210050,11382,2012-12-10,1.6,OZ,1,1.99
3287701617,96,36,3630,101200010,13794,2013-02-24,144,OZ,1,2.75
3287701782,96,63,6315,103003434,7175,2012-05-26,128,OZ,1,3.59
3287701782,96,0,0,10000,0,2012-08-08,0,,2,0
3287701782,96,35,3509,103320030,875,2012-10-02,44.09,OZ,3,20.97
3287701782,96,63,6315,103003434,7175,2012-11-20,128,OZ,1,3.89
3287721420,214,99,9908,103710232,11930,2013-01-15,8,OZ,1,1.78
3287777770,46,92,9208,104145747,7487,2012-04-11,2,CT,2,7.68
3287777770,46,30,3010,1085986282,71190,2013-01-24,16,OZ,1,2.99
3287789356,46,56,5607,102100020,13967,2012-06-09,8,OZ,2,4
3287789356,46,25,2509,104125040,11473,2013-04-07,16,OZ,1,1.38
3287826886,360,7,707,107103878,25424,2012-03-21,11,OZ,1,5.59
3287826886,360,54,5401,104173545,14456,2012-06-23,12.3,OZ,1,2
3287826886,360,29,2903,106414464,3342,2012-09-01,14.5,OZ,1,1
3287826886,360,5,501,104173545,14456,2012-09-26,21,OZ,1,3.29
3287828639,360,99,9908,103260131,5489,2012-12-22,32,OZ,1,2.99
3288094260,42,33,3305,102840020,5141,2012-07-21,11.5,OZ,1,4.29
3288244488,285,34,3411,107940070,17521,2013-02-20,12,OZ,1,1.75
3288244939,285,58,5824,104450040,8318,2012-04-06,13,OZ,2,5.89
3288245819,116,41,4105,102400020,4704,2013-06-04,14.5,OZ,1,1.69
3288249541,116,9,907,107102575,102885,2013-06-04,15,OZ,1,4.19
3288339601,507,97,9753,1049002040,0,2012-05-24,1,CT,1,2.99
3288427116,508,9,922,102430020,10577,2012-07-26,13,OZ,1,1.6
3288499778,510,63,6320,108523989,11176,2012-07-31,12,CT,1,1.56
3288571926,21,28,2801,104470040,3640,2012-07-19,32,OZ,1,3.69
3288572767,21,67,6705,107830070,14142,2012-04-28,1,CT,1,3.97
3288572767,21,36,3631,104900040,1414,2012-05-23,67.6,OZ,1,1.5
3288572767,21,37,3705,105100050,2820,2012-11-13,18.8,OZ,4,8
3288573011,21,32,3203,104119040,16347,2013-02-08,5,OZ,1,1.99
3288594872,101,22,2207,106233868,15197,2013-02-20,12,OZ,1,3.19
3288621793,65,27,2702,101780010,30972,2013-01-03,15.5,LB,1,15.99
3288622906,70,5,519,103000030,14760,2013-06-09,12.3,OZ,1,2.69
3288640667,64,29,2914,1072543979,40679,2012-10-13,7.25,OZ,4,2.68
3288658895,165,55,5552,107756777,2347,2012-12-21,48,OZ,1,2.5
3288658911,165,36,3611,104900040,4599,2012-10-27,405.6,OZ,2,9.98
3288658911,165,25,2506,104127141,26189,2012-12-04,32,OZ,1,3.49
3288659746,165,71,7112,1069223767,12271,2012-03-12,24,OZ,1,3.99
3288659746,165,53,5307,107203676,7953,2012-06-05,16,OZ,1,2.19
3288659746,165,11,1112,1083373585,14820,2012-06-20,9.7,OZ,1,5.65
3288659746,165,56,5617,102100020,9886,2012-07-05,12,OZ,1,2.99
3288659746,165,73,7302,1030057333,250,2013-01-23,80,CT,1,9.19
3288660103,165,63,6305,102500020,11749,2012-05-26,59,OZ,1,2.77
3288660103,165,97,9781,10000,8255,2012-07-14,1,CT,1,-2.38
3288660103,165,65,6503,105100050,13791,2012-11-17,17.3,OZ,5,19.95
3288660103,165,63,6315,103573333,18897,2012-12-01,32,OZ,1,1.89
3288660103,165,33,3305,102840020,5141,2013-02-23,11.5,OZ,1,2.88
3288660103,165,51,5121,104369545,8522,2013-05-18,7.5,OZ,2,4
3288664075,26,8,818,105100050,14403,2012-03-16,23.25,OZ,1,1.92
3288664075,26,55,5552,107756777,2347,2012-05-27,48,OZ,1,2.5
3288664075,26,9,906,104300040,16249,2012-06-24,7,OZ,1,2.99
3288664075,26,36,3601,104900040,3809,2013-02-16,144,OZ,2,6
3288669171,89,51,5115,102066222,12598,2012-04-12,13.9,OZ,1,6.99
3288669171,89,32,3203,101111010,9907,2012-07-02,6,OZ,1,2.39
3288669171,89,55,5558,104767747,16765,2012-11-24,12,OZ,1,2.99
3288674027,211,36,3604,107227575,69811,2012-08-23,72,OZ,1,2.79
3288674027,211,33,3304,102840020,6777,2012-12-22,22,OZ,1,4.48
3288674027,211,95,9518,1072047373,7848,2013-01-21,1,CT,1,2.99
3288682444,12,31,3105,101440010,1321,2012-03-30,0.6,OZ,2,0.96
3288689228,63,92,9210,104155444,11347,2012-03-12,1.6,OZ,1,9.29
3288689228,63,58,5823,101590010,1366,2012-08-30,16,OZ,1,4.49
3288690032,140,9,901,103010030,15828,2012-04-05,12.8,OZ,1,3.79
3288690032,140,8,817,102700020,8612,2012-08-01,24,OZ,2,2
3288690032,140,18,1828,103700030,6236,2012-09-16,1,CT,1,1.99
3288690032,140,96,9609,1058087858,88199,2013-01-20,0,,1,-3
3288690032,140,23,2301,107680878,1393,2013-03-28,12,OZ,1,1.38
3288692549,140,9,908,1070173070,16706,2012-07-28,12,OZ,1,2.99
3288692549,140,4,410,107920070,20031,2013-05-02,5,OZ,1,1
3288693258,140,0,0,10000,0,2012-10-19,0,,1,0
3288693258,140,28,2804,107423474,15809,2012-12-21,7.5,OZ,1,1.99
3288693258,140,64,6409,108500080,18898,2013-01-03,0.75,LT,2,11.18
3288693699,140,9,912,104157343,16706,2012-08-01,18,OZ,1,1.99
3288693699,140,51,5122,107527878,6625,2012-08-21,42.72,OZ,1,5.99
3288693699,140,53,5307,101111010,9907,2013-04-25,12,OZ,2,2.49
3288698383,140,99,9904,1081204989,27736,2012-06-29,1,CT,1,2.99
3288718079,96,37,3705,105100050,2820,2012-11-10,18.8,OZ,2,4
3288718079,96,14,1404,103732333,12209,2013-03-14,24,OZ,2,5
3288718118,96,63,6315,103003434,7175,2013-01-08,128,OZ,3,7.5
3288722247,214,73,7304,104122040,23511,2012-03-10,10,OZ,1,4
3288731255,214,9,907,104122040,23511,2012-03-02,17.75,OZ,2,3.36
3288731255,214,19,1908,104122040,20514,2012-03-03,18,OZ,2,4.9
3288731255,214,18,1813,105113151,29011,2012-03-03,1,RL,2,1.98
3288731255,214,30,3008,104122040,20514,2012-03-04,24,OZ,2,4.72
3288731255,214,35,3509,103700030,6947,2012-03-04,100,OZ,4,43.88
3288731255,214,1,103,101500010,7142,2012-03-04,7,OZ,1,0.96
3288731255,214,51,5125,107265575,8089,2012-03-05,9,OZ,1,1.94
3288731255,214,96,9609,1050000050,88199,2012-03-06,0,,7,-6.87
3288731255,214,23,2301,101270010,16555,2012-03-07,12,OZ,3,3.64
3288731255,214,63,6311,104850040,5072,2012-03-07,59,OZ,2,5
3288731255,214,56,5620,102100020,9886,2012-03-07,8,OZ,5,12.6
3288731255,214,55,5559,107189979,2010,2012-03-08,48,OZ,2,6
3288731255,214,72,7214,102200020,13228,2012-03-08,54,CT,3,6.36
3288731255,214,26,2614,1030800434,17323,2012-03-09,22,CT,1,2.86
3288731255,214,26,2633,103040030,683,2012-03-10,4,RL,1,1.08
3288731255,214,97,9724,1087293282,6236,2012-03-11,1,CT,1,13.88
3288731255,214,64,6401,103410030,11704,2012-03-16,72,OZ,1,5.26
3288731255,214,58,5811,107929676,10737,2012-03-17,8,OZ,1,1.67
3288731255,214,33,3316,102840020,12186,2012-03-17,8,OZ,2,5.56
3288731255,214,30,3001,104800141,8178,2012-03-17,48,OZ,1,6.34
