695364732,2,44,4404,101111010,9907,2012-10-29,13,OZ,1,2.69
695365866,12,64,6401,101820010,2595,2013-03-01,24,OZ,1,1.49
695367020,26,36,3626,107800070,16223,2012-07-04,144,OZ,4,10
695367020,26,22,2210,103700030,6947,2013-04-19,9.7,OZ,1,3.99
695373030,191,99,9908,1070679272,11277,2012-10-21,32,OZ,1,5.48
695374303,126,9,908,102560020,18051,2013-02-12,10,OZ,1,2.99
695377722,12,5,501,103800030,15251,2013-01-09,18,OZ,1,3.87
695377722,12,8,810,105210050,11382,2013-01-25,1.31,OZ,1,1.99
695391617,12,63,6305,104850040,18799,2012-12-13,89,OZ,1,5.79
695393139,211,33,3305,102840020,15870,2012-03-15,11,OZ,1,2
695393139,211,73,7302,101111010,9907,2012-11-10,50,CT,1,1.23
695395098,191,0,0,10000,0,2013-05-03,0,,1,0
695398372,191,0,0,10000,0,2012-05-10,0,,1,0
695398372,191,99,9909,1082486282,18063,2013-02-26,12.74,OZ,1,3.29
695400176,26,26,2609,104116545,16879,2012-08-03,22,CT,1,3.59
695400176,26,43,4302,101111010,9907,2013-03-01,8,OZ,1,1
695409271,151,56,5618,101111010,9907,2012-05-28,12,OZ,1,1.5
695409271,151,8,826,101760010,10744,2012-06-02,12,OZ,1,1.69
695409271,151,8,826,107550070,18204,2012-10-28,6,OZ,2,2.58
695409271,151,41,4109,101111010,9907,2012-11-04,16,OZ,1,0.64
695409271,151,36,3626,104900040,17186,2012-12-30,144,OZ,1,4.99
695413527,151,7,707,101111010,9907,2012-08-20,34.5,OZ,1,5.99
695413527,151,67,6706,1030052131,19243,2013-01-22,1.75,OZ,1,1.69
695413527,151,4,416,102800020,2631,2013-01-25,3.9,OZ,2,1.76
695414755,83,29,2908,104600040,13023,2012-11-03,31,OZ,1,2.99
695414755,83,53,5307,101111010,9907,2013-01-07,12,OZ,8,10.08
695415481,431,5,501,101600010,3331,2013-02-20,12,OZ,1,1.99
695421014,143,9,907,101111010,9907,2012-08-19,14.5,OZ,1,1.67
695436102,89,22,2214,102420020,14716,2012-08-22,28,OZ,1,5.39
695436102,89,63,6328,101111010,9907,2012-12-23,24,OZ,1,2.5
695437811,211,63,6305,104850040,18799,2012-04-05,59,OZ,1,3.28
695437811,211,64,6401,101820010,11616,2013-01-23,144,OZ,1,11.99
695448212,126,99,9909,101111010,85048,2012-09-03,5,OZ,1,3
695452125,126,18,1813,101111010,12987,2012-05-04,3,RL,1,2.79
695452125,126,25,2508,101111010,85048,2013-01-18,64,OZ,2,5
695452125,126,21,2106,105100050,27873,2013-07-19,64,OZ,1,1.99
695459270,89,63,6305,104850040,18799,2012-09-02,89,OZ,1,5.79
695459270,89,55,5558,101111010,9907,2013-01-24,36,OZ,1,2.99
695459274,63,27,2707,101780010,95301,2012-05-20,3.5,LB,1,8.99
695459274,63,56,5615,101111010,9907,2013-06-15,8,OZ,1,1.79
695462636,58,63,6315,101111010,9907,2013-03-05,64,OZ,1,1
695486096,23,56,5615,107283070,18390,2013-03-27,32,OZ,1,4.99
695491782,126,4,418,104126040,9907,2012-09-09,5,OZ,1,1.35
695491782,126,4,421,104126040,9907,2013-05-05,14,OZ,1,0.9
695491782,126,57,5704,101111010,9907,2013-06-09,6,OZ,6,2.16
695494293,63,58,5833,101111010,9907,2012-06-15,40,OZ,1,10
695498990,83,96,9609,1057231050,88199,2013-01-11,0,,1,-1.25
695503031,58,9,907,101111010,9907,2013-03-12,12,OZ,1,0.99
695508418,151,8,817,102700020,8612,2012-10-10,24,OZ,2,2
695508418,151,8,807,1078099373,6126,2013-05-11,20,OZ,1,3.29
695512686,89,56,5616,101111010,9907,2013-07-20,6,OZ,1,2
695513635,83,26,2611,103600030,4814,2012-10-20,16,CT,1,12.19
695513635,83,70,7001,101111010,9907,2013-04-30,2.5,OZ,2,2.14
695514528,191,5,502,1071219979,23859,2012-12-09,0.75,OZ,9,4.5
695514528,191,5,502,1071219979,23859,2013-02-17,0.75,OZ,10,4
695514528,191,63,6312,105020050,52045,2013-03-10,64,OZ,1,1.89
695517020,143,8,821,107505070,8546,2013-02-03,11.5,OZ,1,4.49
695521701,211,9,907,101111010,9907,2012-07-09,11,OZ,1,1
695524309,26,99,9904,105410757,33170,2012-03-13,48,OZ,1,4.88
695524309,26,9,917,101111010,9907,2012-04-15,17.5,OZ,1,1.69
695524309,26,49,4903,101111010,9907,2012-07-21,19,OZ,1,1.99
695524309,26,78,7801,107001171,12696,2013-01-18,2,CT,1,2.49
695527863,89,23,2301,1076738777,5261,2012-08-02,13.25,OZ,4,10.76
695527863,89,32,3202,105150050,4307,2012-12-21,48,OZ,1,3.99
695527863,89,56,5617,102100020,9886,2013-05-16,12,OZ,2,5.98
695533724,12,56,5620,1087145989,75560,2012-12-22,8,OZ,1,4.99
695533724,12,53,5307,101111010,9907,2013-04-04,12,OZ,2,2
695534256,143,96,9609,1051450050,88199,2013-03-04,0,,2,-2
695547106,12,95,9518,1061029060,7848,2012-05-13,1,CT,1,3.69
695547106,12,50,5001,102113121,11151,2013-04-14,16,OZ,1,2.77
695547276,63,33,3307,101111010,9907,2012-03-07,10,OZ,1,1.29
695563189,63,51,5115,107192171,25673,2012-08-18,32.5,OZ,1,4.49
695563189,63,27,2705,105000050,6775,2012-08-18,5.5,OZ,2,1.1
695563189,63,55,5552,104154848,5603,2012-08-28,48,OZ,2,5.98
695569538,26,8,818,105100050,14403,2012-07-06,23.5,OZ,1,1.89
695569538,26,96,9609,1057590050,88199,2012-11-30,0,,2,-1.5
695573462,211,0,0,10000,0,2012-06-05,0,,1,0
695573462,211,8,818,103620030,14868,2012-10-01,24,OZ,1,1.77
695573462,211,56,5614,101111010,9907,2012-11-15,12,OZ,1,3.89
695573462,211,99,9908,101111010,9907,2013-01-14,32,OZ,1,1.69
695573462,211,7,707,101111010,9907,2013-03-24,31.5,OZ,1,7.99
695573462,211,0,0,10000,0,2013-04-05,0,,1,0
695579980,211,21,2113,102500020,11749,2012-03-13,67.5,OZ,1,3.89
695579980,211,36,3611,101111010,9907,2012-03-24,540.8,OZ,1,3.59
695579980,211,21,2105,104900040,14357,2012-07-24,160,OZ,1,4.99
695579980,211,63,6319,101111010,9907,2012-10-13,128,OZ,2,2.98
695579980,211,0,0,10000,0,2013-04-23,0,,1,0
695579980,211,63,6315,101111010,9907,2013-05-03,128,OZ,1,2.69
695579980,211,63,6319,101111010,9907,2013-06-02,128,OZ,6,6
695580475,89,57,5710,103663232,4568,2012-08-27,5.3,OZ,1,1
695580475,89,28,2801,103820030,19219,2012-10-11,1,OZ,1,1.39
695584767,126,56,5621,101111010,9907,2012-07-05,16,OZ,1,3.49
695584767,126,26,2609,104200040,5016,2012-07-08,40,CT,1,4.85
695584767,126,33,3315,103010030,9530,2013-02-17,6,OZ,1,3.49
695585651,26,99,9908,101111010,9907,2012-08-16,16,OZ,1,2.5
695585651,26,37,3707,105100050,17812,2012-10-04,14.5,OZ,1,1.39
695585651,26,51,5123,102113121,11151,2012-11-02,31,OZ,1,5.81
695585651,26,99,9908,101111010,9907,2012-11-23,16,OZ,2,1.99
695585651,26,8,816,104380848,64237,2013-01-26,16,OZ,1,2.09
695587970,126,5,519,101111010,9907,2012-04-09,15,OZ,1,1.5
695587970,126,57,5704,101111010,20588,2013-03-18,5.3,OZ,3,3
695590135,26,64,6401,103410030,11704,2012-07-01,144,OZ,1,9.99
695591059,191,56,5609,102640020,4584,2012-12-26,16,OZ,1,2
695591059,191,4,418,101070010,19846,2013-03-05,10,OZ,1,2
695592993,89,63,6320,101111010,85048,2012-12-13,12,CT,1,2.69
695601051,83,9,902,101410010,45039,2012-07-12,6.6,OZ,1,1.49
695603818,143,96,9609,1057790050,88199,2013-01-19,0,,1,-0.55
695603818,143,1,106,101500010,7142,2013-01-26,2.5,OZ,4,4.16
695609520,83,26,2629,101111010,9907,2012-09-06,120,CT,1,1
695612832,83,63,6315,101111010,9907,2012-05-25,128,OZ,1,2.49
695614280,12,9,914,107343575,9705,2012-03-31,4.4,OZ,2,2.18
695614280,12,9,912,107916474,20785,2012-05-07,30,OZ,1,2.99
695614280,12,8,810,107052878,11382,2012-06-02,1,OZ,2,2.18
695614280,12,9,902,102410020,44209,2012-11-07,13.7,OZ,1,2.99
695614280,12,40,4004,104100040,10522,2013-03-22,6,OZ,1,3.19
695618758,89,33,3303,108411484,9596,2012-05-09,8.5,OZ,2,4.98
695624177,191,9,913,101111010,6678,2013-04-12,13,OZ,1,1.25
695628405,83,27,2702,102310020,13705,2013-05-26,17,LB,1,12.99
695633914,26,4,418,101070010,19846,2013-03-21,10,OZ,1,2
695637957,63,97,9753,1021170424,0,2013-07-03,1,CT,1,2.25
695641686,23,9,901,104400040,85927,2012-05-10,8.8,OZ,1,2.99
695647678,89,5,516,103000030,14760,2012-09-02,6.1,OZ,2,4.78
695647678,89,36,3631,104900040,1414,2012-12-20,67.6,OZ,1,0.99
695647678,89,60,6001,101800010,14029,2013-01-27,16,OZ,1,2.79
695652382,98,4,421,104000040,16565,2013-04-30,2.17,OZ,1,0.5
695656018,143,0,0,10000,0,2012-10-30,0,,3,-5.36
695656018,143,56,5617,101111010,9907,2013-01-01,16,OZ,1,3.34
695656018,143,36,3612,101111010,9907,2013-02-09,128,OZ,1,0.87
695656018,143,9,907,105040050,95440,2013-02-16,12,OZ,1,2.49
695656018,143,33,3305,102840020,5141,2013-03-10,3.38,OZ,1,1.49
695659008,211,18,1828,103700030,6236,2012-11-20,1,CT,1,3.99
695659008,211,33,3304,102840020,6777,2012-11-28,10.5,OZ,1,2
695659390,26,36,3632,107800070,4354,2012-05-22,144,OZ,1,3.34
695659390,26,36,3618,104900040,23359,2012-05-22,144,OZ,1,3.33
695659390,26,37,3703,105100050,2820,2012-08-27,10.75,OZ,1,1.58
695661570,83,36,3628,101200010,12029,2013-02-03,67.6,OZ,1,1.5
695667058,211,63,6311,101111010,9907,2012-08-18,64,OZ,1,1.67
695667058,211,5,501,103800030,758,2013-01-01,17,OZ,1,2.89
695667058,211,51,5124,107100777,5656,2013-01-09,32,OZ,1,3.38
695697055,89,99,9904,1071575676,5278,2012-07-01,16,OZ,1,1.67
695697055,89,51,5126,107007777,17950,2012-07-15,12,OZ,1,2.5
695710949,126,21,2105,104900040,14357,2012-04-15,32,OZ,10,10
695710949,126,9,901,101111010,9907,2012-09-23,24,OZ,1,9.99
695719990,126,63,6315,101111010,9907,2012-12-22,64,OZ,1,2.59
695719990,126,33,3302,107615070,194,2013-01-13,16.5,OZ,1,3.85
695724471,98,7,706,101200010,17286,2012-03-04,13.7,OZ,2,4.98
695730636,143,96,9609,1057630151,88199,2013-01-03,0,,1,-1
695730636,143,9,907,107294575,15878,2013-03-21,20,OZ,1,2
695732061,431,55,5552,107077878,14720,2012-03-02,48,OZ,1,5.99
695732061,431,59,5907,102900020,2012,2012-10-17,16,OZ,1,0.93
695732061,431,60,6001,105000050,30272,2013-01-02,16.5,OZ,1,2.25
695732369,89,63,6320,101111010,9907,2012-04-02,18,CT,1,2.09
695732369,89,45,4509,101111010,9907,2012-10-09,12,OZ,1,3.99
695732369,89,99,9904,103338333,33170,2012-10-09,48,OZ,1,2.99
695734398,143,36,3626,104900040,17186,2012-10-27,42.2,OZ,1,1
695734398,143,33,3308,102840020,3336,2013-01-12,6,OZ,1,2.49
695738304,83,33,3305,101111010,9907,2012-05-06,10,OZ,1,1
695738304,83,96,9609,1053800050,88199,2012-08-10,0,,1,-1
695738304,83,71,7114,105233656,26006,2013-02-10,2,OZ,1,2.74
695738304,83,55,5558,101111010,9907,2013-07-13,18.4,OZ,2,4
695738317,431,26,2628,103700030,2248,2012-09-05,8,RL,1,8.7
695738317,431,64,6401,101820010,11616,2013-06-03,72,OZ,1,6.49
695740966,89,54,5401,103800030,5618,2012-04-26,12.3,OZ,1,3.29
695745425,191,0,0,10000,0,2012-11-19,0,,1,0
695745902,143,56,5609,102100020,2321,2012-08-09,16,OZ,1,2.69
695748720,12,1,106,101500010,7142,2012-04-07,5,OZ,3,3
695756087,151,36,3628,101200010,12029,2012-09-14,20,OZ,1,1.79
695761744,89,4,416,104000040,56360,2012-08-03,2.13,OZ,1,0.89
695761744,89,36,3631,107800070,23209,2013-02-19,144,OZ,2,7.34
695764683,191,3,304,101111010,9907,2012-04-05,8,OZ,2,2.98
695765510,191,64,6407,101302212,46525,2013-02-14,0.75,LT,1,12.19
695766980,89,18,1802,104316848,25919,2012-11-17,2,CT,1,3.89
695767294,83,34,3411,101700010,4912,2012-03-08,16,OZ,1,2.86
695767294,83,19,1904,101111010,9907,2012-04-21,32,OZ,1,5.49
695767294,83,25,2506,104127141,26189,2012-09-05,32,OZ,1,2.99
695767294,83,73,7302,104126040,9907,2012-12-28,100,CT,1,3.99
695767294,83,63,6316,101111010,9907,2013-03-15,16,OZ,1,0.85
695768212,126,8,810,107029272,20610,2013-01-07,2.75,OZ,2,1.98
695780635,431,5,517,103800030,17050,2012-06-07,4.6,OZ,2,4.74
695780635,431,0,0,10000,0,2012-07-31,0,,2,0
695780635,431,0,0,10000,0,2012-10-14,0,,2,0
695780635,431,42,4220,101111010,9907,2013-03-12,32,OZ,2,4.98
695780635,431,5,501,1088491282,86364,2013-03-29,16,OZ,1,2.5
695781807,126,18,1890,107095070,1301,2012-07-23,1,CT,2,7.94
695786332,191,57,5704,107047070,20230,2012-05-22,6,OZ,3,1.8
695786332,191,63,6305,101630010,6509,2012-09-13,59,OZ,2,6.76
695786332,191,21,2106,103120030,12957,2012-09-28,64,OZ,1,2.79
695786332,191,9,907,101111010,4181,2012-10-07,24,OZ,1,2
695786332,191,58,5836,107778272,9260,2012-12-24,12,OZ,2,5.98
695786438,211,33,3303,101111010,9907,2012-04-04,8.5,OZ,1,2.19
695786438,211,28,2805,101111010,9907,2013-03-06,13.5,OZ,1,2.96
695791035,89,3,310,101111010,9907,2012-06-13,2.25,OZ,1,1.59
695792065,98,22,2207,1075703777,13386,2012-03-29,21.5,OZ,2,7.98
695792065,98,43,4302,104300040,4030,2013-01-29,8,OZ,2,3.38
695792065,98,29,2928,105480050,19039,2013-02-27,8.8,OZ,3,5.97
695792872,191,96,9609,1054000050,88199,2012-03-27,0,,1,-1
695793136,126,63,6317,104157040,2017,2012-11-26,64,OZ,1,3.14
695793136,126,0,0,10000,0,2012-12-31,0,,1,0
695793136,126,63,6315,101111010,85048,2012-12-31,128,OZ,1,6.29
695796343,26,26,2622,101111010,9907,2012-04-15,15,CT,1,1.29
695796343,26,63,6315,101111010,9907,2012-10-06,128,OZ,1,2.69
695796343,26,58,5824,101111010,9907,2013-02-08,18,OZ,1,3.87
695796343,26,26,2628,103040030,17034,2013-04-27,2,RL,1,3.29
695801030,191,26,2628,104200040,2308,2012-03-04,1,RL,1,1.25
695801030,191,37,3705,105100050,2820,2013-01-21,18.8,OZ,3,5
695801030,191,0,0,10000,0,2013-02-26,0,,1,0
695801030,191,10,1011,104300040,26232,2013-05-01,8.9,OZ,1,2.49
695802693,126,96,9609,1053377656,88199,2012-03-18,0,,1,-1.5
695802693,126,45,4514,101111010,9907,2013-02-15,48,OZ,1,5.74
695802693,126,53,5309,102000020,7655,2013-03-30,6,CT,1,2.79
695804858,126,36,3626,104900040,17186,2012-12-13,240,OZ,1,6.79
695810126,191,33,3305,104886747,9327,2012-11-28,15,OZ,1,2.39
695810126,191,5,501,103000030,58434,2013-05-01,12.5,OZ,1,1.88
695810457,151,6,607,107007474,5810,2012-03-19,32,OZ,1,7.99
695810548,12,9,907,101111010,9698,2012-07-16,24,OZ,1,1.25
695810548,12,25,2506,104127141,26189,2012-11-28,32,OZ,1,2.99
695810548,12,32,3202,101111010,9907,2013-02-01,128,OZ,1,7.07
695813287,126,10,1004,104300040,26232,2012-06-01,5.9,OZ,1,1
695813287,126,33,3307,101411313,23033,2012-12-28,8,OZ,1,3.99
695814888,89,63,6315,101111010,9907,2012-08-19,128,OZ,1,2.39
695817923,89,99,9908,101111010,9907,2012-06-09,160,OZ,1,3.79
695818826,12,63,6399,1063912363,29075,2012-09-04,5.5,OZ,1,4.49
695822140,151,5,501,103800030,758,2013-04-04,12.2,OZ,1,3.45
695822523,12,33,3303,1070816373,25277,2012-03-05,9,OZ,1,2.99
695826132,133,55,5555,107457070,26051,2013-03-06,14,OZ,1,4.49
695830204,26,51,5133,1071785474,11614,2012-10-24,5,OZ,1,1
695830992,83,51,5126,101380010,27474,2013-06-03,12,OZ,1,2.37
695831046,26,36,3611,101111010,9907,2012-08-17,405.6,OZ,2,5.98
695831282,211,25,2506,105000050,32115,2012-03-27,32,OZ,1,3.61
695831282,211,18,1828,103700030,6236,2013-02-02,2,CT,1,7.99
695831282,211,41,4106,101111010,9907,2013-05-16,7,OZ,2,1.52
695838609,83,8,816,1064767161,6994,2012-03-14,16,OZ,1,3.99
695838609,83,8,817,102700020,8612,2012-09-13,24,OZ,1,1
695838609,83,21,2105,105200050,7054,2013-01-15,32,OZ,2,2
695842067,151,45,4509,1064735767,21150,2012-12-29,64,OZ,1,23.96
695843556,83,9,907,103967737,35232,2013-03-30,24,OZ,1,3.69
695846139,12,51,5128,1071868777,5922,2012-08-01,9,OZ,2,8.38
695846139,12,59,5902,1074236575,8499,2012-09-28,16,OZ,1,5.39
695846139,12,51,5125,101380010,10271,2012-10-12,9.75,OZ,4,8
695850398,191,91,9131,1072105979,2817,2012-06-29,0.75,LT,1,33.99
695850398,191,8,814,104156545,13412,2012-11-06,24,OZ,1,3.48
695850538,431,96,9632,107675070,22598,2012-08-26,1,CT,2,100
695854617,89,53,5307,101111010,9907,2012-10-10,12,OZ,1,2.79
695854617,89,63,6305,102500020,11749,2013-02-23,59,OZ,1,2.49
695863230,126,54,5403,101800010,14029,2012-04-17,11.5,OZ,3,7.05
695863230,126,59,5907,102740020,16291,2012-06-17,15,OZ,1,1.5
695863230,126,33,3305,102840020,18584,2012-08-05,13,OZ,2,6
695866404,191,63,6311,101405414,12973,2013-02-20,32,OZ,1,2.99
695867957,83,9,901,101111010,9907,2012-07-23,15,OZ,1,1.99
695871340,191,20,2002,105100050,27873,2012-03-19,46,OZ,2,4
695871340,191,55,5559,101111010,4020,2012-03-27,19.8,OZ,1,2.19
695871340,191,58,5823,104450040,8318,2012-08-06,8,OZ,1,3.34
695871340,191,97,9709,107575575,18536,2012-09-07,1,CT,1,1.99
695871340,191,95,9517,104122646,28092,2012-12-08,24,CT,1,2.99
695871514,191,95,9518,1088351585,25075,2012-03-06,1,CT,1,1.19
695871514,191,64,6401,103410030,8206,2012-04-24,144,OZ,1,11.99
695871514,191,37,3709,104178949,11224,2013-03-03,2.25,OZ,2,1
695872800,151,30,3009,102100020,9886,2013-01-29,16,OZ,1,1.49
695873943,98,9,907,107225070,12465,2012-04-18,20,OZ,1,2.79
695878097,191,29,2914,102100020,19279,2012-12-14,9.56,OZ,1,2.99
695887054,63,9,922,102430020,10577,2013-02-03,13,OZ,1,0.99
695889933,83,63,6315,101111010,9907,2012-05-01,128,OZ,2,4.98
695902247,26,56,5607,102100020,13967,2012-05-26,8,OZ,1,2.49
695902247,26,25,2503,101111010,9907,2012-09-17,16,OZ,1,2.49
695902247,26,8,805,107105373,3831,2013-02-01,4,OZ,1,2.09
695902885,191,63,6320,101111010,6678,2012-12-05,12,CT,1,2.19
695905739,83,63,6315,101111010,9907,2012-08-11,128,OZ,1,2.49
695906313,89,9,907,101111010,9907,2013-02-28,20,OZ,1,1
695907401,26,8,810,101111010,9907,2012-07-29,1.25,OZ,1,0.47
695907401,26,25,2509,104126040,9041,2012-09-16,16,OZ,1,1.69
695907401,26,59,5902,101111010,9907,2012-11-14,16,OZ,1,2.5
695912351,89,8,805,101111010,9907,2012-03-21,10,OZ,1,2.61
695912351,89,63,6320,101111010,9907,2012-06-05,12,CT,1,1
695912351,89,58,5823,101111010,6678,2012-08-09,16,OZ,1,2.88
695912351,89,25,2506,105000050,32115,2013-01-05,32,OZ,1,3.64
695916113,98,3,307,101111010,9907,2012-08-18,16,OZ,1,0.99
695924202,126,31,3101,107426373,48665,2012-05-14,16,OZ,1,2.87
695924202,126,0,0,10000,0,2012-08-29,0,,1,0
695924202,126,64,6409,108500080,39227,2012-09-25,0.19,LT,1,1.25
695924202,126,27,2701,101113212,491,2012-12-31,13.2,OZ,2,1.5
695924202,126,74,7402,1084105888,16559,2013-01-04,10,OZ,1,1.99
695924438,431,10,1013,101111010,9907,2012-09-15,16,OZ,2,3.38
695924438,431,33,3301,102840020,16680,2012-11-04,7.5,OZ,1,4.29
695924438,431,4,418,103400030,1991,2012-11-04,9.6,OZ,2,6
695924438,431,72,7205,103700030,4294,2012-12-30,6,OZ,1,3.77
695925723,89,18,1841,103700030,17864,2012-03-02,42.2,OZ,1,5.99
695926603,191,63,6317,1074447373,16798,2012-12-10,64,OZ,1,2.99
695931013,211,25,2506,105000050,32115,2012-05-11,32,OZ,2,5.58
695931013,211,96,9609,1053800050,88199,2012-08-10,0,,1,-1
695931013,211,4,421,104126040,9907,2012-10-02,14,OZ,2,3
695939394,89,5,516,101600010,12426,2013-01-16,17.8,OZ,1,6.09
695942533,83,9,907,101111010,9907,2012-04-15,16,OZ,1,1.49
695942533,83,21,2106,101111010,9907,2013-04-28,64,OZ,1,2.09
695944313,143,34,3411,103700030,8993,2012-11-24,12,OZ,1,1.99
695944313,143,27,2712,101111010,26789,2013-04-20,52,OZ,1,5.69
695946373,63,55,5552,101111010,9907,2012-05-14,56,OZ,2,3.28
695946821,89,99,9904,1071575676,5278,2012-03-15,16,OZ,1,2
695946821,89,64,6401,101820010,11616,2012-07-09,72,OZ,1,6.99
695946821,89,9,901,104400040,13243,2012-07-14,15.5,OZ,1,3.19
695954513,26,63,6323,101111010,9907,2012-04-05,128,OZ,1,3.19
695954513,26,63,6315,101111010,9907,2012-07-09,64,OZ,13,16.25
695954513,26,44,4404,101111010,9907,2012-10-09,14,OZ,1,1.79
695954513,26,96,9609,1057218050,88199,2012-10-09,0,,1,-1
695954894,191,8,805,101111010,20588,2012-04-06,0.9,OZ,2,2.67
695954894,191,33,3307,101111010,9907,2012-05-11,12,OZ,1,1.99
695954894,191,18,1813,101111010,9907,2012-10-17,1,RL,1,0
695954894,191,0,0,10000,0,2013-01-07,0,,1,0
695958054,58,63,6315,101111010,9907,2013-03-14,128,OZ,1,2.69
695962986,191,4,427,102200020,506,2012-07-29,1.76,OZ,2,2
695962986,191,0,0,10000,0,2012-09-16,0,,1,0
695962986,191,27,2710,101111010,28040,2013-03-16,10,LB,1,1.79
695964833,83,45,4515,107254575,61490,2012-03-04,9,OZ,1,5.29
695964833,83,55,5552,101111010,9907,2012-12-22,48,OZ,1,2.5
695964833,83,9,901,101111010,9907,2013-01-12,6.75,OZ,1,2.39
695964833,83,36,3611,101111010,9907,2013-02-02,405.6,OZ,1,3.47
695967595,191,33,3305,102840020,5141,2012-03-12,11.5,OZ,1,2.49
695967595,191,64,6401,107199070,2034,2013-01-12,72,OZ,1,6.99
695967595,191,72,7203,1031254737,10554,2013-01-16,33.8,OZ,1,4.49
695971639,191,72,7205,107732676,18502,2012-06-28,5.5,OZ,1,3.28
695971639,191,40,4004,104100040,10522,2012-09-27,1.4,OZ,1,2.89
695971639,191,58,5831,107527878,6625,2012-11-11,20,OZ,1,7.39
695971760,143,99,9909,101111010,28083,2012-11-20,10,OZ,1,4.69
695976502,151,63,6305,101111010,9907,2012-11-04,64,OZ,1,1.67
695978641,89,5,516,101600010,12426,2012-08-16,8.9,OZ,2,4.98
695978830,191,55,5552,107283070,18390,2012-04-07,56,OZ,1,4.49
695982961,58,56,5610,107717272,102504,2012-10-15,8,OZ,1,4.99
695986832,191,97,9717,103139838,33170,2012-08-18,1,CT,1,17.97
695986832,191,71,7113,107124979,21913,2012-09-07,10.5,OZ,2,13.98
695987595,58,63,6320,101111010,9907,2012-08-04,12,CT,1,1.98
695987595,58,0,0,10000,0,2013-02-07,0,,1,0
695991974,143,8,803,101111010,9907,2013-04-10,20,OZ,1,1.09
696002058,26,36,3632,104171040,4354,2012-03-09,144,OZ,1,4.89
696002058,26,63,6320,101111010,9907,2012-09-29,12,CT,1,1.69
696004910,58,3,304,104010040,27443,2012-05-05,2,OZ,1,3.79
696004910,58,27,2705,101111010,13891,2012-12-15,5.5,OZ,2,0.7
696006265,58,36,3629,101200010,23360,2013-03-17,144,OZ,1,2.99
696014730,191,72,7205,103500030,3830,2012-03-09,0.75,OZ,1,0.99
696017611,143,9,907,101111010,9907,2012-07-08,13,OZ,1,1.29
696017611,143,41,4108,107009575,14922,2012-10-02,48,OZ,1,3.79
696017611,143,33,3307,107172575,639,2012-11-04,10,OZ,1,5.99
696018487,83,21,2114,101111010,9907,2012-12-21,15,OZ,1,1.79
696028374,12,40,4005,107073474,25373,2012-11-05,2.2,OZ,1,2.79
696028374,12,37,3703,105100050,2820,2012-12-21,10.75,OZ,2,3.18
696031190,26,5,516,101600010,12426,2012-07-21,7.4,OZ,1,3.69
696031190,26,56,5620,101111010,9907,2012-08-26,8,OZ,3,5.97
696031190,26,17,1709,107415777,18263,2013-02-09,32,OZ,1,2.5
696031190,26,27,2715,101111010,13891,2013-03-29,5,CT,1,2.29
696031190,26,5,501,101600010,18781,2013-03-29,10.7,OZ,1,2.5
696033799,63,8,814,104156545,13412,2012-03-25,16,OZ,1,2.34
696033799,63,29,2928,104100040,9814,2012-09-17,5.3,OZ,2,2
696033799,63,51,5125,107265575,8089,2013-05-12,9.7,OZ,1,2.49
696036060,83,57,5705,101111010,9907,2013-02-07,6,OZ,5,2
696045916,12,0,0,10000,0,2012-07-05,0,,1,0
696047712,143,57,5705,101111010,9907,2012-06-18,6,OZ,4,1.6
696047712,143,9,902,101111010,9907,2012-09-15,16,OZ,1,1
696047712,143,58,5827,1078533171,7796,2012-12-13,12,OZ,1,2.5
696048761,89,0,0,10000,0,2013-02-13,0,,1,0
696059269,143,58,5814,104470040,10837,2012-03-18,3.1,OZ,2,4.58
696065348,191,26,2633,103040030,11407,2012-08-02,24,RL,2,9
696065348,191,26,2628,101111010,6678,2012-08-16,2,RL,1,2.5
696065348,191,33,3314,107341676,10839,2012-10-25,8.5,OZ,1,2.79
696065348,191,72,7205,105310050,804,2012-11-23,6.4,OZ,2,3
696065648,23,56,5609,101111010,14755,2012-04-26,16,OZ,1,1.99
696065648,23,63,6315,107092474,30945,2012-09-20,32,OZ,1,1.59
696071995,126,33,3315,101111010,9907,2012-04-29,8.5,OZ,1,2.99
696072313,58,33,3303,102840020,15598,2013-02-17,9.5,OZ,0,0
696072313,58,55,5552,101111010,20588,2013-04-28,48,OZ,1,3.99
696072313,58,4,422,107062272,7348,2013-05-15,12,OZ,1,2.89
696075109,191,0,0,10000,0,2012-09-08,0,,1,0
696075109,191,9,902,104400040,18775,2012-10-27,9,OZ,1,3.17
696079710,58,14,1411,103890030,5072,2013-03-16,20,OZ,2,2
696080891,431,33,3303,102840020,10241,2012-08-04,10,OZ,1,2.29
696080891,431,58,5827,101111010,9907,2012-12-21,16,OZ,1,3.5
696085562,12,56,5613,101111010,9907,2013-01-14,32,OZ,1,7.99
696085562,12,63,6315,101111010,85048,2013-03-02,128,OZ,1,5.39
696086873,12,36,3618,101200010,23361,2012-04-06,144,OZ,1,5.29
696092602,431,63,6315,101111010,9907,2013-02-04,128,OZ,1,2.99
696092602,431,9,904,101111010,9907,2013-02-14,5,OZ,1,1
696101381,126,4,416,107097070,13717,2012-04-23,1,OZ,2,2.38
696101381,126,8,805,102100020,3337,2013-03-04,15,OZ,1,4.69
696106652,191,9,907,107222070,6669,2013-03-16,26,OZ,1,2.5
696106652,191,35,3504,103500030,13470,2013-03-29,25,OZ,1,1.99
696107032,133,9,901,104400040,13243,2012-03-08,10.5,OZ,1,3.69
696107032,133,9,917,103603535,11060,2012-05-27,18.4,OZ,1,2.29
696107032,133,56,5613,101111010,9907,2012-12-09,16,OZ,1,2.99
696107032,133,33,3303,102840020,10241,2013-03-30,9.5,OZ,1,2
696108175,58,1,106,101500010,29555,2012-05-04,14,OZ,1,2.5
696108175,58,92,9211,102270020,4197,2012-08-12,0.44,OZ,1,6.74
696111094,126,36,3630,107800070,5208,2013-05-22,144,OZ,2,6
696111094,126,29,2914,102100020,19279,2013-06-05,2.39,OZ,2,2
696111997,83,17,1709,107415777,18263,2012-07-09,32,OZ,1,1.99
696111997,83,23,2301,101510010,4255,2013-04-04,16,OZ,10,10
696113864,143,33,3312,103700030,14494,2012-10-01,6.38,OZ,2,3.34
696113864,143,41,4107,101111010,9907,2012-12-06,15.5,OZ,2,1.98
696115607,191,9,913,101111010,6678,2012-07-09,24,OZ,1,1.99
696115607,191,47,4701,101111010,6678,2012-09-26,12,OZ,3,3.51
696115607,191,33,3309,101111010,6678,2013-05-20,10,OZ,1,1
696117683,191,55,5559,101111010,4020,2013-05-24,27,OZ,1,1.99
696119931,83,33,3302,101111010,9907,2012-06-17,9,OZ,1,1.25
696119931,83,63,6315,101111010,9907,2012-08-26,128,OZ,1,2.49
696119931,83,5,519,101111010,9907,2012-10-14,14.1,OZ,1,1.67
696119931,83,96,9609,1051600050,88199,2013-02-10,0,,1,-1.5
696120518,191,64,6409,108312080,6670,2012-10-18,5,LT,1,14.99
696120518,191,9,907,107222070,6669,2013-06-12,15,OZ,1,2
696120540,191,73,7311,101011919,1488,2012-05-12,1,CT,1,1.49
696120540,191,0,0,10000,0,2012-07-05,0,,2,0
696120540,191,63,6320,101111010,6678,2013-05-12,12,CT,1,1.59
696120722,191,57,5704,103663232,4568,2012-06-04,16,OZ,1,2
696120722,191,27,2705,105000050,6775,2013-03-15,5.5,OZ,2,0.96
696127209,89,96,9609,1057431252,88199,2012-09-15,0,,1,-2
696130285,133,63,6315,104126040,4962,2012-07-03,128,OZ,1,2.98
696130285,133,21,2113,103120030,12957,2012-12-01,48,OZ,1,4.99
696136396,143,26,2622,101111010,9907,2012-09-21,20,CT,1,2.09
696139658,126,30,3010,102100020,9886,2012-05-02,16,OZ,1,1.99
696139658,126,14,1416,102400020,4704,2012-10-30,15,OZ,1,0.99
696139727,89,9,901,101111010,9907,2012-04-28,14.3,OZ,1,2.49
696139727,89,33,3318,101111010,9907,2012-06-15,15,OZ,1,1.64
696139727,89,9,902,101111010,9907,2012-06-15,14,OZ,1,2.39
696140017,63,8,810,105210050,11382,2012-10-26,1,OZ,4,6.76
696140780,63,33,3305,101583919,7001,2013-02-10,7.5,OZ,1,2.99
696146305,191,59,5902,103450030,10165,2012-04-01,8,OZ,1,2.39
696146305,191,0,0,10000,0,2012-11-09,0,,2,0
696153963,143,23,2301,101111010,9907,2012-08-08,32,OZ,1,1.87
696154998,191,5,504,1072225272,3695,2012-03-12,2.4,OZ,3,2.94
696154998,191,36,3634,105200050,14597,2012-04-30,101.4,OZ,2,7.98
696159994,23,51,5125,102580020,16668,2012-10-11,9,OZ,2,6.78
696159994,23,64,6408,1085784686,22279,2013-03-17,0.75,LT,1,14.99
696165631,12,5,516,103000030,14760,2012-11-28,6.5,OZ,1,2.39
696166482,143,56,5604,1071156575,41559,2012-03-12,4,OZ,1,3.99
696169370,89,70,7001,104422444,275,2012-05-27,0.5,OZ,1,3.29
696170360,151,63,6320,101111010,9907,2012-08-29,12,CT,1,1.83
696170360,151,96,9609,1050930050,88199,2012-09-01,0,,2,-1
696170360,151,37,3709,104178949,11224,2013-03-16,18,OZ,1,1.19
696177735,191,5,522,103997838,2082,2012-08-13,16,OZ,2,3.98
696177735,191,7,708,109955595,7661,2013-05-04,10,OZ,1,8.99
696178964,191,97,9716,107922373,11664,2012-04-14,32,OZ,1,8.99
696178964,191,9,907,101111010,4181,2012-09-30,24,OZ,3,4
696179248,89,63,6314,101111010,9907,2012-10-27,16,OZ,2,2
696183754,211,9,922,102430020,10577,2012-03-03,12,OZ,1,1.79
696183754,211,58,5827,109004696,6379,2012-06-03,16,OZ,1,3.5
696183754,211,9,902,101111010,9907,2012-07-21,16,OZ,1,1.29
696183754,211,56,5621,101111010,9907,2012-09-30,16,OZ,2,5.98
696184912,98,36,3634,101111010,20575,2012-03-28,20,OZ,1,1.78
696184912,98,56,5615,104242141,2071,2012-08-18,8,OZ,1,4.99
696184912,98,34,3410,104126040,9907,2012-08-24,64,OZ,1,3.99
696184912,98,33,3325,102840020,21452,2012-09-07,20,OZ,1,5.99
696184912,98,0,0,10000,0,2012-09-23,0,,1,0
696195923,126,29,2930,103760030,8501,2012-06-05,7.5,OZ,1,1.44
696198040,58,33,3314,101111010,9907,2012-07-20,3,OZ,2,2.78
696198612,126,41,4105,102700020,8612,2012-04-06,28,OZ,1,2.19
696200146,191,9,912,104812141,18322,2013-02-24,20,OZ,1,2.99
696200918,12,36,3612,103334737,5683,2012-10-07,128,OZ,1,0.89
696200918,12,58,5823,101111010,9907,2012-10-20,9,OZ,1,2.5
696200918,12,51,5121,104369545,10274,2013-04-06,9,OZ,2,4
696206477,143,9,907,107261070,8162,2012-05-20,13,OZ,1,1.99
696206477,143,14,1404,101111010,9907,2012-08-25,46,OZ,1,2.28
696206477,143,51,5128,1071785474,11614,2012-11-04,8,OZ,7,7
696207727,151,96,9609,1054200050,88199,2012-06-26,0,,1,-1.25
696207727,151,56,5617,101111010,9907,2012-06-26,10.66,OZ,2,2.78
696208682,191,99,9908,1064355060,30741,2012-06-24,7,OZ,1,1.5
696210834,83,63,6313,101111010,9907,2012-12-22,16,OZ,1,1
696218372,143,38,3802,104920040,5098,2012-05-12,1,LB,3,3.87
696218372,143,5,501,101600010,3331,2012-10-04,12.25,OZ,1,2.5
696218372,143,18,1854,107088171,2383,2012-11-17,10,CT,1,1.69
696218372,143,63,6315,101111010,9907,2012-11-17,128,OZ,1,3.13
696218372,143,51,5125,101380010,10271,2013-01-12,7.13,OZ,2,4
696218372,143,9,904,101111010,9907,2013-02-16,5,OZ,1,1
696218372,143,5,519,1088392181,24630,2013-04-13,7.55,OZ,2,2
696218372,143,0,0,10000,0,2013-04-30,0,,2,0
696221146,89,51,5134,104280040,18599,2012-11-25,7.5,OZ,2,3.98
696221146,89,99,9904,1088056383,17348,2013-04-21,12,OZ,1,2.29
696221146,89,44,4404,107105272,3829,2013-05-04,12,OZ,4,10
696222078,431,8,814,104156545,13412,2012-07-02,16,OZ,1,2.18
696222078,431,33,3305,101111010,9907,2012-09-10,10,OZ,1,1
696225362,89,9,908,101111010,9907,2012-08-19,6,OZ,1,1
696231164,23,4,415,107339070,11515,2012-05-05,1.32,OZ,1,0.79
696231164,23,38,3801,104480040,62568,2012-11-12,1.5,LB,1,3.29
696232216,83,51,5123,101380010,27474,2012-05-08,38,OZ,1,7.77
696232216,83,97,9753,107675373,0,2012-06-24,1,CT,1,2.5
696236382,26,31,3101,101111010,9907,2013-02-23,6.5,OZ,1,3.69
696238383,58,33,3305,101111010,9907,2012-03-04,10,OZ,1,1.29
696238383,58,96,9609,1054200050,88199,2012-04-08,0,,1,-1.25
696238383,58,57,5704,101111010,9907,2012-12-23,6,OZ,1,0.8
696238383,58,63,6320,101111010,9907,2013-01-13,12,CT,1,1.98
696240172,191,9,922,101600010,6283,2012-09-26,5.34,OZ,1,3.67
696246776,211,36,3632,107181777,73881,2013-03-30,144,OZ,4,12
696246776,211,0,0,10000,0,2013-05-03,0,,1,0
696248507,58,63,6315,101111010,9907,2012-08-26,64,OZ,4,5
696248577,12,9,907,101410010,13791,2012-11-09,16,OZ,1,3.99
696249885,191,92,9204,101111010,9907,2012-03-06,6,OZ,1,1.99
696249885,191,29,2908,104600040,13023,2012-04-30,16,OZ,2,2
696249885,191,6,610,1081809484,15414,2012-05-14,16,OZ,1,1.99
696253119,191,37,3707,101111010,6678,2012-10-12,32,OZ,1,1.99
696253119,191,4,416,102800020,4346,2013-01-12,1.55,OZ,1,0.39
696253119,191,4,411,104142040,1934,2013-04-08,4.5,OZ,1,1.19
696253547,191,91,9115,1063619161,767,2012-12-14,0.75,LT,1,21.99
696264205,126,25,2506,101111010,9907,2012-06-29,32,OZ,1,1.99
696264205,126,99,9904,103338333,33170,2012-08-07,48,OZ,1,3.99
696264205,126,32,3201,105150050,4307,2012-10-06,20,OZ,1,3.59
696264205,126,99,9909,107143070,5072,2013-02-22,6,OZ,1,3.49
696266218,191,8,801,101300010,8164,2012-04-11,20,OZ,1,1.99
696266218,191,95,9518,1088351585,25075,2012-10-22,1,CT,1,0
696266331,431,3,310,101111010,9907,2012-12-21,6,OZ,1,3.99
696266475,63,5,504,1072225272,3695,2012-04-04,2.4,OZ,1,1.99
696266475,63,36,3611,101111010,9907,2012-07-20,33.8,OZ,1,0.5
696266475,63,36,3603,104300040,4371,2012-10-14,320,OZ,1,2.44
696267834,191,4,418,104000040,26517,2012-12-11,12.6,OZ,2,5
696267834,191,9,907,101111010,6678,2013-06-20,22.5,OZ,1,1.25
696270979,431,29,2914,101600010,1756,2013-01-23,5.6,OZ,1,0.49
696270979,431,36,3635,108265787,4687,2013-03-10,33.8,OZ,1,0.99
696273690,143,56,5616,104610040,15889,2012-05-13,8,OZ,1,1.99
696278031,89,58,5823,104450040,8318,2013-03-22,16,OZ,2,7.98
696285707,26,29,2928,101530010,58299,2013-07-14,1.9,OZ,1,1.25
696287521,58,58,5835,107229070,18158,2013-05-22,16,OZ,2,6
696288370,83,62,6202,104157343,53988,2012-05-07,9,OZ,1,3.5
696288370,83,63,6323,101111010,9907,2012-05-07,128,OZ,1,2.49
696288370,83,9,901,104400040,18112,2013-06-28,2.75,OZ,2,2
696291826,191,71,7113,105233656,27645,2012-07-16,12,OZ,1,4.99
696291826,191,40,4004,101115616,18190,2012-09-28,7,OZ,1,3.85
696292905,83,8,816,1064767161,6994,2012-07-01,16,OZ,1,2.5
696292905,83,56,5621,101111010,9907,2013-02-26,8,OZ,1,2
696293283,26,99,9904,1071575676,5278,2012-07-31,16,OZ,1,2
696293283,26,23,2301,107130070,15474,2013-02-03,12,OZ,2,2.08
696293283,26,63,6315,101111010,9907,2013-03-08,64,OZ,2,2.5
696293718,191,18,1836,104460040,9709,2012-09-11,64,OZ,1,7.99
696293718,191,2,214,101111010,6678,2013-03-08,32,OZ,1,2.39
696298801,89,56,5618,101111010,9907,2012-10-08,12,OZ,1,4.29
696298801,89,57,5710,103663232,4568,2012-12-14,21.2,OZ,2,6.98
696301314,143,23,2301,107130070,15474,2012-05-05,12,OZ,1,1.99
696301314,143,36,3604,101111010,9907,2012-09-23,33.8,OZ,3,2.37
696301314,143,29,2925,101111010,9907,2013-01-20,14,OZ,1,1.49
696301314,143,8,810,101111010,9907,2013-04-23,1.25,OZ,1,0.38
696306469,89,9,916,103010030,47346,2013-06-23,9.5,OZ,1,2.88
696306471,89,96,9609,1052750050,88199,2012-07-31,0,,4,-2
696306471,89,96,9609,1050813757,88199,2013-01-29,0,,1,-0.5
696306471,89,9,901,104157343,9698,2013-02-12,21,OZ,1,2.99
696310987,26,8,810,101111010,9907,2012-08-25,0.87,OZ,2,1.38
696315059,126,23,2301,102920020,12168,2012-10-03,16,OZ,1,1
696319805,191,8,803,101111010,20588,2012-12-27,7,OZ,1,2.29
696322686,143,59,5902,103450030,10165,2012-09-07,16,OZ,1,4.39
696325784,191,96,9609,1051600050,88199,2012-06-03,0,,1,-0.75
696325784,191,96,9609,1054800151,88199,2013-06-09,0,,1,-1
696325882,191,51,5127,103100030,1358,2013-01-18,10.1,OZ,1,1
696328429,211,51,5122,108298888,19799,2012-05-28,11,OZ,1,3.99
696328429,211,35,3504,103500030,13470,2012-07-15,25,OZ,1,2.77
696328429,211,26,2608,101111010,9907,2012-07-15,48,CT,1,1.25
696328429,211,36,3601,104900040,3809,2012-08-09,67.6,OZ,3,3.75
696328429,211,0,0,10000,0,2013-04-01,0,,1,0
696328429,211,49,4901,101111010,9907,2013-05-18,32,OZ,1,1.99
696328429,211,36,3634,1078616272,7237,2013-06-05,101.4,OZ,1,4.99
696328429,211,9,907,101111010,9907,2013-06-10,12,OZ,1,1
696330750,191,14,1404,101111010,6678,2012-05-29,48,OZ,1,1.87
696334039,143,0,0,10000,0,2012-05-29,0,,1,-0.52
696334039,143,99,9904,1066529060,52314,2012-07-16,16,OZ,1,2.28
696349052,126,82,8201,101111010,9907,2013-03-19,1,CT,1,5.24
696354170,23,34,3406,108743787,15874,2013-01-16,3.5,OZ,2,4.98
696354170,23,55,5557,107457070,26051,2013-01-20,9,OZ,1,2.5
696355458,126,14,1416,101111010,9907,2012-04-07,15.25,OZ,1,1.09
696355458,126,51,5126,101380010,27474,2012-08-08,10.5,OZ,1,2
696360621,26,36,3632,102500020,11749,2012-08-18,144,OZ,1,3.33
696360621,26,5,516,103000030,14760,2013-01-19,6.7,OZ,2,4.78
696360621,26,36,3618,104900040,23359,2013-03-04,144,OZ,1,3.66
696360621,26,4,416,103400030,15113,2013-03-27,1.2,OZ,2,1.78
696364771,58,33,3303,102840020,10241,2012-05-30,10,OZ,1,2
696364771,58,37,3703,101111010,9907,2012-08-12,10.5,OZ,4,4.36
696364771,58,9,907,103967737,34197,2012-11-17,20,OZ,1,2.99
696364771,58,26,2619,101258717,7245,2012-12-23,40,CT,1,6.99
696364771,58,99,9901,101111010,20588,2013-01-13,0.66,OZ,1,1.99
696364771,58,58,5827,101111010,9907,2013-03-17,16,OZ,1,3.99
696367283,191,43,4302,107027272,15085,2012-06-17,6.5,OZ,1,3
696367397,89,2,201,105150050,14029,2012-05-21,18.9,OZ,2,2.38
696367397,89,26,2609,104116545,16879,2012-06-27,48,CT,2,5.98
696367397,89,18,1831,102146626,20787,2012-07-08,10,CT,1,0.79
696367397,89,92,9211,1030099737,448,2013-03-18,0.03,OZ,1,6.39
696371870,126,8,814,105385252,7661,2012-06-02,16,OZ,1,4.49
696371870,126,33,3305,102840020,18584,2012-11-29,9,OZ,2,5
696373607,89,64,6406,101103414,11220,2012-12-04,0.75,LT,1,10.49
696387410,26,57,5705,107047070,20230,2012-03-26,6,OZ,4,2.8
696387410,26,26,2622,101370010,8154,2012-05-20,13,CT,2,4.78
696387410,26,9,907,101111010,9907,2013-02-28,12,OZ,1,1.99
696391127,89,9,970,103800030,62065,2012-05-16,14,OZ,1,2.09
696391818,83,56,5620,102100020,9886,2012-07-05,8,OZ,1,2
696391818,83,26,2622,101111010,9907,2012-08-04,150,CT,1,1.79
