2957719228,96,51,5125,102580020,16668,2012-04-12,6.11,OZ,1,3.95
2957720137,96,60,6010,103003434,7175,2012-04-27,7.5,OZ,2,1.38
2957720137,96,35,3508,103700030,18371,2012-08-29,50,OZ,3,17.97
2957720449,96,44,4404,107045979,12587,2012-03-03,16,OZ,1,4.19
2957720449,96,99,9908,103338333,33170,2013-03-03,16,OZ,1,1.69
2957721317,96,26,2619,101370010,8154,2012-07-01,22,CT,1,5.39
2957721317,96,36,3604,107297979,16095,2013-01-10,67.6,OZ,1,1.34
2957723468,96,57,5705,107047070,20230,2013-01-12,6,OZ,10,5
2957740559,214,58,5823,1066000161,42987,2012-06-14,7,OZ,2,7.96
2957740559,214,25,2507,1074236575,8499,2012-08-05,24,OZ,1,3.12
2957750225,214,63,6315,103377636,16650,2013-03-01,64,OZ,1,3.28
2957765829,214,99,9908,103338333,33170,2012-06-09,80,OZ,1,3.97
2957781419,214,36,3601,101200010,13794,2012-09-16,12,OZ,1,1.27
2957796020,214,75,7503,1079285070,2593,2012-06-01,0.15,OZ,1,3.47
2957796020,214,63,6316,109220292,49768,2012-06-19,16,OZ,1,1.98
2957796020,214,33,3307,102900020,14112,2012-07-19,10.3,OZ,1,4.48
2957796020,214,58,5828,107790070,9200,2012-07-19,23.4,OZ,1,4.72
2957796020,214,27,2706,105000050,6132,2013-01-02,36,OZ,1,6.24
2957809533,206,55,5555,107684070,32094,2012-08-13,16,OZ,2,8.76
2957809533,206,8,815,104600040,13023,2012-09-07,8,OZ,1,1.58
2957809533,206,60,6012,108685484,10218,2013-05-11,12.4,OZ,2,4.36
2957811307,206,33,3307,108685484,10218,2012-12-14,24,OZ,1,2.98
2957850633,46,97,9753,1020802424,0,2012-08-29,1,CT,1,4.9
2957870732,46,3,307,104125040,11473,2012-04-17,16,OZ,1,1.69
2957896763,46,75,7501,101910010,9158,2012-04-23,6,OZ,1,7.49
2957896763,46,24,2401,103760030,4979,2012-09-10,15,OZ,1,1.85
2957896763,46,41,4108,102300020,2420,2012-11-26,15.5,OZ,2,2.2
2957896763,46,26,2628,103700030,2248,2012-11-26,2,RL,1,5.69
2957896763,46,36,3628,101200010,12029,2013-02-01,60,OZ,1,3.34
2957935085,46,9,914,104500040,2310,2012-10-20,12.5,OZ,1,2.79
2957990650,4,41,4105,107989373,12908,2013-01-28,28,OZ,1,2.69
2957990650,4,33,3305,103659333,27178,2013-06-17,14,OZ,1,3.69
2958001130,15,51,5117,104280040,18599,2012-04-14,9.8,OZ,1,0.75
2958001130,15,9,902,101410010,45039,2013-01-18,6.6,OZ,2,3
2958001130,15,26,2622,102113020,15704,2013-03-27,40,CT,1,2.99
2958005513,17,58,5811,1088258484,25185,2012-11-13,16,OZ,1,15.99
2958020306,88,8,818,103620030,14868,2012-12-30,23.9,OZ,2,3.98
2958020306,88,41,4105,102700020,8612,2013-02-20,14.5,OZ,2,2
2958021704,88,18,1890,105209252,43069,2013-05-31,1,CT,2,6.58
2958023730,18,34,3499,102113020,15704,2013-01-27,1,CT,2,1.98
2958035801,4,36,3614,108200080,9301,2012-06-28,33.8,OZ,1,3.99
2958035801,4,63,6316,107342070,4529,2012-10-05,8,OZ,1,1.99
2958035801,4,36,3611,107514070,4369,2013-04-28,591.5,OZ,1,4.49
2958039501,18,97,9753,1022104424,0,2012-06-13,1,CT,1,3.49
2958051013,360,4,418,104000040,26517,2012-11-02,11.23,OZ,1,3.49
2958053871,360,72,7203,1031254737,10554,2012-12-14,16.9,OZ,1,5.49
2958053871,360,99,9909,1078970777,26870,2013-03-02,11,OZ,1,6.49
2958615189,42,5,501,103800030,11732,2012-06-29,18,OZ,1,3.49
2958615189,42,31,3101,105210050,11382,2013-03-15,2,OZ,2,5.98
2958616101,42,7,707,104300040,11339,2012-03-30,11,OZ,1,4.79
2958616854,42,97,9753,1020111323,0,2012-03-03,1,CT,1,5.5
2958616854,42,34,3411,101111111,5168,2013-02-23,18,OZ,1,5.69
2958616854,42,72,7203,103700030,4294,2013-03-09,33.8,OZ,1,5.49
2958617218,42,9,907,107294575,15878,2013-02-23,16,OZ,1,3.19
2958618020,42,9,907,107101070,15998,2012-12-28,16,OZ,1,3.49
2958618685,42,9,970,103800030,62065,2012-11-10,14.7,OZ,1,2.49
2958618685,42,4,410,103080030,17028,2013-01-20,10.4,OZ,1,2.69
2958959636,106,57,5703,103663232,4568,2012-05-04,6,OZ,3,2.49
2958959636,106,30,3001,104800141,8178,2012-05-26,30,OZ,1,5.49
2958959636,106,58,5823,104450040,8318,2013-02-24,5,OZ,1,2.5
2959100521,377,36,3601,101200010,13794,2012-08-04,144,OZ,1,3.33
2959100521,377,56,5615,1071754474,17653,2012-08-04,8,OZ,1,2.29
2959130478,377,18,1836,1071754474,17649,2012-06-02,32,OZ,1,2.99
2959143533,377,49,4901,101312010,26885,2012-06-17,20,OZ,1,3.5
2959143533,377,29,2908,1071754474,17649,2012-09-01,16,OZ,1,1
2959143533,377,58,5824,104450040,8318,2012-10-19,13.5,OZ,2,6.98
2959148813,24,53,5307,101450010,20864,2013-01-06,12,OZ,2,3.98
2959165513,384,99,9902,1074168171,53369,2012-06-17,20,OZ,1,2.49
2959219154,507,97,9753,1064282868,0,2012-10-14,1,CT,1,15.74
2959290670,508,51,5122,104670444,18213,2012-09-22,12,OZ,1,5.24
2959357847,510,72,7205,105310050,804,2012-05-28,6,OZ,1,2.79
2959478231,507,18,1898,104133343,5379,2012-08-18,10,CT,1,7.86
2959478231,507,55,5558,107255474,12547,2013-06-02,16.1,OZ,1,3.45
2959596581,508,73,7308,1031254636,7853,2012-11-27,30,CT,1,1.24
2959601876,507,36,3630,107800070,23561,2012-11-04,20,OZ,1,1.69
2959645853,510,18,1890,1076506070,3718,2013-04-14,1,CT,1,3.12
2959657943,510,63,6315,108523989,11176,2013-02-17,64,OZ,1,2.29
2959680407,510,22,2211,103700030,2246,2012-06-23,105,CT,1,5.13
2959680407,510,41,4110,103940030,71386,2012-07-10,16,OZ,2,2.92
2959680407,510,51,5125,101380010,10271,2012-07-10,9,OZ,1,3.03
2959770673,21,12,1206,108660080,2559,2012-04-22,5,OZ,1,1.69
2959770673,21,63,6319,102073525,18893,2012-07-28,128,OZ,3,5.97
2959770673,21,63,6320,104119040,16347,2012-11-02,18,CT,1,2.48
2959770882,21,3,310,104119040,16347,2012-06-03,6,OZ,1,3.49
2959791363,8,51,5128,107175777,57929,2013-03-18,11.29,OZ,1,5.99
2959794968,101,34,3402,1030813737,32322,2012-04-29,2,OZ,1,5.29
2959794968,101,55,5552,107144171,7675,2012-06-24,48,OZ,1,2.54
2959794968,101,55,5555,107684070,32094,2012-07-12,16,OZ,1,3.79
2959794968,101,8,814,1068826767,81691,2012-12-20,24,OZ,1,2.45
2959794968,101,71,7106,103700030,8047,2013-01-05,14.2,OZ,1,5.49
2959846163,68,36,3611,1072543979,40679,2012-03-24,405.6,OZ,1,2.99
2959854140,64,45,4509,1089784888,40810,2012-09-09,4,OZ,3,1.17
2959854140,64,38,3801,1072543979,40679,2012-11-17,2,LB,1,1.79
2959854140,64,7,709,109955595,7661,2013-01-26,3.7,OZ,1,8.99
2959870967,165,2,201,101600010,1756,2012-06-26,2.46,OZ,2,2.78
2959873089,26,26,2609,101111010,9907,2012-05-27,50,CT,2,3.58
2959873089,26,5,501,103000030,58434,2012-09-13,13,OZ,1,1.88
2959873089,26,21,2116,104300040,26420,2013-04-07,40.5,OZ,2,2
2959874202,26,71,7114,103878535,1079,2012-05-17,7,OZ,2,6.38
2959874202,26,27,2702,101901414,8664,2013-02-17,15,LB,1,17.49
2959877281,83,97,9753,10000,0,2012-07-30,1,CT,1,0.5
2959877318,143,96,9609,1057800050,88199,2012-08-29,0,,1,-0.55
2959877318,143,9,907,101111010,9907,2012-09-14,20,OZ,2,2
2959879427,133,26,2622,101111010,9907,2012-04-22,50,CT,1,2.99
2959879427,133,41,4105,101111010,9907,2013-02-20,14.5,OZ,3,2.25
2959881378,151,30,3010,102100020,9886,2012-09-13,16,OZ,1,1.99
2959882638,126,33,3305,101111010,9907,2012-11-15,10,OZ,1,1
2959882638,126,36,3630,107800070,23561,2013-05-16,20,OZ,1,1.69
2959883847,98,37,3711,105260353,13414,2012-03-05,17.6,OZ,1,3.99
2959883847,98,63,6314,107342070,4529,2013-03-21,16,OZ,1,1.98
2959887591,431,56,5621,101111010,9907,2012-03-30,8,OZ,1,2.99
2959887591,431,36,3628,101200010,12029,2012-10-30,20,OZ,2,2.5
2959887591,431,31,3101,101111010,9907,2013-03-30,9.25,OZ,1,2.99
2959888682,89,45,4511,102370020,18969,2012-06-13,25,OZ,1,5.99
2959888682,89,9,922,101600010,6283,2013-07-21,5.34,OZ,1,2.5
2959900750,63,72,7205,103500030,3830,2012-06-11,5.8,OZ,1,2.99
2959917130,191,0,0,10000,0,2012-07-28,0,,2,0
2959917331,191,3,311,1064420969,5345,2013-03-24,14,OZ,1,1.5
2959918122,191,59,5910,103377636,16650,2012-08-07,15,OZ,1,3.97
2959918122,191,33,3312,102840020,10241,2012-11-11,5.5,OZ,1,1.69
2959918122,191,4,419,104142040,6264,2012-11-23,6.17,OZ,2,4
2959918153,191,3,311,105150050,14029,2012-03-28,16,OZ,1,1.79
2959918153,191,63,6315,101111010,6678,2012-05-12,128,OZ,1,3.09
2959918153,191,0,0,10000,0,2013-03-09,0,,1,0
2959918153,191,36,3626,104900040,17186,2013-05-18,144,OZ,1,4.5
2959918199,191,21,2111,1075379272,12769,2012-07-13,64,OZ,1,3.99
2959918199,191,71,7107,107124979,21913,2013-01-28,1,CT,1,9.99
2959918199,191,64,6408,101744414,16721,2013-04-27,0.75,LT,3,21.57
2959918459,211,33,3303,101111010,9907,2012-11-07,11.5,OZ,1,2.08
2959918459,211,5,501,101600010,15114,2013-01-18,13,OZ,1,-0.5
2959918459,211,96,9609,1053010050,88199,2013-04-12,0,,1,-1
2959932394,96,27,2707,101901414,8664,2013-02-23,5,LB,1,13.49
2959933449,96,21,2105,105200050,7054,2012-03-19,64,OZ,1,2.69
2959933449,96,31,3108,102460020,11990,2012-07-21,14,OZ,1,2.39
2959933449,96,51,5115,102066222,12598,2012-09-21,13.9,OZ,1,6.49
2959933449,96,99,9904,103338333,33170,2013-03-03,48,OZ,2,7.98
2959933449,96,9,902,107543676,9469,2013-03-14,9,OZ,1,2.69
2959933518,96,9,907,107131979,16021,2012-10-28,20,OZ,1,2.99
2959933518,96,9,905,104300040,17447,2013-01-17,6,OZ,1,2.29
2959933518,96,5,501,1088491282,13689,2013-01-31,15,OZ,1,3.59
2959934156,96,97,9753,10000,0,2012-04-22,1,CT,1,1.44
2959934156,96,36,3630,101200010,13794,2012-12-05,288,OZ,1,6.5
2959934156,96,9,907,107131979,16021,2013-03-30,18,OZ,1,2.79
2959964898,214,29,2925,104122040,23511,2012-03-18,16,OZ,1,0.68
2959977881,206,64,6401,1075452777,12558,2012-06-29,72,OZ,1,8.47
2959977881,206,99,9904,103338333,33170,2012-11-15,48,OZ,1,5.98
2959981835,46,73,7307,104125040,11473,2012-05-28,100,CT,1,9.49
2959981835,46,11,1112,102898929,26666,2012-11-10,5.25,OZ,1,3.5
2960029655,46,9,902,101410010,45039,2012-11-11,6.6,OZ,1,2.19
2960029655,46,7,708,1088133484,5357,2013-02-25,12,OZ,1,7.85
2960041249,46,57,5710,103663232,4568,2012-04-18,5.3,OZ,3,3.27
2960071961,18,34,3405,101111111,2966,2012-06-30,8,OZ,1,3.29
2960071961,18,9,901,104400040,13243,2012-12-01,21.2,OZ,1,4.79
2960084843,360,25,2509,104410040,8481,2012-11-18,16,OZ,1,1.89
2960084843,360,18,1850,102120020,16044,2012-12-30,3,CT,2,6.98
2960478816,285,39,3903,105150050,8604,2012-09-22,27.6,OZ,1,4.12
2960550260,377,73,7358,103076838,17627,2013-02-20,60,CT,2,5.99
2960554063,377,55,5552,1071754474,17653,2012-05-17,56,OZ,1,3.49
2960554063,377,33,3302,102700020,57417,2012-05-17,32.91,OZ,1,6.09
2960638323,507,97,9735,1074677575,11284,2012-12-26,1,CT,1,7.31
2960640472,508,8,818,103620030,14868,2013-05-30,66,OZ,1,3.96
2960682943,507,16,1601,105964252,5315,2013-03-12,28,CT,2,2
2960740459,508,36,3611,107800070,4698,2012-12-10,20,OZ,1,1.56
2960883842,21,60,6011,101800010,14029,2012-11-06,16.3,OZ,1,2.29
2960884810,21,57,5710,103000030,12172,2013-03-13,5.3,OZ,2,2.2
2960885321,21,18,1898,104133343,5379,2012-03-26,16,CT,1,10.99
2960885321,21,63,6315,104138343,10091,2012-06-10,64,OZ,1,4.09
2960912175,70,58,5834,1079233878,20952,2012-09-06,16,OZ,1,3.99
2960912175,70,27,2705,1082927484,11516,2012-12-14,2.75,OZ,4,2.8
2960968400,83,51,5125,101380010,10271,2012-11-24,9.5,OZ,1,2.18
2960968400,83,63,6320,101111010,9907,2012-12-28,12,CT,1,1.99
2960968400,83,96,9609,1055210050,88199,2012-12-30,0,,1,-0.5
2960968400,83,63,6315,101111010,85048,2013-02-04,128,OZ,1,5.99
2960969441,26,96,9609,1057357050,88199,2012-07-17,0,,2,-1.5
2960969441,26,33,3303,103279232,56741,2012-09-25,11,OZ,1,2.79
2960969943,26,36,3611,101111010,9907,2012-12-02,540.8,OZ,1,3.5
2960973106,26,37,3703,105100050,2820,2012-10-29,10.75,OZ,2,1.88
2960982272,431,58,5812,104470040,13310,2012-06-05,16,OZ,1,2.99
2960982272,431,4,421,102200020,17287,2012-09-05,10.58,OZ,1,2.99
2960982272,431,9,907,107225070,12465,2012-09-05,20,OZ,1,2.99
2960982272,431,99,9904,103338333,33170,2013-05-27,6,OZ,1,1.88
2960982489,151,14,1415,102400020,4704,2012-04-03,15,OZ,1,1.55
2960992787,2,63,6315,101111010,14907,2012-04-15,64,OZ,1,1.89
2960992787,2,9,901,103874939,107945,2012-07-01,10,OZ,1,4.99
2961008967,191,36,3601,101200010,13794,2013-05-17,144,OZ,2,5.5
2961023037,96,9,901,104400040,13243,2012-10-26,11.3,OZ,2,6
2961023037,96,9,913,104812141,18322,2013-03-04,13,OZ,2,4.18
2961023234,96,33,3319,107797575,27417,2012-10-14,9,OZ,1,3.99
2961023626,96,41,4121,102700020,8612,2012-09-28,15,OZ,2,1.98
2961023626,96,35,3507,1068761868,19621,2012-11-01,12,OZ,1,4.69
2961023626,96,96,9632,107675070,43084,2012-11-03,1,CT,1,25
2961023626,96,5,501,101600010,3331,2013-03-02,18,OZ,1,4.49
2961023843,96,25,2508,102529323,16410,2013-05-11,64,OZ,1,3
2961024019,96,25,2509,103450030,10165,2012-06-22,16,OZ,1,1.89
2961024019,96,71,7113,108087888,13505,2012-08-26,12.6,OZ,3,10
2961024019,96,33,3318,107797575,27417,2012-12-27,12,OZ,1,3.49
2961034831,214,72,7203,1031254737,10554,2012-06-11,16.9,OZ,1,4.47
2961045146,214,0,0,10000,0,2012-08-28,0,,1,30.03
2961045146,214,99,9909,104122040,23511,2012-10-29,12,OZ,1,2.5
2961045146,214,30,3007,107020070,11244,2013-01-02,12,OZ,1,3.67
2961045146,214,4,419,103400030,15113,2013-02-11,8,OZ,1,4.5
2961045146,214,5,501,103800030,17050,2013-03-12,13.4,OZ,1,2.74
2961045146,214,17,1709,105170050,65397,2013-04-01,24,OZ,1,2.29
2961046062,214,97,9753,1022107020,0,2012-10-29,1,CT,1,2.34
2961078106,46,5,516,101600010,12426,2012-07-08,6,OZ,1,2.75
2961078106,46,4,418,101130010,2272,2013-02-23,11,OZ,1,1.91
2961088708,46,56,5610,102100020,9886,2012-06-14,8,OZ,1,3.79
2961088708,46,63,6315,104125040,11473,2012-12-24,64,OZ,1,1.99
2961088708,46,26,2630,103700030,14647,2013-02-16,56,CT,1,1.49
2961088708,46,9,902,104400040,18775,2013-03-18,9,OZ,1,3.27
2961121794,3,11,1112,102898929,26666,2013-06-02,10.5,OZ,1,4.99
2961129462,88,57,5707,102113020,10786,2012-08-27,18,OZ,1,2.49
2961147169,18,57,5704,104319242,12309,2012-09-04,32,OZ,1,2.99
2961152982,360,99,9909,103260131,5489,2012-03-09,5,OZ,1,3.99
2961152982,360,30,3001,104800141,8178,2012-08-18,8,OZ,1,2.79
2961152982,360,37,3703,105100050,2820,2012-10-23,10.75,OZ,1,1.79
2961691289,507,97,9717,1078693676,2516,2012-07-17,1,CT,1,13.64
2961745985,508,67,6704,1066651969,61710,2012-09-22,2,CT,1,18.99
2961823082,509,97,9731,1065356969,70286,2012-05-31,1,CT,1,12.99
2961823082,509,97,9753,1080067080,0,2013-03-21,1,CT,1,19.99
2961889498,21,35,3509,102420020,14716,2012-07-11,50,OZ,1,2.99
2961890873,21,73,7307,104116747,30343,2012-04-19,45,CT,1,23.99
2961890873,21,96,9609,1054410050,88199,2012-08-07,0,,1,-1
2961890873,21,9,901,104400040,3453,2012-09-20,13,OZ,1,3.35
2961890873,21,63,6323,104190040,4664,2012-12-19,64,OZ,1,3.69
2961890873,21,26,2629,104303242,11116,2013-02-08,250,CT,1,1.74
2961890873,21,55,5562,105215959,41981,2013-02-16,16,OZ,1,3.79
2961895553,104,9,902,101410010,45039,2013-01-15,6.6,OZ,1,2.19
2961907995,101,51,5121,105150050,16728,2012-09-16,8,OZ,2,5.98
2961908391,101,28,2804,1068826767,81691,2012-03-03,24,OZ,2,5.5
2961956465,65,58,5827,103582636,6564,2012-06-16,48,OZ,1,10.49
2961975466,143,51,5126,101380010,27474,2012-08-07,9,OZ,1,2
2961978460,83,58,5823,104450040,8318,2012-05-12,9,OZ,1,3.27
2961978460,83,9,920,104400040,15335,2012-05-30,3,OZ,1,1.13
2961978460,83,59,5902,101111010,9907,2013-05-16,16,OZ,1,2.29
2961981247,26,22,2213,1079922878,5301,2012-03-04,6,OZ,2,17.98
2961982849,89,99,9904,1071575676,5278,2012-09-14,6,OZ,1,2.5
2961982849,89,63,6315,101111010,9907,2012-10-13,64,OZ,2,3.18
2961996981,63,9,908,101111010,81973,2012-04-25,16,OZ,1,3.76
2961996981,63,36,3636,104300040,4371,2012-07-02,169,OZ,2,5
2961998663,12,99,9908,101111010,9907,2012-04-07,12,OZ,1,3.99
2962001398,2,96,9609,1058068656,88199,2012-10-17,0,,1,-2
2962001398,2,63,6315,101111010,14907,2013-03-26,128,OZ,1,2.99
2962001980,2,97,9753,1020234525,0,2012-11-24,1,CT,1,3.09
2962525154,96,9,901,103003434,7175,2012-03-26,9.75,OZ,1,2.99
2962525154,96,96,9609,1055100050,88199,2012-09-09,0,,1,-1
2962535024,214,26,2609,104122040,20514,2012-05-30,50,CT,1,1
2962535024,214,99,9909,104122040,23511,2012-11-28,16,OZ,1,2.88
2962538744,214,9,907,107341070,2437,2012-10-01,24,OZ,1,2.98
2962538744,214,64,6401,101820010,12358,2012-11-03,144,OZ,1,9.28
2962538744,214,5,501,103800030,6790,2012-11-09,17,OZ,1,3.47
2962538744,214,17,1705,107433070,15844,2012-11-15,32,OZ,1,3.49
2962538744,214,4,411,104122040,20514,2013-03-24,9.5,OZ,1,0.99
2962541332,214,3,305,103320030,875,2013-04-03,8,OZ,1,0.44
2962562942,214,29,2914,102100020,9886,2012-03-04,7.3,OZ,1,1.38
2962562942,214,51,5127,103100030,1358,2012-06-01,5.75,OZ,1,0.96
2962572973,46,27,2704,103810030,14717,2012-10-20,6.5,OZ,1,2.99
2962573123,46,4,418,104000040,56360,2012-10-30,11,OZ,1,2.5
2962573123,46,23,2301,107680878,1393,2013-03-13,16,OZ,6,6
2962637575,95,29,2928,105480050,19039,2013-04-27,8.8,OZ,3,7.77
2962658963,360,25,2509,109396696,13264,2013-02-26,16,OZ,1,2.49
2962937874,42,56,5609,104149747,19710,2012-07-03,16,OZ,1,2.39
2962938608,42,33,3318,107797575,27417,2012-08-14,16,OZ,1,3.29
2962938608,42,56,5616,104149747,19710,2012-09-28,8,OZ,1,2.79
2962938777,42,9,907,104149747,19710,2012-05-20,40,OZ,1,2.29
2962938777,42,9,922,102430020,10577,2012-06-03,10,OZ,1,1.79
2963051185,401,27,2713,101780010,30972,2013-05-26,9,OZ,2,3.98
2963067433,285,45,4508,104440040,7504,2013-02-22,13.3,OZ,2,8.59
2963192318,507,26,2628,103700030,2248,2012-05-05,8,RL,1,10.49
2963225635,507,95,9518,104282343,28202,2013-06-16,1,CT,1,3.14
2963257604,508,58,5827,104470040,13310,2012-05-20,12,OZ,1,3.14
2963267823,508,33,3308,102840020,3336,2012-03-31,9.25,OZ,1,2.63
2963267823,508,73,7307,1037003030,23664,2012-04-12,10,CT,2,3.44
2963275726,508,7,709,109955595,2706,2012-09-19,8.5,OZ,1,12.58
2963281372,508,26,2613,1075940979,23664,2013-05-21,31,CT,1,6.82
2963333090,510,26,2631,103600030,4139,2012-03-12,84,CT,1,3.23
2963333090,510,97,9753,103853333,0,2012-03-29,1,CT,1,13.64
2963333090,510,26,2614,103700030,514,2013-02-22,16,CT,1,3.45
2963382922,40,56,5614,104610040,15889,2012-03-31,9,OZ,1,5.29
2963382922,40,9,907,107225070,12465,2012-09-18,16,OZ,1,2.99
2963382922,40,5,501,103800030,14900,2013-03-20,23.5,OZ,1,4.49
2963407048,240,99,9908,103260131,5489,2012-07-13,32,OZ,1,3.69
2963462106,64,44,4404,103582636,6564,2013-02-23,10.5,OZ,1,1.98
2963465218,65,36,3636,104300040,29501,2012-11-10,192,OZ,1,4.19
2963465218,65,56,5607,1072543979,40679,2013-04-18,8,OZ,2,3.54
2963492189,143,9,902,101111010,9907,2012-05-17,16,OZ,1,0.99
2963492189,143,58,5830,107080070,16704,2012-07-07,8,OZ,1,4.99
2963492189,143,37,3707,101111010,9907,2012-08-17,14,OZ,1,0.95
2963492189,143,33,3303,102840020,10241,2012-08-27,10.5,OZ,1,2
2963492189,143,56,5610,101111010,9907,2012-09-26,6,OZ,1,2.69
2963492189,143,33,3305,102840020,15870,2012-12-19,11,OZ,1,2
2963493049,83,63,6323,101111010,9907,2012-07-29,128,OZ,1,2.49
2963493049,83,9,907,101111010,9907,2012-12-02,21,OZ,1,1.69
2963493049,83,63,6312,105020050,52045,2013-01-11,64,OZ,2,2
2963493049,83,14,1410,101111010,9907,2013-03-28,21,OZ,2,5.38
2963497080,431,63,6305,102500020,16489,2012-04-20,59,OZ,2,6.38
2963497080,431,99,9901,101111010,20588,2012-05-03,0.66,OZ,1,2.59
2963505683,211,96,9609,1054400050,88199,2012-04-21,0,,1,-1
2963505683,211,55,5552,107756777,2347,2012-05-06,48,OZ,1,2.99
2963505683,211,36,3611,101111010,9907,2012-11-26,540.8,OZ,1,3.5
2963505683,211,9,901,104400040,12885,2013-03-11,3.5,OZ,1,1
2963508379,58,60,6012,101111010,9907,2012-06-06,12.4,OZ,1,1.87
2963508379,58,3,310,1073935070,20511,2012-12-27,12,OZ,1,5.99
2963508627,89,2,202,1064420969,5345,2012-04-21,18.2,OZ,1,2.39
2963508627,89,9,917,1060003969,68018,2012-05-13,12,OZ,1,1.79
2963508627,89,10,1013,103890030,5072,2012-05-31,8,OZ,1,2.19
2963508627,89,36,3634,1073951070,16807,2012-08-12,20,OZ,5,7.95
2963508627,89,58,5814,104470040,10837,2012-10-07,3.1,OZ,1,1
2963508627,89,45,4508,104440040,7504,2012-10-21,13.3,OZ,1,4.49
2963508627,89,21,2119,105100050,27873,2012-11-18,64,OZ,1,3.99
2963508627,89,82,8201,101111010,9907,2012-12-18,1,CT,1,5.99
2963512951,63,9,907,107225070,12465,2012-08-26,24,OZ,2,4
2963512951,63,57,5707,107047070,20230,2012-11-24,18,OZ,1,2
2963517222,2,91,9127,108218484,9031,2013-03-19,0.75,LT,4,55.96
2963527892,191,22,2207,104650040,16355,2012-12-27,22,OZ,1,3.49
2963527892,191,21,2113,102500020,11749,2013-01-02,60,OZ,1,3.87
2963527991,191,29,2904,102100020,19279,2012-11-11,12.8,OZ,1,3.09
2963527991,191,0,0,10000,0,2013-03-11,0,,1,0
2963542411,96,34,3410,107418272,16853,2012-06-17,7.5,OZ,1,2.19
2963542411,96,9,907,107131979,16021,2013-02-24,22,OZ,1,2.19
2963542411,96,92,9204,10360734535,15297,2013-06-14,0.45,OZ,1,4.49
2963542411,96,99,9904,1081204989,27736,2013-06-29,16,OZ,2,6
2963543003,96,53,5305,102190828,3073,2012-08-27,8,OZ,1,3.39
2963543171,96,56,5607,102100020,13967,2012-06-13,8,OZ,1,2.5
2963582783,206,51,5115,107218070,15035,2012-09-12,23.45,OZ,2,11.96
2963582783,206,9,922,102430020,10577,2013-03-28,25.2,OZ,1,3.5
2963642281,3,78,7801,107420070,10310,2012-09-22,1,CT,1,5.99
2963661898,18,12,1206,108660080,2559,2012-03-24,5,OZ,4,6
2963946210,42,36,3601,101200010,13794,2013-05-08,50.7,OZ,1,0.99
2964233690,508,4,407,103400030,18947,2012-04-23,6,OZ,1,1.93
2964233690,508,9,918,101410010,13791,2012-05-01,5.25,OZ,1,3.24
2964237365,508,45,4509,108523989,11176,2012-12-27,16,OZ,1,5.47
2964279904,508,69,6901,103700030,16139,2013-01-11,0.5,OZ,1,2.61
2964279904,508,97,9753,1079936676,0,2013-03-02,1,CT,1,30
2964281741,508,97,9753,1060580666,0,2013-02-23,1,CT,2,7.32
2964395433,240,75,7504,107965676,1346,2012-07-12,10,OZ,1,7.87
2964395433,240,32,3202,102700020,19737,2013-02-13,48,OZ,1,5.99
2964398400,104,57,5705,103663232,4568,2012-03-17,24,OZ,2,4.98
2964414589,77,41,4108,107078474,18552,2012-03-04,15.5,OZ,5,5
2964446272,69,57,5704,104667545,20216,2013-01-31,16,OZ,1,2.79
2964464480,71,58,5815,103760030,8501,2013-01-04,3.5,OZ,1,1.99
2964473576,26,56,5621,101111010,9907,2012-03-31,24,OZ,1,8.29
2964473576,26,9,907,107130171,17614,2013-04-17,24,OZ,1,1.67
2964484692,431,41,4107,101111010,9907,2012-06-19,8.25,OZ,4,2.36
2964484692,431,28,2806,105410050,19509,2013-01-06,16,OZ,1,3.19
2964488129,126,63,6315,101111010,9907,2012-07-18,64,OZ,1,2.09
2964489201,98,96,9609,1054133555,88199,2012-04-03,0,,1,-1
2964489201,98,51,5115,107218070,15035,2012-07-30,23.45,OZ,1,2.99
2964489605,58,9,907,107343575,9705,2012-10-24,9.6,OZ,1,3.29
2964494401,63,37,3707,105100050,17812,2012-12-22,49,OZ,2,7.78
2964496159,63,8,814,104156545,13412,2012-07-30,24,OZ,1,3.86
2964496159,63,69,6901,108644989,4361,2013-05-04,4.25,OZ,1,5.69
2964509822,191,57,5710,103663232,4568,2012-09-05,5.3,OZ,6,6
2964510633,191,28,2804,104182040,17341,2012-06-10,16,OZ,1,3.15
2964518253,166,19,1908,103680030,6561,2012-10-22,40,OZ,1,6.99
2964543312,214,36,3601,104900040,3809,2013-01-20,144,OZ,3,12
2964548047,214,21,2119,1061300868,867,2013-02-21,128,OZ,2,5.5
2964548171,214,27,2718,102685121,17211,2012-07-10,1,CT,1,4.97
2964564986,214,32,3201,105010050,885,2012-08-03,64,OZ,1,5.72
2964614535,46,9,902,108136383,12592,2012-12-09,7.2,OZ,2,2.98
2964648430,18,18,1898,104133343,5379,2012-10-01,16,CT,2,23.98
2964925409,42,99,9904,105410757,33170,2013-01-02,48,OZ,1,4.99
2964925409,42,34,3411,103700030,13056,2013-01-07,18,OZ,1,3.99
2964925409,42,33,3303,107493171,11657,2013-05-04,16,OZ,2,9.98
2964925449,42,27,2704,103680030,13656,2012-08-14,26,OZ,1,2
2964925449,42,35,3504,103700030,4628,2013-04-13,24,OZ,1,2.99
2964925510,42,33,3309,107373171,11786,2012-06-30,13,OZ,2,5.78
2965154606,507,2,202,101600010,1756,2013-01-19,17.5,OZ,1,1.99
2965154606,507,97,9753,104310040,0,2013-01-19,1,CT,3,4.49
2965208669,507,97,9753,101089212,0,2013-01-27,1,CT,2,39.88
2965208669,507,9,913,104812141,18322,2013-02-16,12,OZ,1,2.14
2965223122,508,63,6305,104850040,18799,2012-09-10,59,OZ,2,6.27
2965240663,508,97,9753,1049020040,0,2013-02-02,1,CT,1,3.88
2965250074,508,43,4302,104300040,4030,2012-03-16,8,OZ,1,0.99
2965252181,510,4,418,103400030,1991,2012-04-14,8.8,OZ,1,2.09
2965252181,510,9,915,107750777,9469,2012-09-26,14,OZ,1,2.93
2965280796,510,97,9753,1049041040,0,2012-03-13,1,CT,2,31.98
2965335517,31,29,2908,104600040,13023,2012-11-14,16,OZ,1,1.79
2965346809,31,21,2112,105527050,7543,2012-04-08,13.5,OZ,1,1.99
2965346809,31,5,520,103000030,14760,2012-06-24,42,OZ,1,5.29
2965346809,31,36,3612,102114020,19950,2012-10-21,128,OZ,2,1.78
2965346809,31,23,2301,107537070,3956,2013-01-20,10,OZ,1,1.39
2965370739,31,22,2210,102114020,19950,2012-06-11,51,OZ,1,5.99
2965370739,31,9,913,107225070,12465,2012-06-28,12,OZ,1,3.69
2965370739,31,63,6305,102114020,19950,2013-02-11,64,OZ,1,2.99
2965370739,31,46,4606,109933696,5667,2013-05-28,64,OZ,1,6.49
2965370739,31,56,5616,104610040,15889,2013-07-17,8,OZ,1,3.29
2965383958,31,54,5403,107790070,9200,2012-10-08,14.4,OZ,1,4.99
2965383958,31,26,2622,101370010,8154,2013-01-02,35,CT,1,1.95
2965394559,31,51,5121,104369545,8522,2012-07-29,9,OZ,1,1.77
2965394559,31,36,3632,104900040,6137,2012-09-02,20,OZ,1,1.69
2965408047,40,30,3007,107184070,11154,2012-11-29,11.5,OZ,1,3.49
2965420059,16,26,2609,1075480777,610,2012-05-25,30,CT,1,3.69
2965420059,16,41,4109,105100050,2820,2012-07-19,15.75,OZ,1,0.75
2965420059,16,58,5831,107232272,27348,2012-08-19,48,OZ,1,10.99
2965421113,16,21,2106,103120030,12957,2012-05-20,64,OZ,1,3.49
2965436270,85,31,3101,105210050,11382,2012-11-01,1.75,OZ,1,5.99
2965436270,85,53,5307,102880020,7907,2013-02-16,16,OZ,1,1.99
2965448670,21,63,6305,102500020,16489,2012-11-14,59,OZ,1,2.99
2965448670,21,5,516,104119040,16347,2013-03-13,8.4,OZ,1,2
2965449320,21,29,2928,104100040,9814,2013-03-17,5.3,OZ,1,1.21
2965450770,21,21,2108,101480010,12021,2013-04-28,64,OZ,1,2.5
2965451231,21,63,6320,104119040,16347,2012-04-28,12,CT,1,2.19
2965451231,21,72,7205,103500030,3830,2012-10-08,6,OZ,1,2.99
2965482699,104,18,1854,107098272,5957,2012-04-22,2,CT,1,1.99
2965496076,101,55,5559,107756777,14286,2012-07-13,13.2,OZ,1,1
2965496076,101,55,5552,1068826767,81691,2013-05-21,48,OZ,1,2.5
2965500384,77,55,5558,107585676,9798,2012-07-26,24,OZ,1,3.33
2965500384,77,25,2507,102800020,12545,2012-12-20,16,OZ,4,6.02
2965500384,77,56,5613,107403070,16922,2013-02-13,16,OZ,2,9.98
2965502998,101,58,5831,107274575,13804,2012-11-24,22.4,OZ,1,9.99
2965502998,101,57,5710,107047070,20230,2012-11-24,5.3,OZ,2,2.08
2965503665,101,15,1504,104114343,17593,2012-09-30,6,OZ,1,2.39
2965503820,101,37,3705,1085832888,20002,2012-08-12,14.5,OZ,1,2.69
2965505164,101,9,907,107341070,888,2012-12-07,24,OZ,1,3
2965517540,64,9,901,1068670060,6978,2012-04-02,14.3,OZ,4,12.02
2965527057,70,79,7901,107485171,44890,2012-07-12,1,CT,1,3.99
2965547238,68,63,6312,104850040,18799,2012-11-14,59,OZ,1,1.89
2965547238,68,33,3305,103582636,6564,2012-12-12,13,OZ,1,0.9
2965547238,68,9,901,103010030,3454,2013-01-03,14.5,OZ,1,2.5
2965647772,165,14,1404,101480010,12021,2012-04-14,12.7,OZ,1,2.5
2965652951,143,51,5127,105100050,8605,2012-03-11,16,OZ,2,5.28
2965652951,143,33,3314,103000030,14760,2012-10-07,3.52,OZ,1,1
2965652951,143,4,416,104000040,56360,2013-07-14,2.93,OZ,1,1
2965654783,143,4,418,103400030,15113,2012-04-06,6,OZ,3,14.97
2965654783,143,34,3410,107418272,16853,2012-05-04,32,OZ,1,2.88
2965657172,133,41,4108,101111010,9907,2012-09-11,15.5,OZ,3,2.07
2965658411,98,44,4404,101111010,9907,2012-04-21,13,OZ,1,2.19
2965660132,126,25,2507,1074236575,8499,2012-07-21,8,OZ,6,7.5
2965660132,126,69,6901,103700030,16139,2013-03-20,2.7,OZ,1,3.94
2965661060,89,8,814,101111010,9907,2012-06-21,15.5,OZ,1,2.69
2965661060,89,33,3302,102700020,57417,2013-03-23,32.91,OZ,1,2.69
2965664830,431,96,9609,1052529353,88199,2012-07-13,0,,3,-1.65
2965664830,431,7,707,101111010,9907,2012-07-16,11.5,OZ,1,4.89
2965667283,431,63,6320,101111010,9907,2012-07-27,12,CT,1,1.25
2965667283,431,2,202,104144949,7168,2012-11-09,18.75,OZ,1,1.88
2965667283,431,58,5835,107229070,18158,2012-12-07,16,OZ,2,5
2965667283,431,9,922,107651575,15878,2013-03-15,13,OZ,1,2.99
2965671462,211,56,5621,101111010,9907,2012-03-26,16,OZ,1,5.69
2965671462,211,55,5552,101111010,9907,2012-06-06,48,OZ,3,6.75
2965685715,12,35,3506,103700030,3068,2012-11-09,75,OZ,1,4.79
2965686327,2,64,6408,108600080,6670,2012-03-30,1.5,LT,1,6.99
2965686327,2,9,901,103010030,3454,2012-08-05,14.5,OZ,1,1.88
2965686327,2,9,917,107373171,11786,2013-05-19,20,OZ,1,3.99
2965690291,191,10,1010,103400030,8247,2012-10-01,24,OZ,1,2.08
2965691737,191,60,6007,101800010,14029,2012-06-08,8,OZ,1,1.99
2965691737,191,5,516,103800030,24525,2012-08-29,6.3,OZ,1,1.84
2965691737,191,60,6007,101800010,14029,2012-12-14,8,OZ,2,3.76
2965691737,191,18,1890,1081035989,96589,2013-04-04,1,CT,1,5.49
2965694733,83,51,5125,102580020,16668,2013-05-19,8,OZ,1,2
2965697338,143,36,3601,104900040,3809,2012-06-30,67.6,OZ,3,3.27
2965699077,133,58,5833,101111010,9907,2012-06-08,48,OZ,1,8.07
2965701593,151,96,9609,1055100050,88199,2012-10-19,0,,1,-0.4
2965704066,98,99,9904,101111010,9907,2013-04-08,48,OZ,1,4.04
2965706824,151,69,6901,101700010,15288,2013-01-18,8.5,OZ,1,4.59
2965706824,151,41,4105,102700020,8612,2013-02-11,14.5,OZ,2,2
2965715154,151,21,2105,105200050,7054,2012-07-01,160,OZ,1,5.49
2965715539,58,9,907,101111010,9907,2012-11-11,20,OZ,3,3
2965715539,58,71,7106,104116747,34881,2013-03-13,11,OZ,1,7.49
2965716318,58,49,4901,101312010,26885,2012-11-03,30,OZ,2,5.74
2965716318,58,23,2301,101510010,4255,2012-11-03,16,OZ,3,2.37
2965716318,58,63,6315,101111010,9907,2013-06-02,64,OZ,5,5
2965716554,89,45,4514,101111010,9907,2012-03-31,48,OZ,1,7.99
2965740079,191,82,8201,104157343,6678,2013-01-21,1,CT,1,1.49
2965740079,191,0,0,10000,0,2013-02-20,0,,1,0
2965741117,191,56,5619,104529646,10550,2013-03-20,8,OZ,1,3.39
2965774623,96,41,4108,103940030,71386,2012-08-22,15,OZ,1,1.19
2965774623,96,55,5552,102073525,18893,2013-02-01,48,OZ,1,5.49
2965776291,96,0,0,10000,0,2012-08-20,0,,1,0
2965776291,96,63,6315,103003434,7175,2012-12-04,128,OZ,1,2.99
2965776619,96,9,907,107341070,2437,2012-09-30,24,OZ,2,7.98
2965776714,96,56,5620,103003434,7175,2013-02-20,8,OZ,1,2.79
2965777402,96,45,4514,103003434,7175,2012-03-17,48,OZ,1,7.98
2965777720,96,97,9753,10000,0,2012-09-26,1,CT,1,5.47
2965778046,96,21,2108,102800020,56490,2012-09-03,64,OZ,1,3.5
2965778293,96,13,1306,105150050,14029,2012-12-15,5,LB,1,2.24
2965779149,96,23,2301,103340030,15802,2012-05-03,9,OZ,1,1.69
2965785092,214,5,501,103800030,14900,2012-03-21,14.5,OZ,1,2.64
2965785092,214,72,7205,103500030,3830,2012-06-24,4,OZ,1,2.96
2965803394,214,63,6315,104122040,20514,2012-04-23,128,OZ,1,2.98
2965805829,214,74,7407,107033070,1783,2012-04-13,5,CT,1,6.97
2965805829,214,82,8201,104122040,23511,2012-10-12,1,CT,1,6.99
2965805829,214,99,9909,104122040,23511,2013-05-03,16,OZ,2,3.94
2965837375,214,36,3612,104122040,20514,2013-04-15,128,OZ,1,0.76
2965837608,214,23,2301,104122040,23511,2012-10-13,16,OZ,1,0.88
2965872464,206,58,5823,102265525,2626,2012-04-26,9,OZ,1,3.98
2965872464,206,24,2406,103760030,17027,2012-08-10,7,OZ,1,2.11
2965915658,46,99,9909,107143070,5072,2012-04-13,12,OZ,1,1
2965915658,46,63,6305,102500020,11749,2012-04-19,59,OZ,1,2.5
2965915658,46,95,9517,106700868,25075,2012-12-27,1,CT,1,1.89
2965915658,46,37,3703,105100050,2820,2013-02-15,11.25,OZ,3,4
2965949753,46,29,2902,105100050,2820,2012-03-03,19,OZ,1,2.27
2965959380,46,36,3603,104300040,26420,2012-06-23,64,OZ,12,2.4
2966007090,46,99,9908,1071928373,11473,2012-07-22,6,OZ,1,2
2966007090,46,41,4108,103940030,71386,2013-02-23,15.5,OZ,1,1
2966026751,17,22,2211,103700030,5174,2012-07-22,120,CT,1,5.49
2966072239,18,55,5555,107457070,26051,2012-11-08,14,OZ,2,7.98
2966109143,360,69,6901,101204414,13056,2012-09-18,3.25,OZ,2,6.98
2966115839,360,21,2108,103680030,3679,2012-05-06,96,OZ,1,2.99
2966708291,205,63,6319,107654575,17876,2013-02-08,128,OZ,1,2.59
2966712389,42,5,501,101600010,3331,2012-04-06,14,OZ,1,3.79
2966712389,42,12,1206,108660080,2559,2012-05-28,5,OZ,1,1.69
2966712420,42,10,1004,104149747,19710,2013-03-22,3.25,OZ,1,0.89
2966964906,404,36,3611,107200070,28354,2012-03-10,120,OZ,1,2.49
2967085306,285,26,2606,101115010,15530,2012-08-11,40,CT,1,1.69
2967085700,285,64,6409,108678585,3139,2012-08-16,1.5,LT,1,11.99
2967085700,285,55,5555,107457070,26051,2012-09-05,14,OZ,2,6
2967140635,109,53,5307,107417575,20614,2012-04-13,16,OZ,1,1.99
2967140635,109,95,9518,10920090,534,2012-06-01,1,CT,1,4.79
2967140635,109,53,5307,107417575,20614,2013-04-19,16,OZ,1,1.79
2967244974,377,33,3302,102700020,57417,2012-09-02,8.7,OZ,1,2.18
2967244974,377,63,6317,104157040,2017,2013-03-15,64,OZ,1,3.29
2967299700,507,63,6315,108523989,11176,2012-10-25,128,OZ,1,3.24
2967329840,507,9,912,104812141,18322,2012-08-17,20,OZ,1,2.99
2967420509,508,97,9753,1049046141,0,2012-03-20,1,CT,1,14.99
2967433014,508,96,9609,1057261353,88199,2012-04-22,0,,1,-1
2967433014,508,63,6315,108523989,11176,2012-06-07,128,OZ,2,5.16
2967433014,508,54,5401,103800030,5618,2012-08-12,12.3,OZ,1,2.5
2967433014,508,30,3008,102100020,9886,2012-08-24,16,OZ,1,1.89
2967433014,508,97,9753,1084433181,0,2012-09-22,1,CT,1,1.05
2967501827,510,26,2628,101310010,23664,2012-12-10,8,RL,1,10.69
2967513707,509,53,5305,102000020,7655,2012-04-22,7.5,OZ,1,1.31
2967513707,509,57,5705,107047070,20230,2012-06-10,12,OZ,1,1.61
2967513707,509,36,3618,101200010,23361,2012-08-12,67.6,OZ,4,5.24
2967513707,509,69,6903,103419737,23664,2013-03-17,4,OZ,1,2.45
2967513707,509,9,912,104812141,18322,2013-04-28,15,OZ,1,3.13
2967513707,509,14,1404,101480010,12021,2013-05-19,23.4,OZ,1,2.09
2967565261,507,73,7319,1037003030,23664,2012-10-26,4,OZ,1,3.35
2967565261,507,10,1010,105150050,16728,2012-12-16,7.25,OZ,1,2.08
2967565261,507,97,9753,1088752181,0,2013-03-06,1,CT,1,2.09
2967616304,507,53,5307,108523989,833,2012-06-18,12,OZ,2,4.8
2967629279,510,5,516,103000030,14760,2012-11-29,7.3,OZ,2,3.98
2967689901,510,9,912,104812141,18322,2012-05-08,13,OZ,2,5.22
