614871248,151,41,4120,101111010,9907,2012-12-05,6,OZ,1,0.5
614876021,63,35,3509,103320030,875,2012-03-23,75,OZ,1,5.47
614876021,63,33,3305,102840020,5141,2012-08-21,11.5,OZ,3,5.64
614878440,140,99,9908,101111010,9907,2012-08-05,16,OZ,1,1.39
614881654,211,9,907,101111010,9907,2012-03-23,12,OZ,1,1.99
614881654,211,96,9632,107675070,35438,2012-12-15,1,CT,1,25
614889104,63,26,2622,101370010,8154,2012-12-02,25,CT,1,4.99
614889384,63,96,9609,1052113151,88199,2012-12-23,0,,1,-1
614889384,63,73,7302,101111010,9907,2013-03-31,50,CT,3,7.32
614894303,143,36,3611,106827464,30855,2012-10-31,192,OZ,1,2.99
614899477,133,82,8201,101111010,4962,2013-03-16,1,CT,1,3.99
614905683,89,56,5616,103450030,10165,2012-07-21,7.2,OZ,1,3.5
614928747,63,29,2921,101600010,1756,2013-01-13,4.7,OZ,2,3.28
614931490,63,14,1416,101111010,9907,2012-09-19,29,OZ,1,1.79
614931490,63,41,4105,102400020,4704,2013-03-06,14.5,OZ,2,1.8
614934753,140,36,3626,107800070,16223,2012-07-14,67.6,OZ,1,1
614934753,140,4,416,102800020,1214,2013-04-21,3.9,OZ,1,1
614934753,140,9,902,101111010,9907,2013-05-11,16,OZ,2,4.98
614937431,26,96,9609,1053010050,88199,2012-05-07,0,,1,-1
614937431,26,21,2112,1089899989,19445,2012-08-11,33.8,OZ,1,4.79
614937431,26,4,405,101111010,9907,2012-12-22,10,OZ,1,1
614937431,26,21,2118,108079383,6926,2013-01-12,16.9,OZ,2,2
614940210,151,63,6320,101111010,9907,2012-05-07,18,CT,1,1.77
614940210,151,97,9799,107602777,1600,2012-06-28,1,CT,1,1.49
614940210,151,29,2904,101600010,7860,2012-07-29,4.8,OZ,3,3
614940210,151,33,3305,102840020,18584,2013-03-23,13,OZ,1,2.5
614943020,98,99,9909,103022333,18063,2012-04-25,5,OZ,1,3.99
614943020,98,63,6315,101111010,61474,2012-09-28,128,OZ,1,0
614944072,26,55,5552,101111010,9907,2012-06-21,56,OZ,1,1.5
614946569,126,55,5560,104154848,5603,2012-04-29,18,OZ,1,3.99
614946569,126,17,1721,1081793989,11556,2012-07-06,12,OZ,1,3.99
614946569,126,97,9753,1020443323,0,2013-06-22,1,CT,1,2.99
614952133,140,30,3010,102100020,9886,2013-05-09,16,OZ,2,4
614953364,58,0,0,10000,0,2012-12-19,0,,1,0
614954957,26,10,1006,101111010,9907,2012-08-30,28,OZ,1,2.29
614956304,23,36,3626,107800070,16223,2012-10-31,67.6,OZ,1,1
614956304,23,4,416,102800020,2631,2013-03-29,2.1,OZ,2,1
614957663,98,9,970,103800030,62065,2012-06-08,14,OZ,1,1.98
614957663,98,36,3634,105200050,14597,2012-08-24,24,OZ,2,2.38
614957663,98,33,3350,102620020,16611,2012-11-30,4.2,OZ,1,3.49
614963477,140,74,7402,1084105888,16559,2013-01-03,8.4,OZ,1,2.99
614963784,126,3,311,105150050,14029,2012-04-06,16,OZ,2,4.58
614963784,126,29,2928,101530010,58299,2012-04-27,6.8,OZ,1,0.88
614963784,126,34,3405,101111111,5168,2012-07-06,8,OZ,1,3.47
614965322,140,33,3318,101111010,9907,2012-11-27,15,OZ,2,3.54
614965539,126,9,912,101111010,9907,2012-06-07,22,OZ,1,2.19
614966770,12,33,3301,102700020,57417,2012-06-17,5,OZ,1,2.99
614966770,12,75,7501,1030052131,19243,2012-10-14,20.3,OZ,1,4.99
614972318,431,79,7901,10928191,27400,2012-10-10,1,CT,1,4.99
614973175,140,11,1102,104480040,22777,2012-05-26,500,CT,1,4.99
614973175,140,31,3101,107800474,2519,2012-07-15,12,OZ,3,16.47
614973175,140,33,3316,101600010,7018,2012-11-16,8.6,OZ,1,2.39
614973175,140,9,907,105040050,95440,2013-06-12,12,OZ,1,2.5
614973232,83,27,2701,101111010,9907,2012-06-07,13.2,OZ,4,0.8
614973232,83,34,3410,101700010,4912,2012-06-22,7.5,OZ,1,1
614973736,2,37,3706,104119646,14582,2013-03-04,18.5,OZ,2,3.98
614974106,58,24,2403,101111010,9907,2013-06-09,5,OZ,2,2
614977332,2,64,6409,108500080,5550,2012-03-31,0.75,LT,2,23.98
614977332,2,33,3318,107797575,27417,2012-07-27,16,OZ,1,2.99
614979119,143,72,7214,101254616,18738,2012-10-15,18,CT,2,1.08
614979119,143,63,6315,101111010,9907,2013-02-01,128,OZ,1,3.29
614984855,98,21,2117,108768484,2903,2012-05-05,60,OZ,1,2.25
614984855,98,11,1102,1030002535,5842,2013-05-11,230,CT,1,3.49
614987229,63,51,5117,104280040,18599,2012-05-15,10.2,OZ,1,1.17
614989848,126,95,9518,1072047373,7848,2012-05-11,1,CT,1,3.29
614989848,126,97,9736,107166272,16418,2012-07-26,0,,1,1.59
614995659,89,41,4107,102400020,4704,2012-12-31,15.25,OZ,2,2
614995659,89,34,3411,101111111,5168,2013-01-27,13.5,OZ,1,2.99
614999813,83,58,5814,104470040,10837,2013-03-08,4.3,OZ,4,6.32
615004623,63,63,6317,101111010,9907,2012-11-21,6,OZ,2,0.8
615010603,63,64,6401,101820010,2510,2012-04-03,24,OZ,1,2.29
615012568,63,33,3309,1078113878,13130,2012-04-24,12,OZ,1,2.99
615012568,63,63,6323,101111010,12028,2013-01-13,64,OZ,1,2.29
615018114,191,8,811,102066222,12598,2012-07-28,24,OZ,1,3.38
615018114,191,4,421,107097070,8527,2012-08-27,16,OZ,1,3.19
615018114,191,21,2119,107618373,16756,2012-11-24,96,OZ,1,4.99
615018114,191,34,3411,103700030,13012,2012-12-17,1.7,OZ,1,1.99
615018539,126,4,416,101070010,56124,2012-09-14,1.85,OZ,3,1.78
615021220,143,59,5907,104060040,12119,2012-04-17,16,OZ,1,1.19
615021220,143,0,0,10000,0,2012-07-16,0,,1,0
615021220,143,43,4302,101111010,9907,2012-07-24,13,OZ,1,2.87
615021220,143,4,416,104000040,11698,2012-10-23,2.05,OZ,1,0.5
615021220,143,63,6305,101630010,6509,2013-06-04,59,OZ,1,3.49
615026822,63,5,501,101111010,9907,2012-06-04,11.25,OZ,2,3
615026822,63,36,3611,101200010,803,2012-07-29,405.6,OZ,1,3.99
615027098,83,20,2002,105100050,27873,2012-10-06,46,OZ,2,5.78
615027098,83,9,908,103967737,9698,2012-11-02,12,OZ,1,1.49
615035367,140,5,501,101600010,6283,2012-07-21,17.25,OZ,1,5.29
615035367,140,33,3303,102840020,10241,2013-01-06,10.5,OZ,1,3.19
615035367,140,56,5607,102100020,13967,2013-04-11,11.5,OZ,1,3.79
615035642,140,18,1890,104122646,5981,2012-03-07,1,CT,1,3.59
615035642,140,58,5823,104470040,13310,2012-05-01,10,OZ,1,3.49
615035642,140,9,913,104812141,18322,2013-02-04,12,OZ,1,4.29
615041557,140,63,6305,102500020,16489,2012-08-14,59,OZ,1,3.29
615041557,140,14,1415,103890030,5072,2012-10-31,15.25,OZ,2,2.67
615041594,126,45,4516,101111010,9907,2012-04-29,32,OZ,1,8.99
615041594,126,0,0,10000,0,2012-06-30,0,,1,0
615041594,126,33,3304,102840020,6777,2012-10-13,10.5,OZ,1,2.99
615041594,126,23,2301,1089505989,1393,2012-10-27,16,OZ,1,1.89
615041594,126,56,5613,1073882474,21469,2013-02-21,8,OZ,1,3.99
615041594,126,63,6323,101111010,9907,2013-03-09,128,OZ,1,2.99
615042585,98,17,1719,101920010,10882,2012-12-22,10,OZ,1,3.29
615042585,98,27,2702,102310020,13705,2013-03-12,20.4,LB,1,17.69
615044914,63,56,5607,102100020,13967,2012-06-08,8,OZ,2,5.48
615045737,58,73,7309,101111010,9907,2012-06-22,30,CT,1,1.57
615047651,83,99,9904,1070817474,53689,2012-09-01,16,OZ,1,1.99
615047651,83,8,816,1064767161,6994,2012-11-20,16,OZ,1,3.99
615047651,83,63,6315,101111010,85048,2012-12-22,64,OZ,1,2.99
615047651,83,72,7208,1030813737,14982,2013-01-28,2,CT,1,2.99
615047651,83,72,7205,1031031030,13213,2013-03-03,2,OZ,1,2.99
615047651,83,26,2622,101111010,9907,2013-03-05,60,CT,1,1.79
615050617,140,51,5128,1071785474,11614,2012-08-18,8,OZ,3,3
615051004,63,8,814,101111010,9907,2012-04-07,15.5,OZ,1,2.79
615051004,63,8,809,101111010,9907,2012-11-25,10.25,OZ,2,1.78
615051004,63,5,501,104240040,40317,2013-03-03,24.4,OZ,1,2.99
615055555,126,5,501,101111010,9907,2012-12-18,32,OZ,1,2.99
615057430,211,33,3304,102840020,6777,2012-08-18,10.5,OZ,1,2.99
615057430,211,9,921,104500040,8511,2012-11-06,4.1,OZ,1,1
615058091,63,9,917,101111010,6848,2012-04-18,19.2,OZ,1,1.69
615058091,63,51,5115,107192171,18492,2012-10-11,20.5,OZ,1,1.99
615058091,63,96,9609,1057940050,88199,2012-12-12,0,,1,-0.5
615065897,151,21,2117,108768484,2903,2012-05-29,60,OZ,1,2.29
615071369,12,3,302,104300040,1292,2012-12-12,8,OZ,3,10.47
615071369,12,9,908,1077347979,9698,2012-12-21,12,OZ,2,6.58
615080539,140,37,3703,105100050,2820,2012-03-03,10.75,OZ,1,1.19
615080539,140,21,2108,101111010,9907,2012-12-22,64,OZ,1,1.88
615080539,140,54,5401,103800030,5618,2013-02-24,10.75,OZ,1,1.6
615080539,140,63,6315,101111010,12028,2013-04-01,128,OZ,1,2.5
615080678,140,59,5902,101111010,9907,2012-09-02,16,OZ,2,3.98
615081709,98,7,709,109955595,68135,2013-02-02,4.8,OZ,1,7.99
615081920,63,63,6315,101111010,6848,2012-09-17,128,OZ,1,2.79
615082001,140,0,0,10000,0,2012-05-14,0,,1,0
615086237,140,63,6315,107057878,4256,2012-12-12,32,OZ,1,2.49
615086237,140,9,907,101111010,16706,2013-06-09,20,OZ,1,1.25
615095036,98,56,5607,102100020,13967,2012-04-17,8,OZ,1,2.33
615102265,133,9,903,102100020,85727,2012-03-13,6,OZ,2,5.98
615102265,133,56,5617,101111010,9907,2012-05-04,16,OZ,1,2.99
615102265,133,26,2628,101111010,9907,2012-12-02,1,RL,1,1
615103253,98,99,9904,1071575676,5278,2012-05-10,16,OZ,2,3.98
615103253,98,35,3509,102420020,14716,2012-06-30,15.6,OZ,1,2.99
615103253,98,58,5823,104450040,8318,2012-12-12,9,OZ,1,2.98
615103253,98,40,4004,107765272,17309,2012-12-27,1.2,OZ,1,2.5
615103253,98,57,5710,1089470080,21065,2013-01-20,5.3,OZ,2,2
615105824,126,56,5618,101111010,9907,2012-04-11,12,OZ,1,3.69
615105824,126,0,0,10000,0,2013-01-31,0,,1,0
615116628,63,16,1604,101254616,18738,2012-12-05,18,CT,1,1.29
615116628,63,9,907,101111010,9907,2013-01-01,16,OZ,2,2
615125174,143,0,0,10000,0,2013-05-05,0,,2,0
615125174,143,63,6315,101111010,85048,2013-05-16,64,OZ,1,3.59
615125605,191,73,7359,104746949,12354,2012-05-10,60,CT,1,5.99
615125605,191,58,5815,103760030,8501,2013-01-09,6,OZ,1,3.5
615125721,26,41,4108,103940030,71386,2012-09-14,16,OZ,4,4
615138487,63,8,835,104430040,9977,2012-09-23,14,OZ,1,2.59
615138487,63,22,2210,107261373,16794,2013-04-27,32,OZ,3,7.47
615141866,133,31,3111,104150040,6714,2013-03-11,6,OZ,1,2.99
615142582,140,51,5116,107218070,6718,2012-07-12,30.88,OZ,1,4.99
615148488,140,96,9609,1051011959,88199,2012-09-25,0,,1,-3
615148488,140,0,0,10000,0,2012-10-29,0,,1,0
615148488,140,33,3303,108411484,9596,2012-11-17,8,OZ,1,2.5
615149138,140,33,3308,102840020,3387,2013-02-13,4.5,OZ,1,1.88
615152940,140,63,6315,101111010,16706,2012-11-10,64,OZ,1,1.99
615152940,140,73,7344,103700030,14466,2013-03-23,14,CT,1,2
615155477,98,5,501,1088491282,14900,2012-03-11,25,OZ,2,6.76
615155477,98,99,9908,101111010,9907,2012-06-22,16,OZ,3,3
615167422,151,13,1306,101330010,11211,2012-04-17,5,LB,1,2.99
615171492,83,53,5307,101111010,9907,2012-04-22,12,OZ,1,1.09
615171492,83,99,9908,101111010,9907,2012-05-06,10,OZ,1,2.99
615171492,83,30,3008,101111010,9907,2013-01-06,16,OZ,1,1.67
615173841,63,56,5604,1071156575,41559,2013-05-19,4,OZ,1,3.99
615182161,63,57,5705,107047070,20230,2012-04-21,4,OZ,2,1.68
615182161,63,96,9609,1057047050,88199,2012-05-05,0,,1,-1
615182161,63,38,3801,101111010,9907,2012-05-05,4,LB,1,2.29
615182161,63,51,5133,107320272,9303,2012-06-30,22.5,OZ,1,4.99
615182161,63,23,2301,107680878,1393,2012-09-09,13.25,OZ,1,1.19
615182161,63,22,2211,101111010,5981,2012-11-17,120,CT,1,2.99
615182161,63,57,5710,103663232,4568,2012-12-02,5.3,OZ,2,2
615182161,63,14,1404,101111010,9907,2013-05-18,24,OZ,1,1.99
615182161,63,96,9609,1051380050,88199,2013-06-29,0,,1,-1.5
615182161,63,59,5902,103450030,10165,2013-07-13,8,OZ,1,2.69
615185474,126,5,520,103000030,14760,2013-02-06,42,OZ,1,4.99
615188335,26,9,901,104400040,13243,2013-02-01,14.3,OZ,1,2.48
615196916,431,58,5815,103760030,8501,2012-09-29,3.5,OZ,2,2
615196916,431,9,907,101111010,9907,2013-03-09,11,OZ,1,1
615197400,191,0,0,10000,0,2013-04-16,0,,2,0
615200372,140,9,907,101111010,9907,2012-04-20,12,OZ,2,1.98
615200372,140,56,5616,101111010,20588,2012-04-29,8,OZ,1,3.5
615200372,140,58,5823,101111010,9907,2012-07-31,9,OZ,1,3.49
615200372,140,58,5827,101111010,9907,2012-09-16,12,OZ,2,5.38
615200372,140,5,501,103800030,17050,2013-02-11,16.7,OZ,1,4.87
615200372,140,30,3009,102100020,9886,2013-04-27,16,OZ,1,2.5
615200372,140,59,5907,102700020,2012,2013-06-07,15,OZ,2,3
615218078,26,75,7520,1030052131,27166,2012-08-21,500,CT,1,3.28
615218078,26,54,5401,103800030,5618,2013-02-21,12.3,OZ,2,4.5
615222019,63,58,5823,104470040,13310,2013-01-11,7,OZ,1,4.49
615222914,140,75,7520,101111010,9907,2012-08-17,300,CT,1,1
615222914,140,25,2503,104127141,26189,2013-04-12,10.5,OZ,2,5.98
615223421,431,36,3611,106827464,30855,2012-10-30,405.6,OZ,2,6.98
615227067,140,30,3010,101111010,9907,2013-03-08,16,OZ,1,1.5
615233471,58,33,3307,102900020,14112,2012-03-12,8,OZ,1,5.99
615235017,83,73,7356,1032420838,1488,2012-12-08,120,CT,1,28.99
615237649,63,9,902,104400040,15335,2013-03-25,15.1,OZ,1,2.79
615237649,63,0,0,10000,0,2013-06-09,0,,2,0
615237904,431,9,907,101410010,13791,2012-08-04,16,OZ,1,3.99
615237904,431,58,5814,104470040,10837,2013-02-24,3.66,OZ,1,1.99
615243546,63,57,5710,103663232,4568,2012-09-07,5.3,OZ,2,2
615246430,83,17,1703,104460040,6608,2012-06-13,32,OZ,2,7.18
615246430,83,26,2614,1030800434,2964,2012-07-26,22,CT,1,1
615246430,83,57,5709,101111010,9907,2012-10-07,23,OZ,1,2.79
615246430,83,64,6409,108130888,25521,2013-01-27,0.75,LT,2,15.98
615257993,63,99,9909,107143070,5072,2012-09-05,12,OZ,1,1.99
615258072,126,63,6309,101405414,12973,2013-02-23,12,OZ,1,1.29
615259653,26,95,9518,1061029060,6015,2012-03-07,1,CT,1,3.69
615259653,26,63,6313,107357070,8185,2012-09-29,12,OZ,1,1.75
615259653,26,99,9904,103338333,33170,2013-01-19,48,OZ,1,4.99
615259653,26,96,9609,1052113151,88199,2013-03-08,0,,1,-1
615259930,12,5,501,103800030,4352,2012-06-18,14.1,OZ,2,4.78
615259930,12,63,6314,107342070,4529,2012-07-22,8,OZ,1,1.89
615259930,12,5,501,101600010,3331,2013-02-10,12.25,OZ,1,3.07
615259930,12,57,5710,103663232,4568,2013-02-15,21.2,OZ,1,3.69
615259930,12,57,5705,103663232,4568,2013-03-17,24,OZ,1,1.99
615262594,140,31,3101,105210050,11382,2012-03-21,4,OZ,1,5.69
615262594,140,58,5823,104157343,20588,2012-05-29,8,OZ,1,3.5
615262594,140,97,9753,1022807424,0,2012-08-31,1,CT,1,7.61
615267935,89,21,2105,104900040,14357,2012-08-07,32,OZ,5,2.95
615267935,89,36,3618,104900040,23359,2013-01-12,144,OZ,1,4
615274695,140,56,5614,104171646,6769,2012-12-02,16,OZ,1,4.99
615274695,140,63,6305,101630010,6509,2013-02-05,89,OZ,1,5.89
615300395,63,18,1829,1084237181,23488,2012-09-23,1,CT,2,1.58
615303184,63,99,9904,1071575676,5278,2012-07-10,6,OZ,2,1.94
615303184,63,5,501,101111010,9907,2012-12-29,14.5,OZ,1,2.67
615310593,63,21,2108,101111010,9907,2013-05-06,64,OZ,1,1.99
615319462,63,43,4302,107027272,15085,2012-03-20,13,OZ,2,9.98
615319462,63,18,1828,104650040,7249,2012-06-29,1.34,OZ,4,22.96
615319462,63,96,9609,1051600050,88199,2012-08-21,0,,1,-1
615319462,63,9,902,101410010,45039,2012-10-03,6.6,OZ,2,2.7
615319462,63,33,3308,102840020,3336,2012-11-15,9.75,OZ,1,2
615326258,89,26,2614,103700030,514,2012-11-17,28,CT,1,6.49
615326279,2,51,5125,101380010,10271,2012-03-29,9.63,OZ,1,3.29
615326279,2,18,1831,102146626,20787,2012-12-06,1,CT,1,1.59
615331557,83,9,907,101111010,9907,2012-08-02,20,OZ,2,2
615351037,126,41,4107,102400020,4704,2012-06-29,14.5,OZ,2,2
615351037,126,14,1404,101111010,9907,2013-01-12,24,OZ,1,1.89
615351037,126,27,2711,101780010,95301,2013-03-21,3.5,LB,2,11.98
615353220,140,29,2908,107152474,10039,2013-01-22,16,OZ,2,3.58
615353220,140,5,516,103000030,14760,2013-06-14,6.7,OZ,1,2
615360188,2,70,7001,101111010,9907,2013-01-06,32,OZ,2,3.98
615365869,12,7,707,102550020,6550,2012-11-22,29.2,OZ,1,9.88
615368164,12,29,2927,107341676,10839,2012-07-15,7,OZ,1,2.69
615368164,12,25,2509,1074236575,8499,2012-12-05,16,OZ,1,1.89
615368164,12,7,707,101111010,20588,2013-03-30,12,OZ,1,6.99
615368164,12,25,2509,101111010,85048,2013-04-17,16,OZ,1,1.69
615370893,98,9,902,102410020,44209,2012-05-27,13.7,OZ,1,2.5
615370893,98,63,6323,101111010,9907,2012-09-11,128,OZ,1,2.64
615370893,98,63,6305,101111010,9907,2013-02-08,128,OZ,1,2.25
615370893,98,32,3204,101111010,9907,2013-02-09,17,OZ,1,3.86
615372723,12,26,2633,101111010,9907,2013-02-23,18,RL,1,8.99
615380396,98,14,1414,101111010,9907,2012-10-13,8.5,OZ,1,0.67
615380396,98,63,6320,101111010,9907,2013-01-22,12,CT,1,0.9
615380396,98,4,418,104000040,16765,2013-02-23,11.18,OZ,1,3.47
615384741,83,37,3703,105100050,2820,2012-10-01,10.75,OZ,4,6.36
615384741,83,51,5119,104670444,18213,2012-10-13,8,OZ,1,3.24
615386397,431,72,7205,103700030,4294,2012-07-10,5.8,OZ,1,3.79
615388675,191,9,902,104400040,19783,2012-06-24,9,OZ,1,1.67
615388675,191,21,2105,105200050,7054,2012-07-17,32,OZ,2,1.38
615388675,191,58,5831,107527878,6625,2013-02-24,20,OZ,1,5.39
615388675,191,4,416,103400030,8247,2013-05-10,1.55,OZ,3,2.55
615392792,63,36,3604,107800070,2829,2012-06-29,144,OZ,1,2
615403920,58,58,5827,107010070,9243,2012-04-21,12,OZ,1,4.09
615403920,58,75,7520,101111010,9907,2013-04-04,300,CT,1,1
615404192,140,55,5557,104767747,5168,2012-03-09,8.67,OZ,2,5.98
615404192,140,96,9609,1051920050,88199,2013-02-03,0,,1,-1
615415972,89,4,410,102800020,20031,2013-02-06,12,OZ,1,2.5
615419520,191,56,5614,101111010,9907,2012-07-31,1,OZ,4,1
615419520,191,9,922,102430020,10577,2012-08-19,12,OZ,1,1.79
615419520,191,91,9134,108500080,25725,2012-10-19,1.75,LT,1,24.39
615419520,191,97,9731,1074677575,1379,2013-01-15,1,CT,1,14.99
615419520,191,29,2925,101111010,6678,2013-03-14,32,OZ,1,2.39
615420331,140,26,2606,104126040,9907,2012-09-02,200,CT,1,1.99
615420331,140,63,6316,101111010,9907,2012-12-15,8,OZ,2,2.38
615431135,23,8,835,1063036161,28043,2012-08-10,12,OZ,1,2.99
615431135,23,8,816,107111777,15194,2012-08-17,24,OZ,1,3.79
615437155,126,58,5835,107790070,9200,2012-10-19,16,OZ,2,6
615438248,26,4,407,103400030,18947,2012-10-21,14,OZ,1,1.97
615448517,63,58,5823,101111010,9907,2013-01-17,2,OZ,1,0.58
615449981,191,63,6330,101111010,6678,2012-09-22,16,OZ,1,2.49
615454126,63,29,2914,102100020,19279,2012-08-04,12,OZ,2,1.98
615466618,12,82,8201,101111010,9907,2012-03-11,1,CT,1,6.99
615466618,12,15,1506,103120030,12957,2012-12-31,10,OZ,1,3.99
615466618,12,99,9904,1071575676,5278,2012-12-31,6,OZ,2,5
615468136,140,31,3108,101111010,9907,2013-05-15,13,OZ,1,3.99
615470068,63,96,9609,10993600090,88199,2012-04-04,0,,1,-0.5
615494185,98,8,810,104780040,4319,2013-03-02,1.5,OZ,1,1.99
615495195,140,36,3618,101111010,1814,2012-04-30,144,OZ,1,2.76
615495195,140,5,516,101862717,9496,2012-11-18,7.4,OZ,1,3.49
615496997,140,99,9908,101111010,9907,2012-05-21,16,OZ,1,0.69
615500662,58,22,2210,103700030,5174,2013-03-14,41,OZ,1,4.99
615500924,143,9,907,107371171,34753,2013-02-19,16,OZ,1,1.99
615502361,63,96,9609,1050052151,88199,2012-06-09,0,,1,-0.3
615513470,98,19,1908,105150050,9189,2012-07-16,18,OZ,1,2.88
615514018,140,9,901,103010030,16825,2012-07-13,15,OZ,1,3.79
615514018,140,54,5401,103800030,5618,2012-08-02,12.3,OZ,1,2.49
615514018,140,26,2631,101111010,9907,2012-09-25,84,CT,1,2.99
615514018,140,53,5307,101111010,9907,2012-11-09,12,OZ,4,4
615519038,151,26,2628,101111010,9907,2012-09-13,1,RL,2,2
615522290,211,30,3001,101111010,9907,2013-02-25,30,OZ,1,2.79
615522290,211,63,6340,101111010,20588,2013-03-29,40,OZ,1,12.99
615524199,12,63,6309,104126040,9698,2012-09-11,8,OZ,1,0.69
615524199,12,59,5902,101111010,85048,2012-11-25,16,OZ,1,3.99
615524199,12,30,3001,104800141,8178,2012-12-23,30,OZ,1,4.38
615524199,12,0,0,10000,0,2013-06-17,0,,4,0
615524979,151,5,502,101600010,17635,2012-03-13,8,OZ,1,3.15
615524979,151,99,9909,101111010,9907,2012-06-13,12,OZ,2,2.98
615524979,151,60,6011,101111010,9907,2012-11-21,16,OZ,2,2.5
615524979,151,97,9753,106602262,0,2013-02-21,1,CT,1,3.99
615524979,151,9,907,101111010,9907,2013-05-08,20,OZ,1,1.49
615536549,151,71,7113,107940070,17521,2012-10-02,12.6,OZ,4,5.96
615536549,151,63,6323,101111010,9907,2013-03-04,64,OZ,1,1.89
615549533,26,7,709,109955595,31032,2013-01-26,4.87,OZ,1,8.99
615560354,126,97,9753,1022808626,0,2012-08-08,1,CT,1,7.09
615560354,126,30,3001,105250050,5337,2013-02-11,32,OZ,1,4.39
615569896,63,29,2928,104100040,9814,2013-05-20,5.7,OZ,2,2
615579502,126,29,2914,102100020,9886,2012-09-07,2,OZ,1,0.49
615600694,211,62,6202,102484222,2542,2012-03-07,20,OZ,1,6.49
615600987,89,45,4508,104132242,16106,2012-03-02,20,OZ,1,8.99
615600987,89,36,3611,108304686,8688,2012-07-23,101.4,OZ,1,1
615601391,126,32,3203,106414464,13474,2012-10-18,8,OZ,1,3.99
615601391,126,9,912,104812141,18322,2013-05-02,13,OZ,1,3.89
615605691,98,57,5704,103663232,4568,2012-04-25,16,OZ,3,5.94
615608165,89,63,6314,101111010,9907,2012-06-01,16,OZ,1,1.25
615615088,151,9,913,104812141,18322,2012-06-23,12,OZ,1,3.99
615615088,151,35,3506,103700030,3068,2012-08-20,75,OZ,1,3.89
615615088,151,17,1726,101111010,5981,2012-08-20,75,CT,1,3.49
615622205,83,63,6315,101111010,9907,2012-06-26,64,OZ,2,5.78
615622205,83,1,106,101500010,29555,2012-08-30,7.1,OZ,1,2
615622205,83,33,3318,101111010,9907,2012-10-15,15,OZ,1,1.64
615622205,83,1,106,1084667585,14157,2012-11-12,4,OZ,1,1.69
615622205,83,63,6321,1064767161,6994,2013-06-10,8,OZ,1,2.99
615624419,140,36,3631,107800070,23209,2013-03-24,67.6,OZ,1,1.34
615627163,58,28,2806,105410050,19509,2012-06-02,24,OZ,3,7.5
615627163,58,33,3307,101111010,9907,2012-09-21,16,OZ,1,1.79
615639469,191,63,6315,101111010,85048,2012-07-05,64,OZ,1,2.99
615651069,143,19,1905,105150050,16728,2012-07-14,20,OZ,1,2.99
615651069,143,8,818,105100050,14403,2013-03-24,23.25,OZ,1,2.07
615653951,143,51,5123,107057575,60780,2012-05-22,28,OZ,1,2.39
615653951,143,99,9904,103338333,33170,2013-05-28,6,OZ,1,2.5
615657038,431,15,1506,104114343,17593,2012-04-21,6,OZ,1,2.6
615657038,431,96,9609,1052898959,88199,2012-06-10,0,,1,-0.75
615657038,431,5,501,1088397888,11881,2013-03-07,13.5,OZ,1,2
615661428,89,63,6320,101111010,9907,2012-09-10,6,CT,1,0.89
615661428,89,97,9753,1075166676,0,2012-11-07,1,CT,1,3.49
615661428,89,9,912,104812141,18322,2012-11-26,13,OZ,1,2.99
615661428,89,63,6315,101111010,9907,2013-01-12,128,OZ,1,2.59
615663973,143,26,2628,103700030,2248,2012-04-16,8,RL,1,10.43
615663973,143,4,417,104131141,105216,2012-05-02,3.2,OZ,1,1
615663973,143,26,2628,103600030,9787,2012-10-28,60,CT,2,3.98
615665701,191,27,2704,107910070,30096,2012-09-13,24,OZ,2,5
615678250,126,54,5403,101800010,14029,2012-03-20,11.5,OZ,1,2.35
615678250,126,67,6704,103288434,5952,2012-03-31,1,CT,1,1.99
615678250,126,54,5403,107229070,18158,2012-09-09,29,OZ,2,15.38
615678250,126,7,709,1076211171,17286,2013-01-02,4.2,OZ,2,15.98
615678250,126,33,3308,101111010,9907,2013-03-01,7,OZ,1,0.9
615689425,126,23,2301,107680878,1393,2012-09-16,16,OZ,1,1
615697164,191,58,5823,104470040,13310,2012-11-04,16,OZ,1,3
615697164,191,33,3303,102840020,15598,2013-07-04,13.5,OZ,1,4.48
615697164,191,23,2301,101111010,9907,2013-07-14,12,OZ,1,1.19
615700798,89,33,3304,102840020,6777,2012-12-13,10.5,OZ,1,2.99
615700798,89,92,9211,1030099737,15219,2013-03-17,0.16,OZ,1,5.99
615712399,63,63,6315,101111010,6848,2012-12-28,128,OZ,2,3
615718630,98,31,3101,1065638565,25708,2013-06-12,1.58,OZ,1,3.25
615719196,98,96,9609,1051600050,88199,2012-09-08,0,,2,-1.5
615743092,98,0,0,10000,0,2013-03-21,0,,2,0
615749424,63,26,2633,103040030,683,2012-10-24,4,RL,1,0.99
615749424,63,56,5615,102100020,9886,2013-04-12,8,OZ,1,1.99
615749733,191,9,908,101111010,9907,2013-02-10,8.5,OZ,1,1.99
615749733,191,26,2633,101111010,6678,2013-03-11,12,RL,1,4.89
615749733,191,32,3204,101111010,20588,2013-04-01,17,OZ,1,4.99
615753034,63,62,6202,101111010,25089,2012-05-19,9,OZ,2,7.58
615753034,63,9,914,101111010,9907,2012-07-28,15,OZ,1,2.49
615754619,89,64,6401,107199070,2034,2012-04-06,144,OZ,1,14.99
615754619,89,36,3628,101200010,12029,2012-09-02,144,OZ,1,3.67
615764052,140,55,5559,101111010,4020,2012-04-23,30,OZ,1,3.99
615764052,140,55,5558,101111010,4020,2013-01-15,30,OZ,1,2.5
615764052,140,69,6901,1082775585,2458,2013-06-14,2.5,OZ,1,1
615768229,12,5,501,101600010,6283,2012-08-16,14.25,OZ,1,5.39
615772446,140,9,902,104400040,18775,2012-07-12,9,OZ,2,4
615772446,140,99,9904,103338333,33170,2012-09-28,6,OZ,2,6.98
615772446,140,55,5567,1078978575,16558,2013-01-31,24,OZ,1,5.79
615772446,140,55,5558,107255474,35506,2013-03-01,18.1,OZ,1,3.99
615773090,140,9,908,102430020,10577,2013-01-22,10.6,OZ,1,1.79
615788337,143,53,5307,107056070,14005,2013-05-17,22,OZ,1,2.89
615804099,431,56,5621,101111010,9907,2012-03-07,8,OZ,1,2.99
615804099,431,6,609,107007474,7315,2012-05-02,48,OZ,2,17.98
615804099,431,0,0,10000,0,2012-06-06,0,,3,-7.25
615804099,431,96,9609,1054141959,88199,2013-02-06,0,,1,-1
615804099,431,0,0,10000,0,2013-05-28,0,,1,0
615810731,83,99,9904,101111010,9907,2012-08-04,48,OZ,1,3.99
615822719,126,58,5831,101111010,9907,2012-09-30,48,OZ,1,7.99
615822719,126,35,3506,103700030,3068,2013-01-12,38.1,OZ,1,13.79
615822719,126,10,1010,103400030,8247,2013-03-08,24,OZ,1,2.09
615828575,63,36,3628,101111010,1814,2013-01-08,67.6,OZ,2,1.68
615828575,63,63,6315,101111010,6848,2013-03-21,128,OZ,3,5.37
615828575,63,4,418,104000040,26517,2013-04-13,12,OZ,1,3
615828575,63,19,1905,101111010,9907,2013-04-15,32,OZ,1,3.59
615853562,63,8,818,103620030,14868,2012-03-25,24,OZ,6,11.82
615853562,63,96,9609,1051780050,88199,2013-04-04,0,,1,-2
615853562,63,56,5616,101111010,9907,2013-04-11,6,OZ,1,1.88
615878627,63,4,410,101130010,2272,2012-04-03,10.5,OZ,1,2.29
615878627,63,27,2704,102310020,13705,2012-08-13,6,OZ,1,4.69
615878627,63,9,908,102430020,10577,2013-03-19,8.27,OZ,1,2.59
615881002,151,30,3007,107653979,12409,2012-06-18,12,OZ,1,3.65
615881002,151,31,3101,108708585,3289,2012-09-12,4.5,OZ,1,3.89
615881002,151,56,5617,101111010,9907,2013-05-15,12,OZ,1,1.39
615881153,83,97,9771,107169171,15583,2012-06-23,1,CT,1,4.49
615895137,431,96,9609,1057560959,88199,2012-08-10,0,,1,-5
615895137,431,69,6901,1030099737,448,2012-08-10,2.25,OZ,3,8.64
615895137,431,57,5710,107835575,61673,2012-10-03,24,OZ,1,3.69
615895776,12,56,5699,104175747,10216,2012-11-16,7.5,OZ,1,4.99
615899654,211,73,7359,107431272,12440,2012-03-31,60,CT,1,30.99
615910768,140,55,5552,101111010,9907,2012-10-20,48,OZ,1,2.59
615912824,2,63,6399,1060421565,52986,2012-06-16,7,OZ,1,5.99
615941377,2,5,501,1088491282,68868,2012-12-13,24,OZ,1,5.19
615941377,2,63,6305,101111010,9907,2013-03-22,64,OZ,1,1.67
615945590,26,33,3312,103700030,14494,2012-07-04,6.38,OZ,1,1.57
615945590,26,58,5814,102781525,885,2012-10-06,3.1,OZ,1,1
615945590,26,5,501,103800030,6796,2013-03-24,19,OZ,1,2.99
615945590,26,9,907,101111010,9907,2013-04-12,16,OZ,1,1.29
615945590,26,9,917,101111010,9907,2013-05-27,16,OZ,1,1.59
615971623,140,4,419,104000040,5168,2012-04-08,9.5,OZ,2,8.78
615971623,140,9,907,107763373,15452,2012-06-17,20,OZ,1,2.99
615971623,140,9,908,104069747,25321,2012-08-07,20,OZ,1,2.99
615975013,126,51,5129,101450010,20864,2012-03-28,10,OZ,1,2.19
615975013,126,63,6315,101111010,9907,2012-05-02,128,OZ,1,2.99
615981586,63,72,7203,1031254737,10554,2012-07-21,16.9,OZ,1,2.99
615983132,133,33,3303,102840020,10241,2013-03-30,10,OZ,1,2
615989978,89,53,5307,101111010,9907,2012-11-19,12,OZ,4,4
616010347,431,5,501,101600010,3331,2012-11-20,21.6,OZ,1,5.49
616010814,63,57,5705,107047070,20230,2012-08-15,12,OZ,1,2.49
616010814,63,81,8102,107310070,16567,2012-10-19,0.82,OZ,1,2.29
616010814,63,18,1813,101111010,12987,2012-12-15,3,RL,1,1.99
616010814,63,73,7308,103660232,15274,2012-12-28,24,CT,1,1.89
616014023,89,58,5823,107010070,9243,2012-04-28,8,OZ,2,4
616014023,89,36,3618,101200010,23361,2012-06-10,67.6,OZ,2,3
616014023,89,26,2622,101111010,9907,2012-06-10,100,CT,1,2.69
616014023,89,36,3632,101111010,85048,2012-11-25,48,OZ,2,9.38
616017823,211,63,6315,101111010,9907,2012-05-26,128,OZ,1,2.79
616017823,211,97,9753,10000,0,2012-09-01,1,CT,1,0.78
616017823,211,63,6315,101111010,9907,2012-11-07,128,OZ,1,2.69
616038363,191,41,4107,101111010,6678,2012-05-12,14.5,OZ,2,1
616044319,140,9,917,107800474,2519,2012-05-24,24,OZ,1,1.93
616084145,58,14,1404,103732333,12209,2012-03-19,24,OZ,1,2.35
616084145,58,99,9908,103338333,33170,2012-10-27,16,OZ,1,0.99
616084145,58,51,5125,101380010,10271,2012-12-13,9.88,OZ,1,3.17
616087383,133,99,9908,103710232,11930,2012-04-06,16,OZ,1,3.59
616087383,133,18,1898,104133343,5379,2012-12-24,8,CT,1,5.99
616094032,89,36,3618,104900040,23359,2012-04-14,144,OZ,1,5.69
616094032,89,96,9609,1054110050,88199,2012-07-03,0,,1,-1
616094032,89,33,3318,101111010,9907,2012-09-09,15,OZ,1,1.64
616094032,89,49,4901,101312010,26885,2013-01-30,32,OZ,1,2.99
616113115,140,17,1710,101980010,5251,2013-02-13,80,OZ,1,9.29
616155354,63,63,6312,102500020,16487,2012-04-01,59,OZ,1,2.99
616155354,63,18,1828,101980010,15181,2012-06-03,7.5,OZ,1,1
616155354,63,64,6401,103410030,93313,2013-01-13,72,OZ,1,7.99
616155354,63,17,1703,101920010,10882,2013-02-24,22,OZ,1,0.99
616164578,2,0,0,10000,0,2012-08-16,0,,3,0
616164578,2,25,2503,105000050,32115,2012-11-18,16,OZ,1,3.49
616165422,2,58,5828,107790070,9200,2013-02-22,9.6,OZ,1,4.99
616165440,98,26,2630,103600030,9787,2012-05-07,84,CT,1,2.09
616165440,98,99,9909,101111010,28083,2012-08-20,12,OZ,1,2.24
616170594,26,5,501,103000030,99506,2012-09-17,14.5,OZ,1,1.88
616170594,26,74,7407,107033070,1783,2012-10-21,4,CT,2,9.58
616178726,26,59,5902,101111010,9907,2012-04-15,16,OZ,1,3.35
616178726,26,41,4108,103940030,71386,2013-01-13,16,OZ,2,2
616183639,63,36,3631,107800070,23209,2013-03-30,67.6,OZ,1,1
616206005,126,21,2108,101111010,9907,2013-01-05,64,OZ,1,1.99
616206005,126,57,5710,1089470080,21065,2013-03-02,5.3,OZ,4,4
616212002,98,31,3110,104470040,13310,2012-04-06,3,OZ,1,1.99
616212002,98,29,2902,101490010,19995,2012-11-18,15,OZ,1,2.59
616212002,98,58,5814,104470040,10837,2012-12-07,8.74,OZ,1,3.49
616238712,191,99,9908,101111010,9907,2012-11-24,12,OZ,1,3
616244744,2,64,6408,108600383,15377,2012-05-18,0.75,LT,1,4.54
616244744,2,58,5813,107527878,6625,2013-01-19,16,OZ,1,1.99
616266346,2,99,9904,105410757,33170,2012-12-02,48,OZ,1,3.99
616267233,2,10,1011,107349171,9883,2012-09-06,14,OZ,1,3.19
616353587,2,99,9904,103338333,33170,2012-10-18,4.4,OZ,1,2.99
616396297,166,29,2903,106414464,3342,2012-04-18,15,OZ,1,1.19
616396297,166,16,1604,102200020,20100,2012-04-30,15,CT,1,1.49
616396297,166,9,901,104400040,12279,2012-06-15,9,OZ,1,5.29
616396297,166,51,5132,103620030,52004,2012-08-28,12.5,OZ,1,6.99
616410381,431,30,3010,107020070,11244,2012-10-22,12,OZ,2,7.98
616410381,431,26,2622,102570020,20361,2012-11-12,40,CT,1,5.09
616419915,2,8,814,102840020,18584,2012-11-24,15.5,OZ,1,2.99
616432688,2,30,3002,104800141,1707,2012-11-20,30,OZ,1,3.99
616440570,2,58,5823,104470040,13310,2012-05-13,7.5,OZ,1,3.09
616440570,2,63,6320,101111010,14907,2012-12-13,12,CT,1,1.99
616455205,133,33,3308,101111010,9907,2012-10-15,5,OZ,1,1
616476768,2,63,6315,104138343,10091,2012-08-24,32,OZ,1,2.79
616485366,191,71,7107,107124979,21913,2012-03-15,1,CT,2,17.58
616485366,191,58,5823,101111010,9907,2012-07-23,9,OZ,1,3.49
616498283,98,9,907,101111010,9698,2012-09-16,16,OZ,1,2.69
616498283,98,25,2506,105000050,32115,2012-09-29,32,OZ,1,3.04
616510414,211,27,2709,102310020,18139,2012-03-06,2.47,OZ,1,1.65
616510414,211,63,6315,101111010,9907,2012-11-24,64,OZ,1,2.59
616521535,431,33,3307,104157040,2017,2012-09-08,6,OZ,1,2.99
616521535,431,51,5125,101380010,10271,2012-09-15,12,OZ,1,1.99
616521535,431,58,5827,101111010,9907,2012-12-22,16,OZ,2,7
616521535,431,63,6320,101111010,9907,2013-04-20,12,CT,1,1.25
616543158,151,18,1890,101111010,9907,2012-10-09,6,CT,1,2.99
616572459,140,29,2906,101111010,9907,2012-10-07,8,OZ,1,1.09
616572459,140,9,907,107870070,33796,2012-11-08,24,OZ,1,3.69
616590551,2,44,4401,101111010,28113,2012-05-29,48,OZ,1,9.99
616590551,2,53,5307,102000020,7655,2013-03-07,24,OZ,1,4.99
616593111,2,33,3307,101111010,9907,2012-07-30,16,OZ,1,2.49
616593111,2,36,3612,103200030,17035,2013-01-16,128,OZ,1,1
616616985,166,63,6315,102830020,16257,2012-09-01,12,OZ,1,1
616616985,166,21,2121,105385959,9582,2013-01-04,11.5,OZ,2,1
616619764,63,96,9609,1054173656,88199,2012-03-29,0,,1,-1
616630155,2,39,3903,103905939,17176,2012-06-13,32,OZ,1,17.99
616635309,2,18,1841,103700030,17864,2012-05-30,4,CT,1,11.99
616635309,2,63,6305,102500020,16489,2012-08-24,59,OZ,1,3.99
616635309,2,0,0,10000,0,2013-04-07,0,,1,0
616635309,2,91,9106,108048080,2143,2013-04-18,0.75,LT,2,31.98
616661279,63,53,5307,101450010,20864,2012-04-10,12,OZ,1,2.99
616661279,63,58,5824,104274343,5653,2012-07-26,9,OZ,1,1.25
616662642,166,97,9743,104310040,11411,2012-11-18,50,CT,1,1.69
616662642,166,56,5620,107283070,18390,2013-03-26,8,OZ,1,2.99
616701059,166,25,2509,102830020,16257,2012-05-27,32,OZ,1,3.19
616708751,166,27,2704,102310020,13705,2012-12-23,6.07,OZ,1,4.99
616712591,166,9,907,107313070,13291,2012-08-10,24,OZ,1,2.99
616712591,166,56,5616,103680030,6561,2012-10-29,8,OZ,1,3.49
616760054,166,63,6320,102544424,33097,2012-10-09,18,CT,1,3.19
616780397,166,28,2801,104470040,3640,2012-06-04,20,OZ,1,4.55
616799276,63,37,3711,105100050,27873,2012-03-24,18.3,OZ,2,6.98
616799276,63,9,902,104400040,15335,2012-09-08,13.7,OZ,1,1.99
616799276,63,57,5710,107047070,20230,2013-03-10,5.3,OZ,5,5
616799276,63,53,5307,101450010,20864,2013-03-10,12,OZ,2,4
616799276,63,0,0,10000,0,2013-07-14,0,,1,0
616833641,2,23,2301,107680878,1393,2013-01-14,13.25,OZ,1,1
616847459,126,58,5823,104470040,13310,2012-05-20,12,OZ,1,1
616847459,126,31,3101,101111010,9907,2012-06-12,2,OZ,1,0.9
616850871,2,82,8201,101111010,9907,2012-05-20,48,OZ,1,8.99
616850871,2,63,6315,1074236575,8499,2012-09-07,64,OZ,2,8.58
616850871,2,92,9214,104155444,11347,2012-11-09,2.3,OZ,1,5.99
616850871,2,96,9609,1054610050,88199,2012-12-07,0,,1,-0.5
616889611,2,36,3611,107114272,915,2012-06-20,64,OZ,2,5
616915517,2,58,5837,103760030,8501,2012-06-17,6,OZ,1,3.49
616915517,2,21,2114,103084939,16381,2012-08-30,7,OZ,1,1.99
616923394,431,41,4108,1088439585,10793,2012-03-11,15,OZ,2,1.78
616923394,431,73,7302,107468474,7490,2013-05-10,6,CT,1,1.59
616926806,98,58,5823,104222242,26234,2012-11-07,32,OZ,1,5.99
616975877,98,56,5616,102100020,9886,2012-06-06,7,OZ,1,3.25
616975877,98,5,502,104142040,1934,2013-02-07,25.2,OZ,1,4.99
616979658,166,51,5122,107142171,14012,2012-09-27,5.7,OZ,1,0.99
616979658,166,3,307,101990010,3603,2012-11-14,12,OZ,1,1.25
617001812,89,33,3318,101111010,9907,2012-05-23,24,OZ,1,4.99
617001812,89,0,0,10000,0,2012-05-30,0,,1,0
617001812,89,56,5616,101111010,9907,2012-08-02,6,OZ,1,2.19
617001812,89,53,5307,101450010,20864,2013-02-03,11,OZ,1,1.49
617025003,126,37,3711,101111010,20588,2013-03-01,16,OZ,1,3.49
617083583,2,58,5812,107495676,8144,2012-09-08,12,OZ,1,4.79
617099970,2,42,4220,101111010,14907,2012-06-23,16,OZ,1,1.49
