660673213,96,99,9908,1071631070,15859,2013-05-16,10,OZ,1,3.99
660677669,206,32,3203,106414464,13474,2012-05-03,6,OZ,1,3.18
660677669,206,9,904,107020070,62488,2012-05-16,5,OZ,1,1.67
660677669,206,11,1102,108685484,10218,2012-05-24,200,CT,1,1.48
660677669,206,56,5614,103090030,19704,2012-08-07,10,OZ,1,4.18
660677669,206,33,3302,102700020,57417,2012-11-02,3.24,OZ,2,2.36
660677669,206,36,3611,108265787,4687,2013-03-04,405.6,OZ,1,5.48
660677669,206,33,3302,108685484,10218,2013-04-07,21,OZ,1,2.58
660687930,96,4,418,104000040,26517,2012-08-08,11,OZ,1,3.99
660688810,96,99,9908,103003434,28496,2012-09-06,16,OZ,1,1.5
660693221,206,51,5123,101380010,27474,2012-11-25,37,OZ,1,7.98
660693221,206,51,5126,102113121,11151,2012-12-31,13.6,OZ,1,4.18
660693221,206,17,1707,104159848,19708,2013-02-22,10,OZ,1,3.78
660704336,96,99,9904,103338333,33170,2012-05-19,80,OZ,1,5.99
660709547,96,9,907,107131979,16021,2012-04-15,16,OZ,1,3.79
660709547,96,41,4107,103710030,10383,2012-09-23,15,OZ,2,2
660737189,206,99,9908,103260131,5489,2012-11-16,16,OZ,1,1.98
660737189,206,56,5613,108685484,10218,2013-01-24,15,OZ,1,2.48
660737189,206,33,3308,101566515,98644,2013-03-13,4.5,OZ,2,5.66
660746487,96,37,3703,105100050,2820,2013-03-10,10.75,OZ,1,1.79
660749171,96,33,3307,103003434,7175,2012-03-25,12,OZ,1,4.99
660749171,96,99,9908,103003434,28496,2012-10-16,16,OZ,1,1.29
660778429,96,96,9609,10990000090,88199,2012-07-24,0,,1,4
660786975,96,51,5126,101380010,27474,2012-11-10,8.88,OZ,3,7.5
660786975,96,51,5125,101380010,10271,2013-03-02,9.75,OZ,2,5
660795613,96,99,9909,103003434,28496,2012-03-10,6,OZ,1,1.79
660795613,96,44,4404,107002272,15242,2012-07-23,48,OZ,1,5.49
660795614,96,9,907,103003434,7175,2012-05-14,18,OZ,2,2.98
660795614,96,4,410,107920070,20031,2013-01-30,12,OZ,1,3.59
660812945,96,17,1710,101980010,5251,2012-08-09,32,OZ,1,5.39
660812945,96,0,0,10000,20405,2012-11-15,0,,1,5.14
660812945,96,53,5307,103003434,7175,2012-11-30,16,OZ,2,1.98
660812945,96,36,3601,104900040,3809,2013-05-16,144,OZ,3,11
660813739,96,18,1802,104667747,13970,2012-06-22,2,CT,1,1.79
660817620,206,9,922,101099515,35538,2013-02-11,10,OZ,1,3.98
660837088,96,36,3638,103003434,7175,2013-01-26,33.8,OZ,1,0.75
660837593,46,56,5619,102100020,19279,2012-03-08,16,OZ,1,3.99
660838005,96,0,0,10000,0,2012-07-29,0,,1,0
660845590,96,31,3101,105210050,11382,2013-03-10,0.12,OZ,1,4.39
660845590,96,23,2301,103340030,15802,2013-03-17,48,OZ,1,3.99
660883641,96,35,3504,103500030,13470,2012-09-14,25,OZ,1,3.19
660883641,96,9,913,104812141,18322,2013-01-06,12,OZ,1,1.99
660883641,96,63,6316,103003434,7175,2013-01-11,16,OZ,1,1.89
660895773,96,36,3631,101200010,12170,2012-05-07,144,OZ,1,3.66
660895773,96,33,3318,102840020,15441,2012-05-31,12,OZ,1,2.5
660895773,96,9,907,107131979,16021,2012-10-02,12,OZ,1,2.69
660895773,96,54,5401,103800030,5618,2013-02-04,29.6,OZ,1,5.49
660896521,96,12,1205,108000080,17292,2012-05-20,2.6,OZ,1,1.69
660896521,96,25,2508,103003434,7175,2012-09-14,64,OZ,1,2.99
660896521,96,26,2608,103003434,7175,2012-12-30,24,CT,1,1.89
660896521,96,96,9609,1057357050,88199,2012-12-30,0,,1,-1
660896521,96,96,9609,1054400050,88199,2013-01-06,0,,1,-1
660902613,96,58,5827,107389070,17549,2012-05-06,16,OZ,1,4.54
660902613,96,73,7344,1030006737,22351,2012-12-09,42,CT,1,26.99
660902613,96,30,3008,107110070,8280,2013-04-06,24,OZ,1,4.49
660925010,96,23,2301,103003434,7175,2012-11-03,16,OZ,1,1.79
660925010,96,55,5558,1085673282,93384,2012-12-06,16.5,OZ,1,3.99
660954688,206,29,2914,102100020,19279,2012-07-21,12,OZ,1,1.98
660954688,206,33,3318,107797575,27417,2013-05-15,13.5,OZ,1,3.39
660963822,96,9,901,103010030,85957,2012-07-11,8.5,OZ,2,5
660968187,96,9,907,107131979,4173,2012-10-24,20,OZ,1,1.79
660969933,96,37,3711,105100050,2820,2013-01-20,15.4,OZ,5,5
660981797,96,53,5307,101450010,20864,2013-01-13,11,OZ,1,1.99
661002517,96,59,5907,102900020,2012,2012-12-06,16,OZ,1,1
661008135,206,27,2701,108685484,10218,2012-05-04,22,OZ,2,2.36
661008135,206,51,5121,104280040,18599,2012-05-09,14,OZ,3,11.94
661016411,96,25,2509,107026272,25314,2012-08-14,32,OZ,1,2.99
661022390,96,36,3638,101906313,6830,2013-03-23,96,OZ,1,2.5
661023269,96,63,6315,103003434,7175,2012-05-12,64,OZ,1,2.19
661023269,96,27,2704,107910070,30096,2013-03-02,20,OZ,1,3.99
661023269,96,53,5307,102880020,7907,2013-05-05,12,OZ,5,5
661028546,96,29,2903,106414464,3342,2012-05-02,40,OZ,1,3
661028546,96,21,2118,108079383,6926,2012-06-01,16.9,OZ,3,4
661028546,96,27,2709,102310020,7480,2012-09-30,3,OZ,1,2.99
661042186,96,14,1404,103732333,12209,2012-03-23,24,OZ,1,2.39
661042186,96,99,9908,1071631070,15859,2013-01-11,10,OZ,1,3.99
661053360,96,17,1724,104650040,14149,2012-07-09,27,OZ,1,4.99
661053393,96,41,4110,101300010,8164,2013-05-23,16,OZ,1,1.25
661053393,96,74,7402,105100959,14701,2013-05-25,8,OZ,4,8.76
661061982,96,58,5812,102695626,29203,2012-07-05,16,OZ,1,4.99
661077626,96,44,4404,107002272,15242,2012-08-01,8.5,OZ,2,5.98
661081069,96,14,1404,103003434,7175,2012-03-03,24,OZ,1,2
661081069,96,9,907,101122515,19197,2012-05-28,16,OZ,1,0.79
661081069,96,57,5704,104667545,20216,2012-10-08,16,OZ,2,6
661081069,96,0,0,10000,0,2012-10-14,0,,1,0
661081069,96,9,907,103003434,7175,2013-01-09,20,OZ,1,0.99
661092233,96,29,2924,101740010,11748,2012-03-29,28,OZ,1,5.19
661092233,96,38,3801,103003434,7175,2012-07-12,5,LB,1,3.49
661092233,96,27,2709,105849656,18139,2012-07-27,3,OZ,2,3.34
661092233,96,26,2609,103003434,7175,2012-09-13,100,CT,1,3.79
661092233,96,92,9210,104155444,11347,2012-10-25,1,OZ,1,6.99
661121572,96,99,9909,107127979,6732,2013-03-03,9,OZ,1,3.69
661121572,96,73,7314,1063165666,20137,2013-04-14,60,CT,1,19.99
661122326,96,36,3611,103003434,7175,2012-03-04,202.8,OZ,1,2.5
661122326,96,92,9214,107050171,12554,2012-09-15,25,CT,1,7.99
661122326,96,64,6408,108500080,86330,2012-09-21,0.75,LT,1,10.99
661134857,206,63,6320,108685484,10218,2012-11-15,18,CT,1,3.67
661156912,96,51,5125,101380010,10271,2012-07-06,9,OZ,1,2
661157808,96,53,5307,101450010,20864,2012-05-20,12,OZ,2,3.58
661157808,96,4,410,107920070,20031,2012-08-25,3.5,OZ,1,1
661176613,96,26,2633,103040030,683,2012-03-17,4,RL,1,1.49
661184444,96,9,907,107341070,2437,2013-02-11,24,OZ,1,3.99
661184444,96,43,4302,107027272,15085,2013-02-19,13,OZ,1,4.59
661221991,206,56,5620,108685484,10218,2012-11-05,8,OZ,1,2.28
661221991,206,27,2709,101780010,19793,2012-12-26,3,OZ,1,1.38
661221991,206,73,7304,1032390030,30125,2013-02-07,8,OZ,1,7.68
661246567,96,35,3506,105170050,6335,2012-03-07,14.1,OZ,1,5.19
661246567,96,26,2606,105543757,11482,2012-04-09,40,CT,1,2.69
661290587,96,6,607,107007474,5810,2012-03-10,56,OZ,3,29.97
661290587,96,63,6320,103003434,7175,2012-06-16,12,CT,1,0.99
661290587,96,5,501,103800030,6796,2012-09-15,15,OZ,4,10
661339090,46,36,3612,104125040,11473,2012-04-12,128,OZ,1,0.87
661339090,46,29,2930,106414464,3342,2012-06-29,7.5,OZ,5,5
661339090,46,96,9609,1051600050,88199,2012-07-26,0,,1,-0.5
661341408,96,96,9609,10990000090,88199,2012-05-26,0,,1,0
661341408,96,56,5607,101122515,19197,2013-03-08,8,OZ,1,1.49
661365307,46,5,501,103800030,6790,2012-03-08,14.7,OZ,2,5
661365307,46,27,2701,101113212,491,2012-03-12,13.2,OZ,42,28.4
661365307,46,41,4105,1070882070,11473,2012-03-13,14.5,OZ,9,6.21
661365307,46,5,520,1076023676,11473,2012-03-17,42,OZ,3,5.97
661365307,46,9,901,102750020,837,2012-03-21,9.25,OZ,2,3.18
661365307,46,9,901,104400040,3453,2012-03-22,13.72,OZ,2,5.58
661365307,46,71,7113,107940070,17521,2012-03-29,32,OZ,1,2.89
661365307,46,33,3303,104125040,11473,2012-04-03,9,OZ,1,2
661365307,46,58,5814,102781525,885,2012-04-07,10.6,OZ,1,2
661365307,46,99,9908,103338333,33170,2012-04-10,32,OZ,1,2
661365307,46,58,5828,103100030,1358,2012-04-10,6.4,OZ,1,1
661365307,46,72,7205,103700030,4294,2012-04-16,5.8,OZ,2,6.94
661365307,46,56,5611,104175747,10216,2012-04-16,6,OZ,1,0.99
661365307,46,33,3316,101600010,3397,2012-04-19,8.75,OZ,2,4.98
661365307,46,97,9753,1020020121,0,2012-05-06,1,CT,1,11.95
661365307,46,36,3636,104300040,4371,2012-05-19,169,OZ,3,6.57
661365307,46,96,9609,1057778252,88199,2012-05-21,0,,1,-1
661365307,46,34,3405,101111111,2966,2012-05-25,24,OZ,1,3.99
661365307,46,56,5616,104125040,11473,2012-06-02,8,OZ,1,2.79
661365307,46,79,7901,107224676,20014,2012-06-02,1,CT,0,0
661365307,46,59,5906,102700020,13564,2012-06-04,41,OZ,2,5.98
661365307,46,55,5552,1070882070,11473,2012-06-05,56,OZ,3,8.07
661365307,46,59,5907,102740020,16291,2012-06-08,45,OZ,1,3.39
661365307,46,18,1823,103320030,875,2012-06-08,30,OZ,1,1.49
661365307,46,27,2704,1076023676,11473,2012-06-13,25,CT,1,1.79
661365307,46,99,9908,1071928373,11473,2012-06-15,60,OZ,1,12.99
661365307,46,9,902,1071928373,11473,2012-06-17,14.4,OZ,1,2
661365307,46,79,7901,107224676,20014,2012-06-21,1,CT,1,1.79
661365307,46,63,6315,104125040,11473,2012-06-22,64,OZ,2,3.98
661365307,46,99,9909,107143070,5072,2012-06-23,12,OZ,1,1
661365307,46,51,5116,104125040,11473,2012-06-23,29.43,OZ,2,8
661365307,46,26,2634,104200040,14813,2012-06-30,12,RL,1,5.99
661365307,46,56,5620,102100020,9886,2012-07-02,8,OZ,4,8
661365307,46,99,9908,1071928373,11473,2012-07-27,6,OZ,1,2
661365307,46,35,3506,103700030,3068,2012-08-01,75,OZ,1,3.99
661365307,46,55,5558,107255474,35506,2012-08-02,18.1,OZ,2,7.18
661365307,46,9,901,107232070,17320,2012-08-03,11,OZ,1,1.39
661365307,46,96,9609,1051800050,88199,2012-08-18,0,,1,-0.4
661365307,46,51,5124,105433858,53838,2012-08-24,3.5,OZ,12,9.48
661365307,46,34,3405,101111111,5168,2012-09-01,24,OZ,1,6.59
661365307,46,8,814,102840020,18584,2012-09-05,15,OZ,1,2.5
661365307,46,73,7307,104116747,30343,2012-09-07,30,CT,1,16.99
661365307,46,57,5710,103663232,4568,2012-09-08,21.2,OZ,4,12.99
661365307,46,92,9211,107124979,21913,2012-09-18,0.32,OZ,1,7.99
661365307,46,8,814,1070882070,11473,2012-09-22,24,OZ,1,2.69
661365307,46,96,9609,1057007454,88199,2012-09-22,0,,1,-2
661365307,46,56,5609,104125040,11473,2012-09-26,24,OZ,1,1.99
661365307,46,41,4105,102400020,4704,2012-10-03,14.5,OZ,2,2.06
661365307,46,36,3612,108304686,8688,2012-10-05,128,OZ,1,0.89
661365307,46,13,1306,104125040,11473,2012-10-06,10,LB,4,13.56
661365307,46,18,1850,105113151,43184,2012-10-08,2,CT,1,2.69
661365307,46,29,2907,104600040,13023,2012-10-10,12.5,OZ,1,2.49
661365307,46,26,2609,1071373373,11473,2012-10-10,300,CT,1,6.79
661365307,46,29,2914,102100020,9886,2012-10-15,5.5,OZ,2,2.58
661365307,46,92,9212,107417070,26732,2012-10-17,0.13,OZ,1,0.94
661365307,46,97,9727,104549646,70853,2012-11-09,1,CT,1,19.99
661365307,46,41,4107,104125040,11473,2012-11-12,15,OZ,1,1.19
661365307,46,63,6317,102529323,16410,2012-11-13,64,OZ,1,3.19
661365307,46,7,707,1071373373,11473,2012-11-18,34.5,OZ,1,5.49
661365307,46,70,7002,1030813737,25162,2012-11-25,30,CT,2,5.56
661365307,46,43,4302,107027272,15085,2012-12-07,13,OZ,1,3.49
661365307,46,33,3305,102840020,5141,2012-12-15,11.5,OZ,1,3.5
661365307,46,97,9799,1075918878,33170,2012-12-16,1,CT,1,0.49
661365307,46,95,9517,107316878,13520,2012-12-16,1,CT,2,3.98
661365307,46,9,907,1070882070,11473,2012-12-18,24,OZ,1,2.99
661365307,46,36,3611,1071928373,11473,2012-12-21,405.6,OZ,1,3
661365307,46,41,4110,103940030,71386,2012-12-22,16,OZ,3,4.17
661365307,46,60,6011,104125040,11473,2012-12-23,16,OZ,1,0.99
661365307,46,99,9904,103338333,33170,2012-12-28,48,OZ,4,19.96
661365307,46,97,9731,103505131,2303,2013-01-13,1,CT,1,8.49
661365307,46,29,2908,107152474,10039,2013-01-18,16,OZ,1,1.69
661365307,46,51,5125,107265575,8089,2013-01-23,10,OZ,2,4
661365307,46,41,4107,103470030,6754,2013-01-23,14.5,OZ,2,1.58
661365307,46,33,3303,104125040,11473,2013-01-25,13.75,OZ,1,2.99
661365307,46,1,105,1071373373,11473,2013-01-27,23.2,OZ,1,14.47
661365307,46,99,9908,103338333,33170,2013-01-30,16,OZ,2,4.98
661365307,46,99,9908,103338333,33170,2013-02-06,48,OZ,1,2.69
661365307,46,9,913,107147979,1505,2013-02-09,12,OZ,1,2.5
661365307,46,45,4511,1071928373,11473,2013-02-25,28,OZ,1,0
661365307,46,8,818,1071928373,11473,2013-02-28,26,OZ,1,1
661365307,46,30,3008,104125040,11473,2013-02-28,16,OZ,2,2
661393918,96,99,9904,107490474,3457,2012-03-03,3.15,OZ,1,0.5
661393918,96,8,818,103620030,14868,2012-04-30,45,OZ,2,6.7
661393918,96,56,5609,102100020,2321,2012-07-16,24,OZ,1,3.89
661393918,96,18,1898,104133343,5379,2012-12-17,24,CT,1,18.99
661402612,96,4,405,1060069969,55864,2012-10-13,10,OZ,1,1.5
661417726,46,99,9908,105783656,17665,2012-07-14,1,CT,1,4.89
661417726,46,53,5307,102000020,7655,2012-11-03,11.8,OZ,1,2.5
661417726,46,75,7501,105280050,10779,2012-12-14,16,OZ,1,6.49
661420802,96,36,3618,104900040,23359,2012-09-18,20,OZ,1,1.69
661420802,96,33,3305,103003434,7175,2013-04-23,8,OZ,1,2.99
661454457,46,33,3305,104125040,11473,2012-06-12,20,OZ,1,2.99
661454457,46,95,9518,104282343,28202,2013-02-13,1,CT,1,3.99
661512011,96,56,5604,102100020,9886,2012-07-03,8,OZ,1,2
661561258,96,26,2629,101122515,19197,2012-05-29,200,CT,1,1.29
661561258,96,3,303,105210050,2732,2012-12-15,1.75,OZ,1,2.5
661584159,46,9,907,107131575,8313,2012-09-27,20,OZ,3,5.97
661587045,96,96,9609,1053400050,88199,2012-05-31,0,,1,-1
661587127,96,63,6320,103003434,7175,2012-06-03,12,CT,1,0.99
661587127,96,26,2615,107301070,17990,2012-08-25,40,CT,1,6
661587127,96,4,418,102800020,4346,2012-10-09,11.5,OZ,1,2.69
661607785,96,96,9609,1057047050,88199,2012-07-20,0,,3,-2.25
661607785,96,5,501,101600010,3331,2012-09-27,12,OZ,1,2.5
661607785,96,33,3305,103003434,7175,2012-11-21,8,OZ,1,2.5
661629400,96,9,917,104600040,13023,2012-10-06,8.2,OZ,1,1.25
661631607,46,29,2928,105480050,19039,2012-03-06,8.8,OZ,10,18.6
661649714,46,99,9908,103338333,33170,2013-01-26,16,OZ,1,0.99
661663789,96,51,5125,1071785474,11614,2013-02-09,8,OZ,2,2
661690666,96,49,4903,1083418383,385,2012-03-15,20,OZ,1,4.39
661690666,96,53,5307,103003434,7175,2012-05-17,16,OZ,1,2.29
661690666,96,63,6305,104850040,18799,2012-09-20,59,OZ,1,3.99
661690666,96,63,6312,104850040,12957,2013-04-18,59,OZ,1,3.99
661718167,96,0,0,10000,0,2013-03-17,0,,1,-5.29
661730170,96,38,3802,103003434,7175,2012-10-17,2,LB,1,2
661730170,96,36,3630,101200010,23361,2013-04-16,144,OZ,1,4.34
661789611,96,96,9609,10999955595,88199,2012-07-25,0,,1,-1
661789611,96,7,709,1076211171,17286,2012-10-08,4.4,OZ,1,7.99
661791347,96,5,502,101600010,107416,2012-05-26,4.5,OZ,1,2.89
661791347,96,0,0,10000,0,2013-01-10,0,,1,0
661872514,96,31,3101,105210050,11382,2013-02-22,2.75,OZ,1,4.29
661877604,96,19,1904,103003434,7175,2013-03-26,24,OZ,1,6.99
661892365,96,56,5615,103003434,7175,2012-03-05,8,OZ,1,2.99
661892365,96,99,9908,103338333,33170,2012-03-09,8,OZ,1,0.99
661913810,96,26,2620,103003434,7175,2012-04-22,20,CT,2,4.58
661917262,96,37,3705,105100050,2820,2013-02-14,19,OZ,1,1.5
661968916,96,62,6201,103003434,7175,2012-06-04,16,OZ,1,2.99
661982732,96,63,6320,109396696,13264,2012-05-22,12,CT,1,3.99
661982732,96,26,2622,102570020,20361,2012-08-08,50,CT,2,8.98
661982732,96,36,3626,107800070,16223,2012-10-04,96,OZ,1,3
662003546,96,36,3629,107800070,17203,2012-06-29,144,OZ,1,3
662003546,96,36,3618,104900040,23359,2012-12-31,144,OZ,1,4
662064370,46,56,5620,102100020,9886,2012-08-27,7,OZ,2,3.76
662064370,46,51,5115,107218070,15035,2012-12-22,24.72,OZ,1,3.5
662084525,96,18,1828,101980010,15181,2012-04-03,7.5,OZ,2,2
662084525,96,97,9753,10000,0,2012-08-02,1,CT,1,0.71
662084525,96,15,1504,104114343,17593,2013-01-01,15,OZ,1,4.39
662140608,96,1,106,105215959,41981,2012-04-02,16,OZ,1,2.99
662140608,96,33,3305,101583919,7001,2012-06-24,8.1,OZ,1,3.99
662140608,96,96,9609,1053700050,88199,2012-09-03,0,,3,-1.75
662140608,96,4,418,104000040,26517,2012-11-14,12.6,OZ,1,2.77
662140608,96,18,1890,105209252,43069,2012-11-20,1,CT,2,9.72
662140608,96,71,7107,1030815131,3609,2012-12-05,1,CT,1,7.49
662218233,96,51,5125,101380010,10271,2012-05-27,9.13,OZ,2,5.32
662218233,96,45,4511,1073898575,20825,2012-06-05,12,OZ,2,13.98
662224124,96,26,2622,103003434,7175,2012-11-26,50,CT,2,3.98
662224124,96,99,9908,103003434,28496,2012-12-27,8,OZ,1,4.99
662230951,46,2,202,101600010,1756,2012-08-08,17.5,OZ,1,2.17
662293431,46,7,707,104300040,11339,2012-12-14,11,OZ,2,6
662299106,96,51,5125,102580020,16668,2013-01-20,9,OZ,1,2
662299106,96,53,5307,101450010,20864,2013-02-03,12,OZ,1,1
662330718,46,2,214,101600010,1910,2012-09-23,10.6,OZ,1,1.99
662330718,46,31,3111,104150040,6714,2012-11-18,6,OZ,1,2.99
662330718,46,36,3627,107800070,23362,2013-02-16,101.4,OZ,1,4.68
662404490,96,63,6313,107357070,8185,2012-03-23,24,OZ,1,3.29
662404490,96,29,2921,101600010,1756,2012-06-03,5,OZ,2,2
662404490,96,99,9909,103003434,7175,2012-06-03,16,OZ,1,5.99
662404490,96,26,2619,103003434,7175,2012-10-27,30,CT,1,2.69
662404549,46,63,6315,104125040,11473,2013-05-30,64,OZ,1,2.09
662408137,46,56,5616,104610040,15889,2012-05-04,7,OZ,1,2.99
662420708,96,49,4901,103003434,7175,2012-05-18,80,OZ,2,11.98
662420708,96,9,917,103003434,7175,2012-07-11,18,OZ,1,1.8
662420708,96,51,5119,102370020,78850,2012-11-25,25.5,OZ,1,7.99
662420708,96,33,3318,103003434,7175,2013-02-25,15,OZ,1,2.25
662438011,96,26,2629,103003434,7175,2012-07-25,100,CT,1,1.99
662463983,46,33,3303,1076023676,11473,2012-09-15,11,OZ,1,2
662463983,46,33,3307,1088692686,11473,2012-11-02,16,OZ,2,6.98
662473340,96,9,902,103003434,7175,2012-03-02,12,OZ,1,1.5
662473340,96,21,2112,1075379272,12769,2012-03-02,48,OZ,1,2.92
662473340,96,9,902,104400040,8463,2012-07-04,14.4,OZ,2,6
662473340,96,5,502,101600010,17635,2012-08-10,8,OZ,1,2.89
662480605,206,9,902,108685484,10218,2012-07-26,16,OZ,1,2.57
662516515,96,33,3303,104126242,19971,2012-09-15,16,OZ,1,2.49
662546666,96,97,9753,10000,0,2012-04-06,1,CT,1,4.99
662546666,96,34,3406,103700030,8993,2013-02-15,38.8,OZ,1,5.49
662546666,96,99,9908,103260131,5489,2013-04-07,24,OZ,1,4.99
662546666,96,74,7405,104740040,7196,2013-05-13,4,CT,1,11.49
662552588,96,73,7345,1034138333,1535,2012-03-29,30,CT,1,6.49
662552588,96,99,9908,103003434,28496,2012-06-28,8,OZ,1,2.5
662552588,96,36,3603,104300040,4371,2012-11-16,320,OZ,1,3.5
662552588,96,51,5125,101380010,10271,2013-02-07,9,OZ,1,2.5
662612207,96,63,6311,102500020,16474,2012-11-30,59,OZ,1,3.99
662615315,46,73,7312,1030002333,428,2013-02-09,0.5,OZ,1,8.47
662615315,46,95,9518,106700868,25075,2013-06-01,1,CT,2,7.48
662622377,96,4,418,103400030,57369,2012-10-07,12,OZ,2,7
662622377,96,29,2907,104600040,13023,2013-01-19,11.4,OZ,2,5
662632002,96,99,9909,107127979,6732,2012-03-05,9,OZ,1,3.39
662633615,96,4,416,103400030,9739,2012-07-12,1.5,OZ,1,1
662639751,96,41,4108,103940030,71386,2013-03-22,16,OZ,2,2.38
662676754,46,92,9208,104145747,7487,2012-07-11,27,CT,1,3.79
662676754,46,10,1011,104300040,26232,2012-10-31,13.5,OZ,2,4
662678772,206,44,4402,102770020,12137,2013-05-12,37,OZ,1,6.98
662695786,96,4,418,103400030,452,2012-03-06,10,OZ,1,3.99
662695786,96,51,5121,105150050,16728,2012-08-27,8,OZ,1,3
662727734,96,95,9518,107000070,7848,2012-10-20,1,CT,1,3.69
662727734,96,25,2506,104127141,26189,2013-04-29,32,OZ,2,7.78
662727734,96,5,501,1088491282,8471,2013-06-15,12.5,OZ,1,2.99
662770731,96,5,501,103800030,17050,2012-05-09,12,OZ,1,4.29
662770731,96,99,9904,103338333,33170,2013-02-03,64,OZ,1,4.89
662770731,96,33,3309,107797575,27417,2013-05-25,16,OZ,2,5
662778473,96,97,9736,107116979,13409,2012-04-16,12,CT,1,0.62
662778473,96,29,2914,102100020,9886,2012-05-29,1.9,OZ,4,4
662778473,96,37,3703,105100050,2820,2012-06-10,10.5,OZ,3,4
662778473,96,0,0,10000,0,2013-03-18,0,,1,0
662781998,96,56,5617,102100020,9886,2012-03-19,16,OZ,1,4.69
662781998,96,9,908,107203070,5812,2013-03-03,16,OZ,2,5.28
662792401,96,26,2609,101370010,8154,2012-06-09,50,CT,1,3.19
662792401,96,26,2633,103040030,683,2012-06-21,4,RL,2,2
662792401,96,4,427,10980090,18366,2012-08-15,1,OZ,3,3
662792401,96,35,3504,1081793989,11556,2012-12-06,18,OZ,1,3.99
662792413,96,97,9799,106794666,365,2013-01-17,1,CT,1,5.99
662794159,96,9,970,103800030,62065,2012-12-02,21.1,OZ,1,2.5
662812918,96,33,3303,101122515,19197,2012-06-04,5.5,OZ,2,1.98
662817252,96,26,2613,103600030,8583,2013-03-29,186,CT,1,29.99
662850158,96,56,5620,103003434,7175,2012-04-26,8,OZ,1,3
662867459,96,5,501,103800030,6790,2012-06-07,17,OZ,1,4.29
662919895,96,0,0,10000,0,2012-11-27,0,,1,0
662919895,96,63,6315,103003434,7175,2013-01-10,64,OZ,2,7.98
662927951,46,72,7205,103700030,4294,2012-12-31,5.8,OZ,1,3.47
662931203,96,33,3315,1089189181,12854,2012-06-02,4,OZ,1,4.69
662947723,46,9,907,104125040,11473,2013-01-12,18,OZ,3,4.5
662952666,96,14,1416,103003434,7175,2013-03-13,15.25,OZ,3,5
662996740,96,36,3634,1078616272,7237,2012-03-25,33.8,OZ,1,1.89
662996740,96,36,3634,1078616272,7237,2012-06-16,33.8,OZ,3,3
662996740,96,11,1112,1061012969,19270,2012-08-15,10,OZ,1,4.59
663018185,96,9,902,102410020,44209,2012-03-03,21,OZ,1,4.99
663018185,96,57,5705,107047070,20230,2012-12-02,6,OZ,3,1.5
663023355,96,8,805,102100020,3337,2012-03-17,15,OZ,1,4.59
663029434,96,31,3108,102460020,11990,2012-06-20,26,OZ,1,0.89
663044192,46,33,3307,108186484,7870,2012-05-04,20,OZ,2,5.38
663044192,46,4,419,104000040,5168,2013-02-07,7.94,OZ,2,6
663053589,96,7,708,1088133484,5357,2013-03-10,12,OZ,1,8.49
663062273,96,56,5620,102100020,9886,2013-03-29,8,OZ,1,2
663062273,96,97,9753,10000,0,2013-05-20,1,CT,1,1.39
663077218,46,71,7114,107940070,5168,2012-10-28,9.25,OZ,1,4.09
663093181,96,25,2506,104127141,26189,2012-04-06,16,OZ,1,2.5
663093181,96,55,5552,101122515,19197,2012-10-11,64,OZ,1,2.99
663093604,46,96,9609,1053320050,88199,2012-04-22,0,,1,-0.06
663093604,46,33,3312,103700030,14494,2013-01-06,5.92,OZ,1,2.69
663109646,96,8,810,105210050,11382,2012-11-06,1.3,OZ,1,2.29
663109646,96,71,7113,102240020,25033,2013-04-16,15,OZ,1,0.79
663121677,96,8,818,105100050,14403,2012-07-24,24,OZ,1,2
663126948,96,56,5615,107357070,8185,2012-12-22,8,OZ,3,6
663138887,96,29,2928,101530010,58299,2012-07-26,6.9,OZ,1,1.49
663159632,96,56,5617,103003434,7175,2012-12-30,12,OZ,1,2.99
663168308,46,71,7107,107124979,21913,2012-04-24,1,CT,1,8.04
663172396,206,57,5705,103663232,4568,2012-08-13,24,OZ,1,2.28
663172396,206,5,522,101313010,4253,2013-01-15,14,OZ,1,2.48
663177768,96,79,7903,107148676,27735,2013-04-14,1,CT,1,5.99
663177768,96,63,6317,104157040,2017,2013-05-29,64,OZ,1,3.39
663187236,96,54,5403,101800010,14029,2013-03-27,11.5,OZ,12,24
663197582,96,36,3631,107800070,23209,2012-09-02,67.6,OZ,1,1.67
663241459,96,38,3801,104920040,5098,2012-05-08,1.5,LB,1,2.92
663250119,96,27,2707,101780010,93964,2012-04-07,3.5,LB,2,7
663260486,96,37,3703,103003434,7175,2012-06-22,10.5,OZ,4,4.36
663260486,96,63,6315,103003434,7175,2013-03-07,128,OZ,1,2.99
663293895,46,10,1013,103890030,5072,2012-09-15,16,OZ,2,4.98
663293895,46,35,3508,103700030,18371,2012-12-05,144,OZ,1,16.99
663293895,46,34,3410,101700010,4912,2013-01-19,7.5,OZ,2,1.98
663294015,96,96,9609,1054850050,88199,2012-10-18,0,,1,-1
663294015,96,96,9609,1053700050,88199,2012-11-01,0,,1,-2
663294015,96,63,6315,103003434,7175,2013-02-21,128,OZ,2,7.46
663307052,96,99,9908,107146474,53154,2012-12-02,10,OZ,1,2.99
663313134,96,63,6323,107158070,19094,2012-07-01,32,OZ,1,1.24
663313898,96,36,3630,107800070,23561,2013-03-22,144,OZ,4,11
663318865,46,63,6315,104125040,11473,2012-07-18,64,OZ,1,1.99
663334741,46,95,9518,106700868,25075,2012-05-21,1,CT,1,3.49
663342255,96,9,907,107341070,888,2012-10-31,12,OZ,1,3.99
663348990,46,3,302,102800020,30272,2012-10-24,11.5,OZ,1,2.19
663355268,96,0,0,10000,0,2012-10-09,0,,2,0
663360441,96,19,1906,105150050,16728,2012-06-12,10,OZ,1,3.5
663382948,96,5,519,103000030,14760,2012-12-30,14.1,OZ,1,3.79
663391513,96,73,7302,1031284333,1500,2012-04-06,32,CT,1,2.59
663393268,96,10,1006,101122515,19197,2012-11-17,10,OZ,1,2.25
663397576,96,0,0,10000,0,2012-09-08,0,,2,0
663413053,96,36,3601,104900040,3809,2012-04-29,144,OZ,4,14.67
663413053,96,4,427,103400030,8682,2013-03-27,1.5,OZ,1,2.39
663425904,96,9,917,104335444,25412,2012-05-05,17,OZ,1,2.59
663428956,206,54,5401,103800030,5618,2012-12-22,12.3,OZ,1,2.88
663428956,206,74,7407,1084105888,15983,2013-05-25,5,CT,1,1.28
663440636,96,27,2705,105000050,6775,2013-02-15,5.5,OZ,3,1.65
663440636,96,96,9609,1051780050,88199,2013-03-15,0,,1,-1
663440636,96,9,922,102430020,10577,2013-03-29,13.1,OZ,1,1.79
663447612,96,95,9518,107000070,7848,2012-05-25,1,CT,2,1.98
663447612,96,63,6320,103003434,7175,2012-07-19,12,CT,1,1.64
663447612,96,8,805,1085453989,67590,2012-08-10,12.25,OZ,2,7.98
663447612,96,33,3303,102840020,10241,2013-03-29,10,OZ,1,2.14
663450978,96,2,201,101600010,1756,2012-03-30,16,OZ,1,2.99
663450978,96,0,0,10000,0,2012-08-10,0,,1,-1.5
663453614,96,37,3705,105100050,2820,2012-08-25,19,OZ,1,2.39
663454534,96,3,311,101600010,1756,2012-04-13,12,OZ,1,2.19
663454534,96,9,912,107131979,16021,2012-05-03,15,OZ,1,2.69
663464800,96,96,9609,10990000090,88199,2012-03-05,0,,-1,-3.99
663466467,96,58,5827,107389070,17549,2012-09-16,12,OZ,1,3.5
663470223,46,16,1604,101254616,18738,2012-07-14,14,CT,1,0.99
663470223,46,95,9518,106700868,25075,2012-11-03,1,CT,1,3.99
663486267,96,64,6401,101820010,2510,2012-12-01,144,OZ,1,10.49
663486267,96,22,2210,103700030,2246,2013-04-28,1.28,OZ,1,4.99
663511302,96,22,2201,104460040,3718,2012-03-22,96,OZ,1,2.29
663511410,96,64,6409,108341787,7165,2012-06-04,0.75,LT,3,38.97
663511410,96,9,902,104400040,19783,2012-07-22,9,OZ,1,3.59
663511410,96,26,2628,103700030,2248,2012-12-16,3,RL,1,5.29
663511410,96,56,5619,102100020,19279,2013-01-08,32,OZ,1,5.99
663522643,96,75,7533,103680030,18533,2013-01-13,9,CT,1,2.49
663522643,96,97,9753,10000,0,2013-01-16,1,CT,1,1.31
663523566,46,43,4302,107027272,15085,2012-10-20,13,OZ,1,3.49
663523566,46,64,6408,108072080,7265,2013-03-11,1.5,LT,1,7.99
663532892,96,33,3303,102840020,10241,2012-08-17,10.5,OZ,1,3.5
663532892,96,10,1013,103890030,5072,2012-09-19,17.2,OZ,2,5
663543726,46,32,3202,102250626,17063,2012-05-09,14,OZ,1,7.99
663559486,46,1,106,105220050,1569,2012-04-06,6,OZ,1,0.63
663559486,46,5,501,1070882070,11473,2013-03-14,12.25,OZ,1,2.5
663563055,96,21,2119,101200010,10522,2012-12-09,202.8,OZ,1,5.99
663563055,96,63,6319,104850040,10522,2013-05-14,59,OZ,1,1.79
663569980,96,63,6311,107146474,2142,2013-05-22,32,OZ,1,4.79
663577798,96,59,5902,103003434,7175,2012-11-26,16,OZ,2,6.98
663585510,96,99,9908,103338333,33170,2013-03-12,48,OZ,1,2.49
663599146,96,56,5620,102100020,9886,2012-03-29,7,OZ,4,13.96
663606145,96,45,4511,1073898575,20825,2012-12-28,12,OZ,2,14.78
663612074,46,96,9609,1054400050,88199,2012-04-28,0,,1,-1.51
663619946,96,41,4107,102400020,4704,2012-12-11,14.5,OZ,1,1
663619992,96,9,907,107882171,12633,2013-04-27,20,OZ,1,1.99
663620865,96,54,5403,102580020,16668,2012-03-20,3.95,OZ,1,3.95
663620865,96,0,0,10000,0,2012-06-19,0,,1,0
663620865,96,96,9632,107675070,25933,2012-11-10,1,CT,2,50
663628642,96,99,9904,1081204989,27736,2012-03-04,16,OZ,1,3
663634996,46,5,501,101600010,1438,2013-05-30,16,OZ,1,3.99
663637287,96,49,4901,101312010,26885,2012-06-20,32,OZ,1,3.79
663637287,96,56,5607,102100020,13967,2012-07-06,8,OZ,2,5
663664731,96,21,2111,103003434,7175,2012-09-23,64,OZ,1,3.49
663685509,96,9,907,107341070,2437,2013-01-13,24,OZ,1,3.29
663701062,96,97,9753,1022555222,0,2012-04-23,1,CT,1,2.79
663706188,96,4,416,102800020,4346,2012-09-09,1.3,OZ,1,1
663706578,46,73,7312,1031011939,1488,2013-01-12,0.56,OZ,1,7.99
663720819,96,0,0,10000,0,2012-06-08,0,,2,0
663720819,96,19,1908,105150050,9189,2012-07-13,18,OZ,2,5
663720819,96,41,4107,103710030,10383,2012-12-14,14.5,OZ,12,10.4
663720860,96,51,5115,107218070,6718,2012-07-14,22.9,OZ,1,6.99
663729354,96,74,7402,103680030,18533,2012-06-04,7,OZ,2,4.58
663729354,96,96,9632,107675070,53099,2012-06-15,1,CT,1,25
663729354,96,51,5126,101380010,27474,2013-02-02,12,OZ,2,5
663737095,96,97,9707,107169171,15583,2012-04-05,2,CT,1,3.79
663737095,96,58,5832,107057575,27210,2012-05-27,9,OZ,2,3.34
663737095,96,74,7407,104740040,7196,2012-06-09,3,CT,2,14.98
663737095,96,5,516,103800030,24525,2012-06-16,6.3,OZ,1,3.89
663737095,96,96,9609,1057830050,88199,2012-08-15,0,,1,-1
663737095,96,54,5401,103800030,5618,2012-09-29,10.7,OZ,1,2.5
663737095,96,36,3611,103003434,7175,2012-11-25,405.6,OZ,2,4.96
663737095,96,24,2403,107478575,19183,2012-12-08,10,OZ,1,2.49
663737095,96,8,836,103003434,7175,2013-01-05,16,OZ,1,0.99
663737095,96,63,6315,103003434,7175,2013-03-03,64,OZ,1,1.81
663737095,96,57,5705,107047070,20230,2013-03-03,6,OZ,9,5.4
663741504,96,33,3302,102700020,57417,2012-08-13,8.7,OZ,2,3.78
663741504,96,41,4107,102400020,4704,2012-09-07,14.5,OZ,12,10
663741504,96,2,201,1064420969,5345,2012-09-07,16.5,OZ,1,1.25
663756185,96,55,5556,104154848,5603,2012-10-12,48,OZ,1,2.99
663757753,46,33,3309,1071928373,11473,2012-09-20,12.5,OZ,1,2
663763054,96,9,907,103003434,7175,2012-08-17,12,OZ,1,0.99
663775153,96,59,5902,103003434,7175,2012-07-20,16,OZ,1,3.49
663775153,96,57,5704,107047070,20230,2012-10-08,4,OZ,3,1.5
663775153,96,37,3707,102400020,3843,2013-02-21,14.5,OZ,1,1
663778616,96,73,7302,1030057333,250,2012-12-19,300,CT,1,19.99
663778616,96,9,970,103800030,62065,2013-01-05,22,OZ,3,9
663789894,96,57,5710,1089470080,21065,2013-05-24,5.3,OZ,10,10
663814764,96,63,6317,102529323,16410,2013-03-19,64,OZ,2,6
663823352,96,39,3903,101122515,19197,2012-03-02,24,OZ,1,2
663856259,96,63,6399,102301222,27492,2012-07-15,7,OZ,2,9.78
663871614,96,26,2615,107830070,14142,2012-05-11,36,CT,1,7.99
663871614,96,56,5609,102100020,2321,2012-11-20,3.9,OZ,2,2
663871614,96,9,907,107131979,16021,2013-02-11,18,OZ,2,5.58
663871614,96,9,907,107131979,16021,2013-04-17,18,OZ,2,4.58
663887224,96,26,2622,103003434,7175,2012-08-04,50,CT,1,1.99
663892397,96,97,9753,10000,0,2012-05-19,1,CT,1,1.7
663892397,96,63,6320,1071514171,25530,2012-07-07,12,CT,1,2.99
663903673,96,54,5401,103800030,5618,2012-12-16,12.3,OZ,1,3.69
663903673,96,21,2109,102800020,56490,2013-03-07,64,OZ,1,2.5
663903673,96,9,907,103003434,7175,2013-03-22,20,OZ,1,1.99
663903673,96,57,5707,103663232,4568,2013-05-06,18.6,OZ,1,3
663930236,96,59,5902,103450030,10165,2012-12-02,16,OZ,1,4.49
663930236,96,58,5823,104450040,8318,2013-01-19,9,OZ,1,4.69
663930236,96,58,5823,103150636,4946,2013-03-20,7,OZ,1,5.99
663936516,46,79,7903,108995585,27735,2013-03-08,1,CT,1,3.99
663945564,46,36,3631,107800070,23209,2012-10-28,144,OZ,1,2.75
663949882,46,49,4901,101312010,26885,2012-04-13,26,OZ,1,3.09
663949882,46,7,709,109955595,18871,2012-07-12,4.8,OZ,1,7.99
663950683,46,63,6323,1071928373,11473,2013-05-24,64,OZ,1,2.19
663962203,96,22,2210,107261373,16794,2012-06-25,32,OZ,1,3.99
663962203,96,63,6315,103003434,7175,2012-09-28,64,OZ,1,2.02
663962203,96,0,0,10000,0,2012-12-30,0,,1,0
663963919,96,53,5307,101450010,20864,2012-08-16,12,OZ,1,1
663976954,96,0,0,10000,0,2012-05-30,0,,1,0
663976954,96,56,5607,103003434,7175,2012-10-19,8,OZ,3,4.47
663976954,96,96,9609,1054800151,88199,2012-11-26,0,,1,-1
663977852,96,57,5705,103003434,7175,2013-06-29,32,OZ,1,2.39
663980385,96,9,916,103003434,7175,2012-04-22,5,OZ,1,3.29
663980385,96,26,2609,104200040,5016,2012-06-16,50,CT,1,3.5
663980385,96,79,7902,108950585,47461,2012-12-19,1,CT,1,1
663989816,46,16,1601,105964252,5315,2013-04-17,72,CT,1,1.89
663994060,96,73,7307,103680030,18533,2012-09-16,24,CT,1,7.49
663994060,96,0,0,10000,0,2012-12-02,0,,1,-3.02
663997526,96,58,5823,104470040,13310,2012-04-05,9,OZ,1,3.34
664011293,96,63,6320,103003434,7175,2012-06-04,6,CT,2,1.78
664028535,46,55,5558,107255474,35506,2012-10-13,27,OZ,1,5.99
664029465,96,19,1905,105150050,16728,2012-05-23,32,OZ,1,3.99
664054518,96,96,9609,1051111151,88199,2012-10-28,0,,1,-2
664080355,96,64,6401,108002282,140,2012-07-08,72,OZ,1,8.99
664080355,96,63,6316,103003434,7175,2012-09-25,8,OZ,1,1
664080355,96,99,9901,107096979,17090,2012-12-28,2,OZ,1,1.29
664089152,46,41,4107,102400020,4704,2012-06-13,14.5,OZ,8,6.32
664106219,96,57,5710,1089470080,21065,2012-05-29,5.3,OZ,1,1.39
664106219,96,6,603,1075174676,13359,2012-07-04,12,OZ,1,3.99
664106219,96,56,5617,102100020,9886,2012-11-12,16,OZ,1,4.49
664106219,96,5,501,101600010,3331,2013-03-05,11.25,OZ,1,3.89
664138042,96,99,9909,107127979,6732,2012-09-24,12,OZ,1,4.99
664138042,96,33,3302,102389626,14268,2012-11-06,19.2,OZ,1,5.99
664144128,96,5,520,103003434,7175,2013-01-12,42,OZ,1,3.99
664144958,96,56,5617,102100020,9886,2013-01-17,16,OZ,1,4.69
664155314,96,33,3307,102900020,14112,2012-04-17,16,OZ,1,5.29
664157033,96,43,4302,107027272,15085,2012-06-15,6.5,OZ,1,2
664157033,96,0,0,10000,0,2012-08-25,0,,3,2.99
664157033,96,63,6315,109396696,13264,2012-09-22,64,OZ,1,3.99
664157033,96,9,902,104400040,19783,2013-04-13,9.1,OZ,2,6.58
664181199,96,21,2119,103003434,7175,2013-01-20,16,OZ,2,1.8
664197167,46,51,5130,101380010,27474,2012-08-11,11.25,OZ,2,4
664197167,46,63,6315,104125040,11473,2012-09-15,16,OZ,1,1.19
664197167,46,58,5823,104470040,13310,2012-10-27,16,OZ,2,5
664197504,96,5,501,101600010,3331,2012-05-18,21.6,OZ,1,4.99
664197504,96,18,1890,105209252,43069,2012-11-19,1,CT,1,3.36
664197603,96,51,5126,101380010,27474,2012-11-11,9.88,OZ,4,10
664197603,96,33,3305,1085413787,20148,2012-11-18,16,OZ,1,3.99
664197603,96,58,5827,103003434,7175,2013-04-13,16,OZ,1,4.19
664202744,96,63,6323,107158070,19094,2013-01-07,16,OZ,1,0.81
664202744,96,63,6315,104949444,11113,2013-01-26,128,OZ,1,4.02
664215724,96,29,2906,104430040,9977,2012-03-22,3,OZ,1,2.19
664215724,96,8,809,101300010,8164,2012-09-27,12,OZ,1,1.5
