1793706359,21,33,3305,102840020,18584,2012-10-03,10,OZ,1,3
1793706359,21,59,5906,104060040,26155,2012-12-02,15,OZ,1,2.99
1793707730,21,26,2628,103700030,2248,2013-02-21,8,RL,1,6.9
1793707730,21,63,6305,105360050,18699,2013-03-30,59,OZ,1,1.99
1793708106,21,55,5562,102073525,18893,2012-03-08,48,OZ,1,3.99
1793708106,21,7,707,107103878,25424,2013-02-06,10.5,OZ,2,7.98
1793708106,21,41,4105,107294070,18909,2013-03-09,28,OZ,2,2
1793708424,21,7,707,1078778070,12564,2012-06-17,12,OZ,1,6.79
1793708522,21,10,1010,105150050,16728,2012-11-14,19,OZ,1,2.99
1793709470,21,95,9518,1061029060,6015,2012-04-27,1,CT,1,1.99
1793710314,240,97,9753,10000,0,2012-12-15,1,CT,1,3.04
1793722042,104,19,1908,105150050,9189,2013-01-03,18,OZ,1,3.3
1793727878,101,26,2630,103600030,9787,2012-05-11,552,CT,1,3.99
1793727878,101,20,2002,105100050,27873,2012-06-30,33,OZ,1,2.99
1793727878,101,33,3318,107010474,18491,2012-12-13,14,OZ,1,1.5
1793728503,101,63,6305,101630010,6509,2012-05-20,59,OZ,2,5
1793728565,101,58,5827,1068826767,12475,2012-04-26,12,OZ,3,16.37
1793728565,101,33,3305,107781777,1235,2012-10-19,10,OZ,1,3.99
1793728565,101,63,6332,104850040,61745,2013-03-10,89,OZ,1,4.49
1793730668,77,27,2704,1061565060,4972,2012-03-27,1,CT,1,3.49
1793730668,77,8,810,104760040,19679,2012-06-24,1.12,OZ,2,1.58
1793730668,77,36,3632,107800070,4354,2012-06-29,144,OZ,1,5
1793734982,64,6,603,102800020,12545,2013-01-15,40.7,OZ,1,5.91
1793759934,165,36,3601,104900040,3809,2012-10-21,144,OZ,1,3.66
1793768958,431,58,5831,1064220565,23259,2012-04-22,16,OZ,2,9.98
1793768958,431,29,2920,102970020,8711,2012-08-28,4.1,OZ,1,0.88
1793768958,431,55,5552,107756777,2347,2012-11-06,48,OZ,1,4.99
1793768976,211,0,0,10000,0,2012-07-05,0,,2,0
1793772889,126,36,3634,1078616272,7237,2012-06-21,23.7,OZ,1,1
1793785765,140,36,3612,101111010,9907,2012-06-02,128,OZ,1,0.97
1793785765,140,28,2805,1070581474,98643,2012-06-02,3.8,OZ,1,1.89
1793785765,140,64,6409,108858686,38095,2012-09-09,0.75,LT,2,12.58
1793785765,140,57,5710,103663232,4568,2012-10-21,21.2,OZ,2,6.98
1793785765,140,5,501,103800030,11732,2013-03-23,18,OZ,1,3.49
1793785765,140,4,411,104142040,1934,2013-04-19,40,OZ,1,4.79
1793787267,63,55,5556,104154848,5603,2013-02-01,56,OZ,1,2.99
1793802667,2,72,7214,101254616,18738,2012-04-03,12,CT,2,2.98
1793808992,191,0,0,10000,0,2013-03-26,0,,1,0
1793823994,166,0,0,10000,0,2013-03-06,0,,2,3.98
1793860927,214,26,2628,103700030,2248,2013-02-25,1,RL,1,2.12
1793872761,206,23,2301,108685484,10218,2012-11-20,16,OZ,2,2.76
1793920948,46,54,5401,104125040,11473,2012-09-01,12.3,OZ,1,1.5
1793920948,46,37,3703,104125040,11473,2013-01-19,10.5,OZ,3,3
1794007843,15,6,605,107146474,2142,2013-03-15,15.2,OZ,2,7
1794016400,360,8,816,1061611262,23016,2012-05-25,10,OZ,1,3.49
1794017989,360,59,5902,103450030,10165,2013-03-24,8,OZ,2,4.58
1794239516,205,63,6323,107158070,19094,2012-05-05,16,OZ,1,0.76
1794404332,24,27,2710,103680030,13656,2012-10-06,10,LB,1,2.49
1794413353,24,63,6315,1071754474,17653,2012-06-25,64,OZ,1,2.19
1794413353,24,36,3601,101200010,13794,2012-09-12,67.6,OZ,1,1.69
1794443632,377,91,9115,108048080,1230,2012-07-11,1.75,LT,1,17.98
1794444575,377,5,501,101600010,3396,2012-04-22,14,OZ,1,3.99
1794452383,377,59,5902,107158070,17653,2012-06-09,16,OZ,1,2.5
1794452383,377,33,3303,102840020,10241,2013-04-10,9.5,OZ,1,2.5
1794463171,377,10,1010,107298070,12135,2012-08-06,17,OZ,1,3.59
1794523552,21,97,9753,1023402222,0,2013-01-13,1,CT,1,3.86
1794523746,21,37,3706,104119646,14582,2012-04-29,19,OZ,1,2.79
1794525487,21,63,6312,102500020,11749,2012-04-21,128,OZ,1,2.99
1794525487,21,51,5123,107057575,60780,2012-08-23,28,OZ,1,2.5
1794525487,21,19,1904,105556252,25198,2012-11-21,12,OZ,1,3.59
1794525487,21,22,2201,104460040,3718,2012-12-16,96,OZ,1,2.29
1794544211,101,26,2633,1068826767,33170,2012-09-23,4,RL,1,2
1794546117,101,54,5402,1068826767,81691,2012-09-23,16,OZ,1,1.99
1794546117,101,2,213,104144949,9916,2012-10-14,17.1,OZ,2,3.79
1794546117,101,8,814,1068826767,81691,2012-10-26,24,OZ,1,2.45
1794546117,101,57,5707,107047070,20230,2012-11-18,12,OZ,2,3.98
1794546117,101,96,9609,1057341050,88199,2013-06-18,0,,1,-1
1794546658,77,58,5812,107384979,27281,2012-08-17,48,OZ,1,10.99
1794546658,77,21,2119,1061300868,867,2012-10-07,128,OZ,1,3.49
1794553032,70,58,5831,107274575,13804,2013-03-19,16,OZ,1,3.69
1794566970,65,36,3629,104900040,6716,2012-05-13,144,OZ,1,4.5
1794573986,64,41,4105,103582636,6564,2012-10-19,28,OZ,2,2.58
1794577017,165,36,3631,107800070,23209,2012-08-03,144,OZ,1,4.99
1794582893,431,35,3506,103700030,3068,2012-04-21,12.7,OZ,1,4.99
1794582893,431,99,9908,101111010,9907,2012-11-28,48,OZ,1,2.29
1794582893,431,0,0,10000,0,2013-07-04,0,,1,0
1794586857,89,4,427,10980090,18366,2013-04-12,1,OZ,1,1.09
1794587955,89,43,4302,101111010,9907,2012-03-19,8,OZ,1,1.06
1794587955,89,5,501,101111010,9907,2012-12-07,18,OZ,1,2.69
1794592494,133,58,5823,103760030,8501,2012-03-15,8,OZ,2,6.86
1794592494,133,63,6315,104126040,4962,2012-12-24,128,OZ,1,3.99
1794592494,133,33,3314,101111010,9907,2013-01-21,6.5,OZ,1,1.79
1794609210,2,9,918,101410010,13791,2012-03-12,5,OZ,1,4.49
1794609210,2,64,6409,108823282,16127,2012-12-06,0.75,LT,1,10.49
1794612007,2,23,2301,104960040,723,2013-04-24,16,OZ,2,3
1794622388,151,45,4511,102370020,18969,2012-09-23,22,OZ,1,6.49
1794622388,151,36,3632,104171040,4354,2012-10-20,67.6,OZ,2,2
1794644715,96,96,9609,1050815151,88199,2012-07-26,0,,1,-5
1794644715,96,3,311,101600010,1756,2013-03-12,16,OZ,2,3.34
1794655626,214,97,9753,1022225727,0,2012-12-29,1,CT,1,10.78
1794655626,214,82,8201,104122040,33170,2013-03-19,1,CT,1,6.99
1794660678,214,63,6315,104122040,23511,2013-02-07,64,OZ,1,2.15
1794793609,18,70,7099,1070052272,27922,2012-11-03,1,CT,1,3.99
1794812594,3,4,419,103746636,10488,2012-04-15,3.5,OZ,1,2.24
1794812594,3,56,5604,107027777,1008,2012-07-10,5,OZ,1,4.49
1795204851,307,97,9753,1022010020,0,2012-11-19,1,CT,1,3
1795204851,307,60,6011,101800010,14029,2012-11-20,16.3,OZ,2,5.58
1795204851,307,63,6315,104127040,8723,2012-12-07,128,OZ,1,4.29
1795204851,307,71,7113,108087888,13505,2013-01-18,12.6,OZ,2,10.98
1795204851,307,58,5834,1073649070,17823,2013-02-21,43,OZ,1,17.99
1795204851,307,5,501,101600010,3331,2013-03-25,12.25,OZ,1,3.99
1795204851,307,81,8101,102820020,11186,2013-04-01,1,CT,1,9.13
1795247602,24,99,9908,103338333,33170,2012-09-12,16,OZ,1,0.97
1795349461,21,29,2930,106414464,3342,2013-01-14,7.5,OZ,1,1
1795349594,21,58,5823,103503232,23232,2012-06-19,4,OZ,1,4.99
1795349594,21,34,3411,103700030,13056,2012-07-24,16,OZ,1,4.79
1795349594,21,51,5115,104111848,11376,2013-03-11,18.3,OZ,1,2.49
1795349976,21,99,9908,1078670575,27139,2012-09-04,80,OZ,1,2.5
1795352337,240,9,907,104567444,16284,2012-07-01,18,OZ,4,10
1795355777,8,25,2506,105000050,32115,2012-07-04,32,OZ,2,9.38
1795355777,8,28,2806,104116343,365,2012-08-24,16,OZ,1,2.5
1795355777,8,4,419,104177040,2430,2013-03-01,4.5,OZ,1,3.99
1795395240,83,9,908,107247070,9903,2012-05-05,12,OZ,1,3.69
1795400831,126,8,810,105210050,11382,2012-05-17,2.64,OZ,1,1.16
1795400831,126,51,5125,107265575,8089,2012-11-09,9.4,OZ,1,2.18
1795400831,126,99,9908,101111010,9907,2012-12-19,32,OZ,1,1.69
1795403490,126,65,6502,101111010,9907,2012-09-27,15,OZ,1,2.29
1795407358,12,0,0,10000,0,2013-04-27,0,,1,0
1795407358,12,9,902,101111010,9907,2013-06-01,16,OZ,1,1.19
1795424301,12,9,907,105040050,15878,2012-10-09,20,OZ,1,1.79
1795425563,2,0,0,10000,0,2012-05-19,0,,1,0
1795429922,58,8,810,104600040,13023,2012-08-23,1,OZ,1,0.79
1795429922,58,25,2506,105000050,32115,2013-02-09,32,OZ,2,7.08
1795429922,58,34,3403,103500030,8919,2013-03-23,30,OZ,1,4.19
1795430660,133,37,3706,104119646,14582,2012-09-22,19,OZ,2,3.38
1795430706,133,26,2614,104126040,9907,2012-06-14,48,CT,1,3.87
1795451075,96,65,6501,101122515,19197,2012-03-10,6,OZ,2,2.38
1795524340,46,55,5552,107160070,4664,2012-06-27,56,OZ,1,3.99
1795524340,46,30,3007,107020070,11244,2012-09-05,15,OZ,1,2.5
1795524340,46,58,5835,107790070,9200,2012-12-16,16,OZ,1,2.5
1795554493,17,57,5705,107047070,20230,2012-05-13,6,OZ,10,8.5
1795554493,17,72,7203,103834131,3830,2013-02-25,8,OZ,1,5.29
1796006587,377,58,5823,104470040,13310,2013-04-13,9,OZ,2,7.98
1796075843,21,36,3626,104900040,17186,2013-01-02,144,OZ,1,4.75
1796146291,165,56,5617,102100020,19279,2012-08-17,12,OZ,2,5
1796148107,26,36,3601,101200010,13794,2012-07-08,67.6,OZ,1,1.5
1796148107,26,45,4512,102370020,18969,2013-02-26,40,OZ,1,7.49
1796148107,26,75,7501,101910010,9158,2013-06-22,10,OZ,1,3.44
1796149761,98,28,2804,101111010,9907,2012-03-18,4,OZ,1,0.79
1796150017,98,9,970,103800030,62065,2012-07-18,14.7,OZ,1,1.98
1796150017,98,27,2713,105000050,11668,2013-01-07,5.5,OZ,5,3.45
1796150017,98,25,2509,101111010,9907,2013-02-12,32,OZ,1,1.69
1796153142,89,96,9609,1054116757,88199,2012-05-07,0,,1,-1
1796153142,89,97,9753,1022003929,0,2012-11-12,1,CT,1,17.75
1796153142,89,9,912,104812141,18322,2013-01-01,20,OZ,2,5.5
1796153142,89,36,3601,101200010,13794,2013-03-20,144,OZ,1,3.66
1796181278,12,46,4606,101111010,20588,2012-03-18,12,OZ,1,4.49
1796204608,96,8,809,103003434,7175,2013-01-30,12,OZ,1,1.49
1796206762,96,9,922,104500040,8511,2012-07-13,15,OZ,1,2.5
1796206762,96,51,5125,102580020,16668,2013-05-16,9,OZ,2,4.78
1796334439,15,9,902,107989373,29344,2012-04-11,8,OZ,2,3.48
1796334439,15,99,9909,1074069575,13414,2013-01-30,22,OZ,1,3.99
1796759120,24,63,6316,1071754474,17653,2012-11-08,8,OZ,1,1.29
1796856380,240,63,6330,104567444,16284,2012-11-05,16,OZ,1,2.5
1796869007,278,60,6010,104116343,365,2012-06-25,7.5,OZ,2,0.98
1796869007,278,33,3307,102900020,14112,2012-07-27,9.75,OZ,1,3.99
1796869007,278,37,3703,105100050,2820,2012-11-18,10.75,OZ,8,7.12
1796869007,278,63,6315,104113040,28204,2013-02-09,128,OZ,1,2.39
1796878883,70,63,6320,1072543979,40679,2013-01-25,18,CT,1,2.81
1796884209,68,14,1405,103120030,12957,2012-03-13,14,OZ,1,1.3
1796884209,68,56,5620,1072543979,40679,2012-05-01,8,OZ,1,2.17
1796884209,68,99,9904,103338333,33170,2013-02-10,16,OZ,2,5.49
1796887613,64,49,4901,1072543979,40679,2012-03-06,80,OZ,2,9.38
1796891834,68,55,5552,103582636,6564,2012-04-14,56,OZ,1,2.99
1796891834,68,36,3634,105200050,14597,2012-11-07,202.8,OZ,0,0
1796899428,165,4,417,101070010,19846,2012-09-20,5,OZ,1,1
1796899428,165,51,5115,107218070,6718,2012-12-27,20.28,OZ,1,0
1796899428,165,56,5616,104610040,15889,2013-03-21,7,OZ,1,2.85
1796899428,165,8,835,104139040,9659,2013-03-28,10,OZ,1,2.35
1796899428,165,63,6315,107203676,7953,2013-06-15,128,OZ,1,2.97
1796914901,89,64,6401,107199070,2034,2013-02-14,144,OZ,1,15.49
1796914901,89,96,9609,1051500050,88199,2013-03-22,0,,1,-1
1796918315,12,9,901,103010030,9530,2012-06-26,12,OZ,1,2.59
1796918315,12,30,3010,102066222,12598,2012-10-26,16,OZ,1,4.29
1796920338,12,23,2301,107680878,1393,2012-03-17,16,OZ,2,2.82
1796920338,12,74,7407,1084105888,15983,2012-12-02,4,CT,1,5.99
1796920338,12,33,3303,102840020,10241,2013-01-25,8.5,OZ,1,3.49
1796959932,96,95,9518,1061029060,7848,2012-03-03,1,CT,1,2.79
1796961237,96,35,3508,103700030,18371,2012-04-23,100,OZ,1,15.49
1796961237,96,9,901,104400040,13243,2012-09-01,15.5,OZ,1,3
1796961237,96,64,6408,1081257282,27189,2012-12-10,0.75,LT,4,39.96
1796961237,96,73,7345,104203747,1535,2013-03-01,30,CT,1,5.99
1797370247,42,33,3305,104149747,19710,2012-07-04,11.5,OZ,1,2
1797370247,42,54,5402,104149747,19710,2012-07-14,14.1,OZ,1,1.99
1797370247,42,18,1890,107048575,8154,2012-11-22,1,CT,1,4.59
1797370247,42,63,6315,104149747,19710,2013-03-13,128,OZ,1,3.6
1797652039,16,99,9908,103338333,33170,2012-04-15,16,OZ,1,1.99
1797670960,85,56,5613,1060788060,16965,2012-07-19,8,OZ,1,2
1797670960,85,99,9909,107127979,6732,2012-12-27,10,OZ,1,3.79
1797673690,21,56,5607,102100020,13967,2012-06-26,8,OZ,1,2.5
1797673690,21,25,2508,102529323,16410,2013-03-17,64,OZ,1,3.49
1797673690,21,26,2629,104200040,19231,2013-03-30,40,CT,1,1.19
1797675121,21,41,4105,104119040,16347,2013-01-18,14.5,OZ,2,1
1797675121,21,21,2105,105200050,7054,2013-04-04,160,OZ,2,11.58
1797694987,100,99,9908,101833717,26028,2012-12-24,12,OZ,2,5
1797694987,100,4,411,107156777,9139,2013-01-15,7,OZ,1,3
1797698019,100,36,3604,107800070,2829,2012-06-09,67.6,OZ,1,1.25
1797698019,100,58,5823,104470040,13310,2012-10-26,9,OZ,1,4.59
1797700593,8,99,9909,107774575,14997,2012-07-26,7.75,OZ,3,10
1797700593,8,6,607,1078843474,56073,2012-07-29,14,OZ,3,9.87
1797700593,8,99,9909,107774575,14997,2012-09-13,6.25,OZ,3,11.97
1797710442,104,9,907,104128040,9181,2012-04-18,16,OZ,1,1.99
1797710442,104,26,2629,104116343,13584,2012-12-22,18,CT,1,1
1797718547,101,5,517,103800030,69260,2013-01-03,10.4,OZ,1,2.5
1797718547,101,5,501,103800030,758,2013-01-19,8.7,OZ,1,1.99
1797718547,101,1,106,101500010,29555,2013-03-01,1,OZ,2,5.38
1797718547,101,97,9753,1020466424,0,2013-04-16,1,CT,1,1.05
1797725269,101,4,405,1060069969,55864,2012-07-08,10,OZ,1,1.25
1797725949,101,59,5907,102740020,16291,2012-06-04,15,OZ,1,2.06
1797725949,101,9,902,103010030,3744,2012-09-04,16,OZ,1,3
1797725949,101,4,412,1068826767,81691,2013-03-01,7.5,OZ,1,1
1797736819,70,26,2609,1072543979,40679,2012-07-13,150,CT,1,3.92
1797736819,70,8,803,104150040,6714,2012-07-13,20,OZ,1,2.04
1797736819,70,51,5117,1072543979,40679,2012-11-17,22.35,OZ,1,2.75
1797780198,165,58,5823,107203676,7953,2013-02-16,6,OZ,1,3.99
1797786991,83,60,6001,105000050,30272,2012-11-20,16,OZ,2,5
1797789229,89,29,2904,102100020,19279,2012-11-10,12.5,OZ,1,2.36
1797789229,89,45,4511,102370020,18969,2012-11-27,29,OZ,1,4.99
1797789229,89,29,2907,104600040,13023,2013-03-09,11.4,OZ,2,5
1797791049,304,8,811,1070601070,1393,2012-03-20,24,OZ,4,8
1797791049,304,9,903,104139040,9659,2012-03-28,8,OZ,1,2.25
1797794637,126,5,501,101111010,9907,2012-03-30,14,OZ,1,1.99
1797794637,126,9,907,101111010,9907,2012-08-08,13,OZ,1,1.89
1797794637,126,34,3410,107385272,14709,2012-10-31,8,OZ,1,2.99
1797795050,58,17,1719,101920010,10882,2013-02-01,12.5,OZ,1,5.29
1797797529,431,44,4404,101111010,9907,2012-06-20,14,OZ,1,2.69
1797797529,431,57,5705,103663232,4568,2012-11-14,16,OZ,3,6.87
1797797529,431,9,908,102430020,10577,2012-12-16,12,OZ,1,3.09
1797800116,151,37,3703,101111010,9907,2012-05-17,10.75,OZ,1,1.07
1797815903,140,96,9609,1057261353,88199,2013-04-14,0,,1,-1
1797817546,2,91,9109,1083522989,147,2012-08-16,0.75,LT,1,15.99
1797823724,2,0,0,10000,0,2012-05-19,0,,1,-0.19
1797823724,2,36,3632,104900040,6137,2012-11-21,60,OZ,1,3.34
1797823724,2,31,3101,101111010,9907,2013-01-09,2,OZ,1,2.99
1797829251,26,26,2622,101370010,8154,2012-11-30,12,CT,1,4.99
1797834516,143,21,2111,102800020,56490,2012-10-03,64,OZ,1,2.99
1797836984,126,41,4107,102400020,4704,2013-03-23,15,OZ,1,2.99
1797838145,211,56,5621,101111010,9907,2013-02-15,8,OZ,2,3.98
1797838145,211,10,1012,102700020,23332,2013-03-19,13,OZ,2,2
1797845010,98,58,5824,107778272,9260,2012-11-14,32,OZ,1,6.99
1797845010,98,2,214,104144949,9916,2013-02-02,28,OZ,1,1.99
1797845010,98,65,6503,105100050,13791,2013-02-10,17.3,OZ,1,4.59
1797846996,98,99,9904,1071575676,5278,2012-03-19,16,OZ,1,2.99
1797850558,133,26,2611,103600030,4814,2012-04-21,26,CT,1,20.79
1797850558,133,73,7312,107430070,19436,2013-02-03,1,OZ,1,6.39
1797864889,2,73,7319,104126040,9907,2012-08-21,4,OZ,-1,-5.99
1797864889,2,57,5710,1089470080,21065,2012-10-25,5.3,OZ,2,2.58
1797869692,140,45,4509,101111010,20588,2012-04-03,20,OZ,1,17.99
1797869692,140,4,412,104126040,9907,2012-08-05,10,OZ,2,2.5
1797869692,140,55,5552,101111010,9907,2013-01-08,16,OZ,2,2
1797869692,140,9,908,101111010,33170,2013-05-23,14,OZ,1,2.99
1797876809,140,5,501,101600010,3331,2012-10-11,17,OZ,2,5
1797884916,215,13,1302,108784888,6560,2012-12-14,80,OZ,1,2.29
1797921590,96,56,5620,103003434,7175,2013-01-26,16,OZ,1,4.49
1797921891,96,27,2722,1085189383,21450,2012-11-25,24,OZ,1,4.99
1797921891,96,99,9908,103003434,28496,2013-02-21,16,OZ,1,1.69
1797921891,96,57,5705,103663232,4568,2013-03-17,32,OZ,1,2.99
1797924325,96,53,5307,101450010,20864,2012-06-02,12,OZ,1,2.5
1797924898,96,33,3316,101600010,3397,2012-06-14,15,OZ,1,3.99
1797924898,96,33,3305,101583919,7001,2012-08-13,8.1,OZ,1,3.99
1797924898,96,9,908,102430020,10577,2013-03-22,10.6,OZ,1,1.79
1797926422,96,49,4901,1083418383,385,2012-12-07,22,OZ,1,4.49
1797930848,214,5,519,103000030,14760,2013-01-13,12.3,OZ,2,4.94
1797950568,214,19,1908,104800141,16564,2012-08-30,15,OZ,2,5.96
1797950568,214,64,6409,108847484,41670,2012-10-17,0.75,LT,1,8.77
1797950568,214,99,9904,1066529060,52314,2013-02-14,16,OZ,1,1.98
1797982346,214,17,1726,101920010,10882,2012-03-09,35,CT,1,2.48
1797982346,214,63,6323,104122040,23511,2012-03-25,64,OZ,1,2.58
1797994899,214,23,2301,101270010,16555,2013-02-16,8,OZ,4,7.44
1798085581,46,18,1822,103700030,6236,2012-08-30,27,OZ,1,4.49
1798085581,46,51,5117,1071373373,11473,2013-01-05,19.1,OZ,1,4.99
1798181673,46,27,2705,105000050,6775,2013-03-11,5.5,OZ,4,1.84
1798264379,20,27,2702,101780010,31044,2012-03-21,4.5,LB,1,-2.59
1798277177,18,29,2925,107989373,12908,2012-05-10,30,OZ,1,4.29
1798301589,360,27,2705,102310020,19792,2012-09-25,3.5,OZ,4,3
1798304949,360,56,5609,107835474,2675,2012-03-10,24,OZ,1,3.79
1798304949,360,28,2805,107299979,98643,2013-01-05,6,OZ,2,3.98
1798951419,108,8,801,1075480777,610,2012-07-11,40,OZ,1,2.59
1798960451,106,63,6315,107060070,29609,2012-05-25,32,OZ,1,1.83
1798960451,106,36,3611,107572070,14196,2012-11-24,101.4,OZ,1,1.79
1798960451,106,26,2630,103600030,9787,2013-01-21,75,CT,2,4.78
1799183320,377,9,922,102430020,10577,2012-05-09,16.2,OZ,1,1.7
1799267217,377,39,3903,101122515,19197,2012-06-14,24,OZ,1,1.99
1799336403,21,56,5614,103090030,19704,2012-05-05,10,OZ,1,2.99
1799336403,21,58,5815,103760030,8501,2012-10-05,7,OZ,1,3.69
1799336403,21,99,9908,103338333,33170,2012-12-22,4,OZ,1,1.79
1799337393,21,9,901,103010030,3454,2013-03-10,14.8,OZ,1,2.99
1799353652,240,58,5828,103100030,1358,2012-09-02,6.4,OZ,15,15
1799354814,240,8,805,105160050,10267,2012-09-30,15,OZ,1,3.89
1799354814,240,10,1013,102400020,4704,2013-01-04,15,OZ,1,3.39
1799356737,101,33,3303,102840020,15598,2012-03-18,13.5,OZ,1,4.99
1799356737,101,34,3406,101111111,5168,2012-04-15,8,OZ,2,6.58
1799356737,101,56,5613,1068826767,81691,2012-09-24,32,OZ,1,4.85
1799356737,101,9,901,104400040,12885,2012-11-17,16,OZ,1,4.49
1799356737,101,58,5832,107274575,13804,2013-04-21,12,OZ,2,8.98
1799356737,101,9,901,104400040,13243,2013-07-21,15.25,OZ,2,6.99
1799358354,101,26,2633,105400050,16048,2012-12-09,1,RL,3,3.45
1799358546,101,58,5811,1089465989,48020,2013-04-07,32,OZ,1,8.99
1799358885,101,41,4106,1068826767,81691,2013-05-17,8,OZ,2,2
1799366500,70,22,2201,1072543979,40679,2013-05-10,128,OZ,1,1.69
1799394077,26,10,1009,104300040,5259,2012-07-14,2.6,OZ,1,3.29
1799394077,26,56,5620,104610040,15889,2012-12-20,8,OZ,1,3.29
1799394077,26,73,7344,1030006737,22351,2012-12-20,14,CT,1,10.49
1799394077,26,99,9909,101111010,9907,2013-01-05,12,OZ,2,2.94
1799400264,89,37,3705,104119646,14582,2012-03-18,18.5,OZ,1,1.63
1799400264,89,26,2634,103700030,3293,2012-12-27,12,RL,1,7.59
1799400264,89,96,9632,107675070,101687,2013-03-21,1,CT,9,250
1799400264,89,96,9632,107675070,101687,2013-05-30,1,CT,3,75
1799409582,63,36,3630,107800070,23561,2012-03-08,144,OZ,2,11.98
1799409582,63,17,1703,104460040,6608,2012-06-09,32,OZ,1,3.79
1799409582,63,58,5823,105190050,26456,2012-08-27,10,OZ,1,2.5
1799410165,63,96,9609,1053377656,88199,2012-04-04,0,,1,-1
1799418396,2,69,6901,101700010,15288,2012-03-29,3,OZ,1,3.99
1799418396,2,56,5613,104171646,6769,2012-07-04,16,OZ,1,5.99
1799418396,2,63,6315,101111010,14907,2012-09-22,64,OZ,2,5.88
1799426869,133,36,3603,104300040,26420,2012-09-03,64,OZ,4,0.8
1799431279,63,6,605,1087606383,12204,2012-08-22,14,OZ,1,3.49
1799431279,63,51,5117,103530030,9151,2013-06-12,5,OZ,6,3
1799458754,96,0,0,10000,0,2012-10-27,0,,1,0
1799458754,96,30,3008,107110070,8280,2013-04-13,16,OZ,1,2.99
1799458991,96,26,2628,103040030,17034,2012-06-06,1,RL,2,2
1799458991,96,5,501,1088491282,13689,2013-04-02,11,OZ,4,8
1799470384,214,36,3630,104900040,23359,2012-04-03,144,OZ,1,3.34
1799470384,214,97,9709,102906929,26151,2012-08-23,61,CT,1,2.98
1799470384,214,25,2506,104127141,26189,2012-11-10,16,OZ,2,3.36
1799470571,214,8,821,104139040,9659,2012-03-31,5,OZ,1,2.62
1799494565,214,41,4107,104122040,23511,2012-11-22,14.65,OZ,3,7.17
1799525853,46,2,207,104144949,3627,2013-03-05,16,OZ,1,2.37
1799551995,46,8,814,102840020,18584,2012-09-22,24,OZ,1,2.5
1799551995,46,30,3002,102100020,9886,2012-10-14,12,OZ,1,2.29
1799614797,15,34,3410,101700010,4912,2012-11-18,7.5,OZ,1,2.26
1800144358,21,28,2804,107079676,3198,2012-11-18,12,OZ,1,2.59
1800145017,21,9,907,104500040,20016,2012-05-02,12,OZ,2,3.78
1800145017,21,99,9908,107357474,52670,2012-11-30,1,CT,1,3.99
1800159885,240,37,3709,104178949,11224,2012-06-10,13.5,OZ,1,2.89
1800164159,101,42,4230,104133141,7531,2012-11-04,16,OZ,2,1.98
1800164159,101,5,516,101600010,12426,2013-01-15,8.9,OZ,1,2.59
1800164798,101,28,2806,10930090,12157,2012-03-30,24,OZ,1,2
1800164798,101,58,5828,103100030,1358,2012-06-12,6.4,OZ,1,1.29
1800164798,101,17,1719,101920010,10882,2013-01-17,12.5,OZ,1,3.99
1800167040,77,9,907,101410010,13791,2012-11-11,16,OZ,1,4.29
1800180980,64,63,6315,103582636,6564,2012-06-11,128,OZ,1,4.14
1800180980,64,7,706,107146474,2142,2012-06-23,15.2,OZ,1,2.5
1800181611,64,14,1405,103120030,12957,2012-11-21,14,OZ,1,1.34
1800181611,64,63,6323,1072543979,40679,2013-01-21,12,OZ,1,0.79
1800189959,68,45,4509,103582636,6564,2013-05-20,16,OZ,2,13.98
1800196761,165,26,2628,103700030,2248,2012-06-02,2,RL,1,4.49
1800196761,165,9,917,107373171,11786,2012-06-28,27.5,OZ,1,2.79
1800196761,165,63,6315,107203676,7953,2013-04-02,64,OZ,1,3.49
1800200601,211,51,5125,102580020,16668,2012-08-30,9,OZ,3,6
1800200601,211,9,912,107294575,15878,2012-10-08,20,OZ,1,3.99
1800218006,63,41,4110,103940030,71386,2012-10-21,22,OZ,2,3.98
1800218006,63,58,5827,103760030,8501,2012-12-16,16,OZ,4,11.96
1800218006,63,31,3101,1060502161,11863,2012-12-30,2,OZ,3,4.47
1800220757,2,58,5834,103760030,8501,2012-04-14,15,OZ,1,7.99
1800233454,98,64,6401,1078551575,15718,2012-04-14,72,OZ,1,7.99
1800233454,98,21,2117,108768484,2903,2013-04-13,60,OZ,1,2.69
1800239482,2,9,902,104950848,16730,2012-10-06,7.2,OZ,1,2.99
1800239482,2,51,5122,101111010,14907,2013-01-25,19,OZ,1,4.99
1800239482,2,5,516,102190828,10187,2013-03-05,1.7,OZ,1,1.49
1800248559,166,4,427,103400030,8682,2013-02-26,1.5,OZ,1,2.19
1800257828,96,51,5125,102580020,16668,2012-07-23,9,OZ,3,6
1800257828,96,33,3304,102840020,6777,2012-09-25,10.5,OZ,1,3
1800257828,96,79,7901,107148676,81249,2012-12-03,1,CT,1,4.99
1800257891,96,56,5607,102100020,13967,2012-06-10,12,OZ,1,3.49
1800257891,96,5,501,101862717,9496,2012-07-12,14,OZ,2,7.98
1800257891,96,9,917,104335444,25412,2013-01-06,16,OZ,1,2.79
1800257891,96,41,4105,102700020,8612,2013-02-13,14.5,OZ,1,1.25
1800322539,46,71,7115,103202333,1510,2012-07-28,12,OZ,1,1.79
1800355077,46,41,4108,102300020,2420,2013-02-26,15.5,OZ,4,4
1800367454,3,28,2804,107152474,10039,2012-12-01,11.5,OZ,1,2.39
1800376561,4,26,2614,103700030,514,2013-01-06,18,CT,1,6.49
1800376561,4,36,3618,104900040,23359,2013-02-25,67.6,OZ,1,1.59
1800386952,15,99,9904,105410757,33170,2013-03-08,80,OZ,1,7.99
1800409240,360,35,3508,103700030,18371,2013-03-06,100,OZ,1,14.69
1800674109,205,29,2920,101114010,8604,2013-02-04,15.3,OZ,1,2.36
1800733921,108,57,5710,1068954464,6086,2012-05-11,5.3,OZ,2,3.58
1800733921,108,63,6328,109741999,6014,2012-10-27,8,OZ,3,4.5
1800890214,377,58,5815,103760030,8501,2012-03-16,3.5,OZ,1,2.49
1800890214,377,9,970,103800030,62065,2012-05-11,21,OZ,1,3.18
1800927150,40,63,6315,102114020,19950,2012-03-02,64,OZ,1,4.19
1800927150,40,63,6305,101630010,6509,2012-04-28,59,OZ,2,6
1800927150,40,5,501,103800030,11732,2013-03-16,14,OZ,1,4.59
1800960206,16,8,818,105100050,14403,2012-10-01,24,OZ,2,6.18
1800966763,85,41,4107,102000020,7655,2012-07-14,11,OZ,2,3.18
1800966763,85,58,5823,105190050,26456,2012-07-28,16,OZ,1,3.99
1800966763,85,51,5115,107218070,15035,2012-10-20,15.77,OZ,1,4.5
1800966763,85,29,2925,105480050,19039,2013-06-03,48,OZ,1,5.19
1800967387,21,99,9909,1088804888,52680,2012-05-20,5,OZ,1,2.5
1800967387,21,63,6305,102500020,16489,2013-04-03,13.5,OZ,1,1.49
1800968632,21,21,2119,1061300868,867,2012-12-16,128,OZ,3,8.37
1800968632,21,33,3311,102840020,27521,2012-12-23,10.5,OZ,1,3.99
1800970901,21,32,3204,103915333,3811,2012-08-04,34,OZ,1,9.97
1800970901,21,9,908,107203070,5812,2012-09-01,17,OZ,2,5.98
1801025287,89,99,9908,103338333,33170,2012-04-02,48,OZ,1,1.49
1801025287,89,9,904,101111010,9907,2012-04-02,5,OZ,1,1
1801027496,98,99,9908,101111010,20575,2012-05-19,80,OZ,1,4.04
1801041729,140,58,5835,107790070,9200,2012-03-07,16,OZ,3,7.5
1801041729,140,71,7113,108087888,13505,2012-03-30,13,OZ,1,5.32
1801041729,140,29,2906,104430040,9977,2012-08-13,5,OZ,2,3.18
1801041729,140,0,0,10000,0,2012-09-07,0,,1,0
1801041729,140,5,502,101111010,9907,2013-07-24,4.8,OZ,1,1
1801057882,215,25,2503,101122515,19197,2012-07-27,35.3,OZ,1,3.88
1801068988,166,63,6308,101630010,6509,2012-06-16,59,OZ,1,2.99
1801068988,166,4,417,103400030,15113,2013-03-25,2.8,OZ,1,1.25
1801074598,96,36,3618,104900040,23359,2012-11-11,144,OZ,1,4
1801074957,96,56,5617,102100020,9886,2013-01-26,10.7,OZ,2,4
1801112240,206,73,7302,1031284333,1500,2012-06-26,32,CT,1,2.98
1801112240,206,95,9518,1060503060,7182,2012-10-02,1,CT,1,4.29
1801154323,46,95,9518,1088351585,25075,2012-03-21,1,CT,1,2.99
1801154323,46,8,805,101300010,8164,2012-05-31,10,OZ,1,3.77
1801154323,46,33,3307,104125040,11473,2012-07-19,12,OZ,1,2.99
1801162906,46,51,5124,107100777,5656,2012-03-06,32,OZ,1,2.99
1801162906,46,3,311,101600010,1756,2012-12-14,12,OZ,1,1.8
1801187533,88,63,6315,102113020,10786,2012-12-08,64,OZ,1,1.88
1801187533,88,64,6409,108500080,20694,2012-12-12,0.75,LT,1,7.99
1801187533,88,5,501,101600010,3331,2013-02-03,21.6,OZ,1,3.99
1801211266,15,9,907,102883323,29013,2012-08-04,24,OZ,1,4.99
1801211266,15,75,7520,102113020,15704,2012-11-17,750,CT,1,4.49
1801211266,15,21,2113,103120030,12957,2013-04-03,48,OZ,1,-2.01
1801482956,233,56,5620,107592575,4368,2012-11-16,8,OZ,2,4
1801748582,21,23,2310,107466575,674,2012-03-17,13,OZ,1,2.5
1801762967,240,63,6315,104113040,28204,2012-05-30,128,OZ,1,3.49
1801765473,101,7,707,101114111,25747,2012-03-31,12,OZ,1,6.49
1801765473,101,26,2634,103600030,4139,2012-05-26,6,RL,1,3.99
1801765473,101,45,4511,107274575,13804,2012-10-13,29,OZ,1,6.99
1801765473,101,59,5906,104060040,26155,2013-06-22,15,OZ,1,2.99
1801770523,65,2,201,105150050,14029,2013-02-17,15.25,OZ,4,4
1801772440,70,56,5615,103582636,6564,2012-06-01,16,OZ,1,3.89
1801772440,70,35,3509,103700030,6947,2012-07-04,77,OZ,1,9.99
1801772656,64,9,901,107210878,11951,2012-03-16,24,OZ,1,3.59
1801772656,64,27,2712,1072543979,21664,2013-02-20,52,OZ,1,6.99
1801774906,69,8,809,101300010,8164,2013-03-29,12,OZ,2,3.46
1801775930,65,11,1102,1072277676,17117,2012-07-26,100,CT,1,2.59
1801775930,65,8,810,104600040,13023,2012-08-03,1,OZ,2,1.32
1801775930,65,12,1205,1072543979,40679,2012-12-29,5,OZ,3,2.19
1801791177,165,33,3303,102840020,10241,2012-03-09,10,OZ,1,3.5
1801791177,165,18,1890,107830070,14142,2012-04-14,30,CT,1,4.99
1801791177,165,73,7305,1036373636,12783,2012-11-14,0.5,OZ,1,3.24
1801791177,165,51,5128,101450010,20864,2013-06-10,10,OZ,1,0
1801792480,165,10,1011,104300040,26232,2012-11-25,15.5,OZ,2,4
1801794506,26,9,907,101111010,9907,2012-03-27,12,OZ,1,1.39
1801794506,26,55,5552,107756777,2347,2012-09-29,48,OZ,1,5.59
1801794506,26,56,5621,101111010,9907,2013-03-15,24,OZ,1,6.99
1801803223,126,27,2704,101111010,13891,2013-05-14,1,OZ,1,2.99
1801814722,12,9,902,101410010,45039,2012-05-06,6.6,OZ,1,2.18
1801814722,12,21,2119,1061300868,867,2012-12-20,42,OZ,1,1
1801823173,2,21,2105,105200050,7054,2012-08-27,32,OZ,2,2
1801837509,191,37,3703,105100050,2820,2012-07-27,10.75,OZ,1,0.79
1801837509,191,63,6315,101111010,6678,2012-10-16,64,OZ,4,5
1801837509,191,45,4514,102370020,18969,2012-11-03,40,OZ,1,5.99
1801839521,431,31,3108,102150020,10238,2012-11-28,8,OZ,1,1.69
1801843781,63,58,5812,101590010,1366,2012-12-17,16,OZ,1,3.49
1801854457,166,56,5613,104175747,10216,2013-02-05,6,OZ,1,3.99
1801886550,214,31,3110,104122040,20514,2012-09-03,4.1,OZ,1,1.18
1801898319,206,9,907,107341070,2437,2012-04-23,24,OZ,1,4.29
1801940262,46,56,5617,107717272,102504,2012-08-26,7.3,OZ,4,11.96
1801951924,17,21,2105,105200050,7054,2012-04-20,160,OZ,2,11.76
1801951924,17,9,902,101410010,45039,2013-01-18,6.6,OZ,2,3
1801981119,15,19,1908,104800141,16564,2013-03-16,16.3,OZ,1,3.29
1801998065,360,28,2805,104173545,20449,2012-05-08,3.5,OZ,1,1.59
1802265769,233,12,1205,108000080,17292,2013-02-04,2.6,OZ,1,1.29
1802265811,233,5,501,102430020,17616,2012-11-03,16,OZ,1,2.79
1802539341,377,71,7113,108087888,13505,2012-11-14,40,OZ,1,7.99
1802566069,31,8,830,102114020,28428,2013-03-07,10.5,OZ,1,2.5
1802602622,16,56,5615,102100020,4218,2012-11-01,8,OZ,1,4.69
1802614957,240,44,4404,105100050,13791,2012-10-03,10,OZ,2,5.98
1802631153,101,63,6315,107047474,14325,2012-06-16,128,OZ,1,3.69
1802631153,101,23,2301,103340030,15802,2012-11-10,16,OZ,1,1.25
1802632749,101,9,907,1068826767,81691,2012-09-12,20,OZ,1,1.29
1802632749,101,9,912,104812141,18322,2013-02-26,15,OZ,1,3
1802637531,64,33,3305,102840020,18584,2012-07-15,10,OZ,1,1.99
1802661415,165,26,2630,103600030,9787,2012-11-03,120,CT,2,3.46
1802664075,26,58,5827,104470040,13310,2012-06-23,16,OZ,1,4.88
1802665243,98,5,501,101600010,10797,2012-07-31,11.5,OZ,1,2.94
1802665243,98,31,3101,104131343,216,2012-07-31,4.66,OZ,1,2.09
1802665243,98,33,3303,101111010,9907,2013-02-15,11.5,OZ,1,1.98
1802665602,151,26,2634,103600030,4139,2012-06-11,4,RL,1,3.99
1802665602,151,9,901,104400040,85927,2012-08-09,8.8,OZ,2,6.68
1802665602,151,9,907,101111010,9907,2012-09-22,12,OZ,1,1
1802690360,2,23,2301,101111010,14907,2012-11-04,12,OZ,5,5
1802701151,191,3,310,101111010,6678,2013-01-07,6,OZ,1,3.99
1802702292,58,13,1306,101600010,7366,2012-11-19,5,LB,1,3.69
1802722012,96,17,1709,101920010,10882,2012-05-02,24,OZ,1,2.69
1802722238,96,97,9753,10000,0,2012-09-17,1,CT,1,1.19
1802738346,214,26,2626,101258717,7245,2012-03-31,1,CT,1,2.62
1802738346,214,28,2806,107015272,71525,2013-03-16,32,OZ,1,1.98
1802783941,46,73,7359,107431272,12440,2012-03-04,200,CT,1,15.79
1802820308,46,33,3309,101583919,7001,2012-03-08,22,OZ,1,3.79
1802820308,46,40,4005,107017777,18928,2012-11-13,1.41,OZ,1,2
1802855918,18,29,2928,101530010,58299,2012-10-19,6.4,OZ,2,2
1802901629,48,91,9134,108500080,25725,2012-06-03,0.75,LT,1,8.99
1803152147,233,9,902,104113040,6449,2012-06-09,16,OZ,1,1.39
1803152147,233,64,6401,1089318282,31821,2012-07-13,72,OZ,1,7.49
1803152147,233,53,5307,102000020,7655,2012-09-25,11.8,OZ,2,4
1803152147,233,26,2634,103600030,4139,2012-10-12,9,RL,1,6.88
1803152147,233,81,8101,102820020,11186,2013-05-31,1,CT,1,7.64
1803155491,233,24,2406,103760030,17027,2012-03-28,12,OZ,1,2.95
1803155491,233,38,3802,102320020,7642,2012-12-12,2,LB,1,1.79
1803159789,233,97,9753,1022061020,0,2012-06-03,1,CT,1,2
1803239920,224,30,3010,104133545,43106,2012-11-13,16,OZ,1,1.5
1803239920,224,2,211,101600010,1910,2013-01-14,40,OZ,1,3.45
1803239920,224,51,5134,104280040,18599,2013-04-01,19.8,OZ,3,8
1803395513,24,99,9904,1071575676,5278,2012-03-29,16,OZ,1,3.99
1803546310,85,79,7903,1072527474,13776,2012-03-20,1,CT,1,3.99
1803546310,85,63,6314,107342070,4529,2012-09-09,8,OZ,1,1.37
1803559021,21,33,3303,102840020,10241,2012-05-17,10,OZ,1,2.14
1803559021,21,18,1898,107309676,13490,2012-08-16,8,CT,1,2.29
1803559021,21,71,7113,107940070,17521,2012-12-05,12,OZ,1,0.99
1803559139,21,36,3632,101480010,8019,2013-03-10,128,OZ,3,7.5
1803561253,21,56,5613,107403070,16922,2012-03-26,16,OZ,2,7.78
1803561253,21,9,907,107432373,1866,2012-09-13,13,OZ,1,1.49
1803561253,21,36,3601,104900040,3809,2013-03-02,67.6,OZ,3,4.5
1803562327,21,26,2634,104200040,14813,2012-06-13,4,RL,1,3.89
1803562327,21,99,9908,104119040,16347,2012-10-13,16,OZ,1,1.5
1803562327,21,92,9212,1079285070,2593,2013-03-10,0.5,OZ,1,6.99
1803562352,21,26,2620,104119040,16347,2012-06-01,240,CT,1,6.99
1803563123,21,99,9908,104119040,16347,2012-09-16,48,OZ,1,2.49
1803565076,21,63,6320,104119040,16347,2012-04-29,18,CT,1,1.88
1803565076,21,63,6315,104119040,16347,2013-02-03,128,OZ,1,3.69
1803603904,100,59,5902,107509070,182,2012-07-03,16,OZ,1,2.89
1803606190,101,28,2805,1068826767,81691,2012-06-05,10,OZ,1,2.39
1803606412,101,99,9904,103338333,33170,2012-06-16,32,OZ,1,4.99
1803606594,101,96,9632,107675070,18643,2012-12-15,1,CT,1,19.99
1803607099,101,7,706,1085774181,58208,2012-08-26,9.5,OZ,1,1.99
1803607439,101,97,9799,107169171,15583,2012-07-21,1,CT,1,3.99
1803607439,101,96,9609,1053500050,88199,2012-11-16,0,,1,-0.35
1803609816,77,59,5902,103450030,10165,2012-06-01,8,OZ,1,2.79
1803611254,77,58,5832,107274575,13804,2012-06-08,9,OZ,1,3.99
1803611254,77,56,5616,105300050,2199,2012-10-05,7.2,OZ,3,9.87
1803612895,101,30,3008,1068826767,81691,2013-05-07,16,OZ,1,1.79
1803612941,101,51,5115,101960010,3174,2012-07-04,5.22,OZ,2,2
1803612941,101,63,6311,107146474,2142,2012-09-30,15.2,OZ,1,2
1803613053,101,8,814,102840020,18584,2012-04-13,15,OZ,1,3.69
1803613053,101,9,902,102410020,44209,2012-11-09,13.7,OZ,2,6
1803613119,101,21,2105,105200050,7054,2012-06-28,216,OZ,1,8.99
1803613929,101,27,2709,101780010,19793,2012-07-14,2.1,OZ,1,1.29
1803613929,101,97,9799,104152040,16665,2012-07-21,5,CT,1,3.15
1803624486,70,27,2702,101780010,30972,2012-03-21,15.5,LB,1,13.99
1803624486,70,51,5126,101380010,27474,2013-02-11,9.63,OZ,2,5.18
1803626373,70,25,2509,1072543979,40679,2013-01-09,16,OZ,1,1.07
1803626373,70,31,3110,103582636,6564,2013-01-15,2.8,OZ,1,0.89
1803631699,69,33,3305,103582636,6564,2013-02-24,10,OZ,1,2.69
1803640902,64,49,4901,1072543979,40679,2012-07-15,80,OZ,1,4.69
1803640902,64,9,906,107348474,20524,2013-03-16,11,OZ,3,3.55
1803645971,65,36,3626,104900040,17186,2013-01-23,67.6,OZ,1,1.5
1803650181,70,10,1004,104300040,26232,2012-06-17,3.4,OZ,1,0.89
1803650181,70,9,907,107225070,12465,2012-12-09,20,OZ,1,2.34
1803658731,64,97,9753,10000,0,2012-03-10,1,CT,2,1.29
1803658731,64,9,922,102430020,10577,2012-06-16,16.2,OZ,1,1.39
1803658731,64,9,921,1072543979,17933,2012-12-01,4,OZ,6,5.94
1803658731,64,36,3631,107800070,23209,2013-02-16,101.4,OZ,1,3.98
1803658731,64,26,2626,101258717,7245,2013-04-14,1,CT,1,2.69
1803671240,64,9,907,107225070,12465,2012-03-11,20,OZ,1,1.99
1803671240,64,36,3630,101200010,13794,2012-09-06,67.6,OZ,1,1.66
1803671240,64,25,2506,104410040,8481,2012-09-27,16,OZ,1,1.99
1803671240,64,29,2928,101530010,58299,2013-02-22,4.9,OZ,1,1
1803680000,165,55,5555,107684070,32094,2012-04-30,16,OZ,3,7.5
