450339456,165,47,4706,107047070,20230,2012-04-25,7.6,OZ,1,3.99
450339456,165,9,907,107203676,7953,2012-05-12,20,OZ,1,1.29
450341833,165,9,922,107203676,7953,2012-09-04,16,OZ,1,3.99
450341948,165,19,1906,107240070,14199,2012-07-29,10,OZ,2,5.5
450341948,165,36,3611,108265787,4687,2013-01-08,405.6,OZ,2,7.49
450343679,165,97,9781,10000,8255,2013-06-23,1,CT,1,-2.04
450348832,165,20,2002,105100050,27873,2013-01-31,33,OZ,1,3.49
450349774,165,63,6317,107203676,7953,2012-07-22,64,OZ,1,2.99
450349774,165,63,6399,102301222,27492,2012-11-15,7,OZ,1,7.99
450350115,165,63,6324,107228777,2425,2013-02-21,16,OZ,1,5.99
450352425,165,25,2508,102529323,16410,2012-07-15,64,OZ,1,3.29
450352425,165,30,3010,104133545,43106,2013-01-10,16,OZ,1,0
450352425,165,58,5833,107080070,16704,2013-04-16,16,OZ,1,3.99
450353189,165,9,917,107373171,11786,2012-05-29,15,OZ,1,4.29
450353189,165,21,2112,107458474,10383,2012-10-18,64,OZ,2,7.98
450355400,165,99,9909,107203676,7953,2012-08-08,10,OZ,1,1.79
450355400,165,9,902,104400040,19783,2013-05-02,9,OZ,1,2.5
450358860,165,9,901,104400040,13243,2013-03-16,15.35,OZ,1,3.5
450360418,165,9,907,101220010,11528,2012-05-17,20,OZ,1,3.19
450363849,165,21,2117,108768484,2903,2012-05-24,60,OZ,2,4.5
450363849,165,97,9781,10000,8255,2012-06-14,1,CT,1,-1.05
450363849,165,10,1007,104300040,26232,2012-07-14,0.3,OZ,1,0.95
450364926,165,63,6320,1071514171,25530,2012-08-03,12,CT,1,2
450366618,165,31,3110,105210050,11382,2012-04-09,4.4,OZ,1,1.99
450366618,165,9,907,107225070,12465,2012-09-03,20,OZ,1,2.55
450366618,165,51,5115,107192171,18492,2013-02-20,22.85,OZ,1,3.34
450367402,165,64,6408,101338515,37160,2012-04-27,0.75,LT,1,12.99
450370915,165,9,901,104400040,13243,2012-03-24,15.5,OZ,1,2.97
450370915,165,97,9799,101059111,17063,2012-05-20,1,CT,1,1.99
450370915,165,21,2105,105200050,7054,2012-06-03,160,OZ,2,9.98
450370915,165,63,6399,102301222,27492,2012-11-09,10.75,OZ,1,11.99
450370915,165,9,913,104812141,18322,2012-12-10,12,OZ,1,2.09
450370915,165,29,2928,105480050,19039,2013-01-20,6,OZ,1,2.49
450370915,165,64,6401,103410030,11704,2013-03-01,72,OZ,1,6.49
450370915,165,53,5307,107056070,14005,2013-04-29,10,OZ,2,3
450370915,165,64,6409,108678888,26053,2013-07-25,0.75,LT,1,10.99
450371033,165,51,5134,104132242,6167,2012-08-23,22,OZ,1,7.69
450372119,165,56,5615,107203676,7953,2012-09-20,8,OZ,1,2.75
450372293,165,37,3711,105100050,2820,2012-04-08,15.5,OZ,3,10.25
450372293,165,19,1906,105150050,16728,2012-12-05,12.75,OZ,1,2.5
450372293,165,99,9909,107127979,6732,2013-01-02,8,OZ,1,1.99
450372889,165,9,908,107203676,7953,2013-02-23,16,OZ,1,4.99
450373192,165,36,3611,106827464,30855,2012-04-13,192,OZ,1,4.49
450373192,165,97,9748,107033070,1783,2012-08-23,10,CT,2,1.99
450374680,165,26,2622,102570020,20361,2012-03-21,50,CT,1,3.19
450374830,165,26,2617,101090010,15232,2012-09-14,1,CT,1,8.19
450374830,165,99,9904,1071575676,5278,2012-10-06,6,OZ,2,3.99
450375538,165,20,2002,105100050,27873,2012-07-01,46,OZ,1,3.89
450375538,165,53,5307,101450010,20864,2013-03-03,12,OZ,12,10.36
450376139,165,56,5609,102100020,2321,2012-08-21,16,OZ,1,2.99
450376139,165,26,2630,103600030,9787,2012-10-01,120,CT,2,3.98
450376139,165,63,6399,102301222,27492,2013-02-26,8,OZ,1,5.99
450378345,165,63,6315,107203676,7953,2013-04-23,128,OZ,2,3.99
450380493,165,30,3002,102100020,11761,2012-08-21,15,OZ,1,4.15
450380493,165,9,922,102560020,18051,2013-02-05,14.25,OZ,1,3.99
450380506,165,30,3001,104800141,8178,2013-01-23,8,OZ,1,2.99
450381741,165,9,912,104812141,18322,2012-03-15,15,OZ,1,4.49
450384822,165,97,9781,10000,8255,2012-10-13,1,CT,1,-2.91
450384822,165,99,9904,1081204989,27736,2012-11-03,16,OZ,1,1.74
450384842,165,7,707,107203676,7953,2012-03-20,12,OZ,1,5.57
450384842,165,63,6315,104138343,10091,2012-05-22,64,OZ,1,3.79
450384842,165,32,3202,105150050,4307,2013-01-15,48,OZ,1,3.29
450384842,165,9,917,107373171,11786,2013-04-16,22.5,OZ,1,3.29
450388506,165,17,1703,107203676,7953,2012-04-05,64,OZ,1,1.99
450393395,165,26,2634,103700030,3293,2013-03-21,4,RL,1,4.19
450395805,165,58,5811,1075894777,3079,2012-06-24,5.34,OZ,1,7.99
450395805,165,51,5124,107320272,9303,2013-01-22,5,OZ,3,4
450397510,165,56,5607,102100020,13967,2012-10-04,10,OZ,2,4
450397510,165,30,3001,107468070,19993,2012-12-06,11,OZ,1,3.29
450398094,165,25,2509,103450030,10165,2013-03-11,32,OZ,2,6
450398756,165,26,2621,104116545,16879,2012-03-13,150,CT,8,23.92
450398756,165,9,901,104400040,12600,2013-01-12,12,OZ,2,4.39
450398756,165,57,5705,107047070,20230,2013-03-02,6,OZ,4,2.8
450399392,165,26,2614,103700030,514,2013-03-09,36,CT,1,5.99
450399392,165,29,2927,107225171,12502,2013-03-21,5.9,OZ,0,0
450400308,165,23,2301,107680878,1393,2012-04-28,16,OZ,2,2.5
450400308,165,56,5604,107027777,1008,2012-06-16,4,OZ,1,3.19
450400308,165,36,3611,108265787,4687,2012-09-20,405.6,OZ,1,3.74
450400308,165,18,1802,107203676,7953,2013-01-16,4,CT,1,-1.28
450400652,165,97,9781,10000,8255,2012-04-28,1,CT,1,-1.05
450400652,165,97,9781,10000,8255,2012-06-02,1,CT,1,-1.05
450404316,165,22,2215,1079922878,5174,2012-05-20,3,OZ,4,8
450404674,165,56,5609,107203676,7953,2012-11-06,24,OZ,1,1.97
450404876,165,64,6401,103410030,11704,2012-11-01,216,OZ,1,10.99
450406627,165,97,9753,1020437626,0,2013-02-02,1,CT,1,2.02
450408039,165,2,208,105150050,14029,2012-11-08,14,OZ,1,3.19
450408039,165,28,2805,107203676,7953,2012-11-21,5.75,OZ,1,1.49
450408289,165,64,6401,101820010,2510,2012-07-13,216,OZ,1,10.99
450408289,165,27,2709,105849656,18139,2012-09-11,3,OZ,2,3.98
450408289,165,64,6401,101820010,2510,2012-09-21,216,OZ,1,13.99
450408289,165,64,6401,101820010,2510,2012-12-20,216,OZ,1,12.99
450408289,165,27,2715,103320030,875,2012-12-26,1.25,LB,1,2.79
450410971,165,96,9609,1051410050,88199,2012-04-14,0,,2,-0.8
450410971,165,9,970,103800030,62065,2012-10-07,14,OZ,1,1.67
450413940,165,74,7407,107033070,1783,2013-01-03,3,CT,1,4.99
450417140,65,58,5814,102781525,885,2012-07-10,11.7,OZ,1,2.69
450417674,165,99,9909,1082486282,18063,2012-07-31,12.74,OZ,1,3.79
450419356,165,0,0,10000,0,2012-10-05,0,,1,3.25
450419356,165,19,1905,105150050,16728,2012-10-09,32,OZ,1,1.44
450420945,165,56,5611,1089604080,58256,2012-06-02,12,OZ,1,5.99
450420945,165,40,4004,104790040,10865,2013-02-08,12,OZ,1,4.59
450421649,165,7,708,101291919,16123,2012-04-24,12,OZ,1,8.39
450421649,165,56,5620,107203676,7953,2013-04-05,8,OZ,1,2
450422893,165,7,702,102800020,18041,2012-04-27,1.4,OZ,1,4.35
450426196,165,14,1404,101480010,12021,2012-09-04,24,OZ,1,2.55
450428050,165,26,2622,101370010,8154,2012-09-03,17,CT,1,1.62
450428050,165,4,421,107097070,56002,2012-11-19,5,OZ,2,2
450428050,165,9,907,1078142171,21825,2013-01-12,16,OZ,1,4.59
450428050,165,63,6316,107342070,4529,2013-03-02,16,OZ,1,2.39
450428143,165,55,5557,107756777,11005,2012-05-06,10.14,OZ,2,9.98
450428143,165,33,3305,102840020,5141,2012-07-22,11.5,OZ,2,8.58
450428942,165,9,907,107341070,888,2012-06-26,16,OZ,1,3.69
450428942,165,4,419,101122818,3186,2012-11-06,5,OZ,1,2.39
450431355,165,36,3612,108265787,4687,2012-11-11,128,OZ,10,12.5
450431355,165,63,6315,107203676,7953,2013-03-09,128,OZ,1,2.97
450431388,165,97,9781,10000,8255,2012-03-05,1,CT,1,-1.05
450431388,165,97,9781,10000,8255,2012-04-30,1,CT,1,-1.05
450431388,165,8,836,107203676,7953,2012-07-06,32,OZ,1,1.19
450431388,165,8,826,104150040,6667,2013-02-02,12,OZ,1,1.67
450431388,165,26,2630,107203676,7953,2013-02-08,86,CT,1,1.37
450431720,165,8,801,101300010,8164,2012-08-30,32,OZ,2,4
450431720,165,33,3305,102840020,18584,2013-03-24,10,OZ,1,3
450432902,165,9,902,104400040,19783,2012-06-16,8.5,OZ,1,2.99
450432902,165,82,8201,107203676,7953,2012-07-01,1,CT,1,4.99
450441875,165,95,9518,106700868,25075,2013-01-10,1,CT,1,3.99
450443528,165,36,3612,107203676,7953,2012-11-30,128,OZ,1,0.87
450443565,165,33,3309,101583919,7001,2012-05-05,22,OZ,1,7.45
450444788,64,29,2903,106414464,3342,2013-01-26,14.5,OZ,1,1.06
450446181,165,27,2713,101780010,95301,2012-06-09,13,OZ,4,6.76
450446181,165,56,5611,103798232,21693,2012-09-01,4,OZ,1,6.99
450446181,165,18,1835,104460040,9709,2012-11-23,8.3,LB,1,4.99
450446181,165,36,3613,105200050,7054,2012-12-22,160,OZ,1,4.15
450446454,165,23,2301,107680878,1393,2012-10-04,16,OZ,5,3.34
450446454,165,96,9609,1051920050,88199,2012-11-01,0,,2,-1.5
450446995,165,99,9908,1073447575,52605,2012-05-17,1,CT,1,4.49
450448493,165,9,922,107203676,7953,2012-09-27,14,OZ,1,4.99
450453735,165,26,2606,107203676,7953,2012-09-17,40,CT,6,5.07
450453735,165,41,4108,107203676,7953,2012-10-30,15.25,OZ,2,1
450455534,165,63,6305,104850040,18799,2012-09-16,59,OZ,1,3.89
450455534,165,97,9781,10000,8255,2012-10-23,1,CT,1,-1.05
450455534,165,9,907,1078142171,21825,2013-02-26,4,OZ,2,2
450455892,165,30,3010,107755474,71392,2012-03-15,12.5,OZ,1,3.99
450455892,165,73,7309,103700030,11551,2012-10-01,24,CT,1,6.79
450456002,165,27,2702,101780010,5056,2013-04-21,18.5,LB,2,18.49
450457132,165,56,5611,107144878,469,2013-02-21,4.7,OZ,1,4.99
450457177,165,63,6317,104410040,8481,2012-04-07,64,OZ,1,3.69
450457297,165,5,501,1088491282,8459,2013-03-21,14.5,OZ,1,3.79
450457297,165,5,501,103800030,17050,2013-03-25,11.2,OZ,1,3.25
450460945,165,27,2707,101780010,95301,2013-05-24,3.5,LB,1,8.89
450462547,165,37,3706,104227242,648,2012-08-23,14.5,OZ,1,3.45
450462547,165,97,9781,10000,8255,2012-09-16,1,CT,1,-2.1
450462547,165,97,9781,10000,8255,2012-10-24,1,CT,1,-2.1
450462547,165,23,2301,103915333,3811,2013-01-13,16,OZ,1,5.69
450464222,165,63,6320,107203676,7953,2012-05-06,12,CT,1,1.79
450464222,165,56,5615,102100020,9886,2012-09-16,8,OZ,1,3.65
450464222,165,28,2804,10930090,12157,2013-03-02,32,OZ,1,3.99
450464222,165,21,2108,104124444,11218,2013-04-18,25.4,OZ,2,4.99
450466870,165,63,6315,107203676,7953,2012-11-29,128,OZ,1,3.99
450469918,165,58,5835,107002575,54837,2012-09-29,16,OZ,1,4.85
450469918,165,51,5126,107007777,17950,2012-12-15,14.2,OZ,1,2.5
450470959,165,58,5833,107203676,7953,2012-11-20,32,OZ,1,6.97
450471887,165,33,3318,107797575,27417,2012-05-19,12,OZ,2,6
450471887,165,92,9214,107203676,7953,2012-05-22,25,CT,1,4.99
450471887,165,63,6320,107203676,7953,2013-01-20,12,CT,2,3.78
450472145,165,5,516,102100020,9886,2012-08-29,6.15,OZ,2,6.98
450473635,165,57,5705,107047070,20230,2012-07-28,12,OZ,1,2.59
450473635,165,9,901,103010030,15287,2012-10-19,4.44,OZ,1,1.64
450473635,165,41,4107,107203676,7953,2013-01-25,14.5,OZ,4,3.08
450473717,165,42,4220,107203676,7953,2012-04-01,16,OZ,1,1.85
450473717,165,41,4105,107294070,18909,2012-09-17,28,OZ,1,1.89
450473717,165,37,3708,1076026373,1537,2012-11-10,9.3,OZ,1,3
450473804,165,21,2106,105100050,27873,2013-01-31,64,OZ,3,7.5
450481780,165,23,2301,102920020,12168,2013-01-06,16,OZ,4,3.38
450484879,165,56,5615,102100020,9886,2012-05-18,8,OZ,1,1.82
450484879,165,9,901,107203676,7953,2012-07-28,8.5,OZ,1,1.49
450484918,165,5,504,1072225272,3695,2012-06-12,7.4,OZ,2,5.98
450484918,165,99,9904,1081204989,27736,2012-06-22,16,OZ,1,1.74
450484918,165,26,2622,102570020,20361,2012-10-13,24,CT,1,2.5
450485484,165,8,818,103620030,14868,2012-08-28,24,OZ,1,1.99
450485484,165,63,6308,1071279777,31204,2012-11-27,59,OZ,1,3
450485484,165,41,4107,107203676,7953,2013-03-05,14,OZ,3,2.37
450485660,165,96,9609,1053700050,88199,2012-04-21,0,,4,-4
450485660,165,9,907,107203676,7953,2012-05-07,20,OZ,1,0.87
450485660,165,96,9609,1054750050,88199,2013-04-01,0,,2,-1
450486264,165,57,5704,107047070,20230,2012-03-30,6,OZ,1,0.7
450486264,165,31,3111,107020070,62488,2012-04-23,4.5,OZ,2,4.98
450487160,165,97,9781,10000,8255,2012-10-13,1,CT,1,-1.05
450487408,165,9,902,104400040,18775,2013-03-31,9,OZ,2,3.15
450488892,165,63,6320,1071514171,25530,2012-11-02,12,CT,1,3.05
450488892,165,23,2301,107680878,1393,2012-12-22,16,OZ,4,3.24
450488974,165,21,2105,104900040,14357,2012-08-27,32,OZ,10,7.96
450488974,165,33,3301,107641070,10160,2012-11-21,3.5,OZ,1,1
450490640,165,31,3101,105210050,11382,2012-11-18,2.37,OZ,2,2.99
450490640,165,43,4302,104300040,4030,2013-05-25,8,OZ,1,0.99
450490894,165,51,5123,103620030,52004,2012-05-12,22,OZ,1,9.85
450490894,165,19,1908,105150050,9189,2012-12-02,28,OZ,1,3.99
450491964,165,51,5125,101380010,10271,2012-08-26,8.5,OZ,1,2
450491964,165,8,818,107203676,7953,2013-02-15,24,OZ,3,3.75
450494070,165,56,5611,107981373,2252,2013-03-23,5.2,OZ,1,4.99
450495812,165,56,5621,107203676,7953,2012-04-01,8,OZ,1,2.89
450497520,165,8,807,1075733979,17380,2013-01-07,18,OZ,2,5.98
450497520,165,25,2506,105000050,32115,2013-04-03,16,OZ,1,2.49
450497520,165,95,9518,1064541666,25075,2013-05-08,1,CT,6,23.94
450499907,165,5,517,103800030,17050,2012-11-28,4.6,OZ,1,2.99
450499907,165,36,3632,107800070,4354,2013-03-09,50.7,OZ,1,0.99
450501527,165,44,4404,107045979,12587,2013-02-15,13.5,OZ,1,3
450501527,165,9,907,107225070,12465,2013-04-21,20,OZ,1,2.29
450502803,165,9,908,107247070,9903,2012-06-12,9.4,OZ,1,3.59
450504210,165,33,3351,1073249474,56896,2012-05-06,8,OZ,1,3.49
450504210,165,97,9781,10000,8255,2013-04-11,1,CT,1,-1.05
450504210,165,53,5307,107056070,14005,2013-04-17,8,OZ,1,1
450504417,165,70,7004,102318525,6457,2013-01-06,12,CT,1,5.29
450504417,165,4,417,103400030,15113,2013-01-10,2.8,OZ,1,0.6
450505518,165,9,907,1078142171,21825,2012-03-22,16,OZ,2,9.18
450505518,165,9,907,1078142171,21825,2012-12-13,16,OZ,1,4.59
450505518,165,2,213,107248676,9190,2013-01-31,8.5,OZ,1,0.57
450506168,165,36,3601,101200010,13794,2013-02-11,144,OZ,2,7.33
450506337,165,2,201,1064420969,5345,2012-10-05,16.5,OZ,1,1.99
450511652,165,64,6409,108469282,16202,2012-10-11,0.75,LT,1,46
450512293,165,25,2506,105000050,32115,2012-09-06,32,OZ,1,3
450512293,165,9,902,101410010,45039,2012-10-16,8,OZ,1,2.39
450512293,165,63,6305,102500020,11749,2013-01-04,59,OZ,1,3.29
450512293,165,60,6001,101800010,14029,2013-01-22,11,OZ,3,7.5
450518691,165,9,902,104400040,15335,2012-09-29,15.1,OZ,1,1.79
450518691,165,30,3001,104242141,2071,2012-11-10,8.5,OZ,1,2.99
450518691,165,37,3703,105100050,2820,2013-04-10,10.75,OZ,1,1.19
450520662,165,56,5621,107203676,7953,2012-08-20,8,OZ,2,1.94
450520662,165,27,2704,107203676,7953,2012-09-19,64,OZ,2,9.98
450520929,165,63,6323,107203676,7953,2012-08-04,64,OZ,1,2.69
450520929,165,21,2105,105200050,7054,2012-09-29,64,OZ,1,2.39
450525413,165,99,9908,103338333,33170,2012-07-02,16,OZ,1,2.55
450532961,165,59,5906,104060040,26155,2012-06-08,21.3,OZ,1,2.15
450533103,165,59,5910,103377636,16650,2012-03-15,15,OZ,1,3
450533103,165,97,9781,10000,8255,2012-07-12,1,CT,1,-1.05
450533103,165,33,3312,103700030,14494,2012-11-15,6.41,OZ,1,1.89
450533103,165,41,4121,102700020,8612,2013-01-24,8,OZ,2,1.58
450533951,165,18,1828,101980010,15181,2012-08-28,7.5,OZ,2,2
450533951,165,99,9904,1081204989,27736,2013-02-18,16,OZ,1,3
450534537,165,99,9909,107203676,7953,2012-06-21,16,OZ,1,1.29
450534537,165,96,9609,1052073555,88199,2012-08-09,0,,2,-2
450534537,165,29,2906,104178949,11224,2013-02-20,4,OZ,2,2
450534768,165,9,922,104400040,13243,2012-11-21,14,OZ,1,2.69
450536388,165,99,9908,107203676,7953,2012-05-24,16,OZ,1,2.5
450537786,165,9,907,107203676,7953,2012-06-05,11,OZ,1,1.27
450537786,165,26,2619,107203676,7953,2012-06-09,26,CT,1,2
450537786,165,56,5607,101700313,9507,2012-07-08,10,OZ,1,7.49
450537786,165,16,1604,102200020,20100,2012-07-18,15,CT,1,1.79
450537786,165,82,8201,107203676,7953,2012-09-25,1,CT,1,-14.99
450537786,165,41,4105,102700020,8612,2013-01-27,14.5,OZ,1,1
450537786,165,4,410,102200020,10421,2013-02-10,9.9,OZ,1,2.99
450537786,165,40,4005,107073474,25373,2013-04-14,1.4,OZ,1,3.79
450538396,165,51,5129,101450010,20864,2012-12-30,42,OZ,2,17.98
450538396,165,51,5133,107320272,9303,2013-03-03,22.5,OZ,1,6.49
450538651,165,51,5121,107203676,7953,2013-04-14,6.5,OZ,1,4.29
450548069,165,58,5835,107002575,54837,2012-12-21,16,OZ,1,4.65
450548069,165,97,9753,10000,0,2013-03-23,1,CT,1,1.29
450548080,165,28,2806,10930090,12157,2012-03-20,24,OZ,2,3.35
450548080,165,9,901,104400040,3453,2012-08-18,10,OZ,3,3.79
450548080,165,63,6320,107203676,7953,2012-10-21,12,CT,2,2
450548080,165,97,9781,10000,8255,2012-10-28,1,CT,1,-1.05
450554194,165,27,2702,101780010,14717,2012-06-17,3.5,LB,1,8.99
450554194,165,97,9781,10000,8255,2012-11-07,1,CT,1,-1.05
450554194,165,56,5611,1089604080,58256,2012-12-02,12,OZ,1,5.99
450558829,165,26,2628,101310010,17002,2012-07-14,1,RL,3,1.71
450558829,165,9,970,103800030,62065,2012-09-14,20.3,OZ,1,2.47
450561985,165,63,6316,107203676,7953,2012-05-26,24,OZ,1,3.15
450561985,165,95,9517,106700868,25075,2012-12-02,1,CT,1,4.49
450561985,165,63,6315,107203676,7953,2013-01-21,64,OZ,1,2.79
450563294,165,63,6320,107203676,7953,2012-07-21,12,CT,1,1.99
450564500,165,36,3618,101200010,23361,2013-04-24,144,OZ,1,3.67
450564843,165,29,2903,106414464,3342,2012-09-27,14.5,OZ,2,2
450564843,165,5,519,103000030,14760,2012-10-27,2.64,OZ,1,1.5
450565778,165,64,6410,101820010,2510,2012-08-14,96,OZ,1,12.99
450566003,165,24,2406,103760030,17027,2012-09-13,12,OZ,1,1.79
450569625,165,99,9904,1066529060,52314,2012-06-22,16,OZ,1,1.99
450569724,165,99,9904,1071575676,5278,2012-07-16,6,OZ,2,5
450570843,165,5,516,103800030,24525,2012-08-11,6.3,OZ,3,7.5
450571189,165,51,5116,107192171,25673,2013-01-05,28.2,OZ,1,5
450571706,165,63,6305,104850040,18799,2012-12-23,89,OZ,2,12.78
450573617,165,36,3635,107252171,19411,2012-05-16,33.8,OZ,4,1.7
450573617,165,99,9908,1070935171,5534,2012-06-24,12,OZ,1,2.29
450575286,165,33,3305,102840020,18584,2012-04-26,13,OZ,1,3.5
450575286,165,97,9781,10000,8255,2012-07-05,1,CT,1,-1.05
450575549,165,97,9781,10000,8255,2013-02-19,1,CT,2,-2.1
450575549,165,37,3703,105100050,2820,2013-03-25,10.5,OZ,2,3.58
450575622,165,9,902,104950848,16730,2012-09-20,14,OZ,1,3.99
450577835,165,27,2702,101901414,8664,2012-12-20,7,LB,1,10.99
450577835,165,46,4606,107203676,7953,2013-05-08,32,OZ,1,9.79
450581818,165,22,2207,106233868,15197,2012-03-05,12,OZ,1,2.99
450581818,165,42,4220,1089703484,43167,2012-03-19,12,OZ,2,9.98
450581818,165,99,9904,1076101070,11786,2012-05-07,1,CT,1,1.47
450597747,165,97,9781,10000,8255,2012-05-16,1,CT,1,-1.05
450597747,165,97,9781,10000,8255,2012-07-27,1,CT,1,-1.05
450597747,165,33,3310,1072822979,18169,2013-01-15,6,OZ,1,4.59
450597747,165,97,9781,10000,8255,2013-02-27,1,CT,1,-1.05
450598962,165,8,821,1073105070,8920,2012-03-08,14.5,OZ,1,2.39
450598962,165,64,6409,108500080,85527,2012-11-18,0.75,LT,1,12.99
450598962,165,75,7520,107203676,7953,2013-02-14,80,CT,1,1.99
450598962,165,64,6409,1071874272,22259,2013-02-23,0.75,LT,1,12.99
450598962,165,29,2927,107341676,10839,2013-04-05,7,OZ,1,3.39
450601271,165,38,3802,104920040,5098,2012-05-23,1,LB,1,0.99
450601333,165,31,3101,107096979,17090,2012-04-25,4.5,OZ,1,2.49
450601333,165,26,2617,107203676,7953,2013-02-27,1,CT,1,0.97
450601853,165,99,9909,107127979,6732,2012-11-05,16,OZ,1,1.99
450601853,165,5,516,103000030,14760,2012-12-16,3.5,OZ,1,1.5
450601853,165,51,5134,104280040,18599,2012-12-16,7.5,OZ,2,3.98
450601972,165,9,907,107341070,2437,2013-02-23,24,OZ,1,2.14
450603274,165,63,6305,107203676,7953,2012-04-18,89,OZ,1,4.37
450603274,165,51,5126,101380010,27474,2012-09-07,11.5,OZ,1,2
450603274,165,96,9632,107675070,18643,2012-12-01,1,CT,1,29.99
450603274,165,60,6012,107203676,7953,2013-02-03,12.4,OZ,3,5.91
450606172,165,10,1013,103890030,5072,2012-11-24,8,OZ,1,2
450606977,165,99,9904,103338333,33170,2012-12-26,16,OZ,1,4.49
450612461,165,56,5616,107433676,39515,2012-05-28,8,OZ,1,1.97
450615997,165,57,5710,104667545,20216,2012-05-03,16,OZ,1,2.97
450615997,165,10,1004,104300040,26232,2012-05-24,3.4,OZ,3,2.91
450615997,165,97,9781,10000,8255,2012-08-13,1,CT,1,-1.05
450615997,165,26,2628,104200040,2308,2012-09-11,6,RL,1,6.99
450615997,165,20,2002,105100050,27873,2013-05-30,46,OZ,1,3.79
450616642,165,57,5704,107047070,20230,2012-05-26,6,OZ,2,1.2
450617915,165,30,3001,105250050,5337,2012-11-09,32,OZ,1,2.99
450617915,165,8,836,107203676,7953,2013-02-11,16.9,OZ,1,2.99
450619907,165,25,2508,102529323,16410,2012-04-10,32,OZ,1,2.59
450619907,165,9,907,107341070,888,2012-06-03,16,OZ,1,3.49
450619907,165,9,908,107203676,7953,2012-11-18,34,OZ,1,5.7
450619907,165,9,908,107203676,7953,2013-01-11,16,OZ,3,14.97
450619907,165,56,5609,102100020,2321,2013-02-13,16,OZ,1,2.89
450622064,165,5,501,101600010,15114,2012-08-11,13,OZ,1,2.5
450624663,165,8,803,106414464,7770,2012-11-19,12,OZ,1,1.99
450629391,165,51,5117,104280040,18599,2012-03-23,10.7,OZ,1,1.5
450629391,165,97,9781,10000,8255,2012-10-27,1,CT,1,-1.05
450629532,165,69,6901,107940070,4696,2012-04-05,2.6,OZ,1,2.5
450629532,165,58,5827,103760030,8501,2012-12-13,12,OZ,1,5.29
450629532,165,8,801,101300010,8164,2013-03-10,20,OZ,1,1.99
450629532,165,69,6903,1030008535,10727,2013-03-17,0.42,OZ,1,9.79
450629532,165,9,901,104400040,12600,2013-06-27,8.75,OZ,1,4.29
450631442,165,45,4511,107358676,3828,2012-06-27,12,OZ,5,39.95
450631442,165,99,9909,103260131,5489,2013-01-05,5,OZ,1,3.79
450631534,165,63,6315,109396696,13264,2012-04-26,64,OZ,1,3.69
450631534,165,56,5620,107203676,7953,2013-05-21,6,OZ,1,2.75
450634662,165,55,5559,107756777,14286,2012-05-24,33,OZ,1,3.49
450634662,165,69,6901,107940070,1141,2012-09-11,2.7,OZ,1,4.85
450638628,165,6,606,105000050,3001,2013-02-26,17.7,OZ,1,6.69
450639590,165,18,1854,107203676,7953,2012-06-06,4,CT,1,2.5
450639590,165,56,5620,102100020,9886,2012-08-13,8,OZ,1,2
450639590,165,36,3601,104900040,3809,2013-02-14,101.4,OZ,1,3.5
450639815,165,9,907,1078142171,21825,2013-03-21,18,OZ,1,4.99
450640255,165,97,9781,10000,8255,2012-05-09,1,CT,1,-1.05
450640255,165,58,5824,107778272,9260,2013-03-15,19,OZ,1,4.49
450640255,165,97,9781,10000,8255,2013-03-24,1,CT,1,-1.05
450640744,165,56,5607,107203676,7953,2012-10-06,8,OZ,4,4.58
450640878,165,59,5902,107203676,7953,2012-03-10,16,OZ,1,2.97
450640878,165,32,3204,104173646,6305,2012-07-27,25.3,OZ,1,5.99
450640878,165,29,2903,106414464,3342,2012-08-17,15,OZ,4,4
450641653,165,41,4108,104133141,7531,2012-06-11,15.5,OZ,3,4.47
450643395,165,4,417,102800020,55437,2012-11-18,3.2,OZ,1,1.5
450643395,165,97,9753,1020600222,0,2013-01-14,1,CT,1,5.09
450643395,165,8,818,107203676,7953,2013-03-04,26,OZ,1,3.99
450647551,165,2,201,105150050,14029,2012-11-06,15.25,OZ,2,2.58
450647864,165,5,516,103000030,14760,2012-09-01,8.7,OZ,1,2.79
450650132,165,43,4302,107203676,7953,2012-04-06,16,OZ,1,2
450652932,165,36,3618,107203676,7953,2013-02-15,144,OZ,1,-4.62
450653640,165,9,922,101600010,6283,2013-02-13,5.34,OZ,1,2.5
450654730,165,9,907,107203676,7953,2012-10-16,6,OZ,1,2.89
450655572,165,58,5807,104242141,2071,2012-10-01,8,OZ,1,7.99
450658063,165,0,0,10000,0,2012-05-03,0,,2,7
450658773,165,9,901,104400040,3453,2012-05-26,13.72,OZ,2,3.98
450658773,165,97,9781,10000,8255,2012-10-09,1,CT,1,-0.66
450658773,165,99,9909,103260131,5489,2013-05-29,5,OZ,1,3.5
450659920,165,9,908,107203676,7953,2012-08-19,15.25,OZ,1,1.99
450659920,165,37,3707,105100050,17812,2012-09-18,14.5,OZ,1,1.15
450659920,165,37,3703,105100050,2820,2013-02-18,10.75,OZ,2,1.98
450659920,165,10,1011,104300040,26232,2013-04-12,15.5,OZ,2,5.58
450661322,165,27,2709,105000050,6775,2012-08-12,2.1,OZ,2,3
450661322,165,64,6409,108130888,39109,2013-05-03,0.75,LT,1,5.99
450663862,165,41,4110,103940030,71386,2012-10-15,28,OZ,2,3.98
450663862,165,60,6001,105000050,30272,2013-02-08,16.5,OZ,1,2.15
450664058,165,56,5614,104610040,15889,2012-11-01,9,OZ,1,3.5
450664058,165,97,9781,10000,8255,2012-11-11,1,CT,1,-1.05
450664058,165,96,9609,1052000050,88199,2013-03-02,0,,4,-2.4
450664058,165,56,5609,107148171,6765,2013-03-07,16,OZ,1,2.49
450665952,165,99,9908,107203676,7953,2012-06-02,16,OZ,1,3.99
450665952,165,51,5132,107007777,17950,2012-10-09,24,OZ,1,6.79
450667760,165,92,9208,107410878,3947,2012-09-25,90,CT,1,2.99
450667760,165,36,3634,105200050,14597,2013-06-18,202.8,OZ,2,9.98
450671239,165,97,9753,10555,0,2013-01-22,8,OZ,1,0
450671291,165,9,907,107225070,12465,2012-04-01,20,OZ,1,3.39
450671291,165,63,6330,107203676,7953,2013-04-22,8,OZ,1,1.85
450674179,165,56,5620,107203676,7953,2012-06-22,8,OZ,1,2.75
450674179,165,60,6001,105000050,30272,2013-02-01,16.5,OZ,1,2.15
450675955,165,96,9609,1057684050,88199,2012-06-24,0,,2,-2
450675955,165,97,9781,10000,8255,2012-07-15,1,CT,1,-2.07
450675955,165,9,901,103010030,3454,2012-12-23,14.2,OZ,1,1.94
450675955,165,63,6305,104850040,18799,2013-03-19,59,OZ,2,6
450677344,165,18,1890,105209252,43069,2012-11-18,2,CT,1,1.83
450677344,165,36,3604,107800070,2829,2013-01-09,67.6,OZ,1,2.09
450679606,165,43,4302,104300040,4030,2013-05-30,8,OZ,1,0.99
450680729,165,41,4107,107203676,7953,2012-12-28,11,OZ,2,1.2
450692615,165,96,9609,1051380050,88199,2012-05-13,0,,1,-1
450692615,165,27,2710,107023070,18373,2012-10-13,20,LB,1,6.29
450692615,165,41,4110,107203676,7953,2013-02-10,28,OZ,1,1.57
450697276,165,57,5710,107047070,20230,2013-04-11,5.3,OZ,2,2.67
450697308,165,9,907,1078142171,21825,2012-06-23,16,OZ,1,4.99
450699613,165,63,6320,107203676,7953,2012-05-21,12,CT,1,1.89
450699613,165,41,4108,103940030,71386,2013-01-23,16,OZ,4,3.56
450699613,165,26,2633,103040030,683,2013-01-27,9,RL,1,6.49
450699613,165,55,5555,107684070,32094,2013-02-15,16,OZ,1,3.5
450700389,165,73,7302,1030057333,250,2012-08-26,40,CT,1,4.99
450700389,165,8,803,104150040,6714,2013-03-19,20,OZ,1,2.89
450701202,165,63,6315,107203676,7953,2012-06-16,128,OZ,1,2.77
450702170,165,51,5126,101380010,27474,2012-06-22,12,OZ,1,2.5
450702170,165,25,2506,104410040,8481,2013-07-19,16,OZ,1,1.5
450708753,165,63,6321,107203676,7953,2012-03-30,10,OZ,1,2.97
450708753,165,11,1112,102898929,26666,2013-01-13,8.5,OZ,1,3.99
450709419,165,9,922,102430020,10577,2013-01-14,11,OZ,1,1.79
450709785,165,64,6409,108427989,41933,2012-06-23,0.75,LT,1,8.99
450709785,165,64,6401,1078615070,17345,2012-12-29,134.4,OZ,1,11.99
450711636,165,21,2106,103120030,12957,2012-04-21,64,OZ,1,3.99
450711636,165,23,2301,107680878,1393,2012-10-07,16,OZ,1,1.55
450712615,165,33,3325,102840020,21452,2012-08-21,20,OZ,2,9.94
450713089,165,36,3618,104900040,23359,2012-03-09,144,OZ,2,6.39
450713089,165,63,6399,102301222,27492,2012-10-14,7,OZ,2,12.98
450713089,165,58,5827,107080070,16704,2012-11-10,12,OZ,1,2.92
450717087,165,58,5827,104470040,13310,2013-02-22,16,OZ,1,6.49
450717932,165,97,9781,10000,8255,2012-08-24,1,CT,1,-1.05
450718485,165,63,6315,107203676,7953,2012-08-09,128,OZ,1,3.79
450719014,165,56,5621,107203676,7953,2012-04-17,8,OZ,1,2.79
450720888,165,37,3703,105100050,2820,2012-11-24,10.75,OZ,2,2
450725187,165,11,1112,102898929,26666,2012-03-11,10,OZ,3,13.35
450728141,165,21,2108,101480010,12021,2012-08-25,64,OZ,2,4
450729670,165,5,501,103800030,11732,2012-04-01,18,OZ,1,3.89
450731509,165,26,2630,103700030,14647,2012-07-05,56,CT,3,5.55
450731509,165,9,918,101410010,13791,2012-09-27,5.25,OZ,1,3.19
450733499,165,9,908,107203676,7953,2012-09-14,9,OZ,2,7.78
450734745,165,46,4606,107120272,5072,2012-04-06,16,OZ,1,3.34
450738426,165,5,516,107203676,7953,2012-06-15,8.9,OZ,1,2.5
450738426,165,16,1604,101254616,17473,2012-10-12,42,CT,1,2.99
450741004,165,97,9781,10000,8255,2012-05-28,1,CT,1,-6.21
450741004,165,28,2805,107365171,11166,2012-08-20,5.75,OZ,1,1.22
450741004,165,51,5115,107218070,15035,2013-02-04,22.95,OZ,1,1.48
450741720,165,57,5710,1089470080,21065,2012-08-19,5.3,OZ,3,4.35
450744531,165,9,908,107203070,5812,2012-07-12,17,OZ,1,3.24
450755599,165,55,5552,107756777,2347,2012-11-19,48,OZ,2,5
450755599,165,5,501,101600010,10797,2012-12-01,16,OZ,1,3
450766543,165,20,2002,105100050,2820,2012-07-06,11.5,OZ,3,3.57
450766543,165,58,5815,103760030,8501,2012-12-08,7,OZ,1,3.49
450766543,165,99,9904,1064312666,5072,2013-06-16,1,CT,1,3.49
450768885,165,63,6320,107203676,7953,2012-05-10,12,CT,2,1.94
450769998,165,56,5607,107203676,7953,2012-04-06,8,OZ,2,3
450772327,165,9,970,103800030,62065,2012-11-11,14.1,OZ,1,2.5
450772327,165,8,814,102100020,19279,2013-01-10,15,OZ,1,1.89
450772327,165,96,9609,1055480050,88199,2013-02-24,0,,2,-2
450772327,165,30,3009,104133545,43106,2013-06-03,16,OZ,1,-3.45
450772880,165,97,9781,10000,8255,2012-07-23,1,CT,1,-1.05
450781477,165,37,3705,105100050,2820,2013-01-03,18.8,OZ,1,2
450781477,165,82,8201,107203676,7953,2013-03-24,1,CT,1,4.99
450792934,165,27,2704,107910070,27108,2012-06-23,5.6,OZ,2,7.98
450792934,165,33,3318,104178040,19154,2012-09-23,16,OZ,1,2.5
450792934,165,51,5117,107570676,13458,2012-12-24,20.3,OZ,1,5
450793170,165,57,5705,107203676,7953,2012-04-19,6,OZ,4,2
450793170,165,21,2111,107203676,7953,2012-05-22,64,OZ,1,2.97
450793170,165,62,6203,102484222,2542,2012-09-16,10,OZ,1,3
450796160,165,13,1306,101600010,7366,2012-11-20,5,LB,1,3.55
450798883,165,63,6315,107203676,7953,2012-11-08,128,OZ,1,2.97
450807828,165,23,2310,104116444,27731,2012-06-22,12.84,OZ,2,6.98
450807828,165,3,302,104300040,1292,2012-10-27,7,OZ,1,3.49
450817806,165,5,501,101600010,85114,2012-05-20,12.8,OZ,1,3.55
450819976,165,23,2301,102409424,4649,2012-05-04,16,OZ,1,2.99
450819976,165,41,4105,104118848,6915,2012-05-06,28,OZ,1,2.35
450819976,165,9,902,102410020,44209,2012-05-06,13.7,OZ,1,2.5
450819976,165,99,9908,103338333,33170,2012-10-07,16,OZ,1,1.99
450827171,165,7,702,102800020,18041,2012-06-23,1.4,OZ,1,4.35
450827731,165,55,5562,104154848,5603,2012-04-15,48,OZ,1,3.39
450827764,165,9,907,1078142171,21825,2012-04-07,16,OZ,1,4.99
450827764,165,9,908,107203676,7953,2012-07-26,16,OZ,1,2.49
450828357,165,9,908,107203676,7953,2012-10-28,20,OZ,1,5.99
450828818,165,8,810,105210050,11382,2012-08-05,0.87,OZ,2,1.49
450828818,165,40,4001,104144949,484,2012-12-08,80,OZ,1,2.5
450829461,165,97,9781,10000,8255,2012-03-03,1,CT,1,-3.57
450829461,165,36,3632,104900040,6137,2012-03-10,144,OZ,1,6.39
450829461,165,26,2614,103700030,514,2013-01-06,16,CT,1,5.19
450831411,165,3,303,105210050,2732,2012-04-18,4.25,OZ,1,3.39
450831411,165,56,5612,104175747,10216,2012-06-06,4.2,OZ,1,3.99
450831411,165,73,7319,1030003131,4966,2012-10-15,8,OZ,1,9.79
450831411,165,41,4105,106414464,70939,2012-10-18,10,OZ,2,2.7
450831411,165,97,9717,101256919,19604,2012-10-23,1,CT,1,5.99
450831411,165,53,5307,107203676,7953,2013-03-26,16,OZ,1,1.25
450833052,165,25,2509,107203676,7953,2012-07-28,32,OZ,1,1.97
450833052,165,31,3101,105210050,11382,2012-12-20,1,OZ,1,4.89
450838533,165,9,907,107203676,7953,2012-11-20,13,OZ,1,1.67
450840919,165,30,3008,102066222,12598,2013-02-19,16,OZ,1,3.99
450842811,165,99,9908,103338333,33170,2012-11-20,13,OZ,1,2.29
450843426,165,26,2609,104200040,5016,2012-04-29,35,CT,1,2.99
450846884,165,9,907,107341070,2437,2012-09-06,22,OZ,1,2.29
450855693,165,58,5833,103760030,8501,2012-06-21,24,OZ,2,19.98
450855693,165,99,9908,107203676,7953,2012-08-02,16,OZ,1,1.5
450855693,165,33,3307,101030010,5740,2012-10-14,11.5,OZ,2,6.85
450859975,165,97,9781,10000,8255,2012-11-15,1,CT,1,-1.05
450866467,165,64,6409,1081248585,12051,2012-04-25,0.75,LT,0,0
450866467,165,64,6409,1089418585,40222,2012-04-25,0.75,LT,0,0
450866467,165,14,1411,103890030,5072,2012-11-16,20,OZ,6,6
450869061,165,29,2903,106414464,3342,2012-03-09,15,OZ,1,1
450869061,165,37,3703,105100050,2820,2012-04-27,10.75,OZ,1,1.75
450869061,165,20,2002,105100050,2820,2012-05-18,64,OZ,1,3.75
450869343,165,97,9781,10000,8255,2012-03-04,1,CT,1,-1.05
450869343,165,96,9609,1053760050,88199,2013-06-09,0,,2,-2
450871089,165,63,6315,107203676,7953,2012-03-27,64,OZ,1,2.79
450871089,165,56,5615,102100020,9886,2012-08-11,7,OZ,1,2
450873363,165,14,1415,107203676,7953,2013-03-17,11,OZ,4,4
450878262,165,57,5707,107047070,20230,2012-12-17,18,OZ,1,3.39
450884707,165,33,3302,102700020,57417,2013-02-22,6,OZ,1,1.79
450884707,165,21,2114,1081097989,18822,2013-05-16,160,OZ,1,3.39
450888166,165,63,6315,107203676,7953,2012-06-03,128,OZ,1,3.69
450888166,165,63,6314,107203676,7953,2012-09-25,8,OZ,1,0.77
450888382,165,33,3301,104178040,19154,2012-06-02,6.5,OZ,1,2
450888382,165,9,918,101410010,13791,2012-10-22,7.2,OZ,1,1.74
450888382,165,63,6305,107203676,7953,2012-11-17,64,OZ,2,3.32
450892798,165,37,3706,104119646,14582,2012-11-11,19,OZ,2,2
450893802,165,99,9909,107127979,6732,2013-04-17,16,OZ,1,1.99
450893802,165,36,3618,101200010,23361,2013-05-22,67.6,OZ,1,1.99
450898153,165,97,9781,10000,8255,2013-01-13,1,CT,1,-2.1
450900410,165,97,9781,10000,8255,2012-11-18,1,CT,2,-2.1
450902242,165,36,3626,104900040,17186,2012-08-20,144,OZ,1,6.39
450907737,165,9,902,104400040,12279,2012-10-31,16,OZ,1,2.89
450908494,165,97,9781,10000,8255,2012-10-04,1,CT,1,-1.05
450908506,165,17,1707,101112111,20099,2012-06-21,10,OZ,1,5.49
450915452,165,13,1302,107174070,20626,2012-07-25,32,OZ,2,2.18
450915452,165,63,6320,107203676,7953,2012-12-05,12,CT,1,1.37
450915452,165,96,9609,1053760050,88199,2013-05-25,0,,2,-2
450921933,165,9,907,101220010,11528,2012-06-28,12,OZ,1,1.79
450924724,165,99,9908,103338333,33170,2012-07-11,16,OZ,1,2.29
450924724,165,99,9909,103260131,5489,2012-07-23,5,OZ,1,3.99
450926910,165,99,9908,105783656,33170,2012-07-27,1,CT,1,3.49
450927652,165,58,5827,107203676,7953,2012-07-20,12,OZ,1,1.99
450929191,165,36,3601,104900040,3809,2013-06-10,42.2,OZ,1,1
450930772,165,5,501,101600010,85114,2012-12-15,12.2,OZ,1,2.5
450932216,165,97,9781,10000,8255,2012-05-19,1,CT,2,-2.1
450932216,165,63,6309,104850040,18799,2012-09-30,48,OZ,1,4.19
450932216,165,29,2924,101740010,11748,2013-03-03,8.8,OZ,3,5
450935550,165,41,4105,107203676,7953,2012-07-17,14.5,OZ,2,1.58
450935550,165,63,6320,107203676,7953,2013-03-27,30,CT,1,3.97
450937349,165,9,907,107203676,7953,2013-01-31,20,OZ,1,0.99
450937349,165,33,3303,102068525,2892,2013-03-07,8.5,OZ,1,1.89
450938302,165,96,9609,1050813757,88199,2012-08-11,0,,2,-3
450938302,165,58,5815,104242141,2071,2012-11-18,6,OZ,1,3
450946140,165,33,3303,102840020,10241,2012-05-01,10,OZ,2,4.29
450946140,165,63,6315,107203676,7953,2012-11-07,64,OZ,1,3.65
450946140,165,97,9781,10000,8255,2012-11-13,1,CT,1,-2.1
450955454,165,19,1908,104530040,13915,2012-06-21,16.3,OZ,1,3.19
450955454,165,63,6315,1074236575,8499,2012-08-17,64,OZ,1,4.49
450958490,165,8,805,102100020,9886,2012-03-03,12,OZ,2,5
450959004,165,41,4107,107203676,7953,2012-07-25,15,OZ,1,1.45
450959004,165,72,7205,103700030,4294,2012-09-03,4,OZ,1,3.49
450959194,165,8,811,103620030,1698,2012-08-03,24,OZ,2,4.48
450959194,165,18,1802,107203676,7953,2012-08-28,100,CT,1,1.99
450965012,165,26,2634,103700030,3293,2012-03-12,12,RL,1,7.99
450965012,165,96,9609,1050930050,88199,2013-03-04,0,,2,-1
450968896,165,92,9202,107160373,18746,2013-02-21,2,CT,1,1.69
450973473,165,33,3301,1085025181,31505,2013-02-13,4.4,OZ,1,1.99
450976053,165,57,5704,105215959,41981,2012-05-06,6,OZ,9,5.4
450976053,165,19,1908,105150050,16728,2012-08-19,18,OZ,1,3.99
450978951,165,99,9908,103338333,33170,2012-09-16,16,OZ,2,3
450981592,165,63,6315,107203676,7953,2012-08-11,128,OZ,1,3.49
450984663,241,4,416,101070010,8131,2012-08-19,1.4,OZ,1,0.89
450984663,241,99,9908,103338333,33170,2013-01-06,12,OZ,1,2.99
450984692,165,21,2119,1061300868,867,2012-06-24,23,OZ,1,0.99
450984692,165,8,835,105440050,23210,2013-01-15,16,OZ,1,3.29
450992540,165,25,2509,107203676,7953,2012-05-12,32,OZ,1,1.87
450992540,165,73,7302,107203676,7953,2012-06-23,100,CT,1,1.99
450992540,165,31,3101,105210050,11382,2012-12-29,0.25,OZ,1,1.59
450995127,165,9,907,1078142171,21825,2013-02-07,16,OZ,1,3.49
451001606,165,96,9609,1057047050,88199,2012-04-14,0,,1,-1
451001606,165,63,6313,107357070,8185,2012-05-20,12,OZ,1,1.5
451001606,165,97,9781,10000,8255,2013-05-02,1,CT,1,-1.05
451004175,165,49,4901,101312010,26885,2012-03-04,28,OZ,1,3.39
451004175,165,27,2704,1065922363,2018,2012-07-14,20,OZ,2,4.89
451004175,165,35,3508,103700030,3330,2013-02-26,100,OZ,1,12.99
451006121,165,97,9781,10000,8255,2012-06-22,1,CT,1,-1.05
451006121,165,49,4901,101312010,26885,2012-08-12,24,OZ,1,3
451008273,165,96,9609,1057261353,88199,2012-10-19,0,,1,-1
451008273,165,26,2628,103040030,17034,2013-01-27,8,RL,1,4.97
451008543,165,36,3618,104900040,23359,2013-05-17,67.6,OZ,1,1.5
451008934,165,36,3625,104900040,3809,2013-02-02,144,OZ,1,0
451012498,165,97,9781,10000,8255,2013-02-07,1,CT,1,-1.05
451013552,165,41,4107,107203676,7953,2013-03-16,14.5,OZ,2,1.54
451021780,165,36,3618,104900040,23359,2012-03-30,67.6,OZ,1,1.79
451021780,165,9,908,1066712161,25517,2012-04-03,10.5,OZ,1,5.99
451021780,165,60,6007,101800010,14029,2013-03-12,8,OZ,1,2.25
451024495,165,63,6315,1074236575,8499,2012-04-28,64,OZ,1,4.49
451024495,165,97,9781,10000,8255,2012-10-03,1,CT,1,-1.05
451024495,165,63,6315,107203676,7953,2013-03-06,128,OZ,1,2.97
451029000,165,9,902,104157040,2017,2012-12-13,4.25,OZ,1,3.19
451029000,165,26,2619,107203676,7953,2013-05-14,38,CT,1,4.27
451029000,165,49,4902,107271474,11375,2013-06-11,20,OZ,1,3.59
451030645,165,18,1890,107203676,7953,2012-05-02,1,CT,1,2.69
451030645,165,4,418,103400030,20231,2012-10-31,4.8,OZ,2,4.38
451030645,165,18,1850,107203676,7953,2012-11-21,3,CT,1,2.99
451034372,241,36,3628,101200010,12029,2012-06-29,67.6,OZ,2,3.98
