101715656,18,3,311,101600010,1756,2012-12-20,12,OZ,1,1
101715970,18,13,1302,102113020,15704,2012-04-20,80,OZ,1,4.79
101740992,14,56,5620,102113020,10786,2012-04-10,32,OZ,1,7.99
101761330,20,58,5834,102718222,18969,2012-11-24,17,OZ,1,5.99
101761330,20,9,907,102113020,15704,2013-04-11,22,OZ,1,1.49
101773874,20,56,5617,102100020,9886,2012-09-14,16,OZ,1,3.99
101773874,20,34,3410,107418272,16853,2012-11-24,56,OZ,1,3.99
101794201,18,9,907,102113020,15704,2012-06-16,12,OZ,1,1.39
101794201,18,12,1202,102113020,15704,2013-01-25,14.75,OZ,2,6.78
101794201,18,2,201,101600010,1756,2013-01-25,15.25,OZ,1,1.99
101795263,20,63,6399,1073286979,29065,2012-07-29,9,OZ,1,5.99
101795263,20,99,9908,103338333,33170,2012-10-07,16,OZ,1,1.79
101798677,20,82,8201,102113020,16397,2012-10-31,1,CT,1,6.99
101815285,95,99,9904,102113020,15704,2012-03-05,128,OZ,1,4.69
101815285,95,14,1404,102113020,15704,2012-08-13,12.7,OZ,5,8.34
101820372,18,63,6323,102113020,10786,2012-11-21,64,OZ,-1,-3.29
101821899,18,64,6409,108858686,38095,2013-01-27,0.75,LT,1,17.99
101827329,18,5,517,107989373,5537,2012-04-04,10.4,OZ,2,3.49
101827329,18,8,810,105210050,11382,2012-05-11,0.87,OZ,1,1.29
101889453,17,96,9609,1053700050,88199,2012-10-17,0,,1,0
101889453,17,54,5402,102113020,30626,2012-11-09,27.5,OZ,1,3.5
101889453,17,3,310,102113020,15704,2013-06-09,2,OZ,1,2.29
101891940,18,55,5556,104154848,5603,2012-05-22,48,OZ,1,5.99
101891940,18,64,6408,108858686,25456,2013-02-22,0.75,LT,1,11.99
101896787,18,99,9909,102113020,15704,2012-06-14,4.5,OZ,1,3.99
101896787,18,26,2630,102113020,15704,2012-10-18,120,CT,3,4.77
101904528,4,5,516,107989373,5537,2013-02-02,7,OZ,2,1.38
101937937,18,99,9904,103338333,33170,2012-11-06,6,OZ,1,4.99
101956109,15,58,5824,107456272,2682,2012-07-18,10,OZ,1,0.99
101956109,15,41,4107,102400020,4704,2013-03-08,8,OZ,2,2.78
101961875,15,99,9908,101833717,26028,2013-02-28,12,OZ,1,3.99
101973349,20,58,5823,107187171,13310,2013-01-23,12,OZ,2,3.78
101973933,14,36,3603,104300040,4371,2012-07-22,384,OZ,1,2.99
101979599,14,9,902,102840020,17248,2012-08-24,6.75,OZ,1,3
101979599,14,9,901,1071860474,12733,2013-02-01,6.88,OZ,1,3.79
101979599,14,33,3305,101583919,7001,2013-05-03,16,OZ,1,3.2
102010058,4,9,917,107373171,11786,2012-06-11,27.5,OZ,1,2.19
102010058,4,5,501,101600010,3331,2012-06-13,21.6,OZ,1,5.49
102010058,4,63,6316,107342070,4529,2012-10-25,16,OZ,1,2.59
102010058,4,32,3203,106414464,13474,2013-03-15,6,OZ,1,1.99
102014805,88,8,826,107788575,18011,2012-07-02,5,OZ,1,0.89
102016613,4,30,3010,102066222,12598,2012-12-23,16,OZ,1,4.69
102024643,17,36,3612,102113020,15704,2012-06-29,128,OZ,2,1.98
102024643,17,36,3612,107514070,4369,2012-07-17,128,OZ,2,2
102024643,17,51,5129,103620030,1698,2012-09-24,24,OZ,4,23.96
102024643,17,56,5620,102113020,10786,2012-10-23,8,OZ,1,1.67
102058116,3,25,2509,102113020,10786,2012-08-21,64,OZ,1,3.99
102058116,3,58,5814,104470040,10837,2013-01-23,9.1,OZ,3,9
102073974,4,29,2906,102113020,15704,2012-11-02,8,OZ,1,1.29
102080963,18,57,5704,107047070,20230,2012-07-17,6,OZ,4,2.6
102080963,18,36,3612,102113020,15704,2012-07-22,128,OZ,4,3.56
102080963,18,8,814,107210171,10069,2013-02-22,16,OZ,1,2
102106651,15,5,501,102113020,15704,2012-07-19,12.25,OZ,1,3.19
102106651,15,9,908,102113020,15704,2012-11-10,10.5,OZ,1,3.49
102106651,15,25,2509,102113020,10786,2013-03-23,16,OZ,1,1.59
102107338,15,99,9908,102113020,15704,2012-04-11,80,OZ,1,3.49
102109243,18,4,418,104000040,16765,2012-10-31,22.55,OZ,1,6.79
102109243,18,71,7114,1030815131,3609,2012-12-05,8,OZ,1,2.99
102118638,3,6,605,107146474,2142,2013-04-16,15.2,OZ,1,2.5
102122919,15,25,2506,102113020,10786,2012-05-18,16,OZ,1,2.19
102122919,15,51,5134,107008575,1262,2012-07-03,31.1,OZ,1,9.99
102122919,15,63,6315,107989373,30626,2012-12-31,128,OZ,1,3.79
102135949,15,63,6311,104850040,5072,2012-09-06,59,OZ,1,3.79
102163145,15,58,5827,102113020,30626,2013-02-23,12,OZ,2,5.98
102176039,95,57,5710,1089470080,21065,2012-09-14,5.3,OZ,1,1.29
102200621,88,30,3001,104800141,1707,2013-04-18,9,OZ,1,3.49
102226441,17,9,922,1077482676,94010,2012-05-02,10.5,OZ,1,3.99
102226441,17,97,9753,10000,0,2012-12-04,1,CT,1,2.61
102228632,15,99,9904,103338333,33170,2012-07-05,32,OZ,1,3.99
102228632,15,5,501,102190828,3073,2012-11-28,12.5,OZ,1,4.99
102235160,88,9,902,102410020,44209,2012-11-28,11.7,OZ,1,2.5
102241049,14,63,6311,108259282,12297,2012-08-14,15.2,OZ,1,2.99
102241049,14,55,5561,102113020,15704,2012-12-14,16,OZ,1,2.99
102255429,95,37,3711,102113020,16397,2013-01-04,24,OZ,1,4.49
102260381,18,42,4220,102113020,15704,2012-11-22,16,OZ,1,1.25
102260381,18,63,6305,104850040,18799,2013-01-20,59,OZ,1,3.99
102260381,18,63,6320,1071514171,25530,2013-03-10,12,CT,1,2.89
102261025,14,33,3310,101566515,22310,2012-11-15,4,OZ,2,6.58
102261025,14,33,3307,102900020,14112,2013-04-17,10.25,OZ,1,6.99
102268011,3,51,5115,107192171,18492,2012-07-15,22.1,OZ,3,10
102268011,3,63,6315,102113020,30626,2013-01-20,128,OZ,3,8.55
102282269,15,10,1010,103400030,8247,2012-07-01,15,OZ,1,3.59
102282269,15,25,2506,105000050,32115,2013-06-10,32,OZ,1,6
102285970,20,9,917,107373171,11786,2012-03-07,16,OZ,1,1.99
102285970,20,63,6316,102113020,10786,2012-04-17,16,OZ,1,1.69
102300802,15,63,6315,107989373,30626,2013-05-04,128,OZ,2,5.78
102321571,15,58,5824,104262949,12592,2013-06-09,32,OZ,1,8.49
102322170,15,9,907,1083149080,103459,2012-03-05,24,OZ,1,4.49
102322170,15,26,2628,104200040,2308,2012-08-13,6,RL,1,6.99
102322170,15,33,3307,102900020,14112,2013-03-25,16,OZ,1,3.49
102322170,15,57,5710,1075854373,19530,2013-05-27,8,OZ,6,13.14
102333721,17,56,5604,107015777,18691,2012-03-11,5,OZ,1,3.99
102333721,17,9,917,107373171,11786,2012-05-27,23,OZ,1,3.79
102333721,17,99,9909,107127979,6732,2012-08-05,7,OZ,1,2.5
102333721,17,3,303,107089676,19921,2012-10-05,3.5,OZ,1,2.79
102333721,17,3,305,103320030,875,2012-10-07,16,OZ,2,2.18
102333721,17,30,3007,107184070,11154,2013-04-28,11.5,OZ,1,3.99
102365839,15,63,6308,102500020,16483,2013-04-26,59,OZ,2,6.98
102379755,15,99,9909,107127979,6732,2012-09-10,12,OZ,1,3.69
102379755,15,99,9909,107127979,6732,2012-10-24,12,OZ,1,3.69
102395405,15,63,6328,102113020,16397,2013-05-06,14,OZ,1,3.49
102399453,17,21,2108,102113020,15704,2012-10-28,64,OZ,2,3.06
102399901,95,58,5828,107790070,9200,2012-06-13,9.6,OZ,1,5.19
102401567,18,33,3307,102113020,15704,2013-05-13,16,OZ,1,2.99
102419304,88,56,5619,102540020,8353,2012-05-23,8,OZ,1,5.99
102461587,20,99,9908,102113020,15704,2013-02-11,80,OZ,1,1.49
102473691,18,63,6315,102113020,10786,2012-05-02,32,OZ,1,1.39
102473691,18,14,1410,103900030,10383,2012-11-18,15,OZ,3,4.92
102476636,15,99,9909,107127979,6732,2013-03-07,9,OZ,2,5.98
102479095,17,21,2118,108079383,6926,2012-10-12,16.9,OZ,10,10
102479095,17,9,907,107101070,15998,2012-11-13,20,OZ,1,2.99
102479095,17,23,2301,102113020,15704,2012-11-30,32,OZ,4,7.96
102488572,95,4,416,103400030,22071,2013-03-17,1.75,OZ,1,0.59
102510206,17,96,9609,1057279959,88199,2012-11-30,0,,1,-1
102510206,17,18,1829,1085032888,51716,2013-02-28,1,CT,1,1.2
102515188,14,58,5827,102113020,15704,2012-09-01,16,OZ,2,9.98
102531141,18,18,1828,102113020,28432,2012-12-01,0.56,OZ,1,1.49
102550810,17,57,5710,1089470080,21065,2012-08-11,5.3,OZ,6,7.74
102554249,20,58,5823,104470040,13310,2012-10-05,16,OZ,1,4.69
102554316,14,63,6315,102113020,10786,2012-06-13,128,OZ,1,2.99
102580792,18,19,1905,105150050,16728,2012-08-12,32,OZ,1,4.69
102584762,18,63,6305,101630010,6509,2013-04-12,59,OZ,1,3.99
102587440,88,56,5611,101700313,9507,2012-08-05,8,OZ,1,3.99
102587549,20,51,5125,101380010,10271,2012-05-03,9.13,OZ,2,4.58
102589838,95,99,9909,107127979,6732,2012-10-10,12,OZ,1,0.88
102591687,15,26,2614,1030800434,2964,2012-07-01,20,CT,2,1.98
102599996,88,36,3601,102113020,15704,2012-12-19,67.6,OZ,3,2.07
102602473,88,63,6315,102113020,10786,2012-03-30,32,OZ,1,1.69
102622343,18,73,7344,1030014939,80272,2012-09-06,30,CT,1,3.69
102622586,3,20,2002,105100050,27873,2012-04-15,46,OZ,1,-7.1
102625414,14,45,4514,102113020,15704,2012-03-09,64,OZ,2,23.98
102634100,88,58,5813,102113020,30626,2012-05-11,12,OZ,3,5.37
102653642,4,21,2108,101480010,12021,2013-02-02,64,OZ,2,6.98
102677484,18,63,6315,102113020,10786,2013-03-12,64,OZ,1,2.29
102691699,17,55,5556,104154848,5603,2012-07-31,48,OZ,1,3
102700707,14,33,3305,102840020,5141,2013-02-10,11.5,OZ,1,2.79
102714946,15,5,519,102113020,15704,2012-05-12,11.85,OZ,1,3.3
102721111,4,56,5607,102100020,13967,2013-04-09,8,OZ,1,3.29
102730854,14,55,5552,107189979,2010,2012-09-04,64,OZ,1,3.99
102735008,95,51,5126,102113121,11151,2012-06-13,13,OZ,2,5
102735008,95,5,501,103800030,17050,2012-07-13,12.5,OZ,1,2.5
102735008,95,55,5552,102113020,10786,2012-11-16,64,OZ,2,7.98
102740282,15,51,5125,107989373,5537,2012-05-16,9,OZ,3,5.39
102753312,88,21,2105,105200050,7054,2012-07-09,32,OZ,1,0.79
102767850,15,9,907,102113020,15704,2013-02-07,22,OZ,1,2.49
102775726,3,49,4901,101312010,26885,2013-02-06,24,OZ,2,7
102778941,4,51,5125,101380010,10271,2012-03-18,10,OZ,2,5
102780068,4,2,213,107248676,9190,2013-02-24,51,OZ,1,4.79
102786947,15,33,3314,103000030,14760,2013-04-06,5.5,OZ,1,2.79
102788589,18,4,418,103400030,2689,2012-03-09,10,OZ,1,4.5
102788589,18,58,5824,104450040,8318,2012-12-30,14,OZ,1,5.49
102788589,18,33,3314,103000030,14760,2013-05-11,5.5,OZ,2,5.58
102789764,18,31,3101,104498949,5644,2012-06-28,1,OZ,3,3.87
102789764,18,26,2608,102113020,15704,2013-03-10,24,CT,1,0.99
102793000,4,57,5704,104667545,20216,2012-10-12,16,OZ,1,2.49
102793000,4,33,3305,102840020,18584,2012-12-19,13,OZ,1,3.5
102793902,20,63,6315,102113020,10786,2012-08-09,128,OZ,1,3.19
102793902,20,63,6325,102113020,16397,2012-08-30,28,OZ,2,13.98
102795430,18,59,5907,101111515,8760,2012-11-04,16,OZ,4,3.96
102795430,18,25,2506,104127141,26189,2013-02-17,32,OZ,3,9
102800722,4,57,5706,107527070,12031,2013-05-23,32,OZ,1,2.69
102803307,20,51,5131,104227242,648,2012-04-02,8,OZ,1,4.49
102810637,15,33,3303,102840020,10241,2012-04-19,10,OZ,2,6.28
102816441,14,58,5823,107597171,15878,2013-03-16,10,OZ,1,5.99
102817746,14,25,2507,1074236575,8499,2012-04-29,48,OZ,1,6.99
102817746,14,59,5902,103450030,10165,2012-09-18,16,OZ,1,4.19
102823372,18,96,9609,1052310050,88199,2012-12-04,0,,1,-0.5
102828337,20,53,5307,102000020,7655,2012-08-29,11.8,OZ,1,2.5
102830216,15,5,501,103800030,11732,2012-04-04,18,OZ,1,4.49
102830216,15,9,970,103800030,62065,2012-07-03,22,OZ,1,2.5
102830885,18,29,2914,102100020,9886,2012-10-11,43.5,OZ,1,4.99
102836388,3,9,907,107341070,2437,2012-06-12,24,OZ,1,2.5
102837856,4,14,1417,103890030,5072,2012-11-01,23.5,OZ,1,3.79
102837856,4,5,501,103000030,99506,2013-01-19,14.5,OZ,2,5.67
102837856,4,99,9909,107127979,6732,2013-02-20,11,OZ,2,2.29
102840646,4,54,5403,107592575,4368,2012-08-23,8.6,OZ,1,2.69
102840646,4,27,2702,101780010,14717,2012-11-09,15,LB,1,10.99
102840646,4,96,9609,1057321050,88199,2012-12-21,0,,2,-2
102849090,15,9,902,104400040,8463,2013-02-03,14.4,OZ,1,4.29
102849090,15,9,907,107313070,13291,2013-02-04,24,OZ,1,2.99
102850487,14,56,5610,102100020,9886,2012-08-18,8,OZ,1,3.99
102855143,18,22,2201,104460040,3718,2012-12-28,82,OZ,1,2.29
102855143,18,9,906,103915636,100216,2013-04-26,10,OZ,1,1.79
102858379,18,63,6315,102113020,10786,2012-12-30,128,OZ,1,2.99
102858379,18,18,1802,101780111,51733,2013-01-11,1,CT,2,14.98
102858379,18,4,421,1064021565,16271,2013-03-13,1.58,OZ,1,1.79
102858379,18,63,6315,102640020,4584,2013-06-02,64,OZ,1,2.49
102858560,14,9,907,107225070,12465,2012-05-27,15,OZ,1,2.99
102864810,15,37,3711,102113020,16397,2012-07-16,15,OZ,1,-1.5
102864810,15,9,907,107313070,13291,2013-03-03,24,OZ,1,4.99
102869438,15,67,6705,107830070,14142,2012-08-04,1,CT,1,3.99
102869438,15,41,4107,102113020,15704,2012-09-23,14.5,OZ,2,1.98
102869438,15,29,2920,102970020,8711,2012-10-21,4.1,OZ,2,2.58
102869438,15,45,4516,102113020,15704,2012-11-12,24,OZ,1,4.69
102869438,15,36,3634,1078616272,7237,2012-12-29,23.7,OZ,1,1
102872274,95,99,9908,1060580666,7655,2013-04-14,16,OZ,1,2.99
102888096,15,6,610,1081809484,15414,2012-05-10,16,OZ,1,2.29
102888096,15,26,2622,102113020,15704,2012-05-17,20,CT,1,2.59
102888096,15,37,3707,107989373,12908,2013-01-01,32,OZ,1,2.35
102888096,15,58,5827,107989373,29344,2013-01-23,12,OZ,2,9.98
102888096,15,78,7802,107001171,12696,2013-02-12,3,CT,1,4.99
102888096,15,97,9753,1023869121,0,2013-03-08,1,CT,2,7.54
102888096,15,63,6316,107342070,4529,2013-05-30,8,OZ,1,1.55
102888096,15,58,5827,107989373,29344,2013-05-31,12,OZ,1,4.99
102891523,4,33,3307,102113020,15704,2013-02-22,31,OZ,1,5
102895493,18,33,3316,101600010,3397,2012-04-18,8.75,OZ,1,2.2
102895493,18,9,904,102113020,15704,2012-12-03,5,OZ,1,1.69
102900927,17,99,9909,102113020,15704,2012-06-10,7.25,OZ,1,3.99
102900927,17,63,6315,102113020,10786,2012-08-11,128,OZ,1,3.79
102912484,15,37,3707,105100050,17812,2012-11-17,32,OZ,1,3.49
102915870,15,45,4511,107527878,6625,2012-05-31,33.6,OZ,1,5.99
102918075,15,55,5558,104154848,5603,2012-06-14,5.8,OZ,1,0.99
102918075,15,36,3604,107297979,16095,2012-07-07,67.6,OZ,1,1.99
102925750,15,9,907,102113020,15704,2012-06-13,22,OZ,4,7.49
102931806,17,99,9904,1071575676,5278,2012-03-14,16,OZ,2,9.98
102931806,17,9,907,107518575,11221,2012-09-08,15,OZ,2,6.98
102939371,4,5,501,101600010,3331,2012-10-28,14,OZ,2,5.3
102945158,15,55,5555,107684070,32094,2012-05-02,16,OZ,1,1.51
102961021,4,31,3101,105210050,11382,2012-08-04,3.4,OZ,3,6.98
102961021,4,54,5401,108994787,19234,2012-12-27,8,OZ,1,4.35
102961021,4,33,3311,102840020,27521,2013-03-09,20,OZ,1,5
102961088,18,70,7002,1032113030,15704,2012-07-31,10,CT,1,1.69
102961088,18,51,5127,103100030,1358,2012-10-14,9,OZ,1,1
102973979,4,16,1604,102200020,6021,2012-04-28,15,CT,2,2.78
102986134,88,8,816,1061611262,23016,2012-09-08,10,OZ,1,2
102986134,88,37,3710,103620030,1698,2013-02-17,24,OZ,1,5
102986134,88,9,907,102113020,15704,2013-02-23,16,OZ,1,2
102986134,88,63,6315,107989373,30626,2013-05-18,128,OZ,1,1.79
102987840,17,9,922,102560020,18051,2013-02-04,12.75,OZ,1,2.5
102987840,17,21,2105,105200050,7054,2013-04-14,32,OZ,1,-1.39
102988091,18,9,902,104400040,18775,2012-11-15,7.6,OZ,1,3.99
102990034,17,58,5824,104450040,8318,2012-06-22,42,OZ,2,10
102992595,17,43,4302,102113020,10786,2012-03-25,14,OZ,1,4.99
102992595,17,21,2113,101480010,12021,2012-05-29,64,OZ,1,3.99
102992595,17,4,416,101070010,56124,2012-06-05,1.85,OZ,3,3.57
103005136,15,9,908,102430020,10577,2013-05-22,10,OZ,1,1.99
103005408,17,58,5824,107778272,9260,2013-06-08,12,OZ,1,2.49
103007387,3,33,3304,102840020,6777,2013-02-23,10.5,OZ,2,3.49
103014241,15,79,7901,107148676,44826,2012-05-15,1,CT,1,6.95
103018836,15,51,5121,104369545,10274,2013-01-05,9,OZ,4,9.4
103018836,15,51,5115,107218070,15035,2013-04-13,11.5,OZ,1,2.8
103019549,95,99,9909,107127979,6732,2012-12-05,12,OZ,1,1
103024818,4,19,1906,105150050,16728,2012-07-03,15.5,OZ,1,4.19
103024818,4,37,3708,107989373,5537,2013-02-10,1.8,OZ,2,2
103024818,4,11,1112,102898929,26666,2013-03-08,8.5,OZ,1,3.5
103032136,14,9,907,107341070,13291,2012-12-17,18,OZ,1,3.49
103032136,14,63,6305,102500020,16489,2013-05-31,59,OZ,1,3
103032136,14,9,907,102113020,15704,2013-06-07,11,OZ,1,1.25
103032915,15,51,5116,107192171,25673,2012-03-06,26.4,OZ,2,12.98
103032915,15,4,418,103400030,15113,2012-03-14,10,OZ,1,4
103032915,15,56,5620,102100020,9886,2012-10-27,8,OZ,1,3.99
103036903,17,56,5617,102100020,9886,2013-01-12,10.7,OZ,1,2.99
103037388,3,63,6328,107590070,2073,2013-02-07,24,OZ,1,0
103039211,17,56,5604,102113020,4720,2012-07-03,4,OZ,1,2.99
103042254,14,64,6409,1072631979,2799,2012-10-28,0.75,LT,1,17.99
103043671,17,63,6317,104157040,2017,2012-12-11,64,OZ,1,3.79
103043671,17,25,2508,102113020,10786,2013-01-29,64,OZ,1,3.29
103043671,17,63,6315,102113020,10786,2013-02-18,64,OZ,1,2.59
103055036,15,63,6315,107989373,30626,2012-06-23,128,OZ,1,3.49
103055436,15,56,5617,102100020,9886,2013-03-28,12,OZ,2,5.98
103068518,14,22,2211,103700030,2246,2013-03-17,80,CT,1,4.99
103068790,3,22,2207,104650040,16355,2012-04-14,2.4,OZ,1,4.99
103068790,3,36,3612,108304686,8688,2013-03-19,128,OZ,4,4
103070447,4,38,3801,101580010,2649,2012-03-31,4,LB,1,2.99
103070447,4,4,418,103400030,8247,2012-07-26,9.3,OZ,1,3.5
103070447,4,99,9908,103338333,33170,2012-11-21,160,OZ,1,3.49
103071558,20,63,6320,1071514171,25530,2013-03-01,12,CT,1,2.69
103090481,95,63,6315,102113020,10786,2012-05-02,64,OZ,1,1.89
103090481,95,70,7002,1032113030,15704,2012-07-03,10,CT,1,3.29
103090565,4,58,5827,104470040,13310,2013-01-07,16,OZ,1,4.99
103098133,95,96,9609,1053700050,88199,2012-10-25,0,,1,0
103098133,95,9,902,102113020,15704,2013-03-03,9,OZ,3,6.57
103100650,95,99,9909,102113020,15704,2012-04-01,7,OZ,1,1.99
103101618,18,54,5403,101800010,14029,2013-01-20,7.4,OZ,1,-1.72
103105001,15,56,5614,102113020,10786,2012-04-20,13.3,OZ,1,2.79
103105001,15,63,6315,102113020,10786,2013-03-08,64,OZ,2,5.38
103110242,15,27,2707,1082927484,11516,2013-01-06,17.6,LB,1,10.29
103115404,18,30,3008,107110070,8280,2013-01-10,16,OZ,1,3.19
103116748,17,11,1112,102898929,26666,2013-01-18,9.5,OZ,1,3.5
103118966,17,63,6320,102113020,10786,2012-03-06,18,CT,1,3.79
103118966,17,3,307,1076172070,854,2012-11-19,16,OZ,1,1.49
103119145,15,40,4004,104100040,10522,2013-01-01,8,OZ,1,4.29
103120283,18,30,3002,104800141,1707,2012-03-22,16.5,OZ,1,3.79
103120283,18,33,3350,107317070,13069,2012-11-17,8,OZ,1,4.99
103120283,18,99,9901,107989373,12908,2013-02-23,4,OZ,1,3.99
103121713,15,10,1004,104300040,26232,2012-04-03,3.4,OZ,1,0.7
103121713,15,33,3303,102840020,10241,2013-06-26,9.5,OZ,1,0
103122875,18,5,501,101600010,3331,2012-07-15,12.8,OZ,1,3.5
103122875,18,36,3626,102113020,15704,2013-03-29,67.6,OZ,4,4.36
103128329,15,36,3601,104900040,3809,2013-01-20,67.6,OZ,1,1.99
103130069,20,9,917,101569616,18573,2012-10-15,24,OZ,1,1.59
103130069,20,36,3628,101200010,12029,2013-01-31,20,OZ,1,1.69
103133367,3,9,907,102412626,2636,2013-01-19,12,OZ,1,1.59
103133367,3,27,2704,102310020,13705,2013-02-17,15.87,OZ,1,8.99
103139881,15,6,610,107084777,11910,2013-02-11,16,OZ,1,1.67
103145245,88,24,2403,102113020,15704,2013-03-17,4.5,OZ,1,1.89
103145245,88,5,501,103800030,14900,2013-05-19,18.2,OZ,1,2.99
103147121,15,36,3626,107800070,16223,2013-05-24,67.6,OZ,1,-3.01
103149842,17,21,2113,107085979,7912,2012-11-17,16.92,OZ,1,1.19
103152383,14,41,4121,102113020,15704,2012-08-22,8,OZ,2,0.78
103157696,3,51,5125,101380010,10271,2013-02-24,9,OZ,1,2.5
103158552,17,99,9904,1071575676,5278,2012-03-25,6,OZ,1,4.99
103158552,17,26,2622,102570020,20361,2012-06-03,120,CT,1,3.79
103158552,17,29,2905,103620030,14868,2012-08-26,14,OZ,2,3.98
103161690,18,33,3321,102113020,15704,2013-05-29,13,OZ,2,3
103168884,17,99,9904,1071575676,5278,2012-05-14,6,OZ,4,12
103178304,88,45,4511,103100030,1358,2013-03-17,26.5,OZ,1,3.59
103182729,17,26,2628,103040030,17034,2012-11-17,1,RL,1,1.99
103182729,17,95,9518,1061029060,7848,2012-11-29,1,CT,1,1.99
103192549,15,63,6311,101405414,12973,2012-07-21,64,OZ,1,7.99
103192549,15,79,7901,107902575,45283,2012-08-20,1,CT,1,5.99
103192549,15,73,7307,1032113030,15704,2012-12-06,20,CT,1,5.29
103199261,15,51,5116,107192171,25673,2013-02-04,30.5,OZ,1,3.88
103209315,15,5,520,103000030,14760,2012-08-25,42,OZ,1,5.49
103212660,18,19,1908,105150050,9189,2013-03-10,12,OZ,1,2.99
103218800,18,7,706,101200010,17286,2012-08-31,15,OZ,2,5.58
103218800,18,32,3201,105150050,4307,2012-12-22,20,OZ,1,5.09
103224703,95,72,7205,103500030,3830,2012-10-20,6,OZ,1,2.49
103224703,95,51,5132,102113020,15704,2013-02-10,12,OZ,1,3.99
103225729,17,9,902,102410020,44209,2013-01-07,4.62,OZ,1,3.49
103227194,18,15,1504,104114343,17593,2012-12-23,10,OZ,1,-0.13
103234832,18,22,2207,1075703777,13386,2012-11-14,21.5,OZ,1,3.99
103234832,18,64,6408,108088787,25263,2013-01-28,0.75,LT,1,9.99
103238569,4,56,5604,107027777,1008,2012-09-28,5,OZ,1,3.99
103247295,17,0,0,10000,0,2012-05-11,0,,1,20
103255793,20,31,3111,1078735979,6734,2013-07-16,3.5,OZ,1,3
103259590,17,63,6330,102113020,10786,2012-04-01,16,OZ,1,3.29
103259590,17,34,3402,1030813737,32322,2012-06-14,6.5,OZ,1,4.71
103264143,88,63,6305,102500020,11749,2013-03-12,89,OZ,1,4.49
103270927,14,79,7903,108995585,27735,2012-08-01,1,CT,1,3.99
103278563,18,99,9904,103338333,33170,2013-03-16,32,OZ,1,5.99
103288646,15,51,5117,107989373,29344,2012-03-24,13.2,OZ,2,9.98
103288646,15,7,708,1078535777,24311,2013-01-03,12,OZ,1,8.99
103288646,15,59,5910,103377636,16650,2013-02-08,15,OZ,1,4.29
103307819,15,64,6401,108382080,15073,2013-06-15,67.2,OZ,1,6.99
103308211,15,8,803,102113020,15704,2012-04-08,12,OZ,1,1.29
103308211,15,99,9909,107127979,6732,2012-08-26,9,OZ,4,4
103308211,15,63,6399,102301222,27492,2013-04-16,8.25,OZ,1,4.99
103309444,18,29,2928,105480050,19039,2012-05-27,6,OZ,2,4.58
103309444,18,23,2301,104732545,7401,2013-03-09,16,OZ,1,1.59
103312863,4,51,5125,101380010,10271,2013-02-27,10.88,OZ,1,2.99
103315936,4,64,6408,108158484,39787,2012-10-10,0.75,LT,1,4.4
103319818,14,99,9909,102113020,15704,2012-08-04,9,OZ,1,3.29
103321554,4,41,4105,102113020,15704,2013-01-05,14.5,OZ,2,1.58
103339467,14,41,4107,102000020,7655,2012-03-26,11,OZ,1,1.69
103339467,14,8,835,102150020,10238,2012-04-01,12,OZ,1,3.19
103339467,14,59,5902,103450030,10165,2012-10-27,8,OZ,1,2.29
103342779,18,16,1604,102200020,20100,2012-06-06,15,CT,1,1.59
103346710,3,9,902,108634181,27627,2013-05-28,8,OZ,1,0
103347713,18,13,1306,102113020,15704,2012-07-29,5,LB,1,2.79
103347713,18,36,3626,107800070,16223,2012-10-14,67.6,OZ,2,1.98
103359707,20,58,5823,102113020,22356,2012-09-24,16,OZ,1,6.99
103360508,18,36,3632,107800070,17635,2013-01-06,12,OZ,1,0.25
103361125,4,41,4105,102400020,3988,2012-12-22,28,OZ,2,5.18
103361125,4,41,4121,102700020,8612,2012-12-22,29,OZ,4,10.76
103370612,14,39,3903,102113020,15704,2012-10-19,12.5,OZ,1,7.99
103379301,18,4,418,102800020,1214,2012-09-05,12.5,OZ,1,3
103383526,18,5,516,102113020,15704,2012-03-22,8.9,OZ,2,4.19
103383526,18,58,5823,104470040,13310,2012-12-16,20,OZ,1,5
103383526,18,45,4514,102113020,15704,2013-05-20,64,OZ,1,9.96
103394300,14,30,3008,107110070,8280,2012-11-20,20,OZ,1,5.29
103417048,15,64,6406,101834111,1387,2012-03-17,0.75,LT,2,17.98
103417048,15,32,3204,107321070,17274,2012-07-08,44,OZ,1,13.8
103417526,18,41,4108,103940030,71386,2012-03-02,16,OZ,2,3.38
103417526,18,4,421,107172070,18529,2012-12-07,7.5,OZ,2,3
103419700,14,33,3319,102840020,10241,2013-02-23,6.5,OZ,1,3.99
103422674,18,33,3319,102840020,15598,2012-05-08,8.5,OZ,1,3.29
103422674,18,29,2928,101530010,58299,2012-08-30,6.9,OZ,1,1
103422674,18,63,6314,102113020,10786,2012-10-06,8,OZ,1,1.19
103429165,18,55,5558,102113020,15704,2012-06-27,6,OZ,1,0.99
103429165,18,37,3707,105260353,13414,2013-03-23,32,OZ,3,9
103430075,15,9,902,102113020,15704,2012-07-10,15.1,OZ,1,1.79
103440262,4,36,3604,107800070,2829,2013-05-04,60,OZ,1,3.8
103441759,15,64,6401,107199070,2034,2012-06-03,144,OZ,1,15.99
103443835,95,65,6501,104400040,13243,2012-11-16,6,OZ,1,3.1
103451692,17,29,2928,107142979,20299,2012-07-14,8,OZ,4,9.96
103461095,15,63,6323,102113020,10786,2012-11-07,64,OZ,1,3.89
103461095,15,63,6315,107989373,30626,2013-03-27,128,OZ,2,7.58
103461095,15,9,970,103800030,62065,2013-04-25,14.7,OZ,1,2
103461098,4,20,2002,105100050,27873,2012-08-05,48,OZ,1,4.99
103461098,4,9,902,104400040,15335,2013-02-10,14.2,OZ,1,2.5
103463693,14,32,3203,106414464,13474,2012-03-11,6,OZ,1,2.96
103463693,14,99,9909,102113020,15704,2012-08-20,8.75,OZ,1,3.49
103468010,15,9,907,1060654161,11719,2012-03-16,24,OZ,2,-5.78
103468010,15,23,2301,107173070,12706,2012-10-08,8,OZ,1,2.19
103468010,15,23,2301,107680878,1393,2013-02-04,16,OZ,1,1.79
103473095,17,33,3315,104400040,16738,2012-04-27,4.68,OZ,1,3.59
103476165,15,72,7205,103320030,875,2012-11-15,6,OZ,1,3.99
103476532,4,56,5614,102113020,10786,2013-03-25,36,OZ,1,8.99
103489564,15,9,902,104400040,18775,2012-07-26,9,OZ,1,3.5
103490413,88,51,5126,101380010,27474,2012-07-15,11,OZ,1,3.49
103493222,15,99,9909,102113020,15704,2012-10-21,5.75,OZ,1,3.99
103502921,18,0,0,10000,0,2012-11-29,0,,0,0
103502921,18,64,6408,108858686,24973,2013-03-03,0.75,LT,1,9.99
103502990,4,97,9753,1022401222,0,2012-07-16,1,CT,1,3.19
103502990,4,37,3706,104119646,14582,2012-10-20,19,OZ,1,2.59
103509470,20,92,9212,1030099737,15219,2012-03-23,0.01,OZ,1,3.99
103509470,20,34,3410,101700010,4912,2012-04-24,9.38,OZ,1,0.99
103509470,20,5,501,103800030,17050,2012-05-04,12.5,OZ,1,-5.01
103509470,20,99,9909,107127979,6732,2012-09-19,9.8,OZ,2,5.98
103512931,18,21,2109,104180040,19713,2013-02-17,46,OZ,1,4.29
103513699,95,51,5125,101380010,10271,2012-04-02,10,OZ,3,6.87
103513699,95,26,2614,103700030,514,2012-06-10,44,CT,1,8.99
103513699,95,58,5825,108463282,8941,2012-10-24,16,OZ,2,10.98
103513699,95,63,6312,1085331181,60177,2012-12-31,15.2,OZ,1,2.99
103525729,17,36,3618,101200010,23361,2013-02-12,67.6,OZ,1,1.34
103533708,18,55,5555,107457070,26051,2013-06-08,28,OZ,1,5.99
103538850,88,37,3703,105100050,2820,2012-09-21,10.75,OZ,1,1
103541676,20,22,2201,104460040,3718,2012-06-26,96,OZ,1,2.49
103541676,20,36,3601,104900040,3809,2013-07-10,144,OZ,3,12.98
103550760,18,57,5705,107047070,20230,2012-06-17,48,OZ,1,4.49
103560288,15,51,5123,102113020,15704,2012-07-29,40,OZ,1,6.99
103560288,15,21,2108,104124444,11218,2012-08-03,25.4,OZ,1,3.29
103561961,17,33,3314,103000030,14760,2012-04-30,3.52,OZ,1,1.25
103563607,15,58,5824,101590010,1366,2012-04-13,40,OZ,2,7.99
103563607,15,96,9609,1051600050,88199,2012-10-02,0,,1,-1
103563607,15,31,3101,105210050,11382,2012-11-05,1.1,OZ,1,4.99
103566845,95,27,2706,102113020,15704,2012-12-07,3,OZ,4,2.24
103568297,18,99,9909,107127979,6732,2012-09-21,5,OZ,2,5.98
103573386,17,53,5307,102113020,15704,2012-09-05,16,OZ,1,2
103578365,18,99,9904,103260131,5489,2012-10-28,16,OZ,1,3.99
103580546,95,4,418,104000040,16765,2013-01-15,11.5,OZ,1,3.5
103580546,95,63,6323,102113020,10786,2013-03-17,64,OZ,1,2.49
103582976,18,36,3611,101200010,803,2012-05-15,33.8,OZ,1,1.79
103582976,18,51,5115,107218070,15035,2012-11-09,11.5,OZ,1,2.5
103583401,3,9,907,102113020,15704,2012-11-28,20,OZ,1,2.99
103583401,3,33,3304,102840020,6777,2012-12-08,10.5,OZ,1,3.49
103584228,14,51,5131,104227242,648,2012-08-10,9,OZ,1,3.99
103584228,14,99,9909,107127979,6732,2013-02-08,12,OZ,2,6.58
103588109,18,33,3303,101159414,18404,2012-06-14,8,OZ,1,3.39
103588109,18,12,1206,108660080,2559,2012-10-16,5,OZ,2,3.68
103588109,18,91,9109,108800484,14121,2012-11-02,1.75,LT,1,16.99
103588109,18,97,9753,1023942525,0,2012-11-09,1,CT,1,3.84
103588109,18,36,3618,101200010,23361,2012-11-09,96,OZ,1,4
103588109,18,33,3303,102840020,15598,2013-04-25,2.88,OZ,1,1.49
103589374,15,37,3711,102113020,16397,2012-12-29,24,OZ,2,5
103596335,3,51,5133,102113020,15704,2013-02-09,20,OZ,1,3.99
103607265,3,17,1721,104159848,19708,2012-05-08,30,CT,1,4.99
103607265,3,99,9909,107989373,12908,2012-10-30,16,OZ,1,5.99
103607265,3,58,5823,107597171,15878,2012-11-30,10,OZ,1,4.99
103607265,3,3,304,102113020,15704,2013-03-05,2,OZ,1,5.99
103612400,15,19,1906,105150050,16728,2012-08-03,12.75,OZ,2,8.38
103623524,15,9,901,104400040,13243,2012-10-31,11.3,OZ,1,2.79
103625482,95,26,2614,103700030,514,2012-06-06,18,CT,1,3.79
103625482,95,63,6320,107989373,12908,2012-08-08,12,CT,1,4.59
103625482,95,59,5907,102740020,16291,2013-01-03,15,OZ,1,2
103627501,20,30,3010,102066222,12598,2013-01-23,16,OZ,1,4.39
103627551,88,55,5552,102113020,15704,2012-04-11,48,OZ,2,7.98
103643287,95,29,2908,102113020,15704,2013-01-02,31,OZ,2,3.58
103646762,3,4,418,103400030,45489,2012-04-11,10,OZ,1,2.49
103651676,15,21,2119,1065762262,26129,2012-09-05,16.9,OZ,9,9
103651676,15,97,9771,107169171,15583,2013-04-03,1,CT,4,15.96
103651676,15,18,1890,107116070,14748,2013-04-03,1,CT,2,7.48
103652943,17,21,2119,101200010,10522,2012-07-28,67.6,OZ,1,0.99
103652943,17,29,2925,101740010,11011,2012-09-09,32,OZ,1,2.79
103670382,17,63,6305,102500020,16489,2012-10-06,89,OZ,1,5.99
103670382,17,99,9904,1071575676,5278,2013-06-02,6,OZ,1,2.5
103672286,88,21,2119,101200010,10522,2012-07-29,202.8,OZ,1,4.99
103672286,88,30,3010,102113020,15704,2013-04-03,16,OZ,1,1.79
103672492,4,8,801,101300010,8164,2012-08-23,32,OZ,1,1.59
103672492,4,26,2619,102113020,15704,2013-01-24,45,CT,1,7
103672779,4,0,0,10000,0,2012-12-07,0,,1,3.19
103676341,95,63,6315,107989373,30626,2012-04-24,128,OZ,1,2.59
103688681,14,18,1850,105114151,16044,2013-02-22,3,CT,1,3.99
103704418,17,41,4105,102700020,8612,2012-07-26,14.5,OZ,3,4.47
103704418,17,26,2628,102113020,30626,2013-02-25,1,RL,1,0.79
103712480,15,96,9632,107675070,18637,2012-07-29,1,CT,1,25
103712480,15,97,9799,101501212,7848,2013-03-16,1,CT,3,3
103712480,15,97,9753,103651535,0,2013-05-11,1,CT,1,6.99
103712901,17,73,7302,1032113030,15704,2012-09-30,40,CT,2,10.58
103712901,17,9,902,104400040,18775,2012-10-20,9,OZ,1,3
103712901,17,24,2406,103760030,17027,2013-02-10,12,OZ,1,3.29
103712901,17,37,3703,105100050,2820,2013-02-10,10.75,OZ,10,15.52
103718220,18,51,5122,107527878,6625,2013-03-21,42.72,OZ,1,6.99
103718220,18,5,502,101600010,107416,2013-06-03,4.5,OZ,1,1.99
103718220,18,99,9909,107127979,6732,2013-06-20,9.8,OZ,1,3.29
103754820,95,97,9753,10000,0,2012-05-21,1,CT,1,1.41
103759429,3,97,9753,1076163575,0,2013-01-20,1,CT,2,3
103759429,3,57,5710,107047070,20230,2013-03-24,5.3,OZ,5,6.25
103764003,18,16,1604,102200020,20100,2013-02-23,15,CT,1,1.59
103764003,18,26,2609,102113020,15704,2013-02-26,45,CT,1,3.29
103767193,95,9,920,104400040,15335,2012-06-26,9.5,OZ,2,1.18
103771965,15,64,6401,108378383,16392,2012-11-11,144,OZ,1,15.99
103777850,17,8,810,105210050,11382,2012-04-21,1.25,OZ,1,1.39
103777850,17,29,2914,101600010,1756,2012-09-23,5.6,OZ,2,1.98
103781001,4,97,9753,1022031121,0,2012-12-13,1,CT,1,5.49
103781001,4,9,902,104400040,44236,2013-05-05,7.5,OZ,1,2.5
103792945,95,23,2301,104732545,7401,2012-10-14,16,OZ,1,1.59
103792945,95,2,213,107248676,9190,2013-02-18,8.5,OZ,3,2.37
103813672,18,29,2928,104100040,9814,2012-04-09,5.7,OZ,1,1.11
103818908,4,10,1013,102400020,4704,2013-02-25,16,OZ,2,6.78
103822218,15,31,3111,101411313,23033,2012-12-30,3.5,OZ,1,3.99
103828843,88,41,4107,102400020,4704,2013-03-30,14.5,OZ,3,4.47
103836517,15,2,214,107101272,9680,2012-07-22,15,OZ,1,5.99
103839083,18,23,2301,102113020,15704,2012-07-14,32,OZ,1,2
103843261,18,73,7344,1030076636,18877,2013-03-09,72,CT,1,5.29
103843261,18,10,1010,103400030,8247,2013-03-09,22,OZ,1,2.49
103843619,15,99,9904,107774575,14997,2013-02-22,32,OZ,1,7
103844015,15,58,5812,104057848,11708,2012-06-10,32,OZ,1,10.99
103851286,17,16,1604,102200020,20100,2012-12-06,15,CT,2,3.18
103863090,3,5,517,107989373,5537,2013-03-09,10.4,OZ,1,2
103874280,95,63,6305,101630010,6509,2012-12-25,59,OZ,1,2.99
103875586,17,33,3302,102113020,15704,2013-02-26,9,OZ,1,1.79
103875741,17,57,5710,1068954464,6086,2012-09-18,35.3,OZ,1,6.99
103876742,4,36,3611,101200010,803,2012-07-24,405.6,OZ,2,9.98
103876972,17,9,901,104400040,3453,2012-06-08,13.72,OZ,1,3.59
103876972,17,82,8201,102113020,16397,2012-09-08,8,CT,1,7.99
103877944,17,63,6311,102500020,11749,2012-11-18,59,OZ,1,3.79
103877944,17,26,2630,102113020,15704,2013-03-09,552,CT,1,3.49
103878199,88,64,6401,107199070,4043,2013-03-05,144,OZ,1,13.99
103880935,15,18,1850,105114151,16044,2012-04-14,6,CT,1,5.29
103883532,3,9,907,101410010,13791,2012-08-08,24,OZ,1,2.89
103886967,17,57,5704,103663232,4568,2013-04-07,16,OZ,1,2.99
103889254,4,63,6323,102113020,10786,2012-05-21,16,OZ,1,1.25
103889254,4,8,818,103620030,14868,2012-08-09,24,OZ,1,0
103914665,88,97,9753,1021271424,0,2013-07-20,1,CT,1,4.9
103917535,18,21,2105,105200050,7054,2012-12-05,32,OZ,2,3.09
103919876,88,9,908,104500040,8511,2012-10-18,11.25,OZ,1,2.5
103934799,14,63,6319,104850040,10522,2012-09-14,59,OZ,1,2.5
103934799,14,26,2628,103600030,9787,2012-10-26,6,RL,1,3.95
103934799,14,96,9609,1054175757,88199,2012-10-29,0,,1,-1
103941320,95,99,9904,103338333,33170,2012-09-09,16,OZ,2,4.98
103941632,17,57,5704,102113020,10786,2012-06-12,6,OZ,3,2.97
103943295,3,5,501,101600010,3331,2012-03-05,11.3,OZ,1,4.49
103952257,3,63,6320,102113020,10786,2012-12-10,12,CT,1,2.29
103957639,4,51,5125,107989373,5537,2012-04-09,9.5,OZ,1,2
103957639,4,26,2614,103600030,9878,2013-01-13,16,CT,1,3.5
103960356,4,21,2105,105200050,7054,2012-10-15,32,OZ,10,10.29
103976301,18,26,2609,102113020,15704,2013-03-08,24,CT,1,0.3
103976727,95,25,2506,102113020,10786,2013-01-27,32,OZ,1,2.99
103977533,15,15,1504,104114343,17593,2012-04-11,20,OZ,2,-2.1
103977533,15,63,6309,104850040,18799,2012-08-19,12,OZ,1,1.99
103985246,18,25,2505,102113020,10786,2012-08-19,16,OZ,1,2.19
