763674314,26,21,2119,101111010,9907,2012-11-10,144,OZ,2,5
763676292,89,8,838,103888232,30806,2012-04-19,8,OZ,1,1.89
763676292,89,33,3307,1072943070,33170,2012-05-13,16,OZ,1,3.99
763676292,89,41,4105,102700020,8612,2012-06-04,14.5,OZ,2,2.16
763676292,89,30,3007,107020070,11244,2013-02-21,12,OZ,2,5
763676292,89,96,9609,1057261353,88199,2013-02-21,0,,1,-1
763687978,126,2,202,101600010,1756,2012-08-01,17.5,OZ,4,9.4
763697721,191,33,3315,1087218181,26937,2012-08-21,5,OZ,1,1.5
763701888,98,26,2622,101090010,15232,2013-04-10,4,CT,1,2.59
763710485,89,8,818,103620030,14868,2012-03-12,24,OZ,1,1.77
763710485,89,0,0,10000,0,2013-04-08,0,,1,0
763710485,89,41,4106,101111010,9907,2013-04-13,10,OZ,1,2.39
763711931,151,9,922,101111010,28064,2012-03-30,10,OZ,2,16.98
763711931,151,99,9904,103338333,33170,2012-11-16,48,OZ,1,3.49
763711931,151,5,501,103800030,15251,2012-12-12,12,OZ,1,3.49
763711931,151,9,908,102430020,10577,2013-02-28,10,OZ,1,1.99
763732245,89,99,9908,101111010,9907,2012-05-14,12,OZ,1,2.99
763743844,89,99,9904,1071575676,5278,2012-06-21,16,OZ,1,2.29
763748624,211,11,1114,101111010,9907,2012-06-25,12,OZ,1,1.61
763752468,89,97,9753,10000,0,2012-04-29,1,CT,2,1.58
763752468,89,0,0,10000,0,2012-04-29,0,,2,1.45
763754028,151,97,9753,1084639181,0,2013-02-11,1,CT,1,1.99
763755014,98,27,2702,101780010,30972,2012-05-17,15.5,LB,1,13.99
763755014,98,96,9609,1054460050,88199,2012-09-04,0,,1,-1
763767840,26,56,5613,101111010,9907,2012-04-01,16,OZ,1,4.99
763767840,26,51,5134,104280040,18599,2012-08-22,19.8,OZ,2,4.98
763770014,89,33,3303,108411484,9596,2012-05-13,8,OZ,1,2.09
763770014,89,51,5115,107218070,18520,2013-02-08,15,OZ,1,1.88
763770014,89,58,5824,101129111,14783,2013-02-23,16,OZ,1,3.99
763770014,89,49,4901,101111010,9907,2013-06-29,24,OZ,1,1.59
763774339,126,21,2109,101111010,9907,2012-06-11,64,OZ,1,2.97
763781748,89,60,6012,101111010,9907,2013-01-11,12.4,OZ,1,1.97
763781748,89,2,201,101600010,1756,2013-02-03,15.25,OZ,1,1.69
763785803,191,0,0,10000,0,2012-06-11,0,,1,0
763787670,133,31,3101,104010040,27443,2012-04-11,1.4,OZ,1,5.15
763787670,133,5,501,103800030,17050,2012-07-20,17.5,OZ,1,4.99
763789244,98,64,6408,108500080,13918,2012-05-25,5,LT,1,13.99
763789244,98,96,9609,1053500050,88199,2012-11-01,0,,1,-0.75
763789244,98,41,4107,102400020,4704,2013-02-22,14.5,OZ,1,1
763792166,140,9,902,101410010,45039,2012-08-26,6.6,OZ,1,1.49
763792166,140,58,5824,1060750060,54277,2013-02-14,16,OZ,2,11.98
763800588,133,58,5837,101111010,9907,2013-03-02,5,OZ,1,2.79
763804914,89,63,6323,101111010,9907,2013-01-03,64,OZ,1,1.79
763804914,89,63,6317,102529323,16410,2013-02-23,64,OZ,1,2.99
763804914,89,43,4302,101111010,9907,2013-06-02,8,OZ,1,1
763806086,431,8,810,107110070,8280,2013-02-02,1,OZ,1,1.65
763809653,126,26,2621,101111010,9907,2013-03-16,150,CT,1,2.99
763812431,191,96,9609,1057455050,88199,2012-05-04,0,,1,-1
763812431,191,9,907,101111010,4181,2013-03-10,16,OZ,1,1.67
763815917,58,64,6401,1078615070,17345,2012-06-20,134.4,OZ,4,51.92
763815917,58,73,7358,101835515,5791,2012-07-22,3,CT,4,2
763815917,58,31,3101,101111010,20588,2012-10-26,1.69,OZ,1,1
763815917,58,36,3611,101111010,9907,2013-04-07,540.8,OZ,1,3.89
763817780,151,9,908,104508444,9076,2012-08-09,14,OZ,1,3.99
763817780,151,55,5552,107189979,2010,2012-12-11,16,OZ,1,2.15
763818223,83,9,907,107870070,25632,2012-03-03,16,OZ,1,1.99
763824614,12,96,9632,107675070,22296,2012-04-07,1,CT,1,25
763824614,12,63,6315,104126040,100699,2012-05-09,128,OZ,1,2.79
763824614,12,33,3303,102840020,15598,2012-07-31,9.5,OZ,1,2
763824614,12,63,6315,104126040,100699,2012-09-11,128,OZ,1,2.79
763824614,12,63,6399,101111010,9907,2013-02-18,20,OZ,1,2.5
763824614,12,69,6901,101204414,13056,2013-05-08,2.6,OZ,1,3.49
763841098,126,36,3635,101111010,9907,2012-11-16,144,OZ,1,2.5
763849787,12,6,607,107007474,5810,2012-05-16,48,OZ,1,8.99
763849787,12,9,907,107341070,13291,2012-06-29,12,OZ,1,2.5
763850909,63,26,2622,101111010,9907,2012-11-14,17,CT,1,1.79
763876481,191,64,6408,108520080,17797,2012-07-03,0.75,LT,1,5.49
763882308,63,49,4901,101111010,9907,2012-08-17,30,OZ,1,2.19
763882308,63,37,3709,104178949,11224,2012-12-21,3,OZ,6,1.2
763882308,63,58,5827,101111010,20588,2013-03-19,12,OZ,1,3.99
763891934,133,57,5704,101111010,9907,2012-08-08,24,OZ,1,3.29
763891934,133,63,6317,104157040,2017,2013-05-11,64,OZ,2,5.98
763895445,191,59,5905,102700020,6455,2012-09-14,12.3,OZ,1,3.09
763901024,63,30,3010,101111010,9907,2013-07-21,16,OZ,1,1.5
763904705,26,55,5561,101111010,9907,2013-04-27,16,OZ,1,1.5
763911857,89,63,6328,102016929,16492,2012-04-27,20,OZ,1,2
763911857,89,63,6315,101111010,9907,2012-07-10,64,OZ,2,2
763918941,191,63,6320,101111010,85048,2013-06-19,12,CT,1,2.49
763927451,191,37,3709,107066272,12673,2013-04-17,3,OZ,6,1
763927451,191,19,1905,107372373,4567,2013-06-12,28,OZ,1,3.99
763927887,191,0,0,10000,0,2012-11-21,0,,1,-25
763929504,126,51,5115,107192171,25673,2012-08-04,8.4,OZ,1,3.49
763930343,143,28,2801,104470040,3640,2012-05-07,20,OZ,1,3.99
763930343,143,18,1828,103700030,6236,2013-05-03,0.18,OZ,2,3.98
763930343,143,36,3614,1085412585,74955,2013-05-24,12.68,OZ,1,7.99
763936113,63,95,9518,1061029060,7848,2012-12-18,1,CT,1,2.99
763936113,63,63,6315,101111010,6848,2013-05-13,128,OZ,1,2.56
763940030,211,29,2922,107067272,14984,2012-03-13,15,OZ,2,3.18
763940030,211,56,5607,102100020,13967,2013-01-22,8,OZ,1,0.99
763941894,151,45,4513,102265525,2626,2012-11-20,48,OZ,2,23.98
763942995,211,9,913,104812141,18322,2012-10-29,11,OZ,2,5.98
763942995,211,9,907,102412626,10365,2013-01-15,20,OZ,1,1.67
763953409,191,60,6007,101800010,14029,2012-09-09,8,OZ,1,2.18
763953409,191,56,5610,102100020,9886,2012-09-13,8,OZ,1,4.39
763953409,191,99,9908,103338333,33170,2012-12-20,16,OZ,1,0.98
763953409,191,37,3703,105100050,2820,2012-12-20,10.75,OZ,2,1.79
763953409,191,26,2634,103600030,4139,2013-01-02,20,RL,1,13.99
763970496,191,63,6323,101111010,6678,2012-06-21,128,OZ,1,3.49
763970496,191,59,5907,102740020,16291,2012-10-13,15,OZ,1,1.5
763978345,12,41,4105,102400020,4704,2012-04-22,14.5,OZ,1,0.99
763986114,98,63,6317,102529323,16410,2013-01-23,64,OZ,1,3.43
763993402,191,37,3703,101111010,6678,2012-11-18,11.25,OZ,1,1
763996535,98,30,3008,107110070,8280,2012-08-07,24,OZ,1,4.89
763996535,98,6,610,1061126969,15041,2012-10-13,8.4,OZ,1,1.99
763996535,98,21,2119,108390080,12546,2012-11-09,144,OZ,2,8
763996535,98,58,5833,101111010,9907,2013-04-19,16,OZ,2,5.56
763999259,191,25,2506,105000050,32115,2013-03-17,32,OZ,2,5.58
764005248,126,54,5402,101111010,9907,2013-03-30,12.5,OZ,1,1.79
764005248,126,69,6901,107940070,17521,2013-04-13,2.6,OZ,1,1.57
764005248,126,51,5125,102580020,16668,2013-04-17,9.25,OZ,1,1.97
764005248,126,33,3308,101566515,98644,2013-04-27,4.5,OZ,1,1.39
764006891,211,99,9904,1066529060,52314,2012-05-05,16,OZ,1,1.88
764008487,23,56,5607,102100020,13967,2012-10-04,8,OZ,1,2.99
764013337,191,5,504,1074982676,14700,2013-04-02,2.01,OZ,2,2.68
764014050,133,56,5609,101111010,9907,2012-06-16,16,OZ,1,1.99
764014050,133,9,907,101111010,9907,2012-08-22,12,OZ,9,8.91
764014050,133,14,1411,101111010,9907,2013-03-13,20,OZ,1,1.08
764014050,133,99,9904,1071575676,5278,2013-05-23,6,OZ,1,2.99
764022850,211,36,3636,107239272,4354,2013-01-28,192,OZ,2,5.98
764036911,89,28,2805,101111010,9907,2012-05-03,2.25,OZ,1,1.61
764036911,89,96,9609,1054060050,88199,2012-05-30,0,,1,-0.5
764036911,89,64,6407,108568888,11472,2013-01-23,1.5,LT,2,21.98
764036911,89,70,7001,101111010,9907,2013-01-31,16,OZ,1,0.51
764047214,98,58,5833,101111010,9907,2012-04-02,16,OZ,1,3.43
764047214,98,55,5561,101111010,9907,2012-05-19,16,OZ,1,0.9
764047214,98,28,2804,104133141,7531,2012-07-21,4,OZ,1,1.49
764051157,83,3,311,101600010,1756,2012-08-25,14.5,OZ,2,2.38
764051157,83,30,3009,102100020,9886,2013-04-19,16,OZ,1,2.5
764052499,143,26,2632,104126040,9907,2012-05-16,216,CT,1,3.29
764052499,143,33,3307,101111010,9907,2012-06-04,16,OZ,1,1.5
764052499,143,7,707,101111010,9907,2012-09-19,34.5,OZ,1,6.99
764052499,143,99,9908,101111010,9907,2012-12-13,12,OZ,1,3.49
764056896,98,55,5557,107756777,11005,2012-07-06,11.1,OZ,1,2.99
764056896,98,0,0,10000,0,2013-01-06,0,,1,0
764059461,58,9,901,109370999,13476,2012-04-06,5.29,OZ,1,3.99
764061391,12,26,2631,101111010,9907,2013-02-06,42,CT,1,1.99
764061391,12,5,516,103000030,14760,2013-04-24,6.7,OZ,1,1.88
764074181,58,96,9632,107675070,11386,2012-04-20,1,CT,1,25
764074181,58,56,5616,104610040,15889,2013-05-18,7,OZ,1,2.5
764074181,58,41,4110,104690040,19212,2013-06-08,15,OZ,1,1.25
764090826,133,8,810,101111010,9907,2012-12-31,1,OZ,2,1.5
764096164,63,51,5130,107218070,15035,2012-07-25,8.8,OZ,1,2.99
764096164,63,5,504,1075004979,1312,2012-08-24,1.76,OZ,2,2
764096164,63,22,2210,102420020,14716,2013-04-03,44,OZ,1,3.79
764096164,63,5,504,1072225272,3695,2013-06-01,14.4,OZ,1,5.97
764099524,143,9,907,101111010,9907,2012-07-05,11,OZ,1,1
764099524,143,44,4404,107045979,12587,2013-01-01,13.5,OZ,1,3.79
764104206,98,0,0,10000,0,2012-06-18,0,,2,0
764104206,98,58,5824,101111010,9907,2012-07-23,18,OZ,1,2.67
764110695,151,21,2113,102800020,56490,2012-04-08,33.84,OZ,3,7.95
764110695,151,57,5707,103663232,4568,2012-06-30,18.6,OZ,1,1.99
764110695,151,96,9609,1056414454,88199,2013-01-20,0,,1,-0.4
764114894,58,36,3612,101111010,9907,2012-03-28,128,OZ,4,3.88
764115077,143,51,5123,101380010,27474,2012-11-05,33,OZ,1,5.99
764122024,98,6,603,101111010,9907,2012-07-21,15,OZ,1,2.79
764141110,211,96,9609,1052100050,88199,2012-09-19,0,,1,-1
764141110,211,99,9908,101111010,9907,2012-11-15,32,OZ,1,2.89
764154296,98,63,6314,107342070,4529,2012-07-17,8,OZ,1,1.69
764160386,12,26,2622,101111010,9907,2012-04-07,30,CT,1,2.99
764160386,12,11,1111,10834686,27393,2012-11-30,40,OZ,2,11.96
764160603,26,33,3301,101111010,9907,2013-06-21,5,OZ,1,1.99
764169542,26,51,5125,101380010,10271,2012-09-29,10.5,OZ,1,2.18
764170896,26,43,4302,101111010,9907,2012-06-03,8,OZ,1,1
764170896,26,9,901,101111010,9907,2012-12-06,15,OZ,1,1.59
764170896,26,34,3411,107418272,16853,2012-12-16,18,OZ,1,2.88
764170896,26,57,5707,101111010,9907,2013-05-25,18,OZ,1,1.88
764172247,143,64,6408,108600383,41790,2012-08-24,0.75,LT,1,8.99
764172247,143,5,501,105844959,12466,2013-02-11,11.5,OZ,1,3.59
764174248,89,64,6409,108841585,16451,2012-11-04,0.75,LT,1,19.99
764174248,89,63,6305,102500020,16489,2012-12-13,59,OZ,1,2.99
764174248,89,33,3301,104163242,8623,2013-04-11,6.5,OZ,1,2.79
764182089,191,36,3604,107800070,2829,2012-12-07,20,OZ,1,1.5
764204873,431,72,7214,101254616,18738,2012-06-30,18,CT,1,1.29
764204873,431,41,4107,101111010,9907,2013-02-28,15.25,OZ,2,1.06
764209691,26,58,5823,101111010,9907,2012-03-19,9,OZ,1,2.88
764209691,26,57,5705,101111010,9907,2013-01-04,6,OZ,5,1.98
764211892,431,36,3618,104900040,23359,2013-05-26,101.4,OZ,4,8
764239370,126,74,7402,105100959,1372,2012-10-13,10,OZ,1,1.29
764239370,126,8,809,101111010,9907,2013-06-16,12,OZ,1,1.15
764253921,143,9,901,104400040,3453,2012-10-13,14,OZ,1,2
764253921,143,71,7107,1060308464,7034,2013-03-01,1,CT,2,11.98
764259240,211,36,3632,107800070,17635,2012-04-14,144,OZ,1,4.89
764262203,126,41,4108,101111010,9907,2012-11-06,15.5,OZ,3,2
764262203,126,26,2622,101111010,9907,2012-11-06,30,CT,1,1.59
764279497,191,8,836,101111010,6678,2012-08-07,128,OZ,1,2.24
764279497,191,58,5827,107024777,6176,2012-11-07,16,OZ,1,3.99
764282864,89,18,1841,103700030,17864,2012-09-16,10,CT,1,6.99
764282864,89,99,9908,103338333,33170,2012-12-04,16,OZ,1,1.99
764282864,89,0,0,10000,0,2013-03-18,0,,1,0
764293529,12,29,2905,107248676,9190,2012-11-04,6.5,OZ,2,1.78
764293529,12,0,0,10000,0,2012-11-18,0,,1,0
764293529,12,56,5613,101111010,9907,2012-11-28,30,OZ,1,4.99
764297895,98,64,6408,108158484,39787,2012-03-03,0.75,LT,3,35.07
764297895,98,63,6312,102500020,86515,2012-03-22,59,OZ,1,3.48
764297895,98,25,2506,105000050,32115,2012-04-06,32,OZ,1,2.98
764297895,98,9,908,101111010,9907,2012-11-15,41,OZ,1,16.99
764318931,191,63,6315,101111010,85048,2012-06-27,64,OZ,1,2.99
764318931,191,72,7203,1031254737,10554,2013-03-17,32,OZ,1,6.99
764320843,89,63,6320,101111010,85048,2012-04-15,12,CT,1,2.49
764320843,89,9,907,101111010,9907,2012-07-16,16,OZ,1,3.19
764324756,63,1,104,101500010,7142,2012-07-14,128,OZ,1,1.39
764324756,63,57,5704,107047070,20230,2012-09-02,6,OZ,4,2.4
764324756,63,1,106,101500010,7142,2012-12-02,6,OZ,5,3.3
764324756,63,9,908,101111010,6848,2013-02-23,22,OZ,1,7.99
764324756,63,37,3703,105100050,2820,2013-04-20,10.75,OZ,2,3.58
764332628,191,8,811,104112949,3635,2012-10-20,24,OZ,4,13.96
764332628,191,73,7359,102250626,17063,2012-10-20,100,CT,1,12.99
764340500,98,72,7211,1081483282,5607,2012-05-28,108,CT,1,6.99
764341947,83,63,6315,101111010,9907,2012-05-20,128,OZ,1,1.99
764341947,83,56,5621,101111010,9907,2012-11-26,16,OZ,2,5.98
764341947,83,41,4107,101111010,9907,2013-01-20,15,OZ,3,2.22
764345000,126,0,0,10000,0,2012-06-20,0,,1,-7.84
764355383,12,33,3305,102840020,18584,2012-09-20,10,OZ,1,3
764355383,12,95,9518,1061029060,7848,2012-11-24,1,CT,1,3.69
764355383,12,32,3203,106414464,13474,2013-02-22,6,OZ,1,3.19
764367392,211,82,8201,101111010,9907,2012-12-12,1,CT,1,5.99
764367392,211,34,3410,101700010,4912,2013-01-19,7.5,OZ,1,1.88
764373234,431,31,3101,101111010,9907,2013-01-24,2.19,OZ,1,1
764374110,83,34,3410,107682878,19764,2012-05-11,1,OZ,1,1.4
764374110,83,99,9904,1071575676,5278,2012-05-25,6,OZ,1,2.5
764374110,83,5,502,101111010,9907,2013-01-27,4.8,OZ,1,1.25
764374110,83,36,3634,1078616272,7237,2013-03-28,20,OZ,1,1
764376119,26,23,2301,107680878,1393,2012-11-09,12,OZ,2,2.68
764376119,26,60,6007,101800010,14029,2012-12-14,8,OZ,1,1.88
764376119,26,56,5607,102100020,13967,2013-01-21,8,OZ,2,1.98
764376119,26,21,2112,102800020,56490,2013-02-02,64,OZ,1,2.99
764376119,26,21,2112,102800020,56490,2013-03-05,64,OZ,1,2.79
764378656,140,97,9753,10000,0,2012-07-24,1,CT,1,0.59
764385914,58,9,907,101111010,9907,2013-04-14,12,OZ,1,1.25
764394019,191,99,9904,10505037252,3457,2012-04-02,1,CT,1,1.99
764394019,191,4,412,102200020,10421,2012-05-11,6.25,OZ,1,1.07
764394019,191,55,5567,107064070,19704,2013-06-09,21,OZ,1,3.99
764400568,98,57,5710,107835575,61673,2013-03-04,24,OZ,1,3.25
764414549,26,9,901,101111010,9907,2012-05-10,15,OZ,1,1.79
764416821,98,18,1802,104316848,25919,2012-08-17,2,CT,1,13.39
764416821,98,33,3303,101111010,9907,2012-09-07,8.5,OZ,1,2
764426948,151,22,2210,103700030,5174,2012-03-31,41,OZ,1,5.89
764426948,151,58,5833,101111010,9907,2013-01-01,16,OZ,4,10.32
764444354,126,23,2301,102920020,12168,2012-04-24,13.25,OZ,2,3.7
764444354,126,63,6312,102073525,18893,2012-05-18,64,OZ,2,2.67
764444354,126,5,501,101111010,9907,2012-09-23,15,OZ,2,3.98
764444354,126,53,5305,102000020,7655,2013-05-01,7,OZ,3,3
764445856,89,29,2914,102100020,19279,2012-03-08,24,OZ,1,5.89
764445856,89,64,6401,101820010,11616,2012-05-13,216,OZ,1,16.69
764445856,89,38,3802,101111010,9907,2012-06-21,2,LB,1,2.49
764445856,89,9,902,101111010,9907,2012-09-25,9,OZ,2,3.58
764445856,89,39,3903,101111010,20588,2012-10-04,12,OZ,1,6.89
764445856,89,18,1802,1080399383,25919,2012-12-23,5,CT,3,5.97
764445856,89,57,5706,101111010,9907,2013-05-06,16,OZ,1,2.39
764446627,211,37,3703,101111010,9907,2013-03-09,10.5,OZ,2,1.16
764450168,191,31,3101,104010040,27443,2012-12-10,0.5,OZ,2,8.77
764451257,89,5,501,103800030,17050,2012-05-04,12.5,OZ,1,3.27
764451257,89,5,504,1072225272,3695,2012-07-22,1.59,OZ,7,7
764451257,89,9,902,101111010,20588,2013-01-31,8,OZ,1,2.79
764461955,89,58,5814,104470040,10837,2012-03-10,3.4,OZ,1,1.89
764461955,89,58,5823,104470040,13310,2012-03-24,9,OZ,1,4.39
764498925,151,26,2607,101090010,15232,2012-04-06,1,CT,1,3.35
764498925,151,58,5833,103760030,8501,2012-09-27,24,OZ,2,15.98
764498925,151,63,6315,101111010,9907,2013-04-10,128,OZ,1,3.88
764513823,83,36,3632,101111010,1814,2012-11-24,144,OZ,1,2.5
764513823,83,58,5836,101111010,9907,2013-04-09,12,OZ,1,2.5
764515414,26,25,2508,102529323,16410,2012-12-15,32,OZ,1,2.79
764520149,26,41,4105,106414464,70939,2012-07-06,10,OZ,2,2.36
764520149,26,9,901,103010030,6852,2012-09-02,11.5,OZ,1,2.59
764520149,26,18,1898,103980030,5782,2012-12-31,12,CT,1,9.49
764520149,26,63,6314,101111010,9907,2013-02-23,16,OZ,1,1.25
764520149,26,96,9609,1054610050,88199,2013-03-24,0,,1,-0.5
764524320,26,5,517,103800030,17050,2012-06-20,4.4,OZ,1,1.99
764533354,151,14,1404,101480010,12021,2012-08-02,23.4,OZ,1,1.99
764533379,89,5,516,101600010,12426,2013-03-05,8.9,OZ,1,2.5
764543731,140,95,9518,1061029060,7848,2012-09-10,1,CT,1,2.59
764546400,26,57,5710,1089470080,21065,2012-05-05,5.3,OZ,3,3.75
764548909,63,99,9909,107143070,5072,2012-11-17,12,OZ,1,2.5
764548909,63,73,7310,104126040,9907,2012-11-19,100,CT,1,5.24
764551419,26,8,802,104150040,6667,2013-02-02,12,OZ,1,1.69
764551419,26,51,5122,102370020,18969,2013-02-02,23,OZ,2,9.98
764551419,26,56,5607,102100020,13967,2013-04-28,8,OZ,1,2.18
764553795,211,55,5567,107064070,19704,2012-04-30,24,OZ,1,4.99
764553795,211,63,6315,101111010,9907,2012-05-21,64,OZ,1,1.99
764554206,83,33,3308,102840020,3336,2013-02-26,6,OZ,1,2.49
764555275,431,99,9908,101111010,9907,2012-09-06,16,OZ,1,0
764560717,191,5,504,107434575,18380,2012-04-02,1.94,OZ,1,1.19
764560717,191,0,0,10000,0,2012-10-19,0,,1,0
764560717,191,58,5826,107187171,13310,2013-01-27,12,OZ,1,2.5
764560717,191,63,6315,101111010,85048,2013-06-16,128,OZ,1,5.28
764571806,431,31,3111,1078735979,6734,2012-06-27,4,OZ,1,2
764572079,26,33,3318,101111010,9907,2012-08-19,15,OZ,1,1.64
764590728,191,26,2604,101090010,15232,2012-05-05,36,CT,1,1.19
764598987,126,26,2628,101111010,9907,2013-07-21,3,RL,1,1.98
764600038,143,96,9609,1053663252,88199,2012-06-15,0,,1,-1
764614563,63,99,9904,10000,33170,2012-06-06,1,CT,1,1.77
764618693,151,63,6315,101111010,9907,2012-06-16,64,OZ,1,1.99
764618693,151,63,6320,101111010,9907,2012-08-27,18,CT,1,2.44
764618693,151,9,907,104500040,20016,2012-10-06,12,OZ,2,5.58
764618693,151,11,1102,1072277676,17117,2013-06-27,80,CT,1,3.99
764632491,431,0,0,10000,0,2012-07-07,0,,2,0
764633338,89,9,901,103010030,3454,2012-09-01,13.3,OZ,1,1.89
764633338,89,0,0,10000,0,2012-11-15,0,,1,0
764634838,98,19,1908,101111010,9907,2012-11-03,18,OZ,1,2.24
764648896,211,9,901,103000030,14760,2012-03-05,9.3,OZ,1,2.99
764648896,211,10,1004,101111010,9907,2012-06-01,3.5,OZ,2,1.18
764671279,63,36,3636,101111010,9907,2013-05-01,192,OZ,2,4.5
764678702,98,27,2710,107023070,18373,2012-04-23,14,LB,1,7.69
764680550,12,33,3307,108186484,7870,2012-05-13,12,OZ,1,1.99
764680550,12,4,416,103400030,9739,2013-03-10,3.92,OZ,1,1.25
764680550,12,97,9753,10000,0,2013-05-02,1,CT,3,2.07
764690731,2,99,9908,101111010,20588,2012-08-23,12,OZ,2,5
764715748,26,75,7503,103660030,3271,2013-01-15,0.15,OZ,1,1
764717991,63,74,7405,104740040,7196,2012-04-23,8,CT,1,30.59
764718475,58,9,907,104500040,1574,2012-04-13,16,OZ,1,3.49
764718475,58,63,6315,101111010,9907,2012-10-04,128,OZ,1,2.79
764718475,58,25,2509,101111010,9907,2012-11-30,16,OZ,1,1.49
764718475,58,27,2704,1075764575,12598,2013-03-01,10,OZ,1,3.79
764718475,58,36,3635,107336070,9985,2013-05-20,144,OZ,1,3.99
764718708,191,63,6305,101630010,6509,2012-08-13,59,OZ,1,2.5
764718865,63,23,2301,107680878,1393,2013-02-21,12,OZ,1,1.19
764718865,63,25,2509,102830020,16257,2013-04-29,32,OZ,1,2.21
764728083,191,19,1908,105150050,9189,2012-09-29,18,OZ,1,3.54
764728083,191,99,9909,101111010,28083,2013-03-24,10,OZ,1,1.88
764732743,151,38,3801,101111010,9907,2012-03-08,4,LB,1,2.65
764732743,151,37,3707,105100050,17812,2012-09-05,14.5,OZ,2,2.5
764732743,151,35,3506,101111010,5981,2012-12-08,75,OZ,1,3.09
764744914,211,56,5607,102100020,13967,2012-11-19,8,OZ,2,2.5
764744914,211,54,5402,101111010,9907,2013-03-03,16.5,OZ,1,2.15
764745684,98,33,3307,101111010,9907,2013-03-19,8.75,OZ,1,2.11
764746199,58,9,902,104950848,16730,2013-05-09,7.2,OZ,1,2
764751595,89,21,2106,101111010,9907,2012-03-28,64,OZ,1,2.44
764751595,89,6,609,107007474,7315,2013-02-10,5.6,OZ,1,4.99
764753361,98,31,3101,101111010,20588,2012-03-29,0.66,OZ,1,1.89
764753361,98,96,9609,1057756757,88199,2012-08-10,0,,1,-1
764753361,98,9,907,101410010,13791,2013-03-22,24,OZ,1,4.19
764766349,191,40,4005,107073474,25373,2012-05-08,1.7,OZ,1,2.59
764766349,191,12,1207,101111010,6678,2012-11-07,2,OZ,3,4.47
764769166,89,51,5134,101111010,9907,2012-04-21,22,OZ,1,5.99
764769166,89,9,921,107203070,5812,2012-06-15,2.8,OZ,1,1
764769166,89,9,907,101111010,9907,2012-06-19,14.5,OZ,2,3.22
764769166,89,51,5115,107218070,18520,2012-08-31,7.04,OZ,1,1
764769166,89,4,416,104000040,56360,2012-12-28,2.13,OZ,2,1.78
764776440,191,63,6323,102640020,4584,2012-04-23,16,OZ,6,6
764776440,191,75,7504,108680080,12554,2013-05-07,4,OZ,1,9.19
764787269,143,63,6315,101111010,9907,2012-11-26,64,OZ,1,2.49
764797615,126,72,7205,105310050,804,2012-12-29,6.4,OZ,1,2.49
764804906,89,37,3707,101111010,9907,2012-11-20,14,OZ,2,1
764804906,89,5,501,101111010,9907,2013-02-21,14,OZ,2,3.98
764808440,23,51,5116,107218070,6718,2012-04-20,27.51,OZ,1,6.99
764809302,89,63,6314,101111010,9907,2013-04-15,16,OZ,1,1.64
764809302,89,23,2301,101111010,9907,2013-05-03,16,OZ,1,0.99
764814298,83,9,901,104400040,12661,2012-03-11,11,OZ,1,4.69
764814298,83,63,6305,104850040,18799,2012-10-07,59,OZ,1,3.49
764814298,83,9,908,102430020,10577,2013-03-29,8.46,OZ,1,1.79
764817145,126,25,2508,102529323,16410,2012-04-18,64,OZ,1,3.19
764820405,26,95,9518,1061029060,6015,2012-05-23,1,CT,3,10.37
764820405,26,9,907,107130171,17614,2013-02-04,24,OZ,1,1.67
764820860,126,55,5556,107064070,2014,2012-08-28,56,OZ,1,3.99
764821319,83,99,9908,101111010,9907,2012-11-17,16,OZ,1,2.99
764844930,83,5,502,101111010,9907,2012-11-04,4.8,OZ,1,1.25
764844930,83,14,1404,101111010,9907,2013-05-12,46,OZ,1,2.39
764845558,89,26,2622,101111010,9907,2012-06-16,20,CT,2,4.18
764848342,211,55,5556,102073525,18893,2013-01-28,48,OZ,1,2.49
764858994,191,58,5837,101111010,9907,2012-04-12,5,OZ,1,2.5
764858994,191,36,3601,104900040,3809,2012-05-28,144,OZ,1,4.34
764858994,191,28,2805,101111010,6678,2013-02-27,2.25,OZ,3,3
764866224,143,9,907,1085675080,34759,2013-02-08,20,OZ,4,17.16
764866224,143,45,4514,102370020,18969,2013-04-22,48,OZ,1,9.99
764866224,143,29,2925,107440171,66788,2013-06-09,32,OZ,1,5.99
764866224,143,9,902,107084474,26374,2013-06-09,3.5,OZ,1,3.19
764869783,63,21,2105,104900040,14357,2012-09-19,32,OZ,4,4
764869783,63,9,902,104400040,18775,2013-01-02,9,OZ,2,5.98
764882895,143,37,3707,101111010,9907,2013-01-02,14,OZ,1,0.75
764903728,126,26,2614,103700030,514,2012-08-05,60,CT,1,3.49
764903728,126,99,9904,103338333,33170,2012-10-28,128,OZ,1,5.99
764903728,126,34,3403,103500030,8919,2013-04-02,30,OZ,1,4.19
764907302,133,5,501,101600010,3789,2012-07-30,11.8,OZ,1,2.98
764907302,133,19,1905,104180040,19713,2012-08-06,32,OZ,1,1.87
764913238,211,97,9746,107891070,19918,2012-08-08,1,CT,1,3.99
764913238,211,75,7520,101111010,9907,2012-11-07,300,CT,1,1
764916047,191,0,0,10000,0,2012-06-16,0,,1,0
764926567,12,21,2112,101111010,9907,2012-10-09,13.5,OZ,1,1.89
764930068,58,99,9908,101111010,9907,2012-08-21,10,OZ,1,1.99
764952867,89,96,9609,1054100050,88199,2013-02-20,0,,1,-0.5
764955119,83,28,2801,104470040,3640,2012-04-27,24,OZ,2,7.58
764955119,83,55,5552,101111010,9907,2012-04-27,48,OZ,1,2.1
764955119,83,64,6409,108981989,11526,2013-03-11,0.75,LT,2,11.98
764955521,83,57,5704,107047070,20230,2012-03-25,6,OZ,5,3.5
764955521,83,9,907,107341070,2437,2013-02-25,24,OZ,1,3.5
764959352,26,96,9632,107675070,2073,2012-04-22,1,CT,2,50
764959352,26,99,9904,1081204989,27736,2013-03-30,16,OZ,1,2.5
764970487,126,36,3629,101200010,23360,2012-03-12,67.6,OZ,1,1.99
764972695,12,99,9904,107490474,3457,2012-04-16,12,OZ,1,0.99
764972695,12,26,2622,101111010,9907,2012-08-22,50,CT,1,1.89
764972695,12,5,501,101600010,7400,2013-03-19,12,OZ,1,3.19
764973840,83,3,305,101111010,9907,2012-10-27,8.1,OZ,1,1.49
764973840,83,35,3506,103700030,3068,2013-01-25,10.2,OZ,1,3.79
764980385,211,53,5307,101450010,20864,2012-07-12,12,OZ,1,2.15
764992836,12,99,9908,101111010,9907,2012-11-03,16,OZ,1,0
764999262,26,96,9632,107675070,53541,2012-07-23,1,CT,2,50
764999262,26,41,4107,101111010,9907,2012-12-14,15,OZ,2,1.29
765000812,151,73,7308,104126040,9907,2012-12-09,25,CT,2,1.98
765006342,191,7,707,101111010,6678,2012-10-20,34.5,OZ,1,6.99
765006342,191,36,3634,1078616272,7237,2012-12-22,20,OZ,10,10
765008454,63,59,5902,101111010,9907,2012-09-03,16,OZ,1,2.5
765008454,63,9,907,103967737,35232,2013-02-08,17,OZ,1,1.79
765037251,12,45,4514,102370020,18969,2012-12-26,36,OZ,1,7.49
765037251,12,7,703,102800020,12543,2013-01-24,6.7,OZ,1,3.99
765056614,63,21,2119,108390080,12546,2012-11-07,144,OZ,1,4.49
765059019,89,8,807,107460979,9524,2012-03-13,28,OZ,1,2.99
765059019,89,0,0,10000,0,2013-03-31,0,,1,0
765072250,98,5,501,101600010,15114,2012-06-28,13,OZ,1,2.97
765072250,98,36,3625,104900040,23359,2012-12-13,144,OZ,1,4
765074512,126,56,5620,101111010,9907,2012-04-07,8,OZ,2,6.78
765082438,126,51,5123,101380010,27474,2012-03-15,35,OZ,1,5.94
765082438,126,99,9908,101111010,9907,2012-11-06,80,OZ,1,5.99
765090995,133,97,9753,10000,0,2012-04-09,1,CT,4,2.2
765090995,133,7,706,101200010,17286,2012-09-12,13.7,OZ,2,5.7
765101513,89,18,1890,101111010,9907,2012-11-02,1,CT,2,3.78
765101513,89,97,9753,1070740070,0,2013-06-13,1,CT,2,2.5
765103740,83,2,201,101330010,11211,2012-11-12,18.5,OZ,1,2.09
765117860,63,37,3706,104119646,14582,2012-08-02,18.5,OZ,4,7.48
765121735,26,71,7113,107940070,17521,2012-04-02,22.5,OZ,1,1.55
765121735,26,36,3627,107800070,23362,2012-11-29,144,OZ,1,4
765121735,26,37,3703,105100050,2820,2013-01-17,10.75,OZ,1,0.79
765122170,126,82,8201,101111010,9907,2013-05-10,1,CT,1,5.99
765134334,143,25,2506,101111010,9907,2012-12-30,32,OZ,1,2.5
765158731,143,9,922,102430020,10577,2013-02-27,13,OZ,1,1.79
765159899,126,99,9908,101111010,9907,2012-04-13,160,OZ,1,5.49
765161409,89,56,5607,101111010,9907,2012-05-19,8,OZ,1,1.49
765161409,89,70,7002,1032878535,9518,2013-02-10,1,CT,1,15.99
765166063,12,26,2622,101111010,9907,2012-06-17,50,CT,1,1.99
765166063,12,23,2301,101111010,9907,2012-12-30,16,OZ,1,1
765166063,12,63,6315,1074236575,8499,2013-05-05,32,OZ,1,2.49
765167719,431,58,5827,101111010,9907,2012-07-30,16,OZ,1,3.5
765167719,431,63,6320,101111010,9907,2013-01-15,12,CT,1,1.89
765170226,431,27,2702,101780010,30972,2012-07-22,15.5,LB,1,12.99
765170226,431,63,6332,102500020,11749,2012-08-09,59,OZ,1,2.68
765174513,98,79,7901,109256797,23317,2012-03-21,1,CT,1,4.99
765174513,98,92,9208,104145747,7487,2012-05-26,60,CT,1,1.19
765174513,98,13,1306,101600010,7366,2012-09-02,5,LB,1,2.38
765174513,98,5,504,1072225272,3695,2012-09-05,1.59,OZ,8,8
765185286,151,33,3308,107208070,7395,2012-08-30,6,OZ,2,3.98
765185286,151,58,5828,107790070,9200,2012-08-30,9.6,OZ,2,7.98
765186344,26,53,5307,101450010,20864,2012-04-02,16,OZ,2,5.18
765186344,26,56,5607,102100020,13967,2012-08-23,8,OZ,2,4.36
765195415,89,6,601,107092070,17882,2012-10-13,7.3,OZ,1,1.5
765195415,89,33,3318,107797575,27417,2012-10-21,10,OZ,2,4
765195415,89,39,3903,101111010,20588,2013-02-24,12,OZ,1,6.89
765195415,89,34,3402,101910010,1889,2013-03-03,1,OZ,1,7.04
765195415,89,36,3635,101111010,9907,2013-04-26,144,OZ,1,2.77
765207498,63,22,2210,107261373,16794,2012-11-07,96,OZ,1,8.99
765207498,63,9,902,101410010,45039,2013-01-23,6.6,OZ,2,2.98
765207498,63,99,9908,103338333,33170,2013-03-27,16,OZ,1,0.99
765208185,126,63,6305,101630010,6509,2012-08-08,59,OZ,1,3.39
765208185,126,56,5616,101111010,9907,2012-09-05,6,OZ,1,2.19
765212249,126,57,5704,103663232,4568,2012-10-31,16,OZ,3,6.87
765212249,126,41,4107,103470030,423,2013-03-06,15,OZ,1,1.19
765214643,26,9,920,103010030,9530,2012-04-17,11.04,OZ,1,2.99
765214643,26,49,4901,101312010,26885,2012-11-10,4.75,OZ,3,3.75
765215264,58,21,2106,103120030,12957,2012-04-09,64,OZ,3,8.85
765234860,143,63,6315,101111010,9907,2013-01-22,128,OZ,1,2.99
765234860,143,9,902,101111010,9907,2013-03-30,16,OZ,1,1.08
765234860,143,15,1506,107102272,11145,2013-05-07,5,OZ,1,4.39
765237285,140,55,5552,101111010,9907,2012-03-05,128,OZ,1,3.99
765237285,140,51,5134,104280040,18599,2012-04-21,19.8,OZ,2,6.78
765237285,140,56,5616,107283070,18390,2012-07-02,12,OZ,1,5.49
765237285,140,9,918,101410010,13791,2012-10-08,5,OZ,1,2.5
765237285,140,63,6315,101111010,16706,2012-10-27,128,OZ,4,12.76
765237285,140,33,3312,103700030,14494,2013-01-12,6.38,OZ,3,5
765237285,140,71,7114,102240020,18715,2013-04-27,11,OZ,2,3.78
765237285,140,9,903,101111010,9907,2013-05-04,15,OZ,1,1
765246683,12,50,5002,103100030,1358,2012-10-30,7,OZ,2,1.74
765252537,191,96,9609,1050099757,88199,2012-05-03,0,,1,-3
765252537,191,0,0,10000,0,2012-10-08,0,,2,0
765264551,191,63,6320,101111010,6678,2012-08-25,12,CT,2,1.79
765264551,191,55,5556,104154848,5603,2012-09-04,48,OZ,1,3
765269030,191,34,3499,107962575,2105,2012-06-26,1,CT,3,3.87
765269921,431,36,3630,107800070,23561,2012-09-02,144,OZ,2,7.33
765269921,431,13,1306,101330010,11211,2012-11-04,2,LB,1,1.65
765269921,431,27,2702,101901414,8664,2012-12-02,29,LB,1,31.99
765271389,211,0,0,10000,0,2012-09-26,0,,1,0
765278589,89,58,5824,107778272,9260,2012-07-13,14,OZ,1,3.19
765280568,126,4,418,103400030,15449,2013-03-15,12,OZ,1,3.54
765282767,133,36,3618,104900040,23359,2012-03-30,144,OZ,3,15.87
765282767,133,19,1908,1085108787,66367,2012-05-04,16,OZ,1,4.15
765302573,12,97,9753,10000,0,2013-05-11,1,CT,1,4.92
765302573,12,9,907,101111010,9698,2013-06-11,16,OZ,1,2.49
765307797,98,9,907,107294575,15878,2012-09-30,20,OZ,1,1.99
765307797,98,26,2632,104126040,9907,2013-01-24,72,CT,2,3.74
765311977,83,5,504,1072225272,3695,2012-08-13,1.69,OZ,10,10
765311977,83,7,709,109955595,31032,2013-05-30,4.87,OZ,2,18.58
765315192,151,19,1908,101111010,9907,2012-03-17,18,OZ,1,2.79
765315252,89,34,3406,107418272,16853,2012-05-30,15.6,OZ,1,2.88
765315252,89,95,9518,1061029060,7848,2012-12-09,1,CT,1,2.99
765315252,89,63,6315,101111010,9907,2013-04-16,128,OZ,1,2.59
765315252,89,41,4105,101111010,9907,2013-05-27,14.5,OZ,2,1.38
765315252,89,96,9609,1051380050,88199,2013-05-27,0,,1,-2
765324353,98,56,5620,101111010,9907,2012-05-12,8,OZ,2,3.54
765324353,98,0,0,10000,0,2012-06-18,0,,5,27.4
765324353,98,27,2707,101780010,3108,2012-07-07,3.5,LB,1,4.47
765324353,98,63,6321,104082242,15667,2012-10-06,10,OZ,1,3.99
765324353,98,14,1411,103890030,5072,2012-11-09,20,OZ,1,1
765324353,98,7,709,109955595,68135,2013-04-21,4.8,OZ,1,7.99
765325891,26,9,907,101111010,9907,2012-05-04,12,OZ,1,1
765337532,191,25,2506,104127141,26189,2013-01-06,32,OZ,1,3.39
765337532,191,63,6320,101111010,6678,2013-01-28,18,CT,1,2.49
765340224,58,5,516,103000030,14760,2013-06-24,6.7,OZ,1,2
765342806,126,36,3626,104900040,17186,2012-04-14,144,OZ,1,4.99
765344806,143,0,0,10000,0,2012-09-25,0,,2,-11.37
765344806,143,63,6315,101111010,9907,2012-10-29,128,OZ,1,2.99
765344806,143,3,310,1072943070,33170,2012-11-13,16,OZ,1,7.99
765344806,143,26,2630,101111010,9907,2012-12-18,640,CT,1,4.49
765356241,98,36,3611,102259222,13400,2012-09-04,33.8,OZ,2,1.5
765366080,63,36,3626,101200010,16391,2013-02-03,67.6,OZ,1,1
765366651,58,57,5710,103663232,4568,2012-11-12,5.3,OZ,2,1
765373412,151,38,3801,101111010,9907,2012-04-28,4,LB,1,2.65
765373412,151,72,7205,1031015838,16196,2012-08-12,4,OZ,1,5.19
765374548,98,63,6315,101111010,61474,2012-09-03,128,OZ,2,0
765374548,98,99,9904,1071575676,5278,2013-01-27,16,OZ,1,1.88
765374548,98,5,516,103800030,17050,2013-06-09,4.76,OZ,1,3.29
765374548,98,35,3509,107261373,401,2013-06-17,50,OZ,2,5.98
765376293,12,56,5621,101111010,9907,2012-04-15,8,OZ,1,2.79
765403791,89,54,5402,101111010,9907,2012-12-12,16.5,OZ,1,1.69
765403791,89,51,5126,1072457575,7372,2013-01-14,10.5,OZ,1,2
765407341,12,26,2628,103700030,2248,2012-03-31,12,RL,1,21.99
765410149,211,63,6316,101111010,9907,2012-05-25,16,OZ,1,1
765410149,211,51,5134,104280040,18599,2013-03-15,19.8,OZ,1,2.5
765410149,211,96,9609,1054600050,88199,2013-03-23,0,,1,-0.6
765410149,211,63,6315,101111010,9907,2013-04-13,128,OZ,1,2.69
765430641,191,0,0,10000,0,2012-11-26,0,,1,0
765435477,126,64,6401,108982686,18097,2012-03-02,144,OZ,1,12.49
765435477,126,0,0,10000,0,2012-07-11,0,,1,-5.2
765438844,98,5,501,101600010,3396,2012-08-26,14,OZ,2,6.16
765438844,98,82,8201,101111010,9907,2013-03-18,48,OZ,1,7.19
765441418,63,56,5620,104610040,15889,2012-07-25,8,OZ,2,4
765441418,63,41,4107,101111010,9907,2013-03-01,14.5,OZ,24,14.16
765443742,63,29,2926,101115212,2230,2012-06-05,320,OZ,1,18.39
765474186,211,26,2634,104200040,14813,2012-05-08,12,RL,1,5.99
765474186,211,51,5125,107265575,8089,2012-11-02,9.2,OZ,1,2.49
765474186,211,51,5131,101862717,9496,2013-02-22,9.5,OZ,1,3
765474614,143,63,6315,101111010,9907,2012-11-24,128,OZ,3,9.57
765475303,431,30,3001,104800141,8178,2012-07-07,30,OZ,1,2.69
765475303,431,9,907,101410010,45039,2012-09-15,12,OZ,1,2.99
765475303,431,9,912,104812141,18322,2012-10-13,15,OZ,1,4.59
765475303,431,60,6007,101800010,14029,2012-12-08,8,OZ,2,3.78
765476743,191,27,2712,108615585,22060,2012-11-18,11.75,OZ,2,3.38
765476743,191,12,1205,101111010,6678,2012-12-15,12,OZ,2,5.18
765476743,191,0,0,10000,0,2013-02-09,0,,2,0
765491816,98,51,5115,107218070,18520,2012-03-18,15.85,OZ,1,2.18
765491816,98,36,3601,104900040,3809,2012-06-10,144,OZ,2,6.66
765491816,98,36,3635,101657111,17037,2013-04-10,17,OZ,1,1
765496897,211,2,202,101600010,1756,2012-09-27,18.9,OZ,1,3.29
765496897,211,96,9609,1054650050,88199,2012-11-20,0,,1,-1.5
765498337,26,2,201,101600010,1756,2012-05-29,16,OZ,1,2.69
765498337,26,9,907,107131979,16021,2012-06-21,22,OZ,1,1.69
765509774,133,57,5705,101111010,9907,2013-03-18,6,OZ,3,1.2
765509854,12,99,9904,1071575676,5278,2012-09-17,16,OZ,1,2.5
765509854,12,58,5823,101786919,6341,2012-11-24,4,OZ,1,4.49
