4224381045,523,73,7343,1030057333,14423,2013-04-11,48,CT,1,3.74
4224805430,510,92,9204,109500898,21346,2013-01-23,0.46,OZ,2,15.58
4224868079,104,9,907,102412626,8097,2013-03-02,13,OZ,1,2.26
4224893244,10,73,7308,1031254636,7853,2013-02-19,25,CT,1,1.99
4224893244,10,40,4004,104790040,10865,2013-04-16,5.25,OZ,1,3.99
4224933865,40,21,2108,101480010,12021,2012-12-06,64,OZ,2,5
4224949782,16,63,6312,102500020,11749,2012-09-01,59,OZ,5,12.25
4224954682,101,97,9753,1023201626,0,2012-11-12,1,CT,1,2.14
4224954682,101,55,5567,107585676,9798,2012-12-28,24,OZ,1,2.5
4224963226,70,53,5307,103582636,6564,2012-09-20,12,OZ,1,1.19
4224963226,70,9,907,101410010,13791,2013-04-11,24,OZ,1,2.99
4224966292,370,55,5556,107756777,2347,2012-09-08,48,OZ,1,3.48
4225045051,12,58,5827,107962171,20097,2013-01-01,24,OZ,1,6.49
4225045051,12,5,501,101600010,3331,2013-01-11,14,OZ,1,3.19
4225045346,12,33,3315,107172575,639,2012-10-17,14,OZ,1,3.99
4225045346,12,32,3201,105150050,4307,2013-01-12,16,OZ,1,3.29
4225045346,12,9,907,107294575,15878,2013-06-16,20,OZ,1,2.77
4225080609,96,26,2633,103003434,7175,2012-10-12,9,RL,1,4.99
4225081077,96,96,9609,1057045959,88199,2012-12-04,0,,1,-0.4
4225081077,96,64,6409,108823282,16127,2013-02-26,0.75,LT,1,10.99
4225081077,96,29,2904,101600010,7860,2013-02-28,6.4,OZ,2,2
4225084958,214,25,2506,104122040,23511,2013-02-24,32,OZ,2,4.18
4225094505,214,56,5617,104122040,23511,2012-11-10,12,OZ,1,2.5
4225120823,214,29,2902,103760030,8501,2012-08-30,15,OZ,1,1.42
4225142381,46,3,302,102800020,30272,2013-06-29,12,OZ,1,2.19
4225192558,46,9,912,107680070,10333,2013-02-10,17.1,OZ,1,1.59
4225192558,46,33,3308,102840020,3336,2013-02-17,9.75,OZ,1,3.49
4225755008,122,99,9908,103338333,33170,2012-09-13,32,OZ,1,1.99
4225755008,122,17,1707,104460040,3718,2012-12-29,36.8,OZ,1,4.19
4225757005,122,10,1007,104300040,26232,2012-12-24,3,OZ,4,3.4
4225784703,24,56,5620,104610040,15889,2012-09-19,8,OZ,1,2.99
4226040351,507,97,9735,107429979,8530,2013-01-27,0,,3,11.67
4226120787,508,67,6708,1070843171,60295,2012-09-16,1,CT,1,21.1
4226346487,104,26,2634,103600030,4139,2012-11-08,12,RL,1,6.49
4226346487,104,9,902,104130343,38922,2012-12-06,14.4,OZ,1,2.77
4226346487,104,58,5833,103760030,8501,2013-02-07,24,OZ,1,6.49
4226346721,104,63,6315,104128040,9181,2012-12-10,128,OZ,1,3.45
4226353531,104,31,3108,102150020,10238,2012-10-25,11,OZ,1,3.29
4226390243,424,99,9904,103338333,33170,2012-12-13,64,OZ,1,3.5
4226390243,424,57,5705,107047070,20230,2013-01-17,48,OZ,1,4.79
4226406403,31,45,4511,102370020,18969,2012-09-03,30,OZ,2,10.98
4226406403,31,9,907,107225070,12465,2013-05-28,20,OZ,2,2.99
4226427894,40,33,3309,107373171,11786,2013-01-11,13,OZ,1,2
4226505854,21,63,6317,102529323,16410,2013-02-23,64,OZ,1,3.69
4226516485,101,18,1802,104316848,25919,2013-02-15,1,CT,1,1.49
4226521052,101,8,826,104150040,6667,2012-12-22,12,OZ,1,1.99
4226522903,101,33,3312,103700030,14494,2013-01-01,5.82,OZ,2,6.38
4226522913,101,27,2713,105000050,11668,2012-12-20,5.5,OZ,4,2.2
4226533040,68,33,3308,102840020,3336,2013-03-24,9.5,OZ,1,3.49
4226694935,143,99,9909,101111010,28083,2012-11-10,10,OZ,1,3.99
4226698327,26,5,501,103800030,17050,2012-10-04,13.4,OZ,1,2.99
4226698961,89,58,5835,101111010,9907,2013-02-03,16,OZ,1,2.25
4226698961,89,9,907,105172151,26411,2013-07-13,24,OZ,1,1.5
4226699399,89,71,7113,107940070,17521,2012-09-30,22.5,OZ,1,1.57
4226699399,89,41,4107,101111010,9907,2012-11-21,15.25,OZ,1,0.69
4226700896,211,59,5907,102740020,16291,2012-12-31,45,OZ,1,3.07
4226700896,211,41,4107,101111010,9907,2013-01-19,14.5,OZ,3,1.86
4226701061,211,29,2914,102100020,9886,2012-08-31,8.2,OZ,1,4.39
4226701061,211,36,3628,101111010,1814,2012-11-07,144,OZ,1,2.77
4226708389,431,0,0,10000,0,2013-03-08,0,,1,0
4226725588,63,63,6315,101111010,6848,2012-10-16,128,OZ,1,0
4226750630,26,29,2920,102970020,8711,2013-01-26,4,OZ,3,3
4226760170,98,45,4510,103100030,1358,2012-10-20,28,OZ,1,6.49
4226760170,98,7,702,101111010,9907,2013-02-17,8,OZ,1,3.86
4226760170,98,99,9904,1071575676,5278,2013-04-14,16,OZ,1,1.5
4226765740,133,60,6001,101800010,14029,2012-12-01,30,OZ,1,2.5
4226765740,133,3,302,101111010,9907,2013-01-19,12,OZ,1,1.99
4226765740,133,41,4107,101111010,9907,2013-02-20,14.5,OZ,2,1.5
4226766249,98,63,6320,101111010,9907,2012-11-04,18,CT,1,2.36
4226766249,98,19,1905,104125949,1338,2013-01-07,22,OZ,1,1.89
4226766249,98,45,4511,102370020,18969,2013-07-07,22,OZ,1,6.69
4226771006,431,7,709,101111010,20588,2013-02-09,4.23,OZ,1,5.99
4226856171,96,9,907,103003434,7175,2013-05-14,20,OZ,2,2.78
4226856632,96,5,501,103800030,17050,2013-04-02,12.4,OZ,1,3.29
4226859275,96,6,606,105000050,3001,2013-06-04,17.7,OZ,1,7.59
4226860935,96,25,2505,105000050,32115,2013-05-26,32,OZ,1,3.49
4226883609,214,8,801,104122040,20514,2012-11-29,24,OZ,1,0.88
4226943722,214,26,2609,104122040,23511,2013-02-09,80,CT,1,2.59
4226948567,214,56,5617,104122040,23511,2013-04-14,16,OZ,1,2.88
4226963705,214,63,6315,104122040,20449,2013-03-02,128,OZ,1,4.98
4226963705,214,5,501,101600010,3396,2013-05-05,13.8,OZ,1,2.68
4226964863,214,51,5128,1071785474,11614,2012-11-10,8,OZ,1,0.84
4226964863,214,51,5115,107192171,18492,2013-03-05,21.6,OZ,1,3.33
4226964863,214,47,4704,104122040,20514,2013-06-04,12,OZ,3,3.24
4227007830,46,5,516,103000030,14760,2012-09-13,15.2,OZ,1,4.39
4227007830,46,33,3305,1078113878,13130,2012-12-23,7.25,OZ,1,2.5
4227007830,46,26,2615,107301070,17990,2013-02-24,18,CT,1,4.18
4227012262,46,97,9753,1075166676,0,2013-06-13,1,CT,1,2
4227113236,46,5,501,103000030,58434,2012-10-11,15.4,OZ,1,3
4227113236,46,9,907,104125040,11473,2012-12-19,22,OZ,2,1.98
4227127973,46,9,907,1071373373,11473,2013-06-07,12.5,OZ,2,4
4227127973,46,36,3632,104125040,11473,2013-07-13,67.6,OZ,2,1.76
4227193085,46,63,6315,104125040,11473,2013-06-07,128,OZ,2,5.18
4227196572,17,21,2119,101200010,10522,2013-05-22,20,OZ,1,1.49
4227206970,20,9,901,104400040,25172,2012-10-11,2.13,OZ,1,1.99
4227209588,88,49,4901,102113020,30626,2012-10-07,32,OZ,2,3.98
4227209588,88,63,6315,107989373,30626,2012-10-26,128,OZ,1,2.89
4227209588,88,58,5814,104470040,10837,2013-03-02,9.1,OZ,4,12
4227247264,95,3,310,107045070,4913,2012-10-07,8,OZ,1,5.39
4227248068,95,63,6330,102113020,10786,2013-03-21,16,OZ,1,2.69
4227265363,18,58,5812,105450050,1322,2013-04-20,16,OZ,1,4
4227933131,42,58,5807,103810131,2607,2012-10-20,8,OZ,1,6.99
4228241022,285,97,9753,1023811323,0,2012-11-18,1,CT,1,1.95
4228242731,285,64,6409,108130888,25521,2012-11-29,0.75,LT,2,17.98
4228242731,285,30,3002,104800141,8178,2013-02-02,30,OZ,1,2.99
4228243181,285,36,3634,1078616272,7237,2012-11-15,20,OZ,2,2.38
4228249352,108,19,1908,105150050,9189,2013-03-26,18,OZ,1,3.99
4228257582,108,99,9909,1070935171,5534,2013-07-21,10,OZ,1,2.99
4228370829,122,5,516,107003878,1706,2012-10-19,8.4,OZ,1,2.59
4228410085,24,28,2806,105410050,19509,2013-03-08,80,OZ,1,2.99
4228421879,377,63,6305,1071754474,24625,2012-12-26,64,OZ,1,1.79
4228422191,377,57,5706,107527070,12031,2013-02-07,32,OZ,1,3.69
4228570566,524,70,7002,1030813737,23595,2013-04-07,1,CT,2,4.28
4228690816,524,27,2703,103810030,34324,2013-02-05,72,OZ,1,7.69
4228713374,522,81,8101,102720020,2901,2012-09-24,1,CT,1,12.77
4228713374,522,75,7520,101182212,15327,2013-05-05,50,CT,1,4.99
4228781735,507,51,5125,107265575,8089,2013-05-21,9.2,OZ,1,1.89
4229013127,508,57,5704,1085392383,29507,2012-12-07,8,OZ,8,19.93
4229013127,508,33,3315,108523989,833,2013-01-04,14,OZ,1,3.56
4229013127,508,23,2301,107680878,1393,2013-02-01,13.25,OZ,1,1.25
4229013127,508,41,4121,108523989,11176,2013-03-08,8,OZ,1,0.41
4229013127,508,56,5614,108523989,11176,2013-05-01,10,OZ,1,4.45
4229026262,508,9,901,108523989,33170,2012-09-23,11.6,OZ,1,2.99
4229028042,508,78,7802,1078688878,1071,2013-03-28,5,CT,1,12.99
4229041455,508,71,7114,1060308464,7034,2013-04-21,8.25,OZ,1,3.49
4229056801,508,41,4105,102700020,8612,2013-01-04,14.5,OZ,1,0.99
4229072655,508,9,907,107341070,13291,2012-11-26,12,OZ,1,2.49
4229202502,510,97,9768,107650171,3828,2013-02-05,1,CT,1,41.39
4229325631,507,97,9753,1049010040,0,2012-12-01,1,CT,1,18.89
4229464258,507,97,9753,104529949,0,2012-10-14,1,CT,1,4.99
4229541066,508,57,5704,103663232,4568,2012-11-03,16,OZ,1,2.3
4229559034,508,97,9753,1079268474,0,2012-11-07,1,CT,1,3.99
4229797219,508,5,504,1074982676,14700,2013-03-06,10.58,OZ,1,4.21
4229802097,509,97,9753,1020422525,0,2012-11-29,1,CT,1,1.35
4229804629,510,73,7304,1036382434,4760,2013-02-06,3,OZ,1,9.96
4229804629,510,97,9753,1049016141,0,2013-04-07,1,CT,1,15.75
4229812597,508,97,9753,1020412828,0,2012-09-09,1,CT,1,2.69
4229812597,508,9,920,107641070,10160,2013-03-05,11.25,OZ,1,2.61
4229818231,508,5,501,101600010,3331,2012-12-05,11.3,OZ,1,3.3
4229828378,508,25,2506,105000050,32115,2012-10-20,16,OZ,1,1.88
4229840264,507,97,9753,107352777,0,2012-10-12,1,CT,1,7.65
4229840264,507,97,9732,1067341969,10312,2013-04-11,1,CT,1,13.64
4229859694,507,36,3626,107800070,16223,2013-03-28,67.6,OZ,1,1.4
4229881935,507,5,501,101600010,9773,2013-01-05,12,OZ,1,3.09
4229883205,507,97,9753,1068972060,0,2012-11-19,1,CT,1,12.59
4229912927,510,9,918,101410010,13791,2013-02-28,6.75,OZ,1,2.63
4229949393,510,97,9753,1049049040,0,2013-03-09,50.7,OZ,1,3.11
4229968759,509,74,7402,104740040,7196,2013-03-17,2.5,OZ,2,2.04
4229989382,510,4,410,107339070,23682,2012-12-08,3.3,OZ,1,0.99
4230043121,508,53,5305,102000020,7655,2013-03-14,10,OZ,1,1.05
4230119622,240,37,3703,107071878,1363,2012-09-11,15,OZ,1,2.99
4230119622,240,96,9609,1050503757,88199,2013-03-24,0,,1,3.99
4230128091,104,28,2801,107072373,19369,2012-12-07,28,OZ,1,3.99
4230131879,104,99,9908,103338333,33170,2013-02-22,16,OZ,1,1.5
4230175751,104,9,917,104128949,1158,2013-02-11,10.7,OZ,1,1.49
4230178749,104,97,9753,1022611828,0,2013-01-24,1,CT,1,3.91
4230178749,104,97,9753,1081845888,0,2013-01-31,1,CT,1,1
4230182066,104,37,3707,105100050,17812,2013-02-15,14.5,OZ,1,0.99
4230262032,31,0,0,10000,20405,2012-10-23,0,,100,1.99
4230262032,31,23,2301,107680878,1393,2013-01-25,13.25,OZ,2,3.34
4230283895,31,37,3707,102114020,19950,2013-04-16,32,OZ,1,2.99
4230283895,31,41,4105,102114020,19950,2013-04-16,28,OZ,2,2.3
4230298685,40,2,212,101330010,11211,2013-04-28,7,OZ,2,2
4230313584,21,9,908,107626575,35722,2012-10-11,24,OZ,1,3.49
4230315546,101,70,7002,1030813737,23595,2012-10-08,5,CT,1,8.99
4230315546,101,58,5823,102781525,8100,2012-10-26,7,OZ,2,5
4230389319,65,29,2923,104100040,9814,2012-10-21,4.4,OZ,1,1.25
4230389319,65,19,1908,105150050,16728,2012-12-16,16,OZ,1,3.79
4230419250,126,56,5619,102100020,19279,2012-10-13,32,OZ,1,6.19
4230430373,89,43,4302,104300040,4030,2013-07-11,8,OZ,1,1.29
4230433636,58,0,0,10000,0,2013-01-26,0,,1,0
4230469899,166,28,2805,103680030,6561,2012-09-30,6,OZ,3,3.75
4230469899,166,4,421,107046272,16934,2012-12-10,8,OZ,1,2.09
4230480319,96,36,3618,101200010,23361,2012-11-04,144,OZ,0,0
4230480319,96,10,1012,103003434,7175,2012-11-17,14,OZ,1,1
4230480319,96,63,6323,104190040,4664,2012-12-16,32,OZ,1,1.89
4230481015,96,59,5907,103003434,7175,2013-06-13,16,OZ,1,1.25
4230481202,96,19,1905,105150050,16728,2013-03-15,12,OZ,1,2.59
4230497782,214,73,7358,1089940787,82344,2013-01-18,14.5,OZ,2,4
4230506968,214,56,5620,102100020,9886,2013-04-24,8,OZ,1,2.52
4230678771,20,26,2619,102113020,15704,2013-01-05,45,CT,1,4
4230685328,95,8,816,102113020,16397,2012-12-18,16,OZ,1,2.99
4230706043,360,36,3611,106827464,30855,2013-05-12,473.2,OZ,1,4.99
4230707810,360,18,1850,105320050,43184,2012-09-02,1,CT,1,1.99
4230707810,360,8,836,104173545,14456,2013-01-12,16,OZ,1,1.09
4231147833,285,51,5122,108298888,19799,2013-01-18,11,OZ,1,3.49
4231217138,122,54,5403,101800010,14029,2013-03-18,11.5,OZ,1,3.29
4231231371,24,22,2207,104650040,16355,2013-01-05,22,OZ,1,3.99
4231384359,507,97,9716,1079749676,14438,2013-01-27,128,OZ,1,11.49
4231478925,507,7,709,109955595,31032,2013-02-22,7.3,OZ,1,11.99
4231478925,507,97,9753,1049067040,0,2013-04-04,1,CT,2,8.48
4231595391,508,56,5607,102100020,13967,2013-05-24,8,OZ,1,1.99
4231625699,508,28,2805,1070581474,98643,2012-10-14,6,OZ,1,1.57
4231625699,508,28,2804,107152474,10039,2012-10-14,4,OZ,1,0.97
4231625699,508,26,2630,103600030,23664,2012-10-21,360,CT,1,5.74
4231625699,508,97,9753,1020405020,0,2013-05-13,1,CT,1,2.29
4231635157,508,1,106,1085832686,7918,2012-11-14,1.4,OZ,1,3.18
4231957737,31,26,2629,104200040,19231,2012-09-03,100,CT,1,2.29
4231957737,31,29,2922,107067272,14984,2013-03-05,15,OZ,1,1.49
4231970919,40,9,970,103800030,62065,2012-09-16,22,OZ,1,2.5
4231970919,40,35,3509,103700030,6947,2013-05-28,91,OZ,1,12.99
4231972692,40,45,4514,102114020,19950,2012-10-08,40,OZ,2,10.99
4231972692,40,63,6315,103680030,3679,2013-01-01,128,OZ,1,4.19
4231972692,40,6,608,104167949,2190,2013-01-07,33,OZ,2,9.98
4231997347,101,5,501,1068826767,81691,2012-09-14,21,OZ,1,2.79
4231997347,101,96,9632,107675070,52523,2012-11-12,1,CT,1,25
4231997403,101,34,3411,101700010,4912,2012-09-21,16,OZ,1,4.39
4231997504,101,11,1111,10834686,27393,2012-09-13,9.17,OZ,1,5.99
4231997504,101,2,211,1089507282,68449,2013-03-24,31.84,OZ,1,5.99
4231997504,101,4,412,101070010,9275,2013-05-16,7,OZ,1,1.5
4231997827,101,5,504,1072225272,3695,2013-02-24,7.4,OZ,1,3.99
4231997827,101,0,0,10000,20405,2013-03-17,0,,1,4.99
4231998295,101,9,913,104812141,18322,2013-01-22,12,OZ,2,4.19
4231998295,101,27,2701,1068826767,3931,2013-03-11,13.2,OZ,1,3.99
4232005051,77,35,3509,107261373,401,2013-04-22,16.9,OZ,2,5.99
4232045165,68,58,5814,104470040,10837,2012-10-22,10.7,OZ,1,2.79
4232045165,68,36,3632,1072543979,40679,2013-06-08,67.6,OZ,1,0.83
4232076415,165,59,5902,107203676,7953,2013-05-19,16,OZ,1,2.87
4232081007,83,99,9904,1071575676,5278,2012-09-03,16,OZ,1,2.29
4232081007,83,37,3709,104178949,11224,2013-03-25,3,OZ,2,0.4
4232084848,143,26,2613,103700030,13481,2012-12-02,36,CT,1,9.99
4232097973,98,0,0,10000,0,2012-11-20,0,,1,0
4232102379,126,27,2704,101901414,8664,2012-12-02,24,OZ,1,2.49
4232107859,211,31,3101,103384434,1257,2012-10-20,2,OZ,1,2.25
4232107859,211,96,9609,1052100050,88199,2013-03-17,0,,1,-1
4232107859,211,96,9609,1052570050,88199,2013-05-05,0,,1,-1
4232109096,431,53,5305,101111010,9907,2013-06-02,10,OZ,3,2.97
4232117852,12,36,3603,104300040,26420,2013-06-07,256,OZ,1,2.5
4232174949,214,9,901,104122040,20514,2012-10-06,12,OZ,2,1.96
4232189821,214,36,3612,104122040,23511,2012-11-23,128,OZ,1,1
4232198471,214,51,5126,102113121,11151,2012-09-22,15,OZ,1,2.5
4232198471,214,0,0,10000,20405,2013-02-18,0,,1,4.98
4232198471,214,28,2806,1063561767,19852,2013-05-23,16,OZ,1,3.28
4232204949,206,4,415,107339070,11515,2012-12-06,1.32,OZ,1,0.88
4232256987,46,41,4110,103940030,71386,2013-01-27,28,OZ,1,1.89
4232256987,46,36,3604,107800070,2829,2013-03-11,67.6,OZ,2,2
4232256987,46,36,3627,107800070,23362,2013-06-11,20,OZ,1,1.48
4232340635,360,23,2301,107680878,1393,2012-12-13,16,OZ,1,1.79
4232778441,108,53,5305,104120646,27330,2012-09-03,9,OZ,1,1.99
4232846979,377,36,3601,104900040,3809,2012-12-19,67.6,OZ,2,3.38
4232849744,377,97,9753,10000,0,2012-09-25,1,CT,1,5.35
4232866484,85,29,2904,101600010,7860,2012-10-13,4.9,OZ,1,1
4233151322,507,22,2210,103700030,5174,2012-10-24,51,OZ,1,4.99
4233198345,507,7,708,108523989,833,2013-04-12,12,OZ,3,18
4233360903,509,9,902,103010030,3744,2012-09-29,16,OZ,1,2.45
4233360903,509,18,1802,104316848,25919,2012-10-02,4,CT,2,4.14
4233360903,509,58,5827,104470040,13310,2012-11-24,16,OZ,1,4.97
4233360903,509,9,917,107373171,11786,2013-02-16,17.5,OZ,1,2.1
4233518257,240,20,2002,105100050,27873,2012-12-27,46,OZ,2,5
4233585698,31,25,2506,105000050,32115,2013-06-01,32,OZ,1,3.99
4233613855,16,45,4511,1075480777,610,2012-09-04,28,OZ,4,19.96
4233613855,16,0,0,10000,0,2012-11-14,0,,1,1.84
4233613855,16,38,3801,1075480777,610,2013-07-15,4,LB,1,3.19
4233617393,101,9,907,107130575,11013,2012-11-23,20,OZ,1,3.79
4233617393,101,63,6319,102073525,18893,2013-04-15,64,OZ,1,1.99
4233639959,65,44,4404,104593747,708,2012-10-24,24,OZ,1,3.99
4233647113,65,8,821,103582636,6564,2013-03-24,10,OZ,1,1.19
4233652192,68,3,311,105150050,14029,2012-11-12,16,OZ,1,-0.76
4233709123,431,62,6202,102484222,2542,2012-10-18,9,OZ,1,3.5
4233767161,214,49,4901,101312010,26885,2013-06-15,32,OZ,1,2.42
4233770303,214,64,6401,107289070,8159,2012-09-10,144,OZ,1,14.99
4233770303,214,59,5902,1076770777,9587,2013-02-05,8,OZ,1,2.5
4233779815,214,9,917,104122040,23511,2013-01-23,27,OZ,1,3.75
4233787085,214,3,311,105150050,14029,2012-10-13,16,OZ,1,1.48
4233787085,214,5,504,1074982676,14700,2012-11-20,2.01,OZ,1,1
4233801671,46,26,2622,102570020,20361,2013-05-29,24,CT,1,3.12
4233865716,3,73,7304,1064786565,322,2013-06-07,10,CT,1,7.49
4233870390,14,96,9609,1055703757,88199,2013-05-07,0,,2,-1
4233871265,20,63,6315,102113020,10786,2013-02-10,32,OZ,1,1.29
4233876795,4,73,7312,1030006535,375,2012-11-30,0.33,OZ,1,11.99
4233876795,4,8,816,102113020,16397,2013-05-12,16,OZ,1,2.49
4234187717,42,9,914,1073188878,35198,2013-01-08,18,OZ,1,3.39
4234344317,122,63,6325,107590070,2073,2013-03-08,20,OZ,1,4.99
4234370375,24,79,7903,109256797,27869,2012-09-25,1,CT,1,3.99
4234370375,24,7,709,102550020,6550,2013-03-22,3.81,OZ,1,8.49
4234371396,24,95,9517,107050878,4361,2012-12-15,20,CT,1,0.99
4234381404,85,9,907,107225070,12465,2012-10-13,20,OZ,1,3.29
4234385398,85,99,9909,107127979,6732,2013-06-13,9.8,OZ,1,3.99
4234575443,507,55,5558,107255474,35506,2012-12-02,36.8,OZ,1,5.94
4234575443,507,51,5125,101380010,10271,2013-06-18,9,OZ,1,2.39
4234802806,510,99,9908,1060580666,7655,2012-12-03,12,OZ,1,2.84
4234818371,510,97,9753,1084034181,0,2012-12-18,1,CT,2,2
4234824195,510,33,3302,102700020,57417,2012-09-04,9.18,OZ,1,2.39
4234919799,104,10,1011,105283959,53111,2013-01-25,4,OZ,2,1
4234919799,104,8,826,104973343,3492,2013-03-05,5,OZ,1,3.39
4234922009,104,37,3707,102400020,3843,2012-10-11,32,OZ,3,6
4234922009,104,31,3101,105210050,11382,2013-02-09,0.9,OZ,1,5.89
4234922009,104,9,907,104114444,9181,2013-03-23,11,OZ,1,3.49
4234957585,31,25,2506,102114020,19950,2013-05-27,32,OZ,1,3.49
4234982088,40,36,3618,104900040,23359,2012-12-09,67.6,OZ,4,6
4234999884,101,45,4511,102370020,18969,2012-11-14,25,OZ,1,8.99
4235000192,101,99,9904,105410757,33170,2012-11-21,80,OZ,1,4.99
4235002092,101,58,5823,104470040,13310,2013-03-17,9,OZ,1,3.99
4235055148,65,51,5115,107218070,6718,2013-03-01,20.28,OZ,1,4.79
4235061377,165,35,3509,102420020,14716,2012-09-08,75,OZ,1,3.99
4235094342,12,96,9609,1054650050,88199,2012-11-12,0,,1,-1
4235094342,12,21,2111,104180040,19713,2013-05-02,64,OZ,1,3.99
4235118445,166,29,2906,102548424,12334,2012-11-15,16,OZ,4,9.96
4235126423,96,58,5824,105450050,1322,2012-10-05,14,OZ,1,4.99
4235126423,96,21,2117,102500020,26108,2013-02-14,67.5,OZ,1,2.25
4235126478,96,56,5609,102100020,2321,2013-03-12,3.9,OZ,10,10
4235140399,214,36,3613,1085386888,22175,2013-05-20,192,OZ,1,4.57
4235184148,214,56,5620,102100020,9886,2012-11-05,8,OZ,1,2.52
4235193079,214,58,5837,103760030,8501,2013-01-30,6,OZ,1,2.98
4235196234,206,64,6401,103410030,31269,2012-09-16,288,OZ,1,11.47
4235216447,46,21,2105,104900040,14357,2012-12-10,32,OZ,4,3.16
4235266652,3,59,5902,103450030,10165,2012-11-21,8,OZ,1,2.99
4235756236,377,8,811,103620030,1698,2012-09-05,24,OZ,6,17.88
4235756236,377,56,5616,102100020,9886,2012-09-21,7,OZ,1,3.89
4235756236,377,5,501,1088491282,68868,2012-11-11,32,OZ,2,9.98
4235779970,85,64,6408,108312080,38393,2013-01-19,0.75,LT,6,19.98
4236116213,508,26,2633,105400050,16048,2012-12-12,15,RL,1,11.13
4236293507,104,33,3305,102840020,5141,2013-03-25,16,OZ,2,7
4236293507,104,36,3628,107800070,17203,2013-03-25,20,OZ,2,2.5
4236293507,104,9,901,104400040,12661,2013-05-21,12,OZ,1,5.49
4236299603,104,64,6409,108869282,27468,2013-02-08,0.75,LT,1,16.97
4236299830,104,5,501,101600010,3331,2013-03-15,17,OZ,1,3.67
4236316810,241,51,5125,101380010,10271,2013-06-10,6,OZ,1,3.39
4236342238,31,72,7205,103500030,3830,2012-09-30,6.4,OZ,1,2.99
4236342238,31,69,6901,107940070,4696,2012-12-05,3,OZ,1,3.29
4236362675,40,9,922,102430020,10577,2013-01-14,11,OZ,1,1.5
4236362675,40,63,6330,102114020,19950,2013-02-24,16,OZ,1,3.99
4236362675,40,8,836,107040474,14245,2013-04-10,16,OZ,1,2.99
4236364272,40,72,7205,105310050,804,2013-01-20,5.6,OZ,1,1.99
4236380196,101,33,3303,102840020,10241,2012-11-29,10,OZ,1,3.5
4236380197,101,8,811,104112949,3635,2013-06-06,44,OZ,1,3.99
4236383672,101,35,3504,103700030,4628,2013-02-01,30,OZ,1,4.65
4236383672,101,21,2108,1068826767,81691,2013-02-17,64,OZ,2,4.38
4236384441,77,56,5616,104610040,15889,2012-09-26,7,OZ,1,2.5
4236384441,77,51,5125,102580020,16668,2012-09-28,6.11,OZ,1,2.5
4236407907,65,17,1703,102340020,16836,2012-10-23,25.4,OZ,1,2.99
4236407907,65,8,818,103620030,14868,2013-03-24,16,OZ,1,1.5
4236407907,65,63,6315,1072543979,40679,2013-05-01,32,OZ,1,1.49
4236414956,70,41,4107,1072543979,40679,2013-03-14,15,OZ,1,0.67
4236448994,58,18,1828,1060240666,19393,2012-09-15,2,CT,2,2.38
4236449280,58,29,2902,103760030,8501,2012-10-11,15,OZ,10,12.5
4236449280,58,25,2506,104127141,26189,2013-01-30,32,OZ,2,6.68
4236470071,63,73,7304,1030008535,4082,2012-09-09,16,CT,1,5.79
4236495762,166,10,1013,103890030,5072,2012-12-10,16,OZ,2,5
4236501487,96,26,2628,103040030,17034,2013-06-03,1,RL,2,3.18
4236532622,214,41,4107,104122040,23511,2013-01-25,12,OZ,1,0.69
4236532622,214,51,5117,1085998787,28470,2013-03-07,26.4,OZ,1,4
4236555060,214,56,5609,104122040,23511,2013-06-06,24,OZ,1,1.88
4236634468,46,64,6408,101834111,1387,2013-04-26,1.5,LT,2,19.98
4236634468,46,69,6901,101700010,15288,2013-06-02,6,OZ,1,3.99
4237137660,285,55,5557,107457070,26051,2013-01-31,3.6,OZ,8,9.04
4237140435,285,33,3315,107797575,27417,2012-11-19,6,OZ,1,3
4237140435,285,26,2611,103600030,14191,2012-11-28,39,CT,1,14.99
4237140448,285,29,2922,107485474,42979,2012-11-05,26,OZ,1,2.39
4237140448,285,9,901,1078096171,8961,2013-02-05,7,OZ,1,4.99
4237194711,377,21,2108,1071754474,17649,2012-10-29,64,OZ,1,2.49
4237194711,377,58,5827,104470040,13310,2012-11-22,12,OZ,1,3.99
4237194711,377,63,6316,1071754474,17653,2013-01-13,16,OZ,1,1.99
4237198002,377,41,4105,1071754474,17649,2013-02-21,14.5,OZ,2,1.96
4237224347,85,33,3305,102840020,5141,2013-02-16,11.5,OZ,1,3.5
4237224347,85,37,3703,105100050,2820,2013-04-29,26,OZ,1,2.29
4237242971,520,73,7309,101182212,15327,2013-06-15,8,CT,1,9.99
4237652597,510,72,7205,105310050,804,2013-04-18,8.2,OZ,1,1.67
4237662195,510,97,9753,1049064040,0,2012-10-19,1,CT,1,15.74
4237745912,104,30,3010,107110070,8280,2012-11-15,1,OZ,1,1.66
4237816858,40,9,922,102430020,10577,2013-03-09,12,OZ,1,1.75
4237816858,40,56,5616,102114020,19950,2013-03-30,8,OZ,1,1.98
4237867380,40,9,907,101220010,11528,2012-09-29,20,OZ,2,2.39
4237871500,40,27,2704,103810030,29945,2013-06-03,6,OZ,1,2.5
4237878478,40,29,2930,103760030,72948,2013-02-02,10,OZ,4,7.96
4237890632,21,99,9908,104119040,16347,2013-01-31,16,OZ,1,1.67
4237891973,21,9,902,104119040,16347,2013-03-09,8.5,OZ,2,3.98
4237894534,101,97,9753,101313111,0,2013-02-13,1,CT,1,9.99
4237894534,101,0,0,10000,20405,2013-02-23,0,,1,-0.49
4237898184,101,36,3630,107800070,23561,2013-06-17,96,OZ,1,3.67
4237899615,77,71,7102,1030813737,9259,2013-02-11,15,OZ,1,3
4237900307,77,51,5134,107078474,18552,2013-02-18,20,OZ,1,3.69
4237900307,77,33,3302,107078474,18552,2013-04-18,9.9,OZ,2,1.99
4237903369,101,9,901,103010030,3454,2012-11-20,4.44,OZ,1,2.99
4237985573,64,29,2920,101600010,1756,2012-10-14,6.6,OZ,1,1.69
4238001526,69,9,901,104400040,13243,2012-11-08,8.5,OZ,1,3.99
4238041344,165,97,9781,10000,8255,2013-04-14,1,CT,1,-2.11
4238063100,126,27,2704,107910070,85180,2012-09-28,7,OZ,2,2.98
4238063100,126,8,805,105100050,2820,2012-10-07,9,OZ,1,2.59
4238063100,126,36,3611,106827464,30855,2013-06-21,405.6,OZ,1,2.99
4238072883,63,18,1828,106233868,319,2013-04-17,1,OZ,1,4.99
4238090915,26,19,1908,105150050,9189,2013-03-23,18,OZ,1,2.99
4238090915,26,63,6305,104850040,18799,2013-05-05,59,OZ,2,5.98
4238090915,26,26,2633,103040030,683,2013-05-26,4,RL,1,1.04
4238128352,89,63,6311,104850040,18799,2013-05-15,46,OZ,1,2.99
4238181784,96,57,5707,107047070,20230,2012-09-16,36,OZ,1,5.49
4238182819,96,50,5001,101380010,27474,2012-09-09,16,OZ,2,5
4238182819,96,0,0,10000,0,2012-10-18,0,,1,0
4238183741,96,0,0,10000,0,2013-06-19,0,,1,0
4238184115,96,51,5116,107192171,25673,2012-10-28,28.2,OZ,1,7.69
4238184115,96,21,2117,1065762262,26129,2012-11-08,54,OZ,1,3.34
4238184115,96,5,501,101600010,3331,2013-01-18,16.2,OZ,1,5
4238184115,96,73,7340,1030004535,8755,2013-03-25,4,OZ,1,5.49
4238184146,96,55,5567,1078978575,16558,2013-04-14,24,OZ,1,2.49
4238186286,96,4,405,103003434,7175,2012-12-10,10.5,OZ,1,1.25
4238186286,96,63,6317,104157040,2017,2012-12-23,64,OZ,1,3.39
4238209134,214,29,2906,1076566777,711,2012-11-30,8,OZ,1,2.99
4238209134,214,9,902,101410010,45039,2013-01-11,6.6,OZ,1,1.67
4238209134,214,73,7319,1075618474,10576,2013-02-22,1,OZ,1,5.18
4238209134,214,5,501,101600010,18781,2013-03-01,14.8,OZ,1,2.98
4238286773,214,6,601,107092070,17882,2012-11-25,7.3,OZ,1,1.28
4238286773,214,2,201,101600010,1756,2012-11-29,15.25,OZ,1,1.12
4238286773,214,8,801,101300010,8164,2013-01-04,20,OZ,1,1.98
4238292712,214,64,6409,104830242,42762,2012-10-23,0.75,LT,1,10.52
4238322852,214,63,6320,1071514171,25530,2012-09-24,12,CT,1,2.48
4238322852,214,36,3603,104300040,4371,2013-02-20,384,OZ,1,2.18
4238322852,214,41,4121,104122040,23511,2013-04-16,15,OZ,3,1.77
4238322852,214,33,3308,102840020,3336,2013-05-09,1,OZ,1,0.5
4238322852,214,4,416,104000040,26517,2013-06-17,1.08,OZ,1,0.68
4238325361,214,29,2925,104122040,23511,2012-10-19,28,OZ,1,1.17
4238325361,214,64,6401,103410030,11704,2012-12-24,24,OZ,2,3.34
4238332606,214,59,5905,102700020,6455,2012-12-27,11.9,OZ,1,2.12
4238384112,46,22,2207,103700030,18371,2012-10-21,36,OZ,1,6.99
4238384112,46,29,2928,107142979,20299,2013-03-07,8,OZ,1,1.8
4238425981,46,56,5607,102100020,13967,2012-09-07,12,OZ,1,3.99
4238566086,17,58,5827,107989373,29344,2012-12-01,12,OZ,1,4.99
4238566086,17,19,1908,105150050,9189,2013-02-02,12,OZ,1,3.29
4238566086,17,1,106,1089018080,14157,2013-02-27,4,OZ,2,2.98
4238588384,15,99,9908,10000,33170,2012-11-18,10,OZ,1,0.1
4238588384,15,7,707,104300040,7161,2013-03-30,12,OZ,1,8.99
4239222471,42,99,9909,107127979,6732,2013-02-21,6.5,OZ,2,7.78
4239222981,42,63,6315,104149747,19710,2013-01-01,64,OZ,1,1.9
4239488087,293,63,6320,101115010,15530,2012-10-11,12,CT,1,1.49
4239490369,285,64,6409,108678585,15857,2012-12-16,0.75,LT,1,7.49
4239578990,109,36,3611,107417575,20614,2012-09-08,405.6,OZ,1,2.99
4239578990,109,56,5617,102100020,9886,2013-01-20,16,OZ,1,3.49
4239606971,24,99,9902,107637171,21676,2012-12-29,12,OZ,2,3
4239612311,377,9,907,105040050,14883,2012-10-10,16,OZ,1,1.99
4239628537,24,30,3002,102100020,11761,2012-11-16,30,OZ,1,4.49
4239644477,377,39,3903,1071754474,17649,2012-11-19,36,OZ,1,3.99
4239656048,24,9,907,107313070,13291,2013-03-19,24,OZ,1,2.5
4239657612,24,9,907,1069899767,18981,2012-11-17,12,OZ,1,4.99
4240116199,508,16,1604,102200020,13228,2012-09-12,14,CT,2,1.98
4240116199,508,35,3508,103700030,18371,2012-11-09,75,OZ,1,9.99
4240166419,508,36,3601,101200010,13794,2013-05-03,144,OZ,1,3
4240176731,508,17,1726,101920010,10882,2013-02-13,35,CT,2,5.22
4240176731,508,58,5814,104470040,10837,2013-02-20,4.3,OZ,2,2.62
4240551826,507,92,9210,102270020,4197,2013-02-08,0.14,OZ,1,5.94
4240738948,510,97,9753,1080171484,0,2013-03-24,1,CT,4,6.28
4240755055,508,39,3903,103000030,1058,2012-09-16,24,OZ,1,3.09
4241065975,16,26,2633,105400050,16048,2012-12-22,1,RL,2,2.58
4241070157,21,58,5827,104119040,16347,2012-10-22,16,OZ,1,3.99
4241071805,101,36,3634,1085119989,14480,2012-11-15,640,OZ,1,6.99
4241071805,101,35,3504,103500030,13470,2013-01-20,25,OZ,2,5
4241071805,101,21,2112,1089899989,19445,2013-02-16,16.9,OZ,1,2.79
4241072412,101,36,3628,101200010,12029,2013-03-24,144,OZ,1,4.99
4241072412,101,97,9736,107177474,88446,2013-03-24,4,CT,1,3
4241072412,101,97,9753,1023201626,0,2013-04-28,1,CT,1,1.99
4241072420,101,63,6305,104850040,18799,2013-03-05,89,OZ,1,5.49
4241072553,101,9,901,103010030,6852,2012-10-19,4.24,OZ,1,2.79
4241072678,101,0,0,10000,0,2012-10-02,0,,1,2.29
4241072678,101,26,2630,1068826767,81691,2013-06-25,80,CT,5,5
4241112083,65,81,8101,102820020,11186,2013-03-15,1,CT,1,4.93
4241116458,68,99,9908,1088264585,33170,2013-03-02,1,CT,1,2.6
4241146557,165,9,907,107203676,7953,2012-12-09,19,OZ,1,2.5
4241147494,165,26,2628,1073291373,23643,2012-12-09,1,RL,1,2.49
4241172880,98,99,9908,101111010,9907,2012-09-26,80,OZ,1,2.99
4241172880,98,95,9518,1061029060,7848,2013-05-25,1,CT,1,4.49
4241172880,98,5,519,101111010,9907,2013-06-18,12.5,OZ,3,5.01
4241178630,89,59,5907,102900020,2012,2012-11-13,16,OZ,1,0.89
4241178630,89,92,9204,1073150979,9732,2013-02-19,1,CT,1,1.59
4241178630,89,63,6320,101111010,9907,2013-06-27,12,CT,1,0.89
4241220556,96,59,5902,103450030,10165,2013-05-29,7,OZ,1,2.49
4241251369,214,63,6315,104138343,10091,2013-02-10,96,OZ,1,4.98
4241284237,214,73,7359,103160434,12423,2013-02-15,120,CT,1,5.7
4241296646,214,97,9753,1020401323,0,2013-03-16,1,CT,1,2
4241296646,214,8,801,104122040,107600,2013-06-24,20,OZ,1,2.25
4241310835,214,9,907,104122040,20514,2013-05-27,12,OZ,1,1
4241369304,46,4,418,103400030,15449,2013-03-07,11,OZ,1,3.5
4241410359,46,58,5824,107778272,9260,2013-07-01,14,OZ,1,2.5
4241434423,14,39,3903,1076172070,9488,2012-11-17,16,OZ,1,2.44
4241434423,14,9,907,102113020,15704,2013-06-08,20,OZ,1,1.79
4241441079,95,9,901,104400040,12279,2013-03-10,12,OZ,1,4.49
4241441079,95,63,6305,101630010,6509,2013-05-27,89,OZ,1,5
4241441794,95,99,9904,102113020,15704,2013-02-06,128,OZ,1,5.99
4241461883,360,63,6320,1085281080,10165,2013-01-18,12,CT,1,3.29
4241700900,396,33,3312,102840020,10241,2012-10-11,5.5,OZ,2,3.58
4241743508,42,33,3305,102840020,5141,2012-11-28,11.5,OZ,1,4.29
4241864121,285,28,2805,101115010,15530,2012-09-16,13,OZ,1,5.12
4241918229,122,63,6321,104082242,15667,2012-12-27,10,OZ,1,4.49
4241919940,122,51,5117,107465373,9039,2012-10-21,17.2,OZ,1,4.49
4241927988,376,9,907,107158070,24625,2012-09-30,12,OZ,1,0.94
4241927988,376,99,9908,103710232,11930,2013-02-18,8,OZ,1,1.99
4241976016,520,4,421,102200020,16565,2012-12-13,1.2,OZ,1,0.97
4242298043,508,30,3008,102100020,9886,2012-09-16,16,OZ,1,1.04
4242298043,508,45,4508,104440040,7504,2012-10-13,13.3,OZ,1,6.28
4242298043,508,64,6401,101820010,2510,2013-06-08,288,OZ,1,17.31
4242403773,510,26,2613,1075940979,23664,2012-11-26,82,CT,1,13.99
4242500350,510,72,7209,1030004131,26880,2013-01-30,54,YD,2,2.25
4242532200,508,58,5823,108523989,11176,2013-04-28,9,OZ,2,4.9
4242534946,510,97,9753,1020404828,0,2012-12-31,1,CT,2,1.03
4242554994,508,92,9204,109500898,21346,2013-06-16,0.46,OZ,2,16.34
4242567500,507,36,3634,1078616272,7237,2012-10-22,101.4,OZ,1,5.24
4242567500,507,71,7111,1037003030,23664,2013-05-23,6,OZ,2,39.36
4242569377,508,36,3612,108523989,11176,2013-01-14,128,OZ,1,0.93
4242569377,508,9,908,107203070,5812,2013-03-10,8.25,OZ,1,2.98
4242569377,508,8,836,108523989,11176,2013-05-12,128,OZ,1,2.72
4242578304,507,15,1506,103120030,12957,2013-02-23,6,OZ,1,2.13
4242597626,507,97,9753,1049093040,0,2013-05-31,1,CT,1,7.55
4242609716,507,97,9763,1084566282,33170,2013-06-01,1,CT,2,12.58
4242612161,510,97,9717,109736191,13545,2013-03-04,1,CT,1,9.99
4242644624,510,97,9753,10695488464,0,2013-02-03,1,CT,1,1.05
4242650358,510,92,9210,107124979,21913,2013-01-13,0.35,OZ,1,12.59
4242691072,507,97,9753,10978052595,0,2013-03-19,1,CT,1,20.48
4242712648,508,8,836,108523989,11176,2013-06-06,128,OZ,2,5.47
4242716125,507,33,3308,108523989,11176,2012-11-13,20,OZ,1,4.71
4242759060,508,9,901,103010030,6852,2013-03-01,6.6,OZ,1,1.98
4242840280,163,4,410,107339070,23682,2013-01-24,3.3,OZ,1,1.19
4242840645,233,41,4105,106414464,70939,2012-10-12,10,OZ,3,3.66
4242843025,233,64,6410,1063598565,11683,2012-10-19,134.4,OZ,1,13.49
4242897032,40,36,3618,104900040,23359,2012-11-06,240,OZ,1,6.49
4242900273,16,63,6311,104850040,18799,2012-11-30,59,OZ,13,51.87
4242929833,65,45,4509,103582636,6564,2013-05-12,16,OZ,2,21.73
4242940880,64,41,4105,106414464,70939,2013-01-12,10,OZ,1,1
4242968778,165,4,417,101070010,11692,2012-09-13,5,OZ,1,1.5
4242968778,165,56,5607,107203676,7953,2012-12-16,12,OZ,1,1.99
4242968778,165,36,3628,101200010,12029,2013-01-23,101.4,OZ,1,2.75
4242971348,83,51,5123,107057575,60780,2012-09-11,26,OZ,1,2.47
4242971348,83,33,3305,102840020,5141,2012-12-30,11.5,OZ,1,2.5
4242971348,83,29,2914,102100020,9886,2013-02-04,7.25,OZ,2,2
4242971348,83,58,5823,105190050,26456,2013-02-07,16,OZ,1,3.98
4242971348,83,29,2914,102100020,9886,2013-04-29,7.25,OZ,2,2
4242996049,431,0,0,10000,0,2012-09-18,0,,2,0
4243002230,12,37,3706,104119646,14582,2013-06-10,19,OZ,1,1.5
4243014481,191,0,0,10000,0,2013-04-14,0,,4,0
4243014481,191,74,7402,105100959,14701,2013-05-14,8,OZ,1,1.79
4243014481,191,33,3307,101030010,5740,2013-06-16,7,OZ,1,2.99
4243019533,215,56,5615,103680030,6561,2013-04-18,8,OZ,2,3.28
4243024557,166,9,907,107294575,15878,2012-10-14,20,OZ,2,5.98
4243024557,166,63,6315,103190333,1436,2012-11-08,128,OZ,1,2.79
4243027917,184,41,4110,103940030,71386,2012-11-18,8.3,OZ,1,1.49
4243027917,184,41,4108,103940030,71386,2013-01-02,15.5,OZ,1,1.49
4243027917,184,16,1604,102200020,6021,2013-01-11,15,CT,1,1.25
4243027917,184,4,416,104000040,16765,2013-01-20,3.29,OZ,1,1.95
4243027917,184,36,3618,101200010,23361,2013-02-25,67.6,OZ,1,1.99
4243027917,184,26,2630,1074164373,10768,2013-05-13,100,CT,2,2.3
4243031903,96,33,3309,102840020,18584,2013-03-24,13,OZ,1,4.29
