2255653295,134,26,2609,101121313,17040,2012-04-24,45,CT,3,8.97
2255653295,134,55,5567,1078978575,16558,2012-04-25,5.8,OZ,4,6.36
2255653295,134,45,4509,1073114979,792,2012-04-25,32,OZ,1,9.99
2255653295,134,8,818,105100050,14403,2012-04-25,23.5,OZ,4,8.56
2255653295,134,33,3303,104120040,9914,2012-04-25,8,OZ,3,8.01
2255653295,134,4,410,101120616,16681,2012-04-26,16,OZ,1,2.89
2255653295,134,33,3307,101411313,23033,2012-04-26,7,OZ,4,10.85
2255653295,134,73,7304,1032390030,30125,2012-04-26,6,OZ,1,5.69
2255653295,134,33,3307,101121313,17040,2012-04-26,9,OZ,3,16.65
2255653295,134,8,830,102376929,5244,2012-04-26,80,OZ,1,6.49
2255653295,134,24,2403,105100050,17812,2012-04-27,12.5,OZ,4,13.66
2255653295,134,81,8103,107013777,11658,2012-04-27,5,CT,3,16.47
2255653295,134,63,6312,105020050,52045,2012-04-27,64,OZ,5,9.93
2255653295,134,57,5707,107047070,20230,2012-04-27,12,OZ,1,2.19
2255653295,134,15,1506,103120030,12957,2012-04-28,10,OZ,1,3.87
2255653295,134,63,6399,107590070,2073,2012-04-28,20,OZ,1,3.99
2255653295,134,3,309,101121313,17040,2012-04-28,7,OZ,1,1.69
2255653295,134,58,5814,104470040,10837,2012-04-28,3.1,OZ,2,3.98
2255653295,134,19,1908,105150050,9189,2012-04-29,12,OZ,1,2.99
2255653295,134,58,5823,101121313,17040,2012-04-29,9,OZ,36,116.36
2255653295,134,9,907,107294575,15878,2012-04-29,20,OZ,10,23.07
2255653295,134,6,610,1087277484,6806,2012-04-29,11.5,OZ,1,2.19
2255653295,134,79,7901,107244070,45779,2012-04-30,1,CT,1,3.5
2255653295,134,64,6409,108500080,20694,2012-04-30,0.75,LT,1,10.49
2255653295,134,8,810,105210050,11382,2012-04-30,0.87,OZ,2,2.88
2255653295,134,92,9211,1060933262,32336,2012-04-30,0.06,OZ,1,1
2255653295,134,14,1415,101121313,17040,2012-04-30,15,OZ,2,2.78
2255653295,134,91,9129,108043282,19880,2012-04-30,0.75,LT,1,20.99
2255653295,134,26,2619,101370010,8154,2012-04-30,28,CT,2,17.58
2255653295,134,81,8101,102820020,11186,2012-05-01,10,CT,1,52.4
2255653295,134,36,3601,104900040,3809,2012-05-01,288,OZ,2,16.86
2255653295,134,5,516,103000030,14760,2012-05-01,6.5,OZ,2,4.86
2255653295,134,33,3308,104120040,9113,2012-05-02,8,OZ,1,2.99
2255653295,134,60,6011,101800010,14029,2012-05-02,16.3,OZ,7,14.58
2255653295,134,71,7106,103700030,8047,2012-05-02,14.2,OZ,2,10.58
2255653295,134,51,5123,107218070,2148,2012-05-04,22.66,OZ,2,16.86
2255653295,134,91,9109,108200080,78358,2012-05-04,0.75,LT,2,19.98
2255653295,134,29,2905,102400020,3988,2012-05-04,15,OZ,1,1.99
2255653295,134,36,3601,101200010,13794,2012-05-04,67.6,OZ,29,36.46
2255653295,134,81,8103,107013777,11658,2012-05-04,7,CT,1,4.19
2255653295,134,16,1604,102200020,20100,2012-05-04,15,CT,11,17.91
2255653295,134,26,2613,103700030,13481,2012-05-04,26,CT,1,9.49
2255653295,134,97,9753,1020334222,0,2012-05-05,1,CT,1,10.18
2255653295,134,12,1206,108660080,2559,2012-05-05,12,OZ,3,11.57
2255653295,134,18,1831,107116979,1756,2012-05-05,24,CT,2,3.38
2255653295,134,63,6312,105020050,52045,2012-05-05,54,OZ,1,3.49
2255653295,134,21,2110,101121313,17040,2012-05-05,64,OZ,1,2.79
2255653295,134,41,4107,107321474,11575,2012-05-05,16,OZ,1,3.39
2255653295,134,26,2628,101122515,19197,2012-05-05,3,RL,3,5.69
2255653295,134,36,3611,101200010,803,2012-05-06,20,OZ,9,14.31
2255653295,134,4,405,1060069969,55864,2012-05-06,24,OZ,5,17.45
2255653295,134,8,809,105100050,2820,2012-05-06,10.5,OZ,2,3.18
2255653295,134,29,2903,106414464,3342,2012-05-07,14.5,OZ,1,-0.03
2255653295,134,40,4001,1061300868,867,2012-05-07,169,OZ,1,2.27
2255653295,134,51,5123,103620030,1698,2012-05-07,24,OZ,1,8.49
2255653295,134,64,6401,101820010,11616,2012-05-08,12,OZ,7,6.49
2255653295,134,51,5122,108298888,19799,2012-05-09,9.5,OZ,1,4.99
2255653295,134,5,501,101121313,17040,2012-05-09,14.5,OZ,2,5.68
2255653295,134,6,610,107084777,11910,2012-05-10,16,OZ,11,15.13
2255653295,134,73,7312,1030006535,375,2012-05-10,0.17,OZ,1,14.49
2255653295,134,57,5704,107047070,20230,2012-05-10,6,OZ,43,21.56
2255653295,134,70,7005,104650040,12977,2012-05-11,3,OZ,1,5.99
2255653295,134,58,5831,104222242,26234,2012-05-11,24,OZ,1,7.04
2255653295,134,58,5814,104470040,10837,2012-05-11,13.1,OZ,1,3.99
2255653295,134,9,912,104812141,18322,2012-05-11,13,OZ,2,7.98
2255653295,134,9,902,104400040,19783,2012-05-11,16,OZ,1,4.49
2255653295,134,64,6401,101820010,12358,2012-05-11,24,OZ,6,2.66
2255653295,134,58,5824,107778272,9260,2012-05-12,19,OZ,31,156.19
2255653295,134,63,6325,107590070,2073,2012-05-12,20,OZ,1,5.49
2255653295,134,36,3631,107800070,23209,2012-05-13,101.4,OZ,24,100.72
2255653295,134,26,2630,101121313,17040,2012-05-13,230,CT,1,2.15
2255653295,134,55,5567,107756777,2347,2012-05-13,18,OZ,1,5.19
2255653295,134,31,3108,1071548373,20467,2012-05-13,12.2,OZ,-2,-9.98
2255653295,134,5,516,103800030,24525,2012-05-13,6.3,OZ,3,5.14
2255653295,134,55,5558,101121313,17040,2012-05-14,30,OZ,2,5.86
2255653295,134,51,5126,102113121,11151,2012-05-14,14,OZ,4,15.64
2255653295,134,4,418,104000040,11198,2012-05-14,40,OZ,1,10.49
2255653295,134,21,2106,103120030,12957,2012-05-15,101.4,OZ,2,9.98
2255653295,134,62,6201,107349171,9883,2012-05-15,22,OZ,4,11.04
2255653295,134,1,106,101500010,29555,2012-05-15,6.6,OZ,1,2.09
2255653295,134,16,1604,102200020,13228,2012-05-16,28,CT,2,4.9
2255653295,134,51,5127,103100030,1358,2012-05-17,10.25,OZ,1,1.59
2255653295,134,57,5710,1089470080,21065,2012-05-18,5.3,OZ,57,71.25
2255653295,134,36,3629,104900040,6716,2012-05-18,67.6,OZ,1,1.79
2255653295,134,51,5115,107192171,78492,2012-05-18,16.1,OZ,1,5.87
2255653295,134,9,902,103800030,17050,2012-05-18,8,OZ,2,7.98
2255653295,134,4,405,1060069969,55864,2012-05-18,16,OZ,11,24.02
2255653295,134,4,410,107920070,20031,2012-05-19,12,OZ,3,4.22
2255653295,134,51,5106,103100030,9626,2012-05-19,8.8,OZ,1,2.69
2255653295,134,21,2118,1083609383,9003,2012-05-20,48,OZ,2,11.58
2255653295,134,4,416,104000040,11698,2012-05-20,3.63,OZ,1,1.49
2255653295,134,36,3611,104900040,4599,2012-05-21,33.8,OZ,2,2.5
2255653295,134,9,902,104400040,15335,2012-05-21,14.6,OZ,1,2.99
2255653295,134,26,2622,102570020,20361,2012-05-22,100,CT,1,3.99
2255653295,134,45,4509,1088505080,41481,2012-05-22,32,OZ,5,57.72
2255653295,134,5,516,102430020,17616,2012-05-22,2,OZ,6,1.88
2255653295,134,56,5614,101121313,17040,2012-05-22,12,OZ,4,15.96
2255653295,134,12,1205,108660080,2559,2012-05-22,5,OZ,4,5.28
2255653295,134,38,3802,104920040,5098,2012-05-22,1,LB,1,1.59
2255653295,134,51,5126,102113121,11151,2012-05-23,14,OZ,1,4.19
2255653295,134,73,7305,102260020,875,2012-05-23,2,OZ,1,4.99
2255653295,134,91,9109,108200080,16696,2012-05-23,0.75,LT,4,51.96
2255653295,134,51,5122,107106878,17311,2012-05-23,16,OZ,1,4.99
2255653295,134,34,3411,101111111,5168,2012-05-24,12,OZ,1,4.99
2255653295,134,9,901,104400040,12279,2012-05-24,12,OZ,3,18.17
2255653295,134,49,4901,101312010,26885,2012-05-24,26,OZ,2,5.16
2255653295,134,13,1302,103000030,14760,2012-05-25,24,OZ,2,4.78
2255653295,134,41,4108,101121313,17040,2012-05-26,15,OZ,3,4.05
2255653295,134,72,7214,102200020,13228,2012-05-26,12,CT,3,3.97
2255653295,134,9,902,107396070,47635,2012-05-26,7,OZ,2,6.98
2255653295,134,31,3101,105210050,11382,2012-05-26,6.37,OZ,3,15.57
2255653295,134,96,9639,1079936676,7651,2012-05-26,1,CT,2,117.76
2255653295,134,7,707,104300040,7161,2012-05-26,12,OZ,3,28.97
2255653295,134,36,3618,101200010,23361,2012-05-26,50.7,OZ,2,2
2255653295,134,28,2804,101121313,17040,2012-05-26,4,OZ,2,2.78
2255653295,134,75,7515,1031212636,8998,2012-05-27,6,OZ,1,8.39
2255653295,134,97,9753,10978051595,0,2012-05-27,1,CT,1,7.99
2255653295,134,56,5617,102100020,9886,2012-05-27,14.7,OZ,1,4.99
2255653295,134,26,2619,101121313,17040,2012-05-27,20,CT,4,18.88
2255653295,134,18,1831,1073452474,28718,2012-05-27,1,CT,2,3.9
2255653295,134,49,4901,101121313,17040,2012-05-28,28,OZ,4,10.26
2255653295,134,8,807,107460979,9524,2012-05-28,18,OZ,1,1.99
2255653295,134,97,9753,1023231626,0,2012-05-28,1,CT,1,2.81
2255653295,134,5,501,103000030,58434,2012-05-29,13,OZ,2,5.98
2255653295,134,8,821,107067070,18955,2012-05-29,9,OZ,1,3.49
2255653295,134,43,4302,101121313,17040,2012-05-30,6.5,OZ,2,0.87
2255653295,134,81,8102,104210040,7716,2012-05-31,1.2,OZ,6,20.94
2255653295,134,99,9909,101121313,17040,2012-05-31,10,OZ,5,19.95
2255653295,134,64,6401,107199070,4043,2012-05-31,72,OZ,3,16.33
2255653295,134,18,1828,106233868,319,2012-05-31,1.34,OZ,1,5.79
2255653295,134,58,5837,101121313,17040,2012-06-01,2.1,OZ,5,14.95
2255653295,134,2,201,104144949,9916,2012-06-01,21,OZ,1,3.29
2255653295,134,73,7357,103160434,12423,2012-06-01,100,CT,1,11.59
2255653295,134,29,2904,101600010,7860,2012-06-01,6,OZ,1,1.89
2255653295,134,33,3302,101121313,17040,2012-06-02,9.9,OZ,2,4.78
2255653295,134,40,4004,104100040,10522,2012-06-02,1.25,OZ,1,1.59
2255653295,134,30,3010,104100040,19975,2012-06-02,16,OZ,5,14.71
2255653295,134,59,5902,103450030,10165,2012-06-02,15,OZ,2,8.38
2255653295,134,54,5403,107790070,9200,2012-06-02,18,OZ,1,5.99
2255653295,134,9,902,104400040,19783,2012-06-02,9,OZ,2,7.38
2255653295,134,58,5815,101121313,17040,2012-06-03,3,OZ,2,0.37
2255653295,134,97,9799,105113151,52,2012-06-03,1,CT,1,2.99
2255653295,134,9,907,107294575,15878,2012-06-04,23,OZ,1,3.29
2255653295,134,36,3630,101200010,23361,2012-06-04,67.6,OZ,1,1.79
2255653295,134,8,803,101121313,17040,2012-06-04,20,OZ,2,3.98
2255653295,134,51,5115,107192171,25673,2012-06-04,36.8,OZ,1,8.17
2255653295,134,4,418,103400030,20231,2012-06-04,12,OZ,1,4.19
2255653295,134,51,5117,104280040,18599,2012-06-05,10.7,OZ,1,1.69
2255653295,134,51,5127,103100030,1358,2012-06-05,10.25,OZ,2,3.18
2255653295,134,9,901,103010030,3454,2012-06-05,14.2,OZ,3,10.15
2255653295,134,64,6407,108210080,828,2012-06-06,0.75,LT,2,12.58
2255653295,134,58,5827,107470070,27647,2012-06-06,16,OZ,2,10.98
2255653295,134,58,5812,101590010,1366,2012-06-06,16,OZ,4,7.16
2255653295,134,33,3301,104163343,20842,2012-06-06,10,OZ,1,3.49
2255653295,134,17,1709,107415777,18263,2012-06-07,32,OZ,2,4.78
2255653295,134,64,6409,103125939,20202,2012-06-07,0.75,LT,9,63.92
2255653295,134,99,9904,103338333,33170,2012-06-07,80,OZ,1,5.99
2255653295,134,6,606,105000050,3001,2012-06-07,5.64,OZ,1,5.69
2255653295,134,36,3628,107800070,17203,2012-06-07,101.4,OZ,0,0
2255653295,134,39,3903,101121313,17040,2012-06-07,32,OZ,1,4.99
2255653295,134,29,2928,107142979,20299,2012-06-07,8,OZ,1,2.39
2255653295,134,41,4106,101121313,17040,2012-06-07,4,OZ,4,3.74
2255653295,134,55,5564,104190040,4664,2012-06-08,16,OZ,1,4.59
2255653295,134,79,7901,107447070,47703,2012-06-08,1,CT,1,3
2255653295,134,9,907,101121313,17040,2012-06-08,16,OZ,18,30.4
2255653295,134,26,2622,101121313,17040,2012-06-08,100,CT,2,5.98
2255653295,134,36,3632,102500020,11749,2012-06-08,67.6,OZ,3,3.13
2255653295,134,64,6409,103125939,20202,2012-06-08,0.75,LT,5,40.09
2255653295,134,26,2613,103700030,10861,2012-06-09,40,CT,2,23.98
2255653295,134,5,516,103000030,14760,2012-06-09,6.7,OZ,7,23.91
2255653295,134,27,2711,101780010,9763,2012-06-09,3.5,LB,1,4.59
2255653295,134,31,3108,104127848,9084,2012-06-09,4,OZ,1,2.49
2255653295,134,17,1710,101980010,5251,2012-06-09,32,OZ,1,5.19
2255653295,134,9,907,107130171,17614,2012-06-09,24,OZ,1,2.19
2255653295,134,30,3006,107110070,8280,2012-06-09,16,OZ,1,1.99
2255653295,134,5,501,103800030,6796,2012-06-09,23,OZ,4,17.6
2255653295,134,3,310,107045070,4913,2012-06-10,2.25,OZ,1,2.49
2255653295,134,64,6409,108500080,6706,2012-06-10,0.75,LT,1,21.87
2255653295,134,73,7310,103680030,18533,2012-06-10,32,CT,3,19.47
2255653295,134,23,2301,1081075787,15976,2012-06-10,12,OZ,1,4.99
2255653295,134,33,3315,1078870979,23806,2012-06-12,12,OZ,5,14.36
2255653295,134,57,5705,103663232,4568,2012-06-12,48,OZ,1,6.19
2255653295,134,63,6323,104311949,2648,2012-06-12,16,OZ,10,10
2255653295,134,9,917,104335444,25412,2012-06-12,16,OZ,5,12.33
2255653295,134,36,3618,104900040,23359,2012-06-12,20,OZ,14,10.49
2255653295,134,9,901,104400040,13243,2012-06-12,11.3,OZ,4,16.76
2255653295,134,5,520,103000030,14760,2012-06-12,18,OZ,1,2.99
2255653295,134,97,9753,1020474525,0,2012-06-13,1,CT,1,1.03
2255653295,134,41,4107,101121313,17040,2012-06-14,14,OZ,1,1.19
2255653295,134,34,3411,103700030,13012,2012-06-14,23.6,OZ,1,6.99
2255653295,134,21,2111,103120030,12957,2012-06-14,64,OZ,3,11.77
2255653295,134,97,9753,10978042595,0,2012-06-14,1,CT,1,7.49
2255653295,134,51,5126,101380010,27474,2012-06-14,15.5,OZ,1,4.15
2255653295,134,4,410,107339070,23682,2012-06-15,3.3,OZ,3,5.27
2255653295,134,14,1415,101121313,17040,2012-06-15,30,OZ,1,2.39
2255653295,134,26,2604,107116979,1756,2012-06-15,50,CT,1,2.19
2255653295,134,56,5613,101121313,17040,2012-06-15,8,OZ,3,10.97
2255653295,134,5,501,103000030,58434,2012-06-16,5.5,OZ,14,14
2255653295,134,23,2301,101510010,4255,2012-06-16,12,OZ,2,2.46
2255653295,134,31,3107,104780040,162,2012-06-17,4.5,OZ,1,4.39
2255653295,134,18,1829,1064412464,18905,2012-06-17,1,CT,2,19.98
2255653295,134,79,7901,107189676,44255,2012-06-17,1,CT,1,2.99
2255653295,134,26,2615,103680030,18533,2012-06-17,18,CT,1,3.99
2255653295,134,9,907,107294575,15878,2012-06-17,21,OZ,1,3.29
2255653295,134,58,5814,104470040,10837,2012-06-18,4.2,OZ,6,5.72
2255653295,134,51,5119,102370020,78850,2012-06-18,25.5,OZ,1,9.29
2255653295,134,56,5616,104610040,15889,2012-06-19,7.5,OZ,3,11.47
2255653295,134,45,4508,101960010,19214,2012-06-19,19,OZ,2,13.98
2255653295,134,12,1204,108660080,2559,2012-06-19,4,OZ,1,5.29
2255653295,134,5,501,101600010,14900,2012-06-19,17.1,OZ,1,4.79
2255653295,134,56,5614,102100020,9886,2012-06-19,9,OZ,1,5.79
2255653295,134,7,708,1088133484,5357,2012-06-19,11,OZ,1,9.99
2255653295,134,64,6408,108500080,6967,2012-06-19,1.5,LT,1,12.39
2255653295,134,31,3101,105210050,11382,2012-06-20,1.24,OZ,1,2.99
2255653295,134,39,3903,104300040,10654,2012-06-20,12,OZ,7,18.33
2255653295,134,51,5122,1084637989,43128,2012-06-20,8.5,OZ,8,31.92
2255653295,134,33,3318,107797575,27417,2012-06-20,2.25,OZ,2,1.98
2255653295,134,35,3508,103700030,18371,2012-06-21,50,OZ,6,47.88
2255653295,134,7,708,101121313,17040,2012-06-21,1.5,OZ,17,21.6
2255653295,134,21,2117,102500020,26108,2012-06-22,67.5,OZ,5,13.25
2255653295,134,36,3618,101200010,23361,2012-06-22,144,OZ,35,171.09
2255653295,134,26,2609,101121313,17040,2012-06-22,100,CT,4,17.66
2255653295,134,36,3601,107380070,6226,2012-06-22,144,OZ,2,6.88
2255653295,134,57,5705,101121313,17040,2012-06-22,32,OZ,2,5.18
2255653295,134,26,2622,102570020,20361,2012-06-22,40,CT,4,20.06
2255653295,134,8,801,101300010,8164,2012-06-22,15,OZ,4,12.36
2255653295,134,95,9518,1061029060,6015,2012-06-23,1,CT,28,86.22
2255653295,134,54,5403,107590070,2073,2012-06-23,14.4,OZ,1,4.29
2255653295,134,73,7344,1030076636,18877,2012-06-23,150,CT,1,4.49
2255653295,134,22,2207,104460040,3718,2012-06-23,45.4,OZ,1,8.79
2255653295,134,9,920,103010030,9530,2012-06-23,11,OZ,12,37.04
2255653295,134,33,3318,107797575,27417,2012-06-23,13.5,OZ,2,5.98
2255653295,134,73,7312,107430070,19436,2012-06-24,0.5,OZ,4,19.96
2255653295,134,57,5704,101121313,17040,2012-06-24,6,OZ,33,16.5
2255653295,134,26,2630,103600030,9787,2012-06-24,68,CT,2,2.5
2255653295,134,96,9632,1079936676,11649,2012-06-24,1,CT,2,39.98
2255653295,134,8,807,101300010,9031,2012-06-24,19,OZ,1,2.69
2255653295,134,97,9753,10978031292,0,2012-06-24,1,CT,1,7.99
2255653295,134,45,4513,104222242,26234,2012-06-24,48,OZ,1,9.99
2255653295,134,36,3629,101200010,23360,2012-06-24,67.6,OZ,16,22.82
2255653295,134,63,6313,107357070,8185,2012-06-24,12,OZ,2,4.18
2255653295,134,60,6007,101800010,14029,2012-06-25,12,OZ,1,3.19
2255653295,134,33,3307,102900020,14112,2012-06-26,10.25,OZ,1,6.59
2255653295,134,59,5905,101111515,2445,2012-06-26,15,OZ,3,8.89
2255653295,134,73,7303,1030004535,14393,2012-06-26,3,CT,2,15.98
2255653295,134,71,7113,1088348484,22292,2012-06-26,13.5,OZ,1,3.49
2255653295,134,14,1416,102400020,4704,2012-06-26,15,OZ,5,7.55
2255653295,134,58,5810,107010070,9243,2012-06-26,16,OZ,3,8.97
2255653295,134,9,907,107131474,1061,2012-06-27,12.5,OZ,59,132.44
2255653295,134,58,5824,104450040,8318,2012-06-27,12,OZ,1,4.99
2255653295,134,73,7311,104711343,3538,2012-06-27,12,OZ,1,9.19
2255653295,134,5,519,103000030,14760,2012-06-27,15.1,OZ,1,2.27
2255653295,134,13,1306,107101272,9680,2012-06-28,5,LB,2,9.38
2255653295,134,18,1850,105320050,43184,2012-06-28,2,CT,3,4.79
2255653295,134,96,9609,1051780050,88199,2012-06-28,0,,1,-2
2255653295,134,57,5703,101121313,17040,2012-06-28,6,OZ,2,1
2255653295,134,41,4107,101122515,19197,2012-06-28,14.75,OZ,1,0.65
2255653295,134,33,3305,104163343,20842,2012-06-28,13,OZ,2,5.46
2255653295,134,69,6901,102220020,17067,2012-06-29,2.3,OZ,1,2.99
2255653295,134,33,3317,104400040,36320,2012-06-29,6.54,OZ,2,6.98
2255653295,134,31,3101,105210050,11382,2012-06-29,0.95,OZ,2,8.68
2255653295,134,4,421,107097070,56002,2012-06-29,5,OZ,24,27.76
2255653295,134,4,421,104160141,9349,2012-06-29,6,OZ,4,0.81
2255653295,134,36,3611,104900040,4599,2012-06-29,405.6,OZ,25,137.25
2255653295,134,21,2105,105200050,7054,2012-06-30,160,OZ,33,249.67
2255653295,134,41,4108,104133141,7531,2012-06-30,29,OZ,3,5.97
2255653295,134,79,7903,10928191,26715,2012-06-30,1,CT,1,3.79
2255653295,134,58,5833,102874929,55185,2012-06-30,21.3,OZ,36,211.44
2255653295,134,8,814,103760030,25412,2012-06-30,48,OZ,2,13.98
2255653295,134,21,2119,108813080,18653,2012-07-01,128,OZ,47,158.58
2255653295,134,33,3315,107703474,9491,2012-07-01,10,OZ,1,3.29
2255653295,134,57,5710,1089470080,21065,2012-07-01,32,OZ,9,53.91
2255653295,134,4,421,104136444,16936,2012-07-01,2,OZ,2,1.78
2255653295,134,33,3318,101121313,17040,2012-07-01,12,OZ,6,9.7
2255653295,134,97,9799,107565676,26223,2012-07-01,20,CT,1,1.19
2255653295,134,75,7504,1089764080,29033,2012-07-01,16,OZ,3,26.97
2255653295,134,5,517,1088491282,13689,2012-07-01,6.2,OZ,1,3.19
2255653295,134,4,418,103400030,15113,2012-07-01,9,OZ,2,8.78
2255653295,134,56,5613,1083571585,58046,2012-07-02,8,OZ,14,73.46
2255653295,134,31,3101,101121313,17040,2012-07-02,3.12,OZ,1,3.19
2255653295,134,51,5127,103100030,1358,2012-07-02,9.5,OZ,3,3.65
2255653295,134,67,6703,1030813737,9259,2012-07-02,15,OZ,3,12.87
2255653295,134,67,6705,104852646,43139,2012-07-02,1,CT,3,7.27
2255653295,134,9,915,107750777,9469,2012-07-02,8,OZ,2,4.98
2255653295,134,28,2803,105410050,19509,2012-07-03,10,OZ,11,16.29
2255653295,134,41,4108,101121313,17040,2012-07-03,14.5,OZ,2,1.74
2255653295,134,9,901,103862939,10022,2012-07-03,16,OZ,1,2.99
2255653295,134,9,911,107209272,9316,2012-07-03,3.5,OZ,6,13.74
2255653295,134,63,6323,107160070,4170,2012-07-03,16,OZ,25,19.4
2255653295,134,29,2930,103760030,72948,2012-07-03,10,OZ,2,5.7
2255653295,134,41,4107,104430040,1062,2012-07-04,16,OZ,2,4.78
2255653295,134,51,5131,104227242,648,2012-07-04,12,OZ,1,6.99
2255653295,134,97,9712,106025868,2393,2012-07-04,1,CT,1,11.69
2255653295,134,1,106,101500010,29555,2012-07-04,6,OZ,10,16.1
2255653295,134,71,7114,102240020,18715,2012-07-04,11,OZ,5,20.11
2255653295,134,71,7114,106799060,25102,2012-07-04,11,OZ,1,2.69
2255653295,134,29,2905,103620030,14868,2012-07-04,14,OZ,1,2.39
2255653295,134,9,901,103010030,9530,2012-07-04,12,OZ,1,3.79
2255653295,134,91,9109,108901686,22660,2012-07-05,1.75,LT,2,39.94
2255653295,134,8,805,101121313,17040,2012-07-05,10,OZ,9,18.71
2255653295,134,9,908,107247070,9903,2012-07-05,8.9,OZ,1,3.99
2255653295,134,57,5704,107047070,20230,2012-07-05,24,OZ,3,7.47
2255653295,134,63,6330,101121313,17040,2012-07-05,8,OZ,8,9.77
2255653295,134,91,9131,108800484,5204,2012-07-05,0.75,LT,1,13.99
2255653295,134,79,7901,107485171,44346,2012-07-06,1,CT,1,5.99
2255653295,134,4,421,104136444,16936,2012-07-06,2,OZ,9,8.41
2255653295,134,37,3703,105100050,2820,2012-07-06,43,OZ,1,3.59
2255653295,134,56,5615,102100020,9886,2012-07-06,7,OZ,6,21.94
2255653295,134,64,6407,108051686,15336,2012-07-06,0.75,LT,1,7.39
2255653295,134,39,3903,107468373,56499,2012-07-06,8.5,OZ,1,6.99
2255653295,134,33,3312,103700030,14494,2012-07-06,6.73,OZ,2,3.58
2255653295,134,21,2103,101200010,10522,2012-07-06,67.6,OZ,3,4.25
2255653295,134,91,9110,108970888,14058,2012-07-07,0.75,LT,1,9.96
2255653295,134,9,902,101410010,45039,2012-07-07,11,OZ,1,3.69
2255653295,134,37,3707,107468373,5752,2012-07-07,32,OZ,2,7.44
2255653295,134,17,1705,107027575,19790,2012-07-07,10,OZ,2,10.98
2255653295,134,36,3628,107800070,17203,2012-07-07,67.6,OZ,25,32.35
2255653295,134,8,801,102700020,8612,2012-07-07,13.5,OZ,3,4.77
2255653295,134,51,5122,1084637989,43128,2012-07-07,8.5,OZ,8,31.92
2255653295,134,21,2113,103890030,5072,2012-07-08,36,OZ,5,17.59
2255653295,134,75,7504,104110040,4059,2012-07-08,3,OZ,1,8.99
2255653295,134,96,9609,1057033050,88199,2012-07-08,0,,5,-5
2255653295,134,56,5617,102100020,9886,2012-07-08,48,OZ,2,25.98
2255653295,134,97,9753,1020669121,0,2012-07-08,1,CT,6,25.91
2255653295,134,44,4404,1074816272,16521,2012-07-08,11,OZ,1,4.19
2255653295,134,41,4107,102400020,4704,2012-07-09,14.75,OZ,2,2.58
2255653295,134,26,2634,104200040,14813,2012-07-09,24,RL,4,63.96
2255653295,134,36,3630,104900040,3809,2012-07-09,67.6,OZ,2,3.58
2255653295,134,23,2301,102409424,4649,2012-07-09,16,OZ,1,3.29
2255653295,134,43,4302,101122515,19197,2012-07-09,8,OZ,1,0.99
2255653295,134,9,920,107641070,10160,2012-07-10,12,OZ,2,6.06
2255653295,134,4,417,101070010,11692,2012-07-10,5,OZ,10,4.82
2255653295,134,36,3618,104900040,23359,2012-07-10,144,OZ,89,426.97
2255653295,134,26,2617,101121313,17040,2012-07-10,1,CT,12,31.34
2255653295,134,18,1898,103980030,5782,2012-07-10,2,CT,1,5.99
2255653295,134,51,5117,107465373,9039,2012-07-10,17.5,OZ,1,4.99
2255653295,134,37,3709,104178949,11224,2012-07-11,3,OZ,88,16
2255653295,134,5,501,103800030,43577,2012-07-11,18.3,OZ,1,4.99
2255653295,134,29,2920,101114010,8604,2012-07-11,13.3,OZ,1,2.79
2255653295,134,55,5566,101121313,17040,2012-07-11,90,OZ,12,35.88
2255653295,134,29,2925,105480050,19039,2012-07-11,80,OZ,2,17.98
2255653295,134,9,921,107203070,5812,2012-07-11,2.75,OZ,0,0
2255653295,134,4,412,107172070,18529,2012-07-12,3.5,OZ,1,1.25
2255653295,134,7,709,109955595,68135,2012-07-12,4.8,OZ,1,8.19
2255653295,134,64,6401,108769282,15787,2012-07-12,144,OZ,6,93.82
2255653295,134,3,302,104300040,1292,2012-07-12,8,OZ,1,4.19
2255653295,134,63,6315,107160070,4170,2012-07-12,128,OZ,75,281.59
2255653295,134,63,6399,107590070,2073,2012-07-12,20,OZ,2,7.98
2255653295,134,33,3310,107707979,56275,2012-07-12,5,OZ,1,1.99
2255653295,134,44,4404,107002272,15242,2012-07-12,10,OZ,1,2.99
2255653295,134,4,418,103400030,8247,2012-07-13,19.75,OZ,2,12.18
2255653295,134,33,3307,102900020,14112,2012-07-13,8.25,OZ,3,20.17
2255653295,134,33,3302,102700020,57417,2012-07-13,17.41,OZ,1,5.79
2255653295,134,63,6305,104850040,18799,2012-07-13,89,OZ,16,87.22
2255653295,134,91,9128,108292888,2835,2012-07-14,0.75,LT,2,15
2255653295,134,33,3313,102840020,10241,2012-07-14,15,OZ,7,25.83
2255653295,134,72,7205,105310050,804,2012-07-14,5.6,OZ,2,6.48
2255653295,134,58,5828,103100030,1358,2012-07-14,6.4,OZ,2,4.98
2255653295,134,97,9753,1022990323,0,2012-07-14,1,CT,1,3.99
2255653295,134,12,1206,108000080,17292,2012-07-14,4.5,OZ,4,7.96
2255653295,134,5,519,101121313,17040,2012-07-14,13.7,OZ,1,1.77
2255653295,134,5,501,107061777,1370,2012-07-14,11,OZ,1,6.99
2255653295,134,64,6401,108572585,10486,2012-07-15,25.4,OZ,1,-1.12
2255653295,134,97,9799,103338333,33170,2012-07-15,1,CT,8,43.46
2255653295,134,14,1416,102400020,4704,2012-07-15,15,OZ,10,15.5
2255653295,134,8,830,103520434,678,2012-07-15,10,OZ,1,2.29
2255653295,134,18,1854,107088171,2383,2012-07-15,10,CT,1,2.29
2255653295,134,33,3303,102840020,10241,2012-07-15,1.88,OZ,5,5.45
2255653295,134,8,807,102100020,9886,2012-07-16,17.5,OZ,1,0.57
2255653295,134,57,5710,103663232,4568,2012-07-16,21.2,OZ,1,3.99
2255653295,134,56,5610,102100020,9886,2012-07-16,7,OZ,8,39.92
2255653295,134,31,3101,105210050,11382,2012-07-16,0.8,OZ,1,3.99
2255653295,134,45,4515,107590171,61488,2012-07-17,15,OZ,1,5.99
2255653295,134,26,2609,101122515,19197,2012-07-17,100,CT,5,11.95
2255653295,134,63,6313,107020070,11244,2012-07-17,15.5,OZ,2,7.98
2255653295,134,16,1604,102200020,6021,2012-07-17,45,CT,3,8.55
2255653295,134,97,9748,107033070,1783,2012-07-18,1,CT,1,2.19
2255653295,134,51,5117,101121313,17040,2012-07-18,22.1,OZ,1,4.27
2255653295,134,4,411,103213434,19602,2012-07-18,8,OZ,1,1.99
2255653295,134,8,807,1078099373,6126,2012-07-18,20,OZ,2,5.26
2255653295,134,33,3307,102900020,14112,2012-07-19,9.75,OZ,1,6.99
2255653295,134,26,2620,104200040,5016,2012-07-19,26,CT,2,9.18
2255653295,134,31,3101,105210050,11382,2012-07-19,3,OZ,1,3.59
2255653295,134,8,830,103888232,3232,2012-07-19,9,OZ,3,7.17
2255653295,134,41,4105,1072534272,12171,2012-07-20,14.5,OZ,4,10.88
2255653295,134,8,805,105440050,23210,2012-07-20,5,OZ,8,26.32
2255653295,134,34,3411,107418272,16853,2012-07-20,18,OZ,3,13.25
2255653295,134,72,7208,105310050,804,2012-07-20,2,CT,3,7.89
2255653295,134,26,2620,1072652878,7848,2012-07-20,1,CT,2,1.98
2255653295,134,64,6401,108066080,11836,2012-07-20,72,OZ,3,26.57
2255653295,134,1,106,102392323,5494,2012-07-20,4.2,OZ,2,3.58
2255653295,134,28,2805,101121313,17040,2012-07-20,5.75,OZ,8,16.42
2255653295,134,51,5126,102113121,11151,2012-07-20,14,OZ,3,11.97
2255653295,134,33,3307,101411313,5976,2012-07-21,7,OZ,6,29.5
2255653295,134,21,2111,103120030,12957,2012-07-21,64,OZ,7,26.01
2255653295,134,5,504,109742191,22339,2012-07-21,2.75,OZ,2,4.38
2255653295,134,9,920,103010030,9530,2012-07-21,11.04,OZ,3,9.67
2255653295,134,33,3316,101600010,3397,2012-07-21,6.25,OZ,1,2.79
2255653295,134,30,3002,102100020,11761,2012-07-21,30,OZ,1,3.99
2255653295,134,71,7114,1080921989,19814,2012-07-21,7,OZ,1,1.49
2255653295,134,32,3202,101121313,17040,2012-07-21,128,OZ,5,49.95
2255653295,134,26,2613,103680030,18533,2012-07-21,23,CT,1,7.99
2255653295,134,31,3101,105210050,11382,2012-07-22,0.9,OZ,2,11.68
2255653295,134,58,5811,107232575,26519,2012-07-22,16,OZ,1,6.99
2255653295,134,10,1004,104300040,26232,2012-07-22,3.9,OZ,2,2.38
2255653295,134,24,2415,101121313,17040,2012-07-22,15,OZ,8,18.92
2255653295,134,41,4121,102700020,8612,2012-07-22,8,OZ,3,2.67
2255653295,134,37,3703,105100050,2820,2012-07-22,10.75,OZ,46,58.86
2255653295,134,36,3618,101200010,23361,2012-07-23,67.6,OZ,41,64.43
2255653295,134,5,501,103800030,11732,2012-07-23,15.5,OZ,4,18.96
2255653295,134,72,7210,101150919,76878,2012-07-23,1,OZ,1,5.99
2255653295,134,57,5703,101121313,17040,2012-07-23,6,OZ,8,2.88
2255653295,134,64,6401,107289070,8159,2012-07-23,72,OZ,9,69.6
2255653295,134,27,2712,103680030,13656,2012-07-23,1,CT,7,40.23
2255653295,134,5,501,103000030,58434,2012-07-24,20,OZ,2,10.38
2255653295,134,19,1910,105150050,9189,2012-07-24,14.1,OZ,3,10.77
2255653295,134,7,709,102550020,6550,2012-07-24,3,OZ,6,35.54
2255653295,134,91,9109,1083522989,147,2012-07-24,0.75,LT,5,94.85
2255653295,134,29,2925,103680030,6866,2012-07-24,7.4,OZ,1,1.99
2255653295,134,79,7901,107447070,19240,2012-07-24,1,CT,3,11.97
2255653295,134,26,2613,103680030,18533,2012-07-24,27,CT,1,-1.12
2255653295,134,63,6319,107654575,17876,2012-07-25,128,OZ,3,8.37
2255653295,134,8,811,103620030,1698,2012-07-25,24,OZ,6,23.94
2255653295,134,44,4404,107045979,12587,2012-07-25,10,OZ,1,3.29
2255653295,134,4,416,104000040,16765,2012-07-25,2.07,OZ,15,13.35
2255653295,134,75,7501,1030813737,1121,2012-07-26,12,OZ,2,19.28
2255653295,134,65,6503,1061278161,11151,2012-07-26,16,OZ,2,6.78
2255653295,134,4,417,101070010,11692,2012-07-26,5,OZ,4,5
2255653295,134,9,970,103800030,62065,2012-07-26,21.1,OZ,1,3.39
2255653295,134,63,6328,101121313,17040,2012-07-26,6,OZ,4,4.04
2255653295,134,97,9717,1078693676,2516,2012-07-27,1,CT,3,61.97
2255653295,134,64,6409,101235414,10486,2012-07-27,0.75,LT,7,60.26
2255653295,134,58,5832,107057575,27210,2012-07-27,36,OZ,1,4.99
2255653295,134,39,3902,101115212,5430,2012-07-27,5.25,OZ,4,8.76
2255653295,134,9,902,103010030,3744,2012-07-28,11,OZ,0,-1.12
2255653295,134,2,201,107020070,11244,2012-07-28,9,OZ,2,5.98
2255653295,134,30,3008,101122515,19197,2012-07-28,16,OZ,1,1.59
2255653295,134,62,6201,104427646,10134,2012-07-28,20,OZ,1,2.99
2255653295,134,64,6406,108470484,9865,2012-07-28,0.75,LT,5,64.49
2255653295,134,75,7503,104138848,1993,2012-07-28,0.15,OZ,5,6.52
2255653295,134,36,3611,104900040,4599,2012-07-28,101.4,OZ,20,59.8
2255653295,134,5,501,101862717,9496,2012-07-28,12.4,OZ,1,1.94
2255653295,134,5,501,103800030,11732,2012-07-29,15,OZ,1,4.59
2255653295,134,9,907,107131474,1061,2012-07-29,17,OZ,155,362.79
2255653295,134,26,2628,103700030,2248,2012-07-29,6,RL,20,170.62
2255653295,134,17,1712,101920010,15197,2012-07-29,22,OZ,3,17.77
2255653295,134,5,522,101112616,70241,2012-07-29,28,OZ,1,3.99
2255653295,134,36,3626,104900040,17186,2012-07-29,96,OZ,9,43.11
2255653295,134,10,1004,107239272,12247,2012-07-30,2.75,OZ,2,2.38
2255653295,134,8,810,105210050,11382,2012-07-30,2.25,OZ,1,1.49
2255653295,134,7,706,101200010,17286,2012-07-30,15,OZ,2,5.18
2255653295,134,27,2705,105000050,6775,2012-07-30,5.5,OZ,4,2.76
2255653295,134,54,5403,101800010,14029,2012-07-31,7.4,OZ,1,3.29
2255653295,134,79,7901,107547070,12905,2012-07-31,1,CT,1,4.5
2255653295,134,9,908,107203070,5812,2012-07-31,4.5,OZ,5,5
2255653295,134,26,2628,101122515,19197,2012-07-31,1,RL,12,7.44
2255653295,134,33,3308,102840020,3336,2012-08-01,20.5,OZ,2,9.98
2255653295,134,33,3307,102900020,14112,2012-08-01,10.3,OZ,2,12.58
2255653295,134,54,5403,105100050,1058,2012-08-01,6.25,OZ,2,3.98
2255653295,134,71,7113,108087888,13505,2012-08-01,12.6,OZ,5,21.05
2255653295,134,4,412,108393383,8306,2012-08-02,1.75,OZ,3,3
2255653295,134,21,2113,108768484,2903,2012-08-02,60,OZ,7,21.93
2255653295,134,64,6401,107125070,3895,2012-08-02,22,OZ,3,1.7
2255653295,134,37,3706,105010050,8089,2012-08-02,15,OZ,1,2.19
2255653295,134,41,4105,106414464,70939,2012-08-03,10,OZ,16,26.2
2255653295,134,26,2614,101150919,19168,2012-08-03,0.6,OZ,1,5.29
2255653295,134,58,5814,104470040,10837,2012-08-03,8.8,OZ,1,3.49
2255653295,134,10,1004,104300040,26232,2012-08-03,3.5,OZ,2,2.38
2255653295,134,33,3301,101121313,17040,2012-08-03,5,OZ,16,26.24
2255653295,134,73,7319,1030004333,18728,2012-08-03,4,OZ,1,5.49
2255653295,134,51,5126,101380010,27474,2012-08-03,9.63,OZ,1,4.15
2255653295,134,59,5902,101121313,17040,2012-08-03,16,OZ,88,268.52
2255653295,134,31,3101,105210050,11382,2012-08-03,3.18,OZ,5,15.61
2255653295,134,2,214,101121313,17040,2012-08-04,32,OZ,8,20.62
2255653295,134,41,4110,103940030,71386,2012-08-04,8.3,OZ,4,5.28
2255653295,134,36,3604,107380070,6226,2012-08-04,33.8,OZ,50,48.81
2255653295,134,58,5823,104470040,13310,2012-08-04,7.5,OZ,3,14.97
2255653295,134,36,3601,101200010,13794,2012-08-04,144,OZ,63,287.65
2255653295,134,81,8101,101100010,14745,2012-08-04,1,CT,6,32.04
2255653295,134,32,3201,105150050,4307,2012-08-04,16,OZ,4,13.16
2255653295,134,30,3008,104100040,19747,2012-08-04,16,OZ,3,10.17
2255653295,134,9,908,104500040,8511,2012-08-04,10.5,OZ,10,20.19
2255653295,134,27,2712,103680030,13656,2012-08-04,2,CT,1,3.99
2255653295,134,26,2635,1074820979,15550,2012-08-05,1,CT,1,6.99
2255653295,134,19,1905,104180040,19713,2012-08-05,32,OZ,4,12.76
2255653295,134,9,912,101121313,17040,2012-08-05,21,OZ,28,75.13
2255653295,134,73,7309,1068142161,5339,2012-08-05,30,CT,1,6.99
2255653295,134,97,9753,1022991020,0,2012-08-05,1,CT,1,3.99
2255653295,134,99,9901,107457474,25426,2012-08-05,3,OZ,2,3.98
2255653295,134,56,5604,1065485868,5055,2012-08-06,8,OZ,1,6.49
2255653295,134,3,305,103320030,875,2012-08-06,16,OZ,7,8.09
2255653295,134,8,801,101300010,8164,2012-08-06,40,OZ,5,14.65
2255653295,134,8,811,103620030,1698,2012-08-06,24,OZ,1,3.99
2255653295,134,26,2613,103700030,10861,2012-08-06,108,CT,1,17.99
2255653295,134,9,913,1083740787,1305,2012-08-06,16,OZ,2,5.86
2255653295,134,21,2117,104300040,26420,2012-08-06,60,OZ,31,79.1
2255653295,134,9,916,103010030,47346,2012-08-06,9.5,OZ,8,31.92
2255653295,134,58,5823,107010070,9243,2012-08-06,16,OZ,1,4.99
2255653295,134,9,907,107131474,1061,2012-08-07,16,OZ,17,59.53
2255653295,134,45,4511,103100030,1358,2012-08-07,15,OZ,2,6.58
2255653295,134,97,9753,1021406222,0,2012-08-07,1,CT,1,4.99
2255653295,134,26,2634,104200040,14813,2012-08-07,6,RL,5,23.95
2255653295,134,44,4404,107045979,12587,2012-08-07,16,OZ,1,3.39
2255653295,134,36,3629,107380070,6226,2012-08-07,144,OZ,1,3.49
2255653295,134,72,7205,103700030,4294,2012-08-07,6.2,OZ,2,6.68
2255653295,134,24,2403,105100050,17812,2012-08-07,10.5,OZ,1,2.29
2255653295,134,5,501,101121313,17040,2012-08-07,16,OZ,2,0.91
2255653295,134,2,214,104144949,9916,2012-08-07,32,OZ,3,9.77
2255653295,134,5,501,101121313,17040,2012-08-07,14,OZ,4,11.56
2255653295,134,57,5705,107047070,20230,2012-08-07,12,OZ,3,6.57
2255653295,134,40,4004,104100040,10522,2012-08-07,1.25,OZ,2,3.18
2255653295,134,8,807,1087604585,30353,2012-08-07,19,OZ,2,9.98
2255653295,134,34,3411,107940070,17521,2012-08-07,12,OZ,4,9.98
2255653295,134,63,6315,109396696,13264,2012-08-08,64,OZ,6,26.42
