770765388,12,56,5617,101111010,9907,2012-07-26,12,OZ,1,1.67
770768657,2,58,5831,103927232,26234,2012-07-16,20,OZ,2,11.98
770768917,26,73,7310,103160434,12423,2012-04-15,30,CT,1,12.99
770768917,26,5,516,103000030,14760,2012-06-27,6.3,OZ,1,2.39
770771320,58,96,9631,107675070,19430,2012-05-19,1,CT,3,112.85
770771320,58,9,908,104500040,8511,2012-08-11,11.25,OZ,1,2.27
770771320,58,35,3508,103700030,18371,2013-03-05,27,OZ,1,8.99
770771320,58,9,907,107131474,1061,2013-03-12,20,OZ,1,2.29
770777579,83,95,9518,1061029060,6015,2013-05-19,1,CT,1,1.99
770778608,12,56,5604,101111010,20588,2012-03-10,4,OZ,1,2.99
770778608,12,63,6315,104126040,9698,2012-10-08,64,OZ,1,1.99
770778608,12,0,0,10000,0,2013-01-14,0,,1,0
770778608,12,44,4407,101111010,9907,2013-02-24,13,OZ,1,2.99
770796753,151,5,502,101111010,9907,2013-05-19,4.8,OZ,1,1
770801391,83,96,9609,1053000050,88199,2012-06-22,0,,1,-1
770801391,83,58,5835,107590070,2073,2012-12-24,16,OZ,2,5
770806671,98,55,5552,107189979,2010,2012-09-28,64,OZ,2,8.88
770806671,98,0,0,10000,0,2012-11-24,0,,1,0
770806671,98,51,5117,104280040,18599,2013-06-27,9.8,OZ,3,2.07
770808851,58,99,9908,101111010,9907,2012-03-25,160,OZ,1,3.77
770809417,12,49,4901,101312010,26885,2012-08-23,32,OZ,1,1.99
770809417,12,10,1012,102700020,23332,2012-10-04,13,OZ,3,3
770817879,191,27,2702,101780010,30972,2012-05-31,15.5,LB,1,15.99
770817879,191,63,6315,101111010,6678,2013-02-09,128,OZ,1,3.39
770818328,143,26,2633,103040030,683,2012-06-20,4,RL,2,2
770818328,143,34,3402,108730080,50958,2012-07-14,2,OZ,1,4.49
770818328,143,33,3316,102410020,44209,2012-07-28,10.5,OZ,2,5
770818328,143,96,9609,1055100050,88199,2012-11-04,0,,2,-1.4
770818328,143,33,3308,102840020,3336,2013-04-23,8,OZ,0,0
770818376,98,37,3709,104178949,11224,2012-11-19,18,OZ,1,1.05
770818912,26,58,5831,107274575,13804,2012-09-16,16,OZ,1,2.99
770818912,26,63,6313,101111010,9907,2013-06-09,16,OZ,2,5.58
770822263,83,4,421,107097070,8527,2012-05-15,5,OZ,1,1
770822263,83,26,2608,101111010,9907,2012-09-01,72,CT,1,1.99
770827588,89,25,2506,101111010,9907,2012-12-26,32,OZ,1,2.47
770827588,89,36,3638,101200010,803,2013-01-04,101.4,OZ,1,3.49
770827588,89,36,3614,107065575,73385,2013-04-12,59.2,OZ,1,5.99
770836517,191,9,912,107294575,15878,2012-09-18,20,OZ,1,2.5
770836521,191,36,3603,104300040,4371,2013-05-01,384,OZ,1,2.89
770837467,26,5,519,101111010,9907,2012-12-05,15,OZ,1,1.74
770846937,191,0,0,10000,0,2012-06-04,0,,1,0
770846937,191,82,8201,101111010,9907,2012-07-18,1,CT,1,3.99
770846937,191,7,708,101291919,16123,2012-08-14,12,OZ,1,6.99
770864047,211,5,502,101111010,9907,2012-04-10,5.4,OZ,4,3.92
770864047,211,69,6901,102260020,912,2012-08-30,2.7,OZ,1,2.11
770864047,211,9,907,101111010,9907,2012-11-27,20,OZ,1,1
770864047,211,33,3313,101111010,9907,2012-12-05,16,OZ,1,2.85
770864047,211,29,2904,101530010,13610,2012-12-14,5.1,OZ,2,2
770864047,211,19,1908,105150050,9189,2012-12-21,18,OZ,1,3.28
770864047,211,7,707,102550020,6550,2013-03-28,10.3,OZ,1,4.59
770867430,191,63,6315,101111010,6678,2012-09-18,64,OZ,1,1.85
770867430,191,11,1111,104126040,9907,2012-10-16,13,OZ,1,5.99
770877207,89,5,501,103800030,6790,2013-01-04,17,OZ,1,2.69
770877207,89,99,9908,101111010,9907,2013-02-25,16,OZ,1,1
770882183,98,9,907,107763373,17614,2013-04-14,20,OZ,1,2.79
770882210,63,9,907,107294575,15878,2012-07-17,20,OZ,1,2.49
770884684,191,18,1813,104122646,12987,2012-06-12,1,RL,1,1.99
770893626,126,51,5126,102113121,11151,2012-03-08,14,OZ,2,5.68
770903252,191,99,9908,103338333,33170,2013-01-25,80,OZ,1,1.29
770903601,126,21,2105,105200050,7054,2012-05-23,160,OZ,1,5.99
770904960,98,60,6011,101800010,14029,2013-03-13,16.3,OZ,1,1.59
770913684,98,57,5710,107047070,20230,2012-10-07,5.3,OZ,4,4
770920144,98,29,2928,101530010,58299,2012-07-06,4.3,OZ,2,2
770920144,98,9,907,107087070,12106,2013-01-11,20,OZ,1,2.89
770922245,12,8,811,104112949,3635,2012-12-16,24,OZ,3,9.57
770923458,143,56,5618,101111010,9907,2012-03-03,8,OZ,1,2.49
770923458,143,27,2704,107910070,85180,2012-05-06,5,OZ,1,3.19
770927411,83,8,838,102700020,11091,2012-12-20,15,OZ,1,1
770927411,83,30,3002,102100020,11761,2013-03-21,30,OZ,1,3.49
770927411,83,5,502,101600010,86101,2013-06-20,5.3,OZ,1,3.29
770932482,98,41,4121,101111010,9907,2012-03-18,8,OZ,6,2
770932482,98,51,5125,102580020,16668,2012-11-01,10.5,OZ,2,2.56
770932482,98,41,4105,106414464,70939,2012-12-30,10,OZ,1,0.94
770938236,89,36,3611,108304686,8688,2013-04-21,405.6,OZ,1,2.99
770939071,89,33,3305,101111010,9907,2012-04-16,10,OZ,1,1.59
770968569,98,4,419,107674070,19828,2013-05-10,12,OZ,2,9.99
770974527,89,36,3632,104900040,1414,2012-05-23,144,OZ,1,3.67
770974527,89,72,7203,101254717,10554,2012-06-20,32,OZ,1,7.89
770974527,89,97,9753,10000,0,2012-07-27,1,CT,2,1.58
770974527,89,9,907,107371171,34753,2012-09-19,16,OZ,1,2.29
770974818,191,33,3305,102840020,18584,2012-11-04,9,OZ,1,3.49
770988107,83,64,6401,101820010,15082,2012-12-06,72,OZ,1,7.99
770988107,83,97,9753,10000,0,2013-01-05,1,CT,1,6.52
770988107,83,95,9518,1061029060,7848,2013-03-13,1,CT,2,5.48
770992226,63,9,917,107373171,11786,2012-07-31,20,OZ,1,5.69
770992226,63,28,2806,101111010,9907,2012-09-01,24,OZ,1,2.69
770992226,63,41,4106,101111010,9907,2012-12-27,13.25,OZ,1,1.99
770992226,63,11,1111,10834686,27393,2013-04-14,40,OZ,2,13.98
770995134,58,63,6315,101111010,9907,2012-05-12,32,OZ,1,1.49
770998589,89,99,9908,101111010,9907,2012-05-20,16,OZ,1,1.25
771013876,63,53,5307,101111010,20588,2012-04-04,16,OZ,1,2.89
771013876,63,58,5833,101111010,9907,2013-01-05,16,OZ,1,4.99
771020166,431,4,418,103400030,45489,2012-07-13,12,OZ,1,3.19
771020166,431,63,6315,101111010,9907,2012-07-18,64,OZ,1,1.99
771039773,191,95,9518,106700868,25075,2012-07-21,1,CT,1,3.49
771039773,191,57,5710,1089470080,21065,2012-10-31,5.3,OZ,2,2.5
771041952,126,58,5813,1078533171,7796,2012-05-19,16,OZ,1,1.89
771041952,126,4,416,103400030,44358,2012-06-13,1.55,OZ,2,0.89
771041952,126,99,9904,107490474,3457,2012-11-19,14,OZ,1,3
771041952,126,41,4107,101111010,9907,2013-03-07,15.25,OZ,1,0.67
771047457,151,33,3308,104126242,92654,2012-08-24,6,OZ,2,2
771047457,151,28,2804,107639777,9982,2013-01-25,15.5,OZ,1,1.79
771047457,151,0,0,10000,0,2013-04-12,0,,1,0
771051915,151,49,4902,101380010,27474,2013-02-27,36.61,OZ,1,4.99
771053647,89,99,9904,1071575676,5278,2013-03-28,16,OZ,1,2.99
771064312,83,96,9609,1051356252,88199,2012-07-31,0,,1,-0.75
771064312,83,23,2301,101111010,9907,2013-05-13,12,OZ,1,0.7
771066777,98,29,2908,104600040,13023,2012-09-23,16,OZ,1,1.39
771066777,98,9,917,102733121,9966,2012-10-12,25,OZ,1,1.99
771070597,83,12,1205,108000080,17292,2012-03-04,5,OZ,4,3.96
771070597,83,9,906,104300040,13361,2012-10-08,4.2,OZ,1,2.99
771083127,2,97,9731,1065356969,91877,2012-06-07,1,CT,1,4.89
771083127,2,56,5607,102100020,13967,2012-08-13,8,OZ,1,2.49
771083127,2,63,6317,101111010,85048,2013-01-26,64,OZ,1,2.5
771086574,26,99,9904,1071575676,5278,2012-07-28,16,OZ,1,2
771089575,133,8,814,104156545,13412,2012-04-16,16,OZ,1,3.39
771089575,133,5,501,101111010,9907,2012-08-20,11.5,OZ,1,1.99
771089575,133,5,501,101111010,9907,2013-01-14,14,OZ,1,2.29
771091306,12,4,417,103400030,15113,2012-05-09,2.8,OZ,2,2
771091306,12,9,908,1075271676,36059,2013-05-09,24,OZ,1,11.99
771095343,63,51,5125,102580020,16668,2012-07-04,6.11,OZ,1,2.39
771095343,63,5,501,101600010,3331,2013-01-14,17,OZ,1,4.14
771095343,63,63,6315,101111010,6848,2013-03-29,128,OZ,1,2.56
771126177,83,55,5555,1018685212,22794,2012-05-23,16,OZ,1,3.99
771129268,431,17,1704,102570020,27327,2012-07-09,34,OZ,1,19.49
771133711,26,58,5833,101111010,9907,2012-03-18,16,OZ,1,3.54
771147035,89,37,3703,105100050,2820,2013-02-23,10.75,OZ,4,3
771147035,89,9,902,101111010,9907,2013-04-16,16,OZ,1,1.49
771150042,89,11,1114,101111010,9907,2012-05-14,16,OZ,1,1.99
771150042,89,45,4514,101111010,9907,2012-05-17,48,OZ,1,5.74
771150042,89,21,2105,104900040,14357,2012-06-23,32,OZ,5,5
771150042,89,56,5615,101111010,9907,2012-07-26,8,OZ,1,1.79
771150042,89,0,0,10000,0,2013-01-11,0,,2,0
771151187,83,39,3903,103000030,1058,2013-01-06,24,OZ,1,3
771164130,151,9,908,102430020,10577,2012-05-25,10.6,OZ,1,1.67
771173573,143,71,7113,102240020,18715,2013-02-09,32,OZ,2,6.98
771190839,89,18,1898,104133343,5379,2012-12-04,4,CT,1,4.29
771190839,89,36,3601,104900040,3809,2012-12-16,144,OZ,1,4
771199648,98,60,6011,101111010,9907,2012-07-07,16,OZ,1,1.42
771199648,98,9,907,101111010,9907,2012-08-01,20,OZ,1,0.79
771200705,89,0,0,10000,0,2012-05-14,0,,1,0
771200705,89,9,907,104157343,6678,2012-09-08,8,OZ,1,1.69
771201401,63,36,3601,104900040,3809,2012-08-27,101.4,OZ,1,3.99
771201401,63,63,6305,104850040,18799,2012-09-10,59,OZ,1,2.99
771201401,63,9,922,102430020,10577,2012-12-05,31.78,OZ,1,2.85
771238380,140,25,2506,105000050,32115,2012-07-04,32,OZ,1,3.09
771238380,140,9,907,1078142171,21825,2013-04-16,16,OZ,1,1.49
771252289,58,99,9909,101111010,28083,2013-03-08,6,OZ,1,2.5
771252750,98,96,9632,101111010,14755,2012-04-29,1,CT,1,110
771255872,98,5,517,101111010,9907,2012-04-27,10.4,OZ,1,2
771255872,98,58,5824,107778272,9260,2012-08-19,12,OZ,1,3.99
771259303,431,36,3632,107800070,17635,2013-01-15,144,OZ,1,3.67
771271490,89,57,5710,1068954464,6086,2012-09-08,5.3,OZ,2,2.98
771284957,63,21,2108,101111010,9907,2012-08-06,64,OZ,1,1.79
771284957,63,9,917,107373171,11786,2013-05-05,17.5,OZ,1,0.99
771297579,126,9,907,107225070,12465,2012-07-13,16,OZ,1,3.09
771297579,126,96,9609,1051600050,88199,2013-03-15,0,,1,-1.5
771297579,126,9,901,104400040,13243,2013-03-15,15.35,OZ,1,3.19
771300312,23,5,522,105900050,15065,2012-03-05,16,OZ,1,6.49
771303871,191,82,8201,104157343,6678,2012-06-13,1,CT,2,7.49
771303871,191,41,4105,101111010,20588,2012-10-29,28,OZ,1,1.89
771303871,191,64,6408,108500080,6967,2012-12-02,1.5,LT,4,26.56
771308743,211,11,1111,104300040,16738,2012-05-25,6.15,OZ,2,6.5
771308743,211,96,9609,1053890050,88199,2012-06-06,0,,4,-2
771308743,211,13,1306,101111010,9907,2013-02-06,5,LB,1,1.68
771326938,89,63,6315,101111010,9907,2012-08-18,128,OZ,1,2.39
771326938,89,72,7205,103700030,4294,2013-02-07,4,OZ,2,5
771326938,89,33,3304,102840020,6777,2013-05-15,1.13,OZ,5,2.5
771353920,191,26,2630,101111010,6678,2012-03-10,100,CT,1,1.23
771353920,191,7,707,101111010,6678,2012-12-23,34.5,OZ,1,6.99
771354131,211,25,2506,105000050,32115,2012-06-14,16,OZ,1,2.59
771367748,98,64,6407,108210080,828,2012-06-17,0.75,LT,2,8
771374314,151,55,5567,107064070,19704,2013-03-12,24,OZ,1,4.99
771374544,58,33,3302,101111010,9907,2012-10-20,9,OZ,1,1.25
771388135,12,0,0,10000,0,2013-01-17,0,,1,0
771399808,89,97,9753,10000,0,2012-10-18,1,CT,1,0.69
771399808,89,58,5827,102370020,18969,2012-10-22,16,OZ,2,6.98
771399808,89,0,0,10000,20405,2013-01-28,0,,1,-0.75
771401772,191,45,4513,107527878,6625,2012-03-26,32,OZ,1,8.69
771401772,191,63,6312,101405414,12973,2012-06-28,12,OZ,1,1.99
771402468,26,96,9609,1053500050,88199,2012-09-02,0,,2,-1.5
771402468,26,97,9731,103505131,62088,2012-11-15,1,CT,1,5.99
771402468,26,16,1604,102200020,20100,2012-12-13,15,CT,2,2
771402468,26,71,7107,107124979,21913,2013-03-03,1,CT,1,7.48
771407503,12,63,6314,107342070,4529,2013-02-06,24,OZ,1,3.29
771410148,191,51,5125,107265575,8089,2012-08-02,10,OZ,2,5.48
771410148,191,51,5125,107265575,8089,2012-10-18,10,OZ,3,8.22
771410148,191,37,3705,104119646,14582,2012-10-18,18.5,OZ,1,1.67
771431865,83,96,9609,1051785454,88199,2012-09-23,0,,1,-1
771431865,83,27,2706,101111010,13891,2012-09-27,3,OZ,1,0.42
771431865,83,99,9909,101111010,28083,2012-11-28,10,OZ,1,2.35
771438579,98,57,5710,105215959,41981,2012-06-24,16,OZ,1,5.59
771441699,2,72,7214,101254616,18738,2012-09-17,18,CT,2,1.49
771441699,2,33,3305,102840020,5141,2012-10-12,10.5,OZ,1,2.5
771445014,63,53,5307,101111010,9907,2013-04-21,12,OZ,2,2.58
771445014,63,9,908,101111010,9907,2013-06-15,22,OZ,1,7.99
771460292,2,24,2403,101111010,14907,2012-06-26,12.5,OZ,1,2.99
771460292,2,9,907,1077403474,82598,2012-10-18,17.6,OZ,1,3.49
771471758,98,58,5827,102370020,18969,2012-09-22,16,OZ,1,3.5
771471758,98,37,3707,105100050,2820,2013-01-05,10.5,OZ,1,1
771471758,98,27,2702,102310020,13705,2013-01-26,20.4,LB,1,13.99
771471843,191,58,5837,104470040,13310,2012-06-10,2.1,OZ,1,2.99
771471843,191,97,9735,102708424,8530,2012-09-07,1,CT,1,1.09
771471843,191,12,1205,104800040,38150,2012-09-30,5,OZ,4,2.36
771472075,23,37,3709,104178949,11224,2012-04-20,2.25,OZ,3,1.77
771481266,26,58,5824,107778272,9260,2012-07-25,13.5,OZ,1,2.99
771495970,98,28,2804,104133141,7531,2012-09-01,7,OZ,1,1.59
771515014,83,36,3634,105200050,14597,2012-09-30,24,OZ,4,4
771535463,126,51,5115,107192171,78492,2012-10-01,15.3,OZ,1,5.99
771538299,98,41,4107,101111010,9907,2012-04-27,14.5,OZ,1,0.56
771538299,98,41,4107,101111010,9907,2012-12-02,15,OZ,1,0.68
771538653,191,5,519,101111010,20588,2012-05-08,14.1,OZ,1,2.99
771538653,191,45,4514,102370020,18969,2012-07-03,40,OZ,1,7.99
771538653,191,0,0,10000,0,2012-12-09,0,,3,0
771538653,191,12,1205,101111010,9907,2013-02-24,6,OZ,2,3.78
771539674,126,26,2632,104126040,9907,2012-06-12,576,CT,1,12.41
771540936,63,2,201,1064420969,5345,2012-12-02,16.5,OZ,1,1.25
771558196,431,7,702,102550020,6550,2013-05-20,8,OZ,1,5.99
771562360,431,63,6314,101111010,9907,2013-05-10,16,OZ,1,1
771568980,89,10,1010,101857919,9139,2012-04-18,16,OZ,1,3.49
771571001,83,64,6401,101820010,2510,2012-05-18,96,OZ,1,5.99
771571001,83,58,5823,104470040,13310,2012-06-25,12,OZ,2,2
771577404,2,58,5827,104470040,13310,2012-04-09,16,OZ,1,6.99
771577404,2,55,5557,107457070,26051,2012-07-24,9,OZ,2,5.98
771577404,2,5,501,103000030,14760,2012-10-17,28,OZ,1,5.29
771581149,151,36,3618,104900040,23359,2012-07-02,67.6,OZ,10,9.9
771581149,151,36,3630,107800070,5208,2013-01-24,67.6,OZ,2,2
771581149,151,33,3303,102840020,10241,2013-01-24,10,OZ,3,5.97
771585020,26,96,9609,1053377656,88199,2012-05-05,0,,1,-1
771585020,26,57,5710,103663232,4568,2012-05-20,5.3,OZ,2,2
771588608,98,19,1908,101111010,9907,2012-03-17,28,OZ,1,3.88
771588608,98,54,5403,102580020,16668,2012-12-13,6,OZ,1,2.42
771596292,133,14,1411,103890030,5072,2013-03-09,20,OZ,1,1
771612360,89,9,902,104400040,18775,2012-10-13,9,OZ,1,1.99
771619680,12,57,5710,108819484,2433,2012-09-26,6,OZ,3,2.97
771619680,12,7,708,101111010,9907,2013-02-26,11,OZ,1,6.99
771626135,26,34,3402,107124979,21913,2012-11-19,6,OZ,1,5.79
771626135,26,54,5403,107790070,9200,2013-06-03,20.4,OZ,1,8.17
771629331,83,5,516,101600010,6283,2012-08-24,6,OZ,2,3.98
771629331,83,74,7402,1084105888,15983,2012-12-04,8.4,OZ,1,3
771634839,211,9,906,1073328676,8490,2012-04-04,16,OZ,1,2.39
771634839,211,41,4107,101111010,9907,2012-05-07,15,OZ,1,0.69
771634839,211,33,3307,101411313,23033,2013-03-04,8,OZ,1,3.5
771648457,58,56,5607,102100020,13967,2012-04-07,10,OZ,1,2.99
771648457,58,51,5123,102000020,19597,2013-04-10,24,OZ,2,16.38
771661628,89,37,3703,105100050,2820,2012-12-28,10.75,OZ,2,1.68
771661628,89,0,0,10000,0,2013-03-12,0,,1,0
771668674,143,45,4509,104440040,7504,2013-03-17,5.75,OZ,1,3.49
771692071,98,70,7005,107112171,4446,2012-05-15,6,OZ,1,4.59
771692071,98,26,2622,101111010,9907,2012-08-25,100,CT,2,4.04
771692071,98,63,6320,101111010,9907,2012-10-31,12,CT,2,2.84
771693323,211,5,516,101600010,12426,2012-06-09,7.1,OZ,1,4.09
771693323,211,54,5401,101111010,9907,2012-08-05,12.3,OZ,1,1.79
771694069,143,63,6316,107342070,4529,2012-12-21,8,OZ,1,1.59
771700414,133,56,5610,104157343,20588,2012-05-09,5,OZ,1,1.99
771700414,133,55,5555,107684070,32094,2013-02-13,16,OZ,1,2.67
771700414,133,20,2035,101480010,3611,2013-02-24,32,OZ,1,2.69
771700414,133,26,2633,101111010,9907,2013-04-28,6,RL,1,2.95
771701659,143,58,5823,104470040,13310,2012-03-26,10,OZ,1,4.99
771701659,143,2,212,101330010,11211,2012-04-21,7,OZ,2,2.58
771723496,126,21,2117,108768484,2903,2012-06-26,60,OZ,1,2.18
771723496,126,97,9753,1023170222,0,2012-11-14,1,CT,1,6.92
771723496,126,2,201,1064420969,5345,2013-01-20,18.25,OZ,1,1.99
771724633,431,9,907,102412626,10365,2012-04-22,20,OZ,1,2.29
771724633,431,57,5707,103663232,4568,2012-06-23,18.6,OZ,1,2.89
771729125,63,56,5611,104400040,5518,2012-10-22,8,OZ,1,5.49
771729125,63,64,6401,101820010,22604,2013-07-08,72,OZ,1,7.99
771732787,191,97,9748,107166272,4239,2012-07-24,12,CT,4,3.96
771733651,83,26,2630,103700030,14647,2012-04-22,124,CT,1,2.39
771733651,83,26,2631,101111010,9907,2012-05-28,84,CT,1,2.69
771733651,83,5,501,1085641686,1538,2012-08-08,12,OZ,1,3.69
771734790,191,33,3318,107797575,27417,2012-08-20,10,OZ,1,2.79
771734790,191,99,9909,101111010,9907,2013-03-31,12,OZ,2,1.76
771750549,126,27,2704,1075764575,12598,2013-02-23,10,OZ,1,3.79
771751559,58,55,5552,102073525,18893,2013-05-28,48,OZ,1,2.99
771753838,83,51,5126,102113121,11151,2012-03-03,15,OZ,1,2.84
771753838,83,36,3630,104900040,3809,2012-04-20,20,OZ,1,1.59
771753838,83,55,5559,101111010,9907,2012-05-07,16.5,OZ,1,1.8
771753838,83,41,4120,102700020,8612,2012-09-13,6,OZ,1,0.89
771757447,89,8,836,101111010,9907,2012-05-27,32,OZ,1,1.12
771757447,89,69,6901,107940070,4696,2012-09-09,5.2,OZ,1,4.99
771757447,89,41,4108,103940030,71386,2013-03-16,16,OZ,1,1.39
771757447,89,58,5826,102265525,2626,2013-04-07,12,OZ,1,2.5
771759213,191,75,7507,1083997787,3681,2012-06-02,4,OZ,1,4.19
771759213,191,9,907,101111010,6678,2012-06-23,14,OZ,1,1.25
771759213,191,9,901,101111010,6678,2012-09-22,15,OZ,1,1.99
771759213,191,25,2506,105000050,32115,2013-02-18,32,OZ,2,5.98
771762312,98,26,2628,101111010,9907,2012-05-01,1,RL,1,0.63
771770063,98,29,2914,102100020,19279,2013-03-04,2.44,OZ,1,1
771770074,143,41,4108,101111010,9907,2012-09-25,15,OZ,4,3.56
771770933,98,45,4514,101111010,9907,2012-10-13,40,OZ,1,7.19
771787936,98,58,5824,101111010,9907,2013-03-16,12,OZ,1,1.69
771796621,98,8,811,104112949,3635,2013-04-28,24,OZ,1,2.99
771800512,83,23,2301,101510010,4255,2012-11-10,16,OZ,1,1.19
771800512,83,29,2914,102100020,9886,2012-12-15,8,OZ,1,1
771800512,83,63,6315,101111010,9907,2013-04-16,128,OZ,1,2.49
771800512,83,9,901,104400040,25172,2013-04-27,2.13,OZ,1,1.79
771814090,63,60,6007,101800010,14029,2012-06-10,12,OZ,1,3.49
771814351,211,53,5307,101111010,9907,2013-06-15,12,OZ,3,3.09
771843463,89,51,5134,101111010,9907,2012-07-13,20,OZ,2,4.63
771843463,89,36,3628,101200010,12029,2012-09-30,20,OZ,1,1.69
771843463,89,43,4302,104300040,4030,2012-11-23,8,OZ,1,1
771843463,89,36,3628,101200010,12029,2013-02-16,20,OZ,1,1.69
771844705,58,63,6305,101111010,9907,2012-03-03,128,OZ,1,4.29
771844705,58,25,2506,101111010,9907,2012-05-03,32,OZ,1,2.47
771851113,26,63,6320,101111010,9907,2012-04-03,12,CT,1,1.59
771851113,26,75,7503,104138848,1993,2012-08-24,0.15,OZ,1,0.99
771851113,26,63,6316,101111010,9907,2012-08-26,16,OZ,1,1.64
771852765,83,51,5117,104280040,18599,2012-06-02,10.7,OZ,2,2.5
771852765,83,59,5907,102740020,16291,2012-06-23,45,OZ,1,3.07
771852765,83,33,3303,104163343,20842,2012-08-31,6,OZ,1,2.39
771852765,83,41,4110,103940030,71386,2012-11-03,28,OZ,1,1.99
771852765,83,41,4106,101111010,9907,2013-01-28,7,OZ,2,2
771852765,83,55,5558,101111010,9907,2013-03-18,36.8,OZ,1,4.49
771852765,83,9,906,104300040,13361,2013-07-06,4.2,OZ,1,2.99
771856427,191,57,5704,107047070,20230,2012-08-24,6,OZ,10,6
771870476,191,8,822,104600040,13023,2013-03-17,14,OZ,1,2.09
771875875,126,96,9609,1052340050,88199,2012-07-11,0,,1,-1
771875875,126,10,1007,101111010,9907,2013-01-06,0.3,OZ,2,0.74
771881573,126,23,2301,101111010,9907,2012-03-18,16,OZ,1,1.59
771881573,126,26,2628,104200040,2308,2012-09-01,1,RL,1,0.79
771881573,126,9,907,101111010,9907,2013-05-27,12,OZ,1,1
771881573,126,63,6399,101111010,9907,2013-07-14,32,OZ,1,1.99
771883752,133,36,3603,104300040,26420,2012-06-11,64,OZ,2,0.34
771883752,133,56,5604,107027777,1008,2013-05-31,5,OZ,1,2.5
771888192,133,9,901,104157343,6678,2012-05-28,22,OZ,1,3.99
771888192,133,99,9909,101111010,9907,2012-12-02,12,OZ,1,1.28
771888192,133,36,3612,101111010,9907,2013-01-10,128,OZ,3,2.91
771888192,133,37,3705,105100050,2820,2013-03-10,18.8,OZ,3,5
771888192,133,36,3625,101200010,23361,2013-03-13,144,OZ,3,11
771888192,133,30,3002,102100020,9886,2013-04-07,12,OZ,1,3.39
771896541,98,51,5115,107192171,78492,2012-04-23,12.8,OZ,1,6.59
771896541,98,95,9518,1061029060,7848,2013-06-14,1,CT,2,4.98
771900874,83,9,907,101111010,9907,2012-08-28,20,OZ,1,1
771900874,83,29,2927,107225171,12502,2012-08-30,5.8,OZ,1,2.19
771900874,83,56,5614,104610040,15889,2012-10-14,9,OZ,1,5.19
771900874,83,13,1306,105150050,14029,2012-10-14,5,LB,1,2.99
771900874,83,63,6320,101111010,9907,2012-12-23,12,CT,2,3.38
771904879,12,41,4121,101111010,9907,2012-05-12,28,OZ,2,3.78
771904879,12,53,5307,101450010,20864,2012-11-13,16,OZ,1,1.67
771905182,58,53,5305,101111010,9907,2012-12-20,10,OZ,1,1
771905182,58,21,2117,108768484,2903,2012-12-24,60,OZ,1,2.49
771905182,58,54,5402,101111010,9907,2013-01-06,15,OZ,1,2.19
771905182,58,57,5707,101111010,9907,2013-01-12,18,OZ,1,1.79
771905182,58,9,907,104157343,9907,2013-05-06,16,OZ,1,1.99
771906045,151,23,2301,104370040,15467,2012-07-02,16,OZ,1,1.49
771906045,151,22,2207,101111010,5981,2012-10-20,32,OZ,1,1.99
771910180,63,9,901,104400040,13243,2012-11-17,15.5,OZ,1,3.19
771910180,63,9,902,104400040,18775,2013-04-13,9,OZ,1,2.99
771912984,191,57,5704,107283070,18390,2013-02-22,6,OZ,3,1.8
771921531,83,92,9211,102270020,4197,2012-08-16,0.01,OZ,1,4.95
771921531,83,5,501,101600010,6662,2012-10-04,9.6,OZ,1,2.99
771927644,191,35,3506,103700030,3068,2012-10-07,75,OZ,1,3.99
771927644,191,97,9753,10978141696,0,2013-03-25,1,CT,1,2.99
771927644,191,33,3309,107373171,11786,2013-04-19,13,OZ,1,2.5
771930408,26,27,2707,105000050,6775,2012-10-23,16,LB,1,11.14
771930408,26,5,501,103000030,58434,2013-03-29,13,OZ,1,2.5
771940543,431,99,9908,101111010,9907,2012-07-04,160,OZ,1,4.74
771940543,431,5,501,1088491282,13689,2012-12-05,11,OZ,1,3.15
771940543,431,75,7501,1030006737,9580,2013-03-06,15,OZ,1,4.85
771950664,26,25,2503,105000050,32115,2012-03-02,15,OZ,2,6.56
771950664,26,5,501,103800030,11732,2013-01-29,24,OZ,2,9.72
771953832,63,10,1011,104300040,26232,2012-04-09,19.7,OZ,1,3.89
771953832,63,8,814,104156545,13412,2012-04-15,16,OZ,1,2.34
771953832,63,22,2210,103700030,6947,2012-06-04,13.2,OZ,1,7.49
771953832,63,63,6315,101111010,6848,2013-03-10,64,OZ,1,0.88
771954798,133,33,3312,103700030,14494,2012-03-16,6.38,OZ,4,6.64
771955559,26,14,1404,101111010,9907,2012-06-03,48,OZ,1,1.87
771960586,211,26,2613,103600030,8583,2012-03-17,23,CT,3,30.33
771960586,211,96,9609,1053600050,88199,2012-06-30,0,,3,-3
771960586,211,0,0,10000,0,2012-12-20,0,,1,0
771962205,89,99,9904,1081204989,27736,2012-05-26,1,CT,2,4
771966827,89,36,3628,101111010,1814,2012-08-01,67.6,OZ,1,0.79
771966827,89,21,2119,101111010,9907,2012-09-01,144,OZ,1,2.25
771966827,89,69,6901,102220020,17067,2013-01-11,2,OZ,1,0.88
771966827,89,9,902,101111010,9907,2013-04-09,16,OZ,1,1.49
771969078,143,56,5621,101111010,9907,2012-03-03,8,OZ,1,3.19
771969078,143,43,4302,104300040,4030,2012-11-14,8,OZ,2,2
771969078,143,96,9609,1053377656,88199,2013-05-26,0,,1,-1
771969669,98,36,3630,104900040,23359,2012-03-17,144,OZ,1,5.29
771971099,151,0,0,10000,0,2012-08-05,0,,1,-10.5
771971099,151,10,1011,104300040,26232,2013-02-02,8.9,OZ,1,1.49
771971099,151,9,910,101410010,13791,2013-06-08,7.5,OZ,2,5.98
771990119,89,29,2908,104430040,15487,2012-03-18,16,OZ,1,1.33
771990119,89,63,6312,102500020,16487,2013-03-18,59,OZ,1,2.68
771990701,26,31,3101,101111010,9907,2012-12-04,12,OZ,1,1.89
771998549,151,36,3634,105200050,14597,2012-11-07,24,OZ,1,1.09
772000140,151,56,5613,101111010,9907,2012-03-11,6,OZ,1,2.99
772009964,12,36,3627,107800070,23362,2013-03-10,101.4,OZ,1,3.34
772011396,191,9,907,101111010,6678,2012-11-22,22.5,OZ,1,1
772011396,191,41,4107,101111010,6678,2012-12-05,14.75,OZ,1,0.6
772011396,191,99,9904,103338333,33170,2013-03-08,16,OZ,1,2
772011396,191,51,5129,103620030,1698,2013-04-01,24,OZ,1,4.99
772021587,83,99,9904,1081204989,27736,2012-06-04,32,OZ,2,4.96
772030520,26,40,4005,101111010,9907,2013-01-06,3.75,OZ,1,2.69
772030520,26,58,5814,104660040,885,2013-06-16,2.6,OZ,4,4
772030707,126,23,2301,101111010,9907,2012-08-02,16,OZ,1,0.88
772030707,126,99,9904,103338333,33170,2012-12-15,48,OZ,1,4.99
772030707,126,14,1404,101111010,9907,2013-03-11,24,OZ,2,3.34
772033087,211,4,410,107920070,20031,2012-07-17,0.92,OZ,3,2.37
772047153,89,14,1415,101111010,9907,2012-09-22,15,OZ,1,1
772047153,89,29,2920,102970020,8711,2012-10-13,4,OZ,1,1
772047153,89,63,6305,101630010,6509,2012-11-17,59,OZ,1,3.39
772047153,89,5,501,101111010,9907,2012-12-17,18.2,OZ,1,2.49
772057157,63,9,912,103967737,34197,2012-08-08,16,OZ,1,1.5
772057157,63,51,5126,101380010,27474,2012-12-21,12,OZ,2,4.96
772057157,63,37,3703,105100050,2820,2013-02-16,10.75,OZ,3,4.58
772057157,63,9,908,107203070,5812,2013-02-24,16,OZ,1,3.99
772057157,63,9,901,104400040,13243,2013-03-23,14.3,OZ,1,3.19
772064896,98,4,416,104000040,26517,2012-08-04,1.69,OZ,1,0.99
772079665,133,41,4108,101111010,9907,2012-04-29,15,OZ,2,1.38
772079665,133,53,5307,101450010,20864,2012-10-20,12,OZ,3,6.45
772085945,89,99,9908,101111010,9907,2012-05-11,16,OZ,1,1.49
772085945,89,9,907,107130171,17614,2012-07-26,24,OZ,1,1.89
772088395,211,30,3009,102100020,9886,2013-01-14,16,OZ,1,2.79
772089957,89,55,5556,101111010,9907,2012-04-28,48,OZ,1,2.25
772090368,151,33,3305,101111010,9907,2012-06-01,10,OZ,1,1
772090368,151,29,2914,102100020,9886,2012-07-13,12.6,OZ,1,2.19
772090368,151,51,5125,101380010,10271,2013-07-19,11.5,OZ,2,3.38
772095181,63,4,416,104000040,16765,2013-01-08,3.4,OZ,1,1
772095181,63,4,416,104000040,11698,2013-05-12,3.36,OZ,1,1
772111549,12,59,5906,104060040,26155,2012-05-13,8,OZ,1,2.97
772113318,126,0,0,10000,0,2012-09-28,0,,1,0
772120342,63,31,3101,107654979,17991,2012-12-14,8,OZ,3,8.07
772139531,191,97,9735,103144535,33170,2012-08-09,1,CT,-1,-13.99
772139531,191,55,5556,104154848,5603,2012-12-01,48,OZ,1,3
772139708,58,36,3601,101200010,13794,2012-07-21,144,OZ,1,0
772139708,58,33,3305,102840020,18584,2012-08-25,10,OZ,1,2.99
772139708,58,63,6315,101111010,9907,2012-09-08,64,OZ,1,1.21
772149834,63,9,902,104400040,19783,2012-07-22,9.1,OZ,1,1.67
772149834,63,97,9701,1073754474,33170,2013-02-21,1,CT,1,5.29
772154884,191,99,9909,107143070,5072,2012-09-10,12,OZ,1,1.88
772158695,98,0,0,10000,0,2012-07-16,0,,1,0
772163279,26,39,3903,104300040,10654,2012-11-28,24,OZ,1,3.99
772163279,26,56,5607,101111010,9907,2013-02-07,8,OZ,3,3
772163279,26,56,5607,101111010,9907,2013-03-27,8,OZ,8,8
772164811,126,0,0,10000,0,2012-06-12,0,,3,0
772166763,58,99,9908,101111010,9907,2012-05-21,16,OZ,2,2
772168952,26,27,2704,107910070,30096,2012-03-05,26.4,OZ,1,3.99
772168952,26,79,7901,107224676,20014,2012-04-06,1,CT,1,1.79
772168952,26,8,810,101111010,9907,2012-05-06,1.5,OZ,1,0.39
772168952,26,99,9904,1071575676,5278,2012-05-20,6,OZ,3,7.5
772168952,26,96,9632,107675070,15058,2012-06-15,1,CT,1,25
772168952,26,73,7307,104126040,9907,2012-08-29,48,CT,1,3.38
772168952,26,99,9904,103338333,33170,2013-03-02,16,OZ,1,1.66
772183452,26,91,9109,108284484,22776,2012-08-10,0.75,LT,1,11.25
772183452,26,19,1908,103377636,5476,2013-01-15,16,OZ,1,4.99
772183452,26,40,4005,1063243262,7746,2013-01-15,2.6,OZ,1,4.99
772192046,83,74,7402,1084105888,15983,2012-11-01,8.4,OZ,1,3
772195213,191,64,6408,101744414,41023,2012-05-10,0.75,LT,1,5.99
772195213,191,64,6401,107262070,14899,2012-07-04,144,OZ,1,10.49
772207208,133,75,7501,101910010,9158,2012-06-19,26.5,OZ,1,5
772221597,26,51,5134,1071785474,11614,2012-10-04,4.5,OZ,2,1.76
772246501,191,56,5615,107086373,75225,2012-09-03,32,OZ,2,9.98
772246501,191,0,0,10000,0,2013-01-15,0,,2,0
772246501,191,0,0,10000,0,2013-02-28,0,,2,0
772252870,26,5,516,101600010,6283,2013-01-16,6,OZ,1,2.99
772252870,26,33,3303,101111010,9907,2013-04-04,6,OZ,1,1.29
772252870,26,51,5115,107218070,15035,2013-05-12,19.86,OZ,2,7
772253894,143,30,3008,107110070,8280,2012-05-29,16,OZ,1,3.17
772255854,211,21,2118,108079383,6926,2012-05-24,16.9,OZ,1,1.59
772272890,98,51,5125,107265575,8089,2012-09-24,9.5,OZ,1,1.67
772272890,98,63,6399,1063912363,29075,2013-06-03,7,OZ,1,4.99
772278691,89,56,5615,101111010,9907,2012-07-20,8,OZ,1,1.79
772278691,89,58,5823,104450040,9445,2012-08-08,16,OZ,2,3.69
772281745,26,95,9518,1072047373,7848,2012-05-23,1,CT,1,1.99
772288276,431,17,1704,103320030,875,2012-10-27,40,OZ,1,1.99
772288276,431,33,3312,103700030,14494,2012-11-17,6.41,OZ,1,1.67
772288276,431,53,5307,102000020,7655,2012-12-28,11,OZ,4,7.96
772288276,431,37,3709,104178949,11224,2013-01-05,18,OZ,1,1.09
772288276,431,51,5115,107192171,18492,2013-01-27,22.85,OZ,1,1.99
772288276,431,72,7205,103500030,3830,2013-04-12,4,OZ,2,6.38
772294614,63,99,9909,101111010,28083,2012-04-19,5,OZ,1,2.89
772294614,63,56,5699,104175747,10216,2012-05-10,7.5,OZ,1,5.19
772294614,63,12,1205,104800040,38150,2012-09-10,5,OZ,6,5.34
772294614,63,13,1306,101111010,9907,2012-12-07,5,LB,1,1.99
772294614,63,6,601,105000050,12547,2013-01-12,4.27,OZ,2,2
772294614,63,36,3631,101111010,1814,2013-02-09,144,OZ,1,2.78
772305990,89,9,907,101111010,9907,2012-03-27,11,OZ,1,1.19
772318200,63,97,9753,1085735989,0,2012-07-23,1,CT,1,0.88
772318200,63,5,501,101111010,9907,2013-01-10,11.25,OZ,1,2
772318200,63,21,2105,104900040,14357,2013-02-10,32,OZ,6,3.54
772323638,26,36,3618,104900040,23359,2012-08-12,144,OZ,3,12
772323638,26,5,501,103000030,58434,2012-09-11,12.5,OZ,1,1.88
772323638,26,37,3703,105100050,2820,2012-09-21,10.5,OZ,1,1
772324512,89,55,5559,107756777,14286,2012-05-16,33,OZ,1,4.27
772325383,58,40,4004,104790040,10865,2012-07-10,12,OZ,1,4.39
772325383,58,99,9909,101111010,9907,2012-12-06,12,OZ,1,1.69
772328789,133,35,3509,102420020,14716,2012-04-12,63,OZ,1,5.49
772329076,58,39,3903,103000030,1058,2012-08-27,24,OZ,1,2.99
772329076,58,63,6323,101111010,9907,2012-10-22,128,OZ,1,3.24
772329076,58,59,5902,101111010,9907,2013-03-07,16,OZ,1,2.99
772338400,12,96,9609,1053890050,88199,2012-05-17,0,,2,-1
772340188,126,28,2803,101111010,9907,2013-01-05,16,OZ,1,1.99
772361600,98,58,5824,102781525,5557,2012-03-19,13,OZ,1,4.79
772361600,98,5,519,103000030,14760,2012-04-16,12.3,OZ,1,2.75
772361600,98,19,1905,105150050,16728,2012-07-18,18,OZ,1,3.19
772372957,143,32,3204,107040474,14245,2012-08-29,16,OZ,2,7.98
772372957,143,23,2301,101111010,9907,2013-05-01,16,OZ,1,0.96
772372957,143,9,922,102430020,10577,2013-05-15,16.2,OZ,1,1.69
772391302,83,9,902,101410010,45039,2012-04-10,6.6,OZ,2,4.36
772391302,83,63,6328,107590070,2073,2012-05-25,20,OZ,1,4.49
772392229,63,63,6315,101111010,6848,2012-11-13,128,OZ,1,1.57
772392229,63,9,907,101111010,6848,2012-12-07,24,OZ,1,1.25
772392229,63,26,2630,101111010,9907,2013-02-11,640,CT,1,4.49
772392229,63,55,5556,101111010,9907,2013-03-29,48,OZ,1,1.59
772392229,63,55,5556,101111010,9907,2013-04-11,48,OZ,1,2.99
772404831,126,33,3315,101111010,9907,2012-05-16,5.5,OZ,1,3.69
772404831,126,53,5307,101111010,9907,2012-06-01,12,OZ,2,2.58
772412642,63,99,9909,101111010,28083,2012-10-25,10,OZ,1,0.99
772414128,191,28,2806,101111010,9907,2012-09-09,46,OZ,1,2.89
772414128,191,30,3008,101111010,6678,2013-02-03,16,OZ,2,3.34
772414128,191,37,3705,105100050,2820,2013-04-19,18.6,OZ,1,1.67
772433858,143,34,3403,103500030,8919,2012-08-24,11.25,OZ,1,1.49
772433858,143,58,5823,104470040,13310,2012-10-29,7,OZ,1,2.99
772444722,126,0,0,10000,0,2013-01-31,0,,2,0
772448160,211,63,6329,1085490686,2218,2012-07-06,10,OZ,1,1.49
772448160,211,37,3703,105100050,2820,2013-01-18,10.5,OZ,1,1
772448160,211,72,7203,103700030,4294,2013-02-01,16,OZ,1,1.69
772450856,126,44,4404,107105272,3829,2012-05-26,8,OZ,1,1.69
772450856,126,56,5621,101111010,9907,2012-11-05,8,OZ,2,3.76
772450856,126,29,2925,101111010,9907,2013-01-26,14,OZ,1,1.49
772450856,126,8,810,101111010,9907,2013-02-24,1.5,OZ,1,0.39
772457217,98,36,3604,101111010,1814,2012-10-04,67.6,OZ,3,1.97
772476672,211,9,907,102412626,10365,2013-01-31,20,OZ,1,1.79
772476672,211,51,5115,107218070,6718,2013-05-01,16.6,OZ,1,3.99
772477091,98,53,5307,101111010,9907,2012-06-02,32,OZ,1,2.16
772481357,83,9,907,101111010,9907,2012-04-01,12,OZ,1,0.88
772481357,83,96,9609,1052400050,88199,2013-02-24,0,,1,-1
772483219,126,0,0,10000,0,2012-05-02,0,,1,0
772495262,431,4,416,102800020,4346,2012-05-06,3.6,OZ,2,2
772503489,26,31,3101,108598181,20595,2013-02-15,1,OZ,1,6.99
772506902,89,26,2622,101370010,8154,2012-07-01,13,CT,1,1.49
772506902,89,29,2914,102100020,9886,2012-09-06,1.9,OZ,6,2.94
772506902,89,0,0,10000,0,2012-12-13,0,,1,0
772506902,89,70,7002,101111010,9907,2013-01-29,64,OZ,1,1.39
772513156,26,55,5552,101111010,9907,2012-06-13,48,OZ,1,2.59
772513156,26,9,907,107882171,12633,2012-07-16,12,OZ,1,2
772523364,58,58,5833,101111010,9907,2013-03-24,48,OZ,1,7.98
772523364,58,99,9904,101111010,9907,2013-04-07,48,OZ,2,9.98
772528817,431,35,3509,102420020,14716,2012-04-13,75,OZ,2,10.98
772528817,431,45,4511,102370020,18969,2013-02-15,11.5,OZ,1,2.99
772528817,431,22,2210,103500030,17523,2013-03-02,56,OZ,1,2.99
772528817,431,10,1013,103890030,5072,2013-06-03,17.2,OZ,1,2.39
772531423,12,4,419,104000040,5168,2012-08-06,9.5,OZ,1,4.29
772532468,431,54,5403,107790070,9200,2012-08-19,18,OZ,1,6.45
772532468,431,57,5710,107047070,20230,2012-11-20,12,OZ,1,2.99
772532468,431,33,3303,101111010,9907,2013-02-07,8.5,OZ,1,2
772532468,431,0,0,10000,0,2013-03-09,0,,1,0
772535982,98,5,516,102190828,10187,2012-04-13,1.8,OZ,2,2.98
772535982,98,63,6320,101111010,9907,2012-10-24,12,CT,1,1.58
772547424,12,6,610,101200010,635,2012-07-08,16,OZ,4,6
772547424,12,33,3312,103700030,14494,2012-08-07,6,OZ,1,1.5
