126148915,20,59,5905,101111515,2445,2012-07-25,15,OZ,2,5
126149108,15,57,5710,104667545,20216,2013-04-23,5.3,OZ,2,-1.61
126149722,18,22,2210,103700030,5174,2012-06-29,83,OZ,1,9.99
126154503,15,97,9753,10000,0,2012-09-06,1,CT,1,4.99
126154503,15,33,3301,107989373,12908,2012-10-14,5,OZ,1,2.69
126154751,18,99,9908,102113020,15704,2012-05-25,160,OZ,1,2.99
126154751,18,63,6325,103760030,63690,2012-08-02,21,OZ,1,2.55
126154751,18,63,6325,107111777,15194,2012-09-14,20,OZ,1,4.99
126154751,18,5,504,1072225272,3695,2013-01-15,1.69,OZ,4,2.46
126154751,18,33,3305,102840020,15870,2013-02-16,16,OZ,2,4.5
126154751,18,96,9609,1053700050,88199,2013-02-16,0,,1,0
126155684,18,63,6315,102113020,10786,2012-03-17,128,OZ,2,5.98
126155684,18,29,2921,101600010,1756,2012-06-10,4.7,OZ,1,0.53
126155751,15,9,907,107699070,10758,2012-07-11,16,OZ,1,5.69
126155991,17,58,5823,104450040,8318,2013-01-10,9,OZ,2,7.98
126156228,15,99,9904,1071575676,5278,2012-05-11,16,OZ,2,4.99
126156912,18,74,7402,1084105888,16559,2012-04-01,7,OZ,1,2.99
126156912,18,37,3706,104119646,14582,2013-03-29,19,OZ,1,2
126157061,18,8,838,107182878,1551,2012-11-10,12,OZ,1,5.85
126157061,18,5,504,105200050,7054,2012-12-30,6,CT,1,1.69
126157898,15,36,3612,102113020,15704,2012-03-17,128,OZ,2,-14.65
126157898,15,58,5827,107080070,16704,2013-01-22,16,OZ,1,5.49
126158303,4,37,3707,105100050,17812,2012-11-16,14.5,OZ,2,2.17
126158303,4,64,6401,1078615070,17345,2013-06-19,67.2,OZ,1,8.99
126158303,4,9,917,107373171,11786,2013-06-19,27.5,OZ,2,3.38
126158848,18,26,2622,102570020,20361,2012-05-23,100,CT,1,3.5
126163922,3,9,908,102113020,15704,2012-04-21,12,OZ,1,4.99
126164016,20,26,2622,102570020,20361,2012-11-24,30,CT,1,4.79
126168107,18,37,3703,105100050,2820,2012-04-22,11.5,OZ,2,3.18
126168107,18,97,9753,10000,0,2012-10-05,1,CT,1,2.27
126170353,18,36,3634,1078616272,7237,2012-06-07,20,OZ,8,10.44
126171662,95,8,818,105100050,14403,2012-06-02,23.5,OZ,1,2.59
126171662,95,51,5123,103620030,52004,2012-07-03,22,OZ,1,10.99
126171662,95,97,9753,10000,0,2012-12-06,1,CT,1,1
126171747,18,63,6315,102113020,10786,2012-12-14,128,OZ,2,5.98
126173718,15,96,9609,1053800050,88199,2012-07-13,0,,2,-2
126173718,15,5,501,101600010,3331,2012-08-27,11.3,OZ,1,2.67
126173718,15,63,6315,102113020,10786,2013-01-10,16,OZ,3,3.25
126175057,15,9,907,105040050,95440,2012-05-17,12,OZ,1,2.99
126175057,15,97,9753,1022703121,0,2012-09-03,1,CT,1,3.29
126175711,15,91,9110,102113020,19478,2012-09-01,1.75,LT,1,9.99
126175711,15,55,5552,102113020,15704,2012-09-26,16,OZ,1,2.99
126175711,15,56,5610,102113020,15704,2013-01-27,8,OZ,1,1.59
126180142,95,1,103,101500010,7142,2012-03-26,6,OZ,1,0.95
126180142,95,54,5402,1068615161,9916,2012-12-04,12.5,OZ,1,2.99
126181555,95,22,2201,102113020,15704,2012-09-15,96,OZ,1,-1.21
126181555,95,9,902,102410020,44209,2012-09-19,7,OZ,1,1.99
126181555,95,64,6408,108500080,2983,2012-10-10,1.5,LT,1,4.99
126181555,95,21,2117,108768484,2903,2012-11-06,60,OZ,1,2.29
126181555,95,27,2705,105000050,6775,2013-03-17,5.5,OZ,7,1.41
126181555,95,9,907,102113020,15704,2013-05-01,12,OZ,1,1.2
126182638,4,63,6311,101405414,12973,2012-09-22,64,OZ,1,6.99
126182638,4,57,5707,103663232,4568,2012-10-24,14,OZ,1,0.79
126182638,4,41,4121,107236070,5658,2013-01-14,7.75,OZ,1,0.55
126183458,18,37,3707,107989373,12908,2013-02-17,32,OZ,2,4.59
126184309,4,64,6408,108158484,39787,2012-07-16,0.75,LT,3,32.97
126184771,15,5,516,103000030,14760,2012-08-21,6.7,OZ,1,2.5
126185645,20,58,5824,1063690666,12339,2013-03-21,12,OZ,2,7
126188857,18,21,2108,102870020,18702,2012-05-22,46,OZ,1,2.89
126188881,15,63,6315,102113020,10786,2012-08-05,32,OZ,1,1.49
126188881,15,36,3636,104300040,4371,2013-04-25,169,OZ,3,7.97
126190148,95,57,5710,1089470080,21065,2013-02-14,5.3,OZ,10,10
126190334,18,63,6320,102113020,10786,2012-07-19,12,CT,1,1.49
126190334,18,73,7308,1031254636,7853,2013-04-08,30,CT,1,1.69
126191057,15,14,1404,102870020,18702,2012-05-06,24,OZ,1,2.19
126191057,15,30,3008,107110070,8280,2013-01-19,20,OZ,1,5.99
126196365,15,58,5823,107597171,15878,2012-10-14,10,OZ,2,10.98
126196365,15,5,516,101600010,12426,2013-05-30,8.9,OZ,1,2.5
126196365,15,1,105,1030008737,5794,2013-06-03,33.2,OZ,1,35.59
126196365,15,5,501,103800030,17050,2013-06-09,12.4,OZ,1,3.99
126197097,18,72,7205,103320030,875,2012-09-30,6,OZ,1,2.99
126197204,15,14,1405,103120030,12957,2012-03-09,14,OZ,1,2.49
126197204,15,33,3309,107373171,11786,2012-04-14,20,OZ,1,4.49
126197204,15,63,6309,101405414,12973,2012-07-12,12,OZ,1,1.2
126197204,15,27,2713,102310020,3223,2012-08-24,3.5,OZ,2,0.07
126197204,15,35,3508,103700030,18371,2013-01-22,35,OZ,1,12.99
126197294,18,99,9909,107127979,6732,2012-05-24,6.4,OZ,1,3.99
126198772,88,9,921,104500040,8511,2012-08-17,3.81,OZ,1,1
126198772,88,29,2928,101530010,58299,2013-02-26,4.9,OZ,1,1.39
126201328,4,58,5811,102263525,19442,2012-12-20,3,OZ,2,7.98
126204175,18,2,202,101600010,1756,2012-08-23,19.9,OZ,1,-0.45
126205247,15,55,5555,107684070,32094,2012-03-26,16,OZ,4,13.96
126205871,15,9,902,101410010,45039,2013-04-09,11,OZ,1,4.29
126206479,4,9,901,104400040,13243,2013-01-22,3.5,OZ,1,0.99
126206479,4,99,9909,102113020,15704,2013-02-14,4.75,OZ,1,2.5
126206479,4,17,1701,1067811262,3912,2013-04-04,25.2,OZ,1,1.59
126206479,4,55,5556,104154848,5603,2013-04-10,48,OZ,1,2.99
126206918,88,8,801,101300010,8164,2012-03-14,32,OZ,1,2.99
126207676,15,55,5552,102113020,10786,2012-04-01,128,OZ,1,6.99
126208503,18,36,3601,101200010,13794,2013-06-21,33.8,OZ,1,1.99
126210168,15,58,5824,104450040,8318,2012-05-08,12,OZ,1,5.49
126210168,15,64,6402,108066080,94324,2012-05-13,72,OZ,1,7.99
126210168,15,99,9909,107127979,6732,2013-04-05,6,OZ,1,3.69
126212478,18,71,7114,105233656,26006,2013-02-21,2,OZ,1,5.49
126212478,18,63,6312,105020050,52045,2013-03-20,128,OZ,1,3.49
126215096,15,36,3611,102113020,15704,2013-04-13,405.6,OZ,1,3.15
126215096,15,8,810,105210050,11382,2013-05-05,1.25,OZ,1,1.29
126215096,15,79,7901,107447070,17665,2013-06-16,1,CT,1,7.99
126216039,88,26,2622,101370010,8154,2012-06-08,13,CT,1,3.39
126216360,18,25,2506,102113020,10786,2012-06-25,32,OZ,1,3.29
126216360,18,63,6311,104180040,19713,2012-09-27,64,OZ,1,1.79
126222041,18,21,2105,105200050,7054,2012-05-29,72,OZ,1,4.49
126222244,15,26,2606,102113020,15704,2012-06-03,200,CT,1,2.19
126222244,15,99,9909,107127979,6732,2012-09-16,5,OZ,1,2.49
126222408,15,14,1411,102113020,15704,2012-04-06,20,OZ,1,0.3
126225227,15,26,2633,107989373,2368,2012-05-03,6,RL,1,3.99
126230604,4,33,3303,102840020,10241,2012-06-06,10,OZ,1,0.8
126230604,4,29,2914,102100020,9886,2012-07-15,7.25,OZ,2,2
126230604,4,71,7114,1071722676,9241,2012-08-26,12,OZ,1,5.99
126230604,4,21,2117,1065762262,26129,2012-09-01,54,OZ,2,6
126230604,4,36,3634,1078616272,7237,2012-11-17,20,OZ,6,5.59
126230604,4,36,3611,102113020,15704,2012-11-17,120,OZ,1,2.79
126230604,4,99,9904,103338333,33170,2013-02-09,6,OZ,2,7.98
126230604,4,34,3411,106715363,70253,2013-03-09,12,OZ,2,3.98
126230604,4,30,3009,104100040,19975,2013-04-06,16,OZ,1,3.79
126231092,15,4,427,103400030,2331,2012-06-06,1.27,OZ,1,2.39
126231092,15,63,6305,102113020,15704,2012-07-08,59,OZ,2,6
126231092,15,64,6408,108143484,22447,2012-11-21,0.75,LT,1,4.49
126231092,15,56,5609,104990040,9818,2013-05-18,32,OZ,1,5.49
126231190,15,64,6409,109998898,11499,2012-12-08,0.75,LT,2,10.98
126231679,88,8,818,103620030,14868,2013-06-20,24,OZ,1,1.69
126231897,18,36,3618,102113020,15704,2013-04-21,67.6,OZ,1,1.09
126232679,15,26,2628,102113020,15704,2012-12-10,6,RL,1,7.49
126232679,15,4,419,1061257363,55807,2013-03-16,7,OZ,9,15.95
126234471,18,5,501,1088491282,8459,2012-07-07,18,OZ,2,7.29
126234471,18,92,9208,104145747,7487,2013-03-06,60,CT,1,1.29
126234506,18,57,5704,104667545,20216,2012-06-12,6,OZ,3,2.97
126234506,18,71,7114,108087888,13505,2012-09-02,11.5,OZ,1,3.49
126234506,18,55,5560,104154848,5603,2013-04-07,16.1,OZ,1,2.79
126236792,15,31,3101,105210050,11382,2012-03-18,0.42,OZ,1,2.49
126236792,15,9,907,102113020,15704,2012-09-29,9,OZ,1,2.09
126239267,15,58,5827,103390030,9286,2012-03-18,6,OZ,1,4.49
126239267,15,9,901,103010030,15828,2012-10-01,12.8,OZ,2,5.98
126239267,15,57,5710,107047070,20230,2013-03-24,5.3,OZ,1,-0.11
126239306,4,63,6323,102113020,10786,2012-12-08,64,OZ,1,2.49
126239939,15,64,6409,1072629979,9928,2012-04-02,0.75,LT,1,8.74
126239939,15,56,5620,102100020,9886,2012-09-01,8,OZ,2,6.28
126239939,15,21,2119,1061300868,867,2013-01-09,128,OZ,1,3
126239939,15,64,6409,101098616,9574,2013-01-24,0.75,LT,3,26.97
126240791,18,37,3709,107066272,12673,2012-07-28,2.25,OZ,2,1
126241336,15,9,902,102410020,44209,2012-10-16,13.7,OZ,1,3.49
126241554,15,33,3319,102840020,10241,2012-07-26,9,OZ,1,3.99
126241554,15,99,9904,1071575676,5278,2012-10-24,6,OZ,1,2.24
126241554,15,58,5811,102113020,28503,2013-02-23,4,OZ,1,6.99
126242756,4,63,6317,104157040,2017,2012-12-10,64,OZ,1,2.99
126244216,15,9,907,105040050,95440,2012-04-26,12,OZ,1,2.2
126244473,15,33,3350,102620020,16611,2013-04-27,0.97,OZ,1,1.49
126244656,20,63,6312,102500020,16487,2012-06-28,59,OZ,1,2.5
126244656,20,33,3303,102840020,10241,2013-01-22,8,OZ,1,0
126244656,20,41,4107,102000020,7655,2013-05-15,11,OZ,2,4
126244885,4,11,1111,1075365676,18312,2012-04-30,2.1,OZ,4,8
126244885,4,79,7901,1072527474,45338,2012-10-01,1,CT,1,2.99
126244885,4,99,9904,103338333,33170,2013-05-20,6,OZ,1,3.99
126246257,4,57,5704,107989373,29344,2012-03-12,32,OZ,1,2.99
126246257,4,63,6320,102113020,10786,2012-04-04,18,CT,1,3.69
126247682,4,9,907,1089920787,33489,2012-03-31,16,OZ,1,2.99
126248008,15,33,3303,102840020,15598,2012-11-04,9.5,OZ,1,4.29
126248576,18,21,2117,108768484,2903,2012-12-08,60,OZ,1,2.99
126249329,15,56,5613,107455070,14391,2013-01-19,15,OZ,2,5.98
126249787,4,55,5559,107756777,14286,2012-11-13,33,OZ,1,4.49
126250821,18,58,5836,102183424,54561,2012-06-09,12,OZ,2,2.38
126250821,18,63,6319,1072243070,64627,2013-01-18,16,OZ,1,2.99
126251744,17,9,902,102410020,44209,2012-11-03,15,OZ,1,1.22
126251744,17,63,6312,102500020,11749,2013-02-08,59,OZ,2,2.7
126251744,17,27,2710,104460040,6743,2013-03-24,14,LB,1,6.29
126251744,17,96,9609,1051600050,88199,2013-04-05,0,,1,0
126252469,15,45,4514,102113020,15704,2012-07-19,64,OZ,1,10.69
126252869,18,9,910,101410010,13791,2012-10-23,13,OZ,1,2.5
126253438,18,21,2119,1061300868,867,2012-05-18,23,OZ,1,0.99
126253438,18,41,4107,102113020,15704,2012-10-13,4,OZ,2,0.08
126253438,18,4,419,104126949,13467,2013-02-12,2,OZ,1,1.25
126253438,18,72,7208,102113020,15704,2013-06-17,1,CT,1,1.5
126254459,18,37,3703,102113020,15704,2012-07-10,10.75,OZ,2,1.38
126254930,4,8,818,103620030,14868,2012-03-05,24,OZ,2,2.34
126254930,4,15,1506,1085441787,20938,2013-04-11,0.75,OZ,1,0.69
126255340,15,31,3105,104300040,73687,2012-07-17,6,OZ,1,6.19
126255340,15,71,7107,1030815131,3609,2013-01-24,1,CT,1,8.49
126256019,15,9,907,107313070,13291,2013-01-23,24,OZ,1,4.99
126256019,15,99,9908,102113020,15704,2013-02-12,10,OZ,1,3.19
126256019,15,41,4105,101119414,27268,2013-02-19,28,OZ,1,3.29
126256797,18,56,5615,107283070,18390,2012-05-07,32,OZ,1,7.49
126257036,18,9,907,101376414,29015,2012-03-28,27,OZ,1,4.99
126261764,15,67,6707,107830070,14142,2012-04-13,1,CT,1,5.59
126261764,15,26,2613,103700030,10861,2012-12-02,31,CT,1,6.99
126261764,15,63,6320,102113020,10786,2012-12-30,12,CT,1,2.49
126261764,15,21,2105,104900040,14357,2013-05-04,32,OZ,1,0.12
126262763,18,9,907,102113020,15704,2012-05-11,24,OZ,1,2.99
126266101,15,26,2633,103040030,683,2012-08-08,4,RL,1,1.99
126266101,15,13,1306,102113020,15704,2013-01-01,5,LB,2,5.41
126266117,15,29,2906,104261444,22241,2012-03-08,8,OZ,1,2.49
126266117,15,63,6315,102113020,10786,2012-06-22,64,OZ,2,6.28
126266117,15,99,9904,103338333,33170,2012-09-25,4.4,OZ,1,5.49
126266220,18,55,5559,107756777,14286,2012-05-13,33,OZ,1,3.6
126266220,18,8,814,107210171,10069,2013-02-26,16,OZ,1,2.99
126272909,15,63,6320,102113020,10786,2012-10-24,18,CT,2,5.78
126274963,15,5,501,101600010,3331,2013-04-18,12.25,OZ,1,-3.81
126275907,15,33,3303,102840020,10241,2012-09-04,8.5,OZ,2,3.49
126276896,18,99,9908,102113020,15704,2013-03-29,160,OZ,1,2.49
126278339,18,14,1415,102113020,15704,2012-03-26,11,OZ,10,7.91
126279097,15,9,901,104400040,12600,2012-06-20,10.5,OZ,1,4
126280328,15,56,5610,102113020,4720,2012-08-13,6,OZ,1,4.99
126280328,15,21,2108,104124444,11218,2012-12-23,25.4,OZ,2,5.29
126283323,18,26,2633,102113020,15704,2012-10-06,12,RL,1,6.99
126283323,18,4,417,103400030,9739,2012-10-28,4.5,OZ,2,3.98
126285562,20,36,3611,102113020,15704,2012-03-14,405.6,OZ,1,3.34
126285562,20,45,4509,102113020,28503,2012-09-15,32,OZ,1,17.98
126286151,4,45,4509,104440040,7504,2012-11-05,6.3,OZ,2,5.99
126286151,4,9,907,107313070,13291,2012-11-26,24,OZ,2,5.98
126288093,15,26,2622,102113020,15704,2013-01-17,100,CT,1,3.29
126288093,15,33,3318,102840020,15441,2013-04-11,10,OZ,1,3
126289775,15,26,2634,103700030,3293,2012-06-03,4,RL,1,3.99
126290120,15,8,816,107873272,23228,2013-01-29,15,OZ,1,4.99
126291827,15,26,2613,103600030,8583,2012-07-14,31,CT,1,10.49
126291827,15,24,2406,104450040,25930,2012-07-26,8,OZ,1,4.99
126291827,15,56,5615,102113020,10786,2012-09-08,8,OZ,1,2.29
126291827,15,9,902,104400040,44236,2013-04-08,7.5,OZ,2,6.2
126292478,4,9,902,104400040,15335,2012-05-19,11.5,OZ,1,3.49
126292478,4,60,6001,105000050,30272,2012-10-26,32,OZ,1,3.8
126293105,15,64,6409,108981989,1677,2012-09-29,0.75,LT,1,3.99
126293105,15,99,9909,107127979,6732,2012-10-30,9,OZ,1,1.99
126293105,15,56,5616,102113020,10786,2013-04-29,8,OZ,1,3
126295080,18,63,6309,104850040,18799,2012-08-07,12,OZ,1,1.5
126295080,18,5,501,101600010,3396,2013-02-02,13.5,OZ,1,3.69
126295080,18,9,907,107313070,13291,2013-03-21,24,OZ,1,1.69
126295080,18,41,4120,107079676,3198,2013-05-16,4.56,OZ,1,2.59
126295732,15,63,6315,102113020,10786,2012-07-21,32,OZ,1,1.35
126296762,18,33,3303,108411484,9596,2013-04-06,8.5,OZ,2,5
126298884,88,5,519,102113020,15704,2012-03-02,12.3,OZ,1,2.88
126298884,88,60,6011,101800010,14029,2012-08-17,16.3,OZ,2,3
126298884,88,14,1415,102113020,15704,2012-12-20,11,OZ,2,2
126301091,18,9,901,104400040,13243,2012-05-04,15.5,OZ,1,1.99
126301307,15,25,2508,102529323,16410,2012-08-19,64,OZ,2,5.98
126301307,15,5,501,103800030,11732,2013-03-20,15,OZ,1,0.5
126308914,15,6,610,1061126969,15041,2012-04-29,12,OZ,3,8.97
126309382,15,22,2211,103700030,2246,2012-05-25,80,CT,1,4.7
126309382,15,27,2705,105000050,6775,2012-12-07,5.5,OZ,2,1.4
126311504,18,36,3635,102113020,15704,2012-07-17,33.8,OZ,2,1.36
126314789,88,24,2403,102113020,15704,2012-03-19,4.5,OZ,2,3.58
126314789,88,51,5125,107989373,5537,2012-03-24,11.25,OZ,1,2
126314789,88,36,3635,104150848,27294,2012-06-24,50.7,OZ,2,9.98
126314789,88,96,9632,107675070,17286,2012-12-25,1,CT,2,50
126314789,88,13,1306,103997838,2082,2013-02-23,1.5,LB,1,3.49
126315634,15,19,1904,105820050,15704,2012-11-30,12,OZ,1,4.49
126316420,15,99,9909,107989373,12908,2012-07-23,12,OZ,1,3.99
126316420,15,57,5704,107047070,20230,2013-02-22,6,OZ,6,4.2
126317830,18,56,5616,107283070,18390,2012-08-26,8,OZ,1,3.09
126318042,18,64,6401,1076317676,31095,2012-11-04,144,OZ,1,16.49
126320072,15,9,902,107270070,11079,2012-03-05,10,OZ,1,3.49
126321003,95,9,907,102113020,13362,2012-05-05,22,OZ,1,1.29
126321518,15,57,5704,107989373,29344,2012-04-19,6,OZ,2,1.38
126321518,15,97,9753,1082757585,0,2012-11-01,1,CT,1,4.99
126321894,15,31,3111,102113020,15704,2012-09-02,4,OZ,2,5
126321894,15,56,5615,102113020,10786,2013-04-22,32,OZ,1,7
126323892,15,9,907,105040050,95440,2013-05-08,12,OZ,1,3.49
126324833,15,9,907,107313070,13291,2012-03-06,21,OZ,1,4.99
126324833,15,49,4901,101312010,26885,2012-05-28,28,OZ,2,7.34
126324833,15,42,4220,102113020,15704,2012-06-09,16,OZ,2,3.38
126324833,15,58,5822,104450040,8318,2012-07-14,13,OZ,1,4.99
126325401,17,18,1827,104650040,7249,2012-10-30,9.7,OZ,3,6.47
126328028,18,19,1905,105820353,15704,2012-09-08,23,OZ,1,3.29
126328204,18,36,3618,102113020,15704,2012-10-23,67.6,OZ,1,1.39
126328204,18,4,427,102200020,506,2012-12-07,1.76,OZ,3,6.49
126331076,15,27,2706,105000050,6132,2012-04-10,3,OZ,3,2.25
126331076,15,56,5620,104610040,15889,2012-06-25,8,OZ,1,3.79
126332324,15,51,5116,102113020,15704,2012-03-06,29.6,OZ,1,4.99
126332324,15,58,5824,105050050,6170,2013-02-25,8,OZ,1,1.99
126332375,15,63,6315,102113020,10786,2013-02-10,32,OZ,1,1.65
126333717,3,17,1709,104460040,3718,2012-04-11,48,OZ,1,5.49
126333717,3,11,1112,102898929,26666,2012-09-24,10,OZ,2,10.58
126336781,15,26,2622,102113020,15704,2012-09-19,300,CT,2,7.98
126336781,15,35,3504,103500030,13470,2012-11-20,90,OZ,1,8.99
126338521,4,33,3310,108266686,14265,2012-05-18,3,OZ,1,2.99
126338521,4,99,9904,103338333,33170,2012-07-21,16,OZ,1,1
126338521,4,2,202,1064420969,5345,2012-11-12,18,OZ,1,1.99
126338521,4,5,502,101600010,107416,2013-01-10,9,OZ,1,5.9
126338521,4,8,811,104112949,3635,2013-03-13,24,OZ,1,3.49
126338521,4,8,821,108817787,16994,2013-05-11,21,OZ,1,5.39
126338521,4,53,5307,102113020,15704,2013-06-16,16,OZ,1,2.19
126339294,15,35,3508,103700030,18371,2012-03-28,50,OZ,1,7.99
126339294,15,22,2201,104460040,3718,2012-06-30,96,OZ,1,2.69
126339294,15,41,4107,104525545,11481,2013-05-25,16,OZ,1,3.99
126342716,18,9,917,107373171,11786,2012-06-03,28,OZ,1,4.49
126342716,18,7,709,102113020,15704,2013-01-04,6.35,OZ,1,6.99
126342716,18,63,6320,102113020,10786,2013-02-22,12,CT,1,1.79
126343543,18,57,5710,1089470080,21065,2013-01-06,5.3,OZ,9,8.61
126344483,18,99,9902,107989373,12908,2012-10-07,14,OZ,3,4.5
126344932,18,27,2710,103320030,875,2012-06-05,20,LB,1,6.99
126344932,18,9,901,107222070,6669,2012-07-21,14,OZ,1,2.5
126344932,18,33,3314,103000030,14760,2012-08-28,8.4,OZ,1,3
126344932,18,26,2633,102113020,30626,2013-05-08,12,RL,1,7.49
126344952,20,51,5131,101862717,9496,2012-06-02,12.7,OZ,1,4.99
126345280,18,58,5815,103760030,8501,2012-03-29,5,OZ,1,5.79
126345280,18,99,9904,103338333,33170,2012-05-21,1,CT,1,4.49
126345280,18,25,2509,107989373,12908,2012-07-30,32,OZ,1,2.79
126347081,15,55,5559,102113020,15704,2012-06-01,16.5,OZ,1,0.49
126350482,18,58,5824,102781525,5557,2012-10-26,32,OZ,1,5
126350482,18,99,9909,107127979,6732,2013-01-11,48,OZ,1,2.79
126352717,15,26,2609,104200040,5016,2012-11-11,20,CT,1,3.49
126352717,15,5,516,102190828,10187,2012-11-29,1.7,OZ,2,2.66
126353112,18,56,5607,102113020,10786,2012-06-07,8,OZ,1,2
126353112,18,58,5823,103760030,8501,2012-08-21,6,OZ,1,4.99
126355883,15,9,901,104400040,13243,2012-03-23,15.25,OZ,1,3.99
126356646,15,33,3307,101411313,23033,2012-04-07,20,OZ,1,8.99
126360779,15,41,4107,102400020,4704,2012-08-23,14.5,OZ,1,1.99
126362009,18,56,5620,102113020,10786,2012-12-16,8,OZ,1,2.5
126362928,15,99,9908,10000,33170,2012-07-20,10,OZ,1,0.1
126362947,15,20,2002,105100050,27873,2012-09-18,46,OZ,3,8.97
126362947,15,55,5567,107585676,9798,2012-12-10,24,OZ,2,7.98
126363886,18,58,5835,102113020,15704,2012-04-28,16,OZ,1,3.29
126363886,18,4,418,103400030,15449,2012-07-20,8,OZ,1,-1.49
126363886,18,14,1410,105110050,19889,2012-11-16,21,OZ,1,3.99
126363886,18,56,5615,107283070,18390,2013-06-14,32,OZ,1,6.99
126368270,18,20,2002,105100050,27873,2012-03-27,46,OZ,1,3.99
126368270,18,9,905,104300040,17447,2012-06-28,6,OZ,2,4.18
126368890,15,63,6330,102113020,10786,2012-12-19,16,OZ,2,5.98
126371465,17,63,6305,102113020,15704,2012-09-08,59,OZ,1,3
126371593,15,99,9908,10000,33170,2013-01-14,10,OZ,4,0.4
126371593,15,36,3611,107114272,915,2013-04-06,101.4,OZ,1,-0.51
126375090,15,19,1905,102113020,15704,2012-08-14,18,OZ,2,3.48
126375090,15,30,3010,102066222,12598,2012-10-15,16,OZ,1,4.59
126375090,15,35,3504,103700030,4628,2013-01-25,9,OZ,1,1.49
126378380,15,63,6315,102113020,10786,2013-05-06,128,OZ,1,4.19
126380266,4,17,1710,101980010,5251,2013-03-24,80,OZ,1,10.99
126380266,4,64,6409,108751282,15423,2013-04-17,0.75,LT,1,22.19
126381138,18,9,907,107222070,6669,2013-03-19,26,OZ,2,7.98
126381138,18,4,416,103400030,44358,2013-05-29,1.55,OZ,2,1.98
126383497,15,63,6315,102113020,10786,2012-12-28,16,OZ,1,1.25
126384253,15,63,6315,107989373,12908,2012-05-28,64,OZ,1,3.59
126384253,15,79,7901,107447070,44652,2012-05-30,1,CT,1,5.99
126384253,15,9,914,107343575,9705,2012-12-21,12,OZ,1,2.8
126384253,15,24,2406,104450040,25930,2013-04-07,15.2,OZ,1,6.99
126384254,18,9,910,101410010,13791,2013-03-30,6,OZ,1,2.99
126385400,18,9,922,102430020,10577,2013-01-20,14.83,OZ,1,3.09
126387096,18,9,907,102113020,15704,2012-04-10,12,OZ,1,0.28
126387096,18,21,2119,101200010,10522,2013-02-12,202.8,OZ,1,5.99
126387190,18,10,1004,104300040,26232,2012-04-11,3.4,OZ,2,2.78
126387190,18,18,1836,102113020,15704,2012-07-14,32,OZ,2,7.98
126387190,18,99,9908,103338333,33170,2013-01-10,16,OZ,1,1.49
126387190,18,12,1206,108000080,17292,2013-04-28,5,OZ,2,1.63
126388139,4,4,411,107156777,9139,2013-03-04,7,OZ,1,3
126388711,15,63,6311,102500020,16489,2013-06-07,59,OZ,1,3
126391216,15,99,9909,107127979,6732,2012-11-04,10,OZ,1,2.29
126391388,17,33,3315,102113020,15704,2012-10-14,32,OZ,1,11.99
126391388,17,36,3634,105200050,14597,2013-02-12,101.4,OZ,2,-4
126392342,15,99,9909,102113020,15704,2012-10-29,4.75,OZ,1,3.69
126392377,15,36,3612,107114272,915,2012-05-12,128,OZ,7,4.8
126393297,18,9,902,104400040,18775,2012-09-16,12,OZ,1,4.99
126394916,18,18,1828,106233868,319,2012-09-21,1,OZ,1,1.49
126394916,18,63,6330,102113020,10786,2012-12-13,32,OZ,1,3.39
126395504,15,37,3705,105100050,2820,2012-04-11,18.8,OZ,3,4.47
126397311,18,72,7212,102113020,15704,2012-03-10,4,CT,1,1.5
126402263,15,63,6315,102113020,10786,2012-07-03,64,OZ,2,7.98
126402263,15,58,5832,107527878,6625,2012-11-12,6,OZ,2,5.28
126402263,15,21,2114,108474484,12519,2013-02-02,16,OZ,1,3.49
126403947,15,26,2614,103600030,9878,2012-12-08,16,CT,1,4.49
126404527,18,73,7312,1031254737,19436,2012-12-14,0.5,OZ,1,9.49
126404527,18,20,2002,105100050,27873,2013-03-26,46,OZ,1,4.49
126405069,18,33,3308,102840020,3336,2013-01-11,9.75,OZ,2,3.49
126405069,18,64,6408,108858686,25456,2013-06-07,1.5,LT,1,10.99
126405324,18,5,501,1088491282,8459,2012-03-12,13,OZ,1,2.5
126405324,18,63,6315,1074236575,8499,2012-07-17,64,OZ,1,3.59
126407018,4,55,5552,102113020,15704,2012-08-14,48,OZ,1,5.49
126409214,18,63,6318,102113020,15704,2012-07-29,16,OZ,1,2.69
126409214,18,99,9909,107989373,12908,2012-11-13,5,OZ,1,4.49
126409214,18,58,5823,104470040,13310,2013-02-01,8,OZ,1,3.49
126409696,4,63,6315,104138343,10091,2012-04-18,96,OZ,1,6.39
126409696,4,41,4120,102113020,15704,2012-10-12,6,OZ,6,2.17
126410135,18,41,4107,102400020,4704,2012-04-25,14.5,OZ,2,3.98
126410135,18,59,5905,1011111,2874,2013-02-12,16,OZ,1,1.99
126410135,18,21,2106,104175545,10177,2013-05-06,64,OZ,1,3.79
126411359,18,29,2908,104430040,15487,2012-06-05,16,OZ,2,2.58
126411359,18,57,5704,107047070,20230,2013-06-15,6,OZ,1,0.65
126412698,15,9,907,107989373,29344,2013-05-16,24,OZ,1,2.5
126413890,18,65,6502,102113020,15704,2012-07-31,15,OZ,2,4
126413890,18,97,9799,107089676,19921,2012-12-31,12,CT,1,4.49
126414023,15,30,3010,104132141,33421,2012-12-23,14,OZ,1,0.99
126414023,15,9,907,101376414,29015,2013-05-25,25,OZ,1,3.99
126415247,15,96,9609,1050052151,88199,2012-10-03,0,,1,-2
126415247,15,36,3630,107800070,23561,2012-10-17,144,OZ,2,7
126415638,15,36,3634,1078616272,7237,2012-03-28,20,OZ,4,4
126415638,15,33,3318,102840020,15441,2012-06-03,10,OZ,1,2.5
126415638,15,51,5199,107460878,75168,2013-05-12,10,LB,1,2.88
126418711,15,40,4004,107017777,18928,2012-09-21,1.41,OZ,1,3.99
126423060,18,6,610,1081809484,15414,2013-02-15,16,OZ,2,4
126423336,15,33,3310,101566515,22310,2012-07-26,7,OZ,1,2.69
126423336,15,32,3202,1076172070,11358,2012-11-02,40,OZ,1,4.99
126423336,15,79,7903,107148676,17274,2012-11-30,1,CT,1,3.99
126423336,15,58,5834,102113020,16397,2013-02-10,26,OZ,1,6
126423336,15,55,5552,102113020,10786,2013-04-04,48,OZ,1,3.99
126423336,15,34,3411,103700030,13012,2013-06-03,23.6,OZ,1,3.89
126424992,18,27,2705,105000050,6775,2013-03-12,5.5,OZ,4,2.8
126425825,95,99,9909,107989373,12908,2012-10-09,16,OZ,1,4.99
126428033,18,59,5906,103450030,10165,2012-07-20,45,OZ,1,5.49
126428033,18,0,0,10000,0,2012-08-02,0,,1,3.89
126428033,18,58,5823,104450040,8318,2012-09-04,8,OZ,3,11.97
126428033,18,63,6315,107989373,30626,2013-04-07,128,OZ,1,2.59
126428552,95,58,5827,107024777,6176,2013-01-21,12,OZ,2,4.49
126428552,95,41,4105,102113020,15704,2013-03-01,14.5,OZ,4,2.76
126429763,4,4,418,101070010,19846,2012-10-23,9,OZ,1,1.49
126429763,4,36,3631,107800070,23209,2013-04-07,144,OZ,1,-9.78
126430410,15,29,2902,106414464,4790,2012-03-03,15,OZ,1,1.99
126430410,15,32,3202,102700020,19737,2012-06-23,48,OZ,1,3.99
126430699,15,36,3635,102113020,15704,2013-02-18,67.6,OZ,2,2.5
126431998,18,36,3611,106827464,30855,2012-03-15,405.6,OZ,1,4.29
126431998,18,23,2301,107680878,1393,2012-11-25,16,OZ,1,0.49
126431998,18,55,5567,102580020,16668,2013-02-04,8.44,OZ,1,3.99
126436058,18,97,9753,1023901424,0,2013-01-14,1,CT,1,2.32
126436058,18,57,5704,103663232,4568,2013-02-27,16,OZ,2,3.33
126436980,15,74,7402,1084105888,5593,2012-11-06,7,OZ,4,8.17
126439950,4,63,6315,107039979,497,2012-04-23,64,OZ,1,3.29
126439950,4,50,5001,102113121,11151,2013-03-08,10,OZ,4,8
126442434,18,63,6315,102113020,10786,2012-06-07,32,OZ,1,2.19
126444024,18,71,7113,102279626,13267,2013-03-07,25.4,OZ,1,13.49
126445772,4,63,6330,102113020,10786,2012-12-24,16,OZ,1,3.29
126450860,15,46,4606,102113020,15704,2013-03-22,16,OZ,1,6.49
126456434,15,7,708,1076211171,17286,2013-03-29,12,OZ,1,7.28
126459850,15,60,6011,101800010,14029,2012-10-24,16.3,OZ,1,2
126459850,15,63,6315,102113020,10786,2012-11-20,32,OZ,2,4.28
126462009,18,37,3711,102113020,19525,2012-04-23,16,OZ,1,3.49
126462009,18,57,5710,1089470080,21065,2012-08-19,5.3,OZ,3,5.67
126463631,20,36,3611,104900040,4599,2012-04-09,33.8,OZ,4,4
126464256,15,41,4107,107321474,11575,2012-08-14,6.5,OZ,2,5.58
126464428,15,57,5705,107047070,20230,2012-08-10,4,OZ,1,0.75
126464428,15,64,6401,107199070,4043,2012-12-23,240,OZ,1,18.19
126466019,18,57,5705,107047070,20230,2012-09-09,6,OZ,14,7
126467051,95,21,2117,108768484,2903,2012-12-24,60,OZ,1,1.59
126467051,95,9,907,107222070,6669,2013-02-21,16,OZ,1,1.9
126470846,18,9,902,101410010,45039,2013-01-26,6.6,OZ,1,1.67
126470846,18,55,5556,102113020,10786,2013-04-23,48,OZ,1,0.99
126472851,15,35,3506,103700030,3068,2012-05-22,75,OZ,1,3.49
126472851,15,91,9106,108048080,2143,2012-08-13,0.75,LT,1,23.99
126475160,15,51,5199,107460878,75168,2012-06-22,20,LB,1,4.99
126475199,4,1,106,1084667585,14157,2013-01-27,3,OZ,3,5.2
126475978,18,33,3303,102840020,10241,2012-04-25,10,OZ,1,2.5
126475978,18,27,2702,107119070,23292,2012-08-30,14,LB,1,16.99
126475978,18,63,6332,104850040,61745,2013-02-09,59,OZ,3,9
126476884,15,33,3304,102840020,6777,2012-05-16,10.5,OZ,1,2.99
126476884,15,18,1890,105209252,43069,2012-07-07,2,CT,1,3.99
126482648,88,54,5401,103800030,5618,2012-03-17,11.6,OZ,2,5.58
126485485,15,14,1404,102870020,18702,2013-02-23,47.3,OZ,1,3.79
126486283,18,59,5902,102113020,10786,2012-04-05,8,OZ,1,2.49
126486283,18,16,1604,101254616,18738,2012-09-18,18,CT,2,2.98
126487031,4,9,907,107341070,2437,2012-07-08,20,OZ,1,2.49
126491153,15,26,2634,103600030,4139,2012-06-03,24,RL,1,13.99
126491153,15,56,5607,102100020,13967,2012-11-04,8,OZ,1,2
126491657,15,58,5827,104470040,13310,2012-07-28,16,OZ,2,6.99
126491657,15,58,5823,107300777,3899,2012-10-21,5,OZ,2,9.98
126491657,15,16,1604,102200020,20100,2012-11-04,15,CT,1,1.25
126491657,15,8,815,107210171,10069,2012-12-30,15,OZ,1,3.39
126493596,18,9,902,104400040,19783,2013-02-02,9.1,OZ,1,1.88
126493970,88,19,1905,105820353,15704,2012-05-02,23,OZ,1,3.49
126494040,95,63,6315,102113020,10786,2012-04-15,64,OZ,1,1.89
126494040,95,28,2805,102113020,15704,2013-02-03,6,OZ,2,2.38
126494659,15,97,9753,10000,0,2013-04-12,1,CT,1,1.25
126495401,4,35,3507,103700030,3068,2012-12-30,8.45,OZ,1,2.94
126495402,4,29,2902,106414464,4790,2012-09-24,15,OZ,1,1.99
126496153,20,27,2704,103810030,14717,2012-03-15,6.5,OZ,2,8
126498048,15,9,918,101410010,13791,2012-04-05,5.25,OZ,1,2.99
126499231,15,22,2207,1075703777,13386,2013-03-01,12,OZ,1,3.99
126499782,15,56,5604,104274343,5653,2013-02-01,10,OZ,1,2.99
126501635,15,99,9908,102113020,15704,2012-04-17,12,OZ,1,2.54
126501635,15,63,6315,102113020,10786,2012-04-23,128,OZ,1,3.75
126504882,18,8,801,101300010,8164,2012-05-14,20,OZ,1,2.59
126504882,18,63,6315,1074236575,8499,2013-04-02,64,OZ,1,3.89
126504882,18,58,5823,102531727,763,2013-06-03,7,OZ,1,5.99
126505680,15,37,3706,104119646,14582,2012-07-22,19,OZ,1,2.99
126505680,15,25,2504,105000050,3001,2012-11-07,12,OZ,1,1.25
126508314,95,30,3001,104800141,1707,2013-01-09,22,OZ,1,2.99
126508835,88,56,5616,104610040,15889,2012-05-03,8,OZ,1,3.99
126509378,4,9,901,104400040,3453,2012-03-14,9.5,OZ,1,2.5
126509378,4,4,412,101070010,9275,2012-06-12,13,OZ,1,2.5
126509378,4,57,5710,1089470080,21065,2013-01-07,5.3,OZ,1,1.24
126509983,20,97,9799,104878949,4913,2012-11-29,250,CT,1,0.99
126510087,15,36,3618,101200010,23361,2013-01-15,20,OZ,1,1.69
126510087,15,51,5199,102113020,15704,2013-03-01,3,LB,2,5.98
126510143,15,58,5827,107961878,4518,2012-10-29,24,OZ,1,6.99
126510143,15,99,9904,1088100686,22121,2013-06-05,6,OZ,1,0
126513654,15,33,3303,102840020,15598,2012-07-15,8.75,OZ,1,3.3
126513654,15,21,2119,1061300868,867,2012-11-13,128,OZ,2,5
126514079,20,99,9904,103338333,33170,2012-10-12,16,OZ,1,2.99
126514079,20,36,3612,107514070,4369,2013-06-03,128,OZ,1,1.19
126514689,15,99,9909,107127979,6732,2013-04-02,10.5,OZ,2,7.98
126515189,15,10,1004,104300040,26232,2012-08-31,5.9,OZ,1,0.99
126515189,15,50,5002,103100030,1358,2013-01-16,7,OZ,2,1.98
126515189,15,37,3711,102113020,16397,2013-04-01,24,OZ,1,4.99
126518045,4,58,5823,102113020,15704,2012-09-03,16,OZ,2,7.98
126518045,4,96,9609,1052840050,88199,2012-10-07,0,,1,-1
126518045,4,60,6011,101800010,14029,2013-04-01,16.3,OZ,1,2.59
126518045,4,9,917,107373171,11786,2013-05-14,27.5,OZ,1,2.29
126518156,15,59,5902,105820050,10786,2013-05-15,16,OZ,1,3
126521175,4,29,2914,102100020,9886,2013-01-27,14,OZ,2,5.61
126521927,4,9,918,101410010,13791,2012-03-11,8.6,OZ,1,4.19
126521927,4,8,836,102113020,15704,2012-09-29,64,OZ,1,3.49
126523138,4,19,1904,105820050,15704,2012-05-09,12,OZ,1,3.49
126523386,15,63,6315,102113020,10786,2012-11-30,64,OZ,1,2.49
126524735,20,58,5823,104470040,13310,2012-03-22,16,OZ,1,2.5
126524735,20,8,810,105210050,11382,2012-04-24,2.64,OZ,2,3.98
126524735,20,9,902,108136383,12592,2012-05-04,7.2,OZ,2,5
126524735,20,10,1013,102400020,4704,2012-07-24,16,OZ,1,2.5
126524735,20,59,5902,102113020,30626,2012-11-17,16,OZ,2,6.58
126524911,88,32,3202,102113020,15704,2012-03-11,24,OZ,1,3.39
126527516,15,56,5604,107055171,3322,2012-07-07,4,OZ,1,4.09
126527516,15,38,3802,102113020,15704,2013-02-24,2,LB,1,1.99
126527545,20,63,6305,102113020,15704,2012-05-08,64,OZ,1,2.79
126527545,20,5,501,107989373,29344,2013-04-09,11,OZ,1,3.49
126527545,20,56,5615,102113020,10786,2013-05-01,8,OZ,1,2.99
126530720,4,79,7901,1072527474,45636,2012-12-28,1,CT,1,2.99
126530820,4,18,1890,105209252,43069,2012-03-19,2,CT,1,4.99
126530820,4,82,8201,102113020,16397,2013-04-01,1,CT,1,7.99
126534201,18,4,411,104223848,7932,2012-06-04,5,OZ,2,3
126536100,4,25,2506,105000050,32115,2012-07-19,32,OZ,1,4.49
126536100,4,63,6320,105820050,10786,2012-09-28,6,CT,1,1.99
126538099,95,63,6315,107989373,30626,2012-12-25,128,OZ,2,5.38
126538370,95,73,7307,104116747,30343,2012-03-19,45,CT,1,23.99
126538370,95,69,6901,103700030,16139,2012-06-20,1.6,OZ,2,-2.51
126539410,18,28,2805,102113020,15704,2012-12-14,3.8,OZ,2,2.9
126540148,4,36,3611,104900040,4599,2012-07-17,405.6,OZ,1,4.99
126540148,4,26,2609,104116545,16879,2012-07-17,22,CT,1,2.99
126540148,4,99,9908,10000,33170,2012-10-14,10,OZ,1,0.1
126540148,4,96,9609,1051258757,88199,2012-10-18,0,,1,-1
126540148,4,64,6408,108600383,41790,2012-11-01,0.75,LT,2,11.5
126540639,95,58,5823,104470040,13310,2012-05-03,7.5,OZ,1,3.99
126540639,95,33,3304,102840020,6777,2012-05-03,10.5,OZ,1,3.49
126540639,95,58,5812,104470040,13310,2012-06-03,16,OZ,2,5.49
126540639,95,99,9909,107989373,12908,2012-10-23,5,OZ,1,2.99
126541010,15,60,6001,105000050,30272,2012-10-13,16,OZ,1,2.5
126541526,15,22,2201,104460040,3718,2012-04-23,96,OZ,1,2.69
126541526,15,4,416,103400030,15113,2012-05-03,2,OZ,1,0.85
126541526,15,55,5562,104154848,5603,2012-05-20,48,OZ,1,2.99
