1735526988,240,37,3707,105100050,2820,2012-03-26,10.5,OZ,1,1.79
1735526988,240,55,5567,1085103585,36085,2012-08-06,14,OZ,1,3.99
1735526988,240,9,902,104400040,3334,2013-04-08,12,OZ,1,1.99
1735530568,101,63,6328,107590070,2073,2013-01-12,24,OZ,1,3.99
1735550188,65,22,2207,1075703777,13386,2012-08-19,12,OZ,1,3.5
1735550188,65,47,4706,1088403888,9073,2012-10-29,8,OZ,1,2.79
1735550188,65,36,3630,107800070,23561,2012-11-21,101.4,OZ,1,3.35
1735557529,64,36,3611,1072543979,40679,2012-11-16,405.6,OZ,4,11.96
1735577753,165,9,918,101410010,13791,2012-04-02,7.2,OZ,1,3.49
1735577753,165,39,3903,107203676,7953,2012-06-03,8.5,OZ,1,5.49
1735586238,58,29,2907,102733121,13084,2012-04-22,12.4,OZ,1,2.49
1735586238,58,33,3303,101111010,9907,2012-10-22,11.5,OZ,1,2.19
1735586897,151,69,6901,107940070,4696,2012-04-22,2.6,OZ,2,8.58
1735586897,151,9,907,101111010,6678,2012-05-22,24,OZ,1,1
1735592494,58,0,0,10000,0,2012-08-16,0,,1,0
1735592494,58,56,5621,101111010,9907,2013-03-06,8,OZ,1,2.49
1735593956,126,44,4404,101111010,9907,2012-06-24,26.4,OZ,1,2.99
1735593956,126,9,920,101111010,9907,2012-08-08,10,OZ,1,1.99
1735593956,126,54,5403,107790070,9200,2012-08-11,18,OZ,1,4.5
1735593956,126,59,5905,101111010,9907,2012-11-18,8,OZ,1,1.45
1735593956,126,51,5125,101380010,10271,2013-02-16,9,OZ,1,2.18
1735593956,126,9,907,101111010,9907,2013-04-20,12,OZ,1,2.5
1735593956,126,33,3311,102840020,27521,2013-04-21,10.5,OZ,1,1.99
1735613245,2,19,1905,105150050,16728,2012-06-06,12,OZ,1,3.59
1735613245,2,9,907,101111010,19751,2013-06-12,24,OZ,1,2
1735621037,2,9,903,101111010,20588,2012-04-06,8,OZ,2,3.58
1735621037,2,63,6313,107020070,11244,2012-12-28,8.75,OZ,1,3.19
1735621037,2,8,805,102484222,2542,2013-01-11,7,OZ,1,5.79
1735621037,2,33,3303,102840020,10241,2013-01-18,10.5,OZ,1,2.5
1735626622,191,36,3635,1063671161,3070,2013-03-03,17.2,OZ,3,3.75
1735627450,191,75,7520,1030052131,27166,2012-03-17,375,CT,1,2.49
1735627450,191,7,708,1078535777,24311,2012-10-28,12,OZ,1,8.99
1735627450,191,36,3611,101111010,6678,2012-12-16,405.6,OZ,1,0.69
1735630677,140,18,1827,106233868,319,2012-08-02,8,OZ,3,3
1735630677,140,54,5403,103800030,17050,2012-11-18,16.4,OZ,2,11.98
1735630677,140,73,7356,101650010,26872,2013-01-17,50,CT,1,6.87
1735630677,140,55,5555,107684070,32094,2013-06-03,16,OZ,2,6.67
1735677084,96,6,601,107092070,17882,2012-09-24,7.3,OZ,1,2.19
1735677084,96,58,5822,104450040,8318,2012-11-11,14,OZ,2,7
1735677084,96,5,501,103800030,11732,2012-12-11,15.2,OZ,1,3
1735677084,96,21,2106,103120030,12957,2013-01-03,64,OZ,4,14.4
1735678409,96,58,5814,104470040,10837,2012-04-02,3.4,OZ,1,2.29
1735678409,96,36,3611,108265787,4687,2012-12-31,405.6,OZ,1,4.99
1735725357,214,99,9908,103338333,33170,2013-01-15,80,OZ,1,3.88
1735725357,214,42,4220,104122040,23511,2013-04-11,16,OZ,1,1.24
1735725357,214,36,3632,107181777,73881,2013-04-24,288,OZ,1,5.97
1735725357,214,9,908,104122040,23511,2013-04-29,13,OZ,1,1.9
1735725357,214,14,1411,104122040,20514,2013-06-16,20,OZ,1,0.97
1735773669,46,26,2622,104125040,11473,2012-03-10,100,CT,1,2.5
1735773669,46,56,5613,104125040,11473,2012-05-19,8,OZ,1,1.88
1735773669,46,97,9731,102228626,33170,2012-09-11,1,CT,1,8.99
1735773669,46,56,5616,104125040,11473,2012-12-30,8,OZ,1,2.79
1735785616,46,63,6323,1070882070,11473,2012-05-31,64,OZ,1,2.19
1735804886,46,57,5705,103663232,4568,2012-04-13,6,OZ,5,2.5
1735804886,46,18,1897,107410171,6859,2013-02-18,1,CT,1,4.99
1735804886,46,37,3703,105100050,2820,2013-03-01,10.75,OZ,4,4.76
1735834307,3,55,5567,104154848,5603,2012-06-14,5.8,OZ,1,1
1735834307,3,7,707,104300040,11339,2013-04-26,11,OZ,1,4.7
1735892764,360,26,2609,104173545,14456,2012-05-14,45,CT,1,2
1735892764,360,35,3508,103700030,18371,2012-05-14,75,OZ,1,11.99
1735892764,360,37,3703,105100050,2820,2012-08-09,10.5,OZ,1,1.29
1736435229,24,99,9904,1071575676,5278,2012-12-15,16,OZ,1,4.99
1736435229,24,9,912,107158070,17653,2012-12-23,18,OZ,1,2.59
1736464666,24,56,5607,1071754474,17653,2012-05-27,12,OZ,1,2.99
1736465872,377,7,706,104127141,26189,2012-08-24,64,OZ,1,3.99
1736492775,377,37,3707,105100050,17812,2012-12-04,14.5,OZ,1,0.99
1736506832,377,64,6408,101834111,1387,2012-12-24,0.75,LT,1,5
1736515621,377,63,6321,102540020,1008,2013-03-10,7,OZ,1,3.99
1736599241,16,5,501,1075480777,610,2012-06-27,12.2,OZ,1,4.19
1736606387,85,81,8101,102820020,11186,2013-02-17,1,CT,2,9.94
1736606387,85,25,2506,105000050,32115,2013-03-12,16,OZ,2,4.43
1736612940,21,99,9908,1078670575,27139,2012-12-14,80,OZ,1,1.99
1736612940,21,28,2801,104119040,16347,2012-12-22,24,OZ,1,2.99
1736614227,21,45,4508,101116212,12131,2013-03-13,8,OZ,2,6.98
1736614772,21,37,3705,105100050,2820,2012-10-12,18.8,OZ,2,3.78
1736614772,21,9,901,104400040,3453,2012-12-06,14,OZ,3,10.47
1736614772,21,36,3601,104900040,3809,2013-03-01,67.6,OZ,2,3
1736617337,21,56,5620,104119040,16347,2013-01-12,16,OZ,1,4.49
1736617636,21,23,2301,107680878,1393,2012-11-03,12,OZ,1,4.79
1736627627,278,9,908,104130343,1287,2012-10-27,19,OZ,1,4.99
1736638633,101,8,810,1068826767,7173,2012-04-06,1.25,OZ,2,1.1
1736638633,101,36,3611,1068826767,7173,2012-05-23,192,OZ,1,3.79
1736638633,101,55,5558,1068826767,81691,2012-07-22,36,OZ,2,5
1736638633,101,33,3303,104178040,19154,2012-12-08,15,OZ,1,4.29
1736661158,70,36,3630,107800070,5208,2012-08-16,101.4,OZ,3,9.99
1736669167,64,31,3101,103582636,6564,2012-06-23,2,OZ,1,1.49
1736669892,64,57,5705,107047070,20230,2012-05-09,4,OZ,3,2.1
1736670307,64,29,2907,104600040,13023,2012-03-29,8.8,OZ,1,2.5
1736670307,64,38,3801,1072543979,40679,2012-04-28,4,LB,1,2.51
1736670307,64,2,211,107348474,20524,2012-12-27,8,OZ,1,0.99
1736679773,65,38,3801,1072543979,40679,2012-09-15,2,LB,1,1.48
1736689432,165,3,302,103400030,8247,2012-12-06,8,OZ,1,3
1736694547,83,53,5305,102000020,7655,2012-09-20,7.5,OZ,1,1
1736694547,83,9,902,101111010,9907,2012-11-15,10,OZ,1,1.49
1736700794,89,99,9904,1081204989,27736,2012-10-15,1,CT,1,2.5
1736700794,89,26,2620,101111010,9907,2012-12-08,50,CT,1,2.5
1736705886,89,99,9904,1071575676,5278,2012-05-13,6,OZ,2,4
1736705886,89,39,3903,101111010,20588,2013-03-04,8,OZ,1,5.19
1736718515,12,96,9609,1054100050,88199,2012-07-28,0,,1,-0.5
1736718515,12,56,5609,107342070,4529,2012-09-10,16,OZ,1,1.99
1736718515,12,59,5905,102700020,6455,2013-04-22,12.3,OZ,1,2.5
1736724199,63,8,816,1061611262,23016,2013-01-31,10,OZ,2,1.98
1736724199,63,54,5403,101800010,14029,2013-03-15,11.5,OZ,3,6
1736726600,140,64,6401,1085675787,101336,2013-05-08,22,OZ,2,7.98
1736730761,2,5,501,101600010,85114,2012-09-14,12.2,OZ,2,4.28
1736730761,2,63,6320,101111010,14907,2012-10-19,18,CT,1,2.99
1736730761,2,63,6320,101111010,14907,2012-12-14,18,CT,2,5
1736747568,191,37,3703,105100050,2820,2012-11-14,10.75,OZ,2,2
1736747641,191,73,7308,101111010,9907,2012-06-09,25,CT,1,1.19
1736747641,191,54,5403,107790070,9200,2012-10-31,18,OZ,2,7.98
1736751206,431,19,1908,104530040,13915,2012-08-01,16.3,OZ,2,5.18
1736753775,26,57,5710,103663232,4568,2012-05-08,5.3,OZ,4,4
1736753775,26,11,1112,102898929,26666,2012-06-19,9.5,OZ,2,6.58
1736755254,151,29,2920,102970020,8711,2012-03-27,4,OZ,3,3
1736755254,151,5,501,101600010,3396,2012-07-15,13.8,OZ,1,3.69
1736755254,151,51,5121,104369545,8522,2012-07-30,9,OZ,1,2
1736755254,151,29,2914,102100020,9886,2012-11-16,7.25,OZ,1,1.75
1736755254,151,54,5403,101111010,9907,2012-12-29,7.2,OZ,1,2.49
1736756019,98,3,311,1064420969,5345,2013-02-14,16,OZ,1,1.79
1736804032,96,9,907,103003434,7175,2012-10-06,12,OZ,1,0.99
1736804736,96,8,810,105210050,11382,2013-03-12,1.25,OZ,1,0.89
1736804736,96,63,6305,102500020,11749,2013-03-30,59,OZ,1,2.5
1736805539,96,63,6399,102301222,16972,2012-09-09,11,OZ,1,5.99
1736805539,96,99,9904,103338333,33170,2013-04-07,32,OZ,1,3.99
1736901907,46,12,1205,108000080,17292,2012-07-30,5,OZ,1,0.77
1736907911,46,29,2914,102100020,9886,2012-10-08,8,OZ,4,3.92
1736962673,46,9,914,107131474,1061,2012-11-28,12,OZ,1,1.99
1736971794,46,99,9908,103338333,33170,2012-10-07,4,OZ,1,1.5
1736993276,17,51,5115,107192171,25673,2013-02-01,9.2,OZ,1,3.5
1736993276,17,58,5827,104470040,13310,2013-03-08,16,OZ,1,7.99
1737021224,95,37,3709,107066272,12673,2012-03-16,2.25,OZ,1,0.5
1737021224,95,97,9753,10000,0,2012-04-08,1,CT,1,9.51
1737021224,95,4,416,103400030,12022,2012-05-11,1.75,OZ,1,-0.99
1737036784,4,63,6315,102113020,10786,2012-03-29,128,OZ,1,3.49
1737036784,4,26,2619,101370010,8154,2012-09-29,45,CT,1,8.49
1737036784,4,57,5704,102113020,10786,2012-12-30,6,OZ,2,-1.54
1737040340,18,41,4108,107989373,12908,2012-09-08,15,OZ,1,1.39
1737040340,18,56,5616,102113020,10786,2013-01-20,8,OZ,1,3.49
1737044287,15,5,501,103000030,58434,2012-04-29,18.7,OZ,1,2.99
1737044287,15,58,5828,103390030,9286,2012-11-29,5,OZ,1,2.79
1737048771,15,30,3002,104800141,1707,2012-05-19,30,OZ,1,5.49
1737078263,360,26,2606,105543757,11482,2012-05-05,40,CT,1,2.59
1737078263,360,19,1906,107240070,14199,2012-06-22,10,OZ,1,2.89
1737078263,360,5,501,101600010,3396,2012-08-21,14,OZ,1,3.59
1737469414,116,57,5705,107047070,20230,2012-08-22,6,OZ,5,5
1737691062,377,33,3305,102840020,15870,2012-12-01,11,OZ,1,2
1737700039,377,59,5902,107158070,17653,2012-10-16,16,OZ,1,2.5
1737731597,376,81,8101,102820020,11186,2013-02-11,1,CT,1,5.09
1737731597,376,58,5824,105075454,54204,2013-03-15,32,OZ,1,6.48
1737878737,85,34,3411,101700010,4912,2012-07-09,16,OZ,2,10.98
1737893393,165,74,7407,104740040,7196,2012-08-15,4,CT,1,6.49
1737893393,165,72,7214,101254616,18738,2012-12-14,18,CT,1,1.39
1737895473,165,9,907,107203676,7953,2012-09-11,9,OZ,1,4.99
1737895827,240,63,6305,102500020,16489,2012-07-25,89,OZ,1,5.49
1737895827,240,51,5126,1073891272,2225,2012-12-14,14,OZ,1,3.69
1737898651,100,9,914,104114444,182,2013-04-11,10,OZ,2,3.98
1737943960,70,30,3002,1072543979,40679,2012-03-28,30,OZ,1,3.19
1737951529,65,58,5823,101590010,1366,2012-05-10,12,OZ,1,1.29
1737985194,71,1,106,105220050,1569,2013-03-15,3.8,OZ,1,1.5
1737988279,68,57,5705,103663232,4568,2012-08-10,24,OZ,1,2.19
1737992789,65,45,4508,104440040,7504,2013-06-08,11.4,OZ,1,3.99
1738000592,26,7,707,104300040,11339,2012-07-11,34.5,OZ,1,7.99
1738000592,26,63,6323,101111010,9907,2013-01-18,16,OZ,1,0.99
1738000592,26,59,5907,102900020,2012,2013-02-09,16,OZ,3,2.31
1738008157,58,5,516,103800030,24525,2012-10-05,6.3,OZ,1,2.99
1738008157,58,58,5814,104470040,10837,2012-10-05,4.2,OZ,2,2
1738008157,58,63,6320,101111010,9907,2012-10-11,18,CT,2,3.98
1738008157,58,99,9904,105410757,33170,2012-12-13,48,OZ,1,3.97
1738008901,89,9,907,101111010,9907,2013-01-06,20,OZ,1,1.19
1738013288,211,51,5122,101111010,9907,2012-11-10,16,OZ,1,2.29
1738020714,58,58,5823,101111010,9907,2012-09-28,16,OZ,2,5.98
1738033193,133,41,4105,101111010,9907,2012-10-28,14.5,OZ,1,0.75
1738047694,63,97,9753,10000,0,2012-12-31,1,CT,1,0.79
1738062072,2,99,9909,107143070,5072,2012-07-12,32,OZ,1,4.99
1738062072,2,58,5815,101111010,9907,2012-07-15,6,OZ,1,2.99
1738062072,2,45,4511,102370020,18969,2012-12-26,24,OZ,3,17.97
1738086385,26,15,1504,104114343,17593,2013-01-03,6,OZ,1,1.99
1738088633,151,45,4517,101111010,9907,2012-11-04,48,OZ,1,6.99
1738091028,143,56,5609,101111010,9907,2012-08-14,24,OZ,1,1.88
1738091028,143,9,907,101111010,9907,2012-09-18,24,OZ,1,1.99
1738131357,184,56,5614,107403070,16922,2012-10-06,12,OZ,1,5.99
1738131357,184,45,4513,103100030,1358,2013-02-22,26,OZ,1,3.15
1738150870,184,9,908,102430020,10577,2012-12-02,10.6,OZ,1,1.79
1738157009,96,51,5115,107192171,25673,2012-10-05,14,OZ,1,6
1738157009,96,41,4105,107090070,4697,2013-02-22,28,OZ,1,2.09
1738158226,96,28,2804,105410050,19509,2012-05-15,12,OZ,1,2.19
1738158226,96,53,5307,103003434,7175,2012-05-18,16,OZ,1,2.29
1738158226,96,28,2801,104470040,3640,2012-05-18,24,OZ,2,8.58
1738158226,96,45,4514,103003434,7175,2012-06-27,48,OZ,1,7.98
1738158226,96,21,2105,105200050,7054,2012-07-07,32,OZ,14,14
1738158226,96,96,9609,1053700050,88199,2012-12-08,0,,1,-5
1738158226,96,56,5611,104400040,5518,2013-01-14,8,OZ,2,7.98
1738158226,96,63,6320,1071514171,25530,2013-01-27,18,CT,1,4.49
1738158226,96,99,9904,103338333,33170,2013-02-10,6,OZ,1,3.99
1738158226,96,26,2628,103040030,17034,2013-02-25,6,RL,1,5.5
1738158226,96,63,6323,1085225181,8247,2013-03-01,12,OZ,1,1.25
1738158226,96,8,816,103003434,7175,2013-03-23,16,OZ,1,4.99
1738158997,96,97,9717,102454323,6637,2012-05-15,1,CT,1,4.99
1738158997,96,9,914,107131979,16021,2012-05-21,13.5,OZ,1,3.09
1738158997,96,23,2301,103340030,68309,2012-06-18,12,OZ,1,2.19
1738158997,96,33,3303,102840020,10241,2012-06-28,10.5,OZ,2,4.28
1738158997,96,41,4108,107089070,9218,2012-10-22,40,OZ,2,4.18
1738158997,96,37,3703,105100050,2820,2012-10-26,10.75,OZ,1,1.79
1738158997,96,28,2801,104470040,3640,2012-10-27,24,OZ,1,4.29
1738158997,96,56,5604,107027777,1008,2012-11-20,5,OZ,1,5.99
1738160069,96,51,5134,107008575,26885,2012-12-04,7,OZ,3,8
1738160916,96,41,4108,103003434,7175,2012-12-02,15,OZ,1,1
1738178132,214,9,907,104122040,23511,2012-03-04,18,OZ,1,1.68
1738192576,214,58,5828,102781525,5557,2012-03-11,8.3,OZ,1,2.59
1738203548,214,9,913,107313070,13291,2012-07-01,14,OZ,1,2.28
1738210272,214,97,9753,1022141323,0,2013-04-01,1,CT,1,2.77
1738218759,214,36,3632,102113626,107125,2012-09-03,50.7,OZ,2,1.98
1738364471,46,29,2920,101600010,1756,2012-06-10,6.6,OZ,1,1
1738364471,46,22,2211,103700030,2246,2012-09-30,240,CT,1,9.99
1738431271,17,26,2613,103600030,8583,2012-11-09,56,CT,2,39.98
1738431271,17,23,2301,102113020,15704,2013-03-29,16,OZ,3,3
1738506634,15,29,2902,106414464,4790,2012-09-17,15,OZ,5,7.79
1738517786,15,56,5620,102100020,9886,2013-04-14,8,OZ,1,3.49
1738545467,360,9,907,107102575,102885,2012-10-05,15,OZ,1,4.19
1738547229,360,36,3611,101200010,803,2012-07-05,33.8,OZ,1,1.79
1739270239,24,56,5616,104610040,15889,2012-10-02,7.5,OZ,1,3.29
1739314563,377,19,1905,105150050,16728,2012-07-03,12,OZ,1,0
1739364484,377,64,6408,108500080,26494,2013-02-14,1.5,LT,1,5.48
1739380355,24,63,6311,1082415080,22328,2012-10-15,24,OZ,1,6.99
1739380355,24,25,2506,105000050,32115,2013-03-31,32,OZ,1,3.99
1739380355,24,25,2506,105000050,32115,2013-05-31,64,OZ,1,6.99
1739380355,24,9,912,107158070,17653,2013-06-08,18,OZ,1,2.69
1739507373,100,21,2119,101200010,10522,2012-12-07,144,OZ,1,6.26
1739508600,101,7,707,102550020,6550,2012-12-09,10.8,OZ,1,3.99
1739509239,101,5,516,103000030,14760,2013-05-03,6.7,OZ,1,2.22
1739509239,101,63,6312,105020050,52045,2013-07-09,64,OZ,1,1.59
1739532248,65,28,2806,10930090,12157,2012-10-06,24,OZ,2,2.68
1739532248,65,9,907,107225070,12465,2013-03-01,20,OZ,1,2
1739533372,65,51,5122,103582636,6564,2012-07-19,11.4,OZ,2,5.58
1739533372,65,26,2628,1072543979,40679,2013-05-31,3,RL,1,2.89
1739538860,211,92,9204,104126040,9907,2012-11-25,16,OZ,1,2.29
1739540245,126,9,901,103000030,14760,2012-10-16,5.5,OZ,1,1
1739540245,126,51,5129,101450010,20864,2012-10-24,10,OZ,2,2
1739540245,126,11,1112,102898929,26666,2012-11-07,8.5,OZ,1,3.99
1739540245,126,51,5131,104227242,648,2013-01-24,10,OZ,1,3.6
1739639280,214,75,7520,1030052131,27166,2013-03-09,500,CT,1,3.44
1739639933,214,5,501,104122040,23511,2012-10-18,16,OZ,1,2.57
1739639933,214,14,1411,104122040,20514,2012-11-15,20,OZ,1,0.89
1739831142,17,11,1102,1072277676,17117,2012-09-01,200,CT,1,4.29
1739868983,18,27,2707,101780010,3108,2012-04-01,7,LB,1,9.39
1739868983,18,96,9609,1052100050,88199,2012-09-02,0,,1,-2
1740123629,42,58,5813,1078533171,7796,2012-05-06,16,OZ,2,3.98
1740123629,42,9,907,104149747,19710,2012-09-05,19,OZ,1,1.79
1740387453,376,9,913,107158070,24625,2012-09-16,13,OZ,1,0.95
1740387453,376,31,3101,105210050,11382,2012-11-21,3.4,OZ,1,1.68
1740387453,376,4,418,104000040,16765,2013-06-11,11.18,OZ,1,3.59
1740564109,21,99,9908,104119040,16347,2012-04-14,5,LB,1,3.99
1740564109,21,15,1506,103120030,12957,2012-08-29,5,OZ,1,1.99
1740564109,21,56,5609,102100020,2321,2013-02-24,3.9,OZ,3,3
1740564519,21,51,5115,109540494,12266,2012-03-03,15.7,OZ,2,10.98
1740565247,21,36,3638,104119040,16347,2012-03-25,33.8,OZ,1,1.49
1740565247,21,5,501,104119040,16347,2012-04-30,14,OZ,3,5.97
1740565247,21,5,501,103000030,58434,2013-01-30,14,OZ,2,4.98
1740565247,21,63,6315,104119040,16347,2013-03-22,128,OZ,1,3.79
1740568546,21,7,708,105543757,11482,2012-04-22,11.5,OZ,2,6.38
1740569412,21,32,3202,102700020,19737,2013-03-16,48,OZ,1,3.39
1740569412,21,97,9753,1020002121,0,2013-04-14,1,CT,1,10.92
1740571254,240,29,2927,107225171,12502,2012-07-09,6.09,OZ,2,2.5
1740571254,240,9,902,104950848,16730,2012-11-05,7.2,OZ,1,2.79
1740598081,101,11,1102,1072277676,17117,2012-08-16,1,CT,1,6.99
1740598081,101,7,707,1078778070,12564,2013-02-15,12,OZ,1,5.87
1740603559,101,59,5907,102740020,16291,2013-02-20,15,OZ,1,1.99
1740629286,70,31,3101,105210050,11382,2012-08-08,3.12,OZ,1,3.09
1740629286,70,8,805,105100050,2820,2013-06-01,9,OZ,2,4.78
1740659345,165,7,708,1078535777,24311,2012-06-07,12,OZ,1,11.49
1740663166,143,45,4508,104440040,7504,2012-03-03,18.2,OZ,1,5.48
1740669976,133,99,9904,1071575676,5278,2012-04-15,16,OZ,1,1.98
1740669976,133,9,907,107294575,15878,2012-08-25,20,OZ,1,1.99
1740669976,133,28,2806,101111010,9907,2012-10-21,24,OZ,1,3.75
1740682448,2,63,6315,101111010,14907,2012-12-23,128,OZ,1,3.39
1740698046,2,58,5827,105050050,6170,2012-03-13,16,OZ,1,6.99
1740698046,2,8,817,102700020,8612,2013-03-14,24,OZ,1,1
1740699756,12,10,1013,101111010,9907,2012-09-19,16,OZ,1,1.88
1740699756,12,33,3305,102840020,5141,2013-01-06,11.5,OZ,1,2.5
1740714161,89,97,9753,10000,0,2012-05-05,1,CT,1,0.79
1740716783,133,62,6202,101111010,25089,2012-03-02,9,OZ,1,4.49
1740716783,133,18,1898,101111010,9907,2012-12-08,4,CT,1,3.29
1740721364,98,56,5616,101111010,9907,2012-04-05,6,OZ,1,2.59
1740721364,98,63,6320,101111010,9907,2012-09-20,12,CT,1,1.51
1740721364,98,60,6012,101800010,14029,2012-10-11,7.3,OZ,2,2
1740721364,98,26,2630,103700030,14647,2012-11-26,180,CT,1,2.19
1740721364,98,0,0,10000,0,2013-03-14,0,,1,0
1740743431,191,19,1905,105150050,16728,2012-04-05,18,OZ,2,6.74
1740743594,191,96,9609,1052570050,88199,2012-12-14,0,,1,-1
1740771908,166,99,9904,103338333,33170,2013-03-15,16,OZ,2,5
1740803089,96,33,3305,103003434,7175,2012-05-21,13,OZ,1,2.99
1740803089,96,58,5823,104470040,13310,2013-01-07,16,OZ,2,3.98
1740803089,96,16,1601,102200020,20100,2013-01-18,15,CT,1,1.29
1740803157,96,63,6320,103003434,7175,2012-03-28,12,CT,3,2.97
1740803157,96,97,9753,1023636020,0,2012-12-14,1,CT,1,3.1
1740803157,96,35,3509,103700030,5848,2012-12-29,100,OZ,4,24
1740805563,96,36,3638,103003434,7175,2012-03-06,33.8,OZ,3,2.07
1740805563,96,63,6315,103003434,7175,2012-05-12,128,OZ,1,2.99
1740805563,96,36,3634,1073951070,16807,2012-08-08,20,OZ,6,6
1740836129,214,9,917,104122040,23511,2012-05-11,8.5,OZ,1,0.49
1740836129,214,54,5403,107790070,9200,2012-08-19,19.2,OZ,1,5.08
1740863210,214,12,1205,108000080,17292,2013-02-02,2.6,OZ,6,7.44
1740863210,214,18,1898,104133343,5379,2013-04-13,2,CT,2,8.54
1740885546,206,56,5610,108685484,10218,2012-04-11,8,OZ,1,2.88
1740888604,206,35,3504,103500030,330,2013-01-06,52,OZ,1,3.63
1740888604,206,9,907,107225070,12465,2013-03-06,20,OZ,1,3.17
1740962540,46,51,5122,1088692686,11473,2013-06-22,5.7,OZ,2,2
1740966090,46,26,2634,103700030,3293,2012-06-19,24,RL,1,14.87
1740966090,46,99,9908,103260131,5489,2012-10-23,16,OZ,1,2
1740966090,46,5,502,101600010,86101,2012-12-13,5,OZ,1,2.5
1740966090,46,63,6313,1064767161,6994,2012-12-31,9,OZ,1,3.99
1741072854,46,99,9904,1066529060,52314,2012-06-08,16,OZ,1,1.67
1741109055,46,56,5615,102100020,9886,2012-12-20,8,OZ,1,2
1741109055,46,12,1205,1076023676,11473,2013-04-16,5,OZ,2,1.58
1741161537,46,92,9204,104125040,11473,2012-03-22,10,OZ,1,2
1741175131,46,4,421,104000040,16565,2012-12-02,14,OZ,1,2.59
1741175131,46,58,5827,104470040,13310,2012-12-23,16,OZ,1,3.49
1741175131,46,33,3303,104163343,20842,2013-01-14,12.5,OZ,1,3.99
1741216656,15,9,907,105040050,17593,2012-07-27,16,OZ,2,5
1741216656,15,73,7318,102052525,15985,2013-03-04,60,CT,1,14.99
1741230419,17,36,3603,104300040,26420,2012-05-09,64,OZ,10,2
1741230419,17,21,2105,105200050,7054,2013-06-01,160,OZ,3,15
1741243967,20,21,2106,1085364787,20374,2012-04-12,32,OZ,1,5.99
1741246338,20,63,6315,107989373,30626,2012-07-09,128,OZ,2,3.94
1741246338,20,99,9909,107127979,6732,2013-02-10,10,OZ,2,6.38
1741246338,20,97,9753,10000,0,2013-03-21,1,CT,1,1
1741262812,4,11,1114,102113020,10786,2012-04-21,32,OZ,1,4.49
1742493373,106,21,2112,103120030,12957,2012-09-29,64,OZ,1,4.99
1742493373,106,10,1010,105150050,16728,2012-12-14,20,OZ,1,3.99
1742522686,224,24,2403,104130343,38922,2013-04-13,5,OZ,2,2.38
1742522686,224,45,4517,107350474,26913,2013-06-08,32,OZ,1,5.48
1742737441,377,36,3630,107800070,5208,2013-03-23,60,OZ,1,3.19
1742737987,377,36,3618,104900040,23359,2012-08-20,144,OZ,1,4.99
1742761472,376,33,3308,102840020,3387,2013-02-24,4.5,OZ,1,1.78
1742769525,377,99,9908,103338333,33170,2012-11-28,16,OZ,1,0
1742794802,24,21,2110,103120030,12957,2012-03-26,64,OZ,1,4.49
1742794802,24,41,4108,1071754474,17649,2012-04-09,15,OZ,1,0.99
1742808479,377,97,9753,10000,0,2012-06-29,1,CT,2,1.98
1742808479,377,36,3612,107514070,4369,2012-08-25,128,OZ,1,0.99
1742810531,377,9,917,107373171,11786,2012-07-05,11.7,OZ,1,1.99
1742811643,377,3,310,101122515,20067,2012-04-02,2.5,OZ,1,5.79
1742811987,377,56,5620,103090030,19704,2012-03-17,8,OZ,1,2.5
1742891972,21,9,920,107978373,1081,2012-03-29,7.4,OZ,2,3.38
1742891972,21,9,907,104119040,16347,2013-03-15,12,OZ,1,1.99
1742894492,21,7,709,109955595,7661,2012-03-18,4.02,OZ,0,0
1742894492,21,9,910,101410010,13791,2013-01-21,6,OZ,3,6
1742894492,21,29,2924,101740010,11748,2013-02-03,8.8,OZ,2,3.98
1742938339,165,7,707,102550020,6550,2012-04-17,27.8,OZ,1,12.29
1742941005,83,31,3101,101111010,9907,2012-07-08,2,OZ,1,1.54
1742943887,143,97,9753,1073231373,0,2012-10-17,1,CT,1,2.79
1742947505,211,5,501,101111010,9907,2012-10-10,14,OZ,2,1.98
1742966874,63,64,6401,101820010,2510,2012-05-01,216,OZ,1,13.99
1742969030,140,27,2707,101780010,3108,2012-08-21,3.15,LB,1,4.87
1742971030,2,15,1506,103120030,12957,2012-06-06,6,OZ,4,12
1742973788,2,25,2506,104127141,26189,2012-06-10,32,OZ,2,7.38
1742980236,191,72,7205,103320030,875,2012-06-21,0.9,OZ,1,1.29
1742980236,191,27,2707,105000050,6775,2012-07-15,16,LB,1,10.99
1742980236,191,29,2920,102970020,8711,2013-03-01,4.1,OZ,1,1
1742980236,191,9,917,107373171,11786,2013-04-03,10.4,OZ,1,2.59
1742980255,191,22,2210,107261373,17576,2012-03-18,64,OZ,2,6.58
1742980255,191,64,6409,103125939,20202,2012-08-12,1.5,LT,1,8.99
1742980255,191,27,2710,106638060,21620,2013-02-10,15,LB,1,6.99
1742980255,191,56,5609,101111010,6678,2013-02-17,24,OZ,1,2.77
1742980255,191,63,6312,105020050,52045,2013-02-24,64,OZ,1,1
1743007700,96,29,2907,103900030,13296,2012-04-23,5.8,OZ,1,2.49
1743007700,96,71,7102,1030813737,9259,2012-07-27,15,OZ,1,5.19
1743007700,96,64,6408,108500080,26494,2012-11-09,1.5,LT,1,6.99
1743029204,214,28,2806,10930090,12157,2012-09-23,24,OZ,1,1.98
1743038920,214,26,2630,103600030,9787,2013-03-17,100,CT,2,1.94
1743046913,206,56,5615,108685484,10218,2012-04-28,16,OZ,1,3.98
1743046913,206,63,6305,102500020,16489,2013-03-09,59,OZ,1,4.68
1743095345,46,53,5307,104125040,11473,2013-05-13,16,OZ,2,4.28
1743164302,4,58,5826,107989373,5537,2012-05-13,10,OZ,1,3.49
1743171732,15,28,2804,103900030,13296,2013-01-14,4,OZ,2,2.5
1743567162,108,63,6315,1075480777,610,2012-06-16,64,OZ,1,2.75
1743567162,108,26,2619,1075480777,610,2012-07-22,20,CT,1,4.69
1743567162,108,21,2111,1075379272,12769,2013-01-12,64,OZ,1,4.69
1743667188,377,9,908,107116676,17802,2013-01-26,8,OZ,1,3.49
1743699432,377,44,4404,101800010,14029,2013-01-10,41.6,OZ,1,3.99
1743724930,24,58,5823,107300777,3899,2012-11-20,6,OZ,1,4.99
1743724930,24,63,6312,101405414,12973,2013-02-28,12,OZ,1,2.5
1743773439,85,56,5614,107592575,4368,2012-04-10,10,OZ,1,3.99
1743773439,85,33,3307,109418494,18794,2012-09-22,8,OZ,1,4.29
1743773439,85,36,3618,104900040,23359,2012-11-15,144,OZ,1,4
1743781611,21,51,5199,104119040,16347,2012-06-21,8,LB,1,1.89
1743781611,21,32,3204,1085501989,2237,2012-09-09,8.4,OZ,1,1.99
1743781611,21,41,4121,102700020,8612,2013-03-21,15,OZ,1,1.07
1743788984,8,19,1910,10980090,12851,2012-05-08,13,OZ,1,4.39
1743798148,101,73,7315,1030057333,250,2012-11-24,0.5,OZ,1,4.75
1743798148,101,27,2706,105000050,6132,2013-01-24,3,OZ,22,12.1
1743800360,77,56,5613,107403070,16922,2013-06-02,15,OZ,1,3.29
1743810649,64,51,5132,101380010,10271,2013-01-03,8,OZ,1,2.59
1743810696,64,9,901,104400040,13243,2013-02-22,13.2,OZ,1,2.99
1743813233,70,9,907,107763373,17614,2012-05-15,24,OZ,1,1.8
1743813233,70,97,9753,1023833020,0,2012-05-21,1,CT,1,2.49
1743813233,70,9,907,1072543979,40679,2012-08-21,12,OZ,2,2.48
1743813233,70,19,1908,104530040,13915,2013-02-10,16.3,OZ,1,2.89
1743813233,70,63,6316,1072543979,40679,2013-03-01,16,OZ,1,1.47
1743818362,64,65,6502,101800010,14029,2012-07-21,14.1,OZ,1,3.19
1743818362,64,9,907,101220010,11528,2012-10-14,20,OZ,1,1.99
1743832076,26,4,421,104126040,9907,2012-06-10,13,OZ,1,1
1743832076,26,14,1411,101111010,9907,2013-01-24,20,OZ,1,1.08
1743838336,58,59,5906,104060040,26155,2012-03-30,15,OZ,1,2.74
1743841815,89,9,901,104430040,9977,2012-03-19,3,OZ,1,1.69
1743841815,89,60,6007,101800010,14029,2012-04-18,8,OZ,2,4.24
1743841815,89,9,905,101111010,9907,2012-04-30,6,OZ,1,1.59
1743841815,89,45,4508,101960010,19214,2012-06-23,19,OZ,1,5.39
1743841815,89,57,5710,107047070,20230,2012-06-23,6,OZ,2,2
1743841815,89,5,517,101111010,9907,2013-01-28,4.86,OZ,1,2.19
1743859162,2,9,914,107294575,15878,2012-03-19,15,OZ,1,4.19
1743860970,191,51,5125,105010050,8089,2012-04-07,10.5,OZ,2,4.4
1743860970,191,96,9609,1051380050,88199,2013-03-05,0,,1,-1
1743861433,191,11,1112,102898929,26666,2012-09-21,9.5,OZ,2,6
1743863882,12,33,3318,101111010,9907,2012-12-13,15,OZ,1,1.63
1743868052,2,96,9609,10997527898,88199,2012-05-07,0,,2,-2
1743878266,58,33,3321,107332171,17710,2012-08-23,13,OZ,1,3.09
1743909584,184,54,5402,103800030,5618,2012-06-16,12.7,OZ,1,3.19
1743909584,184,9,907,107225070,12465,2012-12-10,20,OZ,1,2.59
1743910397,96,54,5401,103800030,5618,2012-09-04,11.6,OZ,2,6
1743910397,96,41,4105,102400020,4704,2012-09-21,14.5,OZ,3,4
1743911184,96,9,907,103003434,7175,2012-12-10,24,OZ,2,4.98
1743911461,96,96,9632,107675070,101723,2012-12-06,1,CT,2,200
1743912087,96,22,2207,106233868,15197,2012-03-12,32,OZ,1,3.79
1743954939,214,16,1601,102200020,20100,2012-04-02,15,CT,1,0.96
1743954939,214,23,2301,107473474,6156,2012-04-18,7,OZ,3,1
1743954939,214,96,9609,1053500050,88199,2012-05-31,0,,1,-0.5
1743954939,214,5,517,104122040,20514,2012-09-29,10.4,OZ,1,2.14
1743954939,214,4,410,1072522676,4652,2012-10-12,7,OZ,1,1.28
1743954939,214,29,2925,103520030,15256,2012-10-18,16,OZ,1,0.75
1743954939,214,63,6320,104122040,20514,2013-01-10,18,CT,1,2.65
1743997114,46,22,2201,104460040,3718,2012-11-01,64,OZ,1,1.98
1743997114,46,10,1011,107349171,9883,2012-12-02,24,OZ,2,5.9
1743997114,46,97,9713,1071928373,11473,2013-05-03,16,LB,3,33
1744016724,46,99,9904,1078035373,53977,2013-06-14,16,OZ,4,5
1744040581,192,41,4108,103940030,71386,2012-03-16,15.8,OZ,1,1.19
1744040581,192,55,5552,102073525,18893,2012-10-31,48,OZ,2,9.98
1744040581,192,41,4108,103940030,71386,2012-12-31,16,OZ,2,2.38
1744063024,4,33,3303,102840020,15598,2012-04-15,9,OZ,2,4.29
1744094354,360,9,907,107341070,13291,2012-07-09,12,OZ,2,7.98
1744627261,24,54,5403,107790070,9200,2012-04-09,36,OZ,1,8.99
1744627261,24,31,3110,105210050,11382,2012-07-14,4.1,OZ,1,1.86
1744627261,24,43,4302,1071754474,17649,2013-03-07,8,OZ,1,1.29
1744627261,24,63,6320,1071754474,17653,2013-03-07,18,CT,1,2.5
1744627536,24,1,106,101500010,7142,2012-11-23,14,OZ,2,5.98
1744627536,24,9,901,104400040,12600,2013-01-16,10.5,OZ,2,9.98
1744688857,376,9,901,101122515,19197,2012-07-28,11,OZ,1,1.69
1744688857,376,36,3632,102500020,11749,2013-05-25,67.6,OZ,1,0.98
1744729121,16,63,6321,104082242,15667,2012-04-02,10,OZ,1,4.49
1744729121,16,37,3706,104119646,14582,2012-09-25,18.5,OZ,2,5.78
1744729121,16,5,501,107062575,23583,2013-01-29,14,OZ,1,3.09
1744742732,100,5,501,103800030,15251,2012-09-24,18,OZ,1,5.49
1744755338,101,5,516,103000030,14760,2012-07-15,6.1,OZ,1,2
1744755438,101,9,920,104400040,15335,2012-09-27,6,OZ,4,10
1744756125,101,27,2704,107910070,85180,2012-09-08,5,OZ,1,2.59
1744756125,101,97,9753,10000,0,2012-10-19,1,CT,36,0.72
1744756125,101,18,1854,1068826767,7173,2012-12-08,3,CT,1,1.79
1744756125,101,37,3703,105100050,2820,2013-01-25,10.75,OZ,4,5
1744756224,101,36,3611,108265787,4687,2013-05-11,405.6,OZ,1,3.77
1744759428,101,26,2630,103600030,9787,2012-08-31,84,CT,1,1.25
1744759428,101,45,4508,104132242,16106,2013-02-17,8.2,OZ,1,5.99
1744769226,64,63,6315,1072543979,12469,2013-01-26,64,OZ,1,3.39
1744770885,64,5,517,103800030,69260,2012-10-29,10.4,OZ,1,2
1744790859,211,0,0,10000,0,2012-07-07,0,,2,0
1744790859,211,92,9204,108225484,13184,2012-12-13,0.5,OZ,1,11.99
1744798139,126,63,6315,101111010,9907,2012-03-14,16,OZ,1,0.99
1744798139,126,58,5811,1071516676,27806,2012-07-11,10,OZ,1,2.49
1744798139,126,34,3405,101111111,5168,2012-10-31,8,OZ,1,2.89
1744812070,2,99,9904,103338333,33170,2013-03-30,6,OZ,2,5
1744812070,2,63,6308,101630010,6509,2013-03-30,59,OZ,1,3.39
1744815792,191,5,516,101600010,12426,2012-08-19,7.1,OZ,1,2.5
1744815792,191,9,907,101111010,6678,2013-02-09,18,OZ,1,1.67
1744815792,191,6,610,1061126969,15041,2013-04-19,16,OZ,1,3.59
1744820680,26,97,9753,101111010,0,2012-12-10,1,CT,1,3.77
1744820680,26,96,9609,1053800050,88199,2013-02-18,0,,1,-0.75
1744821190,133,51,5131,104227242,648,2012-04-16,9,OZ,2,7.52
1744853328,96,63,6321,104082242,15667,2012-06-07,10,OZ,1,2.99
1744866106,214,27,2706,105000050,6132,2012-06-08,3,OZ,12,6.96
1744866106,214,27,2706,105000050,6132,2012-09-17,36,OZ,1,9.28
1744866106,214,41,4105,107294070,15051,2013-06-16,14.5,OZ,3,2
1744892181,214,18,1828,106233868,319,2012-05-22,6.17,OZ,1,4.77
1744892533,206,51,5131,104227242,648,2012-03-27,14,OZ,1,5.98
1744892533,206,9,918,101410010,13791,2012-10-11,7.2,OZ,1,3.49
1744970072,17,99,9904,107774575,14997,2012-09-30,10.5,OZ,1,2.99
1745018605,360,18,1890,102120020,16044,2012-10-28,1,CT,1,3.49
1745018695,360,97,9753,1020101626,0,2013-01-01,1,CT,1,5.39
1745574150,377,9,907,105040050,14883,2012-03-17,16,OZ,1,1.99
1745658839,16,16,1604,102200020,13228,2012-09-11,14,CT,2,2.5
1745659427,16,10,1013,103890030,5072,2012-07-23,8,OZ,1,2.65
1745666831,85,23,2301,102920020,12168,2012-05-04,12,OZ,1,1.39
1745666831,85,9,908,104500040,8511,2012-09-07,8,OZ,2,8.58
1745666831,85,56,5615,105300050,2199,2012-09-28,8,OZ,1,3.49
1745666831,85,9,907,101220010,11528,2012-10-05,20,OZ,1,2.59
1745666831,85,41,4107,102400020,4704,2012-11-24,15.25,OZ,2,2.78
1745666831,85,55,5561,1018685212,22794,2013-02-23,16,OZ,1,3.99
1745666831,85,99,9901,107096979,17090,2013-04-05,2,OZ,2,1.98
1745668987,21,27,2702,101901414,8664,2012-10-27,7,LB,1,11.99
1745669576,21,63,6330,104119040,16347,2012-08-23,8,OZ,1,1.49
1745687116,101,55,5558,1068826767,81691,2012-05-03,38.4,OZ,1,2.5
1745687204,101,22,2210,1088596787,6313,2012-06-01,64,OZ,1,2.49
1745711658,64,41,4107,1072543979,40679,2012-03-03,8,OZ,1,0.69
1745711658,64,27,2701,1072543979,21664,2012-07-20,13.2,OZ,10,6.5
1745734776,12,63,6320,1071514171,25530,2013-06-11,12,CT,1,2.69
1745740379,2,64,6401,1077228575,19070,2012-04-21,25.4,OZ,1,9.99
1745740379,2,7,709,1076211171,17286,2012-06-20,4.4,OZ,1,6.99
1745740379,2,15,1506,107102272,11145,2012-11-12,4,OZ,1,4.99
1745740379,2,9,922,1077482676,94010,2013-02-14,10.5,OZ,1,3.49
1745744467,2,63,6321,1077033373,43036,2012-12-15,10,OZ,2,5.98
1745744467,2,97,9753,10000,0,2013-01-22,1,CT,2,1.98
1745744467,2,36,3611,101111010,9907,2013-03-20,202.8,OZ,2,3.98
1745749024,191,82,8201,101111010,9907,2012-12-26,1,CT,1,5.99
1745749024,191,63,6320,101111010,6678,2012-12-31,12,CT,1,1.79
1745753541,12,0,0,10000,0,2012-12-14,0,,2,0
1745753541,12,9,904,101111010,9907,2013-01-14,5,OZ,1,1
1745753682,12,73,7358,103076838,17627,2012-12-14,75,CT,0,0
1745753682,12,21,2117,108768484,2903,2013-04-22,11.2,OZ,3,3
1745777890,166,46,4606,103680030,6561,2012-12-23,16,OZ,1,3.99
1745791906,96,27,2722,1085189383,21450,2012-09-28,24,OZ,2,10.78
1745850951,46,9,907,107131474,16833,2013-04-28,24,OZ,1,2.29
1745863020,46,36,3618,101200010,23361,2012-05-27,144,OZ,2,8
1745863020,46,54,5402,101960010,1058,2012-07-31,14.8,OZ,2,5.18
1745863020,46,41,4110,103940030,71386,2012-08-19,28,OZ,2,3.5
1745927588,3,55,5552,104154848,5603,2012-10-21,48,OZ,1,4.49
1745962810,4,9,907,107313070,13291,2012-08-09,15,OZ,1,3.29
1746634541,21,57,5710,1089470080,21065,2012-08-02,5.3,OZ,3,3
1746634566,21,99,9904,103338333,33170,2013-02-09,80,OZ,1,7.99
1746637306,21,28,2805,104119040,16347,2013-03-06,13,OZ,1,2.49
1746653629,101,9,907,101410010,13791,2012-10-26,16,OZ,1,4.29
1746653629,101,74,7402,107214070,12679,2013-02-17,7,OZ,1,1.99
1746653677,101,5,522,101313010,4252,2012-03-13,14,OZ,1,2.09
1746653677,101,63,6330,1068826767,81691,2012-04-18,16,OZ,1,2.56
1746653677,101,40,4005,107017777,18928,2012-06-26,1.41,OZ,1,3
1746653677,101,99,9908,1068826767,7740,2012-07-08,80,OZ,1,3.49
1746653677,101,9,907,1063538161,34374,2012-07-14,12,OZ,1,2.99
1746653677,101,63,6330,1068826767,81691,2012-07-19,16,OZ,1,2.56
1746653677,101,36,3601,104900040,3809,2012-09-21,101.4,OZ,1,3.99
1746662845,70,8,835,102150020,10238,2013-02-10,12,OZ,1,1.6
1746684961,143,73,7308,1031254636,7853,2013-03-29,30,CT,1,1.27
1746686235,83,55,5555,107756777,7459,2012-04-01,16,OZ,1,4.59
1746686235,83,99,9909,101111010,28083,2013-01-15,10,OZ,1,2.25
1746686312,26,34,3411,107940070,17521,2012-08-01,12,OZ,1,1.79
1746686312,26,9,901,101111010,9907,2012-09-25,15,OZ,1,1.99
1746687149,143,30,3002,104800141,8178,2012-05-25,30,OZ,1,2.99
1746687149,143,40,4004,101115616,18190,2013-03-18,7,OZ,1,3.79
1746688190,89,26,2634,103600030,4139,2012-10-02,12,RL,1,5.99
1746695144,89,55,5552,101111010,9907,2012-11-17,128,OZ,1,4.99
1746695144,89,4,416,104000040,18946,2013-03-08,1.79,OZ,2,1
1746701089,12,35,3509,107261373,401,2013-01-18,50,OZ,1,5.99
1746711604,2,38,3801,101580010,2649,2012-05-26,4,LB,1,1.99
1746727383,58,63,6305,101111010,9907,2012-10-13,59,OZ,1,2.79
1746727383,58,74,7402,1084105888,5593,2012-11-24,8.4,OZ,1,2.89
1746727383,58,64,6408,108500080,1387,2013-06-08,0.75,LT,4,17.82
1746756050,96,36,3604,107800070,16023,2012-05-18,60,OZ,1,5.39
1746756050,96,0,0,10000,0,2013-05-02,0,,1,0
1746780762,214,22,2210,107261373,16794,2012-12-14,64,OZ,1,2.99
1746797388,214,73,7309,1081278585,32021,2013-07-05,60,CT,1,5.88
1746797388,214,97,9709,102906929,26151,2013-07-18,1,CT,2,0.94
1746859337,46,33,3303,102840020,15598,2012-07-27,9,OZ,1,2.33
1746859337,46,55,5558,1071928373,11473,2013-05-01,38.4,OZ,1,2.99
1746909126,15,4,416,104000040,16765,2012-08-04,1.76,OZ,2,0.39
1746917012,17,5,501,101600010,3331,2013-04-02,12,OZ,1,3.99
1747436660,122,42,4220,104359242,71433,2012-12-11,16,OZ,2,3.1
1747436660,122,26,2630,107003878,1706,2013-01-15,480,CT,2,5.98
1747436660,122,41,4107,102400020,4704,2013-02-27,14.5,OZ,4,3
1747436660,122,99,9908,103338333,33170,2013-03-21,16,OZ,1,0.99
1747489577,377,53,5307,1071754474,17649,2012-10-02,16,OZ,1,1.95
1747489577,377,17,1705,107829171,3743,2012-10-06,28,OZ,1,5.99
1747489577,377,63,6319,108390080,7368,2012-11-05,89,OZ,4,11.96
1747504058,377,5,516,103000030,14760,2012-10-11,6.7,OZ,4,7.96
1747518217,377,32,3202,1071754474,17649,2013-01-07,48,OZ,1,3.99
