712857200,126,33,3304,102840020,6777,2012-10-25,10.5,OZ,1,2
712857200,126,27,2722,1085189383,21450,2012-10-29,24,OZ,1,4.99
712857200,126,0,0,10000,0,2012-12-23,0,,1,0
712857200,126,27,2706,105000050,6132,2012-12-27,3,OZ,4,2.76
712857989,89,9,902,103010030,18457,2012-07-25,12,OZ,1,4.39
712863618,431,36,3618,104900040,23359,2012-08-19,20,OZ,2,3.18
712863825,211,8,810,105210050,11382,2012-08-12,1.25,OZ,1,1.39
712865211,26,54,5403,102580020,16668,2012-03-09,8.66,OZ,1,2.98
712865211,26,99,9904,1071575676,5278,2012-11-11,16,OZ,1,2.5
712865211,26,26,2608,101111010,9907,2013-06-17,48,CT,2,2.98
712867771,126,34,3410,104126040,9907,2012-09-29,7.5,OZ,1,0.79
712867771,126,0,0,10000,0,2012-11-16,0,,1,0
712867771,126,21,2117,108768484,2903,2013-01-14,60,OZ,2,5
712868098,63,36,3618,101200010,23361,2012-05-19,144,OZ,1,3.5
712868098,63,5,501,103000030,58434,2012-09-23,13,OZ,1,1.88
712868098,63,4,421,107097070,8527,2013-04-13,5,OZ,1,1
712871235,23,64,6408,108775282,1410,2012-08-02,0.75,LT,4,35.96
712879110,58,21,2119,1061300868,867,2012-06-15,128,OZ,1,2.99
712881230,126,36,3611,101111010,9907,2013-02-04,405.6,OZ,1,2.99
712884973,431,0,0,10000,0,2012-10-27,0,,2,0
712887144,23,33,3307,104157040,2017,2012-07-18,6,OZ,1,3.99
712889040,89,36,3618,104900040,23359,2012-03-31,67.6,OZ,1,1.79
712889592,151,45,4509,101111010,9907,2012-10-16,40,OZ,1,7.99
712889592,151,5,501,101111010,9907,2012-11-24,14,OZ,1,2.69
712892015,165,45,4511,102370020,18969,2013-05-15,13.25,OZ,2,4.29
712892966,89,9,901,104400040,16738,2012-03-28,7.75,OZ,1,3.29
712892966,89,73,7307,1031254737,20403,2012-06-02,30,CT,1,15
712892966,89,29,2907,103900030,13296,2013-05-12,5.8,OZ,1,1.25
712892966,89,5,516,103000030,14760,2013-06-23,6.7,OZ,1,2
712897261,89,4,427,10980090,18366,2013-03-31,4,OZ,1,2.5
712897543,211,21,2105,105200050,7054,2012-08-23,160,OZ,2,8.98
712897543,211,29,2904,101600010,7860,2013-01-24,5.5,OZ,1,1.67
712897998,89,73,7312,1030006535,375,2013-03-10,0.17,OZ,1,12.99
712901910,89,57,5705,107047070,20230,2012-05-25,12,OZ,2,4
712901910,89,30,3007,107020070,11244,2012-06-20,15,OZ,1,3.49
712901910,89,29,2902,104172949,58325,2012-12-07,15,OZ,1,2.99
712904978,12,63,6315,101111010,85048,2012-09-23,64,OZ,2,5.18
712904978,12,0,0,10000,0,2013-03-29,0,,1,0
712910570,211,41,4105,107294070,15051,2012-11-08,14.5,OZ,1,0.99
712912989,26,36,3601,101111010,1814,2012-07-04,144,OZ,1,2.25
712912989,26,9,904,101111010,9907,2012-10-03,5,OZ,1,1
712912989,26,9,907,101111010,9907,2013-04-24,21,OZ,2,3
712915133,73,11,1114,1070662474,13528,2012-04-12,32,OZ,1,6.49
712915133,73,65,6503,107042777,12137,2012-11-08,16,OZ,1,3.49
712916036,431,97,9753,10000,0,2012-06-14,1,CT,1,1.86
712916036,431,56,5616,101111010,9907,2012-12-23,6,OZ,3,5.64
712916036,431,32,3203,101111010,9907,2013-06-03,6,OZ,1,1.89
712916529,63,51,5126,107007777,17950,2012-08-26,14,OZ,2,5
712917217,12,4,412,104126040,9907,2012-08-07,10,OZ,2,2.5
712921132,165,33,3315,104114343,17593,2013-05-30,6,OZ,1,3
712922695,12,73,7311,1030006535,375,2013-03-16,20,OZ,1,17.99
712923338,211,59,5902,103450030,10165,2012-11-02,16,OZ,1,1.99
712924235,211,29,2914,102100020,9886,2012-04-15,2.05,OZ,4,4.76
712924907,58,9,908,104500040,8511,2012-09-16,8,OZ,1,1.99
712932660,89,33,3351,106414464,25513,2012-08-10,6,OZ,2,3.58
712932660,89,63,6320,101111010,9907,2012-10-02,18,CT,1,2.09
712937557,89,8,810,107359171,3548,2013-02-04,2.25,OZ,1,1.69
712937581,211,0,0,10000,0,2012-10-18,0,,1,0
712944018,89,63,6323,1076352878,14594,2013-03-07,32,OZ,1,2.79
712945556,12,56,5616,101111010,20588,2013-04-03,8,OZ,1,3.94
712952597,12,96,9609,1057261353,88199,2013-02-08,0,,1,-1
712954742,89,36,3603,101111010,9907,2012-07-24,384,OZ,1,2.29
712954742,89,7,708,101114111,25747,2013-01-02,11,OZ,1,5.99
712954742,89,56,5615,101111010,9907,2013-02-23,8,OZ,2,3.98
712954742,89,56,5621,101111010,9907,2013-04-17,16,OZ,2,9.78
712954749,89,55,5552,101111010,9907,2012-03-19,48,OZ,1,3.62
712954749,89,0,0,10000,0,2012-04-27,0,,2,0
712954749,89,91,9122,108954080,9444,2012-06-25,6.8,OZ,2,2
712954749,89,33,3302,102700020,57417,2012-08-02,17.4,OZ,1,4.33
712954749,89,63,6319,101111010,9907,2012-12-15,128,OZ,1,1.5
712955868,58,96,9609,1053700050,88199,2012-06-24,0,,1,-0.5
712955868,58,29,2922,107067272,14984,2012-09-09,15,OZ,1,1.49
712955868,58,9,907,101111010,9907,2013-02-27,12,OZ,1,1.25
712956478,58,58,5831,1064220565,23259,2012-06-03,30,OZ,2,9.98
712956478,58,82,8201,104157343,9907,2012-10-21,25,OZ,2,9.98
712956478,58,36,3628,101200010,12029,2013-03-10,144,OZ,2,5.98
712959420,89,97,9753,1020474727,0,2012-05-12,1,CT,1,1.55
712962387,165,53,5305,102000020,7655,2012-04-05,9,OZ,6,6
712962387,165,64,6409,101235414,10486,2012-08-04,1.5,LT,4,39.96
712965208,58,27,2702,101780010,95301,2012-05-08,34,LB,1,32.99
712965208,58,59,5902,101111010,9907,2012-10-23,16,OZ,1,2.06
712965208,58,58,5823,104470040,13310,2013-03-14,12,OZ,1,1.89
712965266,133,36,3630,107800070,23561,2012-03-31,288,OZ,2,11.98
712965266,133,73,7302,101111010,9907,2013-04-09,40,CT,1,4.36
712966945,431,9,907,101111010,9907,2012-08-03,12,OZ,1,1
712966945,431,30,3009,102100020,9886,2012-11-14,16,OZ,1,2.99
712969693,143,5,501,101111010,9907,2012-07-28,11.5,OZ,1,1.99
712969693,143,9,907,1065752262,25738,2012-07-28,11,OZ,1,2.5
712969693,143,54,5401,101111010,9907,2013-04-06,12.3,OZ,1,1.57
712974202,151,9,902,101410010,45039,2012-05-08,6.6,OZ,1,1.39
712975305,89,21,2108,101111010,9907,2012-04-29,64,OZ,1,1.99
712975305,89,9,902,104400040,8463,2013-01-03,14.4,OZ,1,4.19
712975305,89,41,4107,103710030,10383,2013-01-14,14.5,OZ,2,2.38
712976385,89,99,9909,101111010,28083,2012-04-11,8,OZ,1,2.98
712977350,12,45,4517,101111010,20588,2012-07-29,32,OZ,1,7.99
712977350,12,45,4517,101111010,20588,2012-10-31,32,OZ,1,7.19
712978384,98,33,3308,102840020,3336,2012-05-21,9.75,OZ,1,2.99
712978384,98,8,801,101111010,20588,2012-11-09,20,OZ,1,1.69
712979193,23,63,6323,101111010,14755,2012-04-09,128,OZ,1,3.49
712979193,23,9,908,1071788777,14755,2012-07-11,18,OZ,1,4.49
712981999,211,41,4108,101111010,9907,2012-11-03,15,OZ,1,0.69
712982842,63,45,4509,101111010,9907,2012-09-01,40,OZ,1,12.99
712982842,63,56,5618,101111010,9907,2012-11-09,12,OZ,1,2.39
712982842,63,96,9631,107675070,19430,2012-11-23,1,CT,1,105.95
712982842,63,97,9717,109736393,26987,2012-12-15,1,CT,1,7.99
712983696,126,0,0,10000,0,2012-11-28,0,,1,0
712983696,126,25,2503,10100010,9907,2013-01-31,6,OZ,1,1.35
712983730,133,63,6320,101111010,4962,2012-06-21,12,CT,1,1
712984513,126,5,519,103000030,14760,2012-08-30,12.3,OZ,1,2.79
712984513,126,99,9908,101111010,9907,2012-09-08,16,OZ,1,0.89
712985369,143,51,5117,101111010,9907,2012-04-19,8,OZ,4,4
712985369,143,12,1205,101111010,9907,2012-10-06,5,OZ,1,0.75
712987259,63,36,3618,104900040,23359,2012-04-22,20,OZ,1,1.49
712987259,63,19,1908,101111010,9907,2013-02-13,18,OZ,1,0
712989642,89,21,2112,101111010,9907,2013-05-04,46,OZ,1,2.49
712990184,211,8,818,103620030,14868,2012-03-23,24,OZ,8,13.44
712990184,211,56,5618,101111010,9907,2012-07-27,12,OZ,2,3
712996035,143,4,412,101900010,10421,2012-06-03,6.25,OZ,1,1.5
712996035,143,9,907,101111010,9907,2013-06-29,11,OZ,1,0.88
712996346,133,9,908,101111010,33170,2012-04-16,35,OZ,1,4.99
712999150,211,97,9753,1067284161,0,2012-05-10,1,CT,1,6.8
712999150,211,73,7356,104126040,9907,2012-08-04,180,CT,1,8.99
712999917,151,99,9908,103338333,33170,2012-06-25,16,OZ,1,1.19
712999917,151,4,416,104000040,18946,2012-06-29,1.79,OZ,2,1
712999917,151,36,3634,105200050,14597,2013-01-14,24,OZ,4,5.16
713000475,89,51,5123,107057575,60780,2012-12-09,28,OZ,1,2.48
713000654,143,5,516,102430020,17616,2012-11-05,9.5,OZ,1,2.69
713000654,143,36,3627,104900040,23363,2013-02-04,101.4,OZ,0,0
713001450,26,23,2310,1085699787,83289,2012-10-13,16,OZ,2,4.98
713001941,431,41,4107,101111010,9907,2012-05-20,14.5,OZ,4,2.76
713001941,431,9,922,102430020,10577,2012-06-24,12,OZ,1,1.5
713003573,431,63,6312,102500020,16487,2012-04-28,59,OZ,1,2.29
713003573,431,9,922,101600010,6283,2012-05-13,5.34,OZ,2,7.98
713003662,211,56,5619,102100020,19279,2012-11-13,32,OZ,1,6.47
713003662,211,82,8201,101111010,9907,2012-12-24,1,CT,1,29.99
713003662,211,51,5125,102580020,16668,2012-12-27,8.5,OZ,1,2
713003662,211,57,5710,107047070,20230,2013-01-25,5.3,OZ,4,4
713006924,133,63,6313,107357070,8185,2012-03-21,12,OZ,1,2.29
713006924,133,99,9904,10505037252,3457,2013-01-12,1,CT,1,1.99
713011321,12,7,709,109955595,7661,2013-02-18,3.9,OZ,1,6.99
713012068,211,18,1823,103320030,875,2012-07-04,30,OZ,1,2.33
713014543,26,9,901,104400040,13243,2012-06-08,13.1,OZ,1,2.98
713015440,211,99,9908,101111010,9907,2012-03-17,16,OZ,2,2.98
713015440,211,63,6315,101111010,9907,2013-01-07,128,OZ,2,5.38
713015440,211,31,3101,101111010,9907,2013-02-02,7.5,OZ,1,4.55
713016429,89,9,917,104128949,1158,2013-03-23,14.1,OZ,1,1.94
713020418,126,26,2628,101111010,9907,2012-07-12,6,RL,1,4.77
713020418,126,99,9908,101111010,9907,2013-01-23,128,OZ,1,2.99
713027418,26,41,4105,101111010,9907,2012-07-19,10,OZ,1,0.79
713027418,26,10,1007,104300040,26232,2012-08-24,3,OZ,1,0.79
713029473,63,37,3703,105100050,2820,2012-07-09,10.5,OZ,2,3.28
713029473,63,31,3101,101111010,9907,2012-12-18,1.75,OZ,1,1.68
713030036,26,60,6007,101800010,14029,2012-10-27,8,OZ,2,3.98
713030820,89,9,913,104812141,18322,2012-07-22,12,OZ,1,1.99
713030820,89,21,2117,104300040,26420,2012-08-28,60,OZ,1,1.99
713030820,89,29,2902,104172949,58325,2013-01-22,15,OZ,1,2.99
713030820,89,60,6012,101800010,14029,2013-06-14,12.4,OZ,1,2.18
713032145,126,51,5125,105010050,8089,2012-06-25,11.25,OZ,1,2.2
713033054,89,59,5902,101111010,9907,2012-04-29,16,OZ,1,3.49
713033054,89,9,920,101111010,9907,2012-11-21,11,OZ,1,1.99
713033054,89,51,5117,101111010,20588,2012-12-30,13.1,OZ,1,2.34
713036718,89,41,4109,101111010,9907,2013-01-05,7.75,OZ,1,0.99
713037936,151,55,5563,1074447373,16798,2012-03-31,16,OZ,5,29.15
713037936,151,63,6315,101111010,9907,2012-11-02,64,OZ,1,3.19
713037936,151,56,5607,102100020,13967,2012-11-17,8,OZ,1,1.25
713037936,151,5,501,101600010,3331,2013-03-05,16.2,OZ,1,4.69
713038645,26,5,501,101600010,10797,2012-04-15,11.5,OZ,1,3.26
713041276,83,9,918,101410010,13791,2012-05-24,7.75,OZ,1,2
713041276,83,63,6315,101111010,9907,2012-06-20,64,OZ,1,1.99
713041276,83,96,9609,1054119656,88199,2012-09-13,0,,1,-1
713041276,83,73,7302,1031284333,1500,2012-11-13,32,CT,1,2.28
713041276,83,26,2626,102570020,15883,2013-02-12,1,CT,1,2.29
713041586,12,99,9904,1071575676,5278,2012-10-14,6,OZ,1,1.25
713041586,12,58,5823,102531727,763,2012-10-14,7,OZ,1,4.99
713041586,12,0,0,10000,0,2013-02-22,0,,1,0
713048388,83,63,6311,104180040,19713,2012-12-13,59,OZ,1,2.09
713048388,83,37,3703,105100050,2820,2013-03-19,10.75,OZ,1,0.82
713048993,26,37,3706,104119646,14582,2013-01-12,18.5,OZ,1,1.67
713048993,26,97,9753,1068395363,0,2013-03-30,1,CT,1,3.99
713048993,26,9,903,101111010,9907,2013-06-14,13.5,OZ,1,1.99
713049654,133,99,9908,101111010,9907,2012-06-14,80,OZ,1,2.47
713049654,133,82,8201,101111010,6848,2012-10-09,8,CT,1,12.99
713049654,133,59,5902,101111010,9907,2012-11-20,16,OZ,2,4.58
713049654,133,96,9632,107675070,18020,2012-12-22,1,CT,1,25
713049884,26,95,9518,107000070,7848,2012-03-28,1,CT,2,1.98
713049884,26,14,1416,101111010,9907,2012-11-17,15.25,OZ,1,1
713049884,26,96,9609,1054130858,88199,2013-04-01,0,,2,-1
713051776,83,55,5552,101111010,9907,2012-04-20,128,OZ,1,4.99
713051776,83,63,6316,101111010,9907,2012-10-18,24,OZ,3,5
713051776,83,29,2920,102970020,8711,2012-11-20,4,OZ,2,2
713052580,12,18,1827,104650040,7249,2013-01-19,8,OZ,2,2
713053351,58,55,5557,107756777,11005,2013-02-12,10.14,OZ,1,4.29
713053370,12,0,0,10000,0,2012-06-15,0,,1,0
713053545,89,21,2106,103120030,12957,2013-02-11,64,OZ,2,3.98
713054197,26,25,2504,101111010,9907,2012-09-01,12,OZ,1,0.94
713054197,26,58,5827,101111010,9907,2012-12-03,16,OZ,1,3.5
713054197,26,23,2301,107209878,12146,2012-12-22,16,OZ,1,3.39
713054197,26,53,5307,101111010,9907,2013-04-13,12,OZ,1,1
713058623,143,49,4901,101111010,9907,2012-04-21,32,OZ,1,2.17
713058623,143,54,5401,103800030,5618,2012-09-08,10.75,OZ,1,1.79
713058623,143,23,2301,107680878,1393,2012-09-24,13.25,OZ,1,1
713058623,143,33,3307,102900020,14112,2013-06-17,9.75,OZ,1,4.99
713058623,143,63,6320,101111010,9907,2013-07-13,12,CT,1,1.39
713063550,83,33,3318,101111010,9907,2012-04-04,15,OZ,1,1.49
713063550,83,51,5126,101380010,27474,2013-05-27,11.5,OZ,1,2.74
713063843,12,12,1206,108660080,2559,2012-03-23,12,OZ,1,4.29
713063843,12,36,3634,101111010,20575,2013-02-22,20,OZ,1,1.89
713065908,12,26,2622,102570020,20361,2012-11-10,20,CT,1,3.99
713065908,12,99,9909,101111010,85048,2013-01-19,5,OZ,1,2.99
713068551,89,72,7203,101111010,9907,2012-05-26,50.7,OZ,1,2.99
713074615,431,79,7902,1074937777,45506,2012-10-27,1,CT,1,0.75
713075353,68,2,201,101600010,1756,2012-05-28,15.25,OZ,1,1.6
713075353,68,36,3601,104900040,3809,2012-07-01,240,OZ,2,12.98
713075353,68,26,2615,107301070,17990,2012-11-18,36,CT,1,8.99
713079051,26,64,6401,101820010,2510,2012-03-30,288,OZ,1,16.99
713079051,26,57,5705,107047070,20230,2012-06-29,6,OZ,2,1.2
713080532,165,58,5823,107203676,7953,2012-08-29,8,OZ,1,4.99
713080532,165,7,707,104300040,11339,2013-01-28,10.5,OZ,1,3
713080869,26,63,6315,101111010,9907,2012-05-24,64,OZ,1,1.77
713080869,26,59,5905,102700020,6455,2012-07-12,12.3,OZ,1,1.89
713080869,26,97,9753,10000,0,2013-05-01,1,CT,1,0.69
713083325,58,67,6703,101111010,9907,2012-04-06,20,OZ,1,2.64
713083325,58,22,2210,107261373,16794,2013-02-01,32,OZ,1,3.49
713083800,58,33,3307,101111010,9907,2013-03-04,12,OZ,2,5
713087745,83,63,6315,101111010,9907,2013-01-25,128,OZ,1,2.49
713087871,143,4,418,103400030,15113,2012-05-07,8,OZ,1,3
713087871,143,59,5902,103450030,10165,2012-05-28,7,OZ,1,2.29
713087871,143,35,3508,107261373,19976,2012-07-16,50,OZ,1,3.99
713087871,143,96,9609,1053500050,88199,2012-09-10,0,,1,-1
713087871,143,96,9609,1054610050,88199,2013-02-25,0,,2,-1.4
713089287,211,5,501,103800030,17050,2012-09-27,12,OZ,1,2.49
713089287,211,96,9609,1051800050,88199,2012-11-29,0,,2,-0.8
713089615,12,57,5710,107835575,61673,2012-05-06,24,OZ,1,3.39
713089702,151,10,1004,104300040,26232,2012-12-03,3.9,OZ,2,1.98
713090444,58,97,9753,1022620121,0,2012-05-06,1,CT,1,7.14
713092869,143,57,5710,1089470080,21065,2012-08-04,5.3,OZ,3,3
713092869,143,36,3601,101200010,13794,2013-01-24,67.6,OZ,2,2.78
713092869,143,9,922,102430020,10577,2013-06-02,9.5,OZ,1,1.79
713094223,12,65,6502,101111010,9907,2012-10-27,15,OZ,1,2
713094223,12,8,803,104150040,6714,2013-03-29,20,OZ,1,2.29
713096606,12,0,0,10000,0,2012-10-04,0,,2,0
713096606,12,18,1854,101650010,27270,2013-03-09,4,CT,1,2.39
713097183,133,37,3703,105100050,2820,2012-09-19,10.75,OZ,4,4
713097389,151,65,6503,1061278161,11151,2012-07-03,16,OZ,1,3.85
713097389,151,29,2922,103827434,21635,2012-09-23,12.5,OZ,1,3.79
713097389,151,36,3618,104900040,23359,2013-04-26,67.6,OZ,2,3
713097895,58,21,2117,108768484,2903,2012-04-01,60,OZ,2,5.34
713097895,58,34,3410,104126040,9907,2012-10-28,7.5,OZ,2,1.82
713105149,12,9,907,104157343,9698,2012-05-21,7,OZ,1,1.09
713105149,12,9,908,101111010,33170,2012-05-25,14,OZ,1,3.49
713105888,58,14,1404,101111010,9907,2012-05-04,48,OZ,1,1.87
713105888,58,8,803,104150040,6714,2012-09-10,14,OZ,1,0.99
713107403,83,96,9631,107675070,19430,2012-06-02,1,CT,1,54.95
713107403,83,55,5567,107064070,19704,2013-04-10,15.9,OZ,1,3.99
713107705,89,34,3403,101700010,4912,2012-10-12,32,OZ,1,3.98
713111457,211,35,3506,101111010,9907,2012-11-05,12.6,OZ,1,2.99
713111457,211,63,6320,101111010,9907,2012-11-19,12,CT,1,1.69
713113524,151,99,9904,103338333,33170,2012-04-07,16,OZ,1,2.29
713113524,151,97,9753,10000,0,2012-04-07,1,CT,1,0.65
713113749,211,9,907,107341070,13291,2013-05-16,12,OZ,1,2.5
713114902,211,9,908,104500040,8511,2012-08-20,11.25,OZ,1,2.18
713116126,191,99,9904,1071575676,5278,2012-09-16,6,OZ,2,5
713117249,143,96,9609,1057184050,88199,2013-03-21,0,,1,-1
713119294,63,8,814,103390737,911,2012-05-01,16,OZ,1,2.99
713119294,63,0,0,10000,0,2012-06-03,0,,1,-3
713119294,63,64,6409,108130888,21408,2012-07-01,0.75,LT,2,9.98
713119294,63,5,501,1088491282,86364,2013-03-27,14,OZ,1,2.5
713122312,151,53,5307,101111010,9907,2012-10-12,12,OZ,1,0
713122312,151,8,803,101111010,9907,2012-11-09,12,OZ,1,1.49
713123841,12,33,3308,102840020,3336,2012-11-16,3.75,OZ,1,1.25
713129845,431,5,501,101111010,9907,2012-12-12,16.4,OZ,1,2.49
713130148,89,11,1113,101111010,9907,2012-04-06,14,OZ,1,1.39
713130873,89,36,3635,107478070,13856,2012-10-24,33.8,OZ,1,1.67
713130873,89,21,2108,107468272,27266,2012-11-14,32,OZ,1,2.99
713132139,89,99,9909,101111010,28083,2012-06-03,10,OZ,1,2.98
713132139,89,57,5705,101111010,9907,2012-11-09,6,OZ,1,0.4
713139520,143,16,1604,101254616,17473,2012-04-14,14,CT,1,1.49
713139520,143,8,814,105385252,7661,2012-11-05,16,OZ,1,3.99
713139520,143,30,3008,102727121,2349,2013-05-15,12,OZ,1,3.49
713142136,211,4,418,103400030,9739,2012-10-31,10.78,OZ,1,2.67
713144704,143,97,9753,103651535,0,2012-05-01,1,CT,1,4.99
713144951,89,0,0,10000,0,2013-02-18,0,,1,0
713145453,58,63,6315,101111010,9907,2012-03-03,128,OZ,1,3.08
713145453,58,9,905,101410010,13791,2012-10-06,12,OZ,1,3.09
713145453,58,25,2509,103450030,10165,2013-01-01,32,OZ,1,3.49
713145453,58,21,2112,1075379272,12769,2013-01-16,64,OZ,1,2.99
713153461,143,0,0,10000,0,2012-09-23,0,,1,0
713156602,151,45,4511,102370020,18969,2012-12-31,22,OZ,1,5.99
713157909,63,9,901,104400040,13243,2012-10-05,15.5,OZ,1,3.19
713157909,63,30,3002,104800141,1707,2013-03-17,30,OZ,1,4.17
713158269,126,53,5305,102000020,7655,2013-05-09,7,OZ,2,2
713158379,143,58,5814,104470040,10837,2012-04-29,11.4,OZ,2,7.58
713158379,143,3,308,104010040,6455,2012-12-16,4,OZ,1,4.74
713161796,151,8,807,1078099373,6126,2012-05-25,19,OZ,1,3.29
713162194,12,99,9908,1071238474,53500,2012-04-07,4,OZ,1,1.29
713162194,12,27,2707,101780010,3108,2013-04-13,3.15,LB,1,5.37
713166027,126,26,2628,103700030,2248,2012-05-20,8,RL,1,10.34
713166027,126,0,0,10000,0,2013-01-02,0,,1,-2.99
713166027,126,45,4514,101111010,9907,2013-03-09,48,OZ,1,6.99
713170637,151,64,6401,103410030,11704,2012-03-22,144,OZ,1,9.29
713170637,151,22,2210,107261373,16794,2012-04-15,32,OZ,1,4.39
713170637,151,71,7114,102240020,18715,2013-01-20,11,OZ,1,3.49
713170816,126,40,4004,101111010,9907,2012-06-10,5.25,OZ,1,1.99
713170816,126,41,4108,103940030,71386,2013-02-06,27,OZ,1,1.79
713170816,126,63,6399,102301222,27492,2013-05-02,6,OZ,1,3.99
713172069,23,56,5609,101111010,14755,2013-01-13,24,OZ,1,1.79
713174250,126,25,2506,105000050,32115,2013-03-18,32,OZ,1,2.69
713176928,26,36,3625,104900040,23359,2012-04-03,144,OZ,1,5.19
713176928,26,35,3504,103700030,4628,2012-09-24,9,OZ,1,1.79
713176928,26,9,902,104400040,15335,2012-12-14,12.73,OZ,1,2.77
713176928,26,26,2622,101111010,9907,2013-03-20,30,CT,1,1.09
713177940,12,63,6315,104126040,100699,2013-05-23,128,OZ,1,2.79
713178109,431,63,6305,101111010,9907,2012-04-07,64,OZ,1,2.39
713178109,431,22,2207,103700030,18371,2012-09-02,26.4,OZ,2,21.98
713178530,191,97,9734,107666676,8760,2012-03-29,1,CT,1,1
713178623,133,30,3008,107110070,8280,2012-10-25,16,OZ,1,3.16
713179927,83,99,9908,101111010,9907,2012-06-07,16,OZ,1,1.99
713179927,83,29,2905,103545737,11061,2012-06-18,24,OZ,1,5.19
713179927,83,29,2928,105480050,19039,2012-10-29,8.8,OZ,4,3.96
713179927,83,63,6316,107342070,4529,2012-11-09,24,OZ,1,2.79
713180222,143,31,3108,102460020,11990,2012-08-08,5.3,OZ,1,3.39
713180222,143,56,5616,104610040,15889,2012-11-23,8,OZ,1,3.29
713180222,143,36,3601,104900040,3809,2012-12-15,144,OZ,3,14.97
713181370,89,41,4107,101111010,9907,2012-08-14,8,OZ,2,2.58
713181993,211,9,907,103967737,25330,2013-02-08,24,OZ,1,3.29
713184707,211,23,2301,101510010,4255,2013-05-02,16,OZ,1,1
713184707,211,99,9904,1071575676,5278,2013-05-20,16,OZ,1,1.88
713187945,211,51,5128,101111010,9907,2012-06-20,12,OZ,1,0.88
713187945,211,8,803,101111010,9907,2013-05-29,12,OZ,1,0.89
713189144,151,21,2103,103120030,12957,2012-08-27,64,OZ,2,4.58
713189773,83,9,907,101438515,34947,2012-05-16,16,OZ,1,2.49
713192321,143,56,5609,102100020,2321,2012-04-24,16,OZ,1,2.99
713192321,143,99,9909,101111010,28083,2012-08-04,16,OZ,1,1.59
713192321,143,60,6001,101800010,14029,2012-11-28,30,OZ,6,15
713192321,143,97,9707,107116070,14748,2013-03-01,3,CT,1,9.99
713192371,12,9,901,104157343,9907,2012-03-13,18,OZ,1,3.99
713192371,12,63,6315,104126040,100699,2013-01-13,128,OZ,3,8.37
713193828,211,54,5403,107229070,18158,2012-10-31,29,OZ,1,7.59
713193828,211,4,416,103701434,24266,2012-12-23,3,OZ,2,5
713199602,211,9,908,107247070,9903,2012-05-02,16.6,OZ,1,3.99
713199602,211,36,3601,104900040,3809,2012-12-12,144,OZ,1,4.99
713203069,126,41,4107,101111010,9907,2012-03-29,14.75,OZ,1,0.75
713203833,165,19,1908,105150050,9189,2012-04-25,28,OZ,1,5.59
713205544,165,67,6705,107830070,14142,2012-03-23,1,CT,1,3.99
713205544,165,56,5614,104610040,15889,2012-11-18,9,OZ,1,4.15
713208051,165,56,5604,103798232,21693,2013-03-24,8,OZ,1,7.99
713208051,165,99,9908,103338333,33170,2013-05-03,16,OZ,1,3
713210530,89,33,3308,102840020,3336,2012-08-07,1.25,OZ,3,1.5
713210530,89,59,5910,103377636,16650,2013-02-19,7.5,OZ,1,2.19
713211674,63,37,3703,105100050,2820,2012-03-25,10.75,OZ,3,5.37
713211674,63,4,410,107920070,20031,2012-04-30,6,OZ,1,1
713211674,63,99,9904,1081204989,27736,2012-08-19,16,OZ,1,2.5
713211674,63,58,5814,104470040,10837,2012-09-25,9.1,OZ,2,5.98
713212893,63,53,5307,101111010,9907,2012-06-10,12,OZ,1,0.6
713212893,63,26,2632,104126040,9907,2012-09-23,40,CT,2,1.98
713212893,63,96,9632,104126040,6848,2013-03-14,1,CT,1,25
713213136,431,55,5559,101111010,9907,2012-08-06,30,OZ,2,3.38
713213658,89,75,7507,1083997787,3681,2012-11-13,6.5,OZ,1,4.19
713213658,89,21,2106,105100050,27873,2013-04-07,64,OZ,1,2.09
713222640,89,56,5607,102100020,13967,2012-03-28,8,OZ,1,2.99
713222644,126,8,811,104112949,3635,2012-12-31,15,OZ,1,1.49
713224746,151,99,9908,1066966060,22106,2012-04-06,48,OZ,1,2.99
713224746,151,30,3010,101111010,9907,2012-06-10,24,OZ,1,1.89
713224746,151,58,5831,101111010,9907,2012-07-03,19.2,OZ,2,7.98
713224746,151,58,5831,1064220565,23259,2012-10-21,30,OZ,1,8.99
713229186,126,37,3703,105100050,2820,2012-09-15,10.75,OZ,3,5.37
713229186,126,33,3303,102855828,11608,2013-01-04,8,OZ,1,3.19
713231194,89,8,803,105440050,7686,2012-09-25,10,OZ,1,3.09
713233518,211,37,3707,105100050,17812,2013-04-12,32,OZ,1,2.69
713233518,211,0,0,10000,0,2013-04-20,0,,1,0
713238778,89,0,0,10000,0,2013-01-21,0,,1,0
713238778,89,0,0,10000,0,2013-03-07,0,,1,0
713238778,89,8,829,104119646,14582,2013-03-18,18,OZ,2,5.38
713238778,89,31,3101,107096979,17090,2013-04-07,9.5,OZ,1,2.99
713238778,89,49,4901,101111010,9907,2013-07-03,24,OZ,1,1.99
713239288,26,9,907,107294575,15878,2012-09-20,16,OZ,1,3.29
713239288,26,63,6313,102670020,4664,2012-09-20,16,OZ,1,2.49
713239290,211,57,5710,1075854373,19530,2012-05-28,5.3,OZ,2,2
713239290,211,26,2606,105543757,11482,2013-04-21,100,CT,1,4.69
713239290,211,9,907,101410010,13791,2013-06-11,24,OZ,1,2.99
713242130,58,55,5552,101111010,9907,2012-06-24,48,OZ,1,2.99
713242281,89,8,826,104973343,3492,2012-09-14,5,OZ,1,2.79
713242281,89,9,907,101410010,13791,2012-11-16,24,OZ,1,3.99
713242281,89,36,3627,107800070,23362,2013-02-09,144,OZ,1,3.66
713242283,211,36,3632,107181777,73881,2012-07-20,101.4,OZ,1,3.67
713249508,431,19,1908,101111010,9907,2013-02-26,18,OZ,1,2.79
713252339,58,9,917,101111010,9907,2012-03-04,17.5,OZ,1,1.69
713256572,211,53,5307,101450010,20864,2013-02-01,12,OZ,2,3.58
713256991,126,0,0,10000,0,2012-05-18,0,,2,0
713256991,126,63,6315,101111010,9907,2012-06-14,128,OZ,1,2.99
713256991,126,63,6330,101111010,9907,2012-09-12,8,OZ,1,1.29
713256991,126,5,501,1088491282,86364,2013-01-24,16,OZ,1,3.69
713256991,126,54,5403,103800030,17050,2013-04-02,13.4,OZ,1,5.99
713257758,151,22,2201,104460040,3718,2012-08-11,24,OZ,1,2.59
713257758,151,8,826,101760010,10744,2013-01-13,6,OZ,1,1.09
713258591,89,4,416,103400030,8247,2012-05-27,1.45,OZ,1,0.89
713258591,89,33,3304,102840020,6777,2012-07-04,10.5,OZ,1,1.69
713259541,89,9,901,102750020,837,2013-01-04,9.25,OZ,1,3.19
713260665,126,0,0,10000,0,2013-04-02,0,,1,0
713261348,58,19,1908,101111010,9907,2012-05-23,18,OZ,1,2.19
713261348,58,36,3601,104900040,3809,2013-04-21,67.6,OZ,1,1.5
713262750,431,0,0,10000,0,2012-05-03,0,,1,0
713264809,83,58,5823,104470040,13310,2012-03-22,16,OZ,2,13.58
713264809,83,57,5710,103663232,4568,2012-06-06,5.3,OZ,6,6
713264809,83,32,3203,101111010,9907,2012-07-14,6,OZ,2,4.58
713265354,26,64,6409,108981989,21119,2012-06-24,0.75,LT,1,9.99
713265354,26,9,907,104157343,9907,2012-08-08,16,OZ,1,1.99
713265354,26,41,4108,101111010,9907,2012-11-12,15,OZ,1,0.69
713265354,26,58,5824,101111010,9907,2012-12-09,18,OZ,1,3.49
713265747,133,72,7208,103500030,3830,2012-06-16,1,CT,2,4
713265747,133,41,4105,106414464,70939,2012-07-16,10,OZ,1,1.18
713265747,133,0,0,10000,0,2013-02-07,0,,1,0
713265747,133,9,902,101111010,20588,2013-05-25,8,OZ,1,2.5
713266264,211,26,2634,104200040,14813,2012-10-25,12,RL,1,5.99
713266329,126,33,3315,107102272,11145,2013-04-13,8,OZ,1,3.19
713272971,63,41,4107,102400020,4704,2012-05-20,15.25,OZ,2,2.24
713272971,63,21,2119,1065762262,26129,2012-07-09,16.9,OZ,1,1.25
713272971,63,57,5710,107047070,20230,2012-09-25,5.3,OZ,2,1.98
713276909,63,41,4121,101111010,9907,2012-05-02,8,OZ,2,0.66
713276909,63,8,810,101111010,9907,2012-05-16,1.5,OZ,1,0.39
713276909,63,63,6312,102500020,11749,2012-05-30,59,OZ,1,1
713276909,63,27,2704,101111010,13891,2012-07-04,24,OZ,1,9.44
713276909,63,9,908,103029131,10674,2012-09-05,21,OZ,1,3.59
713279200,12,17,1703,104191141,17163,2012-11-19,19,OZ,1,3.49
713279243,126,33,3303,101111010,9907,2012-12-22,11.5,OZ,1,1.99
713279243,126,9,907,107294575,15878,2013-03-07,20,OZ,3,7.47
713279259,98,58,5832,107274575,13804,2012-03-06,12,OZ,1,4.59
713279259,98,27,2704,107910070,85180,2013-01-30,7,OZ,1,1.09
713279259,98,0,0,10000,0,2013-04-02,0,,1,0
713279835,89,45,4508,104440040,7504,2012-03-24,18.2,OZ,1,5.48
713279835,89,96,9609,1052529353,88199,2012-06-09,0,,2,-1
713279835,89,36,3631,104900040,1414,2012-09-27,144,OZ,1,4
713279835,89,37,3705,105100050,2820,2013-01-14,18.8,OZ,2,3.34
713279835,89,96,9609,1053500050,88199,2013-01-14,0,,1,-0.75
713279835,89,96,9609,1053890050,88199,2013-02-05,0,,2,-1
713279969,126,63,6318,101800010,14029,2012-05-04,11,OZ,2,5.98
713279969,126,33,3305,102840020,18584,2012-11-17,9.75,OZ,1,3
713282758,211,17,1701,102340020,16836,2012-06-18,24,OZ,1,3.09
713282758,211,63,6315,101111010,85048,2012-08-01,64,OZ,1,2.69
713282758,211,99,9908,101111010,9907,2013-02-27,16,OZ,1,1.69
713286395,83,9,902,104950848,16730,2012-09-03,7.2,OZ,1,3.49
713286395,83,9,904,101111010,9907,2012-11-29,5,OZ,2,2
713286395,83,33,3315,101030010,5740,2013-03-08,7.5,OZ,3,10.47
713289089,143,33,3309,101111010,9907,2013-01-30,10,OZ,1,1
713289089,143,57,5705,101111010,9907,2013-02-08,6,OZ,1,0.4
713289089,143,56,5609,101111010,9907,2013-03-29,24,OZ,1,2
713289089,143,72,7205,103700030,4294,2013-03-29,6.4,OZ,2,4.78
713289969,191,9,917,107934171,5110,2012-06-17,18,OZ,1,2.79
713289969,191,56,5615,101111010,9907,2013-03-09,8,OZ,1,2.19
713291401,58,31,3101,1060502161,12114,2012-07-14,2.5,OZ,2,6.98
713293304,431,30,3002,104800141,8178,2012-07-29,9,OZ,1,2.69
713293304,431,0,0,10000,0,2012-08-17,0,,1,0
713293304,431,31,3111,104150040,6714,2012-11-18,6,OZ,1,2.99
713293304,431,41,4107,102000020,7655,2012-12-21,11,OZ,1,1.47
713293304,431,33,3307,104255848,9531,2013-03-08,12,OZ,1,2.99
713293304,431,4,416,103400030,8247,2013-03-10,1.44,OZ,1,0.89
713293304,431,29,2904,101600010,7860,2013-04-26,7.7,OZ,1,1.66
713293304,431,5,501,1088491282,86364,2013-05-03,14.75,OZ,1,3.27
713294472,12,99,9908,1075166676,52506,2012-05-14,10.5,OZ,1,3.99
713295909,83,37,3703,105100050,2820,2012-04-03,10.5,OZ,2,3
713295909,83,63,6315,101111010,9907,2012-05-16,128,OZ,1,2.49
713295909,83,49,4901,101312010,26885,2012-08-25,32,OZ,1,1.99
713295909,83,36,3601,107380070,6226,2012-12-13,67.6,OZ,1,1
713300679,89,8,817,102700020,8612,2012-05-04,24,OZ,1,1
713300679,89,99,9908,103338333,33170,2013-01-18,16,OZ,1,0.99
713301807,83,21,2108,101111010,9907,2012-07-28,64,OZ,1,1.88
713302700,126,0,0,10000,0,2013-02-28,0,,1,0
713303517,431,17,1719,101111010,5981,2012-04-06,12,OZ,6,19.74
713303517,431,29,2928,107142979,20299,2012-09-03,7,OZ,1,1.89
713303517,431,58,5824,107778272,9260,2012-11-04,14,OZ,1,3.19
713303517,431,96,9609,1057790050,88199,2013-01-12,0,,1,-0.55
713307101,12,99,9904,1071575676,5278,2012-03-03,6,OZ,4,15.96
713307266,73,44,4404,107253171,33413,2012-03-28,8,OZ,3,8.07
713308690,12,82,8201,1082979383,21217,2012-08-20,24,OZ,1,2.09
713309769,26,0,0,10000,0,2013-02-03,0,,1,7.93
713309769,26,21,2108,102800020,56490,2013-04-04,64,OZ,1,2.99
713310950,89,37,3705,105100050,2820,2012-04-17,18.8,OZ,3,6.21
713310950,89,51,5115,107192171,25673,2012-10-03,8.5,OZ,2,6.78
713314714,89,30,3010,101111010,9907,2012-08-01,16,OZ,1,1.67
713314714,89,4,416,104000040,11698,2013-01-24,1.84,OZ,2,0.7
713314714,89,58,5824,103318636,2024,2013-04-04,16,OZ,1,2.5
713323018,26,69,6901,107940070,1141,2012-07-02,2.7,OZ,1,3.88
713323018,26,96,9632,107675070,87377,2012-12-10,1,CT,2,100
713323018,26,96,9609,1054060050,88199,2013-02-18,0,,1,-0.5
713326736,211,59,5910,103377636,16650,2012-04-17,15,OZ,3,4.93
713326736,211,58,5812,109004696,6379,2012-05-19,12,OZ,5,5
713326736,211,33,3303,102840020,10241,2012-05-28,10,OZ,1,2
713326736,211,60,6012,101111010,9907,2012-06-23,13.9,OZ,1,1
713326736,211,0,0,10000,20405,2012-08-22,0,,1,-0.5
713326736,211,9,901,104400040,12600,2013-07-16,10.5,OZ,1,3.21
713326934,89,99,9909,101111010,28083,2012-09-09,12,OZ,1,2.98
713326934,89,36,3618,104900040,23359,2012-11-16,60,OZ,1,3.5
713326934,89,33,3318,101111010,9907,2013-03-02,15,OZ,1,1.64
713326934,89,56,5614,103090030,19704,2013-03-29,10,OZ,1,3.69
713327831,83,33,3305,102840020,5141,2012-11-08,11.5,OZ,2,5
713327831,83,33,3303,102840020,10241,2013-03-13,10,OZ,1,2.5
713330388,431,2,211,101600010,1910,2012-07-22,40,OZ,1,3.29
713330388,431,96,9609,1052529353,88199,2012-10-25,0,,1,-0.55
713330388,431,29,2914,101356212,713,2013-03-04,5.25,OZ,1,1
713331603,211,82,8201,104157343,1292,2012-10-11,8,CT,1,4.99
713331603,211,99,9909,101111010,9907,2012-11-18,7,OZ,1,2.5
713334471,89,22,2211,107261373,16794,2012-05-21,70,CT,1,2.99
713335092,89,18,1835,104126040,9907,2012-05-13,16.6,LB,1,4.24
713335092,89,96,9609,1052100050,88199,2012-09-14,0,,1,-1
713335092,89,35,3508,107261373,19976,2013-03-01,50,OZ,1,3.99
713337242,58,10,1004,104300040,26232,2012-08-23,1,OZ,2,2.58
713337242,58,99,9901,101111010,20588,2013-01-30,0.66,OZ,1,1.99
713337709,26,29,2914,102100020,19279,2012-12-15,2.39,OZ,3,3
713337709,26,63,6330,101111010,9907,2013-03-02,16,OZ,1,2.5
713337709,26,9,907,107131474,1061,2013-04-05,24,OZ,1,2.29
713341547,63,33,3307,104255848,9531,2012-05-15,10,OZ,1,3.99
713342248,89,8,810,101111010,9907,2012-07-29,0.75,OZ,1,0.69
713342248,89,63,6315,101111010,9907,2012-09-24,16,OZ,1,0.99
713342248,89,79,7902,104090141,44251,2012-11-18,0,,1,2
713342248,89,0,0,10000,0,2012-11-26,0,,1,0
713342359,83,27,2704,107910070,16761,2012-07-01,9.75,OZ,1,4.29
713342359,83,63,6320,101111010,9907,2013-02-09,12,CT,1,1
713343821,83,41,4105,101111010,9907,2013-03-16,14.5,OZ,2,1.38
713344179,2,33,3305,107794878,2753,2012-04-13,12,OZ,1,1.79
713344179,2,35,3508,103700030,18371,2012-09-16,100,OZ,1,12.49
713344179,2,63,6315,101111010,14907,2013-02-01,64,OZ,1,1.99
713344906,133,40,4005,107231070,1841,2012-05-22,1.37,OZ,1,2.75
713344906,133,30,3002,102100020,11761,2012-11-29,15,OZ,1,3.65
713355479,126,51,5115,107218070,15035,2012-10-14,19.86,OZ,1,3.5
713355479,126,27,2704,104152242,11418,2012-12-05,22.5,OZ,1,3.19
713355479,126,27,2704,101111010,13891,2012-12-30,20,CT,1,3.69
713355479,126,9,907,1069899767,18981,2013-05-12,12,OZ,1,5.99
713355479,126,8,816,1064767161,6994,2013-06-11,16,OZ,1,3.99
713355479,126,26,2630,101111010,9907,2013-06-23,110,CT,1,0.88
713355479,126,26,2628,101111010,9907,2013-06-30,1,RL,1,0.78
713355479,126,33,3308,101566515,98644,2013-07-07,4.5,OZ,1,2.79
713357410,12,63,6320,101111010,85048,2013-03-08,12,CT,1,2.99
713358460,83,95,9518,1061029060,6015,2012-12-18,1,CT,1,1.99
713358460,83,55,5552,101111010,20588,2013-06-09,16,OZ,1,1.79
713364387,211,57,5703,101111010,9907,2012-10-20,6,OZ,1,0.34
713364387,211,41,4108,101111010,9907,2012-12-19,15.5,OZ,3,2.07
713364387,211,29,2903,106414464,3342,2013-04-09,15,OZ,4,4
713364387,211,96,9609,1051600050,88199,2013-04-18,0,,2,-1.5
713366547,26,74,7404,101204414,13056,2012-06-03,4,OZ,1,3.97
713366547,26,57,5710,1068954464,6086,2012-09-18,5.3,OZ,3,3
713366547,26,96,9632,107675070,17286,2012-12-09,1,CT,1,15
713366547,26,17,1726,101111010,5981,2013-02-09,75,CT,1,3.69
713368975,151,44,4404,1074816272,16521,2012-09-02,15,OZ,1,3.99
713369956,89,26,2622,101111010,9907,2012-03-03,150,CT,1,2.39
713369956,89,33,3318,107797575,27417,2012-09-13,16,OZ,1,3.29
713369956,89,99,9908,103338333,33170,2013-03-02,48,OZ,1,1.99
713370177,63,8,814,101111010,9907,2012-09-19,26,OZ,1,2.69
713370177,63,58,5812,107010070,9243,2012-10-12,16,OZ,1,3.99
713370177,63,33,3399,1073443676,33170,2012-12-13,16,OZ,1,5.99
713370177,63,26,2622,101111010,9907,2013-06-19,100,CT,1,2.79
713371791,26,29,2920,102970020,8711,2012-05-07,4.1,OZ,4,4
713371791,26,56,5621,101111010,9907,2012-07-18,8,OZ,3,5.37
