309382672,360,99,9908,103338333,33170,2012-06-16,32,OZ,1,2
309386096,360,55,5552,102073525,18893,2012-07-19,48,OZ,1,3.5
309386096,360,57,5710,103663232,4568,2013-04-07,21.2,OZ,1,3.99
309387759,360,36,3628,101200010,12029,2013-01-07,20,OZ,1,1.89
309389912,360,97,9753,1022601222,0,2012-05-10,1,CT,1,6.41
309389912,360,96,9609,10993450090,88199,2012-10-18,0,,1,-1
309389912,360,9,907,104173545,14456,2013-02-17,16,OZ,1,1.99
309389912,360,27,2702,101780010,5056,2013-03-17,32,LB,1,21.99
309397372,360,63,6308,104173545,14456,2012-06-29,59,OZ,1,2.5
309398251,360,63,6315,104311949,2648,2012-05-23,128,OZ,2,7.98
309398251,360,51,5117,104173545,14456,2012-07-18,16.59,OZ,1,5
309398251,360,56,5607,102100020,13967,2012-10-05,16,OZ,1,4.69
309398251,360,37,3709,104178949,11224,2013-03-08,18,OZ,1,1.49
309398251,360,8,821,104139040,9659,2013-04-19,10,OZ,1,2.49
309398908,360,58,5837,104470040,13310,2012-03-17,2.1,OZ,1,4.49
309399898,360,96,9609,1057119050,88199,2013-03-22,0,,1,-1.5
309401469,360,4,427,103400030,2331,2012-06-09,1.27,OZ,1,2.19
309402417,360,18,1890,105209252,43069,2012-07-21,1,CT,2,6
309404490,360,33,3303,102840020,15598,2012-12-17,9,OZ,1,4.29
309407167,360,99,9909,107143070,5072,2012-09-15,8,OZ,1,3.99
309407454,360,12,1203,107079676,3198,2012-04-06,4.38,OZ,1,2.59
309410205,360,57,5703,104173545,14456,2013-02-17,6,OZ,3,2.67
309410569,360,55,5564,1078302575,36040,2012-06-05,60,OZ,1,19.99
309410569,360,56,5613,104173545,14456,2013-05-27,15,OZ,1,2.29
309413662,360,29,2903,106414464,3342,2012-05-09,15,OZ,2,2
309416461,360,72,7209,103680030,18533,2012-05-29,43.8,YD,1,2
309416764,360,6,601,107092070,17882,2012-12-03,7.3,OZ,1,1.69
309416764,360,26,2630,104173545,14456,2012-12-23,100,CT,5,5
309419726,360,57,5704,105215959,41981,2012-10-20,32,OZ,1,3.89
309422275,360,8,801,101300010,8164,2012-03-22,36,OZ,1,3.29
309422275,360,26,2622,101258717,7245,2012-06-12,40,CT,1,3.89
309422275,360,45,4517,107982171,60005,2012-06-26,24,OZ,2,13.98
309422275,360,96,9609,1054150050,88199,2012-06-26,0,,1,-0.6
309422275,360,44,4405,105100050,13791,2012-07-14,12.5,OZ,2,7.98
309423230,360,9,901,103010030,9530,2012-07-18,10,OZ,1,3.69
309423570,360,96,9632,107675070,10768,2013-03-21,1,CT,1,50
309425330,360,99,9909,107143070,5072,2012-03-18,9,OZ,1,3.99
309425330,360,99,9908,103338333,33170,2012-11-13,16,OZ,1,1.99
309428271,360,12,1207,102666222,4063,2012-11-11,10,OZ,3,10.47
309428375,360,14,1416,102400020,4704,2012-11-20,15,OZ,1,1.69
309428375,360,45,4509,1082471080,27045,2013-04-12,16,OZ,3,17.97
309428427,360,49,4901,107271474,11375,2012-04-04,26,OZ,1,3.19
309428427,360,21,2105,105200050,7054,2012-05-19,4,OZ,2,3.18
309428427,360,11,1114,104173545,14456,2012-10-18,16,OZ,1,2.5
309428427,360,51,5125,102580020,16668,2012-11-05,9,OZ,2,5.98
309428621,360,53,5307,104173545,14456,2012-06-19,16,OZ,1,1.59
309431844,360,36,3611,107572070,14196,2012-10-13,96,OZ,2,6.98
309434238,360,9,906,104300040,16249,2012-08-24,5.75,OZ,1,2.39
309436901,360,97,9753,1020300525,0,2012-09-04,1,CT,1,6.78
309438683,360,41,4107,102000020,7655,2013-04-26,15.25,OZ,1,1.29
309439806,360,99,9909,107143070,5072,2012-12-23,6,OZ,1,3.99
309439806,360,33,3307,101411313,23033,2012-12-28,24,OZ,1,11.99
309439806,360,41,4105,102700020,8612,2013-02-11,14.5,OZ,2,2.5
309442005,360,73,7315,103680030,18533,2013-02-03,4,OZ,1,4
309447332,360,10,1006,104173545,14456,2012-09-01,10,OZ,1,2.79
309448953,360,9,913,104812141,18322,2012-03-18,12,OZ,1,4.29
309450175,360,96,9609,1057192151,88199,2012-05-24,0,,1,-1
309450175,360,35,3506,103700030,3068,2013-01-31,10.2,OZ,1,6.99
309453628,360,27,2707,105000050,6132,2012-07-18,3,LB,1,7.99
309454599,360,63,6315,104173545,14456,2012-08-22,64,OZ,1,1.96
309455605,360,18,1898,104133343,5379,2012-07-07,8,CT,1,8.49
309455605,360,58,5812,105450050,1322,2012-12-10,16,OZ,2,10.98
309456003,360,16,1604,102200020,5558,2012-08-11,60,CT,1,3.99
309458115,360,78,7802,107001171,12696,2013-03-16,3,CT,1,4.99
309463735,360,36,3626,104900040,17186,2013-04-11,144,OZ,1,5.19
309471671,360,5,501,101600010,85114,2012-10-12,12.2,OZ,5,19.95
309471671,360,96,9609,1054133555,88199,2013-03-12,0,,1,-1
309475964,360,53,5305,102000020,7655,2012-12-17,10,OZ,2,3.98
309475964,360,8,810,105210050,11382,2013-02-06,1.25,OZ,1,1.49
309478648,360,8,835,1079087474,5268,2012-09-29,12,OZ,1,3.29
309478648,360,10,1011,102400020,4704,2013-01-11,7,OZ,4,6
309479382,360,9,908,102430020,10577,2012-09-04,10,OZ,1,1.99
309484051,360,79,7901,107224676,20014,2012-03-03,1,CT,1,1.79
309484051,360,9,904,109830494,3318,2012-03-12,5,OZ,1,2.19
309484051,360,63,6320,104173545,14456,2012-09-03,12,CT,1,1.49
309484051,360,97,9753,1085465181,0,2012-09-15,1,CT,1,2.29
309484051,360,59,5905,103450030,10165,2013-03-15,16,OZ,1,2.69
309484051,360,57,5710,103000030,12172,2013-04-23,5.3,OZ,3,4.17
309484051,360,45,4517,107778272,9260,2013-05-26,32,OZ,1,8.99
309484051,360,55,5567,102983929,6763,2013-05-26,16.5,OZ,1,3.99
309487287,360,26,2634,103600030,4139,2012-06-09,24,RL,1,15.99
309488822,360,4,421,102200020,16565,2012-03-06,2,OZ,2,1.78
309488822,360,29,2928,107142979,20299,2012-09-30,8,OZ,2,4.38
309492104,360,99,9908,103338333,33170,2012-08-19,1,CT,1,2.99
309492104,360,97,9753,10000,0,2012-12-15,1,CT,1,4.43
309495540,360,14,1411,104173545,14456,2012-07-27,20,OZ,1,1.69
309495540,360,59,5905,1079645171,13101,2012-09-06,15,OZ,1,2.99
309495540,360,37,3703,105100050,2820,2013-06-14,11.25,OZ,1,1.89
309499049,360,9,907,107340272,4176,2013-02-17,11.5,OZ,1,3.49
309502771,360,4,416,104000040,18946,2013-04-20,3.02,OZ,2,2.38
309505202,360,41,4108,104119646,14582,2012-07-06,19,OZ,6,11.94
309507986,360,18,1841,103700030,17864,2012-07-11,42.2,OZ,1,5
309507986,360,57,5704,103663232,4568,2012-12-21,24,OZ,1,3.99
309507986,360,58,5812,1063690666,12339,2013-01-29,14,OZ,2,11.38
309507986,360,97,9753,1026601121,0,2013-04-16,1,CT,1,1.75
309509971,360,99,9908,103338333,33170,2012-03-02,80,OZ,1,4.99
309509971,360,99,9909,1078970777,26870,2012-06-10,5,OZ,1,3.99
309509971,360,67,6706,1030052131,19243,2013-04-20,7.5,OZ,1,4.49
309510396,360,73,7309,1031284333,13972,2012-03-29,30,CT,1,4.99
309514720,360,74,7402,1084105888,5593,2012-04-04,8.4,OZ,1,2.69
309514720,360,16,1604,101254616,17473,2012-05-09,14,CT,1,1.39
309514720,360,26,2620,104173545,14456,2012-10-08,54,CT,1,2.5
309517592,360,2,202,105150050,14029,2012-12-24,19.5,OZ,1,2.09
309519354,360,99,9908,103338333,33170,2012-05-10,16,OZ,1,1.99
309519354,360,35,3508,107261373,19976,2012-09-20,50,OZ,1,6.99
309523303,360,69,6901,102220020,17067,2012-09-02,2.3,OZ,1,3.49
309523303,360,36,3628,101200010,12029,2013-02-03,144,OZ,1,5.49
309524191,360,37,3703,105100050,2820,2013-01-20,10.75,OZ,4,3.96
309525067,360,26,2608,104173545,14456,2012-07-20,48,CT,1,2.99
309525067,360,36,3618,104900040,23359,2012-07-29,144,OZ,2,10.58
309525543,360,63,6318,104173545,14456,2012-03-05,16,OZ,2,3.98
309530036,360,99,9909,107143070,5072,2012-09-03,8,OZ,1,1.99
309535358,360,63,6315,104173545,14456,2012-10-21,64,OZ,2,7.18
309535358,360,95,9518,106700868,25075,2012-10-28,1,CT,4,3.96
309537835,360,9,901,103010030,15287,2012-03-03,4.44,OZ,1,2.5
309537835,360,9,913,104812141,18322,2013-01-12,13,OZ,2,8.38
309537835,360,9,910,101410010,13791,2013-04-08,7.5,OZ,2,5.98
309539666,360,55,5555,107684070,32094,2013-01-07,16,OZ,1,4.99
309542271,360,63,6315,104173545,14456,2012-08-30,64,OZ,1,2.39
309548878,360,5,501,103800030,11732,2012-06-12,15.5,OZ,1,3.79
309549986,360,30,3008,107110070,8280,2012-05-17,16,OZ,1,3.59
309556318,360,9,915,107312474,18613,2012-04-15,10,OZ,1,1.99
309556318,360,96,9609,1053663252,88199,2012-06-18,0,,2,-2
309556318,360,9,970,103800030,62065,2012-07-01,21,OZ,1,3.29
309556863,360,99,9909,107143070,5072,2012-06-17,12,OZ,1,0.99
309556863,360,63,6305,104850040,18799,2012-07-03,59,OZ,1,3.79
309556863,360,19,1908,104173545,14456,2012-08-14,18,OZ,2,5.58
309556863,360,99,9909,107143070,5072,2012-12-23,9,OZ,1,2.49
309556863,360,56,5620,104173545,14456,2013-04-18,16,OZ,1,4.59
309557847,360,27,2704,107910070,30096,2012-03-20,26.4,OZ,1,3.79
309557847,360,27,2704,107910070,30096,2012-06-06,9,OZ,1,3.49
309557847,360,27,2713,102310020,3223,2012-09-09,3.5,OZ,5,4.45
309569394,360,26,2628,104173545,14456,2012-12-19,1,RL,2,3
309574823,360,4,419,107726070,15624,2013-02-14,2,OZ,1,1.29
309580912,360,5,501,103800030,6796,2012-09-02,10.5,OZ,1,3.79
309580912,360,8,805,105160050,10267,2013-01-05,10,OZ,1,3.99
309581133,360,63,6328,107590070,2073,2012-03-07,24,OZ,1,3.79
309581133,360,27,2723,1089762989,5067,2012-07-04,14,OZ,1,2.99
309581299,360,99,9904,103338333,33170,2012-04-27,16,OZ,1,2.99
309581299,360,9,902,101410010,45039,2013-01-26,30,OZ,1,7.99
309588184,360,97,9748,104154040,26982,2012-06-04,3,CT,1,2.99
309588539,360,59,5902,104173545,14456,2012-12-09,16,OZ,2,4.98
309588539,360,29,2930,106414464,3342,2013-03-02,7.5,OZ,2,2
309596626,360,96,9609,1054200050,88199,2012-12-01,0,,1,-1
309606044,360,9,907,107133070,25887,2012-07-29,11,OZ,1,2
309606044,360,99,9908,103338333,33170,2012-12-15,80,OZ,2,5.98
309606044,360,9,970,103800030,62065,2013-01-10,14.7,OZ,2,5.58
309606044,360,58,5812,105450050,1322,2013-01-24,16,OZ,1,2.99
309614477,360,18,1898,103980030,5782,2013-01-06,8,CT,1,7.99
309617099,360,9,908,104173545,14456,2012-07-19,13,OZ,1,3.99
309617099,360,95,9518,1064541666,25075,2012-08-05,1,CT,1,2.99
309620142,360,9,901,104400040,12600,2012-05-20,12,OZ,1,4.49
309620142,360,63,6323,1074236575,8499,2012-12-22,64,OZ,2,8.98
309620142,360,9,907,107133070,25887,2013-01-06,20,OZ,1,3.99
309634559,360,97,9753,1021600424,0,2012-03-12,1,CT,1,5.39
309643563,360,56,5609,104173545,14456,2012-09-23,16,OZ,1,2.59
309643563,360,21,2105,104900040,14357,2013-03-23,32,OZ,2,2.38
309659921,4,97,9753,1022127020,0,2012-06-10,1,CT,1,6.49
309663622,360,51,5126,101380010,27474,2012-03-15,19,OZ,1,3.69
309663622,360,9,908,104173545,14456,2012-06-12,14,OZ,1,1.19
309669605,360,34,3411,103700030,13012,2012-10-17,23.6,OZ,2,15.98
309692040,360,33,3316,101356212,713,2012-11-17,9,OZ,3,15.87
309729500,360,58,5823,101590010,1366,2012-09-01,16,OZ,1,2.29
309794438,15,63,6320,102113020,10786,2012-08-26,12,CT,1,2.59
309794438,15,29,2928,101530010,58299,2013-01-14,2.2,OZ,1,1
309797901,4,45,4509,104132242,16106,2012-12-16,12,OZ,1,5.99
309829130,360,63,6305,104850040,18799,2012-06-03,59,OZ,1,3.29
309874876,360,33,3303,103304939,11221,2012-08-25,8.5,OZ,3,11.97
309874876,360,30,3007,107184070,11154,2013-06-10,11.5,OZ,1,3.99
309975691,360,55,5552,107756777,2347,2012-03-28,48,OZ,1,4.99
309975691,360,4,411,104173545,14456,2012-09-11,6.5,OZ,1,1
309975691,360,51,5125,101380010,10271,2013-01-11,9.63,OZ,1,2.89
309987774,360,9,901,104173545,14456,2012-10-15,11,OZ,1,3.99
309987774,360,9,901,104400040,8463,2013-01-08,10,OZ,1,2.99
309987774,360,36,3604,107153777,14200,2013-03-03,33.8,OZ,1,1
309996053,360,72,7205,103500030,3830,2012-08-14,5.5,OZ,1,4.99
309996053,360,26,2634,103600030,4139,2013-05-16,12,RL,1,8.99
309996709,360,55,5552,104173545,14456,2012-08-10,64,OZ,1,2.99
310000163,360,26,2617,101090010,15232,2012-03-17,1,CT,1,1.89
310000163,360,59,5906,104060040,26155,2012-10-27,15,OZ,1,2.99
310004285,360,58,5823,104173545,14456,2012-08-01,9,OZ,1,3
310004285,360,17,1719,101920010,10882,2012-11-16,10,OZ,1,3.99
310005804,360,27,2712,107185979,9517,2012-09-09,160,OZ,1,16.49
310005804,360,35,3506,105170050,6335,2012-12-30,75,OZ,1,4.99
310006228,360,55,5561,107332171,10815,2012-04-13,36,OZ,2,7.58
310006228,360,9,901,104173545,14456,2012-05-26,8.9,OZ,1,1
310006228,360,6,610,107084777,11910,2012-06-29,15.5,OZ,1,2.29
310006228,360,40,4004,104173545,14456,2012-12-22,8,OZ,1,2.49
310006228,360,26,2622,101258717,7245,2013-03-16,30,CT,1,3.99
310006228,360,56,5617,104173545,14456,2013-04-20,12,OZ,1,2.99
310015717,360,25,2509,104173545,14456,2012-03-14,64,OZ,1,4.59
310015717,360,9,908,104173545,14456,2013-01-22,15,OZ,1,4.99
310015717,360,7,707,102550020,6550,2013-03-04,27.8,OZ,1,11.99
310018492,360,99,9904,10505037252,3457,2012-04-07,1,CT,1,2.88
310018492,360,26,2633,103040030,683,2013-02-23,6,RL,1,7.99
310021047,360,49,4901,101312010,26885,2012-03-04,22,OZ,1,3
310033528,360,29,2925,101740010,3008,2012-06-25,32,OZ,2,5.58
310033528,360,26,2622,101090010,15232,2013-01-29,5,CT,1,2.99
310034400,360,9,920,104400040,15335,2012-10-04,11.04,OZ,1,2.99
310043165,360,73,7308,103660232,15274,2012-05-24,24,CT,2,3.98
310043165,360,51,5125,107265575,8089,2012-10-11,9.5,OZ,1,2.99
310056978,360,27,2705,1082927484,11516,2012-03-10,2.75,OZ,2,1.38
310065391,360,55,5552,104173545,20449,2012-06-23,64,OZ,1,2.99
310074373,360,31,3108,103680030,3679,2012-03-08,7.25,OZ,1,0.99
310074373,360,25,2509,104173545,14456,2012-07-05,64,OZ,1,4
310079085,360,21,2105,104900040,14357,2012-04-30,32,OZ,2,2.38
310088324,360,31,3110,107020070,11244,2012-03-14,3.5,OZ,1,2.99
310088324,360,63,6314,104410040,8481,2012-12-08,16,OZ,1,2.19
310089541,360,56,5610,104173545,14456,2012-12-02,8,OZ,1,3
310091326,360,25,2509,104173545,14456,2012-07-28,32,OZ,1,2.39
310091326,360,26,2633,105400050,16048,2012-11-07,12,RL,1,10.79
310091326,360,58,5823,104470040,13310,2013-01-24,16,OZ,2,7.98
310098382,360,23,2301,103340030,15474,2012-07-02,12,OZ,1,2.19
310098382,360,9,907,107133070,25887,2012-10-28,20,OZ,2,7.68
310098382,360,8,817,107079676,3198,2013-03-23,15,OZ,1,2.99
310099082,360,31,3108,102460020,11990,2012-03-19,16,OZ,2,1.98
310100103,360,81,8115,107033070,1783,2012-04-11,1,CT,1,4.99
310100441,360,26,2633,105400050,16048,2013-01-16,12,RL,1,10.99
310104737,360,30,3001,104800141,8178,2012-08-10,16.5,OZ,1,4.39
310104737,360,37,3705,104173545,14456,2012-09-15,18.8,OZ,1,1.99
310107890,360,9,907,107432373,1866,2012-05-27,20,OZ,1,1.99
310107890,360,9,904,104173545,14456,2012-09-23,5,OZ,1,1.59
310107890,360,5,519,104173545,14456,2013-01-06,12,OZ,1,2
310107890,360,8,818,107236878,4715,2013-02-04,10,OZ,1,5.79
310107890,360,41,4108,104119646,14582,2013-03-20,19,OZ,2,3.78
310107890,360,60,6011,101800010,14029,2013-04-17,16.3,OZ,1,2.29
310111192,360,57,5706,104173545,14456,2012-07-01,6,OZ,2,2
310113590,360,56,5611,104175747,10216,2012-08-20,6,OZ,2,8.38
310113590,360,27,2704,103810030,29945,2012-09-10,6,OZ,2,7.98
310116614,360,36,3632,107800070,17635,2012-11-19,144,OZ,1,5.79
310116614,360,33,3307,102900020,14112,2013-03-06,16,OZ,1,4.49
310116616,360,34,3405,101111111,5168,2012-10-25,24,OZ,5,42.45
310120544,360,9,916,103361737,19613,2012-08-28,4.9,OZ,2,6.38
310121565,360,15,1506,107102272,11145,2012-06-01,6,OZ,1,3.99
310121565,360,58,5812,101590010,1366,2012-12-18,16,OZ,1,1.29
310128565,360,5,516,1060265262,9673,2013-04-05,1.4,OZ,3,5.37
310129184,360,26,2632,1081452181,13481,2012-03-22,100,CT,1,4.19
310129184,360,59,5902,104173545,14456,2012-11-23,16,OZ,1,2.19
310129755,360,33,3305,102840020,5141,2012-08-15,3.38,OZ,1,1.49
310129755,360,33,3302,102389626,14268,2013-02-22,19.2,OZ,1,5.99
310129755,360,8,836,104173545,14456,2013-04-09,32,OZ,1,2.29
310134531,360,38,3801,103680030,3679,2012-07-06,4,LB,1,2.5
310134531,360,36,3635,107169878,225,2013-02-08,33.8,OZ,2,1.98
310144231,360,53,5305,104173545,14456,2012-04-10,10,OZ,2,2.38
310144231,360,27,2709,102310020,29292,2012-04-15,2.1,OZ,1,1.99
310144231,360,33,3314,103000030,14760,2012-09-19,6,OZ,1,3.59
310144231,360,36,3627,107800070,23362,2012-11-09,20,OZ,1,1.69
310145185,360,51,5119,102370020,78850,2012-04-12,25.5,OZ,2,17.98
310145303,360,56,5620,104173545,14456,2012-10-31,8,OZ,2,5.58
310145303,360,29,2908,104133141,7531,2013-01-17,16,OZ,1,1.39
310145678,360,97,9753,1089978383,0,2013-03-04,1,CT,1,4.99
310145678,360,35,3508,103700030,18371,2013-03-09,100,OZ,1,13.99
310146942,360,35,3509,1088596787,5428,2012-06-24,50,OZ,2,7.98
310146942,360,51,5129,101450010,20864,2012-11-25,21,OZ,1,5
310146942,360,40,4001,104300040,4371,2013-03-25,256,OZ,1,2
310147721,360,71,7113,107940070,17521,2012-10-06,12.6,OZ,4,9.96
310148157,360,9,907,107102575,102885,2012-06-11,16,OZ,1,4.19
310148157,360,5,519,103000030,14760,2012-06-12,2.57,OZ,1,1.79
310148157,360,62,6201,107349171,9883,2012-06-18,22,OZ,1,3.99
310148157,360,9,902,101410010,45039,2013-04-08,6.6,OZ,1,2.49
310150668,360,9,908,107203070,5812,2013-02-07,15,OZ,1,5.29
310152126,360,49,4901,104173545,14456,2013-01-13,32,OZ,2,4.58
310152539,360,73,7307,103680030,18533,2012-11-17,48,CT,1,4
310152539,360,56,5607,102100020,13967,2012-11-19,8,OZ,1,2.29
310152539,360,56,5609,104173545,14456,2013-01-21,24,OZ,1,3.19
310152539,360,63,6316,104173545,14456,2013-03-25,16,OZ,1,1.69
310153860,360,27,2707,101901414,8664,2012-09-09,6.8,LB,1,13.99
310154375,360,96,9609,1054800151,88199,2012-04-21,0,,1,-1
310154375,360,33,3303,108411484,9596,2012-05-03,8.5,OZ,1,3.69
310157725,360,73,7302,1030004535,12020,2012-03-24,40,CT,1,8.99
310158503,360,35,3508,103700030,18371,2012-06-08,100,OZ,1,14.99
310160775,360,9,907,104173545,14456,2012-04-05,16,OZ,2,5.49
310160775,360,5,516,101600010,6283,2012-08-09,7,OZ,1,3.99
310160775,360,29,2904,101600010,7860,2012-10-13,6.2,OZ,1,2.49
310161502,360,19,1908,105150050,9189,2012-03-24,18,OZ,1,3.79
310161502,360,18,1854,104159848,19708,2012-05-10,3,CT,1,2.99
310161502,360,5,501,103800030,14900,2013-03-29,18.2,OZ,1,3.89
310169474,360,5,516,101600010,12426,2013-01-27,7.4,OZ,1,3.79
310170728,360,19,1908,104800141,16564,2012-11-09,16.3,OZ,2,7.18
310170728,360,36,3601,104900040,3809,2013-01-11,144,OZ,1,5.99
310172487,360,73,7344,101650010,25043,2012-12-19,36,CT,1,5.99
310174893,360,35,3509,109451494,20153,2012-05-03,75,OZ,1,3.69
310174941,360,99,9904,1071575676,5278,2012-07-07,6,OZ,1,2.99
310174941,360,59,5910,103377636,16650,2013-02-22,15,OZ,1,3.79
310182917,360,26,2619,104173545,14456,2012-03-07,80,CT,1,7.49
310184738,360,63,6320,1071514171,25530,2012-05-11,18,CT,1,4.99
310184738,360,8,836,104173545,14456,2013-01-21,128,OZ,1,3.19
310184826,360,56,5615,107357070,8185,2012-06-30,8,OZ,1,2.99
310184826,360,56,5615,104173545,14456,2012-08-03,8,OZ,1,3.59
310188320,360,23,2301,107236878,4715,2012-03-18,16,OZ,1,2.79
310188320,360,33,3305,102840020,18584,2012-09-16,9,OZ,1,3.99
310188677,360,56,5620,104173545,14456,2013-02-06,16,OZ,1,4.59
310190885,360,18,1842,107179878,14807,2012-10-19,1,CT,1,2.49
310195251,360,99,9904,103338333,33170,2012-05-24,16,OZ,1,3.99
310195251,360,45,4509,1074025070,54758,2012-09-06,32,OZ,1,3.99
310195251,360,8,821,103680030,6866,2012-11-01,10,OZ,1,3
310196059,360,41,4107,104173545,14456,2012-04-04,15.25,OZ,2,1.18
310196059,360,21,2111,103120030,12957,2012-10-31,64,OZ,5,18.95
310196789,360,5,501,101600010,3331,2012-04-27,16.2,OZ,1,4.99
310196789,360,33,3315,101030010,5740,2013-03-12,7.5,OZ,1,3.79
310198990,360,5,501,1088397888,11881,2012-05-07,16.5,OZ,1,2.79
310198990,360,59,5902,104173545,14456,2013-02-11,16,OZ,1,3.99
310198990,360,9,902,104400040,18775,2013-03-25,9,OZ,2,7.58
310199324,360,58,5827,107091979,7981,2012-03-25,12,OZ,4,21.16
310199324,360,9,904,109830494,3318,2012-09-01,5,OZ,1,1.69
310199384,360,97,9753,10000,0,2012-04-03,1,CT,1,1.5
310199384,360,26,2633,105400050,16048,2012-04-15,12,RL,1,11.29
310199384,360,29,2914,102100020,9886,2012-08-19,1.9,OZ,2,2.58
310199384,360,72,7209,1065108060,14091,2012-12-05,75,CT,1,2.99
310199384,360,56,5614,104610040,15889,2013-02-17,12,OZ,1,4.79
310199384,360,99,9904,1081204989,27736,2013-06-02,16,OZ,1,2.99
310199384,360,36,3604,107800070,16023,2013-06-06,20,OZ,1,1.89
310201240,360,9,902,104400040,19783,2012-12-04,9,OZ,1,3.29
310201240,360,41,4121,107294070,15064,2013-02-21,29,OZ,2,3.98
310201799,360,9,907,107133070,25887,2012-07-23,20,OZ,4,14.76
310201799,360,56,5617,102100020,9886,2012-12-14,16,OZ,1,5.99
310202603,360,53,5305,102000020,7655,2012-08-24,8,OZ,1,2.19
310203052,360,36,3618,101200010,23361,2012-04-29,288,OZ,2,17.98
310203052,360,8,803,104173545,20449,2012-11-03,16,OZ,1,2.19
310203052,360,41,4105,102400020,4704,2012-12-30,14.5,OZ,1,1.19
310203052,360,99,9908,1060580666,7655,2013-04-04,4,OZ,1,1.99
310203894,360,54,5403,101800010,14029,2012-08-25,8,OZ,2,5.98
310205057,360,51,5126,102113121,11151,2012-06-26,9.5,OZ,1,3.49
310205057,360,51,5125,102580020,16668,2012-11-30,9.5,OZ,3,9.67
310205567,360,38,3801,104920040,5098,2012-07-22,4,LB,1,4.19
310205567,360,34,3403,101700010,4912,2012-10-04,6.4,OZ,1,1
310205567,360,26,2628,104173545,14456,2012-10-30,3,RL,1,3
310205567,360,9,915,107312474,18613,2013-04-20,12,OZ,1,1.49
310205946,360,99,9908,1060580666,7655,2012-03-30,10,OZ,1,1.99
310206295,360,9,907,107340272,4176,2012-03-14,16,OZ,1,4.39
310206295,360,45,4509,107539171,16072,2012-11-29,16,OZ,1,7.99
310208174,360,58,5827,104470040,13310,2013-04-06,16,OZ,1,6.99
310208839,360,63,6399,1073286979,29065,2012-06-25,7,OZ,1,4.99
310210174,360,56,5610,107580575,17344,2012-11-25,5,OZ,2,5.98
310210174,360,18,1841,103700030,17864,2012-12-19,28,CT,2,13.9
310210174,360,8,826,104150040,6667,2012-12-23,12,OZ,3,9.97
310212879,360,99,9908,105783656,17665,2012-07-03,16,OZ,1,4.99
310214547,360,57,5707,107047070,20230,2012-07-09,36,OZ,1,5.49
310214547,360,16,1604,101254616,18738,2012-08-31,54,CT,1,3.39
310214857,360,56,5613,103114232,25202,2013-01-05,16,OZ,1,7.99
310214857,360,9,908,104173545,14456,2013-03-15,20,OZ,1,2.29
310215374,360,36,3612,104173545,14456,2013-02-26,384,OZ,1,2.89
310217554,360,29,2927,107225171,12502,2012-05-21,6.3,OZ,1,1.5
310217554,360,37,3709,104178949,11224,2013-01-06,18,OZ,1,1.5
310218774,360,43,4302,107027272,15085,2012-11-17,6.5,OZ,1,2.99
310220784,360,37,3709,104178949,11224,2012-08-03,18,OZ,1,1.5
310220784,360,9,907,107432373,1866,2012-10-10,20,OZ,1,1.99
310220784,360,41,4106,103680030,3679,2012-10-11,6.5,OZ,4,3.16
310220784,360,8,807,104173545,14456,2012-10-18,18,OZ,1,1.5
310220784,360,56,5614,107104070,76668,2012-11-26,12,OZ,2,9.98
310220784,360,58,5814,104470040,10837,2013-01-20,4.2,OZ,1,2.29
310220784,360,21,2112,107468272,27266,2013-02-25,32,OZ,1,7.99
310220933,360,56,5616,104173545,14456,2012-07-03,10,OZ,1,3.89
310220990,360,58,5832,102265525,2626,2012-12-01,6,OZ,1,3.19
310221170,360,57,5705,103663232,4568,2012-05-23,16,OZ,1,2.79
310222370,360,96,9609,1053700050,88199,2012-04-17,0,,2,-1.4
310222370,360,21,2105,105200050,7054,2013-02-07,32,OZ,4,6.36
310223380,360,59,5902,103450030,10165,2012-04-04,16,OZ,2,9.58
310223380,360,23,2301,107680878,1393,2013-03-14,16,OZ,4,6.36
310223481,360,23,2301,107680878,1393,2013-02-17,16,OZ,2,3.38
310223481,360,21,2119,101200010,10522,2013-04-28,202.8,OZ,2,11.98
310223481,360,56,5614,104171646,6769,2013-06-21,10,OZ,2,9.98
310226637,360,26,2628,104200040,2308,2012-06-14,6,RL,1,9.49
310226637,360,63,6315,104173545,14456,2012-07-23,64,OZ,1,1.58
310226688,360,9,902,103680030,3679,2012-10-13,12,OZ,1,1.5
310226688,360,9,902,103680030,3679,2013-01-29,12,OZ,1,1.59
310226825,360,99,9904,103338333,33170,2012-05-12,6,OZ,1,2.99
310227411,360,55,5552,107756777,2347,2012-03-29,48,OZ,1,5.49
310228031,360,9,901,104173545,14456,2013-02-13,8.9,OZ,1,1
310228683,360,3,302,1074759979,7168,2012-11-19,12,OZ,1,3.89
310228916,360,73,7360,104173545,14456,2012-06-02,100,CT,1,4.99
310228916,360,56,5610,104173545,20449,2012-12-23,8,OZ,1,3
310233248,360,49,4901,101312010,26885,2012-12-30,20,OZ,2,6
310234318,360,74,7405,104740040,7196,2012-03-17,4,CT,1,14.99
310234318,360,30,3001,104800141,8178,2012-06-29,30,OZ,1,3.99
310234318,360,26,2609,103680030,3679,2012-12-17,40,CT,1,1.79
310234318,360,56,5616,102100020,9886,2012-12-17,7.5,OZ,1,3.79
310234318,360,71,7113,1030815131,3609,2013-01-13,10.1,OZ,2,5.98
310234318,360,16,1604,102200020,6021,2013-02-18,15,CT,1,1.49
310234318,360,56,5620,104173545,14456,2013-03-05,8,OZ,1,2.69
310236209,360,21,2106,103680030,3679,2013-02-23,96,OZ,1,2.49
310238295,360,33,3325,104126242,19971,2012-04-09,18,OZ,1,7.99
310238354,360,95,9518,106700868,25075,2012-05-19,1,CT,1,2.99
310238791,360,63,6315,104173545,14456,2012-06-16,64,OZ,1,2.35
310238791,360,26,2620,104173545,14456,2013-01-07,54,CT,2,4.38
310238791,360,5,501,101600010,3789,2013-03-02,11.8,OZ,3,9.87
310238994,360,99,9904,10505037252,3457,2012-05-08,1,CT,1,2.99
310238994,360,29,2925,101740010,3008,2012-11-01,32,OZ,1,2.49
310239998,360,56,5607,102100020,13967,2012-12-17,8,OZ,2,4.58
310240632,360,31,3108,102460020,11990,2013-02-08,26,OZ,2,2.58
310240632,360,96,9609,1054400050,88199,2013-02-08,0,,1,-1
310240632,360,96,9609,1053600050,88199,2013-05-17,0,,1,-1
310240632,360,63,6320,104173545,14456,2013-05-17,12,CT,1,1.99
310241291,360,92,9208,104319444,16067,2012-05-30,4,CT,1,3.49
310241291,360,33,3303,102840020,10241,2012-06-25,8.5,OZ,1,3.49
310241291,360,99,9904,103338333,33170,2013-05-02,16,OZ,1,2.99
310242554,360,36,3635,107153777,14200,2012-05-27,33.8,OZ,4,4
310242554,360,23,2310,103591636,27006,2012-06-03,16,OZ,1,1.79
310242554,360,63,6315,104173545,14456,2012-10-27,64,OZ,1,1.81
310247237,360,8,816,104750242,15436,2013-01-17,14,OZ,1,2.99
310248245,360,63,6317,104157040,2017,2012-07-20,64,OZ,2,7.58
310248245,360,33,3303,104173545,14456,2013-02-23,10,OZ,2,5
310250373,360,21,2119,101200010,10522,2012-12-23,18.5,OZ,0,0
310250373,360,9,907,107153575,10363,2013-02-14,16,OZ,1,3.79
310252909,360,56,5614,102100020,4218,2012-04-10,8,OZ,1,4.69
310253747,360,99,9909,104173545,14456,2013-02-10,5,OZ,2,5
310253779,360,41,4108,104133141,7531,2012-12-26,15.5,OZ,1,0.99
310255114,360,63,6315,104173545,14456,2012-09-08,128,OZ,2,6
310258071,360,9,920,107978373,1081,2012-07-14,7.4,OZ,1,1
310258071,360,57,5706,104173545,14456,2012-08-04,6,OZ,1,0.95
310258379,360,4,418,104000040,26517,2012-06-02,42,OZ,1,8.49
310258379,360,35,3507,1075703777,13386,2012-12-07,13,OZ,1,7.99
310258467,360,26,2633,104173545,14456,2012-06-28,1,RL,4,3.56
310259272,360,23,2301,107680878,1393,2013-05-12,12,OZ,1,1.69
310259682,360,41,4105,107294070,18909,2012-03-08,28,OZ,2,3.78
310259682,360,8,836,104173545,14456,2012-06-20,32,OZ,1,1.99
310259843,360,29,2907,104600040,13023,2012-07-16,8.8,OZ,1,3.59
310259843,360,25,2509,109396696,13264,2012-08-22,16,OZ,1,2.49
310259851,360,3,303,105210050,2732,2012-03-14,2.25,OZ,1,2.49
310259851,360,99,9908,101228919,53151,2012-06-10,8,OZ,1,1.25
310259911,360,55,5567,107585676,9798,2012-04-05,24,OZ,1,3.99
310259911,360,9,907,1018379111,19704,2012-06-30,16,OZ,1,4.39
310260236,360,9,918,107351070,17346,2013-01-18,12,OZ,1,3.69
310261567,360,36,3618,104900040,23359,2012-07-08,67.6,OZ,1,1.99
310261567,360,53,5307,101450010,20864,2013-04-14,12,OZ,3,7.77
310261567,360,33,3318,107797575,27417,2013-04-14,12,OZ,1,3.69
310262371,360,19,1908,105150050,16728,2012-06-18,16,OZ,1,3.19
310263605,360,33,3305,107797575,7566,2012-03-05,10,OZ,1,2.99
310263605,360,96,9609,1053500050,88199,2012-08-13,0,,2,-2
310263605,360,37,3707,107270070,11079,2012-12-03,32,OZ,0,0
310263605,360,37,3709,104178949,11224,2012-12-17,3,OZ,4,1
310263674,360,43,4302,104173545,14456,2012-06-07,16,OZ,1,2.69
310263674,360,36,3635,107169878,225,2012-08-30,33.8,OZ,2,1.78
310263674,360,96,9609,1053010050,88199,2012-10-05,0,,1,-1
310263674,360,9,901,104400040,8463,2013-01-17,10,OZ,1,2.99
310263674,360,9,907,104173545,14456,2013-03-07,16,OZ,1,2.39
310264038,360,96,9609,1057261353,88199,2012-12-21,0,,1,-1
310265599,360,5,501,103800030,17050,2012-04-07,11.4,OZ,1,3.99
310265599,360,51,5128,101450010,20864,2013-02-17,10,OZ,1,2.49
310266817,360,7,709,104300040,11339,2013-01-13,2.22,OZ,1,8.99
310267441,360,99,9908,105783656,17665,2013-03-12,17.6,OZ,1,4.49
310267441,360,36,3618,104900040,23359,2013-04-20,240,OZ,1,7.99
310267681,360,99,9909,104173545,14456,2012-03-08,5,OZ,1,2.99
310267681,360,99,9908,1071631070,15859,2012-04-20,16,OZ,1,2.99
310267888,360,56,5610,102100020,9886,2012-05-26,8,OZ,1,3.99
310267888,360,30,3010,107468373,56499,2012-08-18,8,OZ,1,3.29
310269276,360,64,6401,107289070,8159,2013-01-05,216,OZ,1,18.99
310270574,360,30,3002,104800141,8178,2012-08-25,30,OZ,1,3.99
310270574,360,9,908,104173545,14456,2013-01-11,7,OZ,1,2.79
310277066,360,5,501,101600010,3331,2012-09-29,14,OZ,4,15.96
310277584,360,45,4508,104440040,7504,2012-03-09,17.2,OZ,2,16.98
310277584,360,41,4107,104173545,14456,2012-06-27,14.5,OZ,2,1.5
310277584,360,57,5705,107047070,20230,2012-10-10,16,OZ,1,2.99
310277584,360,27,2704,107910070,30096,2013-06-20,24,OZ,1,4.19
310278760,360,8,818,104173545,20449,2012-07-21,12,OZ,1,2.99
310279397,360,8,830,104123444,11382,2012-08-01,8,OZ,1,2.99
310279397,360,41,4107,104173545,20449,2012-11-14,6.49,OZ,1,1.79
310280208,360,18,1837,104650040,14869,2012-08-22,8,CT,1,4.99
310280352,360,26,2626,103680030,3679,2012-07-20,1,CT,1,2.19
310281703,360,73,7304,103680030,18533,2012-12-11,8,OZ,1,6
310281790,360,36,3629,107800070,17587,2012-03-08,144,OZ,2,11.38
310281790,360,58,5824,107778272,9260,2013-01-13,19,OZ,1,5.49
310282830,360,99,9904,10505037252,3457,2012-07-20,1,CT,1,3.99
310283000,360,5,502,101600010,1756,2012-11-11,8,OZ,4,15.96
310285830,360,96,9609,10994157090,88199,2012-04-15,0,,1,-0.55
310285830,360,57,5704,107047070,20230,2012-06-03,6,OZ,1,0.75
310286260,360,21,2114,101660010,15505,2012-12-15,12,OZ,1,4.49
310286609,360,12,1205,104173545,14456,2012-05-08,20,OZ,1,2.99
310286609,360,27,2705,102310020,19792,2012-09-29,3.5,OZ,2,1.38
310286609,360,29,2914,102100020,19279,2012-11-23,10,OZ,1,2.79
310286609,360,63,6313,107020070,11244,2013-03-25,15,OZ,1,3.99
310286609,360,59,5906,104173545,14456,2013-04-15,45,OZ,1,2.59
310286943,360,51,5116,107192171,25673,2012-03-29,28.3,OZ,1,6.49
310286943,360,16,1604,102200020,20100,2012-09-06,45,CT,1,3.49
310287477,360,7,706,104127141,26189,2012-11-18,64,OZ,1,3.99
310288416,360,36,3630,107800070,23561,2012-07-03,20,OZ,1,1.69
310288416,360,63,6325,103760030,63690,2013-02-26,21,OZ,1,4.99
310291695,360,51,5116,107218070,6718,2012-10-26,30.88,OZ,1,7.69
310292678,360,10,1011,102400020,4704,2013-02-12,6.5,OZ,2,3
310292678,360,23,2301,104173545,14456,2013-02-12,16,OZ,1,2
310293113,360,97,9753,1022601222,0,2012-04-16,1,CT,1,5.29
310293113,360,58,5824,107778272,9260,2012-08-27,13.5,OZ,2,7.98
310293113,360,96,9632,107675070,25169,2013-02-18,1,CT,1,25
310293478,360,63,6315,104173545,14456,2012-03-03,64,OZ,1,1.76
310293499,360,96,9609,1057261353,88199,2012-03-05,0,,1,-1
310293499,360,21,2105,105200050,7054,2012-03-24,64,OZ,1,2.29
310293499,360,1,106,105220050,1569,2012-07-08,4,OZ,4,2.68
310293545,360,41,4110,103940030,71386,2013-05-06,16,OZ,1,1.99
310295885,360,42,4230,103534232,25206,2012-07-02,3.5,OZ,1,2.5
310296411,360,29,2928,105480050,19039,2012-09-23,6,OZ,1,2.39
310297660,360,10,1010,103400030,8247,2012-05-29,24,OZ,1,2.99
310297660,360,41,4107,104173545,14456,2013-04-10,14,OZ,1,1.09
310298421,360,9,908,107203070,5812,2012-08-22,15,OZ,1,6.49
310299107,360,51,5125,101380010,10271,2013-01-05,9.88,OZ,1,2.89
310300027,360,72,7208,1030004131,26880,2012-11-18,1,CT,1,2.99
310301389,360,26,2630,104173545,14456,2012-11-01,1050,CT,1,5
310301649,360,14,1415,104173545,14456,2012-03-03,15,OZ,1,1.39
310301649,360,58,5823,102781525,8100,2012-10-13,7,OZ,2,5.98
310301649,360,12,1206,104173545,14456,2013-02-13,5,OZ,1,1.39
310302265,360,26,2622,104173545,14456,2012-05-11,30,CT,1,3
310302265,360,9,907,107341070,2437,2012-07-30,24,OZ,2,8.98
310303027,360,8,803,104173545,14456,2013-04-22,12,OZ,1,2.19
310304424,360,99,9908,103260131,5489,2013-01-03,16,OZ,1,1.79
310304424,360,8,811,102066222,12598,2013-01-31,23.5,OZ,1,3.29
310304424,360,10,1013,103890030,5072,2013-03-22,16,OZ,2,5.18
310304424,360,63,6315,103377636,16650,2013-03-25,64,OZ,1,3.49
310304819,360,33,3311,102840020,27521,2012-04-21,10.5,OZ,1,3.99
310305578,360,23,2301,107130070,15474,2012-04-01,8,OZ,3,8.37
310305578,360,63,6305,102500020,16489,2012-08-12,59,OZ,1,3.79
310307085,360,9,907,107133070,25887,2012-05-27,24,OZ,1,3.99
310307085,360,26,2622,102570020,20361,2012-06-17,32,CT,1,4.79
310307085,360,26,2630,103700030,14647,2012-07-06,224,CT,1,5.79
310307085,360,56,5607,102100020,13967,2012-12-22,8,OZ,2,4.58
310307367,360,37,3706,104119646,14582,2013-01-10,19,OZ,3,6.57
310307755,360,56,5620,102100020,13967,2012-12-20,8,OZ,1,3.99
310307755,360,9,913,104812141,18322,2013-01-06,12,OZ,1,4.19
310309296,360,9,908,107203070,5812,2012-08-09,14,OZ,1,3.99
310309296,360,4,418,103400030,20231,2012-12-27,12,OZ,1,4.29
310311437,360,18,1802,104316848,25919,2013-07-02,4,CT,1,3.29
310311474,360,9,908,107203070,5812,2012-12-15,17,OZ,1,6.69
310311581,360,26,2629,104303242,11116,2012-04-18,250,CT,1,3.29
310311581,360,36,3611,104173545,14456,2012-06-10,405.6,OZ,1,3.99
310311581,360,21,2119,105360050,17209,2012-11-12,60,OZ,1,2.5
310311581,360,58,5824,104173545,14456,2013-01-17,22,OZ,1,3.99
310312148,360,63,6320,104173545,14456,2012-11-15,12,CT,2,3.98
310312148,360,58,5815,104750040,2359,2013-02-12,6,OZ,1,3.79
310312430,360,63,6330,104173545,14456,2012-05-04,16,OZ,1,3.29
310312430,360,56,5620,104173545,14456,2013-02-03,8,OZ,1,2.99
310312648,360,26,2622,104173545,14456,2012-06-02,30,CT,1,3
310312648,360,2,214,105150050,8604,2013-06-04,32,OZ,1,2.79
310312819,360,33,3312,103700030,14494,2013-01-07,6.38,OZ,1,1.69
310313910,360,9,907,101410010,13791,2012-09-16,16,OZ,1,3.99
310313910,360,27,2706,105000050,6132,2012-10-24,2,OZ,8,12
310314918,360,3,310,107045070,4913,2012-10-14,8,OZ,1,6.49
310314979,360,41,4105,102400020,4704,2012-03-25,14.5,OZ,1,1.29
310314979,360,99,9908,1071631070,15859,2012-04-23,16,OZ,1,2.99
310314979,360,4,416,103400030,8247,2012-09-03,3.6,OZ,1,1.69
310314979,360,37,3706,104119646,14582,2012-10-27,19,OZ,1,1.99
310315568,360,4,418,103400030,45489,2013-03-11,11,OZ,1,4.99
310315630,360,56,5615,104173545,14456,2012-07-27,8,OZ,1,2.89
310317826,360,5,501,103800030,14900,2012-03-29,18.2,OZ,3,12.87
310318070,360,99,9908,103338333,33170,2012-06-02,16,OZ,1,1
310318070,360,41,4107,104173545,14456,2012-08-16,27,OZ,1,1.79
310318453,360,25,2506,105000050,32115,2012-12-11,32,OZ,1,3.79
310318453,360,9,913,104812141,18322,2012-12-15,12,OZ,1,4.19
310318508,360,17,1726,105114151,16044,2012-05-24,35,CT,1,3.29
310318898,360,59,5907,104173545,14456,2012-05-07,16,OZ,1,2.5
310320906,360,29,2923,104100040,9814,2013-02-24,4.9,OZ,1,1.69
310323132,360,51,5125,102580020,16668,2012-12-06,10,OZ,1,3.29
310323366,360,63,6332,104850040,61745,2012-03-03,59,OZ,1,3.69
310323366,360,4,416,103400030,8247,2013-01-29,1.55,OZ,1,0.99
310323567,360,28,2804,10930090,12157,2012-04-14,12,OZ,1,2.59
310324905,360,23,2301,104173545,14456,2013-03-03,16,OZ,1,1
310325975,360,26,2629,107331070,11125,2012-04-11,250,CT,1,3.49
310327332,360,26,2630,103600030,9787,2013-03-18,75,CT,1,2.29
310327392,360,55,5559,107756777,14286,2012-06-07,33,OZ,1,4.79
310327392,360,57,5704,103663232,4568,2012-10-08,16,OZ,4,11.96
