310506733,360,8,810,105210050,11382,2012-09-22,0.71,OZ,1,1.49
310506733,360,26,2628,104173545,14456,2013-06-02,1,RL,4,6
310507200,360,18,1850,105114151,16044,2012-03-18,4,CT,1,2.49
310507200,360,5,501,1088491282,16363,2012-06-02,18,OZ,1,3.49
310507200,360,53,5305,102000020,7655,2012-06-12,7.5,OZ,2,4.38
310507900,360,33,3303,104173545,14456,2012-07-08,10,OZ,1,2.5
310507900,360,5,501,101600010,15114,2012-07-09,13,OZ,2,7.98
310508106,360,41,4110,103940030,71386,2012-04-10,22,OZ,2,5.18
310508888,360,64,6401,108769282,15787,2013-05-23,144,OZ,1,14.99
310510526,360,21,2112,104173545,14456,2012-06-23,64,OZ,1,2.99
310510526,360,21,2105,105200050,7054,2012-08-04,160,OZ,1,7.49
310510526,360,14,1417,104173545,14456,2012-10-10,9,OZ,1,2.99
310510526,360,9,901,104173545,14456,2012-12-19,8.9,OZ,2,2
310510526,360,43,4302,104173545,14456,2012-12-21,8,OZ,2,2.98
310510690,360,71,7113,108087888,13505,2012-09-07,25.4,OZ,1,7.59
310511211,360,64,6409,108130888,25521,2013-03-08,0.75,LT,1,8.99
310511217,360,19,1905,105150050,16728,2012-03-31,18,OZ,2,7.78
310511217,360,27,2718,107309171,16206,2012-09-04,1,CT,1,4.99
310511217,360,35,3509,1088596787,5428,2013-01-05,50,OZ,1,3.99
310511557,360,56,5613,103114232,25202,2012-04-18,8,OZ,2,6
310511615,360,4,418,103400030,45489,2012-06-30,12,OZ,1,3.79
310511615,360,27,2705,105000050,6775,2012-10-08,176,OZ,1,16.99
310511615,360,24,2403,103760030,8501,2012-12-19,5,OZ,4,7.96
310512236,360,9,913,104812141,18322,2013-01-10,12,OZ,2,8.38
310512409,360,99,9908,1073639373,7308,2012-07-30,16,OZ,1,2.99
310513809,360,0,0,10000,20405,2013-02-20,0,,1,-0.75
310514592,360,99,9908,1075166676,52506,2012-03-09,10.5,OZ,1,2.99
310515564,360,46,4606,104133141,7531,2012-03-24,14,OZ,1,1.99
310515564,360,5,501,101600010,3331,2013-03-10,13.1,OZ,1,3.99
310517068,360,33,3308,102840020,3336,2012-04-14,9.75,OZ,1,3.49
310517867,360,36,3611,107572070,14196,2012-11-14,405.6,OZ,1,4.99
310517867,360,5,502,101600010,12021,2013-02-02,19.2,OZ,1,4.99
310518563,360,9,907,104173545,14456,2012-09-18,20,OZ,1,2
310518563,360,35,3508,107261373,17063,2012-09-27,50,OZ,1,6.99
310519173,360,96,9609,1057033050,88199,2012-12-01,0,,1,-1
310520009,360,41,4121,102700020,8612,2012-10-01,8,OZ,2,1.78
310520070,360,99,9909,107143070,5072,2012-08-25,9,OZ,4,6
310520126,360,33,3307,102840020,12186,2012-06-19,1.63,OZ,2,1
310520133,360,27,2706,105000050,6132,2013-03-16,36,OZ,1,10.29
310520509,360,96,9609,1050308454,88199,2012-07-05,0,,1,-1
310520822,360,31,3101,104133141,7531,2013-02-21,4.5,OZ,1,2.19
310521079,360,9,907,107133070,25887,2012-03-19,20,OZ,3,11.97
310521079,360,51,5130,101380010,27474,2012-03-31,10.25,OZ,2,6.38
310521608,360,58,5831,107274575,13804,2013-04-15,16,OZ,2,7.98
310521660,360,36,3630,107800070,23561,2012-03-08,20,OZ,1,1.89
310521660,360,96,9609,1050930050,88199,2012-08-03,0,,1,-1
310521660,360,29,2903,106414464,3342,2012-12-28,15,OZ,3,3
310521823,360,56,5613,103114232,25202,2013-03-21,8,OZ,2,9.58
310523589,360,5,501,101600010,3331,2012-09-15,12.25,OZ,1,3.79
310523589,360,33,3310,101600010,7655,2013-05-11,5,OZ,2,5.98
310523589,360,5,517,103800030,17050,2013-05-11,4.4,OZ,2,6.98
310523589,360,26,2634,103700030,3293,2013-06-08,6,RL,1,9.79
310523742,360,58,5834,103760030,8501,2012-05-04,15,OZ,1,6.99
310524489,360,33,3315,1079042979,22943,2013-02-05,10,OZ,1,3.99
310524512,360,29,2914,102100020,9886,2012-04-29,5.5,OZ,2,3.58
310524512,360,9,906,104173545,14456,2012-08-12,6,OZ,1,2.29
310524553,360,58,5828,103077131,343,2012-07-14,8,OZ,1,4.99
310524760,360,9,912,104812141,18322,2012-12-24,20,OZ,2,9.38
310526048,360,59,5906,104060040,26155,2012-12-08,15,OZ,1,3.19
310527155,360,2,214,104173545,20449,2012-07-12,28,OZ,1,2.99
310527532,360,57,5705,103663232,4568,2012-04-19,24,OZ,2,5.38
310527532,360,96,9609,1052840050,88199,2012-05-05,0,,1,-1
310527771,360,97,9753,1020102222,0,2013-01-25,1,CT,1,5.45
310529784,360,54,5401,108994787,19234,2013-01-31,8,OZ,1,2.99
310529784,360,25,2509,107545777,7025,2013-04-04,16,OZ,2,4.38
310529942,360,45,4511,107274575,13804,2012-10-21,26,OZ,1,9.99
310529942,360,73,7302,1030004535,18961,2012-12-09,100,CT,1,7.99
310529942,360,7,708,1076211171,17286,2012-12-24,12,OZ,1,9.49
310529994,360,59,5907,102740020,16291,2012-10-15,15,OZ,1,2.99
310529994,360,18,1898,103980030,5962,2013-02-18,2,CT,2,6.38
310530210,360,9,902,104400040,18775,2012-08-06,9,OZ,1,3.29
310530239,360,9,907,104173545,14456,2012-10-11,16,OZ,1,3.99
310530498,360,32,3203,106414464,13474,2013-03-03,6,OZ,1,3
310530806,360,58,5823,102531727,763,2012-06-25,7,OZ,2,9.98
310530806,360,11,1110,108201181,12197,2012-08-22,6,OZ,2,6.98
310531016,360,63,6330,104173545,14456,2013-03-19,8,OZ,1,1.99
310531396,360,30,3001,104800141,8178,2012-06-01,30,OZ,1,3.99
310532046,360,58,5812,102445222,54776,2012-06-13,40,OZ,1,13.99
310532046,360,27,2704,107910070,27108,2013-01-03,25,OZ,1,12.49
310533196,360,4,412,101900010,10421,2012-03-14,13,OZ,1,3.39
310533196,360,33,3314,103000030,14760,2012-06-30,3.52,OZ,1,2.49
310533196,360,9,907,107133070,25887,2012-08-23,24,OZ,1,3.99
310533196,360,25,2506,104127141,26189,2013-01-20,32,OZ,1,3.99
310533816,360,96,9632,107675070,17286,2012-06-30,1,CT,1,25
310534885,360,41,4107,104173545,14456,2012-03-17,14.5,OZ,1,0.69
310536123,360,7,707,104173545,14456,2012-08-26,11,OZ,2,10
310536123,360,63,6321,104411545,3167,2013-01-26,8,OZ,2,5.98
310536954,360,51,5126,101380010,27474,2013-02-07,11,OZ,1,3.49
310536954,360,45,4509,104132242,16106,2013-02-16,12,OZ,1,7.99
310537008,360,27,2712,1078436979,33457,2012-07-04,1,CT,1,4.99
310537008,360,56,5617,104173545,14456,2012-11-12,16,OZ,2,9.58
310537096,360,37,3703,105100050,2820,2012-10-28,10.75,OZ,1,0.89
310537096,360,11,1111,103800030,17050,2013-02-17,9.5,OZ,1,6.79
310539100,360,45,4516,107350474,11059,2012-04-05,12,OZ,1,5.49
310539100,360,37,3705,105100050,2820,2012-08-13,18.8,OZ,1,2.29
310539100,360,53,5307,104173545,14456,2013-04-08,32,OZ,1,2.49
310539159,360,56,5615,104173545,14456,2012-04-20,8,OZ,3,8.67
310539274,360,25,2509,104173545,14456,2012-08-06,32,OZ,1,2.49
310539274,360,45,4508,104440040,7504,2013-01-07,17.2,OZ,2,17.18
310539654,360,63,6315,103377636,16650,2012-11-25,64,OZ,1,3.79
310539686,360,56,5620,104173545,14456,2012-05-02,8,OZ,1,3.49
310539686,360,56,5620,104173545,14456,2012-07-23,16,OZ,1,4.99
310539686,360,9,902,102840020,17248,2012-09-07,8,OZ,1,3.79
310542124,360,9,907,104173545,14456,2012-04-07,16,OZ,2,4.99
310542124,360,9,920,104173545,14456,2013-01-05,7.5,OZ,1,2
310542732,360,4,418,104000040,11698,2012-10-07,11.24,OZ,2,6.98
310543151,360,55,5552,102983929,6763,2012-07-28,48,OZ,1,3.49
310543619,360,9,901,103010030,3454,2012-04-23,14.2,OZ,1,3.69
310543619,360,55,5564,104173545,14456,2012-07-27,80,OZ,1,19.99
310543855,360,21,2117,108768484,2903,2012-10-26,60,OZ,1,3.79
310543855,360,55,5567,104154848,5603,2012-12-21,5.8,OZ,3,4.17
310544239,360,55,5552,107756777,2347,2013-02-24,48,OZ,2,10.98
310545910,360,45,4509,104162545,26573,2012-09-15,6,OZ,3,29.97
310546885,360,4,418,103400030,16463,2012-08-24,5.6,OZ,3,11.97
310547742,360,21,2106,104173545,14456,2012-07-21,64,OZ,1,1.59
310547760,360,58,5830,104420040,4015,2012-07-25,16,OZ,1,3.99
310550198,360,26,2609,104200040,5016,2012-04-14,35,CT,1,2.99
310550714,360,23,2301,104173545,14456,2012-12-30,16,OZ,8,8
310550841,360,8,838,102700020,11091,2013-01-30,15,OZ,2,3
310553510,360,56,5613,103114232,25202,2012-05-16,8,OZ,2,6
310553510,360,63,6312,102500020,11749,2012-08-20,59,OZ,1,1.99
310553510,360,8,829,104119646,14582,2012-09-14,18,OZ,2,4.98
310553510,360,21,2117,108768484,2903,2012-11-17,60,OZ,1,2.79
310559126,360,34,3411,107940070,17521,2012-09-05,12,OZ,1,2.79
310560333,360,63,6320,1071514171,25530,2013-01-30,12,CT,2,6.38
310560455,360,79,7901,102710020,20012,2012-11-29,1,CT,1,1.99
310560455,360,79,7901,107098979,45187,2012-12-18,1,CT,1,12.99
310561065,360,72,7209,103680030,18533,2012-03-03,100,YD,1,2
310561065,360,96,9609,1058087858,88199,2013-04-04,0,,1,-3
310561065,360,8,815,103900030,13296,2013-04-08,8,OZ,1,2.29
310561373,360,9,910,101410010,13791,2012-10-13,7.5,OZ,1,2.99
310561713,360,38,3802,104173545,14456,2013-01-12,2,LB,1,1.99
310564258,360,9,902,104400040,18775,2012-09-29,9,OZ,1,3.29
310564285,360,26,2633,105400050,16048,2012-11-08,4,RL,1,3.99
310564285,360,27,2702,101780010,95301,2013-01-20,4,LB,1,7.99
310565713,360,30,3008,104173545,14456,2012-03-21,16,OZ,1,1.69
310565713,360,32,3203,106414464,13474,2012-03-29,6,OZ,1,3.59
310565713,360,5,504,109742191,22339,2013-01-28,2.29,OZ,3,3
310565933,360,9,901,104173545,14456,2012-03-19,8,OZ,1,2.5
310565933,360,8,810,105210050,11382,2013-01-29,1.25,OZ,6,10.14
310566877,360,33,3310,102620020,677,2012-03-12,3,OZ,1,1.19
310566877,360,4,418,103400030,8247,2012-10-22,8,OZ,1,3.49
310566877,360,96,9609,10994410090,88199,2012-11-23,0,,1,-1
310566877,360,63,6311,108259282,12297,2012-12-01,15.2,OZ,2,6.98
310566890,360,96,9609,1051254757,88199,2012-05-01,0,,1,-3
310566890,360,73,7312,1030002333,428,2012-12-31,0.5,OZ,5,54.95
310566890,360,10,1011,102400020,4704,2013-02-25,6.5,OZ,1,1.5
310567113,360,53,5307,104173545,14456,2012-12-01,16,OZ,2,3.58
310568151,360,99,9904,1081204989,27736,2013-03-01,1,CT,1,2.99
310568404,360,96,9609,1054119656,88199,2012-09-27,0,,1,-1
310569075,360,96,9632,107675070,255,2012-11-14,1,CT,1,50
310569619,360,26,2628,103700030,2248,2012-06-15,6,RL,1,9.99
310569619,360,97,9753,1027511121,0,2012-08-19,1,CT,1,4.73
310570550,360,9,970,103800030,62065,2012-10-21,22,OZ,2,6.98
310571463,360,21,2119,107618373,16756,2012-12-11,64,OZ,1,2.79
310572364,360,33,3303,102840020,10241,2012-08-15,8.5,OZ,2,6.98
310574017,360,58,5823,102265525,2626,2012-12-14,12,OZ,1,2.99
310574555,360,36,3612,107572070,14196,2012-11-29,128,OZ,2,2.38
310575145,360,45,4509,104173545,14456,2012-07-29,16,OZ,2,13.98
310576597,360,63,6315,104173545,14456,2013-05-31,64,OZ,1,3.49
310577442,360,63,6311,104173545,14456,2012-05-23,64,OZ,1,2
310577442,360,57,5710,1089470080,21065,2012-07-01,5.3,OZ,8,10
310577442,360,45,4509,104173545,14456,2012-12-22,16,OZ,1,7.99
310577442,360,56,5616,104173545,14456,2013-03-05,8,OZ,1,3
310577616,360,41,4107,102400020,4704,2012-11-11,14.5,OZ,1,1.29
310577817,360,9,907,107133070,25887,2012-05-28,22,OZ,1,3.99
310577817,360,97,9753,1075166676,0,2013-02-27,1,CT,1,3.99
310577942,360,33,3303,104126242,19971,2012-04-14,9,OZ,1,3.99
310577942,360,27,2707,105000050,6775,2012-05-27,3.15,LB,1,4.99
310578253,360,9,922,102430020,10577,2012-11-05,9.7,OZ,1,1.79
310578253,360,56,5615,102100020,4218,2013-03-30,8,OZ,2,7.78
310578384,360,36,3618,104900040,23359,2013-01-10,67.6,OZ,3,5.67
310578384,360,97,9799,1071658272,26492,2013-01-19,1,CT,1,2.99
310579230,360,40,4005,102399121,74959,2012-03-07,1.4,OZ,1,4.49
310581008,360,63,6315,107545777,7025,2012-09-02,64,OZ,1,2.9
310581092,360,5,516,101600010,12426,2012-11-13,8.9,OZ,2,7.58
310582303,360,31,3108,102325424,7833,2012-09-14,26,OZ,4,8.76
310582318,360,63,6311,104173545,14456,2012-06-07,128,OZ,1,4.99
310582809,360,73,7308,1081483282,10808,2012-03-13,30,CT,1,1.79
310583578,360,36,3601,101200010,13794,2012-04-04,144,OZ,2,10.98
310583578,360,21,2119,1061300868,867,2012-06-07,128,OZ,2,5.98
310583578,360,21,2119,1061300868,867,2013-01-26,128,OZ,1,2.99
310583578,360,44,4404,104750040,2359,2013-02-27,14.5,OZ,1,4.69
310583578,360,4,410,107920070,20031,2013-04-22,6,OZ,1,1.99
310584248,360,5,517,103800030,69260,2012-04-16,10.4,OZ,2,6.78
310584248,360,41,4108,104173545,14456,2012-07-23,15.5,OZ,1,1
310584248,360,33,3309,102840020,18584,2012-12-08,9,OZ,1,3.29
310585139,360,5,501,103800030,11732,2012-05-26,18,OZ,1,3.79
310585668,360,21,2119,1061300868,867,2012-06-28,128,OZ,1,2.99
310585668,360,37,3706,105100050,2820,2012-10-05,10.75,OZ,1,1.99
310586162,360,99,9908,103338333,33170,2012-06-04,16,OZ,1,1
310586162,360,9,907,107133070,25887,2012-06-27,24,OZ,1,3.99
310586174,360,97,9753,10000,0,2012-10-10,1,CT,1,3.99
310586174,360,9,902,101410010,45039,2013-05-06,6.6,OZ,2,4.98
310586490,360,36,3604,107800070,16023,2012-05-02,288,OZ,1,8.99
310588366,360,55,5567,107585676,9798,2012-11-08,27,OZ,1,4.29
310590337,360,73,7349,1030000535,2789,2012-04-18,60,CT,1,8.99
310590337,360,36,3611,104173545,14456,2012-05-11,405.6,OZ,1,3.99
310590337,360,96,9609,1057007454,88199,2012-11-02,0,,1,-3
310590337,360,33,3318,107797575,27417,2012-11-30,12,OZ,1,3.49
310590337,360,36,3612,104173545,14456,2013-02-07,128,OZ,1,0.99
310590916,360,99,9908,107266878,52135,2012-10-07,18,OZ,1,2.99
310590916,360,5,502,103485636,19713,2013-04-06,9,OZ,2,5
310591235,360,5,501,103800030,14900,2012-07-01,24.8,OZ,1,4.49
310591235,360,51,5130,101380010,27474,2012-10-13,11.63,OZ,1,3.59
310591335,360,99,9908,105783656,33170,2012-05-03,1,CT,1,3.99
310591335,360,36,3613,105200050,14597,2013-01-12,169,OZ,1,3.79
310591430,360,41,4106,103680030,3679,2012-10-12,6.5,OZ,2,1.58
310591670,360,28,2806,105410050,19509,2012-09-22,24,OZ,1,3.19
310592080,360,63,6317,104157040,2017,2012-03-11,64,OZ,1,3.69
310592106,360,55,5552,102983929,6763,2012-07-01,48,OZ,1,3.49
310592106,360,9,901,104173545,14456,2012-10-21,16,OZ,1,3.99
310592106,360,36,3618,101200010,23361,2013-02-07,96,OZ,5,19.95
310592263,360,36,3612,104173545,14456,2012-07-19,128,OZ,1,0.99
310592445,360,51,5126,101380010,27474,2012-06-25,8.88,OZ,1,3.19
310592445,360,58,5836,107778272,9260,2012-07-09,12,OZ,0,0
310592445,360,58,5823,104470040,13310,2012-12-02,8,OZ,1,4.69
310593971,360,25,2505,104173545,14456,2013-02-07,16,OZ,1,2.29
310593971,360,9,907,104173545,14456,2013-04-14,16,OZ,1,3.49
310595668,360,57,5710,103663232,4568,2013-01-31,21.2,OZ,1,3.99
310595668,360,8,816,1061611262,23016,2013-02-07,10,OZ,1,2.99
310595668,360,56,5607,102100020,13967,2013-02-07,8,OZ,2,3.98
310596637,360,51,5121,104369545,8522,2012-10-07,9,OZ,2,4.78
310599610,360,26,2630,104173545,14456,2012-07-30,175,CT,1,1
310599852,360,17,1719,104460040,3718,2012-05-08,22,OZ,2,7.58
310601171,360,2,202,107151878,8349,2012-03-30,12,OZ,1,2.99
310601171,360,4,410,107613878,13021,2012-12-18,5.5,OZ,1,1.5
310605923,360,37,3703,105100050,2820,2012-05-17,10.75,OZ,4,7.12
310606016,360,58,5827,102531727,763,2012-07-07,8,OZ,1,4.99
310606027,360,96,9609,1052100050,88199,2012-03-07,0,,1,-2
310606027,360,53,5305,102000020,7655,2012-11-17,10,OZ,3,5.97
310606403,360,58,5824,102836424,14418,2012-06-10,16,OZ,1,3.99
310607019,360,9,902,104400040,15335,2012-12-04,15.1,OZ,1,3.49
310607226,360,9,902,101410010,45039,2012-09-09,6.6,OZ,1,2.39
310607226,360,30,3010,104100040,19975,2013-02-03,16,OZ,2,6.58
310607281,360,29,2914,102100020,9886,2012-08-20,5.5,OZ,1,1.69
310611233,360,9,901,104400040,18112,2012-05-09,3.25,OZ,1,1.49
310611233,360,58,5827,104470040,13310,2012-12-31,8,OZ,1,3.89
310611913,360,69,6901,101204414,13056,2012-07-31,3.25,OZ,2,6.98
310611913,360,99,9904,1081204989,27736,2012-10-03,1,CT,2,5.98
310614823,360,29,2914,102100020,9886,2012-05-28,14.5,OZ,2,4.98
310614823,360,57,5707,107047070,20230,2012-09-07,16,OZ,1,2.29
310614823,360,54,5401,103800030,5618,2012-12-26,29.6,OZ,1,4.99
310616288,360,95,9517,1064541666,25075,2013-04-13,1,CT,1,3.99
310617324,360,57,5703,104173545,14456,2012-04-09,6,OZ,4,4
310617324,360,36,3611,107572070,14196,2012-04-26,20,OZ,2,1.98
310617324,360,40,4004,104100040,10522,2013-02-23,1.2,OZ,1,3.29
310617324,360,55,5567,104410040,8481,2013-04-27,30,OZ,1,4.19
310617324,360,56,5615,104173545,14456,2013-05-31,16,OZ,1,4.89
310617355,360,36,3601,104900040,3809,2012-03-18,67.6,OZ,1,1.99
310617355,360,58,5824,104450040,8318,2012-12-12,13,OZ,1,3.99
310618040,360,97,9753,1022600525,0,2013-03-20,1,CT,1,4
310618814,360,9,921,102560020,18051,2013-06-14,3.5,OZ,2,2.5
310619684,360,37,3706,104119646,14582,2012-11-25,19,OZ,2,3.98
310619684,360,36,3632,107153777,14200,2012-12-03,33.8,OZ,1,1
310619766,360,37,3707,104173545,14456,2013-03-19,32,OZ,2,4.38
310621061,360,63,6315,104173545,14456,2012-05-21,64,OZ,1,2.59
310621061,360,72,7205,103700030,4294,2012-07-23,4,OZ,1,3.69
310621151,360,60,6001,101800010,14029,2012-09-19,16,OZ,2,6.98
310621151,360,51,5130,101380010,27474,2012-11-11,11.25,OZ,1,3.59
310621773,360,9,901,102178828,10730,2013-01-16,8.8,OZ,1,3.59
310621967,360,9,901,104400040,8463,2012-12-30,10,OZ,1,2.99
310624031,360,9,908,104173545,14456,2013-05-04,7.5,OZ,2,3.98
310624293,360,9,907,107519979,2771,2012-07-29,13,OZ,2,6.98
310625295,360,29,2923,104100040,9814,2012-09-04,4.5,OZ,2,3.78
310625295,360,34,3411,1081655989,20331,2012-11-14,18,OZ,1,3.59
310626183,360,59,5906,104173545,14456,2013-03-12,15,OZ,1,1.89
310626183,360,57,5707,107047070,20230,2013-04-21,12,OZ,1,2.29
310626311,360,5,519,103000030,14760,2012-09-04,11.5,OZ,2,6.78
310626311,360,71,7113,107940070,5168,2012-12-14,12,OZ,1,3.99
310626311,360,97,9753,1076163575,0,2012-12-28,1,CT,1,2.5
310626311,360,63,6320,1071514171,25530,2013-01-08,12,CT,2,6.98
310628104,360,29,2907,104600040,13023,2012-04-14,8.8,OZ,1,3.79
310629686,360,96,9632,107675070,9830,2012-11-16,1,CT,2,100
310629686,360,4,427,103400030,2331,2013-03-03,1.27,OZ,1,1.99
310630373,360,60,6007,103171131,8156,2012-11-21,25,OZ,1,3.99
310630461,360,5,501,103800030,15251,2013-03-07,12,OZ,1,3.49
310630520,360,63,6305,104850040,18799,2012-06-06,59,OZ,1,3.69
310630520,360,51,5116,107192171,25673,2012-07-22,32.7,OZ,1,6.59
310630998,360,33,3310,102840020,6911,2012-10-22,6.5,OZ,2,6.98
310631037,360,50,5001,107818575,12109,2013-01-19,36,OZ,1,6.59
310631985,360,23,2301,1076738777,5261,2012-07-31,13.25,OZ,4,11.16
310632007,360,9,920,104173545,14456,2012-11-06,7.5,OZ,1,2
310632390,360,29,2924,101740010,11748,2012-06-26,42,OZ,1,4.49
310633142,360,29,2914,101356212,713,2012-04-01,6,OZ,1,1.69
310637908,360,9,916,103314434,12587,2012-09-24,5,OZ,1,3.49
310638920,360,11,1113,102558323,18482,2012-04-22,5.5,OZ,1,2.99
310638920,360,9,907,104173545,14456,2012-10-16,15,OZ,1,1.69
310640823,360,28,2805,104173545,14456,2012-12-15,2.25,OZ,2,2.38
310640823,360,97,9753,1022600525,0,2013-02-26,1,CT,1,3.63
310641688,360,8,810,104600040,13023,2012-04-03,1,OZ,1,1.19
310641688,360,18,1890,107830070,14142,2012-08-08,1,CT,1,2.59
310641688,360,63,6315,104173545,14456,2012-11-18,64,OZ,1,2.19
310642546,360,53,5305,102000020,7655,2012-05-25,9,OZ,1,2.19
310642546,360,53,5307,104173545,20449,2013-01-10,16,OZ,1,2.69
310642546,360,11,1110,107566070,43084,2013-02-07,24,OZ,1,4.49
310642598,360,96,9609,1053800050,88199,2012-05-30,0,,1,-1
310642598,360,9,970,103800030,62065,2012-06-03,14.1,OZ,1,2.49
310642598,360,55,5562,102983929,6763,2012-06-24,48,OZ,1,3.49
310644015,360,29,2928,104100040,9814,2012-05-04,5.3,OZ,2,3.38
310644015,360,26,2622,104173545,14456,2013-01-04,15,CT,1,2.69
310644015,360,41,4108,104173545,14456,2013-04-05,15.5,OZ,1,1.09
310644644,360,17,1710,101980010,5251,2012-06-22,32,OZ,1,3.69
310649189,360,58,5834,101122515,28575,2012-04-13,32,OZ,2,33.98
310649189,360,55,5558,104173545,14456,2013-04-04,36,OZ,2,6.58
310649545,360,56,5613,103114232,25202,2012-07-12,8,OZ,1,2.5
310651762,360,20,2002,105100050,27873,2012-05-18,46,OZ,1,3.99
310651762,360,23,2301,104173545,14456,2012-11-08,16,OZ,1,1
310651762,360,5,501,1088491282,16363,2012-12-15,20,OZ,1,3.49
310651762,360,49,4902,104670444,18213,2012-12-22,22.8,OZ,1,9.49
310651928,360,35,3506,103700030,3068,2012-05-04,12.6,OZ,1,6.49
310651928,360,72,7205,103500030,3830,2012-08-17,7.8,OZ,1,4.49
310651928,360,57,5706,103000030,12172,2013-01-05,5.3,OZ,2,2.38
310652513,360,8,810,104800141,9814,2012-03-23,1.3,OZ,1,2.29
310653057,360,63,6320,104173545,14456,2013-03-08,12,CT,1,1.89
310654478,360,20,2002,105100050,27873,2013-04-04,64,OZ,1,3.79
310654654,360,9,907,107167373,17480,2013-02-22,22,OZ,2,7.98
310655037,360,57,5705,107047070,20230,2012-11-28,6,OZ,4,2.6
310655425,360,9,920,107641070,10160,2012-06-14,11.25,OZ,1,3.49
310656107,360,53,5307,101450010,20864,2012-03-26,16,OZ,1,2.59
310656107,360,33,3305,102840020,18584,2012-04-07,9,OZ,1,3.99
310656107,360,96,9609,1051090050,88199,2013-01-25,0,,1,-2.25
310656804,360,43,4302,104173545,14456,2012-07-04,8,OZ,1,1.19
310656804,360,58,5812,104678343,54499,2013-01-21,48,OZ,1,13.79
310657239,360,36,3628,101200010,12029,2012-07-03,20,OZ,1,1.79
310657239,360,38,3801,104920040,5098,2012-10-19,4,LB,1,3.59
310657239,360,36,3634,1073951070,16807,2013-06-01,20,OZ,1,1.39
310657868,360,51,5117,104173545,14456,2012-05-02,24,OZ,1,2.79
310657868,360,45,4515,107254575,61490,2013-04-23,21,OZ,2,21.98
310657868,360,30,3002,104800141,8178,2013-05-19,30,OZ,1,4.29
310658542,360,55,5556,102073525,18893,2012-12-14,48,OZ,1,4.19
310661257,360,57,5710,1089470080,21065,2012-05-04,32,OZ,1,6
310661257,360,63,6311,107146474,2142,2013-04-07,32,OZ,1,4.99
310661349,360,5,501,103800030,3787,2013-01-31,15.5,OZ,2,7.98
310662927,360,59,5902,104173545,14456,2012-08-13,16,OZ,1,2.55
310662927,360,49,4901,104173545,14456,2012-09-19,24,OZ,1,2.29
310662927,360,36,3626,104900040,17186,2012-11-21,67.6,OZ,1,1.99
310662927,360,71,7113,102240020,25033,2013-01-15,15,OZ,1,1
310663377,360,63,6315,104173545,14456,2012-05-26,64,OZ,1,1.78
310664112,360,99,9908,103338333,33170,2012-05-30,16,OZ,1,2.99
310664767,360,53,5307,101450010,20864,2012-03-24,12,OZ,2,5.38
310664767,360,57,5710,1089470080,21065,2012-11-25,5.3,OZ,4,5
310664971,360,53,5307,101450010,20864,2012-10-03,12.6,OZ,2,5.18
310666656,360,11,1111,103800030,17050,2012-04-18,4.76,OZ,1,3.49
310666656,360,22,2210,1088596787,6313,2012-05-26,64,OZ,1,3.29
310666656,360,72,7205,103700030,4294,2012-11-27,3.5,OZ,2,2
310666656,360,45,4509,104173545,14456,2013-04-20,16,OZ,1,9.99
310666694,360,56,5609,104173545,14456,2012-07-13,16,OZ,1,2
310666694,360,69,6901,102220020,17067,2013-01-25,3,OZ,1,3.49
310666773,360,38,3801,104480040,62568,2012-09-09,2,LB,1,4.29
310666773,360,63,6311,104180040,19713,2013-01-20,59,OZ,1,2.5
310668124,360,33,3303,102840020,10241,2013-03-13,8,OZ,1,3.49
310668511,360,33,3303,102840020,10241,2012-03-24,10,OZ,1,4.29
310668511,360,60,6007,101800010,14029,2012-06-16,8,OZ,2,6.38
310668511,360,5,516,102190828,10187,2012-06-22,1.8,OZ,1,1.49
310671132,360,58,5814,104470040,10837,2012-10-28,10.7,OZ,1,2.99
310671132,360,41,4107,102400020,4704,2012-11-18,15.25,OZ,4,5.56
310671132,360,7,706,104127141,26189,2013-02-20,64,OZ,2,7.98
310671770,360,34,3411,107704373,17223,2012-12-19,24,OZ,1,4.59
310673653,360,36,3604,107800070,2829,2012-09-16,20,OZ,1,1.89
310673724,360,99,9904,1071575676,5278,2012-05-15,6,OZ,1,2.99
310673724,360,57,5706,104173545,14456,2012-11-08,32,OZ,1,2
310675967,360,26,2633,105400050,16048,2012-06-27,12,RL,1,10.99
310678534,360,55,5567,102580020,16668,2012-06-25,8.44,OZ,1,2.99
310680368,360,73,7304,1036382434,12163,2012-03-25,28,CT,1,22.99
310681269,360,97,9753,102683222,0,2012-03-06,1,CT,1,1
310681269,360,73,7310,103680030,18533,2012-05-10,24,CT,1,3
310681269,360,71,7113,103680030,93656,2012-12-05,12,OZ,1,5.99
310681414,360,33,3303,102840020,10241,2012-04-28,8.5,OZ,2,6.98
310681414,360,73,7356,101650010,26872,2012-05-21,50,CT,1,8.99
310681414,360,36,3604,107800070,16023,2012-06-09,33.8,OZ,1,1.49
310681414,360,73,7344,103700030,14466,2012-11-03,28,CT,1,19.99
310681414,360,27,2701,101113212,491,2012-11-10,13.2,OZ,6,4.8
310683806,360,63,6305,101630010,6509,2012-09-03,59,OZ,1,3.49
310687056,360,78,7801,107001171,12696,2012-05-20,1,CT,1,4.99
310687859,360,37,3709,104178949,11224,2012-09-04,3,OZ,4,1
310687859,360,56,5615,104173545,14456,2013-05-04,8,OZ,1,2.79
310688074,360,58,5827,104470040,13310,2012-04-01,16,OZ,2,12.98
310688074,360,9,907,101410010,13791,2012-05-23,14,OZ,1,3.49
310688074,360,19,1905,105150050,16728,2012-08-12,18,OZ,1,3.89
310688074,360,9,913,104812141,18322,2013-01-28,12,OZ,2,8.98
310688654,360,34,3403,103500030,8919,2012-03-30,30,OZ,2,11.58
310689028,360,56,5613,104173545,14456,2012-06-22,8,OZ,1,3
310690013,360,36,3611,107572070,14196,2012-06-27,405.6,OZ,1,4.99
310690013,360,63,6321,104173545,14456,2012-07-29,10,OZ,1,3.49
310690413,360,72,7211,1081483282,5607,2012-09-09,120,CT,1,7.59
310694194,360,34,3410,107418272,16853,2012-03-25,8,OZ,1,3.49
310694194,360,55,5552,102983929,6763,2012-08-16,48,OZ,1,3.49
310698431,360,36,3635,107153777,14200,2012-07-17,33.8,OZ,1,1
310700770,360,22,2207,107040979,2948,2012-11-13,1.7,OZ,1,4.29
310700770,360,2,202,101600010,1756,2013-01-19,17.5,OZ,2,4.78
310702465,360,33,3307,102900020,14112,2012-07-09,9.75,OZ,1,5.49
310702465,360,53,5307,101450010,20864,2013-03-24,12,OZ,2,3.78
310702859,360,8,807,101340919,17823,2012-05-26,28,OZ,1,3.29
310702859,360,99,9908,1071631070,15859,2012-10-24,16,OZ,2,5.98
310705433,360,96,9609,1053700050,88199,2013-03-04,0,,1,-1
310707747,360,33,3303,102840020,10241,2012-09-21,8.5,OZ,1,3.49
310709257,360,4,421,104000040,17287,2012-07-08,2.07,OZ,2,1.98
310709257,360,33,3318,104173545,14456,2012-07-23,16,OZ,1,2.19
310709257,360,43,4302,107027272,15085,2012-12-20,13,OZ,1,4.79
310709273,360,17,1701,102340020,16836,2013-03-07,24,OZ,1,3.49
310710132,360,26,2622,104173545,14456,2012-07-04,20,CT,1,2.99
310710132,360,8,826,101121010,17930,2012-09-28,5,OZ,1,3.99
310712766,360,9,914,104173545,14456,2012-12-07,7.3,OZ,2,4.58
310713583,360,96,9609,1051600050,88199,2012-07-11,0,,1,-2
310720766,360,95,9517,106700868,25075,2012-11-04,1,CT,1,5.99
310721422,360,9,907,107341070,888,2013-03-26,16,OZ,2,7.58
310722455,360,1,106,101500010,7142,2012-12-02,1.48,OZ,1,2.99
310722455,360,58,5828,103100030,1358,2013-01-13,24.9,OZ,1,4.99
310722455,360,59,5907,103680030,3679,2013-03-02,45,OZ,1,1.99
310722455,360,58,5828,103100030,1358,2013-04-14,6.4,OZ,4,8
310722455,360,9,901,104400040,3453,2013-06-16,13,OZ,2,5
310722804,360,58,5836,104173545,14456,2012-04-15,12,OZ,1,2.99
310722804,360,37,3703,103680030,3679,2013-03-23,10.5,OZ,1,0.69
310725127,360,9,902,103010030,3744,2012-12-13,14,OZ,1,3.49
310725127,360,63,6320,104173545,14456,2013-02-12,18,CT,1,2.79
310729311,360,97,9753,1075166676,0,2012-09-12,1,CT,2,7.98
310729311,360,97,9753,1089391383,0,2013-03-16,1,CT,1,3.29
310730079,360,57,5704,103000030,12172,2012-08-31,5.3,OZ,2,1.98
310731745,360,10,1011,104300040,26232,2012-04-15,24,OZ,1,3.79
310731745,360,14,1410,103900030,10383,2012-10-21,15,OZ,2,3.98
310731745,360,81,8101,101230010,19956,2013-01-25,1,CT,1,10.19
310732000,360,53,5307,101450010,20864,2013-01-26,10,OZ,1,2.49
310732000,360,29,2923,104100040,9814,2013-05-20,4.9,OZ,2,3.58
310734084,360,26,2622,102570020,20361,2012-04-05,30,CT,1,3.79
310734084,360,51,5131,101862717,9496,2012-05-17,9.5,OZ,1,3.99
310735744,360,18,1828,102660020,319,2012-10-04,2,OZ,1,0.99
310736953,360,31,3101,105210050,11382,2012-11-11,2.12,OZ,1,4.59
310736953,360,5,501,1088491282,8471,2013-02-12,12.5,OZ,1,3.29
310737939,360,58,5812,104470040,13310,2013-02-10,15,OZ,1,5.99
310740579,360,5,520,104173545,20449,2013-03-23,24,OZ,1,2.69
310741239,360,73,7308,1031254636,7853,2012-12-02,9,CT,1,1
310741450,360,27,2704,101901414,8664,2013-03-17,24,OZ,1,3.49
310743540,360,99,9908,103260131,5489,2012-08-05,16,OZ,1,1.99
310743540,360,56,5609,107835474,2675,2012-08-13,32,OZ,1,4.79
310747545,360,71,7114,107940070,17521,2012-03-23,11,OZ,1,2.99
310747545,360,9,901,104173545,14456,2012-09-06,8.9,OZ,1,1
310747617,360,17,1703,103700030,101494,2012-10-13,6,CT,1,3.99
310747617,360,33,3305,102840020,18584,2013-01-12,10,OZ,1,3.99
310747697,360,62,6201,107349171,9883,2012-05-29,22,OZ,1,3.29
310747697,360,34,3403,103700030,15697,2013-06-01,16,OZ,2,5.58
310747885,360,79,7903,109256797,13776,2012-06-30,1,CT,1,3.99
310747885,360,9,907,104173545,14456,2013-03-16,22,OZ,1,4.49
310748288,360,37,3706,105100050,2820,2012-04-07,10.5,OZ,2,3.98
310748288,360,97,9753,1020300525,0,2012-04-18,1,CT,1,8.32
310748288,360,45,4508,104440040,7504,2012-10-03,17.2,OZ,1,9.49
310748564,360,51,5134,104670444,18213,2012-08-12,15,OZ,1,6
310748564,360,9,913,104812141,18322,2012-10-27,24,OZ,1,4.99
310749637,360,55,5552,104173545,20449,2012-06-02,64,OZ,1,2.99
310749637,360,62,6201,104411545,3167,2012-06-30,14,OZ,1,5.99
310752532,360,36,3631,104173545,14456,2013-03-18,67.6,OZ,1,1
310754193,360,9,907,107341070,888,2012-07-21,16,OZ,1,3.49
310754193,360,33,3305,102840020,18584,2012-10-03,10,OZ,1,3.99
310755311,360,33,3301,104126242,19971,2013-02-22,6.5,OZ,1,3.29
310756350,360,26,2630,106343565,16050,2012-09-26,70,CT,3,4.47
310756350,360,55,5552,102983929,6763,2013-01-26,48,OZ,1,3.49
310756350,360,45,4509,104173545,14456,2013-03-28,16,OZ,2,13.98
310756350,360,56,5615,104173545,14456,2013-04-18,8,OZ,6,16.74
310756357,360,51,5130,101380010,27474,2012-09-12,11.75,OZ,1,3.19
310756357,360,4,418,104000040,26517,2013-02-06,14,OZ,1,3.99
310758917,360,33,3309,102840020,18584,2012-05-13,13,OZ,1,3.99
310758917,360,9,914,103008434,26570,2012-06-18,18,OZ,1,3.39
310758917,360,8,803,104242141,2071,2012-09-15,10.5,OZ,1,4.99
310759065,360,25,2504,104173545,14456,2012-12-22,5,OZ,2,1.58
310759839,360,37,3703,105100050,2820,2013-03-29,10.75,OZ,1,1.39
310761574,360,58,5831,107232272,27348,2012-08-26,20.8,OZ,1,4.49
310762342,360,41,4108,104133141,7531,2012-09-28,15.5,OZ,1,1.19
310763078,360,26,2617,104173545,14456,2012-03-08,1,CT,2,8
310763078,360,25,2506,104173545,14456,2012-06-22,32,OZ,1,3
310765966,360,58,5824,104450040,8318,2013-06-07,13.5,OZ,1,3.99
310768166,360,9,901,108201181,12197,2012-04-29,16,OZ,1,3.19
310768166,360,58,5824,104450040,8318,2012-06-19,14,OZ,1,3.99
310768166,360,17,1710,101980010,5251,2012-08-05,32,OZ,1,3.99
310768166,360,56,5619,107835474,2675,2013-03-07,8,OZ,1,3.49
310768739,360,40,4004,102070020,15729,2013-03-07,3.25,OZ,3,8.97
310769038,360,51,5131,104227242,648,2012-06-02,6,OZ,3,8.57
310769038,360,72,7205,103500030,3830,2012-09-11,4.6,OZ,1,1.96
310771083,360,9,907,101410010,13791,2012-08-25,16,OZ,1,3.79
310771083,360,37,3703,103680030,3679,2013-02-24,10.5,OZ,1,0.89
310774908,360,9,913,104812141,18322,2012-09-26,12,OZ,1,4.29
310776984,360,33,3305,102840020,15870,2012-11-28,11,OZ,2,4
310777895,360,63,6320,1074199474,58508,2012-07-26,12,CT,2,5.98
310782599,360,9,907,1087668181,58343,2012-03-22,8.8,OZ,1,2.99
310782599,360,55,5552,104173545,20449,2013-03-11,48,OZ,1,2.99
310783531,360,47,4704,104173545,14456,2012-05-27,12,OZ,4,6
310783531,360,63,6316,104410040,8481,2012-06-02,24,OZ,1,2.89
310783531,360,4,418,104173545,20449,2012-06-10,10,OZ,1,2.99
310783531,360,37,3711,104173545,20449,2012-07-02,16,OZ,1,4.29
310783531,360,21,2119,101200010,10522,2012-07-15,20,OZ,1,1.69
310783531,360,33,3308,102840020,3336,2012-08-29,3.75,OZ,1,1.49
310783531,360,9,902,104400040,19783,2012-12-26,8.5,OZ,1,3.29
310783531,360,5,501,104173545,14456,2013-01-21,11.5,OZ,2,6.58
310783531,360,97,9753,1076919777,0,2013-02-05,1,CT,1,2.5
310783531,360,37,3711,104173545,20449,2013-02-05,16,OZ,1,4.29
310783531,360,59,5910,103377636,16650,2013-02-07,15,OZ,1,3.49
310783531,360,26,2628,103700030,2248,2013-02-18,2,RL,1,3.99
