500495364,21,26,2609,104116545,16879,2013-05-23,55,CT,1,5.09
500495641,21,49,4901,104119040,16347,2012-10-23,26,OZ,1,2.5
500495641,21,3,310,1079042979,22943,2013-03-21,8,OZ,1,3.99
500495705,21,9,907,107133070,25887,2013-02-11,11,OZ,1,3.49
500496484,21,59,5902,104119040,16347,2012-07-28,16,OZ,2,4.78
500496557,21,29,2923,104100040,9814,2012-04-08,4.4,OZ,4,5
500496557,21,26,2628,103700030,2248,2013-05-26,2,RL,1,4.49
500496717,21,63,6320,104119040,16347,2012-03-10,12,CT,4,5.16
500497056,21,63,6320,1071514171,25530,2012-09-07,12,CT,1,2.8
500497206,21,63,6320,104119040,16347,2012-08-05,12,CT,1,1.69
500497206,21,27,2710,102688121,16835,2012-08-14,10,LB,1,1.79
500497206,21,9,903,104138747,60,2012-11-03,8,OZ,1,1.59
500497435,21,21,2112,1073762878,18216,2012-09-18,13.66,OZ,1,2.49
500497435,21,63,6315,104119040,16347,2012-10-31,64,OZ,1,2.59
500497435,21,37,3707,107079676,3198,2013-03-01,46,OZ,1,1.99
500497456,21,79,7902,104090141,46097,2012-11-18,1,CT,1,2
500498052,21,4,418,104000040,16765,2012-11-17,11.5,OZ,1,3
500498052,21,23,2301,1085501989,2237,2012-12-03,16,OZ,3,2.67
500498135,21,63,6315,104119040,16347,2012-06-10,128,OZ,1,4.09
500498135,21,36,3618,101200010,23361,2012-10-26,144,OZ,1,4.48
500498135,21,56,5620,102100020,9886,2013-03-10,7,OZ,1,2.49
500499822,21,17,1701,103500030,330,2012-06-23,21,OZ,1,1.19
500499822,21,26,2617,104119040,16347,2012-10-19,1,CT,1,0.99
500499822,21,99,9908,103338333,33170,2012-11-23,16,OZ,1,1.49
500499822,21,5,501,103800030,15251,2012-12-06,12,OZ,1,3.49
500499822,21,5,501,103800030,6790,2012-12-06,8.7,OZ,1,3.39
500499822,21,26,2617,104119040,16347,2013-04-19,1,CT,1,2.49
500500379,21,35,3506,103700030,3068,2012-09-26,12.7,OZ,1,4.99
500500379,21,28,2805,104119040,16347,2012-10-10,2,OZ,1,0.88
500500779,21,27,2704,107910070,30370,2012-06-04,3,OZ,2,5.98
500501037,21,58,5815,103861636,11137,2013-03-05,8,OZ,1,3.99
500501373,21,8,818,107023474,19354,2013-01-09,40,OZ,1,7.19
500502478,21,63,6305,105360050,18699,2012-07-24,59,OZ,1,2.09
500504751,21,26,2606,105543757,11482,2012-03-31,200,CT,1,1.5
500504751,21,8,809,105100050,2820,2012-04-27,14.5,OZ,1,1.89
500504751,21,27,2704,107910070,30096,2012-10-03,15,OZ,1,2.79
500504751,21,63,6315,104119040,16347,2013-01-03,64,OZ,1,2.69
500504986,21,5,502,103485636,19713,2012-04-02,9,OZ,1,2.89
500504986,21,51,5123,1065123565,7522,2012-09-19,22,OZ,1,3.29
500504986,21,9,922,102430020,10577,2012-11-08,13.1,OZ,1,1.79
500504986,21,36,3630,107800070,5208,2012-11-17,67.6,OZ,1,1.5
500504986,21,9,908,107203070,5812,2013-02-02,16,OZ,1,2.64
500505372,21,9,908,107203070,5812,2013-06-08,17.5,OZ,1,6.69
500505780,21,26,2622,102570020,20361,2012-06-18,30,CT,1,4.49
500505780,21,17,1704,101920010,10882,2012-08-05,32,OZ,1,3.29
500505780,21,97,9753,10000,0,2013-01-13,1,CT,1,0.42
500506170,21,56,5617,104119040,16347,2012-07-27,12,OZ,1,1.99
500506564,21,56,5615,104119040,16347,2012-04-04,10,OZ,1,3.49
500506564,21,63,6320,1071514171,25530,2012-11-02,12,CT,1,3.49
500506564,21,5,516,102430020,17616,2013-03-16,10.56,OZ,1,2.69
500506575,21,81,8101,102820020,9949,2013-03-05,1,CT,1,7.36
500506677,21,57,5704,103663232,4568,2012-06-14,16,OZ,2,3.48
500506677,21,63,6330,104119040,16347,2012-09-25,16,OZ,1,2.39
500506961,21,9,907,102591121,67828,2013-03-11,24,OZ,1,2.99
500507985,21,23,2310,1081441686,14284,2012-08-15,13,OZ,2,1.98
500507985,21,99,9904,103338333,33170,2013-01-30,16,OZ,2,3.38
500508248,21,18,1854,104119040,16347,2012-07-06,3,CT,1,2.69
500508248,21,26,2633,105400050,16048,2013-03-21,4,RL,1,4.49
500510003,21,45,4509,104699444,59626,2012-07-31,32,OZ,1,10.99
500510310,21,21,2105,104900040,14357,2012-12-07,32,OZ,8,8
500510787,21,40,4005,1074239272,3032,2012-03-08,1.25,OZ,1,1
500511803,21,55,5559,107756777,14286,2012-10-06,13.2,OZ,1,1.25
500511803,21,25,2504,104119040,16347,2012-12-01,12,OZ,4,3.56
500511803,21,71,7113,102240020,25033,2012-12-01,15,OZ,2,1.76
500511803,21,33,3302,102819020,26252,2013-05-10,9,OZ,1,1.99
500512123,21,9,970,103800030,62065,2012-03-10,14.1,OZ,2,5.38
500512123,21,38,3801,104119040,16347,2012-12-01,5,LB,1,3.09
500512123,21,56,5620,103651434,7627,2013-02-20,32,OZ,1,7.69
500512123,21,5,519,104119040,16347,2013-02-25,15.1,OZ,1,1.69
500513475,21,25,2505,105000050,32115,2012-05-29,32,OZ,2,6.98
500513475,21,97,9753,1020991020,0,2013-02-21,1,CT,1,1.64
500514608,21,40,4004,104100040,10522,2012-10-10,8,OZ,1,3.69
500514893,21,9,907,107432373,1866,2012-12-22,20,OZ,1,2.59
500516076,21,9,901,103769535,36560,2012-03-24,8,OZ,1,2.99
500516790,21,36,3612,106827464,30855,2012-05-09,128,OZ,1,0.99
500518039,21,36,3635,104119040,16347,2012-05-20,33.8,OZ,5,2
500518039,21,44,4404,105963555,29023,2012-09-23,8.46,OZ,1,1.39
500518039,21,81,8115,107025777,16060,2012-11-02,1,CT,1,3.99
500518039,21,2,202,101600010,1756,2013-02-17,14,OZ,1,2.39
500518629,21,33,3307,101411313,5976,2012-05-02,7,OZ,1,3.99
500518629,21,17,1703,101920010,10882,2012-08-08,22,OZ,1,1.99
500519643,21,29,2906,107065070,100,2012-11-18,5.25,OZ,1,3.39
500519643,21,44,4407,104119040,16347,2012-12-10,12,OZ,1,1.59
500520293,21,26,2628,104200040,2308,2012-07-15,8,RL,1,8.49
500520293,21,30,3009,102100020,9886,2012-12-16,16,OZ,1,2.99
500520389,21,37,3707,104119040,16347,2013-01-15,14.5,OZ,3,2
500520389,21,97,9753,10000,0,2013-02-13,1,CT,1,0
500520773,21,21,2105,104900040,14357,2012-05-06,32,OZ,6,6
500520773,21,92,9212,104155444,11347,2012-10-21,0.04,OZ,1,6.59
500520773,21,10,1013,103890030,5072,2013-01-13,16,OZ,3,6.75
500521206,21,35,3509,109451494,20153,2012-07-15,75,OZ,1,2.32
500521206,21,36,3632,102500020,11749,2012-10-17,144,OZ,1,4.5
500521206,21,63,6320,104119040,16347,2013-03-30,18,CT,2,4.72
500521904,21,97,9748,104588848,20305,2012-08-19,5,CT,1,3.49
500521904,21,26,2620,104119040,16347,2013-01-17,50,CT,1,2.69
500522515,21,29,2914,106414464,3342,2012-03-25,7.5,OZ,1,1
500522515,21,1,106,101500010,29555,2012-11-25,7.1,OZ,1,2.13
500522720,21,37,3707,104119040,16347,2012-07-15,14.5,OZ,2,1.33
500524431,21,9,907,107341070,888,2012-10-16,24,OZ,1,2.49
500524431,21,97,9771,107169171,15583,2012-11-17,1,CT,1,6.99
500524431,21,63,6315,104119040,16347,2013-02-03,128,OZ,1,5.79
500526608,21,26,2630,103600030,9787,2012-11-05,75,CT,1,1.99
500526608,21,26,2633,104119040,16347,2013-01-03,4,RL,1,2.99
500526608,21,57,5710,107047070,20230,2013-01-10,6,OZ,1,1.2
500526608,21,99,9909,107143070,5072,2013-04-18,9,OZ,1,1.64
500526769,21,54,5401,101960010,1058,2012-12-30,12.3,OZ,1,1.99
500526769,21,30,3010,104100040,19975,2013-01-20,16,OZ,1,1.99
500527513,21,35,3504,103500030,13470,2012-03-27,25,OZ,1,2.29
500527655,21,10,1011,104300040,26232,2012-06-09,24,OZ,2,7.54
500527655,21,57,5704,107047070,20230,2012-07-25,4,OZ,1,0.75
500528307,21,18,1813,104119040,16347,2012-05-09,1,RL,1,0.99
500528490,21,92,9215,107560979,13012,2012-03-10,4,OZ,1,14.99
500528490,21,73,7359,107431272,12440,2012-06-23,90,CT,1,10.99
500528490,21,58,5835,103390030,9286,2012-12-15,12,OZ,2,4.98
500528570,21,26,2609,103770030,3447,2012-04-06,32,CT,2,9.98
500528570,21,55,5555,107684070,32094,2012-04-21,16,OZ,2,7.38
500528570,21,26,2617,104119040,16347,2012-10-06,1,CT,3,16.77
500528570,21,55,5552,107756777,2347,2012-10-20,48,OZ,2,7.98
500528570,21,9,907,107518575,11221,2012-12-09,18,OZ,1,3.49
500528570,21,55,5555,107457070,26051,2013-02-03,14,OZ,2,6.58
500528751,21,9,907,107518575,11221,2013-03-22,15,OZ,2,6.98
500529130,21,4,416,104000040,26517,2012-08-01,1.69,OZ,1,0.79
500529226,21,56,5614,107403070,16922,2013-03-25,12,OZ,1,4.49
500529226,21,63,6320,104119040,16347,2013-04-21,12,CT,1,1.99
500529233,21,9,908,107203070,5812,2012-04-05,11.5,OZ,1,2.24
500529254,21,51,5115,101960010,3174,2012-03-03,5,OZ,1,1.25
500529254,21,71,7102,1030813737,9259,2012-05-19,9,OZ,1,2.49
500529254,21,26,2628,103700030,2248,2013-01-05,2,RL,1,4.49
500529254,21,9,902,101410010,45039,2013-04-20,6.6,OZ,1,2.19
500529354,21,36,3612,107572070,14196,2012-04-26,128,OZ,3,3
500529459,21,99,9904,103338333,33170,2013-02-12,16,OZ,1,2.49
500529631,21,33,3301,104126242,19971,2012-05-10,7,OZ,1,1.64
500530022,21,99,9908,103338333,287,2012-06-23,80,OZ,1,2.99
500530022,21,99,9904,103338333,33170,2012-12-08,80,OZ,1,5.99
500530195,21,5,501,104240040,40317,2012-07-08,17.5,OZ,1,3.39
500530195,21,26,2632,1081452181,13481,2013-04-01,50,CT,1,2.99
500530675,21,63,6305,102500020,11749,2012-10-21,59,OZ,1,2.99
500530675,21,99,9908,103338333,287,2012-12-09,80,OZ,1,2.5
500530675,21,17,1719,101920010,10882,2013-01-13,19,OZ,1,6.49
500531786,21,9,907,104119040,16347,2012-11-20,16,OZ,1,1.88
500532462,21,8,807,102700020,8612,2012-03-17,21.6,OZ,1,1.39
500532462,21,70,7002,104119040,16347,2012-03-17,10,CT,1,1.49
500532462,21,9,920,107978373,1081,2012-08-01,7.4,OZ,1,1.59
500532462,21,71,7113,1081655989,25033,2013-01-19,14.2,OZ,1,2.19
500532587,21,4,418,104000040,26517,2012-03-04,14,OZ,2,5
500533116,21,4,419,107726070,15624,2012-12-16,2,OZ,3,4
500533116,21,45,4509,1068907666,51701,2013-03-03,32,OZ,1,21.49
500535420,21,58,5826,102265525,2626,2013-03-19,6,OZ,1,1.67
500535901,21,63,6312,102500020,11749,2013-02-22,59,OZ,1,0.99
500536020,21,99,9908,1071631070,15859,2012-03-28,16,OZ,1,1.25
500536020,21,56,5613,107177979,1782,2012-04-17,8,OZ,1,3.99
500536020,21,51,5115,107218070,6718,2012-04-18,16.32,OZ,1,4.99
500536020,21,7,709,109955595,7661,2012-07-23,4.87,OZ,1,8.1
500536020,21,26,2609,104119040,19201,2012-09-09,100,CT,1,1.99
500536020,21,10,1010,102800020,12545,2012-10-12,22,OZ,2,4.6
500536020,21,9,907,103967737,16347,2012-11-03,16,OZ,1,1.59
500536150,21,8,803,104150040,6714,2012-05-13,12,OZ,1,2.49
500536194,21,54,5401,103800030,5618,2012-08-30,12.3,OZ,2,4.18
500536725,21,33,3307,101411313,23033,2012-10-16,8,OZ,1,3.99
500536725,21,95,9517,1088632383,33170,2012-12-15,12,CT,1,0.99
500536894,21,23,2310,107566272,20724,2012-09-28,13,OZ,1,1.33
500536934,21,5,519,103000030,14760,2012-10-20,2.57,OZ,1,1.69
500538336,21,63,6305,102500020,11749,2012-03-21,59,OZ,2,4.18
500538785,21,59,5902,103450030,10165,2013-04-07,15,OZ,1,4.29
500539211,21,27,2709,102310020,18139,2012-11-12,2.1,OZ,1,1.99
500539309,21,63,6333,101707717,10429,2013-03-25,32,OZ,1,3.79
500539685,21,58,5812,1063690666,12339,2012-05-03,14,OZ,1,4.99
500539685,21,12,1206,108000080,17292,2012-05-08,5,OZ,2,2.5
500539685,21,35,3504,103500030,13470,2012-08-19,25,OZ,1,2.88
500539685,21,63,6328,102016929,16492,2012-09-30,24,OZ,1,1.49
500539685,21,79,7903,109256797,27869,2012-10-20,1,CT,1,3.99
500539685,21,36,3632,107800070,17635,2012-11-04,67.6,OZ,3,4.08
500539685,21,36,3627,107800070,23362,2012-11-07,67.6,OZ,2,2.72
500539685,21,63,6305,104850040,18799,2012-11-23,59,OZ,1,2.99
500540148,21,9,902,104400040,12279,2012-10-02,10.5,OZ,2,4
500540148,21,36,3612,104119040,16347,2012-11-27,128,OZ,3,2.37
500540455,21,28,2806,103150030,25139,2012-05-23,32,OZ,1,2.99
500540455,21,58,5815,103760030,8501,2012-06-13,6,OZ,1,3.49
500540868,21,36,3635,107572070,14196,2012-04-01,33.8,OZ,3,3
500540868,21,92,9210,107124979,21913,2012-04-29,1,OZ,1,9.99
500540868,21,97,9753,10000,0,2012-08-12,1,CT,1,1.19
500540868,21,97,9753,10000,0,2012-11-15,1,CT,1,1.49
500540868,21,37,3707,1061144363,9742,2012-12-18,32,OZ,1,2.99
500540868,21,58,5827,104470040,13310,2013-02-07,12,OZ,1,5.49
500540868,21,33,3305,102840020,15870,2013-03-10,11,OZ,1,2
500540868,21,41,4105,107079676,3198,2013-04-03,28,OZ,3,9.87
500543975,21,72,7208,103500030,3830,2012-11-04,1,CT,1,1.24
500544007,21,8,817,107294070,15064,2012-06-18,26,OZ,2,1.6
500544007,21,99,9908,103338333,33170,2013-01-21,48,OZ,1,2.49
500544302,21,36,3612,108265787,4687,2012-09-18,320,OZ,2,5
500544865,21,18,1842,105114151,43184,2013-03-07,2,CT,1,2.99
500545206,21,19,1905,104180040,19713,2012-08-06,22,OZ,1,2
500545206,21,27,2706,105000050,6132,2012-08-29,2,OZ,3,4
500545206,21,55,5567,104154848,5603,2013-02-28,5.8,OZ,2,2.5
500545381,21,4,418,102800020,4346,2012-10-25,11.5,OZ,1,2.5
500545515,21,4,412,104119040,16347,2012-06-10,10,OZ,2,2.38
500545633,21,36,3611,1064252464,12670,2012-05-22,405.6,OZ,1,3.99
500545793,21,55,5567,107585676,9798,2012-06-10,14,OZ,1,3.69
500545793,21,55,5556,102983929,6763,2012-06-25,48,OZ,1,2.99
500547089,21,26,2622,101370010,8154,2012-07-08,22,CT,1,2.69
500547089,21,9,907,104119040,16347,2013-01-16,12,OZ,1,2.39
500547144,21,29,2914,102100020,9886,2012-03-04,12.6,OZ,2,4.98
500547144,21,26,2633,105400050,16048,2012-03-11,12,RL,1,9.99
500547144,21,29,2914,102100020,9886,2012-10-02,12.6,OZ,2,5
500547144,21,36,3638,106827464,30855,2012-10-07,101.4,OZ,4,5
500547144,21,99,9908,103338333,33170,2012-11-18,80,OZ,2,5.98
500547839,21,7,707,102550020,6550,2013-01-18,11.3,OZ,2,6.24
500548265,21,23,2301,102920020,12168,2012-06-08,12,OZ,3,2
500548265,21,14,1404,103732333,12209,2013-01-09,24,OZ,2,5
500548682,21,9,920,104400040,15335,2012-03-23,6,OZ,1,3.49
500548682,21,63,6315,104119040,16347,2012-03-23,64,OZ,1,1.89
500548682,21,29,2920,101114010,8604,2012-05-24,40,OZ,1,4.59
500548682,21,73,7309,103700030,11551,2012-08-14,12.9,OZ,1,8.99
500548682,21,97,9753,1020050222,0,2013-03-11,1,CT,1,3.75
500548862,21,4,418,103400030,45489,2013-02-13,12,OZ,1,3.74
500549574,21,33,3303,108411484,9596,2012-06-17,9,OZ,1,1.99
500549574,21,10,1011,107349171,9883,2012-06-25,24,OZ,1,1.88
500549574,21,27,2706,105000050,6132,2012-07-04,3,OZ,7,4.2
500549574,21,44,4402,102770020,12137,2012-11-19,27,OZ,1,2.69
500549574,21,36,3612,107572070,14196,2013-01-19,128,OZ,2,2
500549574,21,36,3627,107800070,23362,2013-01-21,67.6,OZ,1,1.5
500549643,21,9,914,10100010,13626,2012-09-10,18,OZ,1,-1
500549643,21,99,9908,103338333,33170,2013-03-14,32,OZ,1,1.69
500549661,21,53,5307,101450010,20864,2013-01-21,12,OZ,3,4.77
500550467,21,33,3303,104119040,16347,2012-04-29,8,OZ,1,1.39
500550467,21,55,5558,107064070,2014,2012-06-09,39,OZ,1,2.99
500550467,21,92,9208,1065830262,5122,2013-04-20,1,CT,1,2.79
500551352,21,9,903,102100020,85727,2012-03-24,6,OZ,1,3.29
500552388,21,23,2301,107680878,1393,2012-12-14,16,OZ,1,1.4
500552388,21,99,9908,103338333,33170,2013-01-21,48,OZ,1,2.49
500552674,21,33,3310,1082951585,27766,2012-05-03,7,OZ,1,2.5
500552674,21,56,5609,107170070,1142,2012-09-11,16,OZ,1,1.99
500553051,21,21,2103,1070742575,22488,2012-08-10,13.5,OZ,2,1.98
500553313,21,45,4508,104440040,7504,2012-03-15,19,OZ,1,4.24
500553313,21,9,911,107209272,9316,2012-08-03,5,OZ,1,1.79
500553313,21,4,417,103400030,9739,2012-12-09,3,OZ,1,1
500553313,21,36,3612,108265787,4687,2012-12-16,320,OZ,1,2.5
500553385,21,72,7203,1031254737,10554,2012-06-16,50.7,OZ,1,6.89
500553385,21,11,1102,104480040,22777,2012-06-16,500,CT,1,4.79
500553385,21,63,6330,104119040,16347,2012-06-29,16,OZ,1,2.49
500553385,21,25,2509,104119040,16347,2012-11-17,32,OZ,1,2.49
500553385,21,73,7345,104203747,1535,2013-03-23,100,CT,1,10.59
500553614,21,8,801,101300010,8164,2012-07-19,40,OZ,1,2.79
500553614,21,56,5620,104119040,16347,2012-09-22,8,OZ,6,8.94
500553614,21,41,4107,107050676,3860,2012-12-13,6.5,OZ,1,1
500555155,21,8,801,102700020,8612,2012-06-15,24,OZ,3,3.57
500555155,21,36,3630,104900040,3809,2012-07-18,144,OZ,1,4.99
500555155,21,63,6315,104138343,10091,2012-08-02,32,OZ,1,2.39
500555156,21,37,3711,104119040,16347,2012-03-10,12,OZ,1,2.49
500555156,21,99,9904,1071575676,5278,2013-01-20,6,OZ,1,4.99
500555336,21,21,2108,104119040,16347,2012-07-02,128,OZ,1,4.29
500555336,21,9,907,107167373,17480,2012-11-08,20,OZ,1,1.99
500556560,21,99,9904,103338333,33170,2012-03-21,16,OZ,1,2.49
500556560,21,10,1013,103890030,5072,2012-05-26,16,OZ,2,5
500556560,21,91,9109,1072105979,16583,2012-06-26,0.75,LT,1,16.99
500556560,21,9,907,107167373,17480,2012-12-16,22,OZ,1,2.49
500556696,21,33,3318,104119040,16347,2012-04-03,48,OZ,1,3.79
500556696,21,5,501,103000030,58434,2012-08-16,14,OZ,1,2.69
500556696,21,56,5607,104119040,16347,2013-02-28,8,OZ,1,1.49
500556878,21,12,1206,108000080,17292,2012-11-06,5,OZ,4,5.96
500557071,21,63,6320,104119040,16347,2012-10-03,18,CT,1,2.29
500557071,21,53,5307,104119040,16347,2012-10-30,14,OZ,1,1.99
500557071,21,96,9609,1052550050,88199,2012-11-02,0,,1,-1
500557301,21,99,9908,103338333,33170,2012-11-16,4,OZ,1,1.49
500557301,21,99,9904,103338333,33170,2012-11-23,80,OZ,1,6.99
500557795,21,51,5126,101380010,27474,2012-09-13,10.5,OZ,4,13.67
500557795,21,29,2906,1085428585,16475,2012-11-29,6.1,OZ,1,3.29
500558214,21,9,920,107978373,1081,2013-04-05,7.4,OZ,1,1.5
500558214,21,5,516,101600010,12426,2013-04-19,27,OZ,1,4.99
500558533,21,6,607,107007474,5810,2012-07-11,40,OZ,1,6.99
500559195,21,7,707,102550020,6550,2013-01-16,10.3,OZ,1,3.12
500559195,21,5,501,101600010,85114,2013-03-06,12.2,OZ,1,3.5
500561057,21,40,4001,104138747,60,2012-07-16,896,OZ,1,5.99
500561057,21,8,818,107764474,64256,2012-10-25,24,OZ,3,3
500562454,21,57,5704,105676252,5760,2012-04-05,6,OZ,2,2
500562454,21,71,7113,1060308464,7034,2012-04-19,13,OZ,1,3.29
500562454,21,26,2617,101090010,15232,2012-09-20,1,CT,1,3.29
500562454,21,34,3406,101700010,4912,2012-10-25,32,OZ,1,3.59
500562737,21,18,1898,101280010,14963,2012-09-20,1,CT,1,1.99
500562737,21,81,8115,107033070,1783,2012-11-01,1,CT,1,1.69
500562737,21,72,7203,104116747,193,2013-04-21,33.8,OZ,1,7.99
500563348,21,99,9908,103338333,33170,2012-09-06,4,OZ,1,1.79
500563348,21,99,9908,103338333,33170,2013-03-11,80,OZ,1,2.99
500563942,21,51,5125,102580020,16668,2012-03-25,9,OZ,2,5
500564436,21,9,902,103010030,3744,2012-09-11,15,OZ,1,3.29
500565253,21,70,7001,104119040,16347,2012-10-08,16,OZ,1,0.59
500565357,21,58,5812,1063690666,12339,2012-05-25,12,OZ,1,5.29
500565710,21,26,2633,104303242,11116,2012-04-14,12,RL,1,9.49
500565710,21,9,907,107133070,25887,2012-06-14,24,OZ,1,2.49
500565710,21,63,6315,104119040,16347,2013-02-01,64,OZ,1,2.49
500565995,21,59,5910,103377636,16650,2012-04-21,15,OZ,2,6.98
500565995,21,57,5704,104119040,16347,2013-02-03,32,OZ,1,2.29
500566126,21,9,907,104119040,16347,2012-03-25,20,OZ,2,2.54
500566126,21,9,907,104500040,20016,2012-08-06,16,OZ,1,2.99
500567052,21,31,3101,104119040,16347,2013-03-03,2,OZ,1,1.49
500567216,21,35,3509,102420020,14716,2012-06-15,50,OZ,1,2.99
500567216,21,51,5134,107008575,26885,2012-10-24,7,OZ,1,2.5
500567216,21,8,818,103620030,14868,2012-11-02,16,OZ,1,2.09
500567216,21,25,2504,104119040,16347,2012-12-31,12,OZ,1,0.89
500567879,21,73,7308,1031254636,7853,2013-01-02,20,CT,1,1.39
500567879,21,9,902,107084474,26374,2013-01-16,3.5,OZ,2,5.98
500568164,21,71,7113,1030815131,1079,2013-02-27,13.5,OZ,1,3.79
500569019,21,29,2928,104100040,9814,2012-09-21,5.6,OZ,2,2.67
500569205,21,51,5125,107265575,8089,2012-03-07,9.2,OZ,1,1.99
500569544,21,99,9904,103338333,33170,2012-07-17,80,OZ,1,6.99
500569544,21,7,707,107103878,25424,2013-03-01,10.3,OZ,1,3.99
500570025,21,9,908,107203070,5812,2012-09-17,16,OZ,1,3.24
500570025,21,36,3626,104900040,17186,2013-02-12,96,OZ,2,10
500570312,21,99,9908,103338333,33170,2013-03-20,32,OZ,1,1.5
500571290,21,99,9908,103338333,33170,2012-05-20,16,OZ,1,1.5
500571304,21,72,7205,103500030,3830,2012-06-01,7,OZ,2,6.58
500571741,21,81,8115,107033070,1783,2012-04-02,2,CT,1,2.79
500571741,21,27,2704,1076830373,2690,2012-05-29,16,OZ,1,8.99
500571741,21,99,9909,103260131,5489,2013-03-02,11,OZ,1,5.99
500571982,21,23,2310,104116444,27731,2013-01-14,16,OZ,3,6
500572159,21,58,5833,103526434,51696,2013-05-13,20,OZ,1,4.49
500572159,21,63,6319,102073525,18893,2013-07-03,128,OZ,1,2.99
500572868,21,5,520,103000030,14760,2013-01-13,18,OZ,2,4.78
500573261,21,30,3002,1089830080,57084,2012-07-02,15,OZ,1,3.99
500573261,21,56,5617,102100020,9886,2012-07-17,16,OZ,1,5.79
500573261,21,99,9908,107878373,26033,2012-09-22,12,OZ,1,1.99
500573447,21,41,4110,103940030,71386,2012-05-22,16,OZ,1,1.67
500573447,21,73,7308,1031254636,7853,2012-07-18,30,CT,1,1.19
500573447,21,4,410,10980090,98679,2013-01-26,5.3,OZ,1,3.59
500573470,21,41,4107,107079676,1618,2013-03-19,6,OZ,1,1.99
500575916,21,9,901,103010030,3454,2013-03-22,13.3,OZ,1,2.99
500576359,21,49,4901,104119040,16347,2012-09-29,32,OZ,1,2.5
500576359,21,36,3635,107169878,225,2012-10-20,120,OZ,1,2
500576359,21,63,6323,107045272,6176,2013-01-29,64,OZ,1,2.99
500576948,21,14,1405,104119040,16347,2013-03-23,14,OZ,1,0.99
500577351,21,37,3703,105100050,2820,2013-03-13,11,OZ,1,1.99
500577351,21,57,5710,1068954464,6086,2013-04-15,5.3,OZ,5,8.45
500578103,21,99,9908,103338333,33170,2012-04-21,16,OZ,1,0.99
500578190,21,5,501,1088491282,13689,2012-05-13,11,OZ,1,2.99
500578297,21,9,908,107203070,5812,2012-07-01,12,OZ,1,2.24
500578297,21,63,6305,104850040,18799,2013-03-23,59,OZ,1,2.99
500578374,21,28,2803,103150030,25139,2012-08-15,10,OZ,1,1.79
500578374,21,26,2633,105400050,16048,2013-02-26,12,RL,1,9.39
500578893,21,9,902,104400040,15335,2012-09-20,15.1,OZ,1,3.55
500579809,21,9,901,104119040,16347,2012-03-08,16,OZ,1,1.49
500579809,21,12,1206,108660080,2559,2012-05-05,12,OZ,1,4.39
500580040,21,8,803,106414464,7770,2012-05-01,12,OZ,3,3.57
500580040,21,63,6320,1071514171,25530,2012-07-29,12,CT,1,2.8
500580040,21,40,4004,107017777,18928,2012-10-18,1.41,OZ,1,2.69
500580262,21,33,3307,101030010,5740,2012-10-08,12,OZ,2,5
500580262,21,26,2633,104303242,11116,2013-02-27,12,RL,1,8.99
500580295,21,9,908,104500040,8511,2012-07-15,8,OZ,1,4.29
500580295,21,63,6316,104119040,16347,2012-07-20,16,OZ,1,1.29
500580632,21,1,103,101500010,29555,2013-03-04,4.5,OZ,1,1.49
500580943,21,10,1013,104119040,16347,2012-07-23,16,OZ,1,1.79
500581075,21,63,6305,104850040,18799,2012-05-30,59,OZ,1,2.79
500581075,21,44,4406,1082624686,19487,2012-09-20,8,OZ,1,4.99
500581326,21,41,4108,104133141,7531,2013-02-03,15.5,OZ,3,3.37
500581854,21,56,5617,102100020,9886,2012-08-31,12,OZ,1,2.39
500582216,21,72,7211,104119040,16347,2012-12-06,40,CT,1,1.99
500582367,21,99,9908,104119040,16347,2012-04-29,16,OZ,1,1.67
500582404,21,9,907,1078142171,21825,2012-11-08,16,OZ,1,3.99
500583353,21,96,9609,1051410050,88199,2012-05-16,0,,2,-0.8
500583528,21,74,7408,106220060,19259,2012-06-10,5.1,OZ,1,7.99
500583528,21,9,907,107341070,2437,2012-09-12,24,OZ,1,4.49
500583528,21,45,4511,107274575,13804,2012-10-03,24,OZ,2,19.98
500583528,21,9,907,107341070,888,2013-03-23,32,OZ,1,4.59
500584399,21,13,1306,104119040,16347,2012-11-30,5,LB,2,3.98
500584768,21,26,2626,104119040,16347,2012-07-11,1,CT,2,2.58
500584821,21,56,5611,104400040,5518,2012-12-02,8,OZ,1,4.49
500585003,21,99,9909,107143070,5072,2012-05-25,12,OZ,3,9.87
500585003,21,63,6315,104119040,16347,2012-11-04,128,OZ,1,3.59
500585101,21,57,5705,107047070,20230,2012-07-11,6,OZ,4,3
500585636,21,36,3601,104900040,3809,2012-03-18,240,OZ,1,5.99
500586011,21,26,2609,104116545,16879,2012-06-09,22,CT,2,2.68
500586011,21,26,2633,104303242,11116,2013-03-11,20,RL,1,13.36
500586011,21,36,3635,104119040,16347,2013-03-21,33.8,OZ,3,1
500586073,21,9,907,104119040,7221,2012-08-01,14,OZ,1,1.69
500586865,21,27,2707,101780010,93964,2013-03-09,3.15,LB,1,4.19
500586865,21,3,311,1064420969,5345,2013-03-21,16,OZ,1,1.49
500587772,21,21,2121,104133141,7531,2012-06-20,9.6,OZ,2,1
500587871,21,99,9904,103338333,33170,2012-04-01,16,OZ,2,4.98
500587871,21,58,5824,103526434,51696,2012-12-16,16,OZ,2,5.98
500587871,21,72,7203,1031254737,10554,2013-04-23,33.8,OZ,1,5.99
500587871,21,31,3101,105210050,11382,2013-05-20,2.87,OZ,1,2.29
500587962,21,26,2614,103700030,514,2013-03-12,28,CT,1,5.99
500591023,21,55,5552,102983929,6763,2012-04-26,48,OZ,1,2.99
500591023,21,12,1207,107030373,16112,2012-08-20,4.38,OZ,2,5.98
500591118,21,63,6330,104119040,16347,2012-09-21,16,OZ,1,2.49
500591118,21,33,3310,104178040,19154,2012-12-10,8.5,OZ,1,2.49
500591368,21,53,5307,104119040,16347,2012-11-01,9,OZ,1,3.99
500591368,21,5,501,103800030,758,2012-11-01,17,OZ,1,3.99
500592270,21,63,6312,102500020,11749,2012-09-21,59,OZ,4,5.96
500592574,21,26,2617,101090010,15232,2012-04-18,1,CT,1,1.99
500592738,21,4,412,107279979,19735,2013-03-19,9,OZ,1,3.29
500592776,21,14,1415,104119040,16347,2013-04-16,15,OZ,2,3
500593254,21,57,5710,105215959,41981,2012-12-01,16,OZ,1,4.49
500593254,21,99,9908,101228919,20877,2013-02-16,24,OZ,2,5
500594466,21,26,2613,103600030,8583,2012-11-04,56,CT,1,23.99
500594466,21,29,2914,104119040,16347,2012-12-06,12.9,OZ,1,2.79
500596505,21,4,418,104000040,26517,2012-07-05,10.9,OZ,1,2.5
500596505,21,2,201,105150050,14029,2012-11-13,15.25,OZ,2,2
500597845,21,21,2119,107336070,867,2012-04-09,128,OZ,1,2.19
500597845,21,8,814,102066222,12598,2012-05-05,16,OZ,2,5.58
500597940,21,62,6201,1071651979,11085,2013-04-09,12,OZ,1,1.89
500597988,21,36,3618,104119040,16347,2012-05-10,67.6,OZ,1,0.88
500597988,21,97,9799,103338333,33170,2012-09-24,1,CT,1,4.69
500598711,21,5,501,1088491282,86364,2012-07-29,16,OZ,1,3.59
500598776,21,33,3315,102620020,4615,2012-05-06,5.25,OZ,1,1
500598776,21,73,7307,104119040,16347,2012-05-25,30,CT,1,5.99
500598776,21,33,3305,102840020,5141,2012-07-21,9.25,OZ,1,2.99
500598776,21,18,1802,104613545,17898,2012-08-17,4,CT,1,1.39
500598776,21,21,2119,107618373,16756,2013-01-31,32,OZ,2,3.98
500600106,21,21,2105,104900040,14357,2012-08-10,32,OZ,3,3
500600106,21,56,5615,1072776676,11374,2012-09-20,8,OZ,1,1.88
500600106,21,7,707,107103878,25424,2012-09-20,11.3,OZ,2,8.58
500600106,21,36,3611,1064252464,12670,2012-12-13,405.6,OZ,1,2.99
500600538,21,33,3318,104119040,16347,2012-03-25,16,OZ,1,1.39
500600538,21,51,5122,108298888,19799,2012-05-13,11,OZ,1,4.99
500600538,21,36,3611,107572070,14196,2013-02-24,64,OZ,1,2.5
500600538,21,63,6325,103760030,63690,2013-04-03,21,OZ,1,3.99
500600665,21,55,5552,107064070,2014,2012-03-26,56,OZ,1,3.69
500600665,21,26,2609,104119040,16347,2012-11-26,48,CT,1,2.69
500601295,21,63,6320,104119040,16347,2012-11-30,12,CT,1,1.29
500601351,21,30,3001,104119040,16347,2012-03-04,15,OZ,1,2.19
500601351,21,28,2806,10930090,12157,2012-05-15,16,OZ,2,4
500601351,21,33,3318,104178040,19154,2012-07-01,16,OZ,3,5.64
500601382,21,62,6201,107349171,9883,2012-08-02,22,OZ,2,5
500603280,21,8,838,104174040,7430,2012-11-20,6,OZ,1,1.49
500604405,21,99,9901,104322242,26099,2012-12-24,0.67,OZ,1,2.49
500605565,21,26,2613,103700030,13481,2012-04-15,96,CT,1,29.99
500605565,21,99,9904,103338333,33170,2012-07-01,16,OZ,1,2.99
500605565,21,57,5710,103663232,4568,2012-08-19,5.3,OZ,2,2.5
500605760,21,5,501,101862717,9496,2012-08-07,13.8,OZ,1,3.29
500605760,21,58,5833,105229454,26863,2013-02-24,16,OZ,1,5.99
500606169,21,63,6319,102073525,18893,2012-03-05,64,OZ,1,1.99
500606169,21,49,4902,107271474,11375,2012-09-08,26,OZ,1,3
500606169,21,99,9904,103338333,33170,2012-10-07,16,OZ,1,3.99
500606169,21,38,3802,104920040,5098,2012-11-23,2,LB,1,2.39
500606169,21,9,908,107203070,5812,2013-02-17,16,OZ,1,3.34
500606568,21,21,2119,1061300868,867,2012-05-20,128,OZ,2,5
500606568,21,21,2119,1061300868,867,2012-12-21,128,OZ,4,11.16
500606761,21,41,4108,107079676,3198,2013-04-13,16,OZ,1,3.69
500608453,21,30,3010,104119040,16347,2012-10-15,16,OZ,1,1.66
500608572,21,9,913,104812141,18322,2012-10-26,24,OZ,1,2.49
500608729,21,79,7903,10912898,47294,2012-05-01,1,CT,1,4.99
500608729,21,5,502,101600010,86101,2012-05-29,6.6,OZ,1,2.75
500608792,21,17,1703,102340020,16836,2012-11-14,25.4,OZ,2,7.38
500608807,21,41,4107,104119040,16347,2012-07-13,15,OZ,6,4.08
500608967,21,56,5613,104119040,16347,2013-02-06,15,OZ,1,2.49
500609374,21,37,3707,104119040,16347,2012-09-06,14.5,OZ,3,2.25
500609374,21,25,2506,105000050,32115,2012-12-22,16,OZ,1,1.67
500610014,21,9,908,101290010,7175,2012-06-03,8,OZ,1,1.99
500610014,21,97,9753,1020050121,0,2012-07-08,1,CT,1,4.34
500610014,21,36,3601,101200010,13794,2012-08-19,67.6,OZ,5,7
500610014,21,97,9753,1020050121,0,2012-12-09,1,CT,1,2.66
500610685,21,26,2609,104200040,5016,2012-03-17,35,CT,1,2.89
500610685,21,51,5127,1065827666,8605,2013-02-16,14.1,OZ,1,2.89
500611354,21,17,1701,102340020,16836,2012-06-20,24,OZ,1,2.99
500612818,21,17,1704,101920010,10882,2013-02-08,32,OZ,1,3.49
500613760,21,56,5620,104119040,16347,2012-07-22,8,OZ,1,2.29
500613916,21,8,810,104140949,18137,2013-01-05,2.75,OZ,1,0.89
500614435,21,57,5710,1081829080,21065,2013-02-05,14,OZ,2,6.58
500615114,21,41,4105,102700020,8612,2012-03-18,28,OZ,4,6
500615114,21,9,902,101410010,45039,2012-04-09,6.6,OZ,1,2.19
500615114,21,5,501,101600010,3331,2012-04-29,11.3,OZ,1,4.59
500615226,21,25,2506,104127141,26189,2012-11-19,32,OZ,1,3.69
500615226,21,63,6320,1071514171,25530,2013-01-23,18,CT,1,3.97
500615988,21,25,2505,104410040,8481,2012-09-23,32,OZ,2,2.98
500615988,21,28,2805,104119040,16347,2012-11-04,6,OZ,1,0.99
500616743,21,45,4509,104699444,59626,2012-12-23,32,OZ,1,11.99
500617316,21,38,3801,104119040,16347,2012-07-10,5,LB,1,3.09
500617838,21,55,5552,102073525,18893,2013-03-28,48,OZ,2,6.58
500617904,21,72,7205,103500030,3830,2012-08-01,6,OZ,1,2.79
500618053,21,56,5607,104119040,16347,2012-08-07,8,OZ,1,1.33
500618053,21,55,5555,107457070,26051,2013-02-15,14,OZ,2,6.58
500618057,21,9,907,107518575,11221,2012-05-21,15,OZ,1,3.49
500618548,21,5,501,104119040,16347,2013-03-06,16.4,OZ,1,2.69
500618993,21,25,2503,104119040,16347,2012-03-23,16,OZ,1,2.59
500618993,21,5,502,103800030,9543,2012-04-16,8,OZ,2,5.58
500618993,21,9,907,104500040,20016,2012-06-23,20,OZ,1,1.99
500618993,21,63,6320,104119040,16347,2012-07-05,18,CT,1,2.19
500618993,21,57,5705,105360050,10074,2013-02-07,6,OZ,6,3
500619092,21,1,106,101500010,29555,2013-01-06,4.5,OZ,2,2.98
500619407,21,8,810,105210050,11382,2013-02-02,1.5,OZ,1,0.5
500619475,21,41,4107,102300525,30439,2013-04-09,14,OZ,1,1.29
500619615,21,55,5567,107585676,9798,2012-06-20,24,OZ,1,3.69
500619615,21,23,2301,1076738777,5261,2012-10-03,13.25,OZ,1,2.19
500619936,21,33,3307,101411313,23033,2012-05-30,16,OZ,1,6.99
500619973,21,9,920,104141949,3909,2012-03-07,7,OZ,2,3.58
500619973,21,6,607,107007474,5810,2013-02-04,48,OZ,2,15.98
500620822,21,29,2928,101530010,58299,2012-04-29,7.9,OZ,1,1
500620822,21,21,2105,105200050,7054,2012-08-12,32,OZ,1,1
500620826,21,63,6328,102016929,16492,2012-09-30,32,OZ,1,3.99
500621578,21,26,2620,101370010,8154,2012-05-09,18,CT,2,5.58
500621578,21,5,501,103800030,4089,2012-06-19,9.2,OZ,2,6.78
500621578,21,9,908,104812141,18322,2012-12-18,7,OZ,1,1.99
500622251,21,18,1898,107309676,13490,2012-04-22,8,CT,1,2.66
500622251,21,23,2301,107130070,15474,2012-12-30,16,OZ,3,3.9
500622549,21,63,6305,105360050,18699,2012-03-12,59,OZ,2,3.98
500622789,21,29,2927,107225171,12502,2013-02-18,6,OZ,1,1.66
500622943,21,9,907,104500040,20016,2012-05-23,12,OZ,1,1.29
500623077,21,4,411,105541555,22799,2013-02-22,5.64,OZ,1,1
500623119,21,12,1206,108660080,2559,2012-03-07,5,OZ,2,3.18
500623119,21,36,3618,101200010,23361,2012-10-05,144,OZ,1,4.5
500623119,21,9,911,107209272,9316,2013-04-14,5,OZ,1,1.79
500625625,21,33,3305,102840020,18584,2012-11-02,10,OZ,1,3
500625625,21,21,2108,104119040,16347,2013-04-02,64,OZ,2,3.38
500625629,21,63,6315,104119040,16347,2013-03-03,64,OZ,1,2.29
500626345,21,40,4004,101115616,18190,2013-04-02,8,OZ,0,0
500626515,21,56,5611,107981373,2252,2013-03-29,5.2,OZ,1,3.99
500627572,21,5,501,103800030,5618,2012-03-28,9.4,OZ,1,2.89
500627572,21,5,501,104240040,40317,2012-05-04,18,OZ,1,1.69
500627572,21,41,4108,104133141,7531,2012-07-04,15.5,OZ,4,3
500628274,21,30,3008,104133545,43106,2013-04-11,24,OZ,1,3.99
500628524,21,63,6312,102500020,11749,2012-03-21,59,OZ,3,2.97
500628524,21,4,416,104000040,11698,2012-12-15,3.36,OZ,1,1.5
500629134,21,60,6007,104119040,16347,2013-04-05,8,OZ,1,2.19
500631081,21,36,3611,104119040,16347,2013-02-01,202.8,OZ,2,6.58
500631755,21,58,5899,107701171,54672,2012-07-23,16,OZ,3,7.17
500631755,21,29,2903,106414464,3342,2012-08-13,14.75,OZ,3,3.57
500631755,21,26,2609,104200040,5016,2013-01-14,35,CT,1,2.99
500631755,21,8,814,104119040,16347,2013-04-15,16,OZ,1,2.29
500632347,21,30,3007,107184070,11154,2012-08-12,11.5,OZ,1,2.99
500632347,21,23,2301,107680878,1393,2012-08-27,16,OZ,1,1.4
500632347,21,56,5613,107104070,76668,2013-03-24,16,OZ,3,12.72
500632707,21,36,3604,107800070,2829,2012-06-22,33.8,OZ,1,1.59
500634279,21,29,2902,105100050,2820,2012-10-25,19,OZ,2,6.38
500634279,21,63,6315,104119040,16347,2013-03-06,16,OZ,1,0.79
500634280,21,9,901,103010030,9530,2012-07-03,10,OZ,1,3.19
500634280,21,51,5126,101380010,27474,2013-03-19,14.5,OZ,2,7
500634280,21,29,2903,106414464,3342,2013-06-11,15,OZ,1,1
500634496,21,10,1013,103890030,5072,2012-10-26,16,OZ,2,5
500634496,21,30,3010,104100040,19975,2013-01-09,16,OZ,2,5
500634496,21,36,3612,107572070,14196,2013-01-23,320,OZ,2,5
500634500,21,36,3630,107800070,23561,2013-01-06,144,OZ,1,4.3
500634500,21,75,7501,107214070,12679,2013-02-13,13.5,OZ,1,6.49
500634561,21,11,1111,101862717,9496,2012-05-20,1.76,OZ,1,1.29
500634561,21,8,811,1070601070,1393,2012-06-24,24,OZ,1,2.49
500634561,21,33,3318,107041575,27016,2013-01-26,12,OZ,2,1.76
500635254,21,54,5403,107790070,9200,2012-07-10,12.8,OZ,1,4.99
500635254,21,58,5828,107790070,9200,2012-12-02,9.6,OZ,2,7.38
500635254,21,30,3008,104119040,16347,2013-06-05,16,OZ,1,1.67
500635282,21,10,1012,102700020,23332,2012-04-16,13,OZ,1,1
500635282,21,21,2119,105360050,17209,2012-05-23,60,OZ,1,1.77
500635860,21,99,9908,104119040,16347,2012-08-14,10,OZ,1,1.99
500635860,21,23,2301,107680878,1393,2013-03-10,16,OZ,1,1.4
500635913,21,27,2713,102310020,3223,2012-05-02,3.5,OZ,4,3.2
500635913,21,71,7114,107940070,5168,2012-07-26,7,OZ,1,3.99
500635913,21,9,922,102430020,10577,2012-12-07,13,OZ,1,1.79
500635913,21,19,1905,105150050,16728,2012-12-29,12,OZ,1,2.49
500635975,21,18,1842,107179878,14807,2012-04-24,1,CT,1,3.29
500635975,21,56,5620,104119040,16347,2013-01-17,8,OZ,1,1.99
500636087,21,58,5812,105450050,1322,2012-05-22,14,OZ,4,9.96
500636087,21,8,807,101300010,9031,2012-09-03,28,OZ,1,3.29
500636087,21,9,907,107519979,2771,2012-12-01,16,OZ,1,3.99
500636223,21,14,1411,104119040,6164,2012-03-23,20,OZ,1,1.39
500636850,21,9,901,104400040,12885,2012-07-26,16,OZ,1,4.49
500636850,21,79,7902,1085282383,45126,2012-08-26,1,CT,1,1.5
500636850,21,99,9908,103338333,33170,2013-01-11,16,OZ,1,1.79
500636850,21,36,3611,107572070,14196,2013-01-23,405.6,OZ,1,5.49
500637619,21,8,803,104119040,16347,2012-05-05,12,OZ,2,1.98
500637711,21,31,3101,1060502161,12114,2012-08-06,2.5,OZ,2,5
500637711,21,59,5902,104119040,16347,2013-02-21,16,OZ,1,2.29
500637869,21,29,2904,101600010,7860,2012-10-22,5.5,OZ,1,2
500638513,21,8,814,102840020,18584,2012-11-04,24,OZ,1,3.5
500639720,21,63,6315,104119040,16347,2012-03-24,128,OZ,1,2.79
500640244,21,57,5705,103663232,4568,2012-09-04,16,OZ,1,2.79
