473414203,101,26,2609,1068826767,7173,2012-10-28,150,CT,1,4.95
473414203,101,31,3101,1060502161,12114,2012-12-21,2.5,OZ,1,2.99
473414203,101,0,0,10000,20405,2013-03-03,0,,1,-4
473414977,70,8,835,102150020,10238,2012-07-16,12,OZ,1,2.3
473416692,65,9,901,1070897171,10653,2012-11-25,15,OZ,1,3.99
473423407,70,9,902,103010030,20332,2012-05-03,16,OZ,2,2.74
473423407,70,58,5823,105190050,26456,2013-04-11,20,OZ,1,4.99
473424893,65,9,901,104400040,13243,2012-10-12,15.5,OZ,1,2.99
473426654,64,28,2803,10930090,12157,2012-04-07,8,OZ,1,0.96
473426654,64,55,5552,102073525,18893,2012-08-30,48,OZ,2,11.98
473428432,70,36,3631,1072543979,40679,2012-10-27,67.6,OZ,1,0.83
473428432,70,33,3309,107797575,27417,2013-01-10,16,OZ,1,3.49
473428432,70,5,516,103000030,14760,2013-02-25,15.1,OZ,1,3.99
473429962,70,51,5115,107218070,15035,2012-07-08,21.06,OZ,1,3.34
473429962,70,58,5823,105190050,26456,2012-07-18,16,OZ,1,4.1
473429962,70,19,1905,1072543979,40679,2013-02-22,32,OZ,1,1.77
473429962,70,9,901,104400040,12600,2013-04-03,10.5,OZ,2,7.69
473429962,70,56,5607,102100020,13967,2013-05-21,8,OZ,1,2.29
473429962,70,9,902,104400040,18775,2013-05-24,9,OZ,1,1.04
473430692,101,0,0,10000,20405,2012-05-29,0,,1,-23.68
473430692,101,60,6007,101800010,14029,2012-12-08,8,OZ,3,6.09
473430692,101,69,6901,101204414,13056,2013-03-07,2.6,OZ,1,3.99
473430692,101,9,917,1068826767,81691,2013-05-23,20,OZ,2,3
473435601,70,99,9909,107127979,6732,2012-03-14,9,OZ,1,1.5
473439169,70,57,5704,107047070,20230,2012-03-24,4,OZ,2,0.3
473439169,70,33,3302,102700020,57417,2012-07-21,17.4,OZ,1,3.99
473439169,70,40,4004,1072543979,40679,2012-09-29,8,OZ,1,2.19
473439169,70,29,2903,106414464,3342,2013-01-19,15,OZ,4,4.27
473439169,70,96,9609,1052100050,88199,2013-03-31,0,,1,-1
473439169,70,58,5833,1072543979,6564,2013-04-20,48,OZ,1,6.98
473440679,64,41,4110,105200050,19212,2012-03-28,28,OZ,1,1.69
473440679,64,17,1703,101920010,10882,2012-08-24,40,OZ,1,3.19
473442026,62,51,5116,107218070,6718,2012-08-15,27.35,OZ,1,4.5
473444895,64,51,5123,101380010,27474,2012-07-25,38,OZ,1,5.99
473451957,65,36,3601,101200010,13794,2012-08-12,144,OZ,1,5.59
473455915,64,19,1908,103582636,6564,2012-08-26,18,OZ,1,2.6
473455915,64,63,6318,107738777,11064,2012-12-20,17,OZ,1,2.62
473455915,64,8,818,103620030,14868,2013-01-17,45,OZ,1,1.59
473455915,64,56,5620,1072543979,40679,2013-06-19,8,OZ,1,2.27
473456333,101,8,801,101300010,8164,2012-08-26,40,OZ,1,2.5
473456333,101,26,2604,1068826767,7173,2012-10-19,90,CT,1,0.79
473456333,101,49,4901,1068826767,20616,2013-03-02,32,OZ,1,2
473456761,64,9,901,103010030,16825,2012-07-05,15,OZ,1,2.5
473456761,64,7,706,104127141,26189,2012-09-23,64,OZ,1,4.39
473464008,70,7,703,104300040,11339,2013-01-31,8.5,OZ,1,3.19
473464350,70,10,1011,1085123181,17625,2013-06-20,8,OZ,3,3.5
473467114,68,27,2713,102310020,3223,2012-06-20,3.5,OZ,6,5.34
473477063,64,97,9753,104586848,0,2012-07-24,1,CT,1,3.34
473477063,64,18,1827,104650040,7249,2012-09-16,9.7,OZ,1,2.79
473477063,64,57,5710,103663232,4568,2013-02-24,21.2,OZ,1,4.99
473478515,68,12,1203,104800040,38150,2012-03-18,3.75,OZ,2,1.33
473478515,68,29,2903,106414464,3342,2013-02-23,15,OZ,3,3
473479840,70,97,9781,10000,8255,2012-05-24,1,CT,1,-1.32
473479840,70,63,6313,102670020,4664,2012-07-03,16,OZ,1,1.79
473479840,70,19,1905,103582636,6564,2013-01-30,18,OZ,1,2.15
473481303,70,97,9753,1021601020,0,2013-05-27,1,CT,1,5.09
473481303,70,36,3632,101480010,8019,2013-07-12,128,OZ,1,2.5
473484353,70,41,4107,1073639373,7308,2012-04-13,27,OZ,1,0.39
473484353,70,9,902,103010030,3744,2012-05-06,16,OZ,1,2.99
473484353,70,8,814,102840020,18584,2013-05-26,15,OZ,1,3.69
473489129,70,5,501,103000030,14760,2012-10-25,12.3,OZ,1,2.99
473489129,70,9,907,107225070,12465,2012-12-20,20,OZ,1,2.19
473494860,68,9,922,102430020,10577,2012-10-12,28,OZ,1,3.79
473494892,68,63,6319,108390080,7368,2012-06-01,59,OZ,2,4.5
473494892,68,18,1890,105209252,43069,2012-11-14,1,CT,1,2.79
473494892,68,10,1011,104300040,26232,2012-11-29,14.5,OZ,4,10.07
473495634,71,33,3312,103700030,14494,2013-01-31,6.41,OZ,3,5
473499296,64,56,5614,104610040,15889,2012-07-05,9,OZ,1,3.99
473503421,68,72,7203,103700030,4294,2012-03-10,16.9,OZ,1,3.99
473503421,68,54,5403,105100050,1058,2012-09-03,5.25,OZ,1,1
473503421,68,33,3309,102840020,18584,2013-01-27,13,OZ,1,3.99
473505968,68,29,2921,101114010,8604,2012-04-16,6.1,OZ,1,1.49
473505968,70,8,801,101300010,8164,2012-09-23,36,OZ,1,2.74
473505968,68,26,2633,1072543979,40679,2013-05-29,12,RL,1,6.23
473511412,64,5,519,103582636,6564,2012-05-09,12.3,OZ,2,5.58
473511412,64,27,2702,105000050,491,2012-08-01,16,LB,2,15.98
473512110,65,28,2806,10930090,12157,2012-07-16,80,OZ,1,2.69
473512110,65,26,2609,1072543979,40679,2013-06-08,40,CT,1,1.59
473516618,70,55,5562,1085673282,93384,2012-08-19,16,OZ,2,7.38
473518969,64,9,901,104400040,85927,2012-07-23,8.8,OZ,1,3.29
473518969,64,36,3618,104900040,23359,2013-03-09,101.4,OZ,4,10
473520209,64,99,9908,103338333,33170,2012-03-31,16,OZ,1,1.81
473522105,68,58,5824,107778272,9260,2012-11-09,12,OZ,1,2.99
473522105,68,5,516,101600010,12426,2013-01-04,7.4,OZ,2,5.58
473524078,68,55,5567,107585676,9798,2013-04-28,24,OZ,1,3.14
473527340,69,63,6312,105020050,52045,2012-05-26,128,OZ,2,7.38
473527340,69,58,5823,105190050,26456,2012-05-26,16,OZ,1,0.63
473527340,69,9,901,104400040,3453,2012-12-11,14,OZ,1,2.99
473527340,69,22,2210,103700030,6947,2013-03-30,64,OZ,1,2.74
473527340,69,8,801,1072543979,40679,2013-04-12,40,OZ,1,1.68
473527340,69,21,2105,105200050,7054,2013-05-19,160,OZ,1,5.99
473527494,65,63,6320,1072543979,40679,2012-11-23,12,CT,1,0.75
473527494,65,36,3611,101200010,803,2012-11-29,101.4,OZ,1,2.5
473530116,64,58,5823,105190050,26456,2012-08-10,16,OZ,1,4.49
473530116,64,36,3628,101200010,12029,2013-03-09,144,OZ,1,2.75
473539978,65,33,3303,104126242,19971,2012-07-14,6.75,OZ,2,5.76
473539978,65,56,5607,102100020,13967,2012-09-01,8,OZ,1,2.31
473540782,70,9,921,1072543979,17933,2012-03-27,4,OZ,1,0.99
473546663,64,34,3403,101700010,4912,2013-03-07,12,OZ,1,2.99
473547553,64,27,2702,102310020,13705,2013-02-20,17,LB,1,16.99
473552053,65,63,6315,1072543979,40679,2012-05-19,128,OZ,1,3.11
473552053,65,58,5823,104450040,8318,2012-05-19,8,OZ,1,3
473552053,65,51,5115,107192171,18492,2012-07-09,20.5,OZ,1,3.4
473552053,65,51,5128,1071785474,11614,2012-12-24,8.5,OZ,3,2.38
473552053,65,55,5558,103582636,6564,2013-01-12,30,OZ,1,2.09
473557921,64,36,3618,104900040,23359,2012-09-20,67.6,OZ,4,3.96
473557921,64,19,1905,103582636,6564,2013-01-18,18,OZ,1,2.59
473558676,65,53,5307,101450010,20864,2012-10-09,11,OZ,2,3.18
473558711,62,58,5836,103582636,6564,2012-11-18,9,OZ,1,2.79
473558711,62,27,2704,104152242,11418,2013-05-19,64,OZ,1,6.59
473558711,62,9,902,104400040,15335,2013-05-19,8.1,OZ,1,2.5
473558711,62,36,3632,107800070,4354,2013-05-19,50.7,OZ,1,0.99
473558963,64,56,5617,105300050,2199,2012-06-07,8,OZ,1,1.5
473558963,64,58,5834,102370020,18969,2012-07-20,6,OZ,1,2.99
473558963,64,27,2713,105000050,11668,2013-03-07,5.5,OZ,6,1.2
473558963,64,21,2105,104900040,14357,2013-03-20,32,OZ,3,2.78
473561413,70,28,2806,105410050,19509,2012-10-17,46,OZ,1,1.3
473561413,70,54,5403,107229070,18158,2013-05-01,16.3,OZ,1,5.09
473565043,68,63,6315,1074236575,8499,2012-08-28,64,OZ,1,3.99
473565411,68,41,4105,102700020,8612,2012-09-07,14.5,OZ,1,1.17
473566759,70,58,5812,105450050,1322,2012-06-06,16,OZ,1,4.99
473566759,70,23,2301,103582636,6564,2012-12-12,16,OZ,1,1.39
473566759,70,21,2105,105200050,7054,2013-06-11,32,OZ,1,1
473568351,65,97,9753,1023864424,0,2012-04-16,1,CT,1,2.58
473568351,65,58,5836,107590070,2073,2012-11-09,12,OZ,1,2.99
473568513,101,53,5307,1068826767,20616,2012-04-06,16,OZ,1,1.89
473568513,101,9,907,101410010,13791,2012-10-01,16,OZ,1,3.79
473568513,101,11,1113,104345444,10440,2012-10-07,5.5,OZ,1,3.99
473571543,70,24,2407,101700010,885,2012-03-10,4.75,OZ,2,0.4
473571543,70,32,3202,102700020,19737,2012-05-29,48,OZ,1,3.49
473571543,70,97,9781,10000,8255,2012-12-20,1,CT,1,-2.58
473572207,70,64,6401,108066080,4098,2012-09-19,144,OZ,1,12.99
473577095,65,9,922,102430020,10577,2013-02-03,11,OZ,1,1.5
473577095,65,34,3403,101700010,4912,2013-02-10,12,OZ,1,2.99
473580205,373,9,902,104400040,18775,2013-01-27,9,OZ,2,6.38
473585531,70,23,2301,107130070,15474,2012-11-01,16,OZ,1,1.79
473585531,70,9,917,102733121,13084,2013-02-10,25,OZ,1,2.19
473585531,70,56,5614,1072543979,40679,2013-07-12,12,OZ,1,2.47
473585650,70,55,5552,107756777,2347,2012-10-18,48,OZ,2,6
473586109,68,35,3506,1072543979,21664,2012-04-12,75,OZ,1,3.79
473587086,68,23,2301,102920020,12168,2012-07-31,16,OZ,2,1.78
473589695,65,8,818,105100050,14403,2012-10-11,24,OZ,1,2.39
473589695,65,0,0,10000,20405,2013-03-15,0,,1,-4.69
473590496,68,56,5609,107342070,4529,2012-08-19,24,OZ,1,2.99
473591876,65,36,3618,101200010,23361,2012-08-16,96,OZ,1,3
473591876,65,36,3611,1072543979,40679,2012-11-27,405.6,OZ,1,2.99
473592372,70,36,3626,104900040,17186,2012-03-30,67.6,OZ,2,3.48
473592372,70,57,5704,103663232,4568,2013-05-19,16,OZ,1,2.29
473592758,64,9,908,104980040,12592,2012-05-10,8,OZ,1,3.99
473592758,64,63,6315,1072543979,40679,2012-12-05,64,OZ,1,2.51
473592758,64,9,902,1072543979,40679,2013-07-15,14.4,OZ,1,1.18
473593241,65,55,5567,107064070,19704,2012-06-15,13.5,OZ,2,9.98
473595741,64,63,6315,1072543979,40679,2012-11-04,128,OZ,1,3.23
473596823,65,5,519,103000030,14760,2012-06-30,12.3,OZ,1,2.99
473600812,64,36,3604,107800070,2829,2012-03-18,67.6,OZ,2,3
473608432,64,4,417,103400030,8247,2012-06-03,2.1,OZ,1,1.5
473608524,65,26,2622,1072543979,21664,2012-11-18,50,CT,1,3.99
473608524,65,28,2803,10930090,12157,2013-01-31,8,OZ,1,1.99
473609524,64,30,3001,102100020,9886,2012-05-03,30,OZ,2,8.28
473609524,64,99,9908,103338333,33170,2012-07-05,80,OZ,1,4.14
473609524,64,30,3001,102100020,9886,2012-09-01,30,OZ,2,7.72
473613741,70,45,4511,102370020,18969,2012-03-17,25,OZ,1,6.39
473613741,70,36,3611,1072543979,40679,2012-05-05,405.6,OZ,1,2.99
473616579,64,92,9208,104145747,7487,2012-09-13,4,CT,1,1.35
473619556,64,26,2633,104303242,11116,2013-01-06,4,RL,1,3.49
473619556,64,64,6408,108500080,6967,2013-02-21,1.5,LT,1,8.49
473623499,64,9,907,107130979,17614,2012-05-09,20,OZ,1,2.79
473628328,70,60,6007,101800010,14029,2012-12-11,8,OZ,2,3.58
473628328,70,63,6323,1072543979,40679,2013-03-05,64,OZ,1,2.21
473636254,64,26,2628,1072543979,40679,2012-05-05,1,RL,2,3.18
473642007,65,8,817,1072543979,40679,2012-11-27,26,OZ,1,1.25
473644095,70,33,3304,102840020,6777,2012-06-05,10.5,OZ,1,1.4
473647693,70,97,9781,10000,8255,2013-07-04,1,CT,1,-1.5
473648929,65,25,2508,102529323,16410,2012-10-31,64,OZ,1,3.14
473648929,65,36,3629,101200010,23360,2012-11-06,96,OZ,1,3
473648929,65,9,901,104400040,3453,2012-11-10,10,OZ,2,3.98
473650114,68,63,6315,1072543979,40679,2012-07-22,64,OZ,1,2.51
473650114,68,37,3709,107066272,12673,2012-10-13,3,OZ,6,1.74
473650114,68,36,3618,101200010,23361,2012-11-28,50.7,OZ,1,0.99
473656010,70,41,4107,102400020,4704,2012-06-18,14.5,OZ,2,2.98
473656716,101,41,4107,102000020,7655,2013-04-03,15,OZ,1,0.99
473661219,68,37,3703,105100050,2820,2012-12-04,10.75,OZ,4,3.65
473661219,68,37,3703,105100050,2820,2013-02-19,10.5,OZ,1,1.25
473666582,64,63,6315,1072543979,40679,2012-08-30,128,OZ,1,3.48
473666710,70,56,5616,103582636,6564,2013-02-07,8,OZ,1,1.87
473667862,64,26,2620,1072543979,40679,2013-02-16,20,CT,1,0.94
473668279,65,8,810,105210050,11382,2012-10-14,1,OZ,1,0.29
473668279,65,9,907,105040050,95440,2013-03-09,12,OZ,1,2.49
473668398,68,23,2301,1072543979,40679,2012-10-11,16,OZ,2,2.5
473668398,68,53,5309,101450010,20864,2013-02-08,12,CT,1,4.69
473670813,64,9,902,1087627484,24123,2012-11-23,8,OZ,1,1
473670813,64,36,3601,104900040,3809,2012-12-05,42.2,OZ,1,0.99
473679811,101,9,908,102430020,10577,2012-03-25,10,OZ,1,1.79
473679811,101,63,6315,107047272,26467,2012-05-11,128,OZ,1,3.67
473680342,70,36,3630,107800070,5208,2012-08-30,144,OZ,1,2.25
473681248,70,38,3801,104920040,5098,2012-03-20,2,LB,1,0.8
473682821,68,20,2002,105100050,27873,2012-06-15,48,OZ,1,4.5
473682821,68,3,311,105150050,14029,2012-11-08,16,OZ,1,1.5
473683356,64,9,905,103582636,6564,2012-09-15,6,OZ,1,1.39
473683356,64,63,6305,102500020,16489,2012-09-22,59,OZ,1,3
473684520,64,9,908,1072543979,40679,2012-08-16,13,OZ,1,1.37
473684520,64,30,3001,102100020,11761,2012-10-07,30,OZ,1,5
473684520,64,34,3402,1060308464,7034,2012-10-30,2,OZ,1,4.99
473692942,65,58,5827,1078533171,7796,2012-06-10,16,OZ,1,3.59
473692942,65,18,1842,101117111,2615,2012-09-10,1,CT,1,2.49
473692942,65,8,814,104156545,13412,2012-09-18,16,OZ,1,2.39
473692942,65,4,416,104000040,26517,2013-03-03,1.74,OZ,2,1.98
473692942,65,22,2201,104460040,3718,2013-03-20,30,OZ,1,1.59
473693750,70,25,2506,103582636,6564,2013-05-22,32,OZ,1,2.59
473694927,65,38,3801,1072543979,40679,2012-03-04,10,LB,1,5.99
473694927,65,63,6311,107146474,2142,2012-11-28,15.2,OZ,1,2.5
473694927,65,9,907,1072543979,40679,2013-03-10,12,OZ,2,1.75
473696707,64,44,4404,105100050,13791,2012-04-21,11.25,OZ,1,2
473696707,64,0,0,10000,20405,2012-05-19,0,,1,-0.44
473696707,64,9,905,101410010,13791,2012-06-23,14,OZ,2,5.98
473696707,64,9,921,1072543979,17933,2012-10-19,3.25,OZ,1,0.99
473696865,70,99,9909,1078970777,26870,2012-12-09,5,OZ,1,3.49
473697359,70,8,818,103620030,14868,2012-04-16,66,OZ,1,4.75
473697397,65,55,5552,103582636,6564,2012-08-13,48,OZ,2,5.78
473697397,65,37,3703,105100050,2820,2012-10-29,11.5,OZ,2,3.18
473698176,70,51,5128,1071785474,11614,2012-03-03,5,OZ,1,1.25
473698176,70,51,5128,101450010,20864,2012-11-12,10,OZ,1,2.38
473698176,70,36,3604,107800070,2829,2013-02-05,144,OZ,1,5.59
473698176,70,63,6315,1072543979,40679,2013-03-03,128,OZ,1,3.22
473698176,70,58,5824,107778272,9260,2013-04-23,16,OZ,1,4.29
473698176,70,36,3626,101200010,16391,2013-05-12,144,OZ,1,3
473701638,64,60,6010,101800010,14029,2012-04-15,30,OZ,1,1.51
473701638,64,33,3303,1072543979,40679,2013-02-24,10,OZ,2,3.94
473705153,68,44,4404,104593747,708,2012-11-15,24,OZ,2,7.98
473706234,62,5,501,101600010,3331,2012-10-01,10,OZ,1,3.99
473709443,65,31,3110,103760030,8501,2012-04-30,2.8,OZ,1,1.6
473709815,71,9,901,103010030,3454,2012-10-20,14.8,OZ,2,4
473709815,71,29,2928,104100040,9814,2013-03-03,5.4,OZ,1,1
473710191,65,51,5115,107218070,15035,2013-01-17,10.29,OZ,1,3.09
473711026,70,69,6901,107940070,5168,2013-02-18,3,OZ,1,4.69
473711026,70,33,3302,103582636,6564,2013-05-03,15,OZ,1,3.97
473713127,68,99,9909,107127979,6732,2012-04-06,12,OZ,1,1.57
473713127,68,57,5710,103663232,4568,2013-03-27,5.3,OZ,4,4.29
473713127,68,63,6323,1072543979,40679,2013-04-15,64,OZ,1,2.99
473718154,68,9,901,104400040,3453,2012-05-10,14,OZ,1,1.99
473718154,68,57,5705,107047070,20230,2013-03-11,4,OZ,1,0.76
473720279,101,21,2113,1068826767,12475,2013-02-11,27,OZ,2,4.67
473720279,101,30,3010,104133545,43106,2013-05-06,9,OZ,1,1.25
473720625,65,28,2804,10930090,12157,2012-12-30,12,OZ,1,2.19
473722504,70,31,3110,104470040,13310,2012-11-13,3,OZ,1,2.15
473722504,70,9,907,101410010,13791,2013-05-09,16,OZ,1,3.79
473724811,64,9,905,103582636,6564,2012-12-21,16,OZ,1,2.69
473730404,68,37,3703,1072543979,40679,2012-03-27,10.5,OZ,2,1.34
473730955,65,57,5706,1072543979,28494,2013-04-15,32,OZ,1,4.79
473735243,65,11,1102,101360010,18845,2012-09-06,340,CT,1,6.2
473735243,65,63,6320,1071514171,25530,2012-11-10,12,CT,1,3.19
473735243,65,60,6007,101800010,14029,2012-12-09,8,OZ,1,2.19
473738607,65,63,6315,1072543979,40679,2012-06-26,64,OZ,1,2.51
473738607,65,58,5833,107080070,16704,2012-07-31,16,OZ,1,4.99
473738607,65,59,5902,1072543979,40679,2012-10-09,8,OZ,1,1.97
473739478,68,22,2201,1072543979,21664,2012-06-13,96,OZ,1,-0.11
473743755,70,36,3630,101200010,23361,2012-05-04,67.6,OZ,1,1.89
473743755,70,63,6314,1072543979,40679,2012-08-18,16,OZ,1,1.47
473743755,70,31,3108,101360010,4916,2013-06-08,13,OZ,1,0
473744850,68,51,5106,103100030,9626,2012-12-03,7.45,OZ,1,2.59
473744850,68,44,4404,107105272,3829,2013-01-04,16,OZ,1,2.59
473744850,68,4,416,101070010,20327,2013-03-15,1.85,OZ,1,0.79
473749623,101,21,2113,1088399080,108177,2012-11-24,8,OZ,2,5
473750960,64,99,9904,1071575676,5278,2012-08-31,16,OZ,3,5.9
473750960,64,63,6316,1072543979,40679,2012-09-21,16,OZ,2,2.44
473751131,68,9,902,102410020,44209,2012-03-29,13.7,OZ,2,3.98
473752264,65,64,6401,101820010,22604,2013-02-08,72,OZ,1,6.49
473752514,68,8,801,101300010,8164,2012-09-06,40,OZ,1,3.09
473752514,68,9,901,104400040,12885,2012-09-07,8,OZ,1,2.99
473752514,68,5,518,103800030,15251,2012-11-09,6.2,OZ,1,2.79
473753337,70,29,2914,102100020,19279,2012-05-18,12,OZ,1,2.29
473753337,70,56,5620,1072543979,40679,2012-05-18,8,OZ,2,4.34
473753337,70,9,901,103000030,14760,2012-07-11,5.5,OZ,1,0.99
473753337,70,25,2504,105000050,3001,2012-11-20,12,OZ,1,1.19
473754029,70,44,4404,101800010,14029,2012-10-09,41.6,OZ,1,4.19
473754029,70,73,7302,1032586636,384,2012-12-27,50,CT,1,6.69
473754881,64,41,4107,102400020,4704,2012-10-15,14.5,OZ,1,1.15
473755187,68,27,2704,107000272,14717,2012-09-10,9,CT,2,21.98
473755187,68,51,5128,1071785474,11614,2013-01-17,7.5,OZ,2,1.59
473757890,64,58,5831,107562070,7364,2012-07-07,160,OZ,2,7.74
473757890,64,0,0,10000,20405,2012-10-03,0,,1,-1.5
473764883,64,22,2204,1088596787,12614,2012-05-08,22,OZ,1,2.19
473764883,64,35,3504,103700030,4628,2012-09-28,24,OZ,1,2.99
473765568,68,97,9724,1071921878,14671,2012-05-24,1,CT,1,7.99
473765568,68,9,922,102560020,18051,2012-12-11,12.75,OZ,1,2.99
473766505,64,9,907,107225070,12465,2012-04-28,20,OZ,1,2.99
473766505,64,30,3009,102100020,9886,2012-06-01,8,OZ,1,1.99
473769093,70,58,5835,107790070,9200,2012-11-17,16,OZ,2,5
473769118,68,29,2914,102100020,9886,2012-07-06,12.6,OZ,2,4.49
473769239,65,5,516,103000030,14760,2013-02-27,6.5,OZ,2,5.98
473771025,70,51,5115,107570676,13458,2012-04-28,14.75,OZ,1,6.99
473772108,101,0,0,10000,20405,2012-07-20,0,,1,-4.95
473772108,101,36,3601,104900040,3809,2013-03-16,60,OZ,1,3.34
473772710,70,14,1415,102400020,4704,2013-06-21,30,OZ,2,4.79
473772710,70,34,3403,103500030,8919,2013-06-28,22.5,OZ,1,4.79
473773356,65,79,7901,10912898,44298,2013-04-15,1,CT,1,3.95
473773447,64,55,5555,107684070,32094,2013-01-06,16,OZ,1,3.79
473773553,71,11,1102,101360010,18845,2013-01-02,160,CT,1,6.99
473774546,68,9,907,1072543979,40679,2013-03-08,12,OZ,1,1.35
473774546,68,9,907,1072543979,40679,2013-03-11,12,OZ,1,1.35
473780449,68,53,5307,103582636,6564,2012-08-21,28,OZ,2,4
473780449,68,3,310,103582636,6564,2012-09-08,2.25,OZ,1,1.79
473780449,68,2,202,1072543979,40679,2013-03-10,19.8,OZ,1,1.29
473780886,65,10,1010,103582636,6564,2012-07-28,24,OZ,1,1.6
473781025,70,28,2803,10930090,12157,2013-06-13,8,OZ,1,1.79
473789308,70,9,907,107225070,12465,2012-07-23,20,OZ,1,2.19
473789308,70,9,901,104400040,13243,2013-01-01,15.35,OZ,1,2.5
473789308,70,45,4511,102370020,18969,2013-03-09,26,OZ,1,5.99
473791635,64,5,501,1088491282,8471,2013-01-10,12.5,OZ,1,3.19
473792342,70,7,709,109955595,68135,2012-07-30,4.8,OZ,1,7.99
473792342,70,25,2509,103450030,10165,2012-09-04,32,OZ,1,2.79
473792342,70,33,3307,103582636,6564,2012-12-09,8,OZ,1,4.47
473792342,70,56,5620,104610040,15889,2013-04-16,8,OZ,1,2.79
473793707,70,8,809,103900030,10383,2012-06-08,15,OZ,2,3.18
473793707,70,33,3316,102840020,12186,2012-07-03,8,OZ,2,5.78
473793707,70,9,922,102430020,10577,2012-07-16,13.1,OZ,1,1.5
473793707,70,29,2920,101114010,8604,2012-11-18,15.3,OZ,1,2
473793707,70,29,2914,103582636,6564,2013-06-12,14,OZ,1,1.89
473794696,64,9,907,107130979,17614,2012-09-14,20,OZ,1,2.49
473797066,70,64,6401,107199070,4043,2012-08-08,96,OZ,1,5.99
473804534,68,9,902,102410020,44209,2012-08-05,13.7,OZ,1,2.99
473804534,68,19,1905,104180040,19713,2012-08-25,19.8,OZ,1,2
473804534,68,59,5907,102740020,16291,2012-08-30,16,OZ,1,1.5
473808818,68,63,6315,1072543979,40679,2012-09-23,64,OZ,1,2.82
473808818,68,29,2930,103760030,72948,2013-03-27,10,OZ,2,4.98
473809651,68,18,1813,102120020,16044,2012-05-02,2,RL,1,5.59
473810088,64,27,2704,107910070,30096,2012-05-22,60,OZ,1,6.79
473810088,64,99,9908,103338333,33170,2012-12-26,80,OZ,1,2.79
473811650,101,5,501,101600010,3331,2012-04-30,8.9,OZ,1,2.59
473811650,101,17,1799,101112111,20099,2012-08-31,8,OZ,1,3.89
473814545,373,58,5823,104470040,13310,2012-06-07,16,OZ,1,3.99
473814545,373,27,2701,1072543979,21664,2012-12-27,13.2,OZ,8,5.52
473814545,373,55,5552,1072543979,40679,2013-01-03,128,OZ,1,5.87
473814545,373,27,2702,107910070,33128,2013-03-18,16,LB,1,10.34
473816626,64,8,814,104156545,13412,2012-09-16,16,OZ,1,1.86
473816626,64,24,2407,101700010,885,2012-12-27,4.75,OZ,2,0.71
473817057,70,9,922,104500040,8511,2012-10-18,15.24,OZ,1,4.29
473817861,68,27,2702,101780010,31128,2012-05-16,17.6,LB,1,12.89
473821245,65,36,3628,101200010,12029,2012-05-31,20,OZ,1,1.2
473823633,70,9,902,104400040,15335,2012-11-07,14.2,OZ,1,4.09
473824039,70,73,7304,104110040,4082,2012-05-09,20,CT,1,5.99
473824039,70,63,6315,1072543979,40679,2012-05-23,64,OZ,1,2.31
473824039,70,7,707,1078778070,12564,2012-06-27,12,OZ,1,6.99
473824039,70,41,4108,103940030,71386,2013-03-04,15.5,OZ,2,2.58
473824039,70,36,3604,1072543979,40679,2013-03-18,67.6,OZ,4,3.32
473825399,64,25,2509,1072543979,40679,2012-03-04,32,OZ,1,2.89
473827435,64,9,907,101220010,11528,2012-06-18,12,OZ,1,2.49
473827435,64,27,2704,102310020,13705,2012-07-23,6,OZ,1,3.5
473827435,64,58,5823,103582636,6564,2012-12-17,9,OZ,1,2.99
473830776,70,9,907,107225070,12465,2013-02-02,20,OZ,2,4.99
473831822,101,43,4302,1068826767,81691,2013-04-08,13,OZ,1,3.29
473833579,65,5,501,103800030,17050,2012-05-24,19.5,OZ,1,0.99
473833579,65,55,5567,107064070,2014,2012-08-23,27.6,OZ,1,3
473833579,65,11,1113,102558323,18482,2012-12-22,5.5,OZ,1,3.49
473833579,65,72,7205,103500030,3830,2013-03-30,6,OZ,1,3.49
473837276,64,29,2924,1072543979,40679,2013-02-27,28,OZ,1,2.49
473840062,64,56,5617,1072543979,40679,2012-03-10,12,OZ,1,2.39
473840062,64,55,5561,103582636,6564,2012-09-22,56,OZ,1,2.69
473840062,64,9,914,107343575,9705,2013-05-18,12,OZ,1,3.99
473842261,65,92,9208,104145747,7487,2012-03-09,6,CT,1,1.49
473842370,68,4,416,103400030,9739,2012-05-16,1.5,OZ,1,1.09
473842370,68,5,517,103800030,17050,2013-05-19,5.64,OZ,1,2.99
473847806,65,37,3703,105100050,2820,2012-11-22,10.75,OZ,2,2
473849689,70,75,7501,101904515,4422,2013-02-01,16.25,OZ,1,7.19
473849689,70,9,902,104400040,18775,2013-02-16,9,OZ,1,3.19
473849689,70,37,3707,105100050,17812,2013-03-23,32,OZ,2,4
473849745,69,97,9753,10000,0,2012-05-13,1,CT,1,0.53
473849745,69,33,3307,102840020,12186,2013-02-07,1.63,OZ,2,1
473849745,69,64,6401,103410030,8692,2013-02-25,144,OZ,1,6.79
473860451,64,9,907,1072543979,40679,2012-12-23,20,OZ,1,1.32
473860909,70,99,9908,1060580666,7655,2013-01-06,10,OZ,1,1.55
473860909,70,56,5616,103582636,6564,2013-03-03,8,OZ,1,2.29
473863039,70,81,8102,107310070,16567,2012-05-02,1.2,OZ,1,4.04
473863039,70,56,5620,104610040,15889,2012-06-04,8,OZ,2,5.79
473863039,70,9,902,101410010,45039,2012-12-30,6.6,OZ,1,2.2
473863039,70,27,2704,103810030,29945,2013-04-04,6,OZ,1,3
473863039,70,64,6409,101235414,10486,2013-04-27,1.5,LT,1,10.99
473866531,70,35,3509,107261373,401,2012-08-03,50,OZ,1,5.49
473867955,68,96,9609,1054300050,88199,2012-05-01,0,,1,-1
473867955,68,4,418,104000040,18946,2012-11-01,11.4,OZ,1,1.84
473868656,68,9,907,107167373,17480,2012-07-04,22,OZ,1,2.49
473868656,68,33,3303,1072543979,40679,2012-10-13,10.5,OZ,1,1.97
473874867,69,36,3618,107800070,4944,2012-10-06,67.6,OZ,1,0.94
473876207,65,36,3630,107800070,23561,2012-05-31,101.4,OZ,1,3.33
473876207,65,81,8102,103330030,10159,2012-06-22,36,OZ,1,28.19
473876207,65,9,908,104500040,8511,2012-06-29,11.25,OZ,1,2
473878602,68,34,3410,107682878,19764,2012-03-09,1,OZ,2,3.18
473878602,68,55,5557,107756777,11005,2012-07-12,10.14,OZ,1,3.78
473878602,68,26,2619,101258717,7245,2013-01-21,20,CT,1,4.99
473880588,101,57,5704,104667545,20216,2012-09-07,16,OZ,1,2.59
473883749,69,3,311,101600010,1756,2013-01-06,12,OZ,1,1.69
473885198,64,28,2805,107365171,11166,2012-09-27,3.8,OZ,1,1.39
473887392,68,29,2925,105480050,19039,2012-03-13,32,OZ,1,3.89
473887392,68,21,2105,105200050,7054,2012-06-04,72,OZ,1,3.89
473887392,68,8,809,101300010,8164,2012-09-22,18,OZ,1,2.49
473887392,68,53,5307,101450010,20864,2012-12-22,12,OZ,1,1.67
473887392,68,4,410,107172070,18529,2013-03-05,12,OZ,2,5.38
473891398,70,64,6401,108378383,16392,2012-10-20,144,OZ,1,15.99
473891398,70,2,201,101600010,1756,2012-11-17,15.25,OZ,1,1.59
473891398,70,27,2705,105000050,6775,2013-04-21,5.5,OZ,6,3.15
473895084,68,58,5823,104450040,8318,2012-05-20,16,OZ,1,4.99
473895084,68,59,5910,103377636,16650,2013-01-27,7.5,OZ,1,1.97
473895580,65,81,8101,102820020,1437,2012-09-02,10,CT,1,46.66
473902203,101,63,6305,104850040,18799,2012-12-28,59,OZ,2,6
473902685,65,7,709,1076211171,17286,2012-04-03,4.4,OZ,1,7.99
473902832,65,3,311,101600010,1756,2012-05-27,16,OZ,2,3.65
473902832,65,16,1604,102200020,20100,2013-01-20,15,CT,1,1.29
473903444,64,27,2701,1072543979,21664,2012-07-18,13.2,OZ,1,0.65
473904349,70,9,907,107763373,17614,2012-07-10,24,OZ,2,3.2
473907887,68,53,5307,103582636,6564,2012-03-09,16,OZ,2,3.78
473908288,101,63,6332,104850040,61745,2012-07-14,59,OZ,2,6
473908288,101,97,9748,107164171,26982,2012-07-30,2,CT,1,1.99
473908288,101,97,9745,109014696,2583,2012-10-10,725,CT,1,4.99
473908288,101,96,9609,1057119050,88199,2013-04-05,0,,1,-1
473908288,101,58,5824,104450040,8318,2013-05-05,13,OZ,2,4.49
473909567,68,33,3303,103708232,58052,2012-05-27,17,OZ,1,4.99
473911360,68,9,907,105040050,95440,2012-09-28,12,OZ,1,2.49
473911360,68,8,818,103620030,14868,2013-02-22,24,OZ,1,1.67
473917913,64,56,5609,103582636,6564,2012-04-13,24,OZ,1,2.69
473917913,64,99,9909,107143070,5072,2013-02-23,6,OZ,2,5.42
473918860,64,27,2702,101113212,491,2012-06-15,16,LB,1,8.99
473921826,65,49,4904,104330141,12339,2013-02-19,16,OZ,1,2.59
473921826,65,54,5403,107790070,9200,2013-03-04,19.2,OZ,1,5.99
473921826,65,25,2505,103582636,6564,2013-03-22,32,OZ,2,4.58
473923107,64,64,6401,101820010,12358,2012-05-29,216,OZ,1,9.99
473927605,64,7,709,102550020,6550,2012-04-11,3,OZ,1,5.49
473927605,64,26,2634,103700030,3293,2012-08-17,12,RL,1,8.49
473927605,64,41,4107,102300020,16431,2012-11-08,14.4,OZ,1,-2.11
473927605,64,41,4107,102400020,4704,2012-11-16,13.5,OZ,1,1.19
473928163,70,21,2119,101200010,10522,2012-09-18,33.8,OZ,1,1.19
473928163,70,60,6007,101800010,14029,2013-05-20,11,OZ,1,2.29
473929220,68,25,2506,105000050,32115,2012-11-29,64,OZ,1,5.69
473929220,68,33,3312,103800030,14494,2013-03-17,5.68,OZ,1,1.7
473929220,68,25,2506,104127141,26189,2013-03-17,32,OZ,1,3.05
473929881,70,4,418,103400030,57369,2012-07-01,12,OZ,2,7.49
473933385,68,9,902,108136383,12592,2012-05-15,7.2,OZ,1,3.49
473933385,68,63,6315,107996777,31373,2012-09-05,64,OZ,1,3.03
473933561,70,31,3101,103384434,1257,2012-11-12,2,OZ,1,1.09
473936804,70,29,2914,102100020,71587,2012-05-06,12.9,OZ,1,3.29
473938527,70,99,9908,103338333,33170,2013-03-30,16,OZ,1,1.49
473943556,101,36,3611,1068826767,158,2012-07-13,591.5,OZ,4,14
473943798,64,26,2626,1072543979,21664,2013-01-16,1,CT,1,1.19
473944723,64,33,3312,102840020,10241,2012-10-28,5.75,OZ,1,1.5
473944723,64,27,2713,102310020,3223,2013-01-17,3.5,OZ,2,1.58
473945901,65,57,5705,1072543979,40679,2012-05-26,6,OZ,3,1.41
473947702,68,3,302,1072543979,40679,2012-04-18,12,OZ,1,0.95
473950737,64,27,2702,107119070,23292,2012-04-10,14,LB,1,13.99
473951685,64,33,3307,1072543979,40679,2013-03-11,16,OZ,1,2.99
473952049,69,54,5401,103800030,5618,2012-04-21,12.3,OZ,2,5.98
473952049,69,55,5552,107756777,2347,2012-09-17,48,OZ,1,4.69
473953956,101,56,5607,1068826767,81691,2012-05-10,8,OZ,2,2.58
473953956,101,8,810,105210050,11382,2012-06-04,0.87,OZ,3,2.37
473953956,101,57,5710,107835474,2675,2012-07-08,16,OZ,2,4.18
473953956,101,9,921,107203070,5812,2012-09-13,3,OZ,1,1
473953956,101,35,3509,107261373,401,2012-10-26,50,OZ,2,3.98
473953956,101,0,0,10000,0,2012-12-17,0,,2,3.38
473961292,69,57,5705,103663232,4568,2012-04-03,24,OZ,1,2.19
473961292,69,9,907,107341070,888,2012-06-01,12,OZ,1,2.79
473961292,69,56,5609,103582636,6564,2012-10-04,16,OZ,2,2.14
473961292,69,26,2628,103700030,2248,2012-10-04,6,RL,1,4.99
473961292,69,63,6320,1072543979,40679,2013-03-30,18,CT,1,2.5
473964719,68,31,3101,103384434,1257,2013-02-22,7,OZ,1,2.49
473967136,70,51,5132,107218070,13438,2012-10-17,12.27,OZ,1,2.49
473967475,64,56,5616,104610040,15889,2013-03-27,7.6,OZ,1,2.5
473970132,64,4,411,107046272,16934,2013-05-27,6.5,OZ,1,-0.16
473970205,68,33,3313,107020070,11244,2013-05-11,15,OZ,1,3.49
473971993,71,9,907,107102575,2570,2013-03-31,32,OZ,1,2.89
473972756,70,27,2705,107910070,85,2013-03-10,22,OZ,2,3.58
473975007,70,25,2503,105000050,32115,2012-04-28,16,OZ,1,4.29
473985160,65,25,2504,1072543979,40679,2012-03-24,12,OZ,1,0.2
473988080,65,5,501,103800030,11732,2012-12-20,18,OZ,1,3.79
473989609,65,29,2903,1072543979,40679,2012-09-17,15,OZ,2,1.68
473989609,65,96,9609,1052100050,88199,2013-04-21,0,,2,-2
473992118,68,54,5403,105100050,1058,2013-01-26,5.25,OZ,1,1.79
473992118,68,36,3601,1072543979,40679,2013-05-15,101.4,OZ,1,0.36
473997678,68,26,2633,105400050,16048,2012-05-02,1,RL,3,2.97
473997678,68,8,809,103582636,6564,2012-06-12,12,OZ,1,1.08
473997678,68,9,917,1072543979,40679,2012-08-25,16,OZ,1,-0.1
473997678,68,56,5620,1072543979,40679,2012-12-12,8,OZ,1,2.4
473997678,68,9,907,1072543979,40679,2013-04-11,20,OZ,1,1.14
473997727,65,56,5616,103582636,6564,2012-05-02,8,OZ,1,2.39
473997727,65,63,6315,1072543979,40679,2012-09-05,64,OZ,1,2.44
473997727,65,31,3101,105210050,11382,2012-11-20,2.37,OZ,1,2.6
473997727,65,9,901,103010030,3454,2013-07-17,14.8,OZ,1,3.69
474001486,65,4,427,10980090,18366,2012-06-30,1,OZ,1,1.09
474001486,65,55,5552,107524373,11352,2013-06-11,48,OZ,2,7.98
474001598,68,9,917,107373171,11786,2012-06-23,17.5,OZ,1,2.49
474007508,70,31,3108,102150020,10238,2012-06-23,16,OZ,1,2.85
474008521,68,36,3601,104900040,3809,2012-05-27,20,OZ,2,3.38
474008521,68,36,3631,1071076070,7901,2013-01-18,12,OZ,2,3
474012540,77,73,7302,103680030,18533,2012-07-17,100,CT,1,4.49
474013423,101,63,6332,104850040,61745,2013-05-19,59,OZ,1,2.99
474018213,64,29,2908,107639777,9982,2012-03-16,20.5,OZ,1,1.29
474018213,64,9,920,107641070,10160,2012-04-02,11.25,OZ,1,2.34
474018213,64,30,3010,104300040,9886,2012-07-01,14,OZ,1,2
474018692,64,63,6315,1072543979,40679,2012-10-17,128,OZ,1,3.71
474028854,64,26,2619,107005272,15596,2012-07-23,24,CT,1,1.99
474028854,64,19,1908,104530040,13915,2012-10-03,16.3,OZ,2,5
474028854,64,33,3307,102900020,14112,2013-02-12,16,OZ,1,4.29
474030480,65,31,3101,103582636,6564,2012-03-06,2,OZ,1,1.39
474030480,65,36,3631,107800070,23209,2012-04-21,67.6,OZ,1,1.5
474035079,64,97,9753,1022601222,0,2012-12-31,1,CT,2,5.98
474035401,64,64,6409,103125939,20202,2012-07-28,1.5,LT,2,23.48
474035805,101,14,1411,1068826767,81691,2012-09-24,20,OZ,1,1.35
474041098,101,99,9908,105783656,17665,2012-04-14,17.6,OZ,1,2.99
474041098,101,41,4108,102880020,7907,2012-12-29,15.5,OZ,2,1.98
474041098,101,11,1114,1070662474,4368,2013-04-05,14,OZ,1,2.54
474043102,70,97,9732,101149111,43251,2012-10-19,24,CT,1,0.29
474043102,70,37,3703,105100050,2820,2012-12-08,10.75,OZ,3,3.37
474048275,65,51,5126,101380010,27474,2012-08-05,19,OZ,2,7.98
474053358,68,63,6315,1072543979,40679,2012-09-23,32,OZ,1,1.49
474053358,68,9,907,1072543979,20432,2012-10-07,18,OZ,1,2.99
474053358,68,63,6332,104850040,61745,2013-01-09,59,OZ,1,3.69
474053358,68,58,5814,104470040,10837,2013-04-20,11.1,OZ,1,2.5
474056021,69,26,2622,1072543979,21664,2012-07-04,40,CT,1,3.99
474056651,64,37,3711,105100050,2820,2013-04-02,15.5,OZ,2,4.79
474059384,70,56,5616,103582636,6564,2012-06-25,8,OZ,1,2.99
474064798,70,35,3508,103700030,18371,2012-09-28,50,OZ,1,7.85
474067022,68,4,418,103400030,45489,2012-12-15,11,OZ,1,3
474073199,71,29,2920,102970020,8711,2013-02-22,4,OZ,4,3.2
474079516,64,57,5705,103663232,4568,2012-06-30,24,OZ,1,0.69
474079850,101,5,501,101600010,3331,2012-07-10,12.8,OZ,1,3.49
474079850,101,41,4110,103940030,71386,2012-09-04,28,OZ,1,2.19
474088130,64,11,1114,103582636,6564,2012-04-19,16,OZ,2,4.98
474088130,64,2,201,1064420969,5345,2012-10-04,16.5,OZ,1,0.69
474091962,70,24,2415,101700010,885,2012-04-10,15,OZ,2,3.38
474091962,70,8,801,101300010,8164,2012-04-29,20,OZ,1,1.99
474093018,65,36,3627,1072543979,40679,2013-01-25,67.6,OZ,1,-1.16
474093935,70,63,6315,1072543979,40679,2013-01-21,128,OZ,1,3.31
474095594,65,54,5403,107790070,9200,2012-10-28,18,OZ,1,4.2
474095594,65,9,907,107763373,17614,2012-11-11,16,OZ,1,-0.66
474095594,65,33,3308,102840020,3336,2012-12-14,9.75,OZ,2,3.48
474100386,68,58,5831,107274575,13804,2013-03-03,20,OZ,1,1.39
474101300,68,29,2914,102100020,9886,2012-10-20,12.6,OZ,1,1.3
474101300,68,36,3601,104900040,3809,2012-12-06,101.4,OZ,2,6.67
474103688,70,99,9909,107127979,6732,2012-03-14,9,OZ,2,3
474105296,68,44,4402,1061278161,11151,2012-08-29,40,OZ,1,5.99
474116494,64,27,2702,101780010,5056,2012-11-07,4.4,LB,1,5.69
474117101,70,10,1013,103890030,5072,2012-05-22,16,OZ,2,5
474117858,70,79,7903,1072527474,13776,2012-10-22,1,CT,1,3.99
474117913,70,63,6305,101630010,6509,2012-03-30,59,OZ,1,2.79
474117913,70,99,9904,103338333,33170,2012-03-30,16,OZ,1,1.5
474121034,69,57,5704,103663232,4568,2012-03-27,48,OZ,1,5.6
474121034,69,58,5813,1078533171,7796,2012-08-04,16,OZ,1,1.49
474121891,70,30,3002,1072543979,40679,2012-08-01,30,OZ,1,2.91
474123936,64,32,3201,105150050,4307,2012-10-05,16,OZ,1,2.37
474126040,70,58,5824,107602070,55166,2012-12-15,28.8,OZ,2,10.38
474126522,64,41,4107,102000020,7655,2012-10-23,11,OZ,1,1.69
474129620,64,9,907,1072543979,40679,2012-05-04,12,OZ,3,2.22
474129620,64,36,3632,1072543979,40679,2013-01-13,144,OZ,2,5
474132452,68,28,2806,103582636,6564,2012-12-23,16,OZ,2,3.78
474133346,70,18,1831,105210050,2732,2013-06-15,1,CT,2,1.98
