500810479,21,4,411,101900010,10421,2012-04-04,7,OZ,1,2.39
500810479,21,59,5905,1079645171,13101,2012-04-30,15,OZ,1,2.79
500810754,21,72,7205,103500030,3830,2012-12-21,6,OZ,1,2.99
500811236,21,8,803,104150040,6714,2012-05-25,20,OZ,1,1.5
500811724,21,55,5567,107585676,9798,2012-03-08,16,OZ,1,3.59
500811724,21,20,2002,105100050,27873,2012-06-07,33,OZ,1,3.89
500811986,21,9,907,103967737,16347,2012-08-18,16,OZ,1,1.59
500811986,21,99,9909,107143070,5072,2012-09-26,11.2,OZ,1,2
500811986,21,56,5620,104119040,16347,2013-02-18,8,OZ,2,4.76
500812658,21,41,4107,104119040,16347,2012-11-12,14.5,OZ,1,0.79
500813295,21,30,3007,107184070,11154,2012-09-07,12,OZ,1,3.29
500813295,21,63,6315,104119040,16347,2012-10-15,128,OZ,2,7.38
500813295,21,26,2619,104119040,16347,2013-02-22,56,CT,1,6.99
500813946,21,8,818,105100050,14403,2012-05-24,24,OZ,1,2.5
500816284,21,37,3707,104119040,16347,2012-12-20,32,OZ,1,1.67
500816284,21,99,9908,1060580666,7655,2013-03-11,16,OZ,1,2.5
500816473,21,28,2804,107041070,11069,2012-12-23,12,OZ,1,1.69
500816836,21,92,9208,107410878,3947,2012-05-13,12,CT,1,2.99
500817451,21,49,4901,104119040,16347,2012-07-01,32,OZ,1,2.5
500817680,21,57,5704,103663232,4568,2013-01-06,6,OZ,5,2.2
500817680,21,53,5307,107056070,14005,2013-02-08,12,OZ,2,2.58
500818188,21,33,3318,104178040,19154,2012-12-31,16,OZ,1,2.5
500818653,21,21,2119,101200010,10522,2012-05-10,144,OZ,1,4.38
500818653,21,35,3509,102420020,14716,2012-07-14,50,OZ,2,5.98
500818653,21,51,5127,103100030,1358,2012-12-07,7.1,OZ,2,2
500818653,21,44,4402,103100030,1358,2013-04-18,7,OZ,5,5
500818762,21,63,6305,1085541585,61747,2012-03-15,59,OZ,1,1.99
500818762,21,26,2633,103040030,683,2012-08-23,12,RL,1,7.49
500818762,21,30,3001,104800141,8178,2013-02-21,30,OZ,1,3.99
500819544,21,9,901,104400040,12600,2012-09-06,24,OZ,1,5.99
500820731,21,56,5613,104119040,16347,2013-01-18,32,OZ,1,3.99
500821537,21,73,7315,1084603686,7468,2012-06-20,30,CT,1,2.99
500822046,21,63,6305,101630010,6509,2012-05-31,59,OZ,1,3.49
500822046,21,18,1898,103980030,5962,2012-11-15,8,CT,2,8.58
500822046,21,37,3708,107107272,382,2013-04-10,6,OZ,2,2.98
500822107,21,63,6320,104119040,16347,2013-01-02,12,CT,1,1.99
500822881,21,55,5560,104154848,5603,2013-01-12,16.1,OZ,1,5.49
500823334,21,63,6311,104850040,18799,2012-10-13,59,OZ,1,2.99
500823489,21,56,5613,104119040,16347,2012-11-20,16,OZ,1,2.79
500823685,21,51,5127,105100050,8605,2012-12-23,16,OZ,1,3.5
500823881,21,99,9908,103338333,33170,2012-03-12,80,OZ,1,2.49
500823881,21,33,3303,102840020,10241,2012-03-25,10,OZ,1,2.14
500823881,21,8,810,105210050,11382,2012-09-19,1.25,OZ,1,1.79
500824789,21,17,1703,105460050,6141,2012-04-22,22,OZ,1,2.29
500824789,21,33,3310,107754474,13313,2012-04-22,2.5,OZ,2,2.38
500824789,21,26,2617,101090010,15232,2012-09-23,1,CT,1,2.59
500824789,21,34,3405,104184040,20187,2012-11-04,4.25,OZ,1,1.19
500824790,21,26,2622,101370010,8154,2012-07-13,22,CT,1,2.69
500824790,21,36,3626,101200010,16391,2012-07-13,144,OZ,1,4.17
500824818,21,8,809,101300010,8164,2012-11-19,12,OZ,1,0.99
500825095,21,9,905,101410010,13791,2012-11-21,12,OZ,2,5
500825546,21,8,803,104150040,6714,2012-04-02,12,OZ,1,2.49
500825546,21,38,3801,104119040,16347,2012-06-08,5,LB,1,3.09
500825546,21,73,7304,1030003131,15393,2012-10-05,4,OZ,1,5.69
500825546,21,55,5559,107756777,14286,2012-10-22,21.6,OZ,1,3.99
500825605,21,44,4404,105963555,29023,2012-03-19,8.46,OZ,1,1.39
500825605,21,59,5902,101570010,32472,2013-05-15,16,OZ,1,2.89
500825605,21,99,9908,104119040,33170,2013-05-15,32,OZ,1,2.49
500825730,21,4,418,106843767,2424,2012-03-13,7,OZ,1,3.99
500825730,21,37,3707,102400020,3843,2013-01-22,32,OZ,4,10
500826262,21,74,7407,1084105888,15983,2013-01-22,8,CT,2,12.58
500826435,21,54,5401,103800030,5618,2012-03-14,12.3,OZ,1,2.65
500826501,21,57,5705,105360050,10074,2012-10-16,6,OZ,4,1.4
500826501,21,6,606,105000050,3001,2012-12-20,12.6,OZ,1,5.59
500826501,21,6,606,105000050,3001,2013-03-12,12.6,OZ,1,5.59
500827753,21,26,2628,104200040,2308,2013-03-07,8,RL,1,7.89
500829153,21,8,803,104150040,6714,2012-03-17,18,OZ,1,2.59
500829153,21,9,917,104600040,13023,2012-05-20,11,OZ,1,2.19
500829153,21,9,902,1061985868,81532,2012-09-09,8,OZ,1,3.29
500829207,21,23,2301,107680878,1393,2012-03-17,16,OZ,1,1.4
500829207,21,36,3632,107153777,14200,2013-02-16,33.8,OZ,5,4
500829977,21,21,2112,104119040,6164,2012-03-23,46,OZ,1,2.29
500830857,21,33,3307,104157040,2017,2012-04-06,6,OZ,2,6.38
500830857,21,8,801,101300010,8164,2012-07-20,20,OZ,1,1.99
500832092,21,16,1604,102200020,5558,2012-06-20,18,CT,1,1.09
500832092,21,26,2632,104119040,16347,2012-07-28,48,CT,2,2.98
500832092,21,36,3612,102658222,14181,2012-08-25,128,OZ,1,0.99
500832092,21,8,811,103620030,1698,2012-10-21,24,OZ,3,7.17
500832122,21,35,3504,103500030,13470,2012-12-18,25,OZ,1,2.99
500832752,21,75,7507,1083997787,3681,2012-05-28,4,OZ,1,7.49
500832752,21,9,901,103010030,3454,2012-07-18,13.3,OZ,1,2.99
500832752,21,36,3632,102500020,11749,2012-07-18,144,OZ,1,4.99
500833471,21,30,3001,104119040,16347,2012-07-30,22,OZ,1,2.99
500833471,21,29,2923,104100040,9814,2012-10-24,4.3,OZ,1,1.33
500834306,21,26,2612,107682878,19764,2012-08-21,40,CT,1,1.34
500834306,21,58,5824,102265525,2626,2013-01-06,14,OZ,1,2.99
500835159,21,96,9609,1051254656,88199,2012-04-02,0,,2,-2
500835159,21,63,6316,107342070,4529,2012-12-12,16,OZ,1,2.07
500835159,21,27,2704,1081063383,29932,2012-12-30,12,CT,1,7.99
500835422,21,9,907,107133070,25887,2012-11-29,24,OZ,1,2.49
500835529,21,9,902,104950848,16730,2012-03-31,7.2,OZ,1,2.49
500835529,21,2,202,101600010,1756,2012-10-03,17.5,OZ,2,4.78
500835555,21,8,810,104600040,13023,2012-08-19,1,OZ,3,2.97
500836807,21,4,418,102800020,55321,2012-10-06,12.5,OZ,2,5
500836807,21,45,4509,1068907666,51701,2012-10-13,32,OZ,1,7.99
500836807,21,7,707,104300040,11339,2012-11-16,11.5,OZ,1,4.09
500836978,21,26,2628,104119040,16347,2012-03-03,1,RL,1,1.99
500837161,21,7,707,104300040,11339,2012-06-28,11,OZ,1,4.39
500837161,21,33,3310,101566515,22310,2012-07-24,4,OZ,1,3.19
500837532,21,5,516,101862717,9496,2012-04-21,7.4,OZ,2,7.58
500837831,21,17,1708,104173747,29,2012-05-06,3.5,OZ,1,3.29
500837831,21,21,2108,104124444,11218,2013-01-27,25.4,OZ,1,2.99
500837863,21,99,9908,103338333,33170,2012-05-02,16,OZ,1,1.19
500838130,21,9,907,104119040,16347,2012-11-17,15,OZ,1,2.39
500839342,21,56,5613,107104070,76668,2012-09-18,16,OZ,1,5.09
500839342,21,53,5307,104119040,16347,2013-03-13,12,OZ,3,3.72
500839476,21,28,2806,105410050,19509,2012-04-03,16,OZ,1,2.29
500839476,21,55,5567,107064070,2014,2012-06-03,27.6,OZ,1,2.99
500839476,21,57,5704,104667545,20216,2013-04-03,6,OZ,10,5
500839476,21,29,2903,106414464,3342,2013-06-03,15,OZ,4,4
500839869,21,5,501,1088491282,13689,2012-03-02,11,OZ,1,2.99
500839869,21,56,5620,107835474,2675,2012-05-11,8,OZ,1,1.99
500840385,21,27,2705,107910070,85,2012-11-02,22,OZ,1,1.77
500840385,21,56,5610,107050676,3860,2013-01-31,4,OZ,1,0.99
500840385,21,74,7407,1084105888,15983,2013-02-11,3,CT,2,17.98
500840986,21,9,922,102430020,10577,2012-10-04,12.1,OZ,1,1.99
500840986,21,21,2119,1061300868,867,2012-11-12,42,OZ,2,1.98
500840986,21,53,5307,104120646,27330,2013-01-30,20,OZ,1,1.99
500840986,21,63,6324,107892979,10635,2013-03-10,16,OZ,1,5.99
500841306,21,13,1306,101600010,7366,2012-12-14,5,LB,1,2.69
500841623,21,8,818,103620030,14868,2012-12-05,16,OZ,1,2.59
500842116,21,27,2705,107910070,85,2012-03-30,132,OZ,1,10.39
500842116,21,36,3611,101200010,803,2012-10-27,20,OZ,1,1.69
500842127,21,22,2211,103700030,2246,2012-05-21,80,CT,1,4.99
500842600,21,5,519,103000030,14760,2012-04-11,15.1,OZ,1,3.49
500842600,21,97,9712,106025868,2393,2012-04-18,3,CT,1,18.99
500843622,21,99,9908,104119040,16347,2012-03-03,16,OZ,1,1.5
500843622,21,5,516,103000030,14760,2012-05-05,6.7,OZ,1,2.5
500843622,21,63,6314,107170070,1142,2012-07-21,16,OZ,1,1.69
500843625,21,28,2801,104470040,3640,2012-06-11,20,OZ,1,3.59
500843625,21,27,2707,107910070,85,2012-09-03,3.15,LB,1,3.99
500843625,21,51,5126,101380010,27474,2013-02-02,19,OZ,1,3.05
500843625,21,53,5307,102880020,7907,2013-02-18,12,OZ,1,1.48
500843625,21,54,5401,103800030,5618,2013-03-09,12.3,OZ,1,2.99
500843625,21,53,5305,102000020,7655,2013-03-16,10,OZ,3,5
500843625,21,36,3604,107800070,16023,2013-05-13,67.6,OZ,1,1.35
500843975,21,37,3706,104119646,14582,2012-12-05,19,OZ,3,5.25
500844261,21,26,2619,101258717,7245,2013-04-20,150,CT,1,15.99
500845319,21,17,1703,105460050,6141,2012-05-05,22,OZ,1,1.99
500845319,21,10,1012,102700020,23332,2012-07-21,13,OZ,2,2
500845319,21,10,1013,103890030,5072,2013-03-02,17.2,OZ,3,7.5
500845319,21,58,5828,103100030,1358,2013-03-02,24.9,OZ,1,4.99
500845481,21,15,1504,104119040,16347,2012-03-05,15,OZ,1,2.19
500846864,21,38,3801,104920040,5098,2012-09-06,4,LB,1,2.79
500846998,21,97,9799,105113151,52,2013-01-07,1,CT,1,2.99
500847359,21,56,5613,107177979,1782,2012-03-20,16,OZ,2,4.98
500847359,21,23,2301,107680878,1393,2012-04-27,9,OZ,2,5.18
500847359,21,4,416,1070865676,24127,2012-05-01,3.5,OZ,2,5.98
500847359,21,26,2628,105400050,16048,2012-10-22,10,RL,1,10.29
500848213,21,9,904,107471474,12113,2012-05-30,5,OZ,1,1.25
500848213,21,7,707,104300040,11339,2012-07-16,11.5,OZ,1,4.49
500848875,21,26,2630,103700030,14647,2012-07-05,224,CT,1,4.99
500848875,21,97,9753,1075740474,0,2012-08-23,1,CT,1,1.5
500848875,21,63,6328,109741999,6014,2012-10-25,8,OZ,2,1.98
500849140,21,63,6315,107045272,6176,2012-06-05,64,OZ,1,2.99
500849140,21,9,903,102883525,46285,2012-12-28,6,OZ,1,0.99
500849523,21,53,5307,102880020,7907,2013-02-19,14,OZ,1,1.48
500849542,21,27,2704,103810030,29945,2012-08-21,25,OZ,1,10.99
500849542,21,9,907,107518575,11221,2012-11-03,20,OZ,1,3.79
500849542,21,57,5704,104119040,16347,2012-12-28,32,OZ,1,1.99
500849542,21,63,6312,104850040,18799,2013-02-25,59,OZ,1,1.4
500849542,21,63,6315,104119040,16347,2013-03-18,32,OZ,1,1.29
500849686,21,23,2301,103915333,3811,2012-09-03,16,OZ,1,0.99
500850376,21,71,7113,102240020,18715,2012-11-23,32,OZ,3,14.97
500850487,21,23,2301,103340030,15474,2013-03-25,12,OZ,1,1.49
500850488,21,57,5710,1089470080,21065,2012-05-05,5.3,OZ,3,4
500850488,21,58,5812,107536070,25218,2012-07-04,16,OZ,2,10.98
500850488,21,63,6313,1076818373,26062,2012-07-11,16,OZ,1,5.99
500850488,21,99,9909,1088804888,52680,2013-03-30,16,OZ,2,11.98
500850488,21,63,6320,104119040,4170,2013-04-04,12,CT,4,8.36
500850975,21,29,2914,104119040,16347,2012-07-04,6.25,OZ,2,1.2
500851819,21,55,5556,102983929,6763,2012-05-06,48,OZ,1,3.09
500851819,21,63,6315,104119040,16347,2012-05-26,128,OZ,1,2.59
500851819,21,5,501,101862717,9496,2012-11-28,13.8,OZ,1,3.29
500852229,21,26,2629,103700030,2248,2012-12-22,200,CT,1,3.39
500852229,21,41,4110,103940030,71386,2013-05-06,28,OZ,1,2
500852596,21,99,9908,104119040,16347,2012-09-12,16,OZ,1,2.5
500852596,21,8,803,104119040,16347,2013-01-04,12,OZ,1,0.79
500853085,21,4,419,104000040,5168,2012-04-14,3.3,OZ,3,4.65
500853085,21,96,9609,1054400050,88199,2012-04-21,0,,1,-1
500853085,21,8,816,108062181,15849,2012-07-07,14,OZ,1,1.64
500853407,21,63,6316,102100020,2321,2012-06-01,8,OZ,1,1.69
500854985,21,33,3303,102840020,10241,2012-06-27,8.5,OZ,1,2.5
500854985,21,9,918,101410010,13791,2013-01-03,7.2,OZ,1,2.99
500855148,21,36,3601,101200010,13794,2012-09-22,101.4,OZ,3,10
500855732,21,63,6315,104119040,16347,2012-10-27,128,OZ,1,2.79
500855732,21,51,5125,102580020,16668,2013-01-17,8.5,OZ,1,2.14
500855732,21,97,9753,10000,0,2013-02-18,1,CT,1,0.53
500856018,21,23,2301,107130070,15474,2012-10-22,8.8,OZ,1,3.19
500856018,21,36,3601,101200010,13794,2012-12-19,240,OZ,1,5.99
500856115,21,21,2105,105200050,7054,2012-03-30,32,OZ,10,10
500856203,21,19,1905,104119040,16347,2013-02-02,12,OZ,4,8.76
500857796,21,35,3507,105170050,6335,2012-03-18,8.45,OZ,1,4.49
500858455,21,46,4606,1066655969,93326,2012-08-26,12,OZ,1,2.5
500858455,21,53,5305,102000020,7655,2013-01-09,10,OZ,3,5
500860158,21,51,5127,105100050,8605,2013-01-11,16,OZ,1,3.99
500860822,21,27,2713,105000050,11668,2012-08-25,5.5,OZ,6,4
500862121,21,36,3618,104900040,23359,2012-07-20,144,OZ,1,4.99
500862121,21,9,904,107147575,2953,2012-10-24,5,OZ,1,1.99
500862509,21,8,811,1070601070,1393,2012-03-17,24,OZ,3,7.47
500862509,21,8,801,102700020,8612,2013-01-09,24,OZ,1,1.25
500864203,21,9,902,104400040,15335,2012-03-25,15.1,OZ,1,1.99
500864358,21,36,3632,104900040,1414,2012-05-21,67.6,OZ,1,1.5
500864358,21,63,6319,102073525,18893,2012-10-22,64,OZ,1,1.99
500864686,21,63,6320,107954878,10165,2012-03-25,12,CT,2,6.98
500864686,21,33,3307,102900020,14112,2012-11-11,8,OZ,1,5.25
500864686,21,9,908,107203070,5812,2013-01-28,14,OZ,1,2.14
500864686,21,56,5613,107403070,16922,2013-02-24,32,OZ,1,4.99
500866471,21,14,1416,104119040,16347,2012-07-18,15,OZ,2,2
500866471,21,25,2506,104127141,26189,2013-03-30,32,OZ,1,4.05
500866507,21,97,9712,106025868,2393,2012-06-12,1,CT,1,21.99
500866853,21,9,907,107133070,25887,2012-05-17,11,OZ,1,2
500866997,21,4,407,103400030,18947,2012-05-16,17.6,OZ,3,5.67
500866997,21,58,5811,102338424,182,2012-12-31,7,OZ,1,6.49
500867155,21,36,3618,104900040,23359,2013-02-08,67.6,OZ,3,4.5
500868501,21,36,3635,107252171,19411,2013-03-23,33.8,OZ,1,0.75
500868669,21,34,3402,107124979,21913,2012-07-16,5,OZ,1,6.99
500868669,21,99,9908,104119040,16347,2012-12-11,10,OZ,1,1.99
500868996,21,55,5559,1085673282,5072,2012-03-17,18,OZ,1,2.99
500868996,21,54,5401,103800030,5618,2012-06-09,9.8,OZ,1,1.49
500868996,21,99,9908,1074419474,26680,2012-09-22,10,OZ,1,2.99
500868996,21,41,4107,102000020,7655,2012-11-16,15.25,OZ,5,5.75
500869848,21,9,958,104119040,16347,2012-07-06,4.25,OZ,1,2.49
500869848,21,54,5402,1067984464,68282,2012-08-16,24,OZ,1,3.79
500870320,21,37,3705,105100050,2820,2012-11-13,18.6,OZ,3,6
500870320,21,58,5831,107274575,13804,2012-11-19,16,OZ,1,3.99
500870365,21,31,3108,104119040,16347,2012-03-04,26,OZ,1,0.59
500870365,21,9,907,107432373,1866,2012-05-14,20,OZ,1,1.99
500870365,21,26,2620,104159444,4594,2012-06-03,80,CT,1,2.39
500870365,21,56,5617,102100020,9886,2012-08-28,12,OZ,1,2.39
500870365,21,28,2806,10930090,12157,2012-08-28,16,OZ,1,1.74
500870365,21,57,5703,104119040,16347,2013-03-17,6,OZ,5,2.2
500871527,21,96,9609,10995000090,88199,2012-03-13,0,,1,-1
500871527,21,15,1505,104119040,16347,2013-01-14,12,OZ,1,2.79
500871527,21,36,3611,107572070,14196,2013-02-11,64,OZ,1,2.5
500872821,21,99,9904,1071575676,5278,2013-02-20,6,OZ,1,4.99
500872821,21,97,9753,1020990929,0,2013-04-22,1,CT,1,3.26
500874838,21,36,3635,104150848,27294,2012-10-03,405.6,OZ,1,19.99
500875015,21,9,908,107203070,5812,2012-03-20,14,OZ,1,3.24
500875015,21,26,2622,104119040,16347,2012-03-30,100,CT,1,1.74
500875048,21,75,7501,104116747,7354,2012-11-19,14,OZ,1,7.99
500875110,21,63,6315,104119040,16347,2012-10-27,64,OZ,1,2.29
500875369,21,99,9908,104119040,16347,2012-04-22,16,OZ,1,1.67
500875369,21,73,7307,104119040,16347,2012-11-18,30,CT,1,4.99
500875369,21,26,2634,103600030,4139,2013-01-13,12,RL,1,8.39
500875571,21,59,5902,103450030,10165,2012-03-29,16,OZ,1,3.64
500875571,21,71,7113,102240020,25033,2012-04-05,15,OZ,1,0.88
500875571,21,27,2704,107910070,30370,2012-06-02,3.3,OZ,1,2.69
500875571,21,17,1703,104119040,16347,2012-09-20,64,OZ,1,1.5
500875571,21,59,5902,104119040,16347,2012-10-18,16,OZ,1,2.79
500875571,21,26,2629,104119040,16347,2013-02-23,250,CT,1,1.79
500876037,21,36,3618,104900040,23359,2012-06-03,67.6,OZ,4,6
500876220,21,6,607,104300040,14112,2012-09-20,6.15,OZ,2,5.98
500876300,21,2,201,105150050,14029,2012-10-24,15.25,OZ,1,1
500876460,21,29,2914,102100020,9886,2012-11-20,7.25,OZ,2,2.36
500876460,21,51,5130,101380010,27474,2012-11-23,12.5,OZ,1,3.5
500876460,21,29,2923,104100040,9814,2013-03-20,4.8,OZ,2,2.42
500876486,21,26,2634,103700030,3293,2012-09-02,24,RL,1,17.99
500876486,21,63,6320,1071514171,25530,2012-11-25,12,CT,1,2.99
500876486,21,9,901,103010030,6852,2013-02-17,4.24,OZ,1,2.5
500876637,21,58,5833,105229454,26863,2012-06-02,16,OZ,2,11.98
500876637,21,9,922,104500040,8511,2012-09-02,13.5,OZ,1,2.5
500877466,21,29,2925,101740010,3008,2013-02-24,4.5,OZ,1,0.75
500877575,21,33,3303,104126242,19971,2012-09-01,6.5,OZ,1,2
500877575,21,8,809,105100050,2820,2012-10-20,10.25,OZ,4,4.76
500878344,21,5,501,1088491282,16363,2013-01-11,16.4,OZ,1,3.59
500879924,21,99,9909,107774575,14997,2012-10-10,6,OZ,2,5
500880235,21,9,922,102560020,18051,2012-04-22,12,OZ,1,2.69
500880235,21,33,3307,102840020,12186,2012-10-25,1.63,OZ,1,0.5
500880393,21,63,6315,104119040,16347,2012-07-21,32,OZ,1,1.69
500881080,21,59,5902,104119040,16347,2012-12-14,16,OZ,2,5.78
500881080,21,56,5617,102100020,9886,2013-01-25,12,OZ,2,6.98
500881620,21,92,9215,104668848,9273,2012-08-20,1.25,OZ,1,4.99
500881620,21,63,6330,104119040,16347,2012-11-19,16,OZ,1,2.49
500883343,21,27,2712,105123353,19464,2012-04-19,1.76,OZ,1,1.99
500883343,21,11,1102,1072277676,17117,2013-01-08,200,CT,1,4.99
500883351,21,99,9904,103338333,33170,2012-05-17,160,OZ,1,6.99
500884193,21,63,6320,1071514171,25530,2012-08-31,12,CT,1,2.8
500884193,21,56,5620,104119040,16347,2013-03-25,8,OZ,1,1.99
500884320,21,26,2619,102990020,7468,2013-03-22,8,CT,1,0.99
500884320,21,18,1828,103700030,6236,2013-03-22,1,CT,1,3.19
500884320,21,18,1890,107472979,52547,2013-06-06,1,CT,2,1.98
500884864,21,28,2805,104119040,16347,2012-11-23,6,OZ,1,0.99
500884864,21,97,9799,104878949,4913,2013-01-09,250,CT,1,0.99
500885014,21,8,811,103620030,1698,2012-11-25,24,OZ,1,2.39
500885198,21,57,5710,1089470080,21065,2012-06-25,5.3,OZ,10,10
500885198,21,58,5824,104450040,8318,2013-02-21,13,OZ,2,6.58
500885295,21,41,4108,102400020,4704,2012-11-25,8.5,OZ,2,2.18
500885996,21,72,7205,103700030,4294,2012-04-01,4,OZ,1,4.49
500885996,21,33,3301,104126242,19971,2012-04-08,7,OZ,1,1.64
500885996,21,56,5613,104119040,16347,2012-11-11,16,OZ,1,2.99
500885996,21,28,2805,107299979,98643,2012-11-18,3.8,OZ,2,3
500885996,21,49,4901,104119040,16347,2013-02-24,80,OZ,1,3.99
500886241,21,51,5128,101450010,20864,2012-12-09,10,OZ,4,8.76
500886248,21,39,3903,104119040,16347,2013-05-15,24,OZ,1,1.99
500886744,21,63,6305,1085541585,61747,2012-06-06,59,OZ,1,1.99
500887562,21,25,2503,105000050,32115,2012-06-06,22,OZ,1,4.79
500887562,21,59,5907,102900020,2012,2013-01-15,16,OZ,2,2.5
500888656,21,12,1205,108660080,2559,2013-02-12,5,OZ,2,2
500889359,21,56,5607,102100020,13967,2012-11-17,8,OZ,2,3.58
500890248,21,17,1703,101980010,19934,2013-01-16,32,OZ,1,3.59
500892864,21,18,1802,104613545,17898,2013-06-05,1,CT,1,4.49
500893824,21,26,2629,104303242,11116,2012-04-05,250,CT,1,1.74
500893968,21,9,907,101410010,13791,2013-01-02,24,OZ,1,2.57
500894201,21,8,801,101300010,8164,2012-03-20,40,OZ,1,2.19
500894440,21,9,908,107203070,5812,2013-03-03,15,OZ,1,6.69
500895303,21,63,6320,104119040,16347,2013-03-13,12,CT,1,1.49
500896500,21,9,907,107133070,25887,2012-03-28,24,OZ,1,2.49
500896500,21,2,214,103000030,1058,2012-08-21,35,OZ,2,5
500896958,21,9,901,104400040,3453,2012-08-01,24,OZ,1,4.29
500897128,21,41,4107,103470030,14488,2012-03-26,40,OZ,1,1.99
500897187,21,97,9736,104110040,13409,2012-03-03,68,CT,1,1.99
500897310,21,36,3612,107572070,14196,2012-05-08,128,OZ,3,3
500897310,21,63,6315,104119040,16347,2012-07-31,64,OZ,1,2.09
500897447,21,55,5566,107239272,19602,2012-04-22,10,OZ,1,1
500897447,21,26,2608,104119040,16347,2012-10-27,24,CT,1,1.25
500897511,21,36,3635,104119040,16347,2012-05-31,33.8,OZ,3,2
500897511,21,9,907,107167373,17480,2013-02-27,20,OZ,1,1.99
500897640,21,99,9908,104119040,16347,2013-03-08,48,OZ,1,1.99
500897893,21,22,2211,103320030,875,2012-09-18,100,CT,1,1.99
500897893,21,63,6315,104119040,16347,2012-11-20,128,OZ,1,2.99
500898058,21,33,3303,107260070,8245,2012-05-25,10,OZ,3,7
500898058,21,33,3303,107260070,8245,2012-08-11,10.5,OZ,1,2.14
500898533,21,74,7405,104740040,7196,2012-06-11,8,CT,1,25.99
500900138,21,41,4105,107294070,18909,2013-01-11,28,OZ,8,7.12
500900186,21,9,901,104400040,12600,2013-03-29,10.5,OZ,1,4.49
500900186,21,13,1306,103997838,2082,2013-05-28,1.38,LB,1,3.59
500900627,21,72,7208,103500030,3830,2012-07-22,1,CT,2,1.32
500900627,21,59,5907,103377636,1723,2012-10-06,15,OZ,1,1.99
500900645,21,41,4107,104119040,16347,2013-03-09,14.4,OZ,1,0.75
500901879,21,63,6315,104119040,16347,2013-04-05,64,OZ,1,2.49
500901976,21,99,9908,103338333,33170,2012-12-29,80,OZ,1,1.69
500903437,21,55,5552,102073525,18893,2012-04-17,48,OZ,1,3.29
500903437,21,19,1905,108464888,19312,2013-02-19,17,OZ,2,6.98
500903556,21,96,9609,10995400090,88199,2012-05-02,0,,1,-2
500903556,21,28,2805,104119040,16347,2013-03-05,6,OZ,1,0.99
500903658,21,10,1011,107349171,9883,2012-03-07,16,OZ,1,2.99
500903658,21,12,1207,107079676,3198,2012-08-31,2,OZ,1,1.59
500903658,21,14,1417,102400020,4704,2012-09-29,64,OZ,1,7.99
500903658,21,57,5710,1089470080,21065,2013-01-23,5.3,OZ,2,3
500904545,21,31,3101,104119040,16347,2012-05-26,4,OZ,1,4.79
500905076,21,4,418,104000040,56360,2012-03-03,10,OZ,1,3.99
500905076,21,34,3405,101111111,5168,2012-08-11,24,OZ,1,7.89
500905225,21,58,5824,102836424,14418,2012-05-25,16,OZ,2,5.98
500905424,21,36,3631,101200010,12170,2012-04-10,144,OZ,1,4.38
500905424,21,97,9753,10000,0,2012-07-13,1,CT,1,5.58
500906670,21,45,4509,108169787,3994,2012-07-28,12,OZ,2,13.98
500906896,21,21,2106,101200010,10522,2013-03-08,24,OZ,1,0.99
500906936,21,33,3304,102840020,6777,2012-07-02,10.5,OZ,1,3
500906936,21,36,3601,104900040,3809,2012-12-21,144,OZ,2,9
500907012,21,36,3632,104119040,16347,2013-01-30,67.6,OZ,4,3.96
500907993,21,29,2907,103900030,13296,2012-04-25,10,OZ,1,2.5
500908170,21,9,901,104400040,13243,2012-04-21,15.35,OZ,1,3.99
500908170,21,27,2706,105000050,6132,2012-04-28,3,OZ,5,3
500908170,21,26,2614,1030800434,2964,2012-05-26,54,CT,1,2.89
500908170,21,27,2710,107023070,18373,2012-07-14,20,LB,1,4.49
500908170,21,27,2707,105000050,6132,2012-09-22,1,LB,1,2.79
500908741,21,38,3801,104119040,16347,2013-02-13,5,LB,1,2.89
500909625,21,26,2622,104119040,16347,2012-07-30,30,CT,1,1.99
500909625,21,59,5910,103377636,16650,2012-10-14,15,OZ,1,3.49
500910226,21,56,5609,107148171,6765,2012-12-31,16,OZ,1,1.99
500910226,21,33,3318,107041575,27016,2012-12-31,12,OZ,1,1.19
500910226,21,99,9908,103338333,33170,2013-01-21,16,OZ,1,2.49
500910316,21,5,501,101600010,19786,2013-02-05,15.6,OZ,1,5.49
500910316,21,63,6315,104119040,16347,2013-03-28,128,OZ,1,4.29
500911331,21,9,906,104300040,16249,2012-05-26,6,OZ,1,2.49
500911331,21,4,419,104000040,5168,2012-06-05,9.5,OZ,1,4.49
500911331,21,25,2506,105000050,32115,2012-07-24,64,OZ,1,6.99
500911331,21,79,7902,1085282383,45126,2012-08-14,1,CT,1,0.5
500911331,21,58,5822,104450040,8318,2012-12-31,14,OZ,2,6.58
500911331,21,99,9909,1078970777,26870,2013-02-18,5,OZ,1,3.29
500912069,21,63,6320,104119040,16347,2012-11-07,12,CT,1,2.39
500912158,21,60,6012,101800010,14029,2012-12-22,12.4,OZ,1,2.29
500912476,21,36,3604,107800070,2829,2012-03-16,67.6,OZ,4,5.32
500912476,21,63,6315,104119040,16347,2012-04-28,32,OZ,1,1.39
500912476,21,40,4005,107243777,2410,2013-04-15,3.07,OZ,1,2.29
500914293,21,54,5402,107374474,12201,2012-04-14,16,OZ,1,3.35
500914293,21,35,3509,103320030,875,2012-06-30,150,OZ,1,6.99
500914293,21,63,6311,103425636,20309,2012-10-13,64,OZ,1,3.99
500914293,21,37,3706,104119646,14582,2013-01-19,18.5,OZ,2,3.34
500914293,21,16,1601,102200020,20100,2013-04-19,45,CT,1,2.69
500914293,21,16,1604,101254616,18738,2013-06-15,14,CT,1,1.49
500914331,21,26,2622,102570020,20361,2012-09-20,18,CT,2,6.6
500914331,21,17,1726,104460040,3718,2012-10-18,75,CT,1,5.19
500914378,21,63,6320,104119040,16347,2012-04-18,30,CT,1,3.69
500914378,21,36,3611,104119040,16347,2012-05-13,405.6,OZ,1,2.99
500914378,21,97,9745,104310040,11411,2012-08-29,1,CT,2,9.28
500914378,21,36,3611,104119040,16347,2013-04-07,405.6,OZ,1,2.99
500915046,21,63,6315,104119040,16347,2013-02-22,64,OZ,1,1.99
500915046,21,57,5710,1089470080,21065,2013-02-22,5.3,OZ,2,2.5
500915046,21,4,416,105025555,15334,2013-03-17,3.5,OZ,1,1.99
500915363,21,5,501,101600010,3331,2013-02-06,14,OZ,1,3.39
500917177,21,44,4404,105963555,29023,2012-05-11,6.75,OZ,1,1.39
500917177,21,30,3008,104520040,26727,2012-12-26,16,OZ,2,6.58
500919033,21,4,421,107920070,20031,2012-11-11,6,OZ,2,2
500919064,21,99,9909,107774575,14997,2012-07-19,10,OZ,1,2
500919109,21,63,6320,104119040,16347,2012-03-10,12,CT,1,1.29
500919109,21,63,6320,104119040,16347,2013-01-27,12,CT,1,2.49
500919612,21,58,5837,104470040,13310,2013-02-24,2.52,OZ,1,3.49
500919824,21,4,411,104000040,17287,2012-03-23,14,OZ,1,1.99
500919824,21,26,2629,104303242,11116,2012-05-25,250,CT,1,1.74
500919824,21,9,903,107050676,3860,2012-12-21,18,OZ,1,0.99
500920191,21,9,908,107203070,5812,2013-02-15,14,OZ,1,2.14
500920671,21,4,418,104000040,26517,2012-06-05,14,OZ,2,5
500921051,21,16,1601,101254616,3418,2013-01-26,60,CT,2,2.58
500921702,21,26,2606,105543757,11482,2012-05-20,40,CT,1,1.99
500922010,21,62,6202,104119040,16347,2012-06-24,9,OZ,2,3.98
500922035,21,8,809,101300010,8164,2012-10-13,12,OZ,1,0.99
500922060,21,36,3635,107252171,19411,2012-07-20,33.8,OZ,4,3
500922889,21,9,907,104500040,20016,2012-07-04,12,OZ,1,1.29
500923922,21,26,2633,105400050,16048,2013-02-04,20,RL,1,16.49
500924772,21,57,5706,103663232,4568,2012-10-28,32,OZ,1,3.29
500924772,21,97,9799,104119040,16347,2012-11-20,1,CT,3,13.47
500924772,21,56,5615,102100020,4218,2013-01-05,24,OZ,1,7.89
500924856,21,74,7407,1084105888,15983,2012-06-07,4,CT,2,13.18
500924856,21,44,4404,107045979,12587,2013-02-21,7.8,OZ,1,2.89
500924856,21,41,4105,104119040,16347,2013-03-07,14.5,OZ,2,1.5
500925035,21,29,2923,104100040,9814,2012-12-16,4.8,OZ,1,1.25
500925044,21,36,3601,104900040,3809,2012-07-12,60,OZ,1,3.59
500925044,21,36,3626,104900040,17186,2012-09-20,144,OZ,1,4.5
500925728,21,56,5620,104119040,16347,2012-03-11,8,OZ,1,2.29
500925728,21,97,9753,1020050121,0,2012-11-11,1,CT,1,4.61
500927930,21,5,517,103800030,17050,2012-03-03,4.6,OZ,3,8.97
500927930,21,5,504,109742191,22339,2013-02-02,1.94,OZ,3,3
500927930,21,17,1799,104159848,19708,2013-03-23,8,OZ,1,4.29
500928320,21,29,2928,104100040,9814,2012-07-20,5.8,OZ,1,0.94
500929029,21,21,2119,1061300868,867,2012-11-25,42,OZ,2,1.98
500929229,21,14,1410,103900030,10383,2012-11-16,29,OZ,1,2.99
500929847,21,63,6320,104119040,16347,2012-10-28,18,CT,1,2.48
500929847,21,29,2924,101740010,11748,2013-02-23,14,OZ,1,1.99
500930108,21,21,2111,107468272,27266,2013-04-10,32,OZ,1,4.49
500930915,21,9,913,104812141,18322,2012-03-11,12,OZ,1,1.99
500931500,21,26,2611,103600030,14191,2012-10-25,16,CT,1,4.89
500931702,21,11,1102,104119040,16347,2012-05-25,200,CT,1,1.19
500931702,21,25,2509,104119040,16347,2012-10-05,32,OZ,1,2.49
500932786,21,97,9753,10000,0,2012-03-07,1,CT,2,0
500932885,21,35,3506,103700030,3068,2012-03-24,75,OZ,1,5.49
500932885,21,26,2622,101370010,8154,2012-05-05,18,CT,2,4.98
500932885,21,35,3508,103700030,18371,2012-07-28,150,OZ,2,43.98
500932885,21,6,606,105000050,3001,2013-04-07,12.6,OZ,2,11.18
500934013,21,72,7205,103500030,3830,2012-03-10,4,OZ,1,0.99
500934013,21,8,818,107294070,18909,2012-04-06,26,OZ,1,0.88
500934013,21,99,9909,107143070,5072,2012-04-29,9,OZ,1,2
500934013,21,5,501,101600010,3331,2013-01-02,8.9,OZ,1,3
500934340,21,99,9904,104119040,16347,2012-04-25,4,LB,1,2.99
500934340,21,63,6320,104119040,16347,2012-11-29,12,CT,1,2.69
500935063,21,63,6320,104119040,16347,2012-05-05,18,CT,1,1.88
500935063,21,50,5002,103100030,1358,2013-02-16,7,OZ,4,3.48
500935144,21,35,3508,1088596787,6063,2012-08-09,14.1,OZ,1,2.99
500935250,21,41,4105,107294070,15064,2012-07-13,14.5,OZ,4,2.64
500935842,21,3,311,1064420969,5345,2012-03-16,16.2,OZ,1,2.29
500935842,21,9,907,107167373,17480,2012-04-26,22,OZ,2,3.38
500935842,21,36,3601,104900040,3809,2012-06-15,240,OZ,2,11
500935842,21,25,2508,102529323,16410,2012-06-19,64,OZ,1,3.49
500935842,21,63,6320,1071514171,25530,2012-08-19,12,CT,1,2.99
500935842,21,37,3706,104119646,14582,2012-11-07,18.5,OZ,2,4
500935917,21,21,2119,1061300868,867,2012-04-19,128,OZ,2,5.58
500935917,21,23,2301,107680878,1393,2012-09-15,12,OZ,1,4.69
500935917,21,9,907,107133070,25887,2012-11-28,24,OZ,1,2.99
500938799,21,58,5812,1063690666,12339,2012-06-16,14,OZ,1,4.07
500938799,21,36,3626,104900040,17186,2012-07-21,144,OZ,1,4.99
500938799,21,63,6320,1071514171,25530,2013-04-13,12,CT,1,3.69
500938930,21,17,1708,104173747,29,2012-05-30,3.5,OZ,2,3.28
500939169,21,36,3603,104300040,4371,2012-06-27,256,OZ,1,2.49
500939169,21,60,6011,101800010,14029,2012-10-07,16.3,OZ,1,2.59
500939169,21,5,504,109742191,22339,2012-10-19,1.94,OZ,5,5
500939169,21,51,5125,101380010,10271,2012-12-07,9.75,OZ,1,3.5
500939347,21,22,2201,104460040,3718,2012-05-04,96,OZ,1,1.99
500939347,21,7,709,107732474,27291,2012-06-20,4.65,OZ,1,6.99
500939347,21,4,418,103400030,45489,2012-09-14,12,OZ,1,3.59
500939347,21,59,5902,103450030,10165,2013-02-06,8,OZ,1,2.49
500939866,21,30,3008,104133545,43106,2013-02-16,16,OZ,1,3.29
500940106,21,23,2310,102160525,63393,2013-01-19,15,OZ,1,1.99
500940425,21,37,3707,102400020,3843,2012-03-10,14.5,OZ,3,3
500940425,21,63,6312,102066222,12598,2012-09-12,59,OZ,2,4.78
500940547,21,5,501,101600010,3331,2013-02-17,49,OZ,1,7.49
500940547,21,26,2630,103700030,14647,2013-06-06,372,CT,1,5.69
500941146,21,9,910,105565353,4580,2013-02-02,4.4,OZ,2,1.98
500942109,21,33,3305,1085277282,56884,2012-04-10,5.5,OZ,1,2.99
500942109,21,58,5823,107597171,15878,2012-04-22,10,OZ,1,5.99
500942109,21,34,3410,101700010,4912,2012-06-17,52,OZ,1,3.99
500942109,21,9,907,107265979,13545,2012-09-30,11,OZ,1,2.99
500942109,21,28,2805,107299979,98643,2013-01-27,6.5,OZ,1,1.89
500942935,21,33,3320,102510525,10909,2012-11-10,6,OZ,1,4.99
500942999,21,20,2002,105100050,27873,2012-10-04,33,OZ,1,3.69
500943789,21,41,4108,101300010,8164,2012-03-20,16,OZ,1,1.39
500944178,21,8,838,102700020,11091,2013-01-09,15.5,OZ,1,1
500946601,21,69,6901,1030099737,11804,2012-03-19,2.25,OZ,1,3.69
500946601,21,58,5831,107274575,13804,2012-07-16,16,OZ,1,3.99
500946601,21,57,5710,1089470080,21065,2012-11-06,5.3,OZ,4,5
500946601,21,35,3509,1088596787,330,2013-01-05,50,OZ,1,2.99
500947008,21,9,913,104812141,18322,2013-04-17,13,OZ,1,1.99
500947151,21,63,6315,104119040,16347,2013-02-06,128,OZ,1,4.29
500948114,21,9,913,104812141,18322,2012-11-28,24,OZ,1,2.49
500948950,21,29,2914,104119040,16347,2012-03-21,2.05,OZ,2,1.78
500948950,21,9,922,102560020,18051,2012-04-09,8.25,OZ,1,4.49
500948950,21,9,922,102560020,18051,2012-05-23,8,OZ,1,2.99
500949119,21,18,1831,102146626,20787,2012-10-11,24,CT,1,1.09
500949119,21,99,9904,103338333,33170,2012-11-28,80,OZ,1,4.99
500950159,21,99,9908,103338333,33170,2012-07-13,16,OZ,2,3.58
500950829,21,30,3008,104100040,19975,2012-05-20,16,OZ,3,7.17
500951248,21,36,3635,104119040,16347,2012-03-22,33.8,OZ,12,8
500951248,21,8,803,106414464,7770,2012-10-05,12,OZ,1,1.25
500951595,21,71,7102,107537171,1211,2012-06-23,16.5,OZ,1,2.49
500951744,21,36,3632,107800070,17635,2012-04-10,67.6,OZ,2,3
500952444,21,1,106,101500010,7142,2013-01-30,7,OZ,12,11.88
500952481,21,8,818,107050676,3860,2012-03-22,26,OZ,2,1.98
500952481,21,25,2506,105000050,32115,2013-02-26,16,OZ,2,4.48
500953302,21,67,6703,1030813737,9259,2012-09-11,14,OZ,2,5.98
500953302,21,31,3108,101360010,4916,2012-12-21,26,OZ,1,0.69
500953302,21,28,2806,10930090,12157,2013-01-18,16,OZ,1,1.74
500953898,21,36,3635,104119040,16347,2012-12-09,33.8,OZ,3,2
500955209,21,36,3612,104119040,16347,2013-02-15,128,OZ,2,1.58
500955345,21,36,3611,107929878,5984,2012-03-12,202.8,OZ,1,10.49
500955345,21,36,3604,107800070,2829,2012-07-16,67.6,OZ,3,4.5
500955345,21,0,0,10000,20405,2012-08-26,0,,1,3.5
500955734,21,4,418,103400030,1991,2012-05-18,9.6,OZ,1,2.99
500956083,21,36,3601,104900040,3809,2012-12-27,20,OZ,1,1.79
500956113,21,33,3307,102900020,14112,2012-11-17,10.3,OZ,1,5.25
500956113,21,26,2633,103040030,683,2013-02-13,4,RL,1,2.88
500956113,21,51,5119,104162545,26573,2013-03-02,8,OZ,1,3.99
500956620,21,41,4121,104119040,16347,2012-03-21,8,OZ,2,0.8
500956620,21,54,5401,101862717,9496,2012-07-03,10.1,OZ,1,3.69
500956846,21,8,810,105210050,11382,2012-06-15,1.31,OZ,1,1.99
500957349,21,36,3626,104900040,17186,2013-04-06,67.6,OZ,5,7.5
500958629,21,10,1010,103400030,8247,2012-12-19,48,OZ,2,7.98
500958651,21,63,6320,104119040,16347,2012-03-25,18,CT,1,2.09
500958651,21,28,2804,104119040,16347,2012-05-26,12.6,OZ,1,2.49
500959033,21,55,5552,102983929,6763,2013-05-27,48,OZ,1,2.79
500959308,21,57,5704,104667545,20216,2012-06-14,6,OZ,4,1.96
500959308,21,57,5704,105360050,10074,2013-01-30,6,OZ,3,1.32
500963362,21,36,3601,101200010,13794,2012-12-04,67.6,OZ,1,1.5
500965613,21,56,5611,104175747,10216,2012-08-09,6,OZ,1,2.49
500965613,21,27,2704,107910070,27108,2013-05-23,25,OZ,1,12.59
500966604,21,44,4407,107680070,10333,2012-05-03,12,OZ,1,1.79
500966604,21,26,2629,1081697080,16473,2012-07-19,140,CT,1,0.99
500967949,21,12,1207,107079676,3198,2012-09-14,2,OZ,1,1.49
500968043,21,99,9908,104119040,16347,2012-08-28,16,OZ,1,1.5
500968252,21,56,5607,102018828,18483,2012-11-10,8,OZ,1,2.79
500968252,21,33,3314,104119040,16347,2013-02-16,6.56,OZ,1,1.5
500968252,21,3,311,1064420969,5345,2013-03-16,0.1,OZ,1,0.74
500969072,21,9,907,107518575,11221,2012-08-13,20,OZ,3,10.47
500969072,21,51,5119,104162545,26573,2012-10-06,20,OZ,1,3.99
500969072,21,30,3001,104800141,8178,2012-11-21,30,OZ,1,4.59
500969217,21,38,3801,104119040,16347,2012-03-11,5,LB,1,3.09
500969217,21,33,3303,102840020,15598,2012-05-07,13.5,OZ,2,7.98
500969407,21,9,907,107167373,17480,2012-05-20,24,OZ,1,1.84
500970809,21,9,907,107341070,888,2012-07-12,24,OZ,1,2.24
500970809,21,5,517,103800030,69260,2012-09-27,10.4,OZ,1,3.49
500971695,21,9,913,104119040,16347,2012-05-17,12,OZ,2,2.38
500971695,21,11,1102,1072277676,17117,2013-01-21,200,CT,1,4.79
500971695,21,2,214,103000030,1058,2013-01-21,32,OZ,1,2.5
500972048,21,62,6201,107349171,9883,2012-09-26,22,OZ,1,3.49
500972380,21,33,3307,102900020,14112,2012-05-19,8.75,OZ,1,6.49
500972380,21,57,5705,103663232,4568,2012-06-30,6,OZ,4,2
500972380,21,25,2509,104119040,16347,2012-07-21,32,OZ,1,2.49
500972381,21,36,3603,104300040,4371,2012-05-29,256,OZ,1,3
500972381,21,69,6901,103700030,16139,2012-06-10,2.6,OZ,1,2.79
500972464,21,36,3630,107800070,5208,2012-06-19,67.6,OZ,1,1.69
500972464,21,36,3631,101200010,12170,2012-06-25,67.6,OZ,1,1.35
500972464,21,36,3631,101200010,12170,2012-07-10,144,OZ,1,4.17
500972464,21,36,3626,101200010,16391,2012-12-16,67.6,OZ,1,1.32
500972464,21,9,902,104400040,15335,2013-02-07,12.73,OZ,1,3.79
500972657,21,51,5131,101862717,9496,2012-06-12,9.5,OZ,2,4.48
500972657,21,9,908,107203070,5812,2012-07-03,13,OZ,1,2.24
500972657,21,8,801,101300010,8164,2012-11-02,15,OZ,1,2.49
500972657,21,30,3010,107020070,11244,2012-12-27,12,OZ,1,2.99
500973159,21,21,2117,109518898,17991,2012-07-16,40.5,OZ,2,1.98
500973159,21,0,0,10000,0,2013-02-04,0,,1,-2.21
500974151,21,8,811,103620030,1698,2013-01-16,24,OZ,1,2.5
500974151,21,58,5831,102265525,2626,2013-02-20,24,OZ,1,7.99
500974878,21,26,2629,104200040,19231,2013-03-13,100,CT,1,2.19
500974907,21,9,907,107167373,17480,2012-05-23,11,OZ,1,1.5
500974907,21,51,5115,101960010,3174,2013-03-13,5.08,OZ,2,1.98
500974993,21,8,811,103620030,1698,2013-03-06,24,OZ,1,2.39
500975665,21,29,2928,105480050,19039,2012-07-27,8.8,OZ,1,1.99
500975665,21,26,2628,103700030,2248,2012-11-05,6,RL,2,34.98
