469074812,101,58,5827,104470040,13310,2013-02-10,16,OZ,1,3.99
469081402,77,5,501,1088491282,13689,2012-10-28,20.5,OZ,1,3.99
469086478,77,0,0,10000,20405,2012-12-19,0,,1,-4.4
469086478,77,55,5567,107064070,19704,2013-04-22,15.9,OZ,1,5.79
469096669,101,0,0,10000,20405,2012-09-19,0,,1,-8.65
469096669,101,96,9609,1051600050,88199,2012-11-12,0,,1,-1.5
469096669,101,22,2211,103700030,2246,2013-01-04,120,CT,2,9.58
469101050,77,99,9908,103338333,33170,2012-03-04,16,OZ,1,0
469101050,77,0,0,10000,20405,2012-05-22,0,,1,-4.35
469101050,77,96,9609,1057346151,88199,2012-10-23,0,,1,-1
469101050,77,3,309,107078474,18552,2012-12-06,14,OZ,1,2.49
469108320,101,79,7902,1081349383,45172,2013-03-20,1,CT,1,1.25
469110139,77,27,2704,107910070,30096,2012-04-14,64,OZ,1,6.49
469110139,77,9,904,107078474,18552,2012-06-29,5,OZ,1,2.09
469110139,77,9,901,104400040,13243,2013-02-02,14.3,OZ,1,3.99
469110843,101,99,9904,1060504969,17635,2012-07-09,11.5,OZ,1,4.29
469120847,101,63,6311,102500020,16474,2012-08-25,13.5,OZ,1,1.49
469122650,77,31,3101,105210050,11382,2013-03-12,3.46,OZ,1,3.99
469129622,101,33,3302,1068826767,81691,2012-05-14,8.7,OZ,1,1.79
469131396,101,10,1006,1068826767,7173,2013-06-08,10,OZ,1,1.59
469133683,77,11,1112,102898929,26666,2012-04-12,10,OZ,1,4.19
469133683,77,28,2805,107078474,18552,2012-12-23,6,OZ,1,1.67
469133683,77,14,1404,107078474,18552,2013-06-06,24,OZ,1,2.3
469133739,101,9,902,103010030,18457,2012-03-25,8,OZ,1,3
469142398,77,4,418,103400030,57369,2012-09-21,12,OZ,3,10
469144070,77,9,915,107750777,9469,2012-03-03,8,OZ,1,2.59
469144070,77,7,707,104300040,11339,2012-05-06,34.5,OZ,1,7.99
469144070,77,5,501,103800030,6796,2012-09-09,15,OZ,1,2.5
469144070,77,5,501,103000030,45635,2013-02-03,13,OZ,2,6.79
469144070,77,97,9736,104110040,13409,2013-03-21,133,CT,1,1.49
469144095,77,0,0,10000,20405,2012-09-05,0,,1,-7.56
469144113,101,28,2805,107340575,1604,2013-02-22,20,OZ,1,6.65
469144113,101,9,907,1068826767,81691,2013-02-22,15,OZ,1,2.59
469145274,101,35,3504,1073291373,23643,2012-10-24,25,OZ,1,2.94
469148481,101,29,2920,101114010,8709,2012-03-08,13.7,OZ,1,2.85
469149262,101,39,3903,103905939,17176,2012-03-16,12.5,OZ,1,7.59
469149262,101,63,6305,101630010,6509,2012-08-31,59,OZ,1,3.19
469149262,101,97,9753,1020308222,0,2013-06-07,1,CT,1,2.89
469151840,101,18,1890,107048575,8154,2012-03-30,3,CT,1,1.49
469151840,101,51,5129,101450010,20864,2012-07-13,12,OZ,1,2.09
469151840,101,55,5567,107064070,19704,2012-08-09,21,OZ,1,3.99
469151840,101,9,901,104400040,85927,2013-01-03,8.8,OZ,2,5.98
469151840,101,9,902,104400040,18775,2013-01-03,7.6,OZ,1,2.5
469151840,101,33,3307,108186484,7870,2013-04-12,12,OZ,1,1.99
469152576,101,99,9909,107143070,5072,2012-04-01,12,OZ,1,2.5
469152576,101,63,6315,107999777,15502,2013-02-24,14,OZ,2,1.38
469152911,101,36,3611,101200010,803,2012-12-16,405.6,OZ,1,4.5
469152911,101,23,2301,103340030,15802,2013-01-11,12,OZ,2,2.48
469152911,101,97,9753,1076163575,0,2013-04-28,1,CT,2,6.98
469161441,101,58,5813,1078533171,7796,2012-09-11,16,OZ,3,3.75
469173429,101,9,912,104812141,18322,2012-03-05,13,OZ,1,3.99
469173429,101,36,3611,104900040,4599,2013-01-30,405.6,OZ,1,4.5
469180030,101,2,202,105150050,14029,2012-11-28,19.5,OZ,2,2.5
469188128,101,63,6305,104850040,18799,2013-04-09,59,OZ,1,2.99
469192243,77,97,9753,10000,0,2012-04-10,1,CT,1,1.03
469192243,77,63,6315,107880070,19118,2013-03-09,32,OZ,1,1.99
469200927,77,73,7357,103160434,12423,2013-01-10,180,CT,0,-13.49
469200927,77,4,418,103400030,15113,2013-01-23,15,OZ,2,6
469205026,77,64,6401,101820010,22604,2012-06-13,144,OZ,1,13.99
469205026,77,92,9204,103680030,18533,2012-07-05,6,OZ,1,1.49
469205026,77,63,6318,107078474,18552,2013-02-06,16,OZ,3,8.37
469207976,101,21,2111,103120030,12957,2012-10-19,64,OZ,4,7.52
469226014,101,8,809,105100050,2820,2012-11-11,10.5,OZ,2,1.39
469238480,101,72,7205,103500030,3830,2013-01-25,6,OZ,1,3.34
469239173,77,26,2609,104116545,16879,2013-02-09,28,CT,2,5
469244190,101,45,4515,1068826767,7173,2012-12-14,24,OZ,1,5
469244190,101,56,5615,1068826767,11221,2012-12-20,8,OZ,1,2
469248152,101,9,904,1078735979,6734,2012-03-16,5,OZ,1,1
469256270,101,63,6320,1071514171,25530,2012-06-24,12,CT,1,2.99
469263306,77,23,2310,104154949,15506,2012-08-24,24,OZ,1,4.99
469284420,101,21,2106,105100050,27873,2012-04-16,64,OZ,2,5
469285750,101,9,907,107225070,12465,2012-05-17,20,OZ,1,2.69
469291971,101,25,2509,107774171,3738,2013-04-16,16,OZ,1,1.49
469302338,101,25,2508,102529323,16410,2012-05-12,32,OZ,1,2
469302338,101,56,5615,1068826767,81691,2013-01-31,8,OZ,2,4.58
469305671,101,14,1411,103890030,5072,2012-08-11,8,OZ,1,0.97
469305671,101,9,922,102430020,10577,2012-09-24,12,OZ,1,1.5
469307876,101,39,3903,104300040,10654,2013-06-27,24,OZ,1,2.99
469312259,101,51,5125,101380010,10271,2013-01-12,9.75,OZ,1,2
469312259,101,27,2706,105000050,6132,2013-07-03,3,OZ,4,3
469325975,101,8,811,104112949,3635,2012-08-25,8.1,OZ,1,2.25
469335410,101,26,2629,107331070,11125,2012-04-05,500,CT,1,4.1
469340365,101,99,9908,103338333,33170,2012-10-06,8,OZ,3,4.98
469351113,101,9,910,104400040,27201,2012-05-11,10.6,OZ,1,3.99
469351113,101,8,809,101300010,8164,2013-01-11,12,OZ,1,1.25
469374548,101,36,3601,104900040,3809,2012-09-02,144,OZ,2,6
469374548,101,27,2707,1082927484,11516,2013-02-05,16,LB,1,11.89
469376074,101,2,209,104300040,26232,2012-11-20,12.6,OZ,1,2.5
469376074,101,20,2002,105100050,27873,2013-01-14,48,OZ,1,3.99
469376074,101,45,4511,107274575,13804,2013-03-29,29,OZ,1,4.19
469388174,77,96,9609,1057778252,88199,2012-06-11,0,,2,-1.1
469388174,77,53,5307,101450010,20864,2012-10-08,12,OZ,3,5
469388174,77,21,2119,108390080,7368,2012-12-26,18.5,OZ,5,5
469388174,77,9,907,107078474,18552,2013-03-18,20,OZ,1,1.39
469395031,101,63,6312,102073525,18893,2012-06-22,64,OZ,1,1.54
469395031,101,58,5812,107495676,8144,2013-01-14,34,OZ,2,15.98
469403587,77,7,709,109955595,7661,2013-04-05,4.8,OZ,1,6
469406321,101,51,5123,102113121,11151,2012-09-30,28,OZ,1,4.99
469406321,101,97,9736,107116979,13409,2013-03-24,12,CT,1,2
469406321,101,41,4107,1068826767,7173,2013-06-15,16,OZ,1,1.99
469423009,101,36,3612,1068826767,158,2013-01-13,128,OZ,1,0.85
469423009,101,9,920,107641070,10160,2013-03-03,6,OZ,2,5
469439723,101,13,1306,101600010,7366,2012-03-29,5,LB,1,2.5
469439723,101,97,9799,102318525,6457,2012-04-06,2,CT,1,4.79
469439723,101,75,7533,101101717,25703,2012-10-25,2,CT,1,5.79
469447688,77,10,1011,104300040,26232,2013-02-01,15.5,OZ,1,2.5
469467117,101,12,1206,108660080,2559,2012-08-03,9,OZ,1,3.29
469467880,101,5,501,103000030,58434,2012-09-28,14,OZ,1,3
469476603,101,95,9518,1061029060,7848,2012-04-14,1,CT,1,2.79
469476603,101,33,3302,102700020,57417,2012-11-11,17.4,OZ,1,3
469481806,77,6,610,1089081787,69315,2012-09-08,12,OZ,2,2
469481806,77,63,6313,1061611262,23016,2012-10-20,7,OZ,4,5.98
469481806,77,43,4302,107027272,15085,2012-12-20,6.5,OZ,2,4
469486187,77,36,3601,101200010,13794,2012-08-27,144,OZ,1,3.5
469486187,77,36,3601,101200010,13794,2013-05-02,67.6,OZ,1,1.66
469494545,101,36,3635,1068826767,3677,2012-09-02,33.8,OZ,4,2.76
469525005,101,51,5119,1065216060,631,2012-07-01,12,OZ,1,4.49
469525005,101,9,901,104400040,13243,2013-04-21,15.35,OZ,2,6
469527664,77,26,2609,107078474,18552,2012-07-21,45,CT,1,2
469531144,101,9,903,104119646,14582,2012-05-02,15,OZ,1,1.69
469531144,101,53,5307,1068826767,81691,2012-08-15,12,OZ,2,2.5
469531144,101,9,901,107340676,17860,2012-10-24,16,OZ,1,2.5
469531144,101,96,9609,1052270050,88199,2013-03-13,0,,1,-1
469531167,101,11,1102,1068826767,81691,2012-05-20,400,CT,1,3.69
469531167,101,63,6320,1068826767,81691,2012-12-01,18,CT,1,2.79
469533434,101,41,4107,101760010,2443,2012-11-20,40,OZ,1,1.69
469534805,101,21,2113,103120030,12957,2012-09-14,48,OZ,1,2.97
469538217,77,72,7210,107666070,6414,2012-10-06,2,OZ,2,9.98
469538217,77,57,5705,103663232,4568,2012-10-27,24,OZ,2,4
469582652,101,63,6315,107045272,6176,2012-08-21,64,OZ,1,3
469582652,101,56,5610,104138747,60,2013-06-06,6,OZ,1,2.99
469594130,77,14,1411,107078474,18552,2012-12-01,20,OZ,1,1.34
469594130,77,63,6320,107078474,18552,2012-12-06,18,CT,1,2.89
469611317,77,63,6313,107251070,1909,2012-04-03,12,OZ,1,1.5
469611317,77,31,3111,104150040,6714,2012-09-17,2.8,OZ,1,2.49
469611317,77,31,3111,104150040,6714,2012-10-02,2.8,OZ,1,2.49
469638837,77,58,5815,103861636,11137,2012-11-13,6,OZ,5,7.38
469638837,77,56,5620,107078474,18552,2013-04-05,8,OZ,2,4
469643328,101,63,6315,1068826767,81691,2013-01-29,128,OZ,2,7.46
469643328,101,9,901,106731262,19527,2013-04-30,14.1,OZ,1,3.29
469661090,101,21,2119,108390080,7368,2012-08-02,18.5,OZ,1,1
469682176,101,33,3311,102840020,27521,2012-04-09,10.5,OZ,1,3.99
469682176,101,54,5401,103800030,5618,2012-12-23,10.75,OZ,1,2.29
469686924,101,18,1828,101980010,15181,2012-10-08,7.5,OZ,3,2.67
469686924,101,26,2633,105400050,16048,2012-12-28,12,RL,1,6.99
469690946,77,0,0,10000,20405,2012-12-22,0,,1,-4.53
469709787,77,29,2914,102100020,71587,2012-09-05,12.9,OZ,1,3.99
469709787,77,7,709,101122515,31464,2012-12-09,4.65,OZ,1,6.99
469746477,101,9,917,107373171,11786,2012-03-04,11.5,OZ,1,2.45
469746477,101,35,3509,1073291373,23643,2012-04-06,50,OZ,1,9.99
469746477,101,5,501,103800030,6790,2012-07-10,12.2,OZ,1,1.88
469757848,101,3,303,105210050,2732,2013-01-26,1.1,OZ,1,2.99
469763348,77,36,3618,101200010,23361,2012-03-15,144,OZ,2,8.19
469763348,77,36,3604,107800070,16023,2012-06-14,67.6,OZ,1,0
469763348,77,25,2503,107078474,18552,2012-07-26,16,OZ,1,2.5
469771729,101,9,912,1068826767,7173,2012-10-22,20,OZ,5,11.95
469784359,101,63,6320,1068826767,81691,2013-05-26,18,CT,2,5.18
469785980,101,51,5126,101380010,27474,2012-09-11,6,OZ,2,5.38
469789325,101,26,2632,1068826767,81691,2012-03-25,42,CT,1,2.65
469789423,77,14,1404,107078474,18552,2012-10-02,50,OZ,1,2.79
469789423,77,71,7113,107852272,9102,2012-10-02,8,OZ,1,10.49
469790779,101,57,5704,105215959,41981,2012-08-16,6,OZ,1,0.99
469837951,101,51,5116,107192171,25673,2012-03-23,26.4,OZ,1,7.19
469837951,101,0,0,10000,20405,2012-08-31,0,,1,-39.14
469837951,101,27,2704,107910070,30096,2012-10-12,10,OZ,1,2.39
469837951,101,56,5617,102100020,9886,2013-06-07,16,OZ,1,3.59
469837951,101,18,1827,103700030,6236,2013-06-28,9.7,OZ,1,3.15
469839737,101,75,7503,104138848,1993,2012-11-24,0.15,OZ,1,1.25
469862631,101,44,4404,105100050,13791,2012-09-28,11.25,OZ,1,2
469886139,101,36,3635,1068826767,81691,2013-02-09,33.8,OZ,1,0.58
469901492,101,32,3202,1068826767,81691,2012-03-18,48,OZ,1,3.79
469901492,101,63,6312,102500020,16487,2012-07-06,59,OZ,1,2.5
469902386,101,99,9908,103338333,33170,2012-03-26,4,OZ,1,1.99
469912467,77,26,2634,104200040,14813,2013-06-09,12,RL,1,7.49
469923330,101,36,3604,107800070,2829,2012-12-27,101.4,OZ,1,4.99
469956630,77,3,311,105150050,14029,2012-07-03,16,OZ,3,5
469959258,101,23,2301,101510010,23948,2013-02-01,12,OZ,1,1.99
469967885,77,59,5907,102900020,2012,2012-07-14,16,OZ,1,1.39
469991659,101,5,516,103000030,14760,2012-07-22,6.7,OZ,1,2
469991659,101,7,708,109955595,7661,2013-02-21,12,OZ,1,8.49
470001596,101,9,908,102560020,18051,2012-03-24,2.5,OZ,1,1.69
470019481,101,36,3632,102500020,11749,2012-07-18,67.6,OZ,5,7.45
470019481,101,25,2507,107235070,68047,2012-10-03,65,OZ,1,3
470019481,101,27,2704,1061565060,4972,2012-11-01,1,CT,2,4.58
470023483,101,26,2619,1068826767,7173,2013-02-23,18,CT,1,4.99
470036666,101,9,907,1068826767,81691,2012-03-06,12,OZ,1,1.15
470049715,101,35,3508,103700030,18371,2012-08-03,50,OZ,1,7.99
470049715,101,97,9753,107357474,0,2013-03-05,1,CT,1,2.99
470049715,101,9,907,107246575,33343,2013-06-19,15,OZ,1,3.49
470072994,101,92,9208,104145747,7487,2013-03-07,17,CT,1,3.29
470078636,101,34,3406,103700030,8993,2012-04-23,18,OZ,1,2.79
470084913,101,36,3604,1068826767,20614,2012-04-30,144,OZ,1,2.75
470084913,101,58,5827,1068826767,12475,2012-11-25,12,OZ,2,11.98
470094555,101,57,5704,107047070,20230,2012-06-15,24,OZ,1,2
470094555,101,21,2113,102500020,11749,2013-03-13,67.5,OZ,1,3
470094555,101,26,2617,101090010,15232,2013-05-22,1,CT,1,2.99
470110428,77,9,901,103010030,44654,2012-06-05,15,OZ,1,2.5
470113016,101,33,3313,107260070,8245,2012-12-27,8.5,OZ,1,2.99
470113016,101,41,4110,1068826767,7173,2013-03-20,28,OZ,1,1.35
470117896,101,26,2632,103600030,8583,2012-08-10,64,CT,1,1.99
470117896,101,8,835,102150020,10238,2012-09-14,12,OZ,2,4
470120963,101,56,5610,102100020,9886,2012-04-06,7,OZ,1,4.39
470120963,101,97,9753,1020440929,0,2012-11-23,1,CT,178,3.54
470149682,101,8,803,104150040,6714,2012-10-03,8,OZ,1,1
470177584,77,59,5902,107078474,18552,2012-03-17,16,OZ,4,11.96
470177584,77,27,2704,1088424484,5068,2012-09-09,5,OZ,3,20.77
470181818,101,55,5558,102983929,6763,2013-03-01,6,OZ,1,1
470184591,101,51,5115,107218070,15035,2012-04-16,20.6,OZ,1,5.99
470184591,101,5,519,103000030,14760,2013-01-29,12.3,OZ,2,5
470185058,101,63,6317,104157040,2017,2012-09-27,64,OZ,1,2.59
470198063,101,46,4606,1068826767,81691,2012-03-18,16,OZ,1,3.79
470198063,101,56,5615,1068826767,81691,2012-11-18,8,OZ,1,2.59
470218595,101,73,7344,1081885484,98225,2012-11-02,12,OZ,1,6.99
470218595,101,99,9908,103338333,33170,2013-02-06,48,OZ,1,3.49
470269481,101,14,1405,1068826767,81691,2012-12-27,14,OZ,2,2
470269481,101,63,6324,1073649070,17823,2013-05-24,18,OZ,1,5.99
470269481,101,26,2614,103700030,514,2013-07-04,28,CT,1,5.99
470270308,101,9,922,101600010,6283,2013-02-13,5.34,OZ,1,2.88
470271843,101,45,4509,1068826767,7173,2013-03-07,12,OZ,1,9.99
470271843,101,63,6315,1068826767,81691,2013-03-22,32,OZ,1,1.04
470275409,101,97,9799,107079272,8183,2012-03-03,48,CT,1,2.15
470279174,101,55,5564,101626414,35419,2012-07-07,36,OZ,1,9.99
470279174,101,40,4005,102399121,74959,2012-09-22,1.4,OZ,1,2.69
470304693,101,36,3632,101480010,8019,2012-12-31,128,OZ,1,2
470304693,101,23,2301,107680878,1393,2013-01-05,16,OZ,1,1.35
470306744,101,97,9753,1020401121,0,2012-04-19,1,CT,1,1.5
470306744,101,63,6315,1068826767,81691,2012-08-29,128,OZ,1,3.43
470306744,101,33,3316,101600010,3397,2012-09-13,10.5,OZ,1,3
470306744,101,21,2105,104900040,14357,2013-05-02,160,OZ,1,3.99
470306744,101,56,5609,107342070,4529,2013-06-13,24,OZ,1,3
470319972,101,57,5710,107047070,20230,2012-07-17,16,OZ,1,2.99
470319972,101,26,2622,102570020,20361,2012-10-18,50,CT,1,2.09
470323421,101,10,1011,104300040,26232,2012-12-03,13.5,OZ,1,2.19
470333931,101,63,6315,1068826767,81691,2013-01-05,32,OZ,1,1.06
470340303,101,96,9609,1053700050,88199,2012-05-30,0,,1,-1
470340399,101,72,7214,101254616,18738,2012-07-21,80,CT,1,3
470343356,101,37,3703,105100050,2820,2012-12-01,10.75,OZ,1,1
470343356,101,51,5119,1068826767,81691,2012-12-21,11.1,OZ,1,4.99
470354662,101,53,5305,102000020,7655,2013-01-25,7,OZ,1,1.67
470383337,101,26,2630,103600030,9787,2012-03-11,120,CT,1,1.79
470383337,101,27,2706,105000050,6132,2012-04-27,3,OZ,3,1.8
470397000,101,17,1704,1067811262,3912,2013-02-15,17,OZ,1,1.99
470405654,101,37,3709,104178949,11224,2012-05-20,2.25,OZ,3,1.06
470405654,101,29,2928,101530010,58299,2012-12-12,7.2,OZ,1,1
470424899,70,36,3611,1072543979,40679,2012-05-04,405.6,OZ,1,1.59
470424899,70,18,1828,102340020,15181,2012-09-07,7.5,OZ,1,0.99
470424899,70,63,6323,1072543979,40679,2012-12-15,64,OZ,1,2.41
470424899,70,23,2301,1072543979,40679,2013-04-26,16,OZ,2,1.47
470425278,101,22,2207,1075703777,13386,2012-05-09,6.2,OZ,1,3.69
470425278,101,33,3303,102840020,10241,2012-06-22,8.5,OZ,2,6
470429931,77,33,3309,107797575,7566,2012-06-03,10,OZ,2,2.99
470430738,101,3,308,101792919,15072,2013-03-28,0.75,OZ,1,1.5
470441450,77,72,7203,104116747,193,2012-04-01,18,OZ,1,3.99
470441450,77,8,816,107078474,18552,2012-08-07,16,OZ,2,7.98
470441450,77,21,2119,101200010,10522,2012-09-16,202.8,OZ,1,5
470444095,101,95,9518,107000070,27680,2012-05-07,1,CT,2,5
470444095,101,56,5616,104610040,15889,2013-03-18,8,OZ,2,6
470461247,101,63,6315,1068826767,81691,2012-08-14,128,OZ,1,3.48
470471416,77,63,6332,104850040,61745,2013-01-07,59,OZ,1,3
470471416,77,26,2634,104200040,14813,2013-02-28,6,RL,1,4.59
470509549,101,63,6332,104850040,61745,2012-12-18,59,OZ,1,3.99
470517899,101,57,5705,1068826767,81691,2012-05-22,6,OZ,4,1.32
470524272,77,0,0,10000,20405,2012-06-03,0,,1,-0.41
470532239,101,33,3318,107992777,19084,2012-07-07,11,OZ,1,2
470532239,101,28,2806,10930090,12157,2013-07-15,24,OZ,1,2
470532691,101,58,5824,107629575,1682,2012-09-13,16,OZ,1,3.79
470543086,101,29,2920,101600010,1756,2012-03-13,3.3,OZ,2,1.58
470543086,101,56,5615,107835474,2675,2012-03-15,8,OZ,2,5
470549305,101,36,3632,104900040,6137,2012-05-13,67.6,OZ,1,1.5
470549305,101,5,501,101600010,3396,2012-08-23,12.8,OZ,1,-2.3
470564733,101,96,9609,1051514151,88199,2012-06-22,0,,2,-0.7
470564733,101,30,3010,1089685989,13266,2013-01-27,8,OZ,1,3.69
470569777,101,36,3629,101200010,23360,2012-07-07,144,OZ,5,22.45
470570797,77,21,2105,105200050,7054,2012-07-08,32,OZ,1,1.25
470570797,77,99,9908,103338333,33170,2012-09-30,16,OZ,1,2.99
470570797,77,72,7205,103500030,3830,2012-11-24,6,OZ,1,4.49
470570797,77,36,3618,104900040,23359,2013-06-02,101.4,OZ,2,9
470594987,77,56,5613,107403070,16922,2012-08-07,15,OZ,1,3.69
470594987,77,3,302,103400030,8247,2012-12-16,10,OZ,1,2.5
470604893,101,18,1822,103700030,6236,2012-08-26,27,OZ,1,4.49
470604893,101,9,902,104400040,15335,2013-02-02,15.1,OZ,1,2.5
470609433,101,97,9753,1020308222,0,2013-01-21,1,CT,1,3.31
470628313,101,63,6330,1068826767,81691,2012-10-21,16,OZ,2,2.98
470631996,101,55,5555,107684070,32094,2012-03-26,16,OZ,2,6
470631996,101,99,9904,1071575676,5278,2012-08-06,16,OZ,2,3.99
470631996,101,91,9121,10200020,23979,2012-09-23,25.36,OZ,1,-5
470631996,101,14,1415,1068826767,81691,2012-11-18,29,OZ,1,1.59
470631996,101,0,0,10000,0,2013-04-09,0,,1,2.5
470642367,77,63,6315,107078474,18552,2012-07-02,128,OZ,2,5.08
470642802,70,22,2211,103700030,2246,2012-05-26,80,CT,1,3.99
470642802,70,37,3709,107066272,12673,2012-06-01,3,OZ,6,1.74
470642802,70,36,3628,107800070,17587,2012-06-16,67.6,OZ,1,1.79
470642802,70,9,902,104400040,12279,2012-08-15,16,OZ,1,2.79
470642802,70,9,901,107232070,17320,2012-12-20,12,OZ,1,1.19
470644451,77,63,6305,101630010,6509,2012-08-06,59,OZ,1,3
470653046,101,11,1110,106731262,19527,2012-07-03,9,OZ,1,2.99
470653046,101,4,427,10980090,18366,2012-09-08,1,OZ,1,1.29
470657655,64,22,2201,104460040,3718,2012-10-09,55,OZ,1,2.29
470662081,64,29,2906,1085428585,16475,2013-02-16,8.5,OZ,1,2.39
470667176,65,36,3612,1072543979,40679,2013-03-14,128,OZ,2,1.26
470669342,68,21,2105,105200050,7054,2013-04-19,160,OZ,2,10
470670284,70,5,501,103582636,6564,2012-03-25,11.5,OZ,1,3.09
470670284,70,9,901,104400040,12885,2012-11-24,16,OZ,1,4.39
470678250,70,58,5823,104470040,13310,2012-11-13,12,OZ,1,3.29
470678250,70,56,5620,1072543979,40679,2013-02-01,8,OZ,1,2.27
470686026,64,20,2002,105100050,27873,2012-11-30,48,OZ,1,4.99
470686893,101,23,2310,104116444,27731,2012-08-18,12.84,OZ,2,5
470686893,101,63,6315,1068826767,12475,2012-11-11,64,OZ,1,3.49
470686893,101,3,302,103400030,8247,2012-12-18,12,OZ,1,2.4
470691203,70,36,3611,1072543979,40679,2013-04-05,405.6,OZ,1,2.99
470693217,101,31,3101,105210050,11382,2013-02-03,1.25,OZ,1,3.49
470707009,64,26,2633,1072543979,21664,2012-03-12,6,RL,1,3.99
470707009,64,36,3601,104900040,3809,2012-09-16,144,OZ,1,3
470710350,101,41,4105,102700020,8612,2013-03-29,14.5,OZ,2,2.98
470715098,70,51,5119,104670444,18213,2012-06-06,10,OZ,1,3
470715098,70,51,5123,107057575,60780,2012-12-22,26,OZ,1,2.59
470715098,70,53,5307,1072543979,40679,2013-01-19,32,OZ,1,1.97
470735269,70,56,5617,105300050,2199,2012-08-03,12,OZ,2,4
470735269,70,14,1410,1065272969,2199,2013-02-05,27,OZ,1,2.87
470743405,101,36,3612,1068826767,158,2012-05-17,128,OZ,1,0.89
470743553,101,27,2723,107255474,6801,2013-01-01,13,OZ,1,3.49
470743553,101,58,5825,1068826767,81691,2013-03-01,14,OZ,1,2.79
470748412,101,5,501,101600010,10797,2012-05-05,16,OZ,1,3.99
470748412,101,95,9518,107000070,7848,2012-06-02,1,CT,1,3.69
470748412,101,21,2117,103120030,12957,2012-09-23,33.6,OZ,1,3.59
470748412,101,58,5828,103077131,343,2012-12-18,8,OZ,1,3.99
470748412,101,7,709,109955595,7661,2013-04-27,4.02,OZ,1,7.99
470748412,101,43,4302,107027272,15085,2013-05-22,6.5,OZ,1,2.49
470748412,101,99,9904,1071575676,5278,2013-06-17,16,OZ,1,2.99
470754459,70,17,1706,1072543979,21664,2012-11-30,67.6,OZ,1,3.89
470762544,69,99,9904,1071575676,5278,2012-07-03,6,OZ,2,5
470762544,69,51,5115,107218070,15035,2012-11-09,21.06,OZ,1,3
470784845,70,30,3001,105250050,5337,2012-04-09,8,OZ,1,1.99
470787903,65,9,917,1072543979,40679,2013-06-16,10,OZ,2,2.53
470787903,65,33,3318,107797575,27417,2013-07-05,16,OZ,1,1.34
470788425,101,72,7208,104152040,2963,2012-04-06,1,CT,2,1.65
470788425,101,31,3101,108983686,16490,2012-07-20,0.42,OZ,1,1.85
470788425,101,53,5307,102880020,7907,2013-03-15,8,OZ,2,4.78
470788673,101,99,9909,107143070,5072,2013-05-19,12,OZ,1,1.99
470791219,101,96,9609,1053600050,88199,2012-03-16,0,,1,-2
470791219,101,55,5556,104154848,5603,2012-11-02,48,OZ,1,1.99
470791219,101,97,9753,1063204565,0,2013-05-24,1,CT,1,2.99
470792310,70,64,6401,101820010,2595,2012-08-06,144,OZ,1,7.49
470792310,70,29,2914,102100020,9886,2012-10-31,3.9,OZ,1,2.49
470792310,70,9,902,104400040,12279,2012-11-19,11,OZ,1,2
470800026,70,51,5128,107512878,67014,2012-03-04,16,OZ,1,1.5
470800026,70,36,3628,101200010,12029,2012-06-26,67.6,OZ,2,3.33
470803147,101,63,6315,1068826767,81691,2012-09-02,128,OZ,1,3.59
470803147,101,5,501,103800030,17050,2012-12-02,16.7,OZ,1,4.19
470803147,101,57,5704,103663232,4568,2013-02-24,16,OZ,1,2.09
470807869,64,45,4511,103100030,1358,2012-12-27,29.5,OZ,1,4.79
470815415,65,53,5307,1072543979,40679,2012-09-29,16,OZ,1,0.59
470817340,101,9,902,104400040,18775,2012-11-02,9,OZ,1,2.99
470817340,101,15,1506,103120030,12957,2013-03-08,10,OZ,1,4.49
470818638,101,59,5902,103450030,10165,2012-05-05,16,OZ,2,6.98
470818638,101,30,3008,102100020,9886,2013-05-08,8,OZ,1,1.59
470818735,64,8,822,102840020,18584,2012-12-18,15,OZ,1,3
470818735,64,41,4107,104144343,11130,2013-01-24,14.5,OZ,5,3.75
470826780,64,9,907,107225070,12465,2012-03-09,20,OZ,1,2.19
470826780,64,33,3305,102840020,5141,2012-06-26,11.5,OZ,1,4.29
470826780,64,19,1908,102900020,14112,2012-09-01,16.3,OZ,1,2.39
470826780,64,29,2903,106414464,3342,2013-03-06,14.5,OZ,1,1.25
470826780,64,41,4105,102400020,4704,2013-04-12,14.5,OZ,2,1.84
470828145,101,35,3504,101920010,10882,2012-07-17,8.5,OZ,1,3.59
470828145,101,31,3101,105210050,11382,2012-08-25,4.25,OZ,1,3.16
470828145,101,29,2907,104600040,13023,2012-09-28,4.7,OZ,1,1.66
470828145,101,63,6305,101630010,6509,2012-12-21,59,OZ,1,3
470830342,68,37,3706,104119646,14582,2013-01-13,18.5,OZ,1,2.79
470830342,68,9,902,104400040,8463,2013-04-21,14.4,OZ,1,3.19
470830342,68,70,7002,1030813737,25162,2013-05-14,30,CT,1,3.59
470830439,101,7,709,102550020,6550,2013-03-21,3.38,OZ,2,12
470834909,70,59,5906,104060040,26155,2013-01-24,15,OZ,1,2.99
470837729,65,36,3601,104900040,3809,2012-10-24,67.6,OZ,1,1.5
470843106,70,58,5832,103760030,8501,2012-03-26,15,OZ,1,5.41
470843106,70,4,418,107613878,13021,2012-08-14,4,OZ,3,3
470843106,70,51,5122,102781525,885,2012-09-19,5.36,OZ,1,1
470843106,70,21,2109,103582636,6564,2013-03-21,64,OZ,3,7.86
470844898,69,8,807,101340919,17823,2012-12-08,18,OZ,3,5.97
470846708,77,0,0,10000,20405,2012-03-06,0,,1,-0.7
470846708,77,33,3303,102840020,10241,2012-09-19,10.5,OZ,1,2.5
470846708,77,4,407,103400030,18947,2013-01-14,16,OZ,1,2
470851370,68,54,5403,107790070,9200,2012-11-08,32,OZ,1,9.49
470861003,101,26,2631,1068826767,7173,2013-05-27,84,CT,2,3.29
470862138,71,99,9908,103338333,33170,2012-04-12,32,OZ,1,3.13
470862138,71,31,3101,105210050,11382,2013-02-28,0.9,OZ,1,3.79
470862592,64,72,7214,101254616,18738,2012-06-05,16,CT,1,0.89
470862592,64,58,5823,103582636,6564,2012-08-28,16,OZ,1,3.19
470862592,64,9,912,104812141,18322,2013-01-31,20,OZ,1,3.29
470869380,101,55,5552,107756777,2347,2013-02-02,48,OZ,3,9
470870860,101,43,4302,1068826767,81691,2012-07-03,6.5,OZ,1,1.79
470874844,101,27,2702,101780010,95301,2012-04-03,18,LB,1,17.99
470875443,70,56,5615,103582636,6564,2012-09-12,16,OZ,1,3.89
470876396,101,7,709,1076211171,17286,2012-09-11,4.4,OZ,2,15.98
470876396,101,97,9753,1023970121,0,2013-02-04,1,CT,214,10.46
470876396,101,99,9908,107096979,17090,2013-03-13,3,OZ,1,1.99
470879387,65,34,3410,101700010,4912,2012-04-01,7.5,OZ,2,5.38
470879387,65,34,3403,101700010,4912,2012-07-31,12,OZ,1,2.99
470885479,64,41,4107,102880020,7907,2012-09-06,38,OZ,1,1.5
470885479,64,8,801,102700020,8612,2013-03-29,24,OZ,1,1.25
470892140,64,42,4220,103582636,6564,2012-09-04,16,OZ,1,0
470895462,101,26,2617,101090010,15232,2012-07-25,1,CT,1,3.55
470895462,101,99,9908,107146474,53154,2013-04-27,10,OZ,1,1.99
470895462,101,55,5567,1078978575,16558,2013-06-13,10.5,OZ,1,4.5
470896775,69,81,8102,104210040,18856,2012-06-22,4.65,OZ,2,28.58
470897872,70,41,4107,1072543979,40679,2013-01-18,15,OZ,1,0.18
470899605,65,58,5813,1078533171,7796,2012-04-27,16,OZ,1,1.49
470899605,65,9,907,107294575,15878,2013-04-18,20,OZ,1,2.99
470902184,70,8,801,102700020,8612,2012-10-15,24,OZ,1,1.69
470902184,70,58,5827,103582636,6564,2013-01-16,16,OZ,1,2.99
470902226,101,55,5552,107756777,2347,2012-05-05,48,OZ,2,9.18
470902226,101,70,7002,1030813737,23595,2012-05-06,25,CT,1,3.99
470902226,101,55,5559,107756777,14286,2012-08-02,21.6,OZ,1,2.5
470902226,101,33,3307,101411313,23033,2012-10-21,16,OZ,1,6.99
470903544,64,36,3605,104300040,17997,2012-07-20,192,OZ,1,3.79
470905282,69,33,3308,102840020,3336,2013-01-15,9.75,OZ,2,6.19
470906262,101,0,0,10000,20405,2012-06-10,0,,1,-0.29
470906262,101,5,516,101600010,12426,2012-11-07,8.9,OZ,1,2.79
470906262,101,9,908,102560020,18051,2013-02-03,15,OZ,1,3.49
470906442,101,54,5401,1068826767,81691,2012-08-09,12.3,OZ,2,3
470907056,70,30,3010,102100020,9886,2012-06-14,16,OZ,1,2.5
470908431,68,25,2504,1072543979,40679,2012-06-08,12,OZ,2,1.49
470908431,68,10,1007,104300040,26232,2012-07-03,6,OZ,2,2.78
470908431,68,99,9909,107127979,6732,2012-07-22,24,OZ,1,2.99
470908431,68,9,907,107167373,17480,2012-09-02,24,OZ,1,2.99
470909360,64,33,3307,1072543979,40679,2012-04-15,16,OZ,1,2.99
470918892,68,12,1202,107196070,15566,2012-03-29,14.75,OZ,1,2.79
470918892,68,45,4515,107254575,61490,2012-07-06,21,OZ,1,10
470918892,68,36,3612,101594515,1679,2012-11-02,128,OZ,4,3.32
470925681,70,33,3317,104400040,36320,2013-03-04,6.54,OZ,1,2.89
470925681,70,14,1404,103582636,6564,2013-04-30,24,OZ,2,3.9
470925681,70,9,901,1072543979,40679,2013-04-30,25,OZ,1,2.02
470935099,70,63,6320,1072543979,40679,2012-10-24,12,CT,1,1.73
470938480,70,41,4121,1072543979,40679,2012-11-23,8,OZ,1,0.32
470945330,65,4,416,104000040,26517,2012-04-23,1.74,OZ,2,1.08
470945330,65,9,907,101220010,11528,2012-05-11,20,OZ,1,0.79
470945330,65,63,6305,102500020,11749,2012-11-25,59,OZ,1,2.79
470945330,65,35,3509,103320030,875,2013-01-04,150,OZ,1,6.99
470945330,65,36,3628,101200010,12029,2013-02-09,67.6,OZ,1,1.66
470945330,65,36,3628,101200010,12029,2013-04-18,67.6,OZ,3,3.65
470948730,101,99,9908,103338333,33170,2012-06-02,32,OZ,1,1.79
470948802,70,51,5132,107218070,13438,2012-05-02,12.27,OZ,1,2.84
470948802,70,51,5132,101380010,10271,2012-05-20,8,OZ,1,3.29
470948802,70,30,3010,102100020,9886,2012-09-21,8,OZ,1,1
470948802,70,33,3309,102840020,18584,2013-06-28,9,OZ,1,3
470949286,70,7,709,102550020,6550,2012-10-12,3.81,OZ,1,7.99
470951283,65,36,3618,104900040,23359,2013-06-02,67.6,OZ,1,1.66
470951720,69,23,2301,102920020,12168,2012-08-03,16,OZ,1,1.3
470951720,69,64,6401,108982686,18097,2013-01-10,144,OZ,1,9.99
470951720,69,4,418,103400030,8247,2013-05-10,9.3,OZ,1,4.49
470956856,65,26,2622,1072543979,40679,2013-06-27,50,CT,2,3.32
470956856,65,96,9609,1051780050,88199,2013-07-20,0,,1,-1
470957855,70,55,5561,103582636,6564,2012-12-23,32,OZ,1,1.99
470958463,70,58,5833,1072543979,6564,2012-08-23,48,OZ,1,7.2
470959276,68,9,907,107101070,15998,2012-08-22,15,OZ,1,2.5
470959582,70,27,2709,105000050,6775,2012-05-20,2.1,OZ,4,6.19
470959582,70,28,2804,10930090,12157,2013-03-07,12,OZ,1,2.09
470962803,65,9,901,1072543979,40679,2012-03-23,13,OZ,1,0.97
470963934,70,9,905,104300040,17447,2012-11-07,12,OZ,1,3.39
470963934,70,73,7345,1034138333,1535,2013-01-19,30,CT,1,5.29
470967740,64,63,6320,1072543979,40679,2012-06-23,12,CT,1,1.73
470967740,64,8,818,105100050,14403,2013-01-10,24,OZ,1,1.67
470968609,64,18,1835,104460040,9709,2012-06-26,12.5,LB,1,10.99
470973818,64,41,4107,1072543979,40679,2012-06-06,15,OZ,2,1.09
470976689,64,10,1013,102400020,4704,2012-11-06,16,OZ,2,5
470976689,64,51,5122,107527878,6625,2013-04-23,42.72,OZ,1,5.99
470981211,65,21,2106,101480010,12021,2012-03-16,64,OZ,2,5
470981211,65,24,2406,103760030,17027,2013-04-15,7,OZ,1,1.49
470986335,64,36,3612,1072543979,12469,2012-03-15,128,OZ,1,-0.2
470986886,101,63,6315,107047272,26467,2012-09-10,128,OZ,1,3.81
470986886,101,99,9908,103338333,33170,2012-10-18,32,OZ,1,2.49
470987617,64,26,2634,104200040,14813,2012-05-17,12,RL,1,5.99
470987617,64,96,9609,1057591959,88199,2012-09-06,0,,1,-1
470990471,70,29,2903,106414464,3342,2012-11-09,15,OZ,1,1.14
470990471,70,96,9609,1051600050,88199,2013-02-21,0,,1,-0.75
470990471,70,9,922,102430020,10577,2013-03-22,9.5,OZ,1,1.69
470993945,64,21,2106,103120030,12957,2012-06-17,64,OZ,1,3.19
470993945,64,56,5616,103582636,6564,2012-11-03,8,OZ,1,2.29
470995312,101,58,5824,104450040,8318,2012-07-04,13.5,OZ,3,8.98
470997589,65,37,3705,105100050,2820,2012-03-25,18.7,OZ,1,2.39
470997589,65,55,5558,108793282,13877,2012-12-08,35,OZ,1,2.99
470999351,68,24,2403,104135848,17845,2012-11-16,24,OZ,1,2.4
471000017,70,72,7214,101254616,18738,2012-03-22,18,CT,1,0.89
471002260,65,63,6320,1072543979,40679,2013-01-21,18,CT,1,2.9
471002340,65,72,7210,107666070,6414,2012-09-27,2.4,OZ,1,4.99
471002340,65,54,5403,107790070,9200,2013-04-16,18,OZ,1,4.89
471003215,70,29,2907,103582636,6564,2013-04-02,4.5,OZ,1,-0.41
471003596,101,99,9904,10505037252,3457,2013-03-15,1,CT,1,2.99
471006805,70,32,3202,1072543979,40679,2012-04-28,32,OZ,1,0.99
471006805,70,59,5907,102700020,2012,2012-12-10,15,OZ,1,1.59
471007047,65,63,6315,1072543979,40679,2013-02-24,128,OZ,1,3.84
471007047,65,58,5827,101786919,6341,2013-05-22,4,OZ,1,3.99
471007047,65,71,7107,107124979,21913,2013-05-22,1,CT,1,10.49
471007617,373,8,810,107967979,17087,2013-05-01,1.13,OZ,1,0.65
471012202,68,9,902,104400040,18775,2012-09-09,9,OZ,2,6.38
471012202,68,46,4606,107120272,5072,2013-02-12,14,OZ,1,3.29
471012202,68,58,5833,1072543979,6564,2013-03-02,32,OZ,1,7.08
471014212,65,97,9753,1020330424,0,2012-07-13,1,CT,1,7.3
471014212,65,29,2905,103545737,11061,2012-07-13,13,OZ,1,2.99
471014212,65,57,5704,103663232,4568,2013-01-18,16,OZ,2,4.58
471014649,65,71,7113,107940070,17521,2013-04-18,22.5,OZ,1,1.69
471015401,64,10,1004,104300040,26232,2012-12-30,1,OZ,3,2.47
471015753,64,9,907,1072543979,40679,2013-01-09,20,OZ,1,1.09
471016230,64,8,818,103620030,14868,2012-04-28,26,OZ,1,1.99
471017848,70,54,5401,103800030,5618,2012-07-10,10.7,OZ,1,2.79
471019129,65,30,3002,102100020,9886,2013-04-21,12,OZ,1,3.39
471019129,65,9,904,1078735979,6734,2013-05-11,5,OZ,2,4.18
471020608,71,73,7316,1030006232,11898,2012-08-30,0.32,OZ,1,15.29
471020608,71,56,5615,103582636,6564,2012-11-19,12,OZ,1,3.19
471020608,71,5,501,101600010,3331,2013-01-27,12.8,OZ,1,4.19
471022102,64,8,801,102700020,8612,2012-05-18,24,OZ,1,0.19
471022102,64,13,1306,1072543979,40679,2013-04-17,5,LB,1,1.77
471022102,64,51,5128,1071785474,11614,2013-05-04,8,OZ,1,1
471022618,70,36,3611,1072543979,40679,2012-04-27,405.6,OZ,1,4.29
471022618,70,99,9909,107127979,6732,2012-08-31,12,OZ,1,1.4
471022618,70,58,5827,107080070,16704,2012-10-16,16,OZ,1,3.99
471023874,68,5,501,103582636,6564,2012-05-11,10.6,OZ,1,2.49
471023874,68,9,918,101410010,13791,2012-11-16,7,OZ,1,2.99
471027695,64,56,5619,102100020,19279,2012-05-11,16,OZ,1,3.79
471028461,68,9,908,102430020,10577,2012-07-03,10.6,OZ,1,1.5
471028461,68,45,4508,101116212,12131,2013-02-08,23,OZ,1,4.29
471029069,65,19,1906,107240070,14199,2012-12-18,10,OZ,1,2.39
471029350,64,41,4107,104144343,11130,2012-11-06,14.5,OZ,1,1.19
471029591,70,9,907,107763373,17614,2013-02-28,24,OZ,1,2.2
471033473,68,63,6323,1072543979,40679,2012-07-24,64,OZ,3,7.89
471033473,68,36,3628,101200010,12029,2013-02-21,96,OZ,2,8.28
471033473,68,56,5620,104610040,15889,2013-06-04,8,OZ,1,2.79
471034143,65,55,5566,1072543979,40679,2012-07-30,90,OZ,1,1.76
471035263,68,36,3601,104900040,3809,2012-04-12,101.4,OZ,1,3.98
471035263,68,41,4107,103582636,6564,2013-05-01,15,OZ,1,0.99
471038508,71,7,707,104141040,70265,2012-03-30,11.5,OZ,1,5.49
471038508,71,5,501,101600010,3396,2012-11-30,14,OZ,1,3.69
471038627,101,36,3635,101657111,17037,2012-03-15,17,OZ,2,2
471038627,101,72,7203,104152040,2963,2012-03-29,33.8,OZ,1,2
471038627,101,56,5616,1068826767,81691,2012-07-12,8,OZ,1,2.49
471038627,101,36,3611,1068826767,158,2012-10-04,591.5,OZ,1,3.99
471038627,101,53,5307,1068826767,81691,2012-11-08,12,OZ,2,2.5
471038627,101,41,4120,1068826767,81691,2012-12-29,6,OZ,1,0.49
471043735,64,31,3111,1078735979,6734,2012-03-26,3.5,OZ,1,2.49
471049572,101,33,3307,101411313,23033,2013-02-08,8,OZ,1,3.99
471049953,101,1,103,101500010,29555,2012-03-11,1.48,OZ,1,1.99
471049953,101,99,9909,107143070,5072,2012-08-12,12,OZ,1,2.5
471053108,62,67,6706,1072543979,23587,2012-07-24,13,OZ,1,3.05
471053108,62,63,6315,107524373,11352,2012-12-27,32,OZ,1,2.84
471057675,101,56,5615,1068826767,7173,2012-03-08,16,OZ,1,4.49
471058218,64,51,5126,101380010,27474,2013-01-08,11,OZ,3,8.68
471058809,70,64,6401,1085810686,17300,2012-12-24,72,OZ,1,8.99
471058809,70,35,3508,103700030,18371,2013-02-02,75,OZ,1,11.59
471058809,70,55,5567,107064070,19704,2013-02-26,24,OZ,1,3.29
471060616,101,29,2914,106414464,3342,2013-02-02,7.5,OZ,4,4
471064646,64,56,5617,102100020,9886,2012-11-25,8,OZ,1,3.29
471065259,69,19,1908,105150050,9189,2012-03-03,40,OZ,1,6.99
471065259,69,58,5827,104470040,13310,2012-05-28,12,OZ,1,5.89
471065259,69,64,6409,108600383,15377,2013-01-27,0.75,LT,1,9.49
471069534,64,4,427,10980090,18366,2012-07-16,1,OZ,2,2.18
471069534,64,96,9609,1053700050,88199,2013-02-11,0,,1,-1.5
471071665,64,41,4108,103582636,6564,2012-03-19,15,OZ,1,1.15
471075912,70,9,907,104500040,12473,2012-04-17,20,OZ,1,2.2
471075912,70,24,2403,105100050,17812,2012-05-29,12.5,OZ,2,5.98
471078524,70,35,3509,103320030,875,2013-01-27,50,OZ,2,5.28
471079434,70,18,1828,104650040,7249,2012-11-20,1.34,OZ,1,4.99
471079524,64,56,5620,1072543979,40679,2012-10-06,8,OZ,1,2.17
471079524,64,26,2628,103600030,9787,2013-06-09,1,RL,1,1.99
471079745,68,36,3611,107572070,14196,2012-03-09,405.6,OZ,1,5.49
471079745,68,99,9904,103338333,33170,2012-05-27,16,OZ,1,2
471079745,68,58,5831,103927232,26234,2012-11-17,20,OZ,1,4.59
471079762,64,19,1904,103582636,6564,2012-05-05,12,OZ,1,4.19
471079956,71,81,8101,1071070,17948,2013-01-28,10,CT,1,30.95
471082753,65,96,9609,1053663252,88199,2013-05-10,0,,3,-3
471083053,101,36,3604,1068826767,81691,2012-04-13,33.8,OZ,2,1.38
471083053,101,63,6315,1068826767,81691,2012-05-09,128,OZ,2,0
471083053,101,30,3010,104100040,19975,2012-08-03,16,OZ,2,4
471084484,64,37,3703,1072543979,40679,2012-08-26,26,OZ,1,1.55
