4620593512,152,55,5567,107064070,19704,2012-07-20,16,OZ,1,6.29
4620593512,152,56,5609,107835474,2675,2012-12-11,16,OZ,1,2.59
4620595127,152,63,6312,102500020,11749,2012-03-14,128,OZ,1,3.69
4620595127,152,26,2622,1068826767,7740,2012-05-16,150,CT,1,1
4620595127,152,36,3635,1068826767,81691,2012-07-06,67.6,OZ,2,1.78
4620595127,152,36,3601,101200010,13794,2012-07-07,67.6,OZ,1,1.89
4620595127,152,97,9753,1020406727,0,2012-10-09,1,CT,1,3.04
4620595127,152,9,907,1060699161,63479,2012-11-05,16,OZ,1,3.79
4620595127,152,9,907,107133070,25887,2013-03-21,24,OZ,1,4.19
4620596064,153,51,5125,101380010,10271,2012-03-18,9.38,OZ,1,2.89
4620600223,152,8,810,104800141,9814,2012-03-04,1.2,OZ,3,4.95
4620600223,152,2,214,101600010,1910,2012-10-12,5.1,OZ,1,1.69
4620600693,6,36,3630,104900040,23359,2013-04-06,144,OZ,1,5.99
4620600693,6,97,9799,107116070,14748,2013-04-17,1,CT,1,10.99
4620602089,152,37,3710,103620030,1698,2012-10-26,24,OZ,1,8.79
4620602487,153,23,2301,102409424,4649,2012-12-22,17.5,OZ,1,2.79
4620603101,153,63,6315,1068826767,81691,2012-06-02,128,OZ,1,3.49
4620603101,153,56,5620,1068826767,81691,2012-07-19,8,OZ,2,5.98
4620603101,153,9,907,107133070,25887,2012-12-27,13,OZ,1,1.99
4620603101,153,11,1111,103800030,17050,2013-02-08,4.76,OZ,1,2.99
4620604604,6,27,2704,107910070,30096,2012-06-03,9,OZ,1,3.29
4620604604,6,58,5823,1068826767,81691,2013-03-24,9,OZ,2,5.98
4620607575,153,23,2301,107680878,1393,2012-08-01,16,OZ,2,3.18
4620607575,153,57,5710,103663232,4568,2012-09-16,21.2,OZ,1,3.69
4620610731,152,36,3632,104900040,6137,2012-09-28,67.6,OZ,1,1.89
4620612068,152,57,5704,1068826767,81691,2012-10-05,32,OZ,1,2.19
4620612592,152,97,9753,1020401121,0,2012-03-11,1,CT,1,1.52
4620612592,152,5,501,102066222,12598,2012-09-23,12,OZ,1,3.99
4620612592,152,97,9753,1020413525,0,2012-09-29,1,CT,1,4.38
4620612691,6,33,3312,103700030,14494,2012-03-31,13.3,OZ,1,6.99
4620612691,6,4,418,102800020,4346,2012-10-30,11.5,OZ,1,3.99
4620613470,153,18,1841,103700030,17864,2012-04-09,17,CT,1,9.99
4620613470,153,79,7901,107224676,20014,2012-04-23,1,CT,1,1.79
4620613470,153,63,6320,1068826767,81691,2012-08-20,12,CT,1,2.19
4620613470,153,5,519,1068826767,81691,2012-11-26,11.8,OZ,2,4.98
4620613470,153,8,811,1070601070,1393,2013-01-21,24,OZ,1,2.39
4620615596,152,33,3310,108266686,14265,2012-05-19,3,OZ,2,5.98
4620615596,152,34,3405,101111111,5168,2012-10-27,24,OZ,1,7.49
4620618706,152,9,902,104400040,18775,2013-02-26,9,OZ,1,3.95
4620619619,152,26,2619,101370010,8154,2012-09-11,45,CT,1,7.99
4620622607,153,9,904,109830494,3318,2012-04-14,5,OZ,1,1.99
4620625213,153,55,5558,107585676,9798,2013-01-13,27,OZ,1,3.49
4620625213,153,7,707,107103878,25424,2013-03-11,10.3,OZ,2,9.98
4620627135,152,58,5828,107790070,9200,2012-03-07,9.6,OZ,3,10.47
4620627135,152,1,103,101500010,29555,2012-09-03,1.48,OZ,1,2.15
4620627135,152,33,3303,102840020,15598,2013-02-16,13.5,OZ,1,4.99
4620627981,152,56,5621,104610040,15889,2012-06-05,8,OZ,1,4.19
4620627981,152,21,2113,108768484,2903,2012-12-05,60,OZ,1,3.5
4620628424,6,5,501,101600010,7400,2012-10-24,12,OZ,1,3.19
4620629346,152,21,2105,105200050,7054,2012-05-13,160,OZ,1,7.49
4620629346,152,72,7208,1030004131,26880,2013-01-21,1,CT,1,4.15
4620630368,152,29,2925,104133141,7531,2012-03-26,24,OZ,1,5.79
4620634918,6,97,9799,105113151,16044,2013-03-03,2,CT,2,4.98
4620635284,152,7,708,1075917171,7940,2012-04-14,12,OZ,1,6.49
4620635284,152,56,5609,102100020,2321,2013-01-09,3.9,OZ,2,2
4620635710,6,33,3318,107797575,27417,2012-06-07,8,OZ,1,3.49
4620635710,6,16,1604,102200020,5558,2013-02-18,60,CT,1,3.99
4620637543,152,33,3314,107341676,10839,2012-04-02,6,OZ,1,2.99
4620640408,152,29,2903,106414464,3342,2012-09-22,14.5,OZ,1,1.55
4620640408,152,18,1828,108705282,3595,2012-11-23,8,OZ,1,4.29
4620640408,152,19,1908,107101878,18110,2013-01-05,16,OZ,1,3.99
4620641912,153,9,913,104812141,18322,2012-03-16,12,OZ,2,7.98
4620641912,153,11,1102,101360010,18845,2012-04-24,80,CT,1,3.49
4620641912,153,26,2629,1068826767,20616,2013-03-22,40,CT,1,1.59
4620643073,152,3,303,107116979,1756,2012-04-26,1.75,OZ,1,2.29
4620643073,152,63,6305,104850040,18799,2012-05-16,59,OZ,1,4.19
4620643073,152,41,4110,103940030,71386,2012-06-26,16,OZ,1,1.69
4620643261,153,9,907,1083584181,33170,2013-03-16,16,OZ,1,2.39
4620644248,6,57,5709,105215959,41981,2012-03-28,10,OZ,1,1.69
4620644732,152,21,2119,101200010,10522,2012-09-16,202.8,OZ,1,6.49
4620649408,152,59,5902,1068826767,81691,2012-03-28,16,OZ,1,3.99
4620651657,152,57,5707,105215959,41981,2012-10-28,16,OZ,1,2.59
4620651657,152,0,0,10000,20405,2013-01-20,0,,1,4.99
4620651842,152,63,6315,104123141,21781,2012-12-22,32,OZ,1,1.99
4620651842,152,97,9753,1076919777,0,2013-01-20,1,CT,1,4.99
4620651842,152,18,1850,102120020,16044,2013-03-03,3,CT,1,2.99
4620653545,152,63,6315,1068826767,81691,2012-04-14,128,OZ,1,3.59
4620653545,152,9,907,1068826767,81691,2012-10-08,16,OZ,1,2.49
4620655077,6,21,2105,105200050,7054,2012-04-28,72,OZ,1,4.29
4620656732,153,36,3635,1068826767,81691,2012-05-10,33.8,OZ,2,1.34
4620656732,153,36,3612,107572070,14196,2012-08-03,128,OZ,1,1
4620656732,153,26,2634,103700030,3293,2013-01-03,24,RL,1,14.69
4620657071,152,26,2628,105400050,16048,2012-05-20,4,RL,1,9.49
4620658569,152,22,2207,104650040,16355,2013-02-16,22,OZ,1,3.19
4620658608,153,49,4901,107271474,11375,2012-05-24,26,OZ,1,2.99
4620658608,153,33,3312,103700030,14494,2012-09-02,6.41,OZ,1,1.99
4620661334,152,5,501,101862717,9496,2012-11-08,14,OZ,1,3.99
4620661334,152,33,3302,102700020,57417,2013-04-13,8.7,OZ,2,7.98
4620661334,152,8,810,104126242,19971,2013-04-20,0.5,OZ,1,0.99
4620661334,152,29,2908,104600040,13023,2013-05-04,16,OZ,1,1.99
4620665936,6,51,5121,104369545,8522,2013-05-18,9,OZ,1,2.25
4620666763,6,54,5403,107790070,9200,2012-12-02,18.4,OZ,1,6.49
4620666763,6,9,907,1068826767,81691,2013-03-24,16,OZ,1,2.19
4620670699,153,41,4107,102000020,10265,2012-05-20,15,OZ,2,3.78
4620671734,6,41,4106,1068826767,81691,2012-08-24,6.5,OZ,1,1.05
4620671734,6,53,5305,102000020,7655,2012-10-24,9,OZ,2,4
4620672445,153,97,9753,10000,0,2012-08-07,1,CT,1,1.87
4620672445,153,5,501,1068826767,81691,2012-08-15,21,OZ,1,3.19
4620677141,6,9,907,101114616,7173,2012-07-27,10,OZ,1,2.29
4620677141,6,9,902,102410020,44209,2013-02-02,13.7,OZ,2,7.58
4620681671,6,9,917,107373171,11786,2012-05-17,16,OZ,1,3.29
4620681671,6,4,417,103400030,56438,2012-08-02,2.6,OZ,1,1.99
4620681671,6,51,5116,1068826767,81691,2012-11-08,28.2,OZ,1,5.19
4620681671,6,33,3309,102840020,18584,2013-01-06,13,OZ,1,3.99
4620681671,6,4,411,107156777,9139,2013-03-19,7,OZ,1,3.29
4620682097,6,33,3307,104157040,2017,2012-08-07,6,OZ,1,3.59
4620684202,153,58,5812,1063690666,12339,2012-07-06,14,OZ,2,11.98
4620684202,153,26,2622,1068826767,16965,2013-02-18,50,CT,2,2.5
4620685937,152,27,2704,103270030,7966,2012-06-26,7,CT,1,5.99
4620687273,153,96,9609,1052819050,88199,2013-01-18,0,,1,0
4620688366,152,26,2633,1068826767,33170,2012-03-04,6,RL,1,3.99
4620688366,152,9,907,107519979,2771,2012-09-16,15,OZ,1,3.49
4620688366,152,33,3308,102840020,3336,2013-03-22,9.5,OZ,1,3.49
4620688366,152,26,2628,103700030,2248,2013-05-25,6,RL,1,10.79
4620688366,152,51,5119,104670444,18213,2013-06-13,8,OZ,1,3.99
4620694990,152,57,5710,1089470080,21065,2013-02-07,5.3,OZ,4,5.56
4620696825,152,25,2509,104410040,8481,2012-10-21,16,OZ,1,1.79
4620697753,152,9,907,107432373,1866,2013-01-03,13,OZ,1,1.69
4620697753,152,17,1709,101920010,10882,2013-02-06,24,OZ,2,5
4620698245,6,5,516,101862717,9496,2013-04-06,7.4,OZ,2,7.38
4620698245,6,31,3110,103760030,8501,2013-05-25,4.3,OZ,1,4.89
4620700177,152,9,901,104400040,13243,2012-08-16,15.5,OZ,1,4.39
4620700407,152,5,501,103000030,99506,2012-05-28,14.5,OZ,1,4.69
4620700407,152,2,202,101600010,1756,2012-09-02,18,OZ,1,2.99
4620700407,152,33,3325,102840020,21452,2012-09-13,20,OZ,1,8.99
4620700407,152,63,6321,107890272,18730,2012-12-04,8,OZ,1,3.5
4620700799,6,95,9518,1061029060,7848,2013-05-11,1,CT,2,7.98
4620703800,153,21,2117,108768484,2903,2012-04-12,60,OZ,1,2.5
4620704491,6,8,811,103620030,1698,2013-07-09,15,OZ,1,2.49
4620704556,152,79,7901,107485171,46828,2012-12-11,1,CT,1,4.99
4620705424,152,8,817,107571777,15284,2012-08-12,15,OZ,2,4.38
4620705424,152,63,6305,101630010,6509,2012-10-07,59,OZ,1,3.69
4620705424,152,36,3635,107153777,14200,2012-10-14,144,OZ,1,4.99
4620705937,6,5,501,101600010,3331,2012-06-27,9,OZ,1,2.99
4620707213,152,9,908,101290010,21443,2012-07-17,3,OZ,2,5.98
4620708040,153,36,3630,107800070,23561,2012-09-08,67.6,OZ,1,1.89
4620708040,153,96,9609,1054410050,88199,2012-09-21,0,,2,0
4620708891,153,74,7407,104740040,7196,2013-01-12,4,CT,1,8.69
4620708891,153,27,2705,105000050,6775,2013-01-20,5.5,OZ,8,4.4
4620710005,152,23,2301,107680878,1393,2012-05-08,16,OZ,1,1.55
4620716747,152,26,2617,101090010,15232,2012-04-02,1,CT,1,4.65
4620717228,6,79,7903,107148676,27771,2012-03-15,1,CT,1,3.99
4620717228,6,79,7901,1072527474,45636,2012-08-24,1,CT,1,2.99
4620717228,6,36,3632,1064363969,23518,2012-09-24,16,OZ,4,3.96
4620717228,6,79,7901,1072527474,45636,2013-06-13,1,CT,1,2.99
4620717553,6,41,4121,1068826767,81691,2012-03-22,8,OZ,2,0.89
4620718251,153,37,3710,107126272,17931,2012-05-23,15,OZ,1,2.29
4620720987,152,35,3504,103500030,330,2012-09-30,30,OZ,1,2.19
4620723588,153,5,501,1068826767,81691,2013-05-17,12.8,OZ,1,2.69
4620723651,6,9,902,1068826767,20616,2012-04-06,6,OZ,1,2.79
4620723651,6,9,907,107265979,13545,2012-09-18,22,OZ,1,3.99
4620723651,6,58,5823,1068826767,7740,2012-12-19,16,OZ,1,2.75
4620723783,6,63,6315,1068826767,81691,2012-09-28,128,OZ,1,3.99
4620723783,6,22,2207,1075703777,13386,2012-10-01,12,OZ,1,3.79
4620723783,6,9,918,101410010,13791,2013-03-04,6.25,OZ,1,3.69
4620725188,152,82,8201,103760030,8501,2012-12-22,28,OZ,1,14.99
4620725217,152,63,6315,1068826767,81691,2012-12-03,128,OZ,1,3.49
4620725955,6,55,5559,107756777,14286,2012-07-07,33,OZ,1,4.29
4620725955,6,4,412,1068826767,81691,2013-03-07,6.5,OZ,1,1
4620725955,6,56,5616,104610040,15889,2013-04-24,7,OZ,1,3.99
4620728636,6,33,3307,101030010,5740,2012-06-28,10,OZ,1,5.99
4620728636,6,33,3305,102840020,5141,2013-01-01,3.38,OZ,1,1.49
4620730363,152,25,2507,103400030,8247,2012-09-26,24,OZ,3,8.37
4620730363,152,9,914,107091676,9494,2012-10-10,14,OZ,1,3.39
4620731326,153,34,3411,103700030,13056,2012-08-29,18,OZ,1,4.49
4620731326,153,43,4302,104300040,4030,2012-09-18,8,OZ,2,4.38
4620733998,152,58,5812,1068826767,12475,2012-09-17,16,OZ,1,5.99
4620733998,152,99,9908,1068826767,7173,2013-02-28,16,OZ,1,1.29
4620734547,152,97,9707,1068826767,7173,2012-12-22,3,CT,1,2.99
4620737133,152,26,2630,1068826767,81691,2013-01-07,65,CT,4,4
4620740988,152,63,6315,1074236575,8499,2012-11-24,64,OZ,1,4.29
4620742047,152,63,6320,1071514171,25530,2013-03-25,12,CT,1,3.59
4620742597,153,63,6320,1068826767,81691,2013-02-24,12,CT,1,2.59
4620745512,152,25,2509,1068826767,81691,2012-12-16,32,OZ,1,2.69
4620749990,6,64,6407,1085167585,96633,2012-11-07,0.75,LT,4,59.96
4620750250,153,5,501,1068826767,81691,2013-01-01,12,OZ,1,2.99
4620753406,153,99,9908,103338333,33170,2012-03-28,8,OZ,1,1.99
4620753406,153,4,418,102800020,4346,2012-10-24,11.5,OZ,1,3.99
4620753608,152,36,3612,107572070,14196,2012-09-26,128,OZ,3,3
4620753608,152,8,818,107764474,64256,2012-10-11,23.5,OZ,3,4.77
4620756453,153,57,5705,107047070,20230,2012-08-29,6,OZ,5,4.25
4620760435,6,7,708,1076211171,17286,2012-11-07,12,OZ,1,9.49
4620760483,153,5,501,101862717,9496,2012-05-29,21.5,OZ,1,6.99
4620760483,153,33,3303,102068525,2892,2013-03-25,8.5,OZ,2,7.58
4620761068,153,57,5710,1089470080,21065,2012-03-14,5.3,OZ,5,5
4620765469,152,42,4220,1068826767,81691,2012-10-08,16,OZ,1,1.39
4620765580,152,71,7113,107124979,21913,2012-07-08,13,OZ,1,4.99
4620768360,6,41,4105,104118848,6915,2013-02-03,28,OZ,2,3.98
4620768360,6,97,9753,10000,0,2013-02-03,1,CT,1,1.97
4620768376,152,33,3307,102900020,14112,2013-01-17,16,OZ,1,4.99
4620769070,6,56,5620,104610040,15889,2012-06-03,8,OZ,1,3.69
4620771192,152,73,7307,104110040,3614,2012-03-17,30,CT,1,19.99
4620771192,152,8,829,107023474,19354,2012-10-26,16,OZ,2,9.98
4620773764,152,21,2119,107618373,16756,2012-07-27,16,OZ,2,2.5
4620773764,152,25,2506,105000050,32115,2012-11-20,16,OZ,1,2.89
4620773764,152,33,3310,1068826767,12475,2012-12-31,8,OZ,1,3.99
4620773961,153,5,501,103800030,17050,2012-10-07,11.4,OZ,1,3.79
4620775210,152,70,7001,107965676,1346,2012-03-10,16,OZ,1,5.99
4620775210,152,69,6901,101204414,13056,2012-10-04,2.6,OZ,1,4.99
4620775218,153,29,2908,104600040,13023,2013-03-23,16,OZ,1,1.59
4620775972,6,58,5825,104450040,8318,2013-03-22,13,OZ,2,8.98
4620778230,152,9,901,104400040,12661,2012-03-02,11,OZ,1,4.19
4620778230,152,57,5703,105215959,41981,2012-08-02,6,OZ,1,0.99
4620778230,152,36,3635,107153777,14200,2013-01-25,33.8,OZ,4,3.96
4620779267,153,63,6320,1068826767,81691,2012-04-22,12,CT,1,1.99
4620779524,153,10,1006,1068826767,7173,2012-08-08,10,OZ,1,1.99
4620780241,152,29,2927,107225171,12502,2013-01-26,5.8,OZ,1,2.09
4620780295,152,21,2119,101200010,10522,2012-03-11,202.8,OZ,1,6.49
4620782446,6,63,6315,1068826767,81691,2012-03-25,128,OZ,1,3.99
4620782446,6,3,302,1074759979,7168,2013-02-03,10,OZ,1,3.59
4620785344,152,33,3311,1089044484,10211,2012-09-30,6,OZ,2,6.98
4620788214,152,58,5823,104450040,8318,2013-03-01,9,OZ,1,3.99
4620790703,6,73,7359,107431272,12440,2012-03-12,100,CT,2,19.98
4620790703,6,53,5307,102000020,7655,2012-09-11,12,OZ,1,2.89
4620790703,6,73,7302,1034152030,2963,2012-10-12,100,CT,1,2.49
4620793381,153,37,3703,105100050,2820,2012-06-02,10.75,OZ,2,2
4620793381,153,37,3708,104100040,10522,2013-04-14,1.8,OZ,2,3.58
4620794453,152,63,6328,1068826767,81691,2013-02-11,20,OZ,1,3.49
4620794801,6,58,5827,1068826767,81691,2013-04-05,16,OZ,1,4.49
4620797806,152,36,3604,107153777,14200,2012-11-23,33.8,OZ,4,3.96
4620797806,152,25,2509,1068826767,81691,2013-02-27,32,OZ,1,2.59
4620798490,152,15,1505,1080276383,17674,2013-03-15,9,OZ,1,3.99
4620799240,153,51,5115,101960010,3174,2012-10-13,5.08,OZ,2,2
4620803215,152,9,901,103010030,3454,2012-03-18,14.5,OZ,1,4.15
4620803215,152,36,3611,1068826767,158,2012-05-28,405.6,OZ,3,11.97
4620803784,6,26,2628,103700030,2248,2012-07-01,15,RL,1,16.79
4620803784,6,11,1111,1063748060,1011,2013-02-23,8.5,OZ,2,15.98
4620805662,152,28,2804,107140373,6264,2012-04-06,12,OZ,1,3.29
4620805662,152,51,5121,104369545,8522,2012-07-30,9,OZ,2,5
4620805662,152,58,5812,105450050,1322,2012-12-28,16,OZ,2,7.98
4620805662,152,51,5125,101380010,10271,2013-01-04,6,OZ,5,18.45
4620805720,152,34,3410,101700010,4912,2012-04-06,32,OZ,1,5.49
4620805720,152,36,3611,1068826767,158,2013-04-15,405.6,OZ,1,3.99
4620807568,152,56,5621,1068826767,81691,2012-12-07,8,OZ,1,2.99
4620807673,6,97,9753,1084639181,0,2013-02-06,1,CT,1,4.99
4620809090,152,55,5552,107756777,2347,2012-11-19,48,OZ,1,4.49
4620809090,152,58,5899,107232272,27348,2012-12-15,20.8,OZ,2,13.98
4620809090,152,26,2609,103770030,3447,2013-01-14,36,CT,1,3.59
4620809235,153,63,6312,109544595,21221,2012-04-29,64,OZ,1,2.19
4620818195,152,51,5132,101380010,10271,2012-03-17,8,OZ,2,5.98
4620818195,152,36,3604,107297979,16095,2013-01-06,144,OZ,1,6.39
4620818718,152,53,5307,1068826767,81691,2012-06-14,16,OZ,1,2
4620818718,152,35,3507,105170050,6335,2012-07-12,14,OZ,1,5.99
4620818718,152,63,6315,107060070,29609,2013-01-06,128,OZ,1,4.89
4620819715,6,9,907,101410010,13791,2012-12-29,24,OZ,1,4.29
4620820328,6,58,5827,102730020,5898,2012-09-23,16,OZ,3,14.97
4620820328,6,9,918,101410010,13791,2012-11-11,6.75,OZ,2,6.98
4620820328,6,5,501,103800030,15251,2013-05-22,12,OZ,1,3.99
4620820439,153,97,9753,1020401121,0,2013-02-02,1,CT,2,3.18
4620820708,153,51,5117,1068826767,81691,2013-03-06,28.9,OZ,1,5.39
4620820854,6,9,908,107203070,5812,2012-08-17,16,OZ,1,6.49
4620822956,6,45,4509,1085777383,85854,2012-07-08,24,OZ,1,13.99
4620822956,6,62,6202,1068826767,81691,2012-08-28,9,OZ,1,3.99
4620822956,6,30,3008,104100040,19975,2013-02-01,16,OZ,1,2.59
4620824125,152,33,3318,102840020,15441,2012-10-04,16,OZ,1,3.29
4620824580,152,21,2113,107630171,755,2012-03-20,54,OZ,2,7.58
4620824580,152,36,3627,1068826767,107123,2012-08-06,67.6,OZ,1,0.89
4620824580,152,63,6316,107342070,4529,2012-09-17,16,OZ,1,2.54
4620824780,153,58,5830,104350040,14162,2012-03-08,12,OZ,2,10.98
4620824780,153,99,9908,1072021070,53732,2012-11-07,16,OZ,1,1.99
4620824798,152,36,3611,1068826767,158,2012-04-04,96,OZ,1,2.29
4620824798,152,73,7309,1034152030,2963,2012-12-26,17.9,OZ,1,15.99
4620825682,152,26,2626,101258717,7245,2012-05-12,1,CT,1,2.99
4620825682,152,41,4107,104430040,1062,2013-02-07,16,OZ,2,3.18
4620830162,153,36,3601,101200010,13794,2012-10-28,67.6,OZ,1,1.89
4620830162,153,45,4509,1089465989,48020,2012-11-20,40,OZ,1,9.99
4620830635,152,22,2214,102420020,14716,2013-01-23,28,OZ,1,5.49
4620830635,152,60,6011,101800010,14029,2013-03-27,16.3,OZ,2,5.38
4620831203,153,7,709,109955595,7661,2013-01-21,3.9,OZ,3,25.47
4620832735,153,9,907,1071783979,950,2012-05-08,26,OZ,1,3.15
4620832735,153,10,1011,104300040,26232,2012-09-09,13.5,OZ,1,2.99
4620832735,153,63,6315,107545777,7025,2013-01-21,64,OZ,2,6.08
4620834383,152,95,9518,107000070,27680,2012-03-04,1,CT,2,4
4620834383,152,8,801,101300010,8164,2012-04-29,15,OZ,2,5.7
4620834383,152,5,501,1068826767,81691,2012-05-13,14.5,OZ,1,3.29
4620834383,152,17,1726,104460040,3718,2012-07-01,75,CT,1,5.39
4620834969,6,29,2907,104600040,13023,2012-12-16,11.4,OZ,1,3.19
4620834969,6,29,2914,102100020,9886,2012-12-21,5.5,OZ,2,3.78
4620834969,6,26,2622,102570020,20361,2013-02-17,30,CT,1,4.59
4620834969,6,9,907,107265979,13545,2013-02-24,22,OZ,1,3.99
4620835569,153,11,1112,102898929,26666,2012-07-16,8.4,OZ,1,3.99
4620835569,153,63,6311,102500020,16474,2012-07-21,59,OZ,1,2.89
4620835569,153,55,5567,107585676,9798,2013-03-02,25.3,OZ,1,4.29
4620835590,6,56,5607,1073852979,15305,2013-05-17,16,OZ,1,2.19
4620838884,152,71,7106,103700030,8047,2012-06-01,14.2,OZ,2,11.38
4620838884,152,2,202,105150050,14029,2012-12-26,19.5,OZ,1,1.79
4620840212,153,29,2914,102100020,9886,2013-04-09,3.6,OZ,1,2.79
4620842024,152,4,418,104000040,26517,2012-03-18,12.6,OZ,2,7.98
4620842024,152,9,902,104400040,12279,2012-04-02,10.5,OZ,1,2.19
4620847374,6,5,501,103800030,17050,2012-03-28,12.8,OZ,1,3.79
4620847374,6,34,3411,107940070,17521,2012-06-04,12,OZ,1,2.5
4620847374,6,26,2630,1068826767,81691,2012-12-03,240,CT,1,2.89
4620847374,6,9,901,104400040,3453,2013-03-19,19.5,OZ,1,5.29
4620847434,153,9,907,107341070,13291,2012-10-08,12,OZ,1,3.99
4620847726,152,7,707,102550020,6550,2012-08-13,33.9,OZ,1,10.99
4620847726,152,27,2713,1068826767,3931,2012-10-03,3.5,OZ,4,2.4
4620848232,152,57,5704,107047070,20230,2012-06-04,24,OZ,1,2.99
4620853506,153,26,2628,103700030,2248,2012-06-24,3,RL,1,6.39
4620853506,153,63,6332,102500020,11749,2013-04-06,59,OZ,1,3.39
4620855417,6,1,106,101500010,29555,2012-03-21,1,OZ,6,16.14
4620859351,152,36,3635,1068826767,3677,2012-04-06,33.8,OZ,4,4
4620863466,152,19,1908,105150050,9189,2012-08-07,40,OZ,1,7.99
4620863466,152,58,5827,1068826767,12475,2013-02-15,12,OZ,1,5.99
4620865892,153,99,9908,1089069080,1632,2012-05-15,8,OZ,1,3.49
4620866246,152,55,5556,107756777,2347,2012-08-16,48,OZ,1,4.99
4620866349,152,9,902,101410010,45039,2013-01-27,6.6,OZ,1,2.39
4620866349,152,36,3630,101200010,23361,2013-02-24,67.6,OZ,2,3.78
4620866349,152,16,1604,102200020,6021,2013-03-17,45,CT,1,2.99
4620866624,152,26,2622,102570020,20361,2012-05-21,10,CT,2,6.58
4620866624,152,18,1890,104152040,16665,2012-09-30,1,CT,1,4.49
4620866677,6,29,2928,104100040,9814,2012-08-24,5.3,OZ,2,2.66
4620870923,153,51,5125,102580020,16668,2012-06-05,8.5,OZ,1,2.5
4620870923,153,21,2113,1068826767,12475,2012-07-10,27,OZ,2,5.98
4620870923,153,5,501,103800030,11732,2012-10-23,15.5,OZ,1,3.69
4620870923,153,33,3309,1068826767,81691,2012-11-13,13,OZ,1,2.59
4620872228,153,22,2201,104460040,3718,2013-03-15,64,OZ,1,2.29
4620874246,152,36,3634,1078616272,7237,2012-06-22,20,OZ,10,15
4620874246,152,9,901,1068826767,20616,2012-09-13,9,OZ,1,2.69
4620877965,152,27,2705,1068826767,3931,2013-02-01,5.5,OZ,3,1.17
4620879970,153,26,2609,1068826767,7173,2012-06-07,150,CT,1,4.29
4620879970,153,33,3303,104178040,19154,2013-01-03,10,OZ,1,4.29
4620882121,6,37,3707,1068826767,12475,2012-04-16,32,OZ,1,3
4620882121,6,21,2122,107349070,9528,2013-02-10,64,OZ,1,3.99
4620882859,152,9,917,1068826767,81691,2012-03-15,16,OZ,1,2.5
4620882859,152,18,1890,107048575,8154,2012-04-07,2,CT,2,7.98
4620882859,152,26,2622,101370010,8154,2012-11-07,40,CT,1,4.19
4620885062,6,54,5403,102580020,16668,2012-07-15,8,OZ,2,6
4620885062,6,33,3303,104178040,19154,2012-08-17,10,OZ,2,8.58
4620885062,6,99,9904,1071575676,5278,2012-10-07,16,OZ,1,3.99
4620885062,6,55,5552,107756777,2347,2013-01-01,48,OZ,2,9.18
4620886090,152,5,501,101600010,3331,2012-04-21,18,OZ,1,4.69
4620887230,153,58,5830,104242141,2071,2012-07-30,7,OZ,1,4.49
4620887817,6,23,2301,108733686,4648,2013-02-28,8,OZ,2,5.58
4620888611,6,9,915,108978484,9692,2012-07-18,17,OZ,1,2.89
4620888611,6,63,6332,104850040,61745,2012-12-24,59,OZ,1,4.19
4620889305,152,9,907,101410010,13791,2012-12-04,16,OZ,2,8.58
4620891871,152,9,901,104400040,3453,2013-02-02,13,OZ,2,8.5
4620892448,153,59,5905,101111515,2445,2012-07-26,15,OZ,1,2.79
4620892448,153,99,9909,107143070,5072,2013-02-23,9.9,OZ,2,7.38
4620892448,153,35,3504,103700030,4628,2013-04-27,20,OZ,1,3.49
4620892448,153,5,516,101600010,12426,2013-05-18,10.8,OZ,1,5.49
4620892448,153,9,907,107133070,25887,2013-06-28,20,OZ,1,3.99
4620892905,152,72,7212,103500030,3830,2012-11-06,1,CT,1,5.99
4620892905,152,4,418,103400030,8247,2013-04-01,10,OZ,1,4.19
4620892924,153,9,907,101410010,13791,2013-03-17,24,OZ,1,4.29
4620899206,152,9,907,1068826767,81691,2012-11-12,16,OZ,1,0.99
4620901455,6,2,202,101600010,1756,2012-11-25,17.5,OZ,2,5.18
4620901851,6,10,1010,105150050,16728,2012-08-13,5,OZ,1,3.29
4620902368,6,27,2712,104152040,3931,2012-11-27,1,CT,2,6.58
4620906631,152,49,4901,105621050,25366,2013-02-06,21.16,OZ,1,2.29
4620907592,152,36,3636,104300040,29501,2012-07-09,192,OZ,1,4.19
4620907592,152,69,6901,103700030,16139,2012-09-11,2.6,OZ,1,2.5
4620907592,152,26,2619,1068826767,7740,2013-01-24,10,CT,1,1
4620910465,6,33,3302,102389626,14268,2012-03-24,9.6,OZ,2,5.5
4620914565,6,36,3601,104900040,3809,2012-06-24,60,OZ,3,10.47
4620918149,152,97,9753,1020449929,0,2012-10-26,1,CT,1,5.99
4620920169,152,8,814,102840020,18584,2012-05-12,24,OZ,1,3.99
4620923287,153,59,5906,104060040,26155,2012-04-06,15,OZ,1,3.49
4620926729,152,41,4108,1068826767,12475,2012-11-07,15.5,OZ,1,1.33
4620927319,152,56,5621,1068826767,81691,2012-09-25,8,OZ,1,3.29
4620929266,6,8,829,106927666,13619,2012-08-09,15,OZ,1,3.79
4620929266,6,56,5615,107835474,2675,2012-08-16,8,OZ,1,3.99
4620933319,153,27,2702,107910070,33128,2012-11-19,4,LB,1,5.79
4620933319,153,97,9753,1023200929,0,2013-02-16,1,CT,1,1.74
4620938164,6,99,9904,1066529060,33170,2012-05-01,16,OZ,1,5.99
4620941856,153,99,9909,102112020,20616,2012-09-09,12,OZ,1,3.99
4620941856,153,8,801,101300010,8164,2013-06-12,20,OZ,1,1.89
4620941882,153,32,3202,102700020,19737,2012-07-27,128,OZ,1,11.49
4620941882,153,97,9753,1020408121,0,2012-10-06,1,CT,1,5.76
4620941907,152,58,5828,103100030,1358,2012-05-12,6.4,OZ,2,3
4620941907,152,51,5115,101960010,3174,2012-08-25,5.22,OZ,2,2.5
4620943631,152,29,2914,101356212,713,2012-12-24,6,OZ,1,1.67
4620943631,152,33,3318,107797575,27417,2013-03-04,2.25,OZ,1,0.99
4620945989,153,9,901,104400040,3453,2013-04-27,13,OZ,1,3.99
4620948841,153,31,3101,105210050,11382,2012-09-20,2,OZ,1,1.99
4620951539,153,63,6323,104410040,8481,2012-11-28,64,OZ,1,5.19
4620952366,152,27,2702,101901414,8664,2012-09-25,6.1,LB,1,13.79
4620952610,153,31,3108,101360010,4916,2013-06-17,48,OZ,1,2.39
4620953442,152,33,3305,107797575,27417,2012-04-04,16,OZ,1,3.29
4620953442,152,49,4901,101312010,26885,2013-01-16,28,OZ,1,3.79
4620956410,153,36,3601,1068826767,81691,2012-10-28,67.6,OZ,4,3.96
4620956410,153,23,2301,104112949,14481,2012-11-10,16,OZ,2,3.58
4620959883,152,71,7113,1060308464,7034,2012-06-02,13,OZ,1,3.79
4620959883,152,36,3604,107800070,16023,2013-02-27,67.6,OZ,1,1.79
4620963163,152,25,2504,1068826767,81691,2013-02-07,12,OZ,5,5.45
4620963264,152,55,5552,102983929,6763,2012-12-03,48,OZ,1,3.69
4620964239,153,63,6320,1071514171,25530,2012-04-06,12,CT,1,3.29
4620964239,153,51,5125,101380010,10271,2012-12-28,9,OZ,1,3
4620965336,152,26,2628,1068826767,20616,2012-08-12,1,RL,2,2
4620965336,152,63,6305,101630010,6509,2012-12-13,59,OZ,1,3.49
4620965336,152,99,9909,1074069575,13414,2013-02-25,22,OZ,1,4.99
4620966726,152,51,5128,101450010,20864,2013-02-10,10,OZ,1,2.5
4620967119,153,56,5613,107403070,16922,2012-03-20,16,OZ,1,5.29
4620967627,153,36,3626,104133141,7531,2012-11-06,12,OZ,1,0.99
4620968877,152,71,7113,108087888,13505,2013-03-30,12.6,OZ,2,8.58
4620969277,152,36,3603,1068826767,81691,2012-05-03,384,OZ,1,2
4620970196,152,9,902,104950848,16730,2012-11-11,7.2,OZ,1,3.99
4620974378,152,55,5556,104154848,5603,2012-10-02,48,OZ,1,4.99
4620974378,152,56,5620,1068826767,81691,2013-02-26,16,OZ,1,4.88
4620975834,153,51,5115,101960010,3174,2012-10-18,5.08,OZ,1,1.25
4620978455,153,6,601,101570010,17882,2012-11-07,10,OZ,1,1.99
4620978455,153,9,907,107133070,25887,2012-11-14,24,OZ,2,8.38
4620981199,152,58,5827,107080070,16704,2013-02-16,16,OZ,1,6.69
4620981199,152,51,5119,104670444,18213,2013-02-16,10,OZ,1,4.39
4620981199,152,58,5824,102836424,14418,2013-02-23,16,OZ,1,4.49
4620981519,152,4,412,104137646,6663,2013-03-08,1,OZ,1,1.09
4620982348,153,58,5832,107274575,13804,2012-05-29,12,OZ,1,3.99
4620982348,153,72,7208,104152040,2963,2012-08-04,1,CT,5,6.48
4620983189,153,9,907,101410010,13791,2012-05-09,20,OZ,1,2.69
4620983189,153,41,4105,107294070,18909,2012-12-03,28,OZ,1,1.34
4620983189,153,97,9753,1020402323,0,2012-12-22,1,CT,1,7.94
4620983531,153,51,5121,104369545,8522,2012-03-19,9,OZ,2,5
4620984439,152,58,5828,103390030,9286,2012-03-22,5,OZ,1,2
4620985716,153,10,1004,105833656,25702,2012-03-16,7.5,OZ,3,6.57
4620985716,153,31,3101,1068826767,7173,2012-08-17,8,OZ,1,4.69
4620985716,153,63,6320,1068826767,81691,2012-09-21,12,CT,1,2.69
4620987620,152,30,3009,104100040,19975,2012-05-09,16,OZ,1,3.39
4620987620,152,9,907,107341070,13291,2012-10-08,12,OZ,1,3.99
4620987620,152,18,1898,104133343,5379,2012-10-12,4,CT,1,4.79
4620987620,152,8,803,1068826767,7173,2012-10-25,12,OZ,1,1.19
4620988903,153,9,907,104500040,20016,2012-05-01,20,OZ,1,3.89
4620989206,152,36,3618,104900040,23359,2013-02-22,144,OZ,2,11.98
4620989206,152,8,814,102840020,18584,2013-02-22,24,OZ,1,3.99
4620989490,152,99,9904,103338333,33170,2012-06-06,48,OZ,1,3.99
4620990626,152,23,2301,1089505989,1393,2013-02-20,16,OZ,1,2.49
4620993603,152,9,907,1060699161,63479,2012-08-02,16,OZ,1,3.69
4620997168,152,36,3635,1068826767,81691,2012-03-21,33.8,OZ,2,1.33
4620997168,152,8,801,101300010,8164,2012-05-26,40,OZ,1,3.29
4620997255,152,37,3705,105100050,2820,2013-01-04,18.6,OZ,1,2.79
4620999237,153,99,9909,1068826767,81691,2012-08-27,6,OZ,1,3.69
4620999237,153,25,2509,104410040,8481,2012-11-09,32,OZ,1,3.29
4620999237,153,5,517,103800030,69260,2013-01-11,10.4,OZ,2,6.98
4620999237,153,97,9799,1079590272,7848,2013-01-20,1,CT,2,4
4621000562,6,55,5558,107585676,9798,2012-10-14,27,OZ,1,3.99
4621001463,152,33,3303,108411484,9596,2012-12-30,4,OZ,2,7.98
4621002461,152,28,2804,103150030,25139,2012-06-10,12,OZ,1,2.29
4621005578,153,4,407,1081173787,4593,2012-07-24,7,OZ,1,2.99
4621005578,153,9,907,1068826767,81691,2012-10-18,9,OZ,1,1.49
4621007374,153,19,1908,1068826767,20616,2012-07-22,16,OZ,1,4.59
4621007374,153,63,6320,1068826767,81691,2012-08-11,18,CT,1,2.89
4621007374,153,56,5620,1068826767,81691,2012-10-06,16,OZ,1,5.49
4621007374,153,56,5620,104610040,15889,2013-01-05,8,OZ,1,3.49
4621007374,153,28,2803,1068826767,81691,2013-05-25,9,OZ,1,1.29
4621008365,6,25,2509,1068826767,81691,2012-10-05,16,OZ,1,1.59
4621008365,6,57,5705,103663232,4568,2013-06-08,24,OZ,2,4.38
4621014384,6,9,913,104812141,18322,2012-11-01,12,OZ,1,4.19
4621014508,152,27,2702,107119070,23292,2012-03-23,6,LB,1,8.29
4621015803,152,10,1011,107349171,9883,2012-04-12,16,OZ,1,3.99
4621015803,152,29,2906,104178949,11224,2012-07-07,4.27,OZ,1,1
4621015803,152,5,517,103800030,17050,2012-08-05,4.4,OZ,2,6.38
4621017591,152,26,2629,1068826767,7173,2013-06-15,250,CT,1,2.39
4621018393,153,29,2928,104100040,9814,2012-12-19,5.4,OZ,2,3
4621018545,153,63,6315,107545777,7025,2012-04-20,128,OZ,1,4.79
4621018545,153,1,106,101500010,7142,2012-09-03,3.5,OZ,10,15.9
4621018545,153,99,9904,1081204989,27736,2012-11-12,1,CT,2,7.98
4621019456,6,18,1854,102120020,16044,2012-12-13,3,CT,1,2.79
4621019499,152,7,709,107510171,11713,2013-03-18,3.81,OZ,1,8.49
4621023593,152,9,907,107341070,2437,2013-03-02,24,OZ,2,9.38
4621027282,152,59,5910,103377636,16650,2013-03-20,15,OZ,1,3.29
4621027625,152,63,6315,1068826767,12475,2012-07-11,64,OZ,1,3.69
4621027625,152,57,5704,104667545,20216,2013-02-05,6,OZ,2,1.98
4621028793,153,57,5706,1068826767,81691,2013-04-25,6,OZ,2,2
4621032271,152,51,5125,107265575,8089,2012-04-19,10,OZ,2,7.98
4621032271,152,9,907,1068826767,81691,2012-08-05,12,OZ,1,1.25
4621033922,6,53,5307,1068826767,20616,2012-09-09,16,OZ,1,2.29
4621033922,6,29,2914,102100020,9886,2012-12-02,5.5,OZ,3,5.37
4621040566,153,33,3303,102840020,10241,2012-11-19,10,OZ,2,8.58
4621043221,6,9,907,101410010,13791,2012-06-25,16,OZ,1,3.99
4621043221,6,8,818,103620030,14868,2012-10-15,23.9,OZ,1,2.39
4621043970,153,97,9753,1063204565,0,2012-08-27,1,CT,1,4.99
4621045553,6,3,304,105210050,11382,2012-12-16,2,OZ,1,7.99
4621046127,6,26,2607,101090010,15232,2012-03-02,1,CT,1,2.09
4621052034,152,30,3002,104800141,8178,2012-04-13,30,OZ,1,4.99
4621053270,152,0,0,10000,0,2012-07-14,0,,3,0
4621053270,152,9,918,107351070,17346,2013-02-23,6.6,OZ,1,3.29
4621054196,6,36,3636,104300040,29501,2012-03-10,144,OZ,1,3.99
4621054196,6,5,504,1072225272,3695,2013-01-04,2.4,OZ,1,1.25
4621054196,6,63,6315,1068826767,81691,2013-05-03,128,OZ,1,3.99
4621059369,153,59,5902,103450030,10165,2012-03-04,16,OZ,1,3.79
4621060990,6,51,5125,102580020,16668,2012-08-27,10.5,OZ,1,2.5
4621060990,6,26,2633,1068826767,33170,2013-01-23,4,RL,1,2.99
4621061496,152,4,427,102200020,506,2012-04-06,1.76,OZ,4,8.76
4621061496,152,21,2106,105100050,27873,2012-05-20,64,OZ,3,7.5
4621062583,152,33,3318,107797575,27417,2012-03-19,9,OZ,1,2.99
4621062822,153,9,910,101410010,13791,2012-11-10,7.5,OZ,1,2.99
4621064262,152,55,5560,104154848,5603,2012-09-13,16.1,OZ,1,4.79
4621065729,152,54,5401,108994787,19234,2012-11-27,8,OZ,1,2.99
4621065729,152,49,4903,1083418383,385,2013-01-26,20,OZ,1,4.19
4621073979,153,63,6330,1068826767,81691,2012-06-03,32,OZ,2,5.98
4621073979,153,99,9908,103338333,33170,2013-03-16,32,OZ,1,1.99
4621080429,152,6,610,101200010,635,2012-09-01,16,OZ,4,8
4621082251,153,4,421,102363727,42939,2012-07-18,19,OZ,1,3.69
4621082251,153,56,5615,102100020,4218,2012-09-12,8,OZ,1,3.99
4621086466,152,63,6315,1068826767,81691,2012-04-10,64,OZ,1,2.89
4621086466,152,27,2709,105000050,6775,2012-10-17,2.1,OZ,2,3.3
4621086504,6,36,3631,101200010,12170,2012-04-01,144,OZ,1,5.99
4621086504,6,56,5616,104610040,15889,2012-05-25,7.6,OZ,1,3.79
4621086504,6,57,5704,107047070,20230,2012-09-02,6,OZ,3,2.67
4621086504,6,21,2103,103120030,12957,2012-09-07,64,OZ,1,3.19
4621086504,6,4,416,104000040,16765,2012-12-06,2.07,OZ,1,0.99
4621086504,6,5,501,1068826767,7173,2012-12-09,32,OZ,1,3.99
4621086504,6,57,5705,107047070,20230,2013-01-27,6,OZ,5,4.45
4621086504,6,41,4105,102400020,4704,2013-04-21,14.5,OZ,1,1.59
4621086504,6,51,5126,101380010,27474,2013-06-09,9.63,OZ,1,3.29
4621088487,153,71,7113,107124979,21913,2012-03-19,8.5,OZ,2,13.98
4621088487,153,7,707,102550020,6550,2012-07-23,22.6,OZ,1,9.99
4621088487,153,21,2105,104900040,14357,2012-08-08,32,OZ,3,3.57
4621088642,153,97,9753,1020468727,0,2012-05-05,1,CT,1,1.02
4621088642,153,41,4110,103940030,71386,2012-07-01,22,OZ,2,4.08
4621088642,153,41,4110,103940030,71386,2013-05-25,22,OZ,2,4.08
4621092039,152,41,4110,101300010,8164,2013-03-01,16,OZ,2,3
4621092039,152,56,5615,102100020,4218,2013-03-01,8,OZ,2,7.98
4621092346,6,97,9707,102570020,20361,2012-06-08,4,CT,1,3.79
4621092346,6,11,1111,1063748060,1011,2012-09-12,7,OZ,1,6.49
4621092346,6,30,3008,107110070,8280,2013-04-05,16,OZ,1,3.29
4621095354,152,33,3319,102840020,15598,2013-04-06,9,OZ,1,3.99
4621099944,6,14,1404,103732333,12209,2012-06-05,48,OZ,1,4.49
4621099944,6,3,310,107045070,4913,2012-12-11,8,OZ,1,4.29
4621100133,152,2,211,101600010,1910,2013-03-26,40,OZ,1,4.39
4621100676,152,36,3604,1068826767,81691,2012-07-29,33.8,OZ,3,2
4621105125,153,36,3601,101200010,13794,2013-01-25,20,OZ,1,1.49
4621105125,153,9,907,1068826767,81691,2013-03-18,20,OZ,1,2.39
4621105125,153,49,4901,101312010,26885,2013-04-06,28,OZ,1,3.29
4621105125,153,9,902,104400040,18775,2013-06-07,9,OZ,1,3.19
4621108143,153,9,970,103800030,62065,2012-03-13,14.7,OZ,1,2.49
4621108143,153,2,202,104144949,9916,2012-05-22,17.5,OZ,1,2.39
4621108143,153,7,706,104127141,26189,2012-05-29,64,OZ,1,3.99
4621108143,153,29,2928,107142979,20299,2013-01-17,6.3,OZ,1,1.89
4621108143,153,99,9908,107266878,52135,2013-05-24,18,OZ,1,3.49
4621108695,153,19,1905,108870282,2167,2012-08-21,13,OZ,1,4.99
4621108695,153,21,2108,103425636,32090,2012-11-11,128,OZ,1,6.99
4621108695,153,51,5115,102066222,12598,2013-05-06,14.3,OZ,1,7.19
4621113647,153,59,5905,1079645171,13101,2012-03-23,15,OZ,1,2.19
4621114625,152,26,2617,101090010,15232,2012-04-07,1,CT,1,4.55
4621114625,152,99,9908,102112020,20616,2012-04-28,16,OZ,1,1.89
4621114625,152,35,3506,103700030,3068,2012-04-28,75,OZ,1,5.99
4621114625,152,56,5610,104179343,26267,2012-05-12,8,OZ,1,7.99
4621114625,152,58,5832,1076401474,304,2012-10-21,12,OZ,1,5.99
4621115493,6,26,2626,102570020,15883,2012-06-21,1,CT,1,2.65
4621115493,6,73,7302,1030057333,250,2012-12-12,80,CT,1,9.65
4621115493,6,64,6408,108500080,10739,2013-02-18,0.75,LT,1,17.99
4621115493,6,64,6409,108858686,38095,2013-03-12,0.75,LT,3,59.97
4621116737,152,62,6202,1068826767,81691,2013-03-24,20,OZ,1,6.49
4621118807,153,63,6320,1068826767,81691,2012-08-24,12,CT,1,2.39
4621118807,153,9,907,101410010,13791,2013-01-18,16,OZ,1,3.79
4621118807,153,36,3611,107572070,14196,2013-03-01,101.4,OZ,3,3.75
4621123299,153,5,516,101600010,12426,2012-04-09,7.44,OZ,1,3.29
4621123299,153,9,922,104126141,5244,2012-11-04,11,OZ,1,4.29
4621123299,153,27,2704,1078518474,27206,2013-02-25,2.1,OZ,1,16.99
4621124728,153,79,7902,109477292,44034,2013-05-12,0,,1,3.5
4621124936,152,74,7402,1084105888,16559,2013-01-13,7,OZ,1,2.99
4621124936,152,73,7357,107431272,12440,2013-01-20,100,CT,1,9.99
4621124936,152,95,9518,1061029060,6015,2013-02-15,1,CT,1,3.69
4621125759,152,33,3316,1068826767,81691,2012-08-15,15,OZ,1,2.69
4621125759,152,63,6320,1068826767,81691,2012-10-25,12,CT,1,2.59
4621125956,6,63,6320,1068826767,81691,2012-06-03,12,CT,1,2.69
4621125956,6,5,517,103800030,17050,2012-06-16,4.7,OZ,1,2.89
4621125956,6,38,3802,104920040,5098,2013-03-29,1,LB,1,1.39
