2092664890,507,11,1111,1063748060,1011,2012-06-29,44,OZ,1,5.21
2092693924,510,97,9753,1049205040,0,2012-11-25,1,CT,1,12
2092961632,507,97,9753,1072783373,0,2012-03-21,1,CT,1,1
2092961632,507,26,2630,103600030,9787,2012-07-05,184,CT,1,1.33
2092961632,507,97,9753,1088530686,0,2012-07-28,1,CT,3,22.97
2093219160,507,38,3802,108523989,11176,2012-09-13,2,LB,1,1.79
2093227072,509,29,2914,102100020,9886,2012-06-08,8.2,OZ,1,3.79
2093227072,509,72,7203,108641484,14122,2012-08-18,24,OZ,1,4.34
2093269080,510,26,2628,103700030,2248,2012-03-15,12,RL,1,18.99
2093318732,508,5,501,1088491282,14900,2012-05-22,25,OZ,2,5.98
2093715728,508,97,9753,105114151,0,2012-08-22,1,CT,2,8.38
2093715728,508,56,5620,102100020,9886,2013-03-24,8,OZ,2,3.8
2093715849,507,26,2631,103700030,3293,2013-01-02,160,CT,1,6.29
2093715849,507,59,5902,103450030,10165,2013-01-02,16,OZ,1,3.69
2093771415,508,33,3309,107373171,11786,2012-09-05,13,OZ,1,3.04
2093802640,508,34,3402,1030029939,3224,2012-09-14,8,OZ,1,5.99
2093822890,507,18,1854,105114151,23664,2012-04-27,2,CT,1,0.99
2094057227,510,8,821,104139040,9659,2013-01-21,10,OZ,1,2.69
2094146246,507,2,213,104144949,9916,2012-10-27,15,OZ,1,1.59
2094215453,510,75,7503,1061150868,72848,2012-11-02,0.15,OZ,1,1
2094450611,507,95,9518,106700868,2988,2012-05-09,1,CT,1,2.99
2094450611,507,73,7326,101650010,26872,2012-10-09,80,CT,1,8.99
2094623057,507,92,9211,1030099737,15219,2012-08-16,0.01,OZ,1,4.99
2094691656,507,9,901,104400040,12661,2012-03-11,11,OZ,1,2.99
2094691656,507,11,1112,102898929,26666,2012-12-02,10.5,OZ,1,3.5
2094782026,508,30,3008,102066222,12598,2012-09-13,16,OZ,1,3.39
2094782026,508,97,9753,1049016040,0,2012-11-12,1,CT,3,33.97
2095424008,507,56,5616,102100020,9886,2012-07-03,7,OZ,1,2.24
2095424008,507,29,2904,101600010,7860,2012-08-17,5.6,OZ,1,1.31
2095424008,507,58,5823,104470040,13310,2012-11-11,7,OZ,1,2.77
2095424008,507,58,5823,104470040,13310,2013-06-18,7.5,OZ,2,7.34
2095513703,507,26,2613,103700030,13481,2013-01-08,120,CT,1,34.99
2095619163,508,18,1841,103700030,17864,2012-05-21,12,CT,1,6.89
2095659735,510,97,9732,107166272,4239,2012-09-16,64,CT,1,3.56
2095677884,507,36,3604,107800070,2829,2012-11-19,67.6,OZ,2,2.5
2095738289,510,97,9753,1049031040,0,2013-04-15,1,CT,2,10
2095842367,507,63,6316,108523989,11176,2013-04-28,8,OZ,1,0.93
2096350760,507,18,1819,103160030,9772,2013-06-01,1,CT,1,2.14
2096578991,508,34,3402,1030813737,32322,2012-05-24,1,OZ,1,0.97
2096736825,508,3,310,108523989,833,2013-03-09,12.5,OZ,1,9.34
2096736825,508,51,5125,101380010,10271,2013-06-22,9.38,OZ,1,2.39
2096749158,508,19,1908,104800141,16564,2012-07-06,15,OZ,1,2.49
2096876715,507,26,2628,103600030,9787,2013-02-05,8,RL,1,9.99
2096883701,507,9,918,101410010,13791,2012-12-16,7.25,OZ,1,2.5
2096998585,510,97,9753,1049098040,0,2012-08-23,1,CT,1,19.99
2097202492,507,40,4004,1076211171,18071,2012-04-11,2.85,OZ,1,3.99
2097238116,507,35,3513,103700030,5265,2012-05-19,100,OZ,1,15.99
2097330366,510,97,9753,1049075040,0,2012-11-02,1,CT,3,29.4
2097376703,507,95,9518,104282343,28202,2013-06-14,1,CT,1,3.29
2097491236,507,29,2914,101356212,713,2013-02-04,6,OZ,1,1.57
2097565296,507,17,1726,104460040,7668,2013-03-27,90,CT,1,5.99
2097752582,507,5,501,103800030,17050,2013-01-13,12.5,OZ,1,2.5
2097786349,508,17,1704,102570020,27327,2013-02-26,32,OZ,0,0
2097911655,508,78,7802,103825737,28989,2012-10-12,6,CT,1,12
2097934107,508,97,9747,102120020,52,2012-07-31,1,CT,3,3.15
2098127022,507,95,9518,1064541666,2988,2012-11-15,1,CT,1,2.99
2098293323,507,17,1709,101920010,10882,2013-05-07,48,OZ,1,3.5
2098293323,507,8,801,101300010,8164,2013-06-12,38,OZ,1,1.99
2098343860,509,97,9799,107314979,17357,2012-07-18,1,CT,2,20.48
2098868764,510,8,801,101300010,8164,2013-03-03,20,OZ,1,1.89
2098868764,510,3,311,105150050,14029,2013-04-01,15.6,OZ,1,1.52
2098868764,510,57,5705,107047070,20230,2013-06-12,6,OZ,4,2
2098887344,507,18,1854,101650010,27270,2012-06-24,10,CT,1,2.24
2099108402,510,5,516,103000030,14760,2012-05-01,8.4,OZ,3,5.91
2099108402,510,9,917,107373171,11786,2013-03-27,20,OZ,1,2.64
2099282800,507,21,2117,104180040,19713,2012-04-01,33.6,OZ,1,3.14
2099341578,508,33,3325,102840020,21452,2013-03-16,20,OZ,1,6.99
2099453293,510,9,902,102840020,17248,2012-12-14,18,OZ,1,5.99
2100166173,508,35,3508,103700030,18371,2013-03-03,150,OZ,1,17.99
2100303860,510,97,9730,107385474,1784,2012-04-01,2,CT,1,4.49
2100365262,507,97,9753,106700868,0,2013-02-13,1,CT,1,2.69
2100566170,507,50,5001,102113121,11151,2012-09-15,40,OZ,1,6.94
2100606780,508,34,3405,101111111,5168,2012-08-03,32,OZ,1,9.19
2100648194,507,18,1842,102120020,43184,2012-09-15,2,CT,1,2.89
2100720043,507,92,9210,107124979,21913,2012-04-15,0.15,OZ,1,12.49
2100781249,509,97,9753,1049014141,0,2012-06-11,1,CT,1,22.99
2100781249,509,63,6314,107342070,4529,2012-12-24,16,OZ,1,1.99
2100884666,510,9,918,101410010,13791,2012-10-18,7.5,OZ,1,2.5
2101112083,508,4,418,104000040,26517,2013-01-05,9.9,OZ,1,0.93
2101527220,507,72,7208,103500030,3830,2012-03-11,4,CT,1,3.32
2101542594,510,27,2702,101901414,8664,2012-10-19,17.5,LB,1,17.89
2102360826,508,97,9753,1087219787,0,2012-03-25,1,CT,2,2
2102377862,509,29,2914,102100020,9886,2012-10-25,6,OZ,2,3.14
2102414958,510,29,2908,103940030,71386,2013-02-12,30,OZ,1,2.69
2103091621,508,33,3318,102840020,15441,2013-03-29,16,OZ,1,2
2103532066,507,75,7520,104834141,23664,2012-06-04,200,CT,1,1.97
2103679229,507,33,3303,108523989,833,2012-08-23,8,OZ,1,2.99
2103693067,510,97,9753,101198515,0,2012-05-31,1,CT,1,5.87
2103707118,507,26,2628,103700030,2248,2013-05-08,8,RL,1,10
2103729359,507,8,803,104150040,6714,2012-09-17,14,OZ,1,1.47
2103935014,508,18,1822,103700030,6236,2012-03-12,27,OZ,1,4.99
2104183669,508,97,9753,107154777,0,2013-03-23,1,CT,1,1
2104201493,507,9,907,107341070,888,2012-11-26,16,OZ,1,2.69
2104395064,510,7,709,1076211171,17286,2013-01-06,6.7,OZ,1,12.99
2104604823,508,74,7404,101150919,793,2012-05-13,7,OZ,1,4.79
2104937156,508,16,1601,102200020,71567,2013-02-17,45,CT,1,2
2105014080,507,97,9753,1049009040,0,2013-06-01,1,CT,5,45.95
2105042868,508,58,5811,107494777,61441,2012-08-24,12,OZ,2,15.1
2105042868,508,58,5833,103760030,8501,2013-03-12,15,OZ,1,4.71
2105055262,507,92,9210,104155444,11347,2012-08-03,0.2,OZ,1,6.94
2105055262,507,26,2609,104116545,23664,2013-05-02,28,CT,1,2.69
2105349629,509,99,9908,1060580666,7655,2012-03-23,12,OZ,2,4.23
2105349629,509,27,2715,107944171,20900,2012-10-14,15,CT,1,8.29
2105387784,508,9,907,101410010,13791,2012-08-10,24,OZ,1,3.14
2105425678,508,5,516,101600010,6283,2013-03-23,6,OZ,1,2.69
2105503838,508,9,912,104812141,18322,2012-11-13,20,OZ,1,2.99
2105503838,508,63,6323,104190040,11414,2013-03-29,64,OZ,1,2.99
2105510310,508,5,501,101600010,3331,2012-06-23,17,OZ,1,3.59
2105600258,510,5,517,108523989,11176,2013-01-30,11.3,OZ,2,4
2108184994,508,25,2506,105000050,32115,2012-12-31,32,OZ,1,3.87
2110627259,508,97,9753,1085195282,0,2013-04-17,1,CT,1,3.14
2110881114,508,99,9904,108523989,833,2012-08-22,48,OZ,1,2.89
2111053322,507,95,9518,104282343,28202,2013-06-15,1,CT,1,3.59
2111317328,508,63,6317,102529323,16410,2013-03-10,64,OZ,1,2.99
2111456031,510,97,9753,10978145393,0,2012-08-10,1,CT,1,0.94
2111644930,508,58,5823,108523989,11176,2013-05-06,9,OZ,1,2.33
2111705276,508,10,1013,102400020,4704,2012-04-10,16,OZ,1,2
2111705276,508,72,7205,103320030,11512,2012-06-02,10.5,OZ,1,4.99
2111705276,508,5,517,103800030,17050,2013-01-29,5.46,OZ,1,2.5
2111912571,508,19,1905,105150050,16728,2012-11-25,18,OZ,1,2.79
2111912571,508,57,5705,103663232,4568,2013-04-14,24,OZ,1,1.97
2111936233,508,59,5902,108523989,11176,2012-03-29,16,OZ,1,2.69
2111936233,508,51,5116,107192171,25673,2012-08-23,28.3,OZ,2,7.78
2111936233,508,58,5812,107495676,8144,2012-08-25,12,OZ,2,6.08
2111936233,508,97,9734,103314939,33170,2013-01-03,1,CT,1,3.99
2111979132,507,26,2622,1061525868,23664,2012-07-26,100,CT,1,2.49
2111979132,507,34,3402,1060308464,7034,2012-09-17,2,OZ,1,4.99
2112060633,507,36,3611,104900040,4599,2012-05-01,20,OZ,2,3.18
2112357906,508,55,5567,107064070,19704,2013-02-26,24,OZ,1,3.38
2112490722,507,4,419,103746636,10488,2012-12-10,9.7,OZ,1,7.56
2112490722,507,21,2119,1061300868,867,2012-12-23,23,OZ,2,1.49
2112544420,507,5,501,103800030,17050,2012-09-19,13.5,OZ,1,3.14
2112733531,509,18,1827,103700030,6236,2012-12-09,9.7,OZ,1,2.93
2112844134,508,58,5831,102410525,28615,2012-10-07,16,OZ,3,18.21
2112861157,510,16,1604,102200020,13228,2012-10-27,14,CT,1,0.99
2112938088,508,97,9753,1074348878,0,2012-07-03,1,CT,1,3.99
2112990593,508,97,9744,107234878,15493,2012-08-07,4,OZ,1,0.34
2113057918,507,97,9753,1020801121,0,2012-03-31,1,CT,5,1.2
2113057918,507,51,5125,102580020,16668,2012-09-13,11.7,OZ,1,2.69
2113144241,508,37,3708,104800141,9814,2012-04-14,1.4,OZ,1,1.49
2113192875,507,6,601,101570010,17882,2013-02-06,2.32,OZ,1,1.89
2113198113,510,1,106,1089018080,14157,2012-12-09,4,OZ,5,8.45
2113336573,508,72,7203,1031254737,10554,2012-06-16,16.9,OZ,1,3.54
2113449762,509,56,5620,102100020,9886,2013-01-31,7,OZ,1,2
2113733021,510,34,3411,104589343,2966,2012-05-26,18,OZ,1,3.46
2113760677,507,34,3402,1030052131,14250,2012-10-13,2,OZ,1,3.69
2113822827,508,22,2210,103700030,5174,2012-03-05,103,OZ,1,7.5
2113822827,508,4,419,1074759979,7168,2012-03-20,5.32,OZ,1,3.79
2113822827,508,9,901,108523989,11176,2012-10-11,15.5,OZ,1,1.89
2114225931,508,5,501,1088491282,86364,2012-10-08,16,OZ,1,3.14
2114225931,508,5,501,1088491282,86364,2013-02-18,16,OZ,2,6.28
2114514748,509,21,2119,101200010,10522,2012-04-16,128,OZ,1,3.39
2114637609,507,97,9753,1049042040,0,2012-12-12,1,CT,1,20
2114661271,508,97,9753,103228131,0,2012-09-26,1,CT,1,26.24
2114765915,508,56,5604,1071156575,9704,2012-06-09,7,OZ,1,4.71
2114789843,508,97,9753,1049081040,0,2012-03-13,1,CT,2,4.73
2115040621,510,97,9753,1088302888,0,2012-10-26,1,CT,1,28
2115178946,510,97,9753,1071444272,0,2012-07-06,1,CT,1,4.25
2115243242,510,9,902,104400040,19783,2013-03-04,9.1,OZ,1,2.54
2115243242,510,97,9753,1049053040,0,2013-04-19,1,CT,1,0.99
2115243242,510,63,6317,102529323,16410,2013-06-03,64,OZ,1,3.54
2115342800,508,19,1908,104800141,16564,2012-05-14,40,OZ,1,5.88
2115342800,508,60,6010,101800010,14029,2012-10-21,30,OZ,1,1.44
2115342800,508,4,418,104000040,26517,2013-04-05,9.9,OZ,2,3.18
2115591111,508,99,9909,107127979,6732,2012-03-11,5.5,OZ,1,3.17
2115592176,507,18,1829,103700030,6236,2012-06-22,1,CT,1,4.59
2115761690,507,97,9753,1020401121,0,2012-04-17,1,CT,1,1.05
2115899412,508,30,3010,102066222,12598,2013-02-03,16,OZ,1,3.05
2115899412,508,36,3632,107800070,17635,2013-03-12,101.4,OZ,1,3.5
2115996772,507,97,9753,1049054040,0,2012-12-20,1,CT,1,7.6
2116014421,509,63,6315,108523989,102445,2013-01-25,64,OZ,1,4.29
2116014421,509,63,6305,102500020,16489,2013-06-02,59,OZ,1,3.58
2116316971,508,92,9204,109500898,21346,2013-06-15,0.46,OZ,1,7.79
2116324084,507,72,7203,1030086939,23664,2012-09-05,50.7,OZ,1,2.82
2116324084,507,97,9753,1020479828,0,2012-11-14,1,CT,2,1.87
2116613975,508,92,9208,104319444,16067,2013-02-04,8,CT,1,1.05
2116614305,507,27,2712,107944171,19221,2012-04-16,1,CT,1,13.99
2116840980,510,33,3308,102840020,3336,2012-03-17,9.75,OZ,1,2.36
2116888006,507,97,9753,1076546878,0,2012-03-27,1,CT,3,2.97
2116888006,507,35,3504,103700030,4628,2012-04-29,10.1,OZ,1,3.04
2116888006,507,34,3411,101700010,4912,2012-10-10,21,OZ,1,4.99
2116888006,507,1,106,1085382686,23664,2013-03-10,4.22,OZ,3,2.97
2116898332,510,11,1112,1084223484,21474,2012-08-12,10.5,OZ,1,3.99
2116898332,510,97,9753,1049090040,0,2013-06-02,1,CT,1,16.99
2117153619,508,36,3611,1063256565,6303,2013-05-16,16.9,OZ,1,1.72
2117330940,507,97,9753,1081163484,0,2013-04-12,1,CT,2,29.98
2117641594,507,73,7326,102791727,10449,2013-02-28,190,CT,1,10
2117693332,510,26,2633,101310010,23664,2012-10-24,12,RL,1,6.54
2117883093,509,33,3307,102900020,14112,2012-10-19,10.25,OZ,1,4.99
2117883093,509,9,901,104400040,3453,2013-02-20,14,OZ,1,2.39
2117973791,509,27,2702,101901414,8664,2013-03-11,17.5,LB,1,17.99
2117981139,508,16,1604,102200020,20100,2013-05-06,15,CT,1,1.42
2118057637,507,97,9753,108576181,0,2013-04-20,1,CT,1,1
2118239795,507,95,9518,1064541666,2988,2012-09-29,1,CT,2,7.02
2118677215,510,72,7215,103700030,4294,2012-11-26,0.05,OZ,1,29.99
2118704255,507,69,6901,103700030,16139,2013-04-23,1.6,OZ,1,7.49
2118718629,508,17,1707,1083073181,3598,2012-06-08,23,OZ,1,7.99
2118718629,508,34,3410,107278575,51934,2013-03-07,2.5,OZ,1,0.97
2118788325,509,36,3614,1061600363,28024,2013-01-19,32,OZ,1,3.99
2119033243,507,33,3399,108523989,11176,2013-01-26,14,OZ,2,7.54
2119060710,508,27,2706,105000050,6132,2012-12-02,3,OZ,36,19.8
2119060710,508,58,5823,104470040,13310,2013-01-06,9,OZ,1,3.99
2119060710,508,36,3618,104900040,23359,2013-03-04,101.4,OZ,6,15.96
2119244166,507,71,7102,1079269272,2757,2012-10-16,19,OZ,1,17.19
2119276871,507,97,9753,1021157727,0,2012-09-26,1,CT,1,5.76
2119276871,507,26,2628,106343565,23664,2013-05-01,1,RL,1,0.99
2119375958,508,25,2508,102529323,16410,2013-03-06,64,OZ,1,3.39
2119552584,507,73,7343,1030057333,14423,2012-11-21,12,CT,1,7.24
2119632624,507,26,2629,103700030,2248,2013-02-22,200,CT,1,2.99
2119646242,510,63,6315,108523989,11176,2012-03-24,128,OZ,1,2.99
2119766415,507,97,9753,107533878,0,2012-12-21,1,CT,1,13.99
2119773859,507,34,3411,101111111,5168,2012-10-25,3,OZ,2,2.98
2120071610,508,97,9753,1049036040,0,2013-06-05,1,CT,1,2.99
2120262323,507,9,907,107167373,17480,2012-03-02,22,OZ,1,2.61
2120262323,507,71,7113,108087888,13505,2012-07-25,1.7,OZ,2,1.72
2120262323,507,33,3316,102410020,44209,2012-09-16,10.5,OZ,1,2.79
2120262323,507,26,2620,107319373,18020,2012-11-09,24,CT,2,6.06
2120290325,507,97,9753,1049022040,0,2012-05-03,1,CT,1,4.88
2120368784,508,95,9517,102652121,62617,2012-09-14,1,CT,1,3.99
2120382959,507,97,9753,1049214040,0,2012-07-31,1,CT,1,13.6
2120465902,507,5,516,101862717,9496,2012-03-05,6.7,OZ,1,2.99
2120465902,507,21,2109,104180040,19713,2012-04-26,64,OZ,2,5.98
2120471274,508,36,3604,107800070,2829,2012-07-07,67.6,OZ,1,1.31
2120471274,508,9,912,1073502272,62628,2012-10-12,14.25,OZ,1,1.36
2120471274,508,97,9753,101117919,0,2013-02-02,1,CT,1,2.14
2120482231,508,18,1837,104650040,14869,2012-08-03,15,OZ,1,4.67
2120482231,508,78,7802,103825737,7894,2012-08-09,10,CT,1,13.22
2120842425,507,67,6704,1088513181,22168,2012-03-22,1,CT,1,5.76
2120842425,507,97,9753,105008757,0,2012-07-21,1,CT,1,5.25
2120842425,507,1,105,107007474,16452,2012-11-23,23.2,OZ,1,27.82
2120982929,507,51,5125,107265575,8089,2013-03-23,10,OZ,1,2.54
2121001727,510,34,3405,101111111,5168,2012-12-02,32,OZ,2,16
2121039339,508,5,516,103000030,14760,2013-04-19,7.3,OZ,1,2.19
2121422466,510,72,7205,103700030,4294,2013-05-21,6,OZ,1,2.99
2121571606,509,57,5707,107047070,20230,2013-01-26,36,OZ,1,4.99
2121905524,508,36,3618,104900040,23359,2012-12-09,20,OZ,1,1.69
2121982265,507,95,9519,106700868,2988,2012-10-29,8,CT,1,4.99
2121982265,507,51,5119,107106878,17311,2012-11-01,19.14,OZ,1,6.29
2121982265,507,5,501,103800030,17050,2012-11-06,12.8,OZ,2,5.98
2122182148,507,36,3603,104300040,4371,2012-11-07,384,OZ,3,8.07
2122474574,507,45,4513,108523989,11176,2012-11-17,28,OZ,1,5.49
2122474574,507,51,5121,104369545,10274,2012-12-16,9,OZ,2,4.38
2122474574,507,4,418,103400030,15113,2013-04-09,12,OZ,1,3.29
2122979303,509,33,3316,101356212,713,2012-07-02,1,OZ,1,1.07
2123034407,510,75,7503,107214070,12679,2013-05-12,0.59,OZ,1,3.49
2123174134,508,95,9518,1073452474,28718,2012-08-22,1,CT,1,4.95
2123174134,508,97,9753,1049013141,0,2013-06-16,1,CT,1,24.99
2123284600,507,97,9753,1074189575,0,2012-11-15,1,CT,3,12
2123315200,508,31,3108,102460020,11990,2012-08-31,26,OZ,1,1.99
2123387735,507,99,9909,107127979,6732,2013-06-19,12,OZ,1,2.49
2123692647,510,33,3303,108523989,833,2013-05-15,8,OZ,1,2.99
2123908760,508,69,6901,107940070,4696,2012-07-18,5.4,OZ,1,3.99
2123949281,510,18,1850,105114151,16044,2012-03-14,2,CT,1,2.89
2123949281,510,96,9609,1058087858,88199,2012-05-29,0,,1,-1
2124037874,507,21,2117,1085269787,29479,2012-06-21,67.52,OZ,8,14.32
2124037874,507,97,9753,1049031040,0,2012-10-17,1,CT,1,20
2124093885,507,33,3315,108523989,833,2012-05-12,16,OZ,1,3.39
2125066415,507,99,9909,107127979,6732,2013-06-14,5,OZ,1,2.99
2125485966,508,63,6315,107206070,8303,2013-01-04,64,OZ,1,2.49
2125485966,508,33,3315,104114343,17593,2013-06-03,8,OZ,1,2.79
2125700740,507,9,910,101410010,13791,2012-12-17,6,OZ,1,2.49
2125913931,507,97,9762,102572525,6664,2012-09-04,1,CT,1,10.49
2125913931,507,97,9753,102844424,0,2013-03-26,1,CT,1,5.24
2126155292,508,9,907,108523989,833,2013-04-01,14,OZ,1,2.99
2126155292,508,13,1306,108523989,11176,2013-06-05,5,LB,1,2.19
2126549506,508,95,9517,1081053080,33170,2013-01-24,1,CT,1,1.99
2126605622,508,51,5125,101380010,10271,2012-04-28,6.5,OZ,2,6.18
2126605622,508,9,903,102100020,85727,2012-06-01,6,OZ,1,2.99
2126605622,508,99,9908,1060580666,7655,2013-02-07,12,OZ,1,3.99
2126869482,507,70,7002,1030813737,23595,2012-09-04,12,CT,1,0.97
2126888241,508,63,6312,102500020,11749,2012-03-22,59,OZ,1,1.69
2126888241,508,33,3312,102840020,10241,2012-03-24,5.5,OZ,1,1.02
2127011533,507,97,9753,109582999,0,2013-02-17,1,CT,1,3.99
2127623690,508,63,6320,1071514171,25530,2012-06-05,12,CT,1,2.79
2127631403,507,26,2609,101370010,23664,2013-01-08,110,CT,1,3.74
2127981001,507,33,3318,107797575,27417,2013-03-01,16,OZ,2,6.48
2128036547,507,7,702,102800020,12543,2012-11-05,7,OZ,1,5.66
2128152344,508,7,709,109955595,31032,2012-07-03,7.3,OZ,1,12.99
2128556443,510,37,3706,105010050,8089,2012-05-07,14,OZ,2,3.78
2128770276,507,92,9202,1030099737,15219,2012-06-27,1,CT,1,2.99
2128976657,507,71,7107,1071722676,9241,2012-05-19,1,CT,1,12.59
2128976657,507,54,5402,103800030,5618,2012-07-20,14.1,OZ,1,2.36
2128976657,507,63,6315,108523989,11176,2013-03-30,128,OZ,1,3.14
2129074012,508,8,814,108523989,833,2012-11-20,16,OZ,1,2.63
2129109138,510,97,9753,1049013040,0,2012-06-14,1,CT,1,24.99
2129109138,510,8,821,104139040,9659,2012-07-09,10,OZ,1,2.79
2129109138,510,97,9771,1070722676,33296,2013-05-08,1,CT,18,18
2129228910,510,36,3635,107114272,915,2012-10-11,33.8,OZ,6,4.98
2130940986,508,26,2613,103600030,8583,2012-05-19,60,CT,2,38.08
2133037444,510,9,907,107222070,6669,2013-04-20,21,OZ,1,2.79
2133456428,508,21,2117,108768484,2903,2012-06-17,60,OZ,2,4.88
2133458956,508,97,9753,107675373,0,2012-08-16,1,CT,1,1.41
2133986658,16,36,3601,104900040,3809,2012-03-04,144,OZ,1,5.89
2134008192,21,63,6320,104119040,16347,2012-03-09,12,CT,1,1.29
2134008253,21,9,907,104119040,16347,2012-05-08,12,OZ,1,1.39
2134008253,21,21,2105,104900040,14357,2012-06-10,32,OZ,2,2
2134008253,21,41,4108,104119040,16347,2013-02-10,15,OZ,1,0.75
2134009819,21,51,5115,104111848,11376,2012-05-06,18.3,OZ,1,2.55
2134010305,21,63,6305,1085541585,61747,2012-12-07,59,OZ,1,1.99
2134012860,21,99,9908,1074419474,26680,2013-04-04,10,OZ,1,2.5
2134014522,21,57,5710,1075854373,19530,2013-01-02,5.3,OZ,2,1.38
2134014522,21,5,504,1079108373,5499,2013-03-04,2.11,OZ,2,3.98
2134017581,240,27,2702,107910070,33128,2012-09-30,4,LB,2,6.13
2134035309,8,9,907,105040050,95440,2012-05-25,12,OZ,1,2
2134035309,8,5,501,103800030,14900,2013-03-03,18.7,OZ,1,2.99
2134035309,8,5,501,101600010,85114,2013-03-09,12.2,OZ,1,4.19
2134071072,101,7,708,1088133484,5357,2012-09-21,12,OZ,1,7.49
2134077548,101,9,902,104400040,18775,2012-04-05,7.6,OZ,1,2.5
2134077548,101,13,1306,107101272,9680,2012-04-18,2,LB,1,2.49
2134077734,101,9,907,101410010,13791,2012-12-02,16,OZ,1,3.79
2134077734,101,96,9609,1052800050,88199,2013-03-17,0,,1,-1
2134078197,101,41,4107,102000020,7655,2012-09-01,14.5,OZ,1,0.99
2134078231,101,51,5129,103620030,1698,2012-07-01,24,OZ,1,7.39
2134078231,101,23,2301,107130070,15474,2012-09-08,8,OZ,1,2.19
2134078231,101,29,2930,107680878,1393,2012-11-06,9,OZ,1,2.69
2134078381,101,28,2803,107340575,1604,2012-03-10,32,OZ,1,3.6
2134078381,101,63,6332,104850040,61745,2012-05-04,59,OZ,1,3.29
2134078381,101,57,5710,1089470080,21065,2012-06-30,5.3,OZ,5,5
2134078381,101,26,2614,103700030,514,2013-02-20,2,OZ,1,3.49
2134078381,101,63,6321,107890272,18730,2013-04-03,8,OZ,1,2.5
2134078976,77,69,6901,107940070,4696,2012-06-10,1.7,OZ,1,1
2134078976,77,36,3611,107078474,18552,2012-08-06,540.8,OZ,1,3.99
2134078976,77,36,3618,101200010,23361,2013-01-19,67.6,OZ,2,3.34
2134085328,101,29,2914,1068826767,81691,2013-01-31,12,OZ,1,1.89
2134085946,101,63,6320,1071514171,25530,2012-04-11,18,CT,1,4.79
2134086024,101,74,7402,104740040,7196,2012-03-22,11,OZ,1,1.79
2134086024,101,99,9904,1071575676,5278,2012-12-10,4.4,OZ,2,3.99
2134086340,101,23,2301,107680878,1393,2012-07-28,16,OZ,1,1
2134086340,101,7,709,109955595,2706,2013-01-29,5.8,OZ,1,7.99
2134103008,70,45,4508,101116212,12131,2012-09-08,24.6,OZ,3,16.97
2134103008,70,30,3001,105250050,5337,2012-12-18,48,OZ,1,5.69
2134103008,70,21,2108,103582636,6564,2013-05-01,96,OZ,1,2.69
2134127872,68,97,9753,106990565,0,2013-06-01,1,CT,2,4.98
2134160171,64,29,2905,103620030,14868,2013-02-02,14,OZ,2,3
2134177033,83,72,7208,103500030,3830,2012-05-09,4,CT,1,3.79
2134177033,83,36,3632,101480010,8019,2012-08-01,128,OZ,2,4.78
2134185062,89,9,907,101410010,13791,2012-05-07,16,OZ,1,2.49
2134185062,89,59,5906,104060040,26155,2012-12-21,15,OZ,1,1.99
2134185062,89,10,1010,107116979,2347,2013-07-23,8,OZ,1,2.49
2134187743,89,26,2628,101111010,9907,2012-08-02,1,RL,2,2
2134187743,89,24,2403,102370020,18969,2013-07-16,12.5,OZ,1,3.09
2134192380,211,51,5126,101380010,27474,2012-12-05,19.13,OZ,1,3.24
2134192380,211,3,311,1064420969,5345,2012-12-05,12,OZ,1,1.5
2134194226,98,14,1404,101111010,9907,2012-03-07,24,OZ,1,1.5
2134194226,98,23,2301,101111010,20588,2012-10-24,16,OZ,1,1.79
2134198723,98,45,4511,102370020,18969,2012-12-12,22,OZ,1,6.98
2134202265,126,5,501,101600010,3331,2013-05-17,8.9,OZ,4,5.96
2134216284,12,0,0,10000,0,2012-10-31,0,,1,0
2134239180,191,56,5607,103090030,19704,2012-09-25,8,OZ,1,2.29
2134239180,191,9,907,107222070,6669,2013-01-17,26,OZ,2,4.79
2134239180,191,56,5621,101111010,9907,2013-03-02,8,OZ,2,4
2134240040,191,33,3305,104886747,9327,2013-02-09,15,OZ,1,2.39
2134247670,26,25,2509,103450030,10165,2012-04-23,32,OZ,1,3.49
2134247670,26,56,5604,103949636,4468,2012-12-15,4,OZ,1,5.99
2134247670,26,96,9632,107675070,17286,2012-12-16,1,CT,3,75
2134264174,58,99,9908,101111010,9907,2012-05-09,16,OZ,1,1.5
2134264174,58,95,9518,107000070,7848,2012-10-21,1,CT,1,0.99
2134272459,98,8,803,101111010,9907,2012-06-17,14,OZ,1,0.89
2134272459,98,21,2105,105200050,7054,2012-09-24,32,OZ,4,4
2134274477,12,41,4121,101111010,9907,2012-06-10,8,OZ,4,1.48
2134274477,12,30,3008,104133545,43106,2012-09-02,24,OZ,1,2.99
2134277001,63,96,9632,107675070,9830,2012-07-25,1,CT,1,50
2134361252,166,99,9904,103338333,33170,2012-08-17,16,OZ,2,5
2134375163,96,21,2105,104900040,14357,2012-03-17,32,OZ,10,10
2134375163,96,36,3626,101200010,16391,2012-08-31,144,OZ,1,3
2134375163,96,26,2632,103003434,7175,2013-07-12,80,CT,1,2.39
2134375585,96,33,3303,102840020,10241,2012-05-18,10.5,OZ,1,4.29
2134375585,96,23,2301,103003434,7175,2012-09-22,12,OZ,1,1.39
2134375585,96,73,7309,103680030,18533,2012-10-23,25,CT,1,3.19
2134375585,96,8,814,102840020,18584,2013-04-12,15.5,OZ,1,2.5
2134376744,96,99,9904,1066529060,52314,2012-03-29,16,OZ,2,3.98
2134377161,96,25,2508,102529323,16410,2012-07-16,64,OZ,2,6.98
2134377269,96,0,0,10000,0,2012-10-01,0,,1,0
2134377269,96,9,907,107341070,2437,2012-10-14,24,OZ,1,4.39
2134377633,96,9,907,101410010,13791,2012-05-26,16,OZ,1,3.49
2134377633,96,9,908,104500040,8511,2012-05-26,11.25,OZ,1,2.5
2134378520,96,3,311,105150050,14029,2012-12-18,13.5,OZ,1,2.99
2134378587,96,41,4108,103940030,71386,2012-10-06,15.8,OZ,1,1
2134378859,96,99,9904,1066529060,52314,2012-08-02,16,OZ,1,3
2134380450,96,51,5125,107265575,8089,2013-03-30,10.5,OZ,1,3
2134380456,96,8,801,101300010,8164,2012-07-01,32,OZ,1,2
2134380456,96,4,423,103003434,24382,2012-12-02,5,OZ,1,1.99
2134380736,96,18,1828,106233868,319,2012-05-06,0.8,OZ,2,10.38
2134380736,96,0,0,10000,0,2013-04-28,0,,1,0
2134380809,96,71,7113,1060308464,7034,2012-11-27,25.4,OZ,2,12.98
2134401132,214,34,3410,1089939686,43111,2012-06-24,1.5,OZ,1,1.67
2134401132,214,10,1011,104300040,26232,2012-07-03,24,OZ,2,5.96
2134402157,214,58,5834,104122040,23511,2013-03-14,16,OZ,1,7.98
2134410431,214,2,202,1064420969,5345,2012-06-03,17.6,OZ,1,2
2134410431,214,63,6315,104122040,20514,2012-08-14,128,OZ,1,2.95
2134438839,214,5,501,103800030,11732,2012-03-12,18,OZ,1,2.58
2134438839,214,36,3631,104900040,1414,2012-07-20,144,OZ,1,3.97
2134438839,214,12,1205,108000080,17292,2012-08-04,5,OZ,3,2.34
2134438839,214,30,3008,104122040,23511,2012-11-21,16,OZ,1,2
2134438839,214,8,835,104122040,23511,2013-03-07,3,OZ,1,0.98
2134453135,214,36,3604,104122040,20514,2012-07-11,33.8,OZ,3,1.71
2134462273,214,58,5823,104470040,13310,2012-05-25,12,OZ,1,2.38
2134483317,206,36,3611,104900040,4599,2012-08-01,405.6,OZ,1,6.98
2134522594,46,99,9904,1071575676,5278,2012-09-09,6,OZ,3,3
2134522594,46,8,810,105210050,11382,2013-02-24,1.25,OZ,1,1
2134597476,46,5,501,103800030,11732,2012-03-10,18,OZ,3,7.5
2134635969,46,97,9709,1088442080,8566,2012-06-08,1,CT,2,39.98
2134885293,360,40,4001,104173545,14456,2012-03-27,320,OZ,1,3.19
2134885293,360,36,3632,101480010,8019,2012-08-06,128,OZ,1,3.19
2135511027,42,73,7358,103160434,12423,2012-07-04,100,CT,1,9.49
2135511027,42,9,907,107343575,9705,2012-07-25,9.6,OZ,1,2.99
2135511027,42,26,2617,104149747,19710,2012-11-15,1,CT,1,2.29
2135511734,42,95,9518,106700868,25075,2012-06-15,1,CT,1,3.49
2135513570,42,30,3001,104800141,8178,2012-03-25,30,OZ,1,4.69
2135513570,42,21,2114,101480010,15014,2012-09-28,8,OZ,1,1.39
2135513570,42,9,902,102410020,44209,2012-10-27,7,OZ,1,2.59
2135513570,42,31,3101,105210050,11382,2013-03-29,0.62,OZ,1,6.39
2135513640,42,54,5402,103800030,5618,2012-08-30,14.1,OZ,1,2.59
2135513640,42,97,9753,1021000929,0,2012-10-04,1,CT,1,1.79
2135515434,42,9,907,104149747,19710,2012-11-20,19,OZ,1,1.89
2135515963,42,54,5402,103800030,5618,2013-04-03,12.7,OZ,1,3.19
2135538357,285,22,2210,109451494,69239,2012-04-28,68.75,OZ,1,2.89
2135817636,180,59,5902,103450030,10165,2012-09-30,16,OZ,1,4.26
2135817636,180,37,3703,105100050,2820,2013-03-09,10.75,OZ,2,2.38
2135867679,376,58,5823,101590010,1366,2012-12-09,12,OZ,4,6
2136558675,508,37,3703,105100050,2820,2012-08-08,10.75,OZ,2,3.14
2137764621,507,34,3402,1030813737,1121,2012-12-01,5,OZ,1,8.99
2139268344,508,36,3618,104900040,23359,2012-12-08,67.6,OZ,3,3.99
2139643222,508,97,9753,1049014141,0,2012-04-03,1,CT,1,19.99
2141937549,508,99,9909,103022333,18063,2012-03-14,5,OZ,1,4.18
2141937549,508,74,7402,104740040,7196,2012-03-18,7,OZ,1,2.35
2141937549,508,5,516,103800030,24525,2012-08-18,6.3,OZ,1,2.67
2142418885,507,71,7113,108087888,13505,2012-04-25,1.7,OZ,2,1.94
2142418885,507,97,9753,1085298888,0,2013-04-18,1,CT,1,19.99
2144437141,507,95,9518,105958454,28718,2013-05-04,1,CT,5,30.75
2144725264,510,6,610,101200010,17286,2012-07-01,12,OZ,2,3.98
2146333096,16,63,6320,108741181,60637,2012-06-04,12,CT,1,1.89
2146333096,16,9,970,1075480777,610,2012-10-01,22,OZ,4,10.6
2146343252,21,36,3611,107572070,14196,2013-05-11,405.6,OZ,1,4.49
2146343334,21,18,1898,101280010,14963,2012-07-22,1,CT,2,3.98
2146343334,21,28,2805,107299979,98643,2013-02-10,6,OZ,3,5.37
2146344068,21,29,2905,107079676,3198,2012-11-17,15,OZ,2,2.38
2146344068,21,23,2310,102160525,63393,2012-12-14,13,OZ,8,15.92
2146344605,21,63,6315,104119040,16347,2012-07-23,32,OZ,1,1.29
2146344605,21,41,4106,104119040,16347,2013-02-15,13.25,OZ,4,6.76
2146361575,104,33,3302,102700020,57417,2012-10-17,16.2,OZ,1,5.68
2146364960,101,1,106,101500010,29555,2012-03-04,4.23,OZ,2,3.08
2146364960,101,99,9908,103338333,33170,2013-03-24,16,OZ,2,4.98
2146368290,101,12,1205,108000080,17292,2013-01-23,5,OZ,2,1.58
2146368290,101,9,907,107130575,11013,2013-02-12,16,OZ,1,2.99
2146368804,101,0,0,10000,0,2012-08-31,0,,1,2.29
2146376984,65,81,8101,101230010,15736,2012-04-12,1,CT,1,5.39
2146379040,70,57,5703,1072543979,28494,2012-06-08,6,OZ,7,6.65
2146399879,70,4,419,104118646,671,2013-02-09,4.67,OZ,2,3.98
2146408392,89,33,3305,102840020,5141,2012-05-24,11.5,OZ,1,3.29
2146408392,89,8,807,101340919,17823,2012-10-27,18,OZ,4,4
2146415425,89,27,2704,107910070,27108,2012-03-22,5.6,OZ,1,3.99
2146432810,12,63,6315,101111010,85048,2012-10-14,64,OZ,1,2.59
2146438854,140,16,1604,107339070,11515,2012-06-22,15,CT,1,1.69
2146449658,191,9,918,101410010,13791,2012-12-21,5,OZ,2,5
2146449658,191,10,1011,104300040,26232,2013-02-16,15.5,OZ,1,2.49
2146449658,191,72,7205,103700030,4294,2013-06-15,0.85,OZ,2,3.98
2146451524,12,57,5706,107527070,12031,2012-06-21,32,OZ,1,2.99
2146475181,96,53,5305,102000020,7655,2012-03-09,9,OZ,1,2
2146475181,96,64,6401,1078615070,17345,2012-05-03,22.4,OZ,4,9.96
2146476096,96,9,907,107632373,13281,2012-10-05,12,OZ,1,1.99
2146476096,96,0,0,10000,0,2013-01-25,0,,1,0
2146476219,96,63,6320,1071514171,25530,2012-03-08,12,CT,1,4.19
2146476219,96,27,2713,101780010,30972,2012-05-11,10,OZ,5,8.75
2146516676,206,17,1726,104460040,3718,2012-06-23,35,CT,1,2.98
2146516676,206,99,9908,103338333,33170,2012-06-23,16,OZ,3,4.14
2146517684,206,5,516,101600010,12426,2012-03-30,6,OZ,1,3.48
2146517684,206,37,3711,105100050,2820,2012-06-01,10.75,OZ,3,5.22
2146517684,206,36,3604,107800070,2829,2012-06-03,144,OZ,1,4.44
2146517684,206,10,1011,104300040,26232,2012-06-10,19.5,OZ,1,3.58
2146518521,206,36,3628,101200010,12029,2012-07-29,67.6,OZ,2,3.96
2146608470,14,26,2633,102113020,15704,2013-01-05,4,RL,1,3.79
2146880225,233,45,4508,109477696,19842,2012-06-12,16,OZ,2,13.98
2146880225,233,5,501,1088491282,16363,2012-08-25,18,OZ,1,3.87
2146880225,233,63,6315,104148343,9547,2012-11-04,64,OZ,1,1.79
2146919689,134,2,214,101121313,17040,2012-04-09,40,OZ,1,3.29
2147168385,21,4,407,103400030,18947,2012-03-11,17.6,OZ,1,1.88
2147168385,21,9,901,104400040,3453,2012-07-26,14,OZ,1,3.49
2147168385,21,28,2804,10930090,12157,2012-09-14,12,OZ,1,2.29
2147169882,21,9,901,103010030,9530,2012-04-01,12,OZ,1,3.29
2147169882,21,58,5827,104119040,16347,2012-04-27,16,OZ,1,3.49
2147169882,21,55,5558,104767747,18946,2012-09-09,11.4,OZ,1,4.99
2147169882,21,3,311,105150050,14029,2012-09-23,15.6,OZ,2,3.58
2147169882,21,63,6321,104082242,15667,2012-11-26,10,OZ,1,4.29
2147169882,21,10,1004,107239272,12247,2012-12-30,6.25,OZ,1,1.25
2147169907,21,73,7302,1031284333,1500,2012-07-22,100,CT,1,5.99
2147193898,101,3,305,1068826767,7173,2012-08-12,16,OZ,1,0.69
2147193898,101,96,9609,1055100050,88199,2013-01-18,0,,1,-1.25
2147194596,77,56,5615,107078474,18552,2012-12-13,8,OZ,4,9.81
2147194596,77,99,9908,103338333,287,2013-02-16,80,OZ,1,1.97
2147203472,70,9,920,103010030,9530,2012-04-02,11,OZ,1,2.6
2147209148,68,4,417,103400030,15113,2013-04-09,2.8,OZ,2,3.29
2147228167,83,26,2634,104200040,14813,2012-04-09,12,RL,1,8.29
2147231723,143,9,907,101111010,9907,2012-10-07,12,OZ,1,0.88
2147231723,143,63,6313,1061611262,23016,2013-01-26,7,OZ,1,1
2147231723,143,9,907,101111010,9907,2013-02-23,12,OZ,1,1
2147231723,143,29,2905,103620030,14868,2013-03-10,14,OZ,1,1.79
2147231723,143,9,920,101111010,9907,2013-05-18,11,OZ,1,2.29
2147245597,98,54,5401,101111010,9907,2012-03-21,12.3,OZ,1,1.69
2147245597,98,29,2914,102100020,9886,2013-05-15,7.25,OZ,2,3.3
2147271808,140,63,6315,101111010,16706,2012-09-03,128,OZ,1,2.79
2147298038,96,33,3305,102840020,5141,2012-04-29,1.25,OZ,1,0.5
2147298038,96,63,6319,107654575,17876,2012-07-17,128,OZ,2,4
2147298455,96,21,2112,102800020,56490,2013-04-12,64,OZ,2,5
2147299062,96,3,302,102800020,30272,2012-12-06,12,OZ,1,2.25
2147299711,96,9,907,103003434,7175,2012-08-10,20,OZ,3,2.67
2147299711,96,21,2118,1061300868,867,2013-02-07,23,OZ,1,0.99
2147299738,96,30,3006,107110070,8280,2012-09-25,16,OZ,1,1.99
2147299738,96,8,811,102682525,7171,2012-11-19,24,OZ,2,11.58
2147299738,96,63,6315,103003434,7175,2013-01-06,16,OZ,5,4.95
2147299738,96,0,0,10000,0,2013-02-15,0,,1,0
2147299881,96,53,5307,103003434,7175,2012-05-21,12,OZ,1,1.79
2147299881,96,9,907,101122515,19197,2012-07-31,16,OZ,1,0.79
2147299881,96,2,214,103003434,7175,2012-10-04,32,OZ,1,2.5
2147299881,96,10,1013,102400020,4704,2013-02-24,16,OZ,5,10
2147299881,96,29,2914,102100020,9886,2013-03-16,8.2,OZ,1,3.99
2147303658,214,21,2114,107587979,66550,2013-02-26,4,OZ,1,0.88
2147303658,214,14,1404,101480010,12021,2013-03-06,24,OZ,1,1.96
2147312781,214,56,5617,104122040,23511,2012-07-01,16,OZ,1,2.88
2147317409,214,99,9904,103338333,33170,2013-04-15,32,OZ,1,1.97
2147334167,206,23,2301,107173070,12706,2012-05-31,8,OZ,2,3.16
2147370573,46,49,4901,104125040,11473,2013-01-25,32,OZ,1,2.69
2147427702,3,18,1842,101117111,2615,2012-03-22,1,CT,1,0
2147427702,3,29,2925,101740010,11011,2012-08-28,80,OZ,1,7.49
2147428120,88,59,5902,105820050,10786,2012-07-29,16,OZ,1,3.99
2147453200,15,32,3202,102113020,15704,2012-11-04,48,OZ,1,3.79
2147471595,360,63,6311,1082415080,22328,2012-05-20,16,OZ,2,7.98
2147957064,85,9,907,107225070,12465,2012-04-14,20,OZ,1,3.19
2147964475,240,30,3010,104133545,43106,2012-04-14,16,OZ,1,2
2147981294,101,4,410,10100010,15704,2012-03-30,16,OZ,1,0
2147981294,101,9,907,1068826767,81691,2012-06-15,16,OZ,1,1.5
2147993960,69,81,8101,104330040,11799,2012-04-23,1,CT,3,14.07
2147993960,69,44,4404,103582636,6564,2012-09-13,14,OZ,1,2.79
2147993960,69,63,6323,1081547383,2199,2013-01-10,32,OZ,1,2.35
2147996737,68,31,3101,103582636,6564,2013-07-17,1.4,OZ,1,2.14
2148003847,64,27,2702,107119070,23292,2012-03-08,14,LB,1,16.99
2148003847,64,5,501,101600010,18781,2012-03-17,10.7,OZ,1,3.49
2148003847,64,56,5616,103582636,6564,2012-07-24,8,OZ,1,2.01
2148003847,64,33,3350,102620020,16611,2012-11-08,0.97,OZ,1,1.19
2148004523,64,36,3628,1072543979,40679,2012-10-10,144,OZ,1,2
2148004523,64,58,5827,103582636,6564,2013-01-26,16,OZ,1,3.89
2148004523,64,81,8115,104878949,4913,2013-02-12,1000,CT,1,1.79
2148009913,165,17,1726,107203676,7953,2013-05-04,75,CT,1,3.74
