4357505963,48,32,3202,107224878,26188,2013-03-11,8.45,OZ,1,9.79
4357515908,388,4,416,104000040,26517,2013-05-08,3.27,OZ,1,1.59
4357515917,388,7,707,104300040,11339,2013-05-24,11,OZ,1,5.49
4357535466,390,9,920,102840020,12186,2013-02-21,1.38,OZ,2,1.18
4357563155,390,6,610,1061126969,15041,2013-02-04,8.4,OZ,2,4
4357574626,389,81,8101,102820020,11186,2013-05-09,1,CT,2,9.08
4357579458,393,95,9518,1072047373,7848,2013-05-23,1,CT,1,0.99
4357584153,391,34,3499,104902242,17495,2013-06-08,1,CT,1,2.49
4357618123,398,34,3405,104184040,20187,2013-01-07,4.25,OZ,1,0.79
4357618123,398,35,3509,102420020,14716,2013-01-07,50,OZ,1,2.99
4357622788,389,0,0,10000,0,2013-03-20,0,,2,0
4357627402,399,26,2632,1031191737,95603,2013-03-20,120,CT,2,3.98
4357627402,399,73,7312,1067811262,3668,2013-04-18,0.5,OZ,1,5.99
4357631905,399,64,6408,101834111,1387,2013-04-23,0.75,LT,2,9.98
4357636504,399,36,3628,101200010,12029,2013-02-27,20,OZ,1,1.79
4357644854,399,69,6901,104740040,7196,2013-05-06,4,OZ,1,3.99
4357653233,399,71,7107,107124979,21913,2013-05-26,1,CT,1,6.99
4357678092,399,16,1604,107339070,11515,2013-04-03,15,CT,1,0.99
4357684257,399,79,7902,1074948575,44232,2013-05-28,0,,1,1.5
4357685911,399,21,2119,1061300868,867,2013-03-05,23,OZ,1,0.99
4357692254,399,33,3310,104902242,22148,2013-04-22,7,OZ,1,1.99
4357714226,399,92,9211,10360734636,15297,2013-05-04,0.41,OZ,1,3.49
4357716710,399,71,7113,105233656,26006,2013-01-23,4.3,OZ,2,4.98
4357716892,399,0,0,10000,0,2013-03-26,0,,3,0
4357717347,393,95,9517,1079590272,7848,2012-11-16,1,CT,2,1.98
4357719829,399,72,7205,1031015838,16196,2013-01-08,0.8,OZ,1,1.79
4357740065,399,36,3611,104902242,22148,2013-05-31,405.6,OZ,1,3.99
4357747413,399,18,1831,1081052181,22706,2013-05-28,1,CT,1,1.99
4357749559,399,4,417,103400030,15113,2013-05-04,4,OZ,1,1
4357757111,399,26,2628,104902242,95603,2013-01-09,6,RL,1,4
4357765542,399,96,9609,1051284353,88199,2013-02-15,0,,1,-1
4357768542,399,63,6305,101630010,6509,2013-02-25,33.8,OZ,1,2.09
4357773666,399,72,7203,1031254737,10554,2013-04-26,33.8,OZ,1,5.49
4357775591,392,4,421,107097070,56002,2013-04-02,5,OZ,1,1.49
4357776843,398,26,2613,103600030,8583,2013-02-28,15,CT,1,10.49
4357798104,398,18,1829,1081052181,22706,2013-01-05,1,CT,3,5.97
4357800195,398,0,0,10000,0,2013-01-20,0,,1,0
4357801353,398,0,0,10000,0,2013-02-09,0,,2,0
4357802226,398,9,901,105492454,36580,2012-11-30,16,OZ,1,3.79
4357802226,398,63,6312,102500020,16487,2012-12-03,13.5,OZ,1,1.29
4357802989,398,71,7113,102279626,13267,2012-11-25,13,OZ,4,15.49
4357802989,398,69,6901,102220020,17067,2012-12-05,2.3,OZ,2,4.19
4357809293,398,71,7107,1060308464,7034,2012-12-08,1,CT,1,5.99
4357809453,398,0,0,10000,0,2013-03-18,0,,2,0
4357809453,398,36,3611,104900040,4599,2013-04-29,20,OZ,1,0.99
4357810308,398,26,2620,104902242,22148,2012-11-21,72,CT,1,5
4357810374,398,36,3601,104900040,3809,2013-02-13,59.2,OZ,2,1.98
4357810402,398,0,0,10000,0,2013-05-16,0,,1,0
4357811758,398,26,2633,104902242,22148,2013-03-19,6,RL,2,5
4357812077,398,32,3202,104902242,22148,2013-03-30,24,OZ,1,2.79
4357814445,398,74,7402,105100959,1372,2012-12-29,10,OZ,1,1.29
4357814893,398,4,418,103400030,44358,2013-05-09,4,OZ,1,1.49
4357815719,398,73,7345,1034138333,1535,2012-12-17,30,CT,1,8.29
4357816287,398,69,6901,107940070,17521,2013-03-03,6,OZ,1,3.89
4357817038,398,26,2613,103700030,13481,2012-12-19,27,CT,1,9.44
4357818854,398,0,0,10000,0,2012-12-24,0,,2,0
4357824109,393,73,7309,104110040,32041,2012-11-21,4.1,OZ,1,8.49
4357824732,393,97,9799,1071812272,6363,2012-11-25,1,CT,1,4.49
4357839238,398,96,9609,1053700050,88199,2012-11-21,0,,1,-2
4357840503,393,92,9210,1030099737,15219,2013-05-19,1,OZ,1,9.99
4357860479,393,4,417,102800020,54992,2013-02-20,3.5,OZ,1,0.79
4357864325,393,33,3315,104902242,22148,2013-01-05,1.5,OZ,6,5.94
4357864325,393,33,3350,104902242,22148,2013-03-14,3.25,OZ,1,4.79
4357885303,393,0,0,10000,0,2013-05-30,0,,1,0
4357918916,393,27,2712,104902242,13897,2012-11-19,1,CT,1,5.99
4357934044,393,0,0,10000,0,2012-11-29,0,,4,0
4357934044,393,4,421,107172070,18529,2013-03-02,7.5,OZ,2,2
4357949786,393,33,3316,101600010,3397,2013-05-07,8.75,OZ,1,1.99
4357979105,392,92,9204,109950090,27382,2013-02-18,0.5,OZ,1,1.99
4357988225,392,75,7520,104902242,17495,2013-01-15,240,CT,1,4.99
4358003745,388,63,6315,101436919,31200,2013-02-25,64,OZ,1,1.99
4358007149,392,75,7520,104902242,17495,2012-12-04,80,CT,1,3.99
4358032102,391,9,901,104902242,86214,2013-02-15,8.9,OZ,2,2
4358044592,392,4,416,103400030,56438,2013-05-27,1.6,OZ,1,1
4358046706,392,0,0,10000,0,2012-11-15,0,,2,0
4358076341,392,0,0,10000,0,2013-03-16,0,,1,0
4358095566,392,73,7304,1031191737,19572,2013-02-15,30,CT,1,9.79
4358139585,392,0,0,10000,0,2012-12-16,0,,1,0
4358152755,392,26,2632,103700030,13481,2013-03-20,72,CT,1,3.49
4358177516,390,26,2628,104902242,18859,2012-12-28,1,RL,2,1.98
4358186307,391,26,2606,104902242,22148,2013-04-08,100,CT,1,1.39
4358192211,391,72,7212,104698545,14775,2013-01-15,0.02,OZ,1,11.99
4358206878,391,26,2629,104902242,22148,2013-02-08,100,CT,1,1.59
4358206878,391,4,416,103400030,8247,2013-06-18,1.45,OZ,1,0.5
4358211723,391,35,3504,103700030,4628,2013-03-21,24,OZ,1,3.75
4358234357,389,4,419,104176141,82270,2013-02-13,6.8,OZ,8,27.12
4358234357,389,4,410,107339070,23682,2013-04-15,3.3,OZ,1,1.27
4358234357,389,63,6315,107036070,11372,2013-06-15,128,OZ,1,3.89
4358244518,391,92,9204,109950090,27382,2013-05-29,0.5,OZ,1,1.99
4358256903,391,36,3612,104902242,22148,2013-05-22,128,OZ,1,1.29
4358262751,391,73,7329,1031191737,19572,2013-01-08,90,CT,2,37.48
4358266033,391,0,0,10000,0,2013-02-26,0,,4,0
4358269001,391,0,0,10000,0,2012-12-19,0,,2,0
4358269001,391,4,416,103400030,8247,2013-03-01,1.44,OZ,1,0.66
4358288549,389,75,7501,1030813737,1121,2013-01-02,2.5,OZ,1,2.99
4358296102,390,63,6315,107523777,2441,2012-12-22,128,OZ,1,4.49
4358296102,390,71,7113,108087888,13505,2013-05-26,12.6,OZ,2,6
4358306041,390,36,3611,104900040,4599,2013-06-07,20,OZ,1,1.69
4358320413,390,36,3630,107800070,5208,2012-11-09,67.6,OZ,1,1.25
4358323614,389,4,418,104902242,62202,2012-12-05,6,OZ,1,2.69
4358323614,389,81,8101,102720020,13461,2013-02-19,1,CT,6,23.04
4358342376,390,73,7307,104116747,30343,2013-02-05,12,CT,3,40.47
4358368385,390,79,7903,107244070,13776,2012-11-16,1,CT,1,4.79
4358368385,390,95,9518,1072047373,7848,2013-02-04,1,CT,2,7.18
4358373239,390,21,2119,101200010,10522,2013-05-13,24,OZ,1,0.84
4358373239,390,92,9211,104155444,11347,2013-05-27,0.01,OZ,2,10.83
4358385821,390,0,0,10000,0,2013-05-24,0,,1,0
4358393604,389,35,3504,103700030,4628,2013-03-22,9,OZ,1,1.19
4358442127,389,0,0,10000,0,2012-12-09,0,,4,0
4358442127,389,79,7901,107485171,10943,2013-01-30,1,CT,1,3.25
4358446426,389,73,7361,1031191737,19572,2012-12-13,1,CT,1,6.99
4358456223,389,26,2630,103600030,9787,2013-01-13,70,CT,1,1.49
4358456223,389,72,7203,1071413272,27615,2013-03-16,16.9,OZ,1,7.99
4358458361,389,0,0,10000,0,2013-02-27,0,,1,0
4358462403,389,69,6904,104902242,17495,2013-06-11,10,OZ,1,5.79
4358499946,398,58,5823,104470040,13310,2013-04-16,6,OZ,1,2.99
4358582313,396,97,9799,101501212,7848,2013-03-27,1,CT,1,2
4358583568,396,64,6408,108500080,1387,2013-05-10,0.75,LT,1,5.99
4358614146,394,21,2108,102800020,56490,2012-12-18,64,OZ,1,2.79
4358654832,394,0,0,10000,0,2013-01-06,0,,2,0
4358662217,397,36,3611,104902242,22148,2012-11-28,405.6,OZ,1,3.99
4358683121,397,4,418,103400030,45489,2013-03-02,9.4,OZ,1,3.5
4358717094,397,81,8101,102820020,11186,2013-03-30,1,CT,2,10.79
4358717094,397,81,8101,102820020,11186,2013-06-07,1,CT,2,10.78
4358724507,397,75,7533,1031191737,19572,2013-03-23,4,CT,1,2.99
4358745371,394,73,7344,103700030,14466,2013-03-29,42,CT,1,25.99
4358761668,396,96,9609,1054116757,88199,2012-11-16,0,,2,-4
4358761668,396,63,6305,104850040,18799,2013-01-24,59,OZ,1,2.97
4358765051,396,6,610,107084777,11910,2012-12-08,24,OZ,1,3.29
4358765051,396,72,7210,1031015838,14214,2013-03-28,2.4,OZ,1,5.79
4358783267,396,0,0,10000,0,2013-04-17,0,,1,0
4358793916,396,92,9215,1060308464,7034,2013-01-25,2.5,OZ,1,6.74
4358795195,391,0,0,10000,0,2013-03-28,0,,1,0
4358835756,396,0,0,10000,0,2013-05-25,0,,2,0
4358856921,396,33,3350,102620020,16611,2013-01-27,0.97,OZ,1,1.18
4358862703,396,0,0,10000,0,2013-04-03,0,,2,0
4358867584,396,71,7107,107124979,21913,2013-05-18,1,CT,1,9.99
4358873052,396,17,1726,101920010,10882,2013-03-29,35,CT,1,3.99
4358876544,396,0,0,10000,0,2013-05-27,0,,2,0
4358902597,396,0,0,10000,0,2012-11-18,0,,1,0
4358902597,396,92,9208,104319444,16067,2012-11-24,18,CT,1,1.69
4358911628,395,0,0,10000,0,2012-11-09,0,,2,0
4358930496,395,18,1813,105113151,19770,2012-12-09,4,RL,1,2.99
4358930496,395,26,2632,103600030,8583,2013-01-15,184,CT,1,7.79
4358949086,394,72,7205,103700030,4294,2012-11-09,5.8,OZ,1,5.49
4358996323,395,69,6901,1088348484,17764,2013-03-29,2.6,OZ,1,1.69
4359000629,395,33,3307,104902242,22148,2013-02-20,10,OZ,2,7
4359007334,395,17,1708,104902242,8403,2013-01-09,1.7,OZ,2,3.58
4359008221,394,18,1837,104650040,14869,2013-02-08,4,CT,2,6.78
4359008221,394,26,2633,104902242,90400,2013-05-14,4,RL,2,4.03
4359015981,394,4,407,104136444,23962,2012-11-09,16,OZ,1,2.49
4359018696,395,96,9609,1051700050,88199,2013-03-18,0,,3,-1.7
4359055117,394,81,8101,101230010,15736,2012-12-29,1,CT,2,10.92
4359059865,394,34,3411,101111111,2966,2013-02-13,18,OZ,1,4.99
4359077739,394,69,6901,1030099737,11804,2013-05-10,2.7,OZ,1,1.99
4359078517,394,37,3706,104119646,14582,2013-06-18,18.5,OZ,1,2.99
4359079243,394,33,3312,103700030,14494,2012-11-24,5.71,OZ,1,2.29
4359083074,394,4,416,104000040,26517,2012-12-02,1.69,OZ,1,0.94
4359162155,387,51,5115,107192171,18492,2013-05-03,22.85,OZ,1,8.79
4359167129,389,9,908,1087575484,1486,2013-01-14,26.2,OZ,1,1.48
4359167129,389,9,907,104902242,22148,2013-05-04,16,OZ,2,2.06
4359176325,389,0,0,10000,0,2012-11-21,0,,2,0
4359185632,388,63,6315,101436919,31200,2013-03-13,128,OZ,1,3.49
4359216405,391,69,6901,102220020,17067,2013-03-21,2,OZ,1,1
4359221333,389,16,1604,102200020,13228,2012-11-25,14,CT,2,1.38
4359221333,389,34,3411,104902242,17495,2013-02-08,24,OZ,1,5.99
4359236912,393,73,7307,104110040,3614,2013-04-25,30,CT,1,18.99
4359254064,399,33,3310,102840020,15671,2012-11-10,4.5,OZ,1,2
4359277023,399,27,2713,102310020,3223,2013-02-26,3.5,OZ,5,5
4359285516,399,0,0,10000,0,2013-05-31,0,,5,0
4359287236,399,63,6315,104148343,9547,2012-11-25,64,OZ,1,2.19
4359287236,399,9,908,107203070,5812,2012-12-04,14,OZ,1,6.29
4359308218,399,96,9609,1053700050,88199,2012-12-31,0,,4,-1.5
4359320821,399,69,6901,103700030,16139,2012-12-31,2.6,OZ,2,7
4359320821,399,71,7107,1081613282,95225,2013-05-04,1,CT,1,9.99
4359325796,399,56,5607,104902242,22148,2013-01-01,8,OZ,1,1.29
4359325796,399,33,3307,104902242,22148,2013-03-20,10.3,OZ,1,3.99
4359345547,399,71,7113,108087888,13505,2013-05-13,10.2,OZ,1,6.99
4359348900,392,36,3635,107478070,13856,2013-05-08,16.9,OZ,1,1.59
4359375698,399,72,7210,107666070,6414,2013-01-22,0.75,OZ,1,2.49
4359380682,399,74,7402,1084105888,16559,2013-01-20,7,OZ,1,2.99
4359384379,399,9,921,102430020,10577,2013-04-16,2.2,OZ,1,0.42
4359394166,398,17,1719,104902242,22148,2013-05-01,16,OZ,1,5.49
4359394901,398,26,2631,1031191737,19572,2013-06-07,48,CT,2,10
4359398294,398,92,9208,104319444,16067,2013-04-20,6,CT,1,2.79
4359398294,398,4,419,104000040,5168,2013-04-25,1.16,OZ,1,0.99
4359400544,398,37,3703,105100050,2820,2013-05-21,10.75,OZ,1,0.89
4359404839,398,4,416,103400030,8247,2012-12-09,1.45,OZ,1,0.59
4359406303,398,28,2805,104133141,7531,2013-03-29,7,OZ,1,1.5
4359406303,398,64,6409,108469282,19059,2013-06-18,0.75,LT,1,7.49
4359408925,398,22,2210,109558797,17523,2012-12-03,28.7,OZ,1,1.89
4359408925,398,92,9214,104902242,17495,2013-02-02,25,CT,1,4.79
4359409069,398,0,0,10000,0,2013-04-10,0,,2,0
4359414400,398,9,970,103800030,62065,2013-04-08,14.7,OZ,2,5.38
4359417348,398,92,9204,1087801888,48086,2013-01-02,0.5,OZ,2,5
4359419104,398,70,7004,104902242,19572,2013-03-28,1,CT,1,15.99
4359420079,388,22,2207,104650040,16355,2013-05-22,22,OZ,1,3.49
4359421227,398,4,427,103400030,8682,2013-02-28,1.3,OZ,1,2.69
4359425774,398,4,416,103400030,452,2013-04-17,1.61,OZ,1,0.59
4359432262,393,4,417,101070010,11692,2013-03-08,5,OZ,1,1
4359434447,398,5,501,103800030,17050,2013-04-03,11.2,OZ,0,0
4359434447,398,0,0,10000,0,2013-05-09,0,,2,0
4359451526,393,25,2506,105000050,32115,2012-12-20,16,OZ,1,1.79
4359453483,393,81,8101,102820020,11186,2012-12-26,1,CT,3,16.57
4359472497,393,72,7205,103700030,4294,2013-03-05,0.85,OZ,1,0.99
4359472497,393,18,1828,104902242,10623,2013-05-06,3,CT,1,2.99
4359503174,393,95,9518,107000070,7848,2012-11-10,1,CT,2,3.78
4359503174,393,71,7114,107116474,7979,2012-11-13,1.5,OZ,1,3.29
4359504943,389,5,501,103800030,6790,2013-06-17,8.7,OZ,1,3.99
4359545237,393,0,0,10000,0,2013-05-31,0,,1,0
4359560577,391,18,1842,104178545,12907,2013-04-24,1,CT,1,4.49
4359637085,392,21,2118,1061300868,867,2012-12-13,23,OZ,3,2.97
4359638820,391,73,7303,1078148575,20348,2012-11-27,3,OZ,1,7.99
4359648394,392,63,6315,107280474,31082,2013-05-20,64,OZ,1,1.99
4359685122,392,92,9211,107124979,21913,2013-06-01,0.33,OZ,1,9.34
4359705504,392,0,0,10000,0,2012-12-03,0,,8,0
4359710570,392,36,3618,104900040,23359,2013-06-08,67.6,OZ,1,1.25
4359716301,392,0,0,10000,0,2013-04-30,0,,4,0
4359728823,391,16,1604,101254616,18738,2013-04-20,18,CT,1,0.99
4359734213,389,0,0,10000,0,2012-12-18,0,,2,0
4359740000,391,72,7203,104116747,193,2012-11-16,18,OZ,1,2.54
4359740000,391,74,7407,104740040,7196,2013-02-09,2,CT,1,9.99
4359756804,391,0,0,10000,0,2013-03-15,0,,3,0
4359767198,389,18,1829,1081623787,13630,2013-01-26,3,CT,1,5.99
4359769472,389,36,3632,104900040,6137,2013-01-12,12,OZ,1,1.01
4359812718,391,9,902,104400040,18775,2013-03-15,9,OZ,1,3.79
4359844619,389,75,7507,107050171,12554,2012-11-10,6,OZ,1,6.79
4359852548,389,81,8101,102820020,11186,2013-03-24,1,CT,2,11.26
4359883449,390,36,3634,1078616272,7237,2013-06-08,20,OZ,1,1.27
4359886095,390,97,9799,102316727,5507,2013-03-28,1,CT,1,0.69
4359909675,390,0,0,10000,0,2012-12-07,0,,8,0
4359974665,389,75,7507,107346272,17382,2013-05-13,5.5,OZ,2,21.24
4359974665,389,69,6901,107940070,4696,2013-06-09,1.6,OZ,1,0.85
4359996489,389,95,9518,1072047373,7848,2013-02-05,1,CT,2,5.58
4359997073,389,67,6702,1031191737,19572,2012-11-10,22,OZ,1,3.49
4359997073,389,4,410,102800020,20031,2013-02-02,12,OZ,2,7.58
4360049275,389,72,7203,1031191737,19572,2013-02-03,8.5,OZ,1,2.79
4360049275,389,81,8101,102820020,11186,2013-02-10,1,CT,1,5.78
4360097562,395,0,0,10000,0,2013-03-17,0,,3,0
4360107091,394,16,1604,107339070,11515,2013-05-12,15,CT,1,1.99
4360112101,396,26,2630,104902242,22148,2012-12-18,100,CT,4,4
4360155683,397,75,7501,1030813737,1121,2013-01-26,18,OZ,1,11.49
4360159549,394,4,419,107726070,15624,2013-04-12,10,OZ,1,8.99
4360163908,397,33,3304,102840020,6777,2012-11-25,4.63,OZ,1,1.27
4360170696,397,72,7205,103320030,25445,2012-12-05,6,OZ,2,3.98
4360178246,397,73,7304,1036382434,12163,2013-03-21,20,CT,1,13.99
4360214532,397,18,1841,104902242,22148,2013-03-28,16,CT,1,2.79
4360230821,397,63,6315,104127141,12927,2012-12-03,128,OZ,1,3.99
4360231583,397,63,6315,1074236575,8499,2012-12-26,64,OZ,1,4.49
4360234579,397,4,410,104902242,33170,2013-02-09,1.58,OZ,1,0.84
4360234579,397,92,9206,10360734636,22316,2013-03-27,0.38,OZ,1,0.85
4360234579,397,33,3308,102840020,3336,2013-03-30,3.75,OZ,1,1.27
4360234579,397,36,3611,104902242,22148,2013-05-26,405.6,OZ,1,1.59
4360237489,397,73,7302,1031191737,19572,2012-12-06,40,CT,1,6.99
4360241563,397,0,0,10000,0,2013-01-28,0,,1,0
4360241563,397,97,9786,1080511282,3076,2013-02-10,1,CT,1,12.99
4360276347,396,0,0,10000,0,2012-12-15,0,,1,0
4360290883,396,0,0,10000,0,2013-01-25,0,,1,0
4360301791,396,79,7901,1072527474,45636,2012-11-26,1,CT,1,2.99
4360301791,396,26,2633,104902242,22148,2013-03-29,6,RL,1,3.49
4360313734,396,73,7308,1036382434,3204,2012-12-09,4,CT,1,0.5
4360362645,396,96,9609,1053700050,88199,2013-04-24,0,,1,-1
4360370967,396,26,2634,103700030,3293,2013-06-06,6,RL,1,3.49
4360455114,395,34,3402,107215171,6693,2013-01-14,6,OZ,1,4.19
4360498997,395,9,901,104902242,22148,2013-04-16,3,OZ,1,1
4360556844,394,36,3618,104900040,23359,2012-12-08,20,OZ,1,1.44
4360556844,394,36,3618,104900040,23359,2013-03-11,20,OZ,1,1.52
4360565916,394,70,7001,1031191737,19572,2013-04-06,32,OZ,2,6.38
4360941644,285,8,814,104156545,13412,2013-03-02,24,OZ,1,2.59
4361069742,24,63,6315,1071754474,24625,2012-12-11,128,OZ,2,6.89
4361078936,377,9,922,103881737,4444,2013-02-23,12,OZ,1,2.19
4361569724,508,5,501,101600010,3331,2012-11-28,14,OZ,1,2.84
4361758585,507,63,6315,108523989,11176,2013-03-28,128,OZ,2,6.06
4361918752,507,5,501,101600010,3396,2013-05-19,13.8,OZ,1,3.51
4361990907,508,5,516,103000030,14760,2012-12-15,6.7,OZ,1,2.19
4362091599,508,41,4108,103940030,71386,2012-11-18,16,OZ,2,1.94
4362091599,508,58,5824,107778272,9260,2013-05-19,19,OZ,1,3.98
4362107047,508,18,1802,104316848,25919,2012-12-01,4,CT,1,1.77
4362107047,508,69,6901,101700010,15288,2013-05-31,2.6,OZ,2,6.26
4362202000,510,36,3611,104900040,4599,2012-12-09,20,OZ,2,3.08
4362437880,278,5,504,109742191,22339,2013-02-03,1.94,OZ,5,5
4362468422,205,8,805,104150040,6714,2013-04-23,10,OZ,1,1.89
4362543705,101,33,3312,103700030,14494,2012-11-13,6.38,OZ,1,1.34
4362543884,101,33,3307,101411313,23033,2013-01-27,7,OZ,1,2.99
4362657970,191,91,9127,108218484,9031,2013-03-22,0.75,LT,1,18.99
4362657970,191,30,3006,104300040,7467,2013-04-07,8,OZ,2,3.58
4362663846,215,62,6201,108784888,6560,2013-07-11,12,OZ,1,2.79
4362817729,46,9,917,104128949,1158,2013-02-11,16,OZ,1,1.89
4362862446,46,33,3305,1071928373,11473,2013-06-28,12.5,OZ,2,4
4362875828,46,64,6401,107199070,2034,2013-04-08,72,OZ,1,8.39
4362883143,46,0,0,10000,0,2013-03-11,0,,-1,-0.75
4362883143,46,18,1822,103700030,6236,2013-06-17,27,OZ,1,4.99
4362885274,46,63,6315,104125040,11473,2013-05-19,128,OZ,2,5
4362887995,46,41,4107,102400020,4704,2013-06-15,8,OZ,3,2.52
4362903540,4,51,5126,1073891272,2225,2012-12-21,14.5,OZ,2,7
4362910033,95,72,7205,103320030,875,2013-02-04,6,OZ,1,1.99
4362960843,388,96,9632,1046600343,53423,2012-11-29,1,CT,1,25
4362986637,390,36,3627,104900040,23363,2013-05-04,20,OZ,1,1.5
4363019011,398,97,9745,104902242,13775,2012-12-01,280,CT,1,2.49
4363023641,398,34,3405,104902242,90400,2013-05-19,12,OZ,1,4.99
4363045348,399,21,2116,104902242,95603,2012-12-13,40.5,OZ,1,1
4363087652,399,17,1719,101920010,10882,2013-05-07,1,OZ,1,3.49
4363093719,399,22,2201,104460040,3718,2013-05-26,30,OZ,1,1.99
4363104240,399,26,2628,104902242,22148,2013-04-28,1,RL,1,0
4363113216,399,0,0,10000,0,2013-02-23,0,,1,0
4363114689,399,71,7102,1031191737,99466,2013-04-28,20,OZ,1,3.99
4363122562,399,33,3302,107615070,194,2013-01-22,8.25,OZ,1,2.79
4363124628,399,92,9208,104319444,16067,2013-06-07,6,CT,0,0
4363129110,399,35,3509,107261373,401,2012-12-31,50,OZ,1,6.99
4363137701,399,4,416,103400030,15113,2012-12-13,1.2,OZ,1,0.79
4363142772,393,0,0,10000,0,2013-02-08,0,,2,0
4363142772,393,4,419,1074759979,7168,2013-05-28,3.5,OZ,4,10
4363143760,398,4,418,104000040,16765,2013-04-16,4.4,OZ,1,1.49
4363152124,393,36,3611,104902242,28866,2013-06-03,33.8,OZ,2,1.7
4363152124,393,5,504,1072225272,3695,2013-06-08,2.4,OZ,1,1.35
4363162859,393,0,0,10000,0,2013-02-14,0,,4,0
4363178373,393,73,7356,1032420838,1488,2013-06-04,50,CT,2,25.48
4363205602,393,34,3403,101700010,4912,2012-11-28,12,OZ,1,3.29
4363207611,393,0,0,10000,0,2013-06-15,0,,1,0
4363217513,398,5,501,103800030,24525,2013-05-12,15.3,OZ,1,2.5
4363220878,398,0,0,10000,0,2013-03-30,0,,1,0
4363221458,398,4,419,104000040,5168,2013-01-19,1.16,OZ,2,1.18
4363225063,398,36,3601,104900040,3809,2013-03-12,59.2,OZ,1,0
4363250062,393,21,2119,1061300868,867,2012-12-21,23,OZ,6,2.22
4363265880,393,92,9214,1030813737,1121,2013-03-17,25,CT,1,4.24
4363282966,389,55,5552,107189979,2010,2012-12-09,64,OZ,1,4.99
4363349460,392,4,412,101900010,10421,2013-01-05,6.25,OZ,1,1.99
4363431609,391,0,0,10000,0,2012-12-31,0,,3,0
4363433804,391,4,421,102200020,16565,2013-04-08,3.5,OZ,2,1.48
4363468107,391,56,5617,104902242,22148,2012-11-11,12,OZ,2,3
4363479615,391,0,0,10000,0,2012-12-12,0,,3,0
4363489377,391,4,416,103400030,9739,2013-05-27,1.5,OZ,1,1.09
4363523641,391,0,0,10000,0,2013-05-02,0,,2,0
4363546038,391,18,1898,103980030,5782,2013-01-20,4,CT,0,0
4363553919,391,97,9731,1088614484,5000,2012-11-27,1,CT,1,4.99
4363577092,389,0,0,10000,0,2013-06-06,0,,2,0
4363579396,390,73,7310,103160434,12423,2012-12-23,30,CT,2,18.23
4363595749,390,27,2702,101780010,30972,2013-03-18,3.5,LB,1,5.49
4363595749,390,51,5126,101380010,27474,2013-05-07,12,OZ,1,2.79
4363606172,390,75,7515,104116747,4117,2013-01-04,2,OZ,1,9.99
4363621529,390,73,7308,1031254636,7853,2013-01-05,25,CT,1,1.99
4363621529,390,18,1828,104650040,7249,2013-05-26,0.67,OZ,1,4.49
4363642753,390,35,3504,103500030,13470,2012-11-20,10,OZ,1,1.29
4363642753,390,9,908,104902242,22148,2013-05-18,4.5,OZ,1,1.29
4363682584,389,72,7205,1031015838,16196,2012-12-19,4,OZ,2,9.64
4363703332,389,33,3307,104157040,2017,2013-05-11,6,OZ,2,3.99
4363732122,389,78,7801,107420070,10310,2013-05-21,1,CT,1,1.74
4363749485,394,96,9609,1057124959,88199,2013-05-14,0,,2,-4
4363759861,394,9,902,101410010,45039,2013-01-06,6.6,OZ,1,1.99
4363759861,394,16,1604,102200020,20100,2013-03-29,15,CT,1,1.49
4363759861,394,92,9204,109500898,21346,2013-05-29,0.5,OZ,1,8
4363769552,396,0,0,10000,0,2013-04-14,0,,1,0
4363776322,395,71,7110,107940070,1141,2013-06-14,12,OZ,1,5.19
4363791984,397,26,2632,1031191737,19572,2013-04-01,234,CT,1,6.49
4363798460,394,0,0,10000,0,2013-05-04,0,,1,0
4363800703,396,95,9517,104902242,8410,2012-12-22,100,CT,1,2.99
4363802621,397,73,7302,1032586636,384,2012-12-12,80,CT,1,11.99
4363802621,397,34,3410,107682878,19764,2013-04-25,1,OZ,1,2.11
4363832622,397,73,7308,1031254636,7853,2013-01-17,40,CT,1,1.99
4363845608,397,21,2105,105200050,7054,2013-02-26,32,OZ,2,4
4363845608,397,73,7312,1030007838,7120,2013-03-03,0.34,OZ,1,8.49
4363865269,397,26,2614,104902242,19572,2013-02-02,20,CT,2,1.48
4363866580,397,0,0,10000,0,2013-04-07,0,,1,0
4363868434,397,34,3403,103500030,8919,2013-02-07,2.5,OZ,1,1.49
4363871221,397,16,1604,102200020,5558,2013-06-15,18,CT,3,3
4363875691,397,0,0,10000,0,2013-03-22,0,,2,0
4364001092,396,72,7209,104902242,19572,2013-04-06,50,YD,1,1.99
4364077913,395,26,2633,104902242,22148,2013-06-03,12,RL,1,5.99
4364096960,395,92,9204,107417070,15743,2013-03-07,1,CT,1,5.99
4364110424,395,36,3634,1073951070,16807,2013-05-17,20,OZ,1,1.59
4364139881,394,72,7214,101254616,18738,2013-06-14,16,CT,1,0.99
4364156918,394,5,501,103800030,6796,2013-04-14,10.5,OZ,3,5.97
4364191407,394,92,9215,107124979,21913,2013-02-09,1.18,OZ,1,20.49
4364194331,394,29,2914,102100020,19279,2013-05-29,12,OZ,1,2.89
4364195634,394,0,0,10000,0,2012-12-09,0,,2,0
4364214363,394,33,3307,104902242,22148,2013-02-25,10.3,OZ,2,4
4364456731,520,33,3307,101182212,15327,2012-12-14,16,OZ,1,6.99
4364674536,507,33,3305,102840020,18584,2013-03-03,13,OZ,1,3.69
4364724737,508,19,1910,10980090,12851,2013-03-18,13,OZ,1,3.39
4364776217,508,36,3601,104900040,3809,2013-01-21,20,OZ,1,1.69
4364793621,508,9,907,107294575,15878,2013-06-15,20,OZ,1,3.56
4364876833,510,26,2634,103600030,4139,2013-05-22,30,RL,1,17.99
4364991150,509,26,2633,105400050,16048,2013-05-03,24,RL,1,9.42
4365037831,507,9,902,104400040,8463,2012-11-23,14.4,OZ,1,3.14
4365071671,508,97,9753,1049075040,0,2013-03-25,1,CT,1,8.4
4365080618,508,33,3311,102840020,27521,2013-06-02,10.5,OZ,1,4.08
4365139529,510,10,1010,105150050,16728,2013-02-12,20,OZ,1,2.72
4365171131,510,97,9753,1074189575,0,2012-12-26,1,CT,1,4.21
4365171131,510,97,9760,103867535,16024,2013-04-14,1,CT,1,18.89
4365235429,507,51,5125,101380010,10271,2013-03-18,8,OZ,1,2.51
4365273132,509,63,6315,107057878,4256,2013-02-23,64,OZ,1,2.81
4365290993,510,64,6409,108858686,38095,2013-01-27,0.75,LT,0,0
4365291727,507,69,6901,101904515,1342,2013-04-23,3.5,OZ,1,4.55
4365385355,508,92,9212,107417070,26732,2013-01-22,0.24,OZ,1,2.4
4365390251,508,7,709,109955595,31032,2013-02-06,7.3,OZ,1,12.58
4365401338,507,63,6315,108523989,11176,2012-12-16,128,OZ,1,3.24
4365457337,510,92,9211,102270020,4197,2013-01-31,0.44,OZ,1,8.21
4365489178,510,56,5616,108523989,11176,2013-05-01,8,OZ,2,4.72
4365536571,368,95,9518,105958454,28718,2013-01-07,1,CT,1,4.95
4365536571,368,71,7113,108087888,13505,2013-04-16,12.6,OZ,1,4.99
4365601051,180,63,6315,104113040,4191,2013-01-20,128,OZ,1,3.28
4365601051,180,99,9904,103338333,33170,2013-03-30,64,OZ,1,3.49
4365643727,40,55,5552,102114020,14434,2013-05-31,48,OZ,1,3
4365643727,40,26,2613,102114020,9924,2013-07-04,40,CT,1,5.99
4365659526,101,8,818,105100050,14403,2012-12-03,24,OZ,2,5.18
4365659526,101,4,416,104000040,16765,2013-02-22,3.29,OZ,1,1.33
4365708107,70,9,907,103582636,6564,2013-04-04,16,OZ,1,2.17
4365725652,89,96,9609,1052927454,88199,2013-01-18,0,,1,-0.75
4365759533,191,26,2628,103700030,2248,2013-02-07,6,RL,1,9.47
4365775876,96,36,3634,1078616272,7237,2013-06-15,20,OZ,4,4
4365817546,214,82,8201,104122040,33170,2012-12-10,1,CT,1,6.99
4365817546,214,63,6315,103377636,16650,2012-12-19,64,OZ,1,3.14
4365992131,388,0,0,10000,0,2013-06-05,0,,3,0
4365993637,388,92,9204,109450090,27382,2012-12-13,0.5,OZ,1,1.99
4366015569,389,26,2633,103040030,683,2012-11-14,9,RL,1,4
4366018474,389,4,410,107097070,13717,2013-03-07,1.5,OZ,2,1.5
4366050076,398,18,1898,103980030,5782,2013-03-20,1,CT,1,4.79
4366051254,398,63,6312,105020050,52045,2013-03-10,6.75,OZ,4,2.36
4366052496,393,0,0,10000,0,2013-06-19,0,,2,0
4366169681,399,74,7402,1084105888,16559,2013-03-20,7,OZ,1,3.39
4366173397,399,0,0,10000,0,2013-03-28,0,,2,0
4366173397,399,98,9802,1035254434,53295,2013-04-30,1,CT,1,44.99
4366184218,399,95,9519,107316878,13520,2013-02-08,27,CT,1,2.99
4366197694,398,33,3310,102840020,6911,2013-04-16,2.1,OZ,2,1.98
4366203150,398,4,417,103400030,15113,2013-01-28,2.8,OZ,1,1.25
4366203170,398,26,2614,103700030,514,2013-04-13,1,OZ,1,2.99
4366205205,398,9,907,107082171,8388,2013-01-25,24,OZ,1,2.89
4366205290,398,92,9204,1087801888,48086,2012-12-02,0.5,OZ,1,2.5
4366211730,398,0,0,10000,0,2013-02-21,0,,1,0
4366218608,398,92,9204,1087801888,48086,2013-06-23,0.5,OZ,1,2.5
4366219799,398,0,0,10000,0,2013-02-07,0,,1,0
4366223066,393,26,2630,103700030,14647,2013-01-15,56,CT,4,3.96
4366245102,391,92,9208,107410878,3947,2013-03-22,60,CT,1,1.49
4366249650,393,36,3631,101200010,12170,2013-01-15,144,OZ,1,2.12
4366249650,393,16,1604,102200020,13228,2013-04-07,42,CT,2,3.4
4366295246,393,73,7343,1030057333,14423,2013-04-13,0.9,OZ,1,7.99
4366296874,393,26,2609,104902242,22148,2012-11-12,45,CT,1,2.5
4366308736,393,0,0,10000,0,2012-11-12,0,,1,0
4366308736,393,17,1704,1081793989,11556,2013-01-11,28,OZ,1,5.49
4366380904,392,72,7205,1031015838,16196,2013-02-09,4,OZ,1,4.99
4366401271,392,4,416,103400030,9739,2013-03-31,1.55,OZ,2,1.28
4366456043,392,18,1829,1087965686,13630,2013-04-13,1,CT,2,9.99
4366464806,392,4,416,103400030,8247,2013-03-22,1.45,OZ,1,0.66
4366512584,391,0,0,10000,0,2012-12-30,0,,7,0
4366512584,391,7,707,104902242,22148,2013-05-20,22.6,OZ,1,9.99
4366565056,391,4,416,104000040,56360,2013-04-30,3.28,OZ,1,1.59
4366607631,390,21,2119,101200010,10522,2012-11-30,33.8,OZ,1,0.99
4366627377,391,27,2705,107910070,85,2013-01-17,22,OZ,1,2.69
4366635387,389,16,1604,102200020,13228,2013-06-21,14,CT,2,2.38
4366673085,391,18,1831,1081052181,22706,2013-01-12,1,CT,3,5
4366691524,390,72,7205,1031015838,16196,2012-12-29,4,OZ,1,5.49
4366717854,390,73,7310,104116747,19088,2013-06-13,48,CT,1,11.99
4366740008,390,27,2710,107023070,18373,2013-04-29,14,LB,1,5.49
4366776185,389,73,7302,1031284333,1500,2012-11-12,120,CT,1,6.99
4366784519,389,18,1829,1087965686,13630,2012-11-21,1,CT,1,4.99
4366796310,389,95,9519,107000070,7848,2012-12-11,6,CT,1,3.99
4366854345,394,95,9517,1079590272,7848,2012-12-20,6,CT,1,1.99
4366858954,394,96,9632,1046600141,53392,2013-01-17,1,CT,1,15
4366859052,394,36,3611,104902242,28866,2013-01-02,33.8,OZ,2,2
4366899288,397,35,3504,104902242,86214,2013-01-06,32,OZ,1,1.69
4366942556,397,63,6315,104127141,12927,2013-02-21,64,OZ,1,2.99
4366950955,397,73,7304,1073221676,20340,2013-02-24,25,CT,1,13.49
4366989259,397,0,0,10000,0,2013-03-06,0,,1,0
4366991083,397,73,7312,1030006535,375,2013-03-18,0.33,OZ,1,12.99
4366995297,397,0,0,10000,0,2013-05-22,0,,3,0
4366995525,397,4,416,102800020,16558,2013-04-08,0.77,OZ,1,0.39
4367056315,396,69,6909,104160848,17568,2013-03-02,9,OZ,2,9.98
4367197929,395,9,901,104902242,62202,2012-11-12,10.6,OZ,2,5.98
4367279321,394,26,2614,1031191737,19572,2013-06-10,2.1,OZ,2,5.98
4367282517,394,71,7113,1060559262,12610,2013-05-16,3,OZ,1,4.59
4367310942,394,72,7205,105310050,804,2013-04-08,5.6,OZ,2,7.98
4367755197,507,5,501,103800030,17050,2013-02-02,17.5,OZ,1,3.87
4367755197,507,34,3411,101878717,5185,2013-05-09,32,OZ,1,17.84
4367782591,507,97,9763,1088487585,16024,2013-01-18,1,CT,1,38.01
4367797927,507,41,4107,102400020,4704,2013-03-19,14.5,OZ,7,6.53
4367841941,507,17,1721,104650040,14149,2013-03-08,9.7,OZ,1,3.68
4368290966,211,73,7302,101111010,9907,2012-12-24,120,CT,1,3.61
4368290966,211,55,5552,101111010,9907,2013-01-02,128,OZ,1,5.39
4368307698,191,97,9731,1065356969,28185,2013-03-25,1,CT,1,24.99
4368308095,191,37,3711,104157343,53988,2013-02-16,24,OZ,1,5.49
4368308095,191,21,2117,108768484,2903,2013-03-15,60,OZ,1,2.5
4368347203,214,53,5307,102000020,7655,2012-11-13,12,OZ,2,3
4368347203,214,53,5305,102000020,7655,2013-03-07,10,OZ,2,2.5
4368347230,214,56,5607,104122040,23511,2012-11-13,8,OZ,1,1
4368347230,214,56,5604,1061980161,10066,2013-05-17,16,OZ,1,4.99
4368348730,214,9,907,107225070,12465,2013-06-04,20,OZ,1,2.78
4368353025,214,3,305,103320030,875,2013-04-03,16,OZ,1,0.58
4368373314,214,99,9909,104122040,23511,2012-11-26,16,OZ,1,2.5
4368379608,214,63,6320,104122040,20514,2012-12-12,18,CT,2,5
4368379608,214,58,5831,107701373,4192,2012-12-14,160,OZ,1,4.98
4368563540,399,4,419,107726070,15624,2012-11-13,1,OZ,1,0.39
4368567898,399,0,0,10000,0,2013-01-28,0,,2,0
4368588528,399,33,3301,1084357181,14274,2013-06-14,9,OZ,1,4
4368590114,399,4,419,1074759979,7168,2012-12-20,3.5,OZ,2,4
4368612779,399,56,5614,104902242,22148,2013-02-05,1,OZ,4,2
4368619715,399,8,814,102840020,18584,2013-01-28,15.5,OZ,1,2.99
4368623080,399,26,2633,104902242,22148,2013-02-16,6,RL,1,3.29
4368646282,399,0,0,10000,0,2012-11-13,0,,1,0
4368647493,399,4,418,101070010,8131,2013-02-28,12,OZ,1,3.69
4368647493,399,4,418,104000040,16765,2013-05-02,11.5,OZ,1,3.49
4368679834,391,5,504,1078656070,24808,2013-01-24,1.16,OZ,1,1.01
4368692136,399,95,9519,1079590272,7848,2012-12-12,18,CT,1,13.99
4368702889,398,63,6315,102319828,17555,2013-03-09,64,OZ,1,3
4368707976,398,92,9204,104902242,17495,2012-12-19,8,OZ,1,0.99
4368710066,398,4,416,104000040,26517,2013-06-02,1.74,OZ,2,1.18
4368711627,398,36,3611,104900040,4599,2013-01-30,20,OZ,1,0.99
4368711627,398,0,0,10000,0,2013-05-17,0,,6,0
4368715444,398,26,2619,101258717,7245,2013-05-12,80,CT,2,13.98
4368716312,398,18,1898,104902242,19572,2012-12-26,16,CT,1,5.99
4368718901,398,73,7311,1030006535,375,2013-02-18,4,OZ,1,7.29
4368721319,398,95,9517,104902242,8410,2012-12-16,40,CT,1,3.71
4368721319,398,36,3601,104900040,3809,2012-12-24,59.2,OZ,2,1.78
4368721319,398,9,907,101342111,102770,2013-06-13,14,OZ,1,2.19
4368741862,393,0,0,10000,0,2012-12-06,0,,4,0
4368745906,393,79,7902,1073154474,45880,2013-05-05,0,,1,3
4368760683,392,75,7503,1030057333,3271,2012-11-27,0.15,OZ,1,1.59
4368799451,393,92,9208,104902242,17495,2013-05-17,5,CT,1,3.99
4368799802,393,97,9704,102724222,16909,2012-11-21,15,CT,1,12.99
4368799802,393,21,2108,1063919464,5313,2013-01-02,64,OZ,1,2.99
4368799802,393,6,610,1061126969,15041,2013-02-27,20,OZ,1,4.59
4368799802,393,70,7002,1031191737,19572,2013-04-05,2,CT,1,3.99
4368799802,393,74,7409,104740040,7196,2013-06-08,2,CT,1,14.49
4368857789,392,5,516,101600010,12426,2013-02-11,7.4,OZ,1,2
4368867930,392,51,5115,107218070,15035,2013-02-26,22.95,OZ,1,5.99
4368875916,392,4,417,101070010,56124,2013-02-10,3.4,OZ,2,2.12
4368927840,392,92,9211,1030099737,448,2013-06-14,0.02,OZ,1,4.49
4368943081,392,92,9211,1030099737,448,2012-12-22,0.27,OZ,1,7.79
4368958103,392,64,6408,108130888,41867,2013-05-28,0.75,LT,1,3.49
4368958103,392,0,0,10000,0,2013-06-01,0,,4,0
4369054126,391,18,1813,105114151,19770,2012-11-13,1,RL,0,0
4369073716,390,72,7205,1031015838,16196,2013-03-14,6,OZ,1,7.99
4369074616,391,27,2712,104902242,13897,2013-03-30,1,CT,1,5.94
4369110429,391,73,7308,1031191737,19572,2013-01-02,30,CT,1,0.99
4369114338,391,73,7344,1031191737,19572,2013-02-03,96,CT,1,4.29
4369153516,390,81,8101,102820020,11186,2013-03-27,1,CT,2,7.94
4369205336,390,0,0,10000,0,2012-12-06,0,,6,0
4369205336,390,92,9204,104902242,17495,2013-05-16,8,OZ,1,2.19
4369211743,390,0,0,10000,0,2013-04-14,0,,2,0
4369211969,390,4,417,103400030,9739,2013-01-12,3,OZ,2,3.58
4369211969,390,33,3305,102840020,18584,2013-05-20,13,OZ,1,4.29
4369226559,390,97,9799,1082634181,97197,2013-06-12,1,CT,1,5
4369287399,389,97,9753,1074027575,0,2013-06-12,1,CT,2,26.78
4369320338,389,33,3307,104902242,62202,2012-12-22,10.6,OZ,1,9.99
4369320338,389,81,8101,102820020,11186,2013-04-23,1,CT,1,5.69
4369321374,389,73,7312,1031191737,19572,2012-12-11,4,OZ,1,5.49
4369418027,397,16,1604,101254616,18738,2013-03-26,18,CT,6,4.14
4369425168,397,67,6703,1036210333,2242,2013-05-10,16,OZ,1,19.99
4369450982,397,0,0,10000,0,2012-12-29,0,,1,0
4369450982,397,27,2710,104460040,6743,2013-06-16,14,LB,1,8.99
4369454982,397,72,7209,1030813737,14982,2013-01-23,55,YD,1,2.19
4369470308,397,63,6320,104902242,22148,2013-03-15,12,CT,1,1.99
4369481828,397,95,9518,1072047373,7848,2012-12-16,1,CT,2,4.98
4369518199,396,21,2111,1089899989,19445,2013-04-20,16.9,OZ,1,2.99
4369577848,396,0,0,10000,0,2012-11-13,0,,3,0
4369577848,396,4,416,104000040,18946,2013-04-01,1.68,OZ,4,4
4369621752,396,73,7302,1030057333,250,2013-03-16,20,CT,1,4.99
4369627175,396,36,3634,1078616272,7237,2013-01-27,20,OZ,2,3
4369632205,396,18,1831,1081052181,22706,2013-01-09,1,CT,2,3.98
4369667755,394,70,7002,1030813737,25162,2013-04-16,10,CT,1,4.5
4369697189,395,71,7102,1031191737,19572,2013-02-23,15,OZ,1,2.89
4369731364,395,0,0,10000,0,2013-03-08,0,,1,0
4369769113,394,95,9518,1072047373,7848,2013-05-22,1,CT,5,22.95
4369787982,394,72,7209,103700030,26880,2013-03-04,43.7,YD,1,3.99
4369820319,394,16,1604,101254616,18738,2013-02-27,18,CT,1,0.99
4369823914,394,92,9211,107124979,21913,2012-12-01,0.28,OZ,1,7.99
4369827936,394,92,9210,104155444,11347,2012-11-27,0.64,OZ,1,9.79
4369830334,394,4,417,107172070,9365,2013-05-26,4,OZ,6,6
4370030732,377,9,902,101410010,45039,2013-01-25,6.6,OZ,1,1.88
