218524404,106,16,1604,101254616,18738,2012-03-09,14,CT,2,3.3
218524404,106,20,2002,1075480777,610,2012-03-09,46,OZ,1,3.39
218524404,106,92,9211,104155444,11347,2012-03-09,0.43,OZ,1,6.99
218524404,106,9,902,103800030,43577,2012-03-10,10,OZ,1,4.19
218524404,106,26,2630,103600030,9787,2012-03-11,240,CT,1,2.99
218524404,106,14,1416,1075480777,610,2012-03-12,15,OZ,10,19.5
218524404,106,14,1411,1075480777,610,2012-03-12,20,OZ,2,3.18
218524404,106,5,501,101862717,9496,2012-03-12,13.4,OZ,1,4.69
218524404,106,73,7358,1074239272,21013,2012-03-13,5.08,OZ,1,7.99
218524404,106,74,7407,104740040,7196,2012-03-15,12,CT,1,10.99
218524404,106,55,5558,107585676,9798,2012-03-16,16,OZ,2,9.58
218524404,106,4,421,1075480777,610,2012-03-17,10,OZ,2,2.3
218524404,106,43,4302,107027272,15085,2012-03-17,13,OZ,3,19.47
218524404,106,72,7205,103320030,25445,2012-03-18,6,OZ,2,4.58
218524404,106,10,1011,107349171,9883,2012-03-18,8,OZ,1,2.45
218524404,106,36,3635,107478070,13856,2012-03-18,33.8,OZ,5,10.95
218524404,106,92,9204,107417070,15743,2012-03-20,0.45,OZ,1,8.99
218524404,106,41,4107,1072297474,21429,2012-03-21,13.75,OZ,1,3.99
218524404,106,25,2507,102432121,13575,2012-03-21,32,OZ,1,2.75
218524404,106,9,901,107565575,1417,2012-03-26,9,OZ,3,14.97
218524404,106,57,5704,104667545,20216,2012-03-27,6,OZ,8,8.4
218524404,106,12,1202,1075480777,610,2012-03-29,14.75,OZ,6,15.9
218524404,106,72,7203,1031254737,10554,2012-03-30,33.8,OZ,1,7.49
218524404,106,9,922,104500040,8511,2012-03-30,15,OZ,1,4.29
218524404,106,9,916,108136383,12592,2012-03-31,7.2,OZ,4,15.96
218524404,106,99,9909,103260131,5489,2012-03-31,16,OZ,2,9.98
218524404,106,30,3010,102100020,9886,2012-04-01,16,OZ,1,4.49
218524404,106,54,5403,101800010,14029,2012-04-01,11.5,OZ,1,3.99
218524404,106,54,5403,102580020,16668,2012-04-04,8,OZ,1,3.29
218524404,106,99,9909,107127979,6732,2012-04-04,9.8,OZ,2,7.98
218524404,106,79,7901,1072527474,45338,2012-04-05,1,CT,1,2.99
218524404,106,45,4511,1073898575,20825,2012-04-06,12,OZ,1,7.99
218524404,106,63,6316,102100020,2321,2012-04-06,8,OZ,2,4.78
218524404,106,41,4107,102000020,7655,2012-04-09,15,OZ,2,2.94
218524404,106,97,9753,1075166676,0,2012-04-09,1,CT,1,3.99
218524404,106,9,901,104124040,28808,2012-04-11,16,OZ,2,9.98
218524404,106,26,2612,1075480777,610,2012-04-13,84,CT,2,7.98
218524404,106,26,2622,102570020,20361,2012-04-13,15,CT,2,6.84
218524404,106,9,904,107067878,15523,2012-04-13,5,OZ,1,1.49
218524404,106,8,818,107236878,4715,2012-04-15,12.3,OZ,1,7.49
218524404,106,9,912,104812141,18322,2012-04-15,15,OZ,2,9.38
218524404,106,54,5401,108994787,19234,2012-04-15,8,OZ,2,6.58
218524404,106,26,2622,1075480777,610,2012-04-17,100,CT,1,3.19
218524404,106,19,1905,104180040,19713,2012-04-20,18,OZ,1,2.65
218524404,106,4,423,1063060,18522,2012-04-20,1,OZ,0,0
218524404,106,56,5609,102100020,2321,2012-04-21,16,OZ,3,12.57
218524404,106,42,4230,107566979,8671,2012-04-21,16,OZ,1,1.19
218524404,106,63,6321,104082242,15667,2012-04-21,10,OZ,4,17.96
218524404,106,30,3010,104100040,19975,2012-04-21,16,OZ,5,19.95
218524404,106,36,3612,107572070,14196,2012-04-22,128,OZ,4,5.16
218524404,106,8,805,1073105070,8920,2012-04-22,15,OZ,1,5.49
218524404,106,33,3304,102840020,6777,2012-04-24,10.5,OZ,1,3.49
218524404,106,8,836,1075480777,610,2012-04-24,16,OZ,1,1.05
218524404,106,54,5401,103800030,5618,2012-04-24,10.7,OZ,2,5.98
218524404,106,15,1506,104114343,17593,2012-04-24,6,OZ,1,3.49
218524404,106,58,5823,104470040,13310,2012-04-24,8,OZ,1,4.79
218524404,106,9,901,104400040,12279,2012-04-26,12,OZ,1,6.99
218524404,106,11,1102,101360010,18845,2012-04-27,1,CT,1,7.99
218524404,106,18,1837,104650040,14869,2012-04-28,17.5,OZ,1,4.79
218524404,106,33,3305,102840020,5141,2012-04-29,11.5,OZ,7,30.03
218524404,106,25,2503,105000050,32115,2012-04-29,16,OZ,1,4.69
218524404,106,9,907,101410010,13791,2012-04-29,16,OZ,10,41.6
218524404,106,57,5710,1075854373,19530,2012-04-30,5.3,OZ,3,3.75
218524404,106,23,2301,103340030,68309,2012-04-30,12,OZ,2,4.58
218524404,106,29,2914,1075928373,1243,2012-05-01,6,OZ,1,2.55
218524404,106,9,918,101410010,13791,2012-05-01,6,OZ,1,3.69
218524404,106,33,3305,101583919,7001,2012-05-01,7.5,OZ,0,0
218524404,106,95,9518,106700868,25075,2012-05-03,1,CT,2,8.98
218524404,106,70,7001,104131040,23609,2012-05-06,16,OZ,1,1.15
218524404,106,63,6315,107062575,29352,2012-05-06,128,OZ,3,17.97
218524404,106,57,5703,105215959,41981,2012-05-06,6,OZ,6,6
218524404,106,36,3634,1078616272,7237,2012-05-07,20,OZ,70,118.3
218524404,106,82,8201,1075480777,28792,2012-05-08,1,CT,3,13.47
218524404,106,8,801,101300010,8164,2012-05-11,64,OZ,1,5.99
218524404,106,9,913,104812141,18322,2012-05-11,24,OZ,3,14.97
218524404,106,28,2801,104470040,3640,2012-05-12,20,OZ,1,3.99
218524404,106,41,4105,102400020,3988,2012-05-12,28,OZ,1,2.65
218524404,106,8,810,107110070,8280,2012-05-13,1,OZ,1,2.19
218524404,106,9,904,1078735979,6734,2012-05-13,6.25,OZ,1,1.99
218524404,106,4,418,103400030,8247,2012-05-14,9.3,OZ,1,4.69
218524404,106,26,2630,1075480777,610,2012-05-14,65,CT,1,1.59
218524404,106,36,3635,107572070,14196,2012-05-15,33.8,OZ,2,2.78
218524404,106,16,1604,102200020,13228,2012-05-16,42,CT,2,8.98
218524404,106,9,908,104126141,5244,2012-05-16,11.5,OZ,3,12.87
218524404,106,3,303,105210050,2732,2012-05-16,0.67,OZ,2,3.98
218524404,106,8,818,103620030,14868,2012-05-16,24,OZ,1,2.79
218524404,106,33,3308,102840020,3336,2012-05-17,9.75,OZ,1,3.49
218524404,106,41,4110,103940030,71386,2012-05-18,22,OZ,1,2.69
218524404,106,2,213,1064420969,5345,2012-05-19,17.8,OZ,3,9.87
218524404,106,63,6315,107045272,6176,2012-05-19,32,OZ,1,2.69
218524404,106,97,9713,104153040,48318,2012-05-20,0.99,OZ,2,3.58
218524404,106,8,811,103620030,1698,2012-05-21,24,OZ,2,7.58
218524404,106,75,7501,107704373,17223,2012-05-21,21,OZ,1,5.99
218524404,106,33,3303,104178040,19154,2012-05-21,3.5,OZ,3,4.77
218524404,106,33,3311,103000030,14760,2012-05-22,3.5,OZ,3,6.87
218524404,106,9,907,101410010,13791,2012-05-22,24,OZ,3,12.87
218524404,106,56,5611,104175747,10216,2012-05-24,6,OZ,3,12.57
218524404,106,36,3630,107800070,5208,2012-05-25,20,OZ,1,1.59
218524404,106,37,3711,101900111,2820,2012-05-25,12,OZ,1,2.99
218524404,106,4,416,103400030,15113,2012-05-26,1.5,OZ,3,2.97
218524404,106,54,5402,103800030,5618,2012-05-28,14.1,OZ,1,3.99
218524404,106,41,4110,103940030,71386,2012-05-28,21,OZ,1,2.69
218524404,106,72,7205,105310050,804,2012-05-31,6,OZ,1,2.15
218524404,106,51,5125,101380010,10271,2012-06-01,6,OZ,1,4.19
218524404,106,51,5126,101380010,27474,2012-06-03,15.5,OZ,1,4.69
218524404,106,5,520,103000030,14760,2012-06-03,42,OZ,1,5.99
218524404,106,8,811,1074747979,14926,2012-06-03,15.5,OZ,4,33.96
218524404,106,63,6320,1071514171,25530,2012-06-03,18,CT,5,23.95
218524404,106,5,517,103800030,17050,2012-06-04,4.4,OZ,2,6.98
218524404,106,29,2907,104150141,13296,2012-06-05,21.3,OZ,1,4.79
218524404,106,75,7501,1030052131,14250,2012-06-05,3.9,OZ,1,5.49
218524404,106,9,902,102410020,44209,2012-06-08,7,OZ,1,4.29
218524404,106,45,4511,1075480777,610,2012-06-09,28,OZ,2,9.98
218524404,106,7,707,104300040,11339,2012-06-09,11,OZ,1,6.49
218524404,106,10,1012,102700020,23332,2012-06-10,13,OZ,6,11.94
218524404,106,29,2928,105480050,19039,2012-06-11,4.4,OZ,3,4.95
218524404,106,97,9762,107213373,19857,2012-06-12,1,CT,2,2.98
218524404,106,41,4108,104133141,7531,2012-06-14,29,OZ,2,3.98
218524404,106,31,3101,105210050,11382,2012-06-15,0.42,OZ,2,4.38
218524404,106,36,3601,104900040,3809,2012-06-15,42.2,OZ,2,2
218524404,106,63,6316,107342070,4529,2012-06-15,16,OZ,1,2.79
218524404,106,17,1703,101980010,19934,2012-06-17,26,OZ,1,4.49
218524404,106,33,3307,1075480777,610,2012-06-17,24,OZ,1,3.79
218524404,106,26,2633,1081032686,22260,2012-06-18,12,RL,1,9.99
218524404,106,5,517,103800030,69260,2012-06-19,20.8,OZ,1,6.49
218524404,106,45,4517,1070463979,2468,2012-06-19,32,OZ,5,59.95
218524404,106,97,9753,1023500121,0,2012-06-20,1,CT,-5,-10.8
218524404,106,4,410,1079321676,6081,2012-06-21,2.4,OZ,2,2
218524404,106,32,3202,1075480777,610,2012-06-22,48,OZ,1,4.29
218524404,106,71,7113,107940070,5168,2012-06-23,12,OZ,2,8.98
218524404,106,35,3509,1075480777,610,2012-06-23,50,OZ,1,2.99
218524404,106,3,311,1075480777,610,2012-06-24,16,OZ,4,7.16
218524404,106,63,6330,1075480777,610,2012-06-24,8,OZ,1,1.65
218524404,106,74,7407,1067569060,12806,2012-06-28,4,CT,2,11.98
218524404,106,4,416,104000040,26517,2012-06-29,1.69,OZ,1,1
218524404,106,26,2622,1075480777,610,2012-06-30,15,CT,1,2.35
218524404,106,9,901,104400040,13243,2012-07-01,15.35,OZ,2,8.98
218524404,106,56,5616,102100020,4218,2012-07-02,7,OZ,1,3.99
218524404,106,96,9609,1055400050,88199,2012-07-03,0,,3,-3.5
218524404,106,3,303,105210050,2732,2012-07-04,10.5,OZ,1,1.99
218524404,106,36,3611,1075480777,610,2012-07-06,405.6,OZ,1,4.79
218524404,106,21,2117,105096858,13225,2012-07-07,10,OZ,1,1.59
218524404,106,99,9908,103260131,5489,2012-07-07,1,CT,1,3.49
218524404,106,56,5611,1075480777,610,2012-07-08,8,OZ,1,3.79
218524404,106,63,6399,1073286979,29065,2012-07-08,7,OZ,2,12.98
218524404,106,9,908,107203070,5812,2012-07-09,8.25,OZ,4,17.96
218524404,106,67,6703,1030008535,58516,2012-07-10,4,OZ,1,5.99
218524404,106,31,3108,104127848,9084,2012-07-10,4,OZ,1,2.65
218524404,106,28,2805,104133141,7531,2012-07-10,6.75,OZ,1,2.45
218524404,106,51,5125,101380010,10271,2012-07-10,10.5,OZ,2,9.38
218524404,106,99,9908,107266878,52135,2012-07-10,18,OZ,1,2.99
218524404,106,9,902,104400040,8463,2012-07-10,14.4,OZ,2,10.98
218524404,106,21,2105,105200050,7054,2012-07-11,160,OZ,6,47.94
218524404,106,9,902,103010030,18457,2012-07-12,8,OZ,1,4.49
218524404,106,5,517,103800030,17050,2012-07-13,4.6,OZ,1,3.49
218524404,106,63,6399,1073286979,29065,2012-07-17,10.5,OZ,1,10.99
218524404,106,45,4511,102370020,18969,2012-07-18,32,OZ,1,6.99
218524404,106,33,3318,1075480777,610,2012-07-18,16,OZ,0,0.6
218524404,106,75,7504,104110040,4059,2012-07-20,6,OZ,1,11.99
218524404,106,5,501,1075480777,610,2012-07-21,11.25,OZ,1,3.39
218524404,106,27,2706,105000050,6132,2012-07-21,3,OZ,5,4.25
218524404,106,9,901,103010030,3454,2012-07-22,14.2,OZ,1,3.99
218524404,106,5,516,103000030,14760,2012-07-22,6.5,OZ,1,3.59
218524404,106,58,5827,103760030,8501,2012-07-22,12,OZ,1,6.99
218524404,106,41,4105,107294070,18909,2012-07-22,35,OZ,1,2.65
218524404,106,33,3318,107797575,27417,2012-07-22,16,OZ,4,13.16
218524404,106,26,2626,101258717,7245,2012-07-23,1,CT,2,6.18
218524404,106,33,3305,102840020,18584,2012-07-24,13,OZ,1,3.99
218524404,106,63,6313,104411545,3167,2012-07-24,12,OZ,2,9.98
218524404,106,69,6901,103700030,16139,2012-07-26,2.7,OZ,1,5.49
218524404,106,45,4511,102370020,18969,2012-07-27,25,OZ,1,9.49
218524404,106,33,3313,102840020,10241,2012-07-28,15,OZ,1,3.69
218524404,106,5,516,101600010,12426,2012-07-30,8.94,OZ,1,3.79
218524404,106,26,2630,1075480777,610,2012-08-01,80,CT,1,1.59
218524404,106,33,3309,102840020,18584,2012-08-01,18,OZ,1,4.99
218524404,106,18,1822,103700030,6236,2012-08-02,27,OZ,1,6.49
218524404,106,19,1905,105150050,16728,2012-08-03,12,OZ,1,3.69
218524404,106,59,5906,104060040,26155,2012-08-05,15,OZ,2,7.98
218524404,106,31,3111,104150040,6714,2012-08-05,6,OZ,1,4.49
218524404,106,16,1604,101254616,18738,2012-08-06,14,CT,1,1.65
218524404,106,36,3618,104900040,23359,2012-08-06,144,OZ,1,5.99
218524404,106,59,5902,102100020,2321,2012-08-06,8,OZ,2,8.08
218524404,106,97,9753,1021337828,0,2012-08-06,1,CT,2,12.02
218524404,106,73,7303,104116747,8705,2012-08-07,2.5,OZ,1,7.99
218524404,106,18,1827,103700030,6236,2012-08-07,9.7,OZ,1,4.99
218524404,106,36,3618,101200010,23361,2012-08-08,144,OZ,2,12.58
218524404,106,73,7305,104131040,23609,2012-08-09,1,OZ,1,4.99
218524404,106,9,907,101410010,13791,2012-08-09,15,OZ,1,3.49
218524404,106,9,907,1062855363,25002,2012-08-11,16,OZ,3,12.87
218524404,106,97,9753,1075166676,0,2012-08-12,1,CT,1,3.99
218524404,106,57,5710,107047070,20230,2012-08-14,5.3,OZ,1,1.29
218524404,106,21,2117,105360050,17209,2012-08-15,60,OZ,2,4.38
218524404,106,26,2609,1075480777,610,2012-08-18,50,CT,3,10.07
218524404,106,97,9753,1020151222,0,2012-08-19,1,CT,1,4.48
218524404,106,64,6410,108043282,16095,2012-08-19,44.8,OZ,1,5.49
218524404,106,63,6311,101405414,12973,2012-08-20,64,OZ,1,7.99
218524404,106,63,6311,107146474,2142,2012-08-21,15.2,OZ,1,3.29
218524404,106,99,9909,107127979,6732,2012-08-21,6.5,OZ,2,7.18
218524404,106,36,3629,104900040,6716,2012-08-22,144,OZ,1,5.99
218524404,106,26,2635,104878949,4913,2012-08-23,40,CT,1,3.79
218524404,106,5,501,103800030,6796,2012-08-24,10.5,OZ,1,4.49
218524404,106,63,6320,1074199474,58508,2012-08-25,12,CT,1,2.99
218524404,106,51,5125,101380010,10271,2012-08-26,8,OZ,1,4.19
218524404,106,9,917,107373171,11786,2012-08-26,14,OZ,1,2.69
218524404,106,31,3101,104133141,7531,2012-08-27,8,OZ,1,2.95
218524404,106,33,3308,102840020,3336,2012-08-27,9.75,OZ,1,3.49
218524404,106,4,418,103400030,45489,2012-08-28,11,OZ,1,4.99
218524404,106,22,2201,104460040,3718,2012-08-28,96,OZ,5,14.25
218524404,106,8,811,104119646,14582,2012-08-28,15,OZ,1,3.99
218524404,106,63,6328,102016929,16492,2012-08-29,16,OZ,1,3.99
218524404,106,33,3318,107781777,1235,2012-08-29,10,OZ,1,3.49
218524404,106,33,3305,102840020,5141,2012-08-30,3.38,OZ,1,1.49
218524404,106,33,3314,1061667666,22454,2012-08-31,5.5,OZ,2,5.98
218524404,106,56,5615,1075480777,610,2012-09-01,32,OZ,1,8.99
218524404,106,9,922,107203070,5812,2012-09-02,8.5,OZ,1,4.49
218524404,106,79,7903,107148676,17274,2012-09-03,1,CT,1,3.99
218524404,106,56,5620,102100020,9886,2012-09-04,7,OZ,2,7.58
218524404,106,9,918,101410010,13791,2012-09-05,7.25,OZ,1,3.49
218524404,106,14,1405,1075480777,610,2012-09-05,8,OZ,2,2.18
218524404,106,33,3314,1075480777,610,2012-09-05,5.46,OZ,1,2.69
218524404,106,30,3008,107468373,56499,2012-09-06,8,OZ,8,24.72
218524404,106,41,4110,104780040,33381,2012-09-08,16,OZ,2,3.78
218524404,106,26,2613,103600030,8583,2012-09-08,20,CT,1,10.99
218524404,106,73,7302,1031284333,1500,2012-09-09,100,CT,1,7.99
218524404,106,99,9909,107127979,6732,2012-09-09,16,OZ,1,2.29
218524404,106,26,2633,104303242,11116,2012-09-09,12,RL,1,12.99
218524404,106,9,903,104119646,14582,2012-09-13,15,OZ,1,2.55
218524404,106,44,4404,107045979,12587,2012-09-15,13.5,OZ,1,4.69
218524404,106,53,5307,1075480777,610,2012-09-16,12,OZ,10,22.5
218524404,106,97,9745,101149111,33170,2012-09-17,1,CT,1,3.49
218524404,106,31,3110,105210050,11382,2012-09-20,4.1,OZ,1,2.85
218524404,106,6,607,107007474,5810,2012-09-21,48,OZ,2,24.98
218524404,106,8,818,107764474,64256,2012-09-21,23.5,OZ,5,10.75
218524404,106,33,3307,1075480777,610,2012-09-22,10,OZ,1,5.49
218524404,106,37,3708,104100040,10522,2012-09-23,2,OZ,1,1.95
218524404,106,37,3708,104100040,10522,2012-09-24,1.9,OZ,1,2.29
218524404,106,17,1703,101980010,19934,2012-09-24,26,OZ,2,9.38
218524404,106,36,3601,101200010,13794,2012-09-24,67.6,OZ,3,5.67
218524404,106,9,907,104500040,1574,2012-09-25,16,OZ,2,7.38
218524404,106,99,9908,103338333,33170,2012-09-25,12,OZ,1,0.99
218524404,106,11,1102,104920040,5098,2012-09-26,80,CT,1,3.69
218524404,106,57,5705,107047070,20230,2012-09-28,6,OZ,14,14
218524404,106,8,835,1075480777,610,2012-09-28,12.25,OZ,5,14.95
218524404,106,63,6316,1075480777,610,2012-09-28,16,OZ,1,2.69
218524404,106,99,9908,103260131,53363,2012-09-29,80,OZ,1,5.99
218524404,106,9,922,107203070,5812,2012-09-29,8.5,OZ,1,4.49
218524404,106,92,9202,1072297474,11177,2012-09-30,2,CT,1,1.09
218524404,106,31,3108,103384434,1257,2012-09-30,4.5,OZ,1,2.65
218524404,106,26,2613,103600030,8583,2012-09-30,26,CT,1,10.99
218524404,106,72,7209,107094272,75834,2012-09-30,90,CT,1,4.29
218524404,106,28,2806,105410050,19509,2012-10-01,32,OZ,1,3.79
218524404,106,26,2617,101090010,15232,2012-10-01,1,CT,1,5.49
218524404,106,57,5710,1089470080,21065,2012-10-01,5.3,OZ,34,45.9
218524404,106,9,908,104500040,8511,2012-10-02,8,OZ,2,8.58
218524404,106,29,2925,101740010,47096,2012-10-03,14,OZ,1,2.89
218524404,106,55,5552,104154848,5603,2012-10-03,48,OZ,3,19.47
218524404,106,82,8201,1071648878,610,2012-10-03,1,CT,2,13.98
218524404,106,72,7210,1031015838,14214,2012-10-06,2.2,OZ,1,4.99
218524404,106,97,9753,1020495929,0,2012-10-06,1,CT,1,5.31
218524404,106,33,3314,103000030,14760,2012-10-08,5.3,OZ,1,3.99
218524404,106,15,1504,1075480777,610,2012-10-09,6,OZ,2,5.78
218524404,106,71,7113,108087888,13505,2012-10-09,25.4,OZ,1,7.99
218524404,106,69,6901,102220020,17067,2012-10-11,4.6,OZ,1,5.49
218524404,106,30,3010,104680040,9886,2012-10-11,16,OZ,1,4.49
218524404,106,63,6319,102073525,18893,2012-10-12,128,OZ,2,7.58
218524404,106,41,4107,1073639373,7308,2012-10-12,27,OZ,2,6.58
218524404,106,63,6320,1075480777,610,2012-10-12,18,CT,2,7.98
218524404,106,9,908,107203070,5812,2012-10-13,12,OZ,1,4.49
218524404,106,54,5401,101960010,1058,2012-10-13,12.3,OZ,2,5.7
218524404,106,18,1898,104133343,5379,2012-10-14,8,CT,3,28.47
218524404,106,4,419,104118646,671,2012-10-15,4.67,OZ,3,6.75
218524404,106,56,5620,1075480777,610,2012-10-15,32,OZ,1,8.99
218524404,106,0,0,10000,0,2012-10-16,0,,2,4.84
218524404,106,27,2706,105000050,6132,2012-10-17,3,OZ,26,19.58
218524404,106,9,901,1074988070,9350,2012-10-19,3.5,OZ,1,4.19
218524404,106,73,7302,1031284333,1500,2012-10-19,120,CT,1,7.99
218524404,106,15,1506,103120030,12957,2012-10-21,10,OZ,1,5.49
218524404,106,4,410,101130010,2272,2012-10-21,22,OZ,1,3.99
218524404,106,21,2106,104175545,10177,2012-10-23,64,OZ,2,7.98
218524404,106,33,3309,1075480777,610,2012-10-25,13,OZ,1,1.99
218524404,106,58,5828,103100030,1358,2012-10-26,6.4,OZ,4,7.96
218524404,106,57,5705,104667545,20216,2012-10-26,15,OZ,1,3.39
218524404,106,9,908,104126141,5244,2012-10-26,11.5,OZ,3,12.87
218524404,106,55,5567,107585676,9798,2012-10-27,16,OZ,2,9.58
218524404,106,23,2310,104164646,3173,2012-10-27,24,OZ,1,6.49
218524404,106,57,5705,103663232,4568,2012-10-27,6,OZ,4,3.32
218524404,106,5,521,107240070,4253,2012-10-28,2.46,OZ,2,1.98
218524404,106,41,4107,102400020,4704,2012-10-28,8.5,OZ,2,2.98
218524404,106,26,2604,1075480777,610,2012-10-29,90,CT,1,0.89
218524404,106,27,2702,101780010,30972,2012-10-29,3.5,LB,1,6.49
218524404,106,21,2106,104175545,10177,2012-11-01,64,OZ,2,7.98
218524404,106,19,1905,1075480777,610,2012-11-04,20,OZ,1,2.15
218524404,106,17,1719,101920010,10882,2012-11-04,19,OZ,1,8.49
218524404,106,4,416,104000040,11698,2012-11-04,2.05,OZ,5,5
218524404,106,58,5812,1063690666,12339,2012-11-05,14,OZ,2,11.98
218524404,106,1,106,105220050,1569,2012-11-05,4,OZ,6,3.78
218524404,106,55,5555,107457070,26051,2012-11-06,28,OZ,3,20.97
218524404,106,55,5558,104154848,5603,2012-11-06,5.8,OZ,4,6.2
218524404,106,33,3318,102840020,15441,2012-11-07,12,OZ,1,3.29
218524404,106,21,2119,108390080,12546,2012-11-08,67.6,OZ,1,1.89
218524404,106,11,1102,104480040,22728,2012-11-09,100,CT,1,4.19
218524404,106,56,5620,102100020,13967,2012-11-09,8,OZ,5,19.95
218524404,106,36,3611,107572070,14196,2012-11-10,405.6,OZ,5,32.45
218524404,106,11,1102,1072277676,17117,2012-11-11,400,CT,1,10.49
218524404,106,6,610,1061126969,15041,2012-11-13,12,OZ,1,2.99
218524404,106,56,5617,102100020,19279,2012-11-13,12,OZ,1,2.49
218524404,106,9,903,1075480777,610,2012-11-13,15,OZ,1,1.89
218524404,106,8,814,104133141,7531,2012-11-18,17.6,OZ,1,3.69
218524404,106,16,1604,101254616,17473,2012-11-19,14,CT,2,2.9
218524404,106,36,3601,101200010,13794,2012-11-19,67.6,OZ,2,3.78
218524404,106,14,1416,102400020,4704,2012-11-20,15,OZ,1,2.65
218524404,106,19,1906,107240070,14199,2012-11-20,15.25,OZ,1,4.49
218524404,106,4,410,107053878,2081,2012-11-21,6,OZ,13,20.15
218524404,106,18,1890,1075480777,610,2012-11-21,1,CT,35,57.62
218524404,106,26,2617,101090010,15232,2012-11-21,1,CT,11,72.09
218524404,106,57,5703,103663232,4568,2012-11-21,6,OZ,2,1.66
218524404,106,33,3319,102840020,5141,2012-11-21,11.5,OZ,3,11.97
218524404,106,6,608,107007474,69306,2012-11-22,48,OZ,1,11.99
218524404,106,33,3312,103700030,14494,2012-11-25,5.92,OZ,1,3.39
218524404,106,63,6315,107045272,6176,2012-11-26,32,OZ,1,2.85
218524404,106,63,6328,103760030,63690,2012-11-26,27.6,OZ,1,4.49
218524404,106,5,516,101600010,12426,2012-11-27,6,OZ,1,3.59
218524404,106,33,3302,1075480777,610,2012-11-27,19.8,OZ,1,4.79
218524404,106,8,809,101300010,8164,2012-11-27,12,OZ,4,10.6
218524404,106,63,6320,107205070,31277,2012-11-28,12,CT,2,6.98
218524404,106,55,5555,107457070,26051,2012-11-28,14,OZ,5,27.45
218524404,106,41,4107,102400020,4704,2012-11-28,15.25,OZ,1,1.79
218524404,106,60,6012,101800010,14029,2012-11-29,12.4,OZ,1,3.69
218524404,106,33,3318,107797575,27417,2012-11-29,9.25,OZ,1,2.99
218524404,106,8,821,107660676,968,2012-11-30,7.5,OZ,2,6.38
218524404,106,36,3630,107800070,5208,2012-11-30,144,OZ,8,47.92
218524404,106,55,5556,104154848,5603,2012-11-30,48,OZ,1,6.49
218524404,106,4,418,103400030,45489,2012-11-30,11,OZ,2,10.98
218524404,106,11,1114,107027272,5613,2012-12-01,16,OZ,1,3.79
218524404,106,21,2119,1061300868,867,2012-12-02,128,OZ,1,4.29
218524404,106,57,5710,1075854373,19530,2012-12-02,4.6,OZ,2,3.98
218524404,106,26,2609,1075480777,610,2012-12-02,45,CT,1,2.99
218524404,106,40,4004,104100040,10522,2012-12-04,8,OZ,2,9.38
218524404,106,5,516,1060265262,9673,2012-12-06,1.4,OZ,3,5.25
218524404,106,58,5823,1075480777,610,2012-12-06,9,OZ,1,3.49
218524404,106,26,2629,103700030,2248,2012-12-08,160,CT,1,4.49
218524404,106,51,5119,107035676,3807,2012-12-09,8,OZ,0,0
218524404,106,21,2119,101200010,10522,2012-12-09,202.8,OZ,2,11.98
218524404,106,56,5617,1075480777,610,2012-12-10,12,OZ,1,3.09
218524404,106,7,709,109955595,7661,2012-12-11,3.7,OZ,2,19.98
218524404,106,51,5116,107192171,25673,2012-12-12,28.2,OZ,1,9.49
218524404,106,18,1831,107349070,8391,2012-12-12,12,CT,5,6.95
218524404,106,35,3508,103700030,18371,2012-12-13,150,OZ,1,21.49
218524404,106,10,1004,107239272,15541,2012-12-14,1.7,OZ,1,0.89
218524404,106,37,3705,104119646,14582,2012-12-15,19,OZ,5,13.75
218524404,106,72,7203,1031254737,10554,2012-12-15,33.8,OZ,1,5.49
218524404,106,99,9908,107947373,33170,2012-12-16,4,OZ,1,3.99
218524404,106,55,5552,102983929,6763,2012-12-16,48,OZ,3,11.97
218524404,106,4,418,104000040,26517,2012-12-18,12.6,OZ,4,17.96
218524404,106,14,1404,103732333,12209,2012-12-20,48,OZ,1,5.99
218524404,106,9,907,1062855363,25002,2012-12-20,16,OZ,1,3.59
218524404,106,5,501,103000030,14760,2012-12-21,28,OZ,1,5.99
218524404,106,35,3509,102420020,14716,2012-12-23,50,OZ,4,19.96
218524404,106,21,2112,103890030,5072,2012-12-24,46,OZ,1,2.99
218524404,106,36,3632,1075480777,610,2012-12-27,144,OZ,1,3.59
218524404,106,64,6410,1063598565,11683,2012-12-28,23.5,OZ,1,2.69
218524404,106,99,9909,1071648878,29069,2012-12-30,16,OZ,1,5.49
218524404,106,26,2611,103600030,14191,2012-12-30,18,CT,1,4.49
218524404,106,58,5815,103760030,8501,2013-01-01,7,OZ,1,5.49
218524404,106,58,5831,107232272,27348,2013-01-01,48,OZ,1,10.99
218524404,106,2,201,101600010,1756,2013-01-01,15.25,OZ,4,9.96
218524404,106,33,3318,107781777,1235,2013-01-02,6.64,OZ,2,6.98
218524404,106,57,5710,1068954464,6086,2013-01-06,5.3,OZ,4,7.16
218524404,106,44,4405,1067667060,4746,2013-01-07,14.8,OZ,1,6.99
218524404,106,63,6311,107146474,2142,2013-01-07,52,OZ,2,12.98
218524404,106,7,709,109955595,68135,2013-01-08,4.8,OZ,1,8.49
218524404,106,17,1706,101980010,19934,2013-01-09,67.6,OZ,1,6.99
218524404,106,33,3302,102700020,57417,2013-01-12,30,OZ,2,14.98
218524404,106,17,1721,104650040,14149,2013-01-14,9.7,OZ,2,11.98
218524404,106,57,5709,102392323,5494,2013-01-15,4.2,OZ,3,6.57
218524404,106,36,3603,1075480777,610,2013-01-15,1024,OZ,1,7.49
218524404,106,57,5710,107047070,20230,2013-01-15,5.3,OZ,3,3.87
218524404,106,21,2103,101480010,12021,2013-01-16,64,OZ,2,5.98
218524404,106,36,3636,104138747,60,2013-01-17,338,OZ,2,10.98
218524404,106,15,1504,104114343,17593,2013-01-21,20,OZ,1,4.99
218524404,106,74,7407,104740040,7196,2013-01-22,4,CT,1,9.49
218524404,106,18,1850,102120020,16044,2013-01-24,6,CT,1,5.49
218524404,106,25,2509,103450030,10165,2013-01-25,16,OZ,1,2.55
218524404,106,79,7903,107143575,18912,2013-01-26,1,CT,1,3.99
218524404,106,53,5305,1075480777,610,2013-01-26,10,OZ,1,1.79
218524404,106,75,7520,1030813737,9259,2013-01-28,55,CT,1,1.89
218524404,106,4,405,1060069969,55864,2013-01-30,10,OZ,2,3.58
218524404,106,32,3201,105150050,4307,2013-02-01,20,OZ,1,5.99
218524404,106,26,2622,102570020,20361,2013-02-02,50,CT,1,5.99
218524404,106,5,501,103800030,758,2013-02-03,1.5,OZ,1,1.29
218524404,106,26,2619,101370010,8154,2013-02-03,60,CT,1,9.99
218524404,106,21,2113,102500020,11749,2013-02-04,67.5,OZ,1,3.99
218524404,106,97,9753,1022972020,0,2013-02-04,1,CT,1,4.99
218524404,106,34,3404,103165535,2748,2013-02-04,12,OZ,2,7.38
218524404,106,34,3405,101111111,5168,2013-02-05,24,OZ,1,8.99
218524404,106,5,501,103800030,14900,2013-02-05,23.5,OZ,2,9.38
218524404,106,5,501,101600010,3331,2013-02-05,10,OZ,1,4.29
218524404,106,2,201,1075480777,610,2013-02-07,18.25,OZ,1,1.69
218524404,106,75,7501,107214070,5929,2013-02-08,16.9,OZ,1,13.99
218524404,106,9,912,101410010,13791,2013-02-08,17,OZ,1,4.49
218524404,106,97,9753,1020331525,0,2013-02-09,1,CT,1,6.29
218524404,106,36,3603,104300040,4371,2013-02-09,320,OZ,1,4.99
218524404,106,9,901,1070897171,10653,2013-02-11,13.5,OZ,1,2.99
218524404,106,51,5126,102113121,11151,2013-02-12,14,OZ,2,8.98
218524404,106,5,501,101600010,3789,2013-02-13,11.8,OZ,1,4.19
218524404,106,99,9908,103260131,5489,2013-02-14,12,OZ,1,5.49
218524404,106,36,3618,101200010,23361,2013-02-15,67.6,OZ,4,7.56
218524404,106,41,4105,107294070,18909,2013-02-16,28,OZ,1,2.15
218524404,106,10,1011,104300040,26232,2013-02-16,15.5,OZ,2,7.38
218524404,106,99,9908,103338333,33170,2013-02-16,32,OZ,2,5.48
218524404,106,9,907,1075480777,610,2013-02-17,11,OZ,1,1.69
218524404,106,55,5567,107756777,93410,2013-02-17,19.2,OZ,1,5.49
218524404,106,63,6312,102500020,16487,2013-02-17,59,OZ,1,3.59
218524404,106,36,3612,107572070,14196,2013-02-20,128,OZ,8,10.32
218524404,106,59,5902,1075480777,610,2013-02-21,8,OZ,1,2.29
218524404,106,10,1011,104300040,26232,2013-02-21,13.1,OZ,1,3.69
218524404,106,15,1506,1080276383,17674,2013-02-21,6,OZ,1,3.49
218524404,106,54,5403,101800010,14029,2013-02-22,10,OZ,1,3.69
218524404,106,57,5704,103663232,4568,2013-02-23,6,OZ,11,9.13
218524404,106,54,5403,102580020,16668,2013-02-24,8,OZ,1,3.29
218524404,106,9,907,1071648878,98489,2013-02-24,14,OZ,2,4.98
218524404,106,56,5609,107148171,6765,2013-02-24,16,OZ,1,3.99
218524404,106,9,907,107341070,888,2013-02-28,14,OZ,1,3.69
218524404,106,36,3611,1063256565,6303,2013-03-01,16.9,OZ,2,2.58
218524404,106,74,7402,105100959,1372,2013-03-02,10,OZ,1,1.99
218524404,106,37,3709,107066272,12673,2013-03-03,36,OZ,1,2.89
218524404,106,9,901,104400040,3453,2013-03-03,11.75,OZ,3,14.07
218524404,106,62,6201,1075480777,610,2013-03-06,22,OZ,1,3.59
218524404,106,97,9753,10978044999,0,2013-03-06,1,CT,1,3.99
218524404,106,10,1011,1085123181,17625,2013-03-12,8,OZ,1,1.67
218524404,106,8,808,104800141,8178,2013-03-13,9,OZ,1,3.29
218524404,106,23,2301,1087604585,11167,2013-03-13,16,OZ,1,3.29
218524404,106,35,3509,103320030,875,2013-03-14,150,OZ,1,8.99
218524404,106,7,709,1078778070,12564,2013-03-17,4.8,OZ,1,9.99
218524404,106,21,2117,107480676,10585,2013-03-17,160,OZ,1,4.99
218524404,106,99,9908,103260131,5489,2013-03-18,1,CT,2,7.98
218524404,106,5,501,101600010,15114,2013-03-19,18,OZ,1,4.99
218524404,106,55,5558,104154848,5603,2013-03-19,5.8,OZ,2,3.1
218524404,106,26,2630,103600030,9787,2013-03-21,50,CT,3,7.17
218524404,106,8,801,101300010,8164,2013-03-23,38,OZ,1,3.99
218524404,106,58,5823,107162777,25764,2013-03-24,8,OZ,1,5.99
218524404,106,26,2613,103700030,13481,2013-03-24,100,CT,1,28.99
218524404,106,29,2923,104100040,9814,2013-03-24,4.3,OZ,2,3
218525903,116,4,427,103400030,8682,2012-06-13,1.2,OZ,1,2.09
218546765,108,3,302,103400030,8247,2012-08-24,10,OZ,1,3.49
218546765,108,58,5837,1075480777,610,2012-09-02,2.1,OZ,1,2.99
218551801,106,51,5134,104280040,18599,2013-01-18,7.5,OZ,2,5.58
218553371,106,30,3010,104100040,19975,2012-04-19,16,OZ,1,3.99
218563602,116,14,1417,107402777,14200,2012-04-28,10,OZ,3,3.87
218563602,116,96,9609,1051800050,88199,2012-11-15,0,,6,-1.8
218563602,116,26,2609,104116545,16879,2012-12-05,100,CT,6,35.94
218578671,108,29,2903,106414464,3342,2012-10-06,15,OZ,2,2.5
218581807,116,56,5614,104610040,15889,2012-06-12,9,OZ,1,4.49
218582565,108,36,3626,107800070,16223,2012-04-14,67.6,OZ,4,6.76
218582565,108,29,2923,104100040,9814,2012-12-26,4.9,OZ,2,3
218586242,108,51,5126,101380010,27474,2012-03-02,9.88,OZ,1,4.49
218586242,108,8,811,102066222,12598,2012-03-03,24,OZ,1,3.19
218586242,108,99,9909,107127979,6732,2012-03-04,6.5,OZ,3,10.47
218586242,108,56,5617,104131040,23808,2012-03-13,10.6,OZ,1,0.99
218586242,108,33,3315,107681171,5740,2012-03-13,25,OZ,1,5.99
218586242,108,21,2119,1061300868,867,2012-03-13,128,OZ,2,8.38
218586242,108,45,4511,1073898575,20825,2012-03-15,12,OZ,2,14.98
218586242,108,5,501,103800030,14900,2012-03-17,24.8,OZ,1,5.49
218586242,108,13,1306,105150050,14029,2012-03-17,5,LB,1,3.49
218586242,108,78,7801,107001171,12696,2012-03-21,2,CT,1,3.19
218586242,108,17,1724,104650040,14149,2012-03-21,27,OZ,2,11.98
218586242,108,26,2633,105400050,16048,2012-03-22,6,RL,1,7.49
218586242,108,73,7302,1031284333,1500,2012-03-23,36,CT,1,2.69
218586242,108,37,3707,107468373,5752,2012-03-24,32,OZ,1,3.59
218586242,108,97,9701,104113747,5381,2012-03-25,6,CT,1,30.99
218586242,108,99,9904,103338333,33170,2012-03-26,6,OZ,2,7.98
218586242,108,28,2804,103150030,25139,2012-03-30,24,OZ,1,3.79
218586242,108,1,106,101500010,7142,2012-04-01,6,OZ,5,4.75
218586242,108,5,516,101600010,12426,2012-04-02,8.9,OZ,1,3.99
218586242,108,57,5704,107047070,20230,2012-04-07,6,OZ,1,0.99
218586242,108,18,1854,1075480777,610,2012-04-07,10,CT,1,1.75
218586242,108,25,2506,105000050,32115,2012-04-08,32,OZ,4,19.96
218586242,108,99,9909,107127979,6732,2012-04-12,6.5,OZ,2,6.98
218586242,108,56,5607,102100020,13967,2012-04-14,8,OZ,2,6.58
218586242,108,9,902,104400040,19783,2012-04-15,10,OZ,2,8.58
218586242,108,9,922,102430020,10577,2012-04-17,13,OZ,1,1.79
218586242,108,33,3308,104178040,19154,2012-04-20,8.5,OZ,1,3.29
218586242,108,59,5906,104060040,26155,2012-04-21,8,OZ,1,3.99
218586242,108,97,9707,1075480777,610,2012-04-21,2,CT,1,2.95
218586242,108,56,5614,103090030,19704,2012-04-22,10,OZ,1,4.99
218586242,108,29,2928,101530010,58299,2012-04-22,7.2,OZ,2,3.5
218586242,108,36,3618,101200010,23361,2012-04-23,67.6,OZ,1,1.79
218586242,108,33,3315,1075480777,610,2012-04-24,13,OZ,1,3.99
218586242,108,45,4509,1089440787,60655,2012-04-26,32,OZ,1,31.98
218586242,108,36,3611,104900040,4599,2012-04-26,405.6,OZ,4,23.96
218586242,108,6,607,1063810262,20375,2012-05-03,1.76,OZ,4,6.6
218586242,108,33,3310,101566515,22310,2012-05-04,4,OZ,1,3.39
218586242,108,5,520,1075480777,610,2012-05-05,18,OZ,1,2.35
218586242,108,26,2615,107301070,17990,2012-05-06,18,CT,1,5.99
218586242,108,33,3303,108411484,9596,2012-05-07,8.5,OZ,2,7.38
218586242,108,25,2505,105000050,32115,2012-05-09,16,OZ,1,2.65
218586242,108,17,1719,101920010,10882,2012-05-09,10,OZ,1,3.99
218586242,108,9,917,1066529161,8803,2012-05-10,6.34,OZ,1,4.99
218586242,108,17,1710,1075480777,610,2012-05-12,32,OZ,1,3.09
218586242,108,62,6202,104124040,28808,2012-05-12,20,OZ,1,7.99
218586242,108,9,918,103904737,19575,2012-05-13,5.3,OZ,1,4.19
218586242,108,26,2614,1030800434,17323,2012-05-18,18,CT,1,3.69
218586242,108,9,901,104124040,28808,2012-05-19,16,OZ,1,4.99
218586242,108,18,1841,103700030,17864,2012-05-21,42.2,OZ,1,6.49
218586242,108,65,6502,101800010,14029,2012-05-27,14.1,OZ,1,3.99
218586242,108,33,3304,102840020,6777,2012-05-27,10.5,OZ,1,3.49
218586242,108,4,416,1070865676,24127,2012-05-28,3.5,OZ,1,4.19
218586242,108,56,5607,102100020,13967,2012-05-30,8,OZ,1,3.19
218586242,108,30,3007,107184070,11154,2012-05-31,11.5,OZ,2,7.98
218586242,108,58,5823,104450040,8318,2012-05-31,9,OZ,1,4.69
218586242,108,26,2610,107289878,182,2012-06-02,100,CT,2,2.58
218586242,108,35,3509,107261373,401,2012-06-03,100,OZ,1,10.49
218586242,108,73,7325,1075714575,2330,2012-06-03,30,CT,1,12.99
218586242,108,53,5307,101450010,20864,2012-06-03,16,OZ,4,12.76
218586242,108,15,1505,1080276383,17674,2012-06-06,7,OZ,1,3.49
218586242,108,37,3704,102800020,10953,2012-06-08,2.43,OZ,1,0.69
218586242,108,13,1306,105150050,14029,2012-06-08,5,LB,1,3.49
218586242,108,36,3601,104900040,3809,2012-06-09,67.6,OZ,4,7.56
218586242,108,18,1802,104667747,13970,2012-06-10,2,CT,1,4.99
218586242,108,27,2705,102310020,19792,2012-06-15,36,OZ,2,12.98
218586242,108,26,2633,105400050,16048,2012-06-15,6,RL,1,7.49
218586242,108,17,1721,1081793989,11556,2012-06-17,12,OZ,1,6.49
218586242,108,9,902,1087989080,4351,2012-06-17,4.5,OZ,2,8.48
218586242,108,4,416,1071627070,3477,2012-06-19,3.2,OZ,1,2.69
218586242,108,36,3611,107572070,14196,2012-06-20,101.4,OZ,2,2.58
218586242,108,63,6315,1074236575,8499,2012-06-20,64,OZ,2,10.98
218586242,108,55,5567,1078978575,16558,2012-06-21,48,OZ,2,16.98
218586242,108,97,9799,108281585,19672,2012-06-25,1,CT,1,12.99
218586242,108,11,1112,1061012969,19270,2012-06-26,9,OZ,2,11.98
218586242,108,4,418,103400030,15113,2012-06-27,19.75,OZ,1,6.49
218586242,108,29,2906,1085428585,16475,2012-06-30,8.5,OZ,1,3.59
218586242,108,36,3611,107572070,14196,2012-06-30,50.7,OZ,1,1.49
218586242,108,73,7356,104131040,23609,2012-07-01,60,CT,1,5.49
218586242,108,5,516,101862717,9496,2012-07-01,6.7,OZ,1,4.29
218586242,108,51,5126,101380010,27474,2012-07-01,11.5,OZ,1,4.19
218586242,108,9,908,104500040,8511,2012-07-02,8,OZ,2,8.58
218586242,108,38,3802,104920040,5098,2012-07-02,2,LB,1,2.95
218586242,108,33,3314,1075480777,610,2012-07-02,5.46,OZ,1,2.09
218586242,108,12,1203,1072297474,21429,2012-07-02,4.4,OZ,1,1.69
218586242,108,21,2105,105200050,7054,2012-07-04,64,OZ,3,8.37
218586242,108,26,2630,106343565,16050,2012-07-04,264,CT,1,3.19
218586242,108,33,3307,101411313,23033,2012-07-06,1.5,OZ,3,3
218586242,108,8,810,104800141,9814,2012-07-09,1.2,OZ,1,2.15
218586242,108,99,9909,103260131,5489,2012-07-10,5,OZ,4,15.96
218586242,108,33,3316,102840020,12186,2012-07-11,3.25,OZ,2,2.98
218586242,108,36,3612,1075480777,610,2012-07-12,128,OZ,3,3
218586242,108,63,6319,102073525,18893,2012-07-13,64,OZ,1,2.15
218586242,108,33,3303,102840020,15598,2012-07-15,13.5,OZ,1,4.99
218586242,108,25,2507,107235070,68047,2012-07-18,19.5,OZ,2,2
218586242,108,19,1905,1075480777,610,2012-07-19,18,OZ,1,1.95
218586242,108,97,9745,102593222,18552,2012-07-21,150,CT,1,6.99
218586242,108,9,901,104400040,12600,2012-07-21,14,OZ,1,4.99
218586242,108,21,2112,1075379272,12769,2012-07-22,64,OZ,1,4.49
218586242,108,47,4704,102500020,11749,2012-07-22,12,OZ,1,2.55
218586242,108,99,9909,107127979,6732,2012-07-23,8,OZ,1,2.29
