3041040977,211,16,1604,102200020,6021,2013-01-19,15,CT,1,0.69
3041054542,140,0,0,10000,0,2013-06-03,0,,1,0
3041059008,12,63,6315,104126040,100699,2012-10-21,128,OZ,1,2.79
3041059008,12,21,2108,104124444,11218,2012-12-09,25.4,OZ,1,2.5
3041065308,191,28,2803,105410050,19509,2012-06-16,10,OZ,1,1
3041066368,191,0,0,10000,0,2012-11-16,0,,1,0
3041066368,191,40,4004,107017777,18928,2012-11-18,1.41,OZ,1,3.99
3041066993,23,5,501,1088397888,11881,2012-11-11,15.5,OZ,1,1.29
3041075009,166,36,3601,104900040,3809,2012-05-11,60,OZ,1,2.99
3041080639,166,30,3001,102100020,11761,2012-06-09,30,OZ,1,4.99
3041080639,166,19,1904,103680030,6561,2013-01-20,12,OZ,1,3.29
3041084361,96,0,0,10000,0,2012-10-15,0,,1,0
3041084361,96,55,5552,107756777,2347,2012-12-02,48,OZ,1,5.99
3041084605,96,27,2702,101901414,8664,2013-01-27,17.5,LB,1,20.99
3041084621,96,56,5616,104610040,15889,2012-10-19,8,OZ,1,3
3041092349,214,4,411,1079070,81850,2012-08-16,3.5,OZ,1,0.98
3041109907,214,33,3304,102840020,6777,2012-03-20,10.5,OZ,2,4.96
3041199892,46,2,201,105150050,14029,2012-06-03,15.25,OZ,1,1
3041199892,46,29,2920,102970020,8711,2012-10-07,1.5,OZ,1,1.07
3041243157,360,99,9909,107143070,5072,2012-08-20,9.9,OZ,1,3.99
3041243157,360,57,5707,107047070,20230,2013-04-22,18,OZ,1,3.49
3041498420,42,9,907,104149747,19710,2012-05-12,19,OZ,2,3.58
3041498420,42,44,4404,104149747,19710,2013-03-29,80,OZ,1,4.89
3041498420,42,43,4302,104149747,19710,2013-05-29,6.5,OZ,1,1.99
3041498797,42,5,518,103800030,15251,2012-09-09,6.2,OZ,2,5.78
3041689938,285,8,836,107468070,19993,2012-07-29,128,OZ,1,2.19
3041701964,224,5,501,101600010,15114,2012-09-18,18,OZ,1,4.45
3041701964,224,63,6319,108390080,7368,2012-10-08,59,OZ,3,6
3041701964,224,9,907,107518575,11221,2013-01-06,15,OZ,1,3.49
3041783958,377,33,3309,107373171,11786,2012-08-10,20,OZ,1,2.89
3041788207,24,82,8201,109848797,23980,2012-09-06,1,CT,1,12.99
3041829435,507,17,1703,104460040,7668,2012-06-15,32,OZ,1,2.98
3041863930,507,1,106,1085269787,7918,2012-11-16,3.5,OZ,2,2.44
3041863930,507,99,9904,108523989,833,2013-02-17,48,OZ,1,4.19
3041923200,508,97,9753,1049033040,0,2012-05-03,1,CT,6,53.55
3041923200,508,5,501,103800030,4089,2012-12-02,12.5,OZ,1,3.14
3041948573,508,22,2207,1075703777,13386,2012-08-17,80,OZ,1,9.49
3041960217,508,97,9753,1049203646,0,2012-04-28,1,CT,1,3.98
3041960217,508,63,6320,1071514171,25530,2012-07-18,12,CT,1,2.93
3041960217,508,71,7114,102240020,18715,2012-07-27,2,OZ,1,1.6
3041960217,508,72,7212,1076687878,875,2012-09-16,1,CT,2,16.56
3041967769,508,9,902,104950848,16730,2013-01-20,11.25,OZ,2,5.24
3041979753,508,99,9908,107047575,7217,2012-09-19,8,OZ,1,2.19
3041979753,508,33,3318,102840020,15441,2012-12-27,16,OZ,1,2.63
3041991897,508,54,5403,107790070,9200,2013-03-21,14.4,OZ,1,5.24
3041991980,508,97,9753,107314979,0,2012-05-24,1,CT,2,16.78
3041991980,508,33,3308,102840020,3336,2012-06-05,9.75,OZ,1,2.63
3041991980,508,92,9214,107488777,23664,2012-08-11,30,CT,1,3.82
3041991980,508,25,2506,104127141,26189,2013-02-09,32,OZ,1,3.35
3042067668,510,4,411,102200020,17287,2012-04-05,1.6,OZ,2,2
3042076969,31,53,5307,107056070,14005,2012-05-28,10,OZ,2,4.58
3042090680,31,72,7203,1031254737,10554,2012-05-06,16,OZ,1,6.99
3042116705,16,63,6305,104850040,18799,2013-02-01,59,OZ,1,3.99
3042147494,101,63,6319,102073525,18893,2012-03-07,16,OZ,1,0.79
3042147494,101,45,4508,101116212,12131,2013-02-09,34,OZ,1,3.24
3042147494,101,29,2914,102100020,9886,2013-05-03,7.25,OZ,1,1
3042152019,101,97,9781,10000,8255,2013-02-14,1,CT,1,-0.51
3042152977,101,56,5615,107835474,2675,2012-07-30,8,OZ,1,2.5
3042152977,101,41,4108,1068826767,81691,2012-08-05,15.5,OZ,3,2
3042152977,101,36,3601,101200010,13794,2013-02-22,144,OZ,1,5.29
3042155682,77,5,501,103800030,11732,2012-09-15,24,OZ,1,4.59
3042185230,68,30,3009,102100020,9886,2012-05-29,16,OZ,1,2
3042188790,69,9,907,107341070,888,2012-06-30,12,OZ,1,2.99
3042188790,69,99,9908,1068896262,53503,2012-07-01,1,CT,1,2.1
3042188790,69,5,501,1072543979,40679,2012-07-29,18,OZ,1,3.29
3042218475,26,99,9908,103338333,33170,2012-05-12,16,OZ,1,0.99
3042218475,26,9,907,107131979,16021,2012-07-06,22,OZ,1,1.79
3042218475,26,8,810,101111010,9907,2012-12-06,1.5,OZ,1,0.69
3042218475,26,29,2914,102100020,9886,2013-04-24,2,OZ,1,1
3042218614,83,99,9908,103338333,33170,2012-03-12,16,OZ,1,0.99
3042218614,83,41,4107,101111010,9907,2012-04-02,14.5,OZ,2,1.48
3042218614,83,28,2805,101111010,9907,2013-03-25,6,OZ,1,1.19
3042218716,83,17,1708,101920010,10882,2012-08-22,2.82,OZ,1,3.69
3042220972,83,5,501,1088491282,8471,2012-06-29,12.5,OZ,1,2.96
3042224353,58,29,2914,102100020,9886,2012-06-23,7.25,OZ,1,1
3042228383,89,34,3410,101700010,4912,2012-06-18,9.38,OZ,2,2
3042228383,89,63,6315,101111010,9907,2012-11-19,128,OZ,1,2.79
3042233431,431,0,0,10000,0,2013-03-27,0,,2,0
3042235793,151,9,908,101111010,33170,2012-05-27,14,OZ,1,3.88
3042235793,151,29,2905,103620030,14868,2013-03-22,14,OZ,2,1.5
3042237562,211,5,501,101111010,207,2012-07-15,12,OZ,1,2.5
3042237562,211,4,412,101900010,10421,2012-09-06,13,OZ,1,1.79
3042252106,140,26,2632,104126040,51712,2012-03-24,72,CT,1,1.96
3042252106,140,30,3007,107082979,2081,2012-04-14,16,OZ,2,10.28
3042252106,140,26,2613,103600030,8583,2012-06-15,26,CT,2,19.98
3042252106,140,21,2106,109518898,17991,2012-08-15,128,OZ,2,3
3042252106,140,58,5814,102781525,885,2013-04-24,3.1,OZ,1,1
3042255721,63,34,3410,101111010,9907,2012-11-20,64,OZ,1,4.07
3042255721,63,96,9609,1053500050,88199,2013-06-08,0,,1,-0.5
3042273408,166,33,3303,103680030,6866,2012-09-11,8,OZ,1,1.99
3042276128,96,57,5705,107047070,20230,2012-06-29,6,OZ,2,1.4
3042276533,96,9,913,104812141,18322,2012-06-20,11,OZ,1,1.99
3042276802,96,8,814,102840020,18584,2012-12-31,24,OZ,1,3.5
3042276802,96,36,3601,101200010,13794,2013-01-11,20,OZ,1,1.69
3042311740,214,63,6312,102500020,16487,2012-04-23,89,OZ,1,3.98
3042311740,214,41,4107,104122040,23511,2012-08-19,15.25,OZ,1,0.72
3042311740,214,63,6315,104138343,10091,2012-11-24,96,OZ,1,4.98
3042311740,214,33,3302,1075764575,12598,2013-02-24,8.4,OZ,1,3.24
3042311740,214,29,2925,101740010,11011,2013-03-14,48,OZ,1,3.39
3042316650,206,63,6315,108685484,10218,2012-11-18,64,OZ,1,2.41
3042316650,206,36,3604,107800070,2829,2013-01-28,144,OZ,1,4.44
3042316650,206,27,2707,1085159989,11516,2013-03-20,3.15,LB,1,5.28
3042316650,206,0,0,10000,20405,2013-07-21,0,,1,1.78
3042330644,46,51,5123,101380010,27474,2012-03-20,40,OZ,1,5.99
3042330644,46,97,9753,10000,0,2012-09-26,1,CT,1,5.73
3042330644,46,9,912,104812141,18322,2012-10-08,13,OZ,1,3.69
3042399042,18,70,7002,1032113030,15704,2012-08-19,20,CT,2,0.48
3042674825,205,33,3305,102840020,5141,2012-08-31,17,OZ,1,4.99
3042677839,42,55,5560,104154848,5603,2012-05-21,18,OZ,1,4.49
3042946060,507,34,3411,107940070,17521,2012-07-15,18,OZ,1,1.79
3043035693,508,33,3303,102840020,10241,2012-10-22,10,OZ,1,2.5
3043035693,508,23,2301,107680878,1393,2012-11-04,16,OZ,1,1.29
3043035693,508,5,501,103800030,6790,2013-03-21,12.2,OZ,1,3.04
3043037609,508,95,9518,1064541666,2988,2012-10-20,1,CT,1,3.45
3043037609,508,1,106,1084590181,20484,2013-03-03,3.5,OZ,1,1.98
3043037609,508,9,918,101410010,13791,2013-03-16,13.5,OZ,1,4.92
3043038326,508,72,7203,104116747,193,2013-02-19,16.9,OZ,1,3.14
3043043775,508,95,9518,104282343,28202,2012-06-04,1,CT,2,6.07
3043057132,508,97,9753,1020404828,0,2012-08-12,1,CT,5,2.57
3043061671,508,35,3507,105170050,6335,2012-06-16,8.45,OZ,1,3.77
3043136863,31,56,5612,104175747,10216,2012-05-06,4.5,OZ,1,4.99
3043144019,31,25,2506,105000050,32115,2012-09-08,16,OZ,3,3.5
3043169574,40,21,2105,104900040,14357,2012-08-06,160,OZ,3,14.97
3043169574,40,21,2114,101660010,15505,2013-02-07,12,OZ,1,3.99
3043169574,40,99,9904,1064312666,5072,2013-06-13,1,CT,1,3.99
3043184064,21,99,9904,1071575676,5278,2012-06-29,6,OZ,1,2.99
3043184228,21,41,4107,104119040,16347,2012-08-14,14.1,OZ,1,2.29
3043184228,21,21,2106,104119040,16347,2013-04-08,64,OZ,2,3.98
3043185981,240,29,2908,107152474,10039,2013-04-19,16,OZ,1,1.79
3043203771,101,56,5612,1082865383,75140,2012-09-15,12,OZ,1,5.99
3043203771,101,45,4516,103666939,29208,2013-01-15,32,OZ,2,12.48
3043203771,101,14,1404,101480010,12021,2013-01-15,24,OZ,1,2
3043203771,101,19,1908,104800141,16564,2013-01-15,28,OZ,1,4.99
3043203771,101,9,917,104335444,25412,2013-05-06,17,OZ,2,3.76
3043203775,101,7,709,109955595,7661,2012-08-05,3.9,OZ,1,7.49
3043203775,101,7,709,109955595,7661,2012-11-11,3.9,OZ,1,6.99
3043205124,101,3,302,102800020,30272,2012-12-14,10,OZ,1,2.5
3043205124,101,53,5307,1068826767,81691,2012-12-23,16,OZ,4,5
3043205211,101,57,5707,107047070,20230,2012-03-11,12,OZ,2,4.38
3043205211,101,33,3305,102840020,18584,2012-04-22,9.75,OZ,1,3.89
3043205264,101,96,9609,1053700050,88199,2012-07-16,0,,1,-1
3043205264,101,33,3305,102840020,18584,2013-02-18,10,OZ,1,3.89
3043205964,101,99,9908,107464171,53752,2013-01-20,8,OZ,1,2.99
3043205964,101,33,3307,101411313,23033,2013-03-03,7,OZ,2,9.98
3043209331,77,55,5567,107064070,19704,2012-04-27,21,OZ,1,5.79
3043210410,77,4,416,104000040,16765,2012-05-22,1.78,OZ,2,1.34
3043210410,77,73,7302,103680030,18533,2012-05-31,50,CT,1,2.5
3043210410,77,63,6315,107078474,18552,2012-11-12,128,OZ,2,5.38
3043210410,77,71,7113,102279626,13267,2013-01-09,13,OZ,2,7.99
3043235952,65,41,4108,103940030,71386,2012-04-01,15.8,OZ,1,0.99
3043235952,65,54,5401,1072543979,40679,2012-04-16,12.3,OZ,2,2.46
3043269709,165,96,9609,1053700050,88199,2012-09-23,0,,2,-2
3043270586,26,63,6315,101111010,9907,2012-08-30,64,OZ,1,1.67
3043270586,26,51,5128,1071785474,11614,2012-11-06,8,OZ,1,1
3043274800,143,58,5827,101111010,9907,2012-03-15,16,OZ,1,5.39
3043274800,143,26,2632,103600030,8583,2012-07-18,64,CT,2,4.78
3043274800,143,21,2119,1061300868,867,2012-11-29,23,OZ,3,2.97
3043275157,143,37,3703,101111010,9907,2012-08-01,10.75,OZ,2,1.24
3043275157,143,9,902,102410020,44209,2012-11-16,11.7,OZ,1,3.08
3043277462,98,37,3708,104800141,9814,2012-10-28,1.4,OZ,1,1.69
3043277462,98,9,902,104400040,15335,2012-12-23,8.1,OZ,1,3.69
3043277462,98,58,5814,104470040,10837,2013-03-24,4.2,OZ,1,1.37
3043277768,89,56,5621,101111010,9907,2012-08-24,8,OZ,1,1.79
3043277768,89,29,2928,104100040,9814,2012-11-27,5.3,OZ,2,2
3043282419,58,96,9609,1057892959,88199,2012-06-21,0,,1,-1
3043283937,58,9,908,101111010,9907,2012-04-21,14,OZ,1,3.99
3043283937,58,57,5707,107047070,20230,2012-06-05,36,OZ,1,4.99
3043283937,58,0,0,10000,0,2012-10-12,0,,1,-5
3043283937,58,63,6315,101111010,9907,2012-12-02,64,OZ,1,1.67
3043283937,58,41,4121,102700020,8612,2013-01-14,29,OZ,2,4.18
3043283937,58,99,9904,1081204989,27736,2013-03-14,16,OZ,1,2.99
3043283937,58,63,6315,101111010,9907,2013-04-18,128,OZ,2,6.18
3043284306,126,96,9609,1058768454,88199,2012-07-11,0,,1,-1
3043326170,96,21,2114,104140949,3957,2012-04-29,4.5,OZ,1,1.69
3043326170,96,0,0,10000,0,2013-04-14,0,,2,0
3043326447,96,18,1823,103320030,875,2012-07-26,30,OZ,1,2.29
3043332251,214,0,0,10000,0,2012-10-09,0,,1,25
3043332251,214,57,5710,103663232,4568,2013-02-19,21.2,OZ,1,3.69
3043332251,214,55,5562,107265575,8089,2013-02-28,12,OZ,1,2.5
3043332251,214,6,605,102830020,16257,2013-07-18,12,OZ,2,2
3043344099,214,45,4514,104122040,20514,2013-01-26,64,OZ,1,9.96
3043346567,214,72,7208,1075207777,20381,2012-03-05,1,CT,1,2.33
3043346567,214,75,7507,1078852171,73798,2012-11-04,10,OZ,1,17.97
3043346567,214,31,3108,105210050,11382,2013-05-11,5.25,OZ,1,1.74
3043348496,214,21,2106,103120030,12957,2012-08-14,64,OZ,1,2.64
3043355357,214,57,5710,1089470080,21065,2012-12-15,5.3,OZ,7,7
3043355357,214,64,6401,103410030,11704,2013-03-20,96,OZ,1,6.36
3043439195,4,7,709,102550020,6550,2013-02-05,3.81,OZ,1,5.7
3043446304,18,41,4107,102113020,15704,2013-04-15,15.25,OZ,2,1.58
3043846821,400,27,2707,101780010,3108,2012-07-06,3.15,LB,2,9.58
3044021144,507,97,9753,1049062141,0,2013-05-10,1,CT,1,25.12
3044024173,507,29,2914,102100020,9886,2012-10-11,14.5,OZ,1,2.4
3044024173,507,10,1007,104300040,26232,2013-06-15,6,OZ,1,1.25
3044026180,507,26,2628,103700030,2248,2012-04-14,2,RL,1,3.99
3044108919,508,4,416,104000040,26517,2012-10-03,3.14,OZ,1,1.02
3044137583,510,63,6315,108523989,11176,2012-05-02,128,OZ,1,2.69
3044137583,510,97,9753,10978006191,0,2013-01-24,1,CT,2,13.98
3044149706,510,97,9753,1049020040,0,2012-10-19,1,CT,1,12.99
3044225306,85,33,3315,101030010,5740,2013-04-23,7.5,OZ,4,12
3044235065,21,33,3303,107260070,8245,2013-03-24,10,OZ,2,5
3044256110,101,37,3703,105100050,2820,2012-04-02,10.75,OZ,2,1.58
3044256110,101,36,3618,107800070,4944,2012-05-20,67.6,OZ,1,1
3044256110,101,27,2712,1068826767,7173,2012-09-09,80,OZ,1,5.29
3044256110,101,9,902,103010030,3744,2013-07-07,16,OZ,1,3.19
3044260885,77,57,5710,103663232,4568,2012-05-01,5.3,OZ,1,1
3044284649,70,34,3410,101700010,4912,2012-06-08,52,OZ,1,5.59
3044284649,70,81,8101,102820020,19426,2012-12-14,1,CT,1,6.05
3044311038,64,63,6320,1072543979,40679,2013-04-06,6,CT,1,1.56
3044325498,26,36,3601,101200010,13794,2012-06-28,144,OZ,3,6.67
3044328320,143,36,3601,104900040,3809,2012-12-06,60,OZ,1,3.29
3044328802,126,63,6312,102500020,16487,2012-08-29,59,OZ,1,2.68
3044335084,89,23,2301,107680878,1393,2012-10-04,16,OZ,1,1
3044335084,89,97,9753,1021165323,0,2012-10-04,1,CT,1,2.86
3044335084,89,0,0,10000,0,2012-11-17,0,,2,0
3044335084,89,99,9904,105410757,33170,2013-01-20,48,OZ,1,3.99
3044335084,89,75,7520,1030052131,27166,2013-01-29,170,CT,1,2.49
3044342575,89,36,3618,101200010,23361,2012-04-29,144,OZ,1,4.99
3044342575,89,63,6325,107590070,2073,2012-10-03,12,OZ,1,2.99
3044342575,89,57,5707,107047070,20230,2012-10-22,16,OZ,2,3.98
3044343789,58,46,4606,101111010,20588,2013-01-08,12,OZ,3,9.57
3044344250,12,63,6315,104126040,100699,2012-07-11,128,OZ,1,1.49
3044344250,12,31,3110,101111010,9907,2012-09-11,3,OZ,1,2.59
3044344250,12,0,0,10000,0,2012-12-29,0,,2,0
3044344250,12,10,1006,10100010,9907,2013-03-29,16,OZ,1,3.39
3044378540,96,28,2806,105410050,19509,2012-03-06,80,OZ,1,4.69
3044379919,96,63,6320,103003434,7175,2012-09-11,12,CT,1,1.81
3044379919,96,63,6323,104190040,4664,2013-02-11,64,OZ,2,5.58
3044385633,214,22,2210,103700030,5174,2012-07-03,103,OZ,1,8.98
3044385633,214,5,516,103000030,14760,2012-09-20,6.7,OZ,2,4.24
3044386512,214,73,7308,109110898,3813,2013-01-02,18,CT,1,4.83
3044393476,214,30,3002,105250050,5337,2013-02-10,18,OZ,1,2.78
3044450975,46,99,9909,107143070,5072,2012-08-10,12,OZ,1,2.5
3044450975,46,51,5134,104280040,18599,2012-10-11,7.5,OZ,2,2
3044487759,95,36,3631,102113020,15704,2012-05-29,67.6,OZ,1,0.99
3044487759,95,5,519,103000030,14760,2012-06-03,2.46,OZ,1,1.99
3044518529,48,58,5812,105450050,1322,2012-07-30,16,OZ,1,3.99
3044774306,42,28,2805,104149747,19710,2012-05-25,5.75,OZ,2,3.18
3044774810,42,69,6909,101150919,19168,2012-11-03,12,OZ,1,4.99
3044774810,42,27,2709,103680030,13656,2012-11-18,3,OZ,2,2.38
3044774810,42,63,6315,107654575,17876,2012-12-26,64,OZ,2,4.6
3044774810,42,29,2907,104600040,13023,2013-01-12,21.2,OZ,1,4.59
3044774810,42,60,6012,103810535,35945,2013-01-30,10,OZ,1,4.99
3044774810,42,63,6319,102073525,18893,2013-02-01,128,OZ,1,2.99
3044926307,116,21,2106,103120030,12957,2012-11-21,64,OZ,3,10.47
3044926307,116,99,9904,103890030,5072,2012-12-15,12,OZ,1,2.99
3044947577,109,30,3001,102100020,11761,2012-06-08,15,OZ,1,3.99
3044961590,109,63,6313,107417575,20614,2013-01-04,12,OZ,1,1.99
3044992549,377,64,6401,101820010,2510,2013-02-16,144,OZ,1,8.99
3045030658,507,55,5556,104154848,5603,2013-01-27,48,OZ,1,3.07
3045076148,507,74,7405,1084105888,15983,2012-05-15,4,CT,1,10.89
3045109331,508,4,410,107172070,18529,2012-10-31,14.4,OZ,1,2.4
3045112299,507,53,5307,108523989,833,2012-10-18,12,OZ,1,1.99
3045126204,508,36,3632,107800070,17635,2012-08-02,101.4,OZ,1,2.89
3045126204,508,32,3202,108523989,11176,2012-08-15,128,OZ,1,7.13
3045150673,508,30,3010,102727121,2349,2013-01-03,12,OZ,1,3.14
3045150673,508,25,2509,108523989,11176,2013-03-29,32,OZ,1,1.59
3045186441,510,8,821,108523989,11176,2012-05-17,15,OZ,1,2.14
3045198354,510,16,1601,102200020,71567,2012-08-07,15,CT,1,0.99
3045198354,510,26,2628,101310010,23664,2012-08-15,8,RL,1,9.99
3045232364,31,33,3312,103700030,14494,2013-04-08,6.41,OZ,1,1.45
3045232364,31,8,818,105100050,14403,2013-05-08,24,OZ,3,5
3045261937,85,63,6315,108793282,13877,2013-04-16,64,OZ,2,1.98
3045261937,85,55,5559,102500020,11749,2013-05-15,27,OZ,1,1.99
3045270020,21,51,5125,101380010,10271,2012-03-25,10,OZ,2,5.58
3045270020,21,29,2928,101740010,3008,2012-04-14,5,OZ,2,1.5
3045270020,21,23,2310,104116444,27731,2012-05-29,16,OZ,1,2.5
3045270020,21,99,9908,104119040,16347,2012-05-29,16,OZ,1,2.5
3045271954,21,36,3627,107800070,23362,2012-05-03,144,OZ,1,3.99
3045272045,21,73,7357,104119040,16347,2013-03-14,100,CT,1,3.17
3045275479,100,33,3307,102900020,14112,2012-10-13,16,OZ,1,2.99
3045296227,101,0,0,10000,20405,2012-10-01,0,,1,-0.55
3045296227,101,97,9717,102519222,19097,2013-03-30,1,CT,1,16.99
3045296227,101,96,9609,1053700050,88199,2013-04-18,0,,1,-1
3045297464,77,0,0,10000,20405,2012-11-16,0,,1,-0.79
3045298460,77,15,1504,104114343,17593,2012-05-02,10,OZ,1,3.69
3045336107,64,33,3305,102840020,5141,2012-05-08,1.25,OZ,1,0.5
3045336107,64,64,6401,101820010,12358,2012-11-21,24,OZ,1,1.59
3045348340,68,6,603,1072543979,40679,2012-06-10,19,OZ,1,2.09
3045357629,373,18,1835,104460040,9709,2012-06-30,6.7,LB,1,6.99
3045357629,373,9,907,1072543979,40679,2012-08-10,20,OZ,1,1.29
3045357629,373,58,5827,107367575,3012,2012-12-21,12,OZ,2,6.99
3045360493,165,36,3626,101200010,16391,2013-05-16,144,OZ,1,6.69
3045362118,83,96,9609,1054650050,88199,2012-09-09,0,,1,-1
3045367000,126,99,9908,101111010,9907,2012-10-17,16,OZ,1,2.99
3045373376,211,5,501,101600010,18781,2012-05-12,10.7,OZ,1,2.69
3045378242,431,1,106,101500010,7142,2013-05-14,6,OZ,7,5.32
3045383052,58,12,1205,101111010,9907,2012-12-13,5,OZ,2,1.56
3045419173,96,33,3318,107797575,27417,2012-10-06,16,OZ,1,3.29
3045419173,96,99,9909,103003434,7175,2013-03-23,16,OZ,1,4.99
3045419372,96,96,9609,1052340050,88199,2012-03-12,0,,2,-1
3045419452,96,36,3611,103003434,7175,2012-06-25,405.6,OZ,1,2.48
3045419452,96,35,3504,103500030,13470,2012-10-27,25,OZ,1,1.99
3045419452,96,49,4901,103003434,7175,2012-12-09,28,OZ,1,2.19
3045428714,214,59,5907,101111515,8760,2012-10-23,16,OZ,1,0.88
3045480714,46,96,9609,1052900050,88199,2013-01-13,0,,1,-1
3045480714,46,59,5902,103450030,10165,2013-04-14,8,OZ,3,4.5
3045525708,14,33,3309,102840020,18584,2012-06-20,13,OZ,1,2.99
3045525708,14,9,907,102113020,15704,2013-06-06,20,OZ,1,1.5
3045826529,42,53,5307,101450010,20864,2012-03-09,12,OZ,2,4.38
3045826949,42,37,3703,104149747,19710,2012-03-05,10.5,OZ,2,1.38
3045984229,108,99,9908,101833717,26028,2012-07-26,12,OZ,1,3.99
3046006381,109,1,105,103680030,18533,2012-06-07,25.75,OZ,1,13.68
3046022644,109,99,9909,107143070,5072,2012-10-21,32,OZ,1,3.99
3046041533,10,33,3305,107373171,11786,2012-11-19,12,OZ,1,3.19
3046041533,10,36,3630,107800070,5208,2013-02-05,67.6,OZ,1,1
3046112129,507,25,2506,104127141,26189,2013-01-04,32,OZ,1,2.97
3046144331,507,95,9518,1064541666,2988,2013-03-03,1,CT,1,5.24
3046176025,508,97,9753,10978037494,0,2012-11-09,1,CT,1,12
3046179167,508,63,6305,104850040,18799,2012-04-10,89,OZ,2,10.38
3046351329,31,63,6320,102114020,19950,2012-07-03,18,CT,1,2.99
3046351329,31,59,5907,102740020,16291,2012-07-16,16,OZ,1,1.5
3046351329,31,56,5613,107104070,76668,2013-04-18,16,OZ,1,4.69
3046367240,31,8,807,101958212,86245,2012-06-17,18,OZ,2,2.29
3046383555,40,38,3801,102114020,19950,2012-11-22,2,LB,2,4.38
3046383555,40,4,416,104000040,16765,2013-01-10,2.07,OZ,1,1.09
3046413332,85,17,1703,103700030,12071,2013-02-10,32,OZ,1,3.39
3046424172,21,53,5305,102000020,7655,2012-12-21,9,OZ,1,1.66
3046424172,21,8,803,106414464,7770,2013-02-14,12,OZ,1,1.33
3046429630,21,36,3633,107397070,5186,2012-09-04,67.6,OZ,1,1.79
3046455997,100,51,5126,101380010,27474,2012-03-31,11.5,OZ,1,2.39
3046455997,100,12,1206,108000080,17292,2012-08-04,5,OZ,2,3.98
3046455997,100,8,801,101300010,8164,2012-08-10,36,OZ,1,3.19
3046459941,104,57,5704,104130343,38922,2013-02-06,32,OZ,1,2.49
3046476690,101,26,2609,103770030,3447,2012-12-07,35,CT,1,2.5
3046482511,77,45,4516,107708373,15508,2012-04-27,12,OZ,1,4.29
3046482511,77,51,5125,107265575,8089,2012-10-23,10.8,OZ,1,2.5
3046482511,77,27,2710,107023070,18373,2013-04-19,20,LB,1,6.99
3046483641,77,9,907,104500040,20016,2012-05-12,12,OZ,2,4
3046483641,77,0,0,10000,20405,2012-12-20,0,,1,-0.58
3046483641,77,27,2709,105849656,29292,2013-05-25,3,OZ,1,1.99
3046484631,101,58,5807,102135727,8277,2012-09-28,10,OZ,1,6.99
3046484631,101,32,3202,1068826767,81691,2012-10-31,48,OZ,1,3.49
3046484717,101,72,7205,103700030,4294,2013-03-16,6,OZ,1,3
3046485396,101,5,501,101600010,85114,2012-03-21,17,OZ,2,6
3046485396,101,5,501,103800030,11732,2012-07-11,24,OZ,1,3.99
3046485396,101,51,5115,107218070,15035,2012-11-16,23.45,OZ,1,3.34
3046486395,101,5,517,103800030,17050,2012-05-28,4.86,OZ,1,2.5
3046486395,101,41,4107,102400020,4704,2013-04-15,14.5,OZ,1,1.19
3046486462,101,8,811,103620030,1698,2012-03-17,24,OZ,1,2.19
3046486462,101,26,2619,101370010,8154,2012-03-31,15,CT,1,4.39
3046486462,101,18,1828,102340020,15181,2012-06-17,7.5,OZ,2,1.46
3046486462,101,37,3705,104119646,14582,2012-12-22,18.5,OZ,1,2
3046486553,101,63,6320,1068826767,81691,2012-08-12,12,CT,1,1.69
3046486634,101,99,9904,103338333,33170,2012-05-11,64,OZ,1,3.99
3046486634,101,99,9904,1071575676,5278,2012-07-06,16,OZ,1,2.99
3046486634,101,9,901,103010030,19370,2013-03-18,14.2,OZ,1,2
3046486852,101,28,2806,105410050,19509,2012-03-10,24,OZ,1,2.39
3046493735,77,58,5824,107078474,18552,2012-05-15,16,OZ,1,3.69
3046493735,77,9,916,103010030,47346,2013-03-09,9.5,OZ,1,2.5
3046493735,77,56,5620,107078474,18552,2013-07-06,8,OZ,1,2.69
3046503537,70,36,3601,104900040,3809,2013-01-04,67.6,OZ,1,1.99
3046503537,70,44,4402,102113121,11151,2013-02-11,10,OZ,1,2
3046503537,70,55,5552,1072543979,40679,2013-04-09,128,OZ,1,5.95
3046503537,70,44,4404,107105272,3829,2013-05-03,11.5,OZ,1,2.49
3046503537,70,58,5827,103760030,8501,2013-05-19,16,OZ,1,3.99
3046522796,70,33,3303,104126242,19971,2012-08-14,7,OZ,2,4.48
3046535132,70,54,5403,107790070,9200,2012-06-24,36,OZ,1,9.99
3046535132,70,62,6201,107176373,54531,2012-08-05,24,OZ,1,3
3046535132,70,44,4404,101800010,14029,2012-12-09,41.6,OZ,1,4.59
3046575138,70,33,3303,104126242,19971,2012-05-11,6.75,OZ,2,4.48
3046605283,64,36,3626,107800070,16223,2012-11-23,144,OZ,1,3.99
3046624588,370,33,3307,101411313,23033,2012-03-16,8,OZ,1,3.99
3046624588,370,29,2923,104100040,9814,2013-03-16,4.4,OZ,2,1.98
3046624742,370,9,921,1072543979,28418,2012-10-20,4,OZ,2,1.36
3046629447,64,4,405,1060069969,55864,2013-01-17,10,OZ,2,2.78
3046629447,64,3,302,102800020,30272,2013-07-06,12,OZ,1,2.68
3046629447,64,33,3315,103582636,6564,2013-07-13,7.25,OZ,1,1.99
3046629447,64,55,5552,102073525,18893,2013-07-13,48,OZ,1,2.99
3046655520,165,29,2928,107107272,19376,2012-10-05,8,OZ,1,2.69
3046656346,165,21,2119,108813080,867,2013-03-24,23,OZ,1,0.99
3046657125,165,5,501,1088491282,8459,2013-03-31,14.5,OZ,1,1.21
3046657181,165,41,4105,104118848,6915,2013-01-21,28,OZ,2,3
3046657181,165,96,9609,1054118858,88199,2013-05-12,0,,1,-1
3046659723,26,10,1012,102700020,23332,2012-11-05,13,OZ,1,1
3046662147,143,63,6315,101111010,9907,2012-09-30,64,OZ,1,1.79
3046662147,143,71,7114,102240020,18715,2012-11-21,8,OZ,1,4.29
3046663351,83,57,5710,1089470080,21065,2012-09-12,14,OZ,1,2.69
3046668040,12,29,2914,102100020,9886,2013-01-02,5.5,OZ,2,2.98
3046672617,63,36,3618,104900040,23359,2012-09-29,240,OZ,1,6.99
3046672617,63,96,9631,107675070,19430,2012-12-15,1,CT,2,57.9
3046672617,63,29,2906,1076566777,711,2013-01-19,5.5,OZ,1,2.49
3046676871,98,21,2119,108813080,18653,2012-08-04,128,OZ,2,5.38
3046676871,98,63,6313,104157343,9907,2012-11-09,8,OZ,1,3.49
3046676871,98,37,3703,101111010,9907,2012-12-27,10.5,OZ,2,1.78
3046676871,98,0,0,10000,0,2013-03-09,0,,1,0
3046676871,98,36,3611,101111010,9907,2013-03-30,405.6,OZ,1,2.99
3046676871,98,27,2702,101901414,8664,2013-04-20,13.3,LB,1,17.97
3046678626,89,95,9518,107000070,7848,2012-03-03,1,CT,1,4.99
3046689242,211,58,5823,104450040,8318,2013-03-22,9,OZ,1,3.27
3046689625,89,63,6320,101111010,9907,2012-04-14,12,CT,1,1.69
3046689625,89,45,4511,102370020,18969,2013-02-15,25,OZ,1,7.47
3046692854,2,96,9609,1057320252,88199,2012-03-11,0,,1,-1
3046692854,2,99,9904,103338333,33170,2013-03-21,24,OZ,2,3
3046698401,191,29,2925,107613272,17592,2012-10-10,80,OZ,1,8.19
3046698401,191,0,0,10000,0,2012-11-13,0,,1,0
3046703400,140,9,903,102100020,85727,2012-03-17,6,OZ,1,2.99
3046723228,211,36,3632,101111010,1814,2012-03-02,67.6,OZ,2,1.74
3046723240,126,18,1890,105209252,43069,2012-09-01,2,CT,1,3.99
3046723811,89,9,920,107641070,10160,2012-12-02,10,OZ,1,2.99
3046723811,89,97,9799,102316727,5507,2013-03-26,1,CT,1,2.39
3046724439,58,5,518,1076201575,16170,2012-07-07,3,OZ,1,2.49
3046724439,58,29,2928,107142979,20299,2013-01-05,8,OZ,1,1.89
3046724439,58,4,418,102800020,4346,2013-07-18,7.8,OZ,1,3.5
3046730363,126,2,202,1064420969,5345,2012-03-07,16.7,OZ,1,2.79
3046730363,126,35,3504,103700030,4628,2012-04-15,9,OZ,1,1.49
3046730363,126,63,6314,101111010,9907,2012-05-08,16,OZ,1,1.07
3046730363,126,25,2506,104410040,8481,2012-11-21,16,OZ,1,1.79
3046730623,151,41,4107,102000020,7655,2012-12-03,11,OZ,1,1.65
3046742121,12,27,2702,101780010,30972,2012-07-20,15.5,LB,1,12.99
3046742121,12,4,410,101420010,3294,2013-03-17,11.5,OZ,1,2.49
3046746027,12,35,3506,101111010,9907,2012-06-04,38,OZ,1,7.49
3046746027,12,4,418,104000040,26517,2012-06-14,12.6,OZ,5,15.95
3046746027,12,8,803,105440050,7686,2012-10-01,8,OZ,1,4.19
3046754511,140,36,3632,102500020,11749,2012-06-18,67.6,OZ,1,0.99
3046754511,140,51,5124,107960676,18410,2012-08-27,4,OZ,1,0.49
3046754511,140,64,6410,101820010,2510,2012-10-04,24,OZ,1,2.69
3046754511,140,8,807,102100020,9886,2012-11-01,17.5,OZ,1,1.39
3046754511,140,58,5823,104470040,13310,2013-03-13,8,OZ,1,3.27
3046756316,140,23,2301,102680020,565,2012-05-05,16,OZ,3,2.64
3046762581,191,37,3703,105100050,2820,2012-09-16,10.5,OZ,2,2.5
3046802217,166,21,2105,105200050,7054,2012-03-28,128,OZ,1,4.99
3046802217,166,58,5831,103927232,26234,2013-03-17,20,OZ,2,13.58
3046805516,96,40,4005,107073474,25373,2013-01-07,1.4,OZ,1,3.49
3046808671,96,56,5620,104610040,15889,2013-05-17,8,OZ,1,3.29
3046808969,96,0,0,10000,0,2012-06-10,0,,1,0
3046824415,214,51,5129,101450010,20864,2012-08-05,21,OZ,1,3.98
3046824415,214,36,3601,104122040,23511,2012-09-22,144,OZ,1,2.48
3046845150,214,64,6401,108066080,4098,2012-03-04,72,OZ,1,7.98
3046845150,214,36,3632,107800070,23209,2012-10-04,144,OZ,1,3.97
3046845150,214,51,5122,104122040,23511,2012-11-25,16,OZ,2,12.76
3046871236,214,24,2406,103760030,17027,2013-05-25,12,OZ,1,2.48
3046875663,214,4,405,1060069969,55864,2012-03-17,10,OZ,1,1.08
3046875663,214,23,2301,107680878,1393,2012-05-30,16,OZ,9,10.62
3046898199,214,28,2804,107639777,9982,2012-09-28,7,OZ,1,0.85
3046898199,214,33,3305,102840020,5141,2012-09-28,11.5,OZ,1,2.68
3046910106,214,53,5307,101450010,20864,2012-09-08,12,OZ,2,3.76
3046910106,214,9,914,107343575,9705,2012-11-21,12,OZ,1,2.5
3046910106,214,64,6409,108130888,25521,2012-11-24,0.75,LT,2,15.94
3046913897,214,63,6320,104122040,20514,2012-04-02,18,CT,1,2.36
3046913897,214,72,7212,106905565,26880,2012-08-21,1,CT,2,11.94
3046913897,214,54,5401,103800030,5618,2012-10-03,12.6,OZ,1,2.31
3046913897,214,41,4105,104122040,23511,2012-10-19,15,OZ,1,0.59
3046937638,46,30,3001,102100020,9886,2013-02-07,30,OZ,1,3.75
3046954075,46,9,922,102430020,10577,2012-10-19,28,OZ,2,6.98
3046954075,46,33,3308,102840020,3336,2012-10-19,9.75,OZ,2,4
3047005433,46,97,9707,107169171,15583,2012-05-04,1,CT,1,4.99
3047005433,46,29,2908,104125040,11473,2013-01-06,16,OZ,3,2.37
3047014541,46,63,6315,104125040,11473,2012-03-17,128,OZ,1,2.5
3047026331,46,9,922,102430020,10577,2012-09-19,12,OZ,1,1.67
3047048509,46,9,970,103800030,62065,2012-06-24,14.1,OZ,1,1.99
3047048509,46,99,9908,107146474,2142,2013-01-19,12,OZ,1,1.69
3047092548,20,30,3001,102113020,15704,2012-12-17,30,OZ,1,3.59
3047095799,14,9,902,104400040,19783,2012-03-12,8,OZ,1,3.49
3047095799,14,33,3311,102840020,27521,2012-07-26,10.5,OZ,1,3.99
3047109100,4,41,4108,107989373,12908,2013-01-06,15,OZ,1,0.69
3047124329,14,36,3611,102113020,15704,2012-05-08,405.6,OZ,1,3.29
3047124329,14,63,6320,102113020,10786,2012-12-24,12,CT,1,1.99
3047124329,14,8,814,1070221878,67559,2013-01-17,16,OZ,1,3.99
3047171231,360,45,4511,107346171,1376,2012-03-12,11,OZ,1,5
3047171231,360,8,810,104150141,13296,2012-10-08,1.25,OZ,2,2.58
3047171231,360,96,9609,1055100050,88199,2012-10-08,0,,1,-0.8
3047171231,360,26,2630,103680030,3679,2012-10-29,110,CT,1,0.88
3047171231,360,59,5906,104060040,26155,2013-03-01,15,OZ,2,5.98
3047751816,205,58,5824,104450040,8318,2012-04-21,14,OZ,1,3.99
3047751816,205,4,410,107172070,18529,2013-06-03,12,OZ,1,2
3047751816,205,63,6312,102073525,18893,2013-06-19,57.6,OZ,1,2
3047760406,42,14,1411,103890030,5072,2012-11-17,8,OZ,1,0.89
3048243703,224,9,907,107518575,11221,2012-03-02,15,OZ,1,3.49
3048243703,224,70,7002,105113151,52,2013-04-30,8,CT,1,2.99
3048243703,224,41,4105,102400020,4704,2013-07-16,14.5,OZ,2,2.98
3048420127,377,18,1898,104133343,5379,2013-03-26,4,CT,1,7.99
3048509502,507,17,1704,102570020,27327,2013-01-05,32,OZ,2,5
3048515331,507,73,7318,1036816333,23664,2012-10-06,60,CT,1,6.99
3048517234,507,4,410,107172070,18529,2012-10-27,56,OZ,1,8.39
3048525975,507,26,2630,103700030,14647,2013-05-29,744,CT,1,10.12
3048546767,507,72,7209,1030004131,26880,2013-02-11,54,YD,2,1.98
3048605183,508,8,836,108523989,11176,2012-03-03,16,OZ,1,1.07
3048605183,508,97,9753,1020401121,0,2012-06-29,1,CT,1,0.14
3048722246,507,97,9748,107166272,4239,2012-08-04,10,CT,2,2.08
3048722246,507,97,9745,102622929,12736,2012-08-04,0,,4,3.44
3048736155,507,33,3307,108523989,833,2012-09-02,11.5,OZ,1,5.63
3048736155,507,74,7402,104740040,7196,2013-04-01,14,OZ,1,3.77
3048773022,507,63,6315,108523989,11176,2013-01-08,128,OZ,1,3.79
3048782330,507,4,410,107097070,13717,2012-04-07,4.5,OZ,2,3
3048828476,507,17,1726,104460040,3718,2012-03-26,225,CT,1,10.59
3048828476,507,97,9753,108523989,0,2012-06-25,1,CT,1,1.99
3048828476,507,63,6320,108523989,11176,2012-07-01,12,CT,1,2.09
3048867541,508,26,2630,103600030,9787,2012-06-21,60,CT,1,3.14
3048867541,508,58,5823,104470040,13310,2013-01-02,16,OZ,1,6.92
3048879599,508,21,2113,102800020,56490,2012-06-16,33.84,OZ,1,2.4
3048929413,508,95,9519,1064541666,62617,2013-04-06,8,CT,2,2.26
3048966874,510,9,907,107313070,13291,2013-03-27,24,OZ,1,3.45
3048976371,510,97,9753,107355878,0,2012-06-28,1,CT,1,11.54
3048976371,510,97,9731,1074677575,23277,2013-02-13,1,CT,1,20.99
3048976371,510,9,917,107373171,11786,2013-03-04,17.5,OZ,1,2.45
3049006973,510,97,9799,1071981272,13389,2012-10-23,1,CT,1,9.99
3049009294,510,97,9753,1049214141,0,2012-05-27,1,CT,1,9.37
3049009294,510,26,2622,1061525868,23664,2012-07-02,100,CT,1,2.61
3049009294,510,56,5620,104610040,15889,2012-07-09,7,OZ,1,2.57
3049009294,510,51,5130,101380010,27474,2013-03-17,11.25,OZ,1,2.5
3049009391,510,4,418,103400030,8247,2012-10-13,38.27,OZ,1,8.37
3049047298,31,38,3801,102114020,19950,2012-04-22,2,LB,1,1.79
3049103198,21,63,6315,104119040,16347,2013-04-04,128,OZ,2,7.62
3049103493,21,2,211,101600010,1910,2012-03-11,20,OZ,1,2.39
3049103493,21,27,2712,104293444,2439,2013-05-19,288,OZ,1,7.49
3049103883,21,27,2709,102310020,18139,2012-03-12,2.1,OZ,1,1.99
3049103883,21,9,907,107167373,17480,2012-05-28,24,OZ,1,1.99
3049104037,21,9,907,107167373,17480,2012-05-02,24,OZ,1,1.84
3049104037,21,63,6321,102540020,1008,2012-08-18,7,OZ,1,1.99
3049104037,21,99,9909,107127979,6732,2012-08-27,10,OZ,1,2
3049104201,21,55,5552,104154848,5603,2012-07-28,48,OZ,2,5.98
3049105334,21,99,9908,103338333,33170,2012-08-12,16,OZ,1,0.99
3049105399,21,63,6315,104119040,16347,2012-09-15,32,OZ,1,1.39
3049105399,21,12,1206,108000080,17292,2012-11-10,5,OZ,2,2.98
3049105399,21,55,5552,102073525,18893,2012-12-09,48,OZ,1,3.19
3049105745,21,18,1890,102120020,16044,2012-10-15,2,CT,1,2.69
3049129537,101,63,6319,102073525,18893,2012-07-29,128,OZ,1,2.69
3049131295,101,91,9122,107549676,691,2012-12-30,4,OZ,1,6.99
3049153171,64,10,1004,104300040,26232,2012-04-09,5.1,OZ,1,1.49
3049160166,68,63,6320,102862121,6175,2012-03-22,12,CT,1,2.99
3049160166,68,56,5613,107403070,16922,2012-09-08,15,OZ,1,3.49
3049169213,70,81,8101,102610020,12599,2013-01-03,1,CT,2,10.36
3049172826,70,57,5704,107047070,20230,2013-05-26,32,OZ,1,2.59
3049200897,65,58,5824,104450040,8318,2013-02-15,13,OZ,1,2.5
3049219973,26,36,3601,101200010,13794,2012-05-24,144,OZ,4,10
3049219973,26,9,901,104400040,3453,2012-08-21,4,OZ,1,1
3049220241,26,99,9908,101111010,9907,2012-04-23,10,OZ,1,2.99
3049220241,26,26,2613,103600030,8583,2012-09-02,12,CT,1,9.49
3049220241,26,3,310,1066988767,23996,2013-01-23,16,OZ,1,2.99
3049223351,143,51,5119,104670444,18213,2012-04-20,15,OZ,1,5.55
3049223351,143,9,922,102430020,10577,2012-11-03,13.1,OZ,1,1.79
3049224063,83,79,7902,1064078868,44545,2012-04-08,0,,1,1.5
3049224063,83,5,516,103000030,14760,2012-05-18,6.7,OZ,2,4.78
3049224063,83,53,5307,101111010,9907,2012-05-25,12,OZ,4,3.6
3049224063,83,53,5307,101111010,9907,2012-09-15,12,OZ,3,2.3
3049224063,83,55,5559,107064070,2014,2013-05-17,21,OZ,1,2.99
3049235462,89,64,6402,101820010,2595,2012-10-21,72,OZ,1,4.19
3049242666,126,60,6001,105000050,30272,2013-03-31,16.5,OZ,1,2.69
3049244833,89,33,3305,102840020,5141,2012-12-11,11.5,OZ,2,5
3049244833,89,7,707,101111010,9907,2013-01-27,34.5,OZ,1,6.99
3049244833,89,9,922,102430020,10577,2013-05-03,12,OZ,1,1.79
3049252736,12,97,9753,10000,0,2012-12-23,1,CT,1,4.28
3049252736,12,96,9609,1054060050,88199,2013-04-11,0,,1,-0.5
