4627542981,152,1,103,101500010,7142,2012-12-30,8,OZ,2,5.3
4627543933,152,41,4120,102700020,8612,2012-07-06,6,OZ,2,1.74
4627543933,152,58,5812,105450050,1322,2012-09-07,16,OZ,1,4.99
4627543933,152,9,902,101410010,45039,2013-03-16,8.1,OZ,1,5.49
4627543933,152,17,1709,101920010,10882,2013-04-26,24,OZ,1,2.5
4627544362,153,3,311,101600010,1756,2012-03-25,16,OZ,1,2.29
4627544362,153,33,3302,102700020,57417,2013-04-13,8.7,OZ,2,7.18
4627544875,153,63,6315,1068826767,81691,2012-10-02,128,OZ,1,3.99
4627544915,152,7,709,109955595,7661,2012-04-22,3.9,OZ,1,8.49
4627544915,152,19,1905,1068826767,81691,2012-04-23,18,OZ,2,5.58
4627546895,153,27,2704,1087319989,106338,2012-11-26,3.6,OZ,1,3.99
4627546895,153,11,1114,1068826767,81691,2013-02-20,12,OZ,1,2.19
4627546895,153,27,2704,1087319989,106338,2013-02-28,3.6,OZ,1,3.99
4627548261,6,26,2633,105400050,16048,2012-06-22,1,RL,4,4.36
4627548261,6,63,6317,104157040,2017,2012-09-28,64,OZ,2,7.38
4627553220,152,41,4105,107294070,18909,2012-05-27,28,OZ,2,3
4627555172,152,21,2119,101200010,10522,2012-10-04,144,OZ,1,5.29
4627557662,153,33,3303,104178040,19154,2012-09-10,3.5,OZ,1,1.59
4627557662,153,25,2506,104410040,8481,2013-06-12,32,OZ,1,3.99
4627558344,6,26,2629,103700030,2248,2012-05-11,50,CT,1,2.19
4627559848,153,99,9908,102112020,20616,2012-09-28,80,OZ,1,3.99
4627559848,153,54,5403,102580020,16668,2012-11-04,8,OZ,1,3
4627559848,153,58,5824,1076401474,304,2013-03-10,12,OZ,1,5.99
4627559848,153,33,3303,102840020,10241,2013-03-24,6,OZ,1,2.49
4627564713,152,21,2119,101200010,10522,2012-03-21,144,OZ,2,10.58
4627566432,153,59,5902,103450030,10165,2012-03-09,8,OZ,1,2.59
4627566432,153,41,4107,1068826767,81691,2012-08-25,14.5,OZ,1,0.99
4627566432,153,63,6320,1068826767,81691,2012-11-06,12,CT,1,2.29
4627566432,153,21,2105,105200050,7054,2013-02-16,32,OZ,7,11.13
4627571332,153,11,1111,101862717,9496,2012-04-22,1.76,OZ,1,1.34
4627572921,153,8,838,104174040,7430,2012-05-20,6,OZ,1,1.99
4627572921,153,41,4107,102300020,16431,2012-12-08,14.4,OZ,2,2.38
4627572921,153,12,1206,108660080,2559,2013-03-31,20,OZ,1,6.49
4627573067,152,36,3612,107572070,14196,2012-07-27,128,OZ,2,2
4627573316,153,56,5620,102100020,9886,2013-01-02,8,OZ,1,2.89
4627574184,152,99,9909,107143070,5072,2012-03-19,12,OZ,1,3.69
4627574625,152,31,3101,103384434,1257,2013-03-30,0.75,OZ,1,1.79
4627575653,152,21,2119,107618373,16756,2012-03-17,96,OZ,1,5.99
4627575653,152,36,3618,104900040,23359,2012-03-30,67.6,OZ,2,3.38
4627575653,152,21,2119,107618373,16756,2012-07-28,96,OZ,1,5.99
4627575653,152,51,5126,101380010,27474,2013-04-20,12.63,OZ,1,3.79
4627581231,6,63,6315,1068826767,81691,2012-07-02,64,OZ,1,1.89
4627581231,6,25,2503,104127141,26189,2012-08-27,10.5,OZ,6,17.94
4627581231,6,99,9908,107146474,2142,2013-02-13,12,OZ,2,5.98
4627581388,153,58,5824,107778272,9260,2012-06-01,12,OZ,2,8.98
4627582551,153,27,2707,101780010,95301,2013-02-06,7,LB,1,12.79
4627582551,153,95,9518,1061029060,7848,2013-03-10,1,CT,1,1.99
4627583171,153,9,907,1068833969,6434,2012-07-04,11.2,OZ,1,3.99
4627583171,153,31,3111,1065585262,1074,2012-08-25,14,OZ,1,4.99
4627583171,153,58,5827,103390030,9286,2012-11-18,6,OZ,1,3.99
4627583490,6,9,917,107373171,11786,2012-12-09,17.5,OZ,1,3.69
4627583490,6,36,3618,104900040,23359,2013-04-19,144,OZ,1,5.99
4627584194,153,10,1010,105260050,6520,2013-01-07,7.5,OZ,1,1.59
4627584194,153,31,3101,105210050,11382,2013-02-10,3.37,OZ,1,3.59
4627584194,153,63,6320,1068826767,81691,2013-03-17,12,CT,4,9.96
4627584549,152,56,5607,1068826767,81691,2012-07-09,8,OZ,1,2
4627586075,153,36,3625,101200010,23361,2012-12-16,144,OZ,2,10.98
4627588116,152,21,2111,104124444,11218,2012-11-11,25.4,OZ,3,10.17
4627590467,152,9,913,104812141,18322,2012-08-07,24,OZ,1,4.99
4627593081,6,9,901,104400040,16738,2012-07-02,7.75,OZ,1,3.69
4627593081,6,62,6202,1068826767,81691,2012-09-30,9,OZ,1,3.99
4627594280,153,36,3625,104900040,23359,2012-06-22,144,OZ,2,10.98
4627594280,153,6,607,104300040,14112,2012-06-29,6.15,OZ,3,8.97
4627596197,153,57,5703,1068826767,81691,2012-03-25,6,OZ,3,2.67
4627596197,153,49,4901,1068826767,81691,2012-03-25,24,OZ,2,5
4627601729,6,33,3303,102840020,15598,2012-10-03,8,OZ,1,4.29
4627610426,6,33,3303,107260070,8245,2012-04-09,8,OZ,1,2.49
4627610426,6,20,2002,105100050,27873,2012-09-09,46,OZ,1,3.79
4627619339,153,59,5902,1068826767,81691,2012-03-10,16,OZ,1,3.79
4627619339,153,9,918,107351070,17346,2012-06-09,8,OZ,1,3.59
4627619339,153,41,4107,102400020,4704,2013-03-23,8.5,OZ,2,2.3
4627619339,153,63,6305,104850040,18799,2013-04-13,59,OZ,1,3.79
4627628946,153,26,2629,1068826767,7173,2012-09-25,100,CT,1,1.79
4627628946,153,14,1405,103120030,12957,2012-11-09,14,OZ,1,1.99
4627629652,153,33,3318,102840020,15441,2013-02-05,16,OZ,2,6.58
4627629652,153,55,5556,104154848,5603,2013-02-05,48,OZ,2,11.98
4627630613,152,75,7520,104152040,2963,2012-06-05,50,CT,1,2.49
4627633303,153,32,3202,103377636,16650,2013-02-15,24,OZ,1,3.99
4627634252,152,35,3504,103700030,4628,2012-08-03,24,OZ,1,3.85
4627634252,152,21,2119,108079383,6926,2013-02-05,144,OZ,2,11.98
4627634252,152,36,3626,104900040,17186,2013-03-23,67.6,OZ,1,1.99
4627635235,152,9,913,104812141,18322,2012-05-24,12,OZ,1,3.99
4627635235,152,97,9753,1020402626,0,2013-01-02,1,CT,1,4.86
4627635971,152,30,3002,104800141,8178,2012-07-01,30,OZ,1,4.99
4627636813,153,4,418,103400030,15113,2013-03-20,3.2,OZ,1,1.89
4627638705,153,9,907,1060699161,63479,2013-03-11,14,OZ,1,3.99
4627642801,153,5,501,101600010,85114,2012-03-17,17,OZ,1,4.29
4627642801,153,99,9908,102112020,20616,2012-03-24,80,OZ,1,3.99
4627642801,153,0,0,10000,0,2012-09-07,0,,1,0
4627643822,152,63,6311,104180040,19713,2012-11-11,59,OZ,1,3.19
4627643822,152,28,2805,104133141,7531,2012-12-22,5.5,OZ,1,1.89
4627644192,152,36,3635,107252171,19411,2012-03-25,33.8,OZ,5,3.75
4627644192,152,63,6315,1068826767,81691,2013-02-03,32,OZ,1,1.59
4627645362,153,9,907,107518575,11221,2012-06-30,15,OZ,1,3.49
4627647663,6,58,5832,107274575,13804,2012-08-05,12,OZ,1,4.49
4627647663,6,72,7203,1031254737,10554,2012-09-09,33.8,OZ,1,4.99
4627647663,6,21,2105,105200050,7054,2012-10-07,72,OZ,1,4.29
4627647663,6,97,9753,1023100020,0,2012-10-21,1,CT,1,0
4627647663,6,18,1850,105320050,43184,2012-11-04,2,CT,2,5.38
4627647663,6,33,3305,102840020,18584,2013-01-06,13,OZ,1,3.99
4627647663,6,27,2713,101780010,95301,2013-01-20,13,OZ,6,8
4627649304,153,58,5830,104350040,14162,2012-03-22,12,OZ,2,10.98
4627649600,152,4,418,104000040,26517,2013-03-20,12.6,OZ,1,3.99
4627651450,6,36,3618,104900040,23359,2012-05-17,20,OZ,1,1.69
4627651450,6,45,4511,107274575,13804,2012-06-30,28.8,OZ,1,6.99
4627651450,6,26,2609,1068826767,20616,2012-12-16,24,CT,1,2.09
4627651450,6,33,3315,1068826767,81691,2013-03-04,7.25,OZ,1,1.89
4627651450,6,30,3010,104133545,43106,2013-03-04,16,OZ,1,3.49
4627652458,153,14,1415,1088520686,33170,2013-01-13,11,OZ,1,4.99
4627653568,153,99,9904,1081204989,27736,2012-03-16,32,OZ,1,6.99
4627656709,152,63,6314,102100020,2321,2013-02-07,8,OZ,1,2.19
4627658142,153,51,5116,107192171,25673,2012-04-15,8.5,OZ,1,3
4627658142,153,59,5902,1068826767,81691,2012-10-25,16,OZ,1,2.99
4627658142,153,63,6330,104410040,8481,2012-12-23,16,OZ,2,5.98
4627659794,153,36,3632,107153777,14200,2012-06-17,33.8,OZ,2,1.98
4627659794,153,23,2301,107130070,15474,2012-12-02,16,OZ,4,7.16
4627659794,153,25,2506,105000050,32115,2013-01-20,16,OZ,2,5.98
4627659794,153,60,6007,101800010,14029,2013-02-02,8,OZ,3,9.87
4627664733,6,36,3611,108265787,4687,2012-10-20,405.6,OZ,1,4.99
4627667575,152,26,2629,1068826767,7173,2012-11-04,250,CT,1,2.25
4627667575,152,79,7901,1072527474,45338,2012-11-04,1,CT,1,2.99
4627667873,152,26,2617,1068826767,7173,2012-03-25,1,CT,1,2.69
4627669503,152,25,2507,1068826767,81691,2013-01-06,24,OZ,2,4.38
4627670354,152,5,501,101862717,9496,2013-01-22,13.8,OZ,1,3.99
4627672705,152,99,9909,107143070,5072,2012-03-17,9,OZ,1,3.69
4627672705,152,8,837,107241272,8376,2012-03-24,16,OZ,1,2.99
4627672859,153,97,9753,1020408020,0,2012-03-04,1,CT,1,3.59
4627677873,152,5,501,1069899767,18981,2013-02-24,12,OZ,1,6.49
4627680576,152,56,5604,107790171,14428,2012-12-23,6,OZ,1,4.99
4627680576,152,32,3203,106414464,13474,2013-02-13,5,OZ,1,3.99
4627682042,6,21,2114,104140949,3957,2012-12-19,4.5,OZ,1,0.99
4627682772,152,63,6328,103760030,63690,2012-03-06,24,OZ,1,3.99
4627682772,152,26,2633,105400050,16048,2013-03-17,12,RL,1,10.49
4627683340,152,2,201,1064420969,5345,2012-05-06,16.5,OZ,1,1.79
4627683340,152,51,5119,1068826767,81691,2013-01-11,11.1,OZ,1,7.49
4627684787,152,21,2112,1018012717,23074,2013-03-04,33.8,OZ,1,4.99
4627685965,153,29,2907,104600040,13023,2012-12-27,12.5,OZ,1,2.79
4627685965,153,25,2506,105000050,32115,2013-05-26,16,OZ,3,7.47
4627687541,153,59,5902,103450030,10165,2013-06-09,8,OZ,1,2.79
4627688518,152,53,5307,1068826767,20616,2013-03-30,16,OZ,2,4.58
4627688599,6,9,917,107373171,11786,2012-04-27,28,OZ,1,4.35
4627688599,6,49,4901,101312010,26885,2013-01-28,32,OZ,1,3.69
4627688599,6,26,2628,1068826767,81691,2013-04-16,3,RL,2,4.78
4627688599,6,9,917,107373171,11786,2013-06-12,17.5,OZ,1,3.79
4627688599,6,33,3303,104178040,19154,2013-06-29,10,OZ,2,8.58
4627692433,153,41,4108,104119646,14582,2012-07-03,19,OZ,5,6.95
4627692433,153,9,907,107341070,2437,2013-03-25,24,OZ,1,4.69
4627694349,6,56,5616,1068826767,81691,2012-07-26,8,OZ,1,3.49
4627694656,152,21,2119,107618373,16756,2012-12-29,64,OZ,2,5
4627694656,152,63,6315,105215959,41981,2013-01-21,64,OZ,1,3.99
4627699222,153,59,5902,103450030,10165,2013-07-23,8,OZ,1,2.59
4627702209,6,58,5823,104470040,13310,2012-04-03,7,OZ,1,4.99
4627702209,6,2,202,101600010,1756,2012-11-07,17.5,OZ,2,4.98
4627703180,6,18,1842,104152040,14697,2012-04-09,1,CT,1,2.99
4627703180,6,27,2713,102310020,3223,2013-02-19,3.5,OZ,4,3
4627703759,153,9,907,107341070,2437,2012-12-18,24,OZ,1,4.69
4627704241,6,63,6320,1068826767,81691,2012-08-01,18,CT,1,2.99
4627704241,6,99,9904,107143070,5072,2012-09-09,16,OZ,1,3.99
4627704557,6,57,5704,107047070,20230,2012-04-22,4,OZ,2,1.78
4627704557,6,97,9753,1020401121,0,2012-05-29,1,CT,1,1.59
4627704557,6,55,5564,101626414,21015,2013-01-15,26,OZ,1,10.99
4627710080,152,99,9908,103338333,33170,2012-03-23,8,OZ,1,1.99
4627710080,152,33,3303,102840020,15598,2012-07-31,13.5,OZ,1,4.99
4627710080,152,63,6315,1068826767,81691,2012-09-21,64,OZ,1,2.49
4627710080,152,58,5824,102836424,14418,2012-12-09,16,OZ,1,4.49
4627711763,152,95,9518,107000070,7848,2012-07-25,1,CT,1,0.99
4627711763,152,3,302,1068826767,7173,2013-01-15,24,OZ,1,3.99
4627712434,6,59,5902,1068826767,81691,2013-02-23,16,OZ,1,3.69
4627715373,6,57,5705,107047070,20230,2012-07-26,6,OZ,6,5.34
4627715373,6,33,3303,102840020,10241,2012-10-11,1.25,OZ,2,1
4627716275,153,9,907,107341070,888,2012-08-04,24,OZ,1,4.49
4627716275,153,26,2610,104152040,16665,2012-10-24,100,CT,3,8.97
4627720135,153,63,6315,104410040,8481,2012-11-01,64,OZ,1,3.19
4627722115,153,54,5401,1068826767,81691,2012-09-17,12.3,OZ,1,2.29
4627722976,153,8,805,1068826767,81691,2012-08-08,10,OZ,1,2.19
4627724866,153,9,908,107203070,5812,2012-07-15,14,OZ,1,6.49
4627725355,6,33,3303,104178040,19154,2012-04-15,3.5,OZ,1,1
4627727021,152,73,7307,104110040,3614,2012-09-29,10,CT,1,9.99
4627728919,153,63,6317,104157040,2017,2012-04-05,64,OZ,1,3.59
4627728919,153,23,2301,1076738777,5261,2012-08-23,13.25,OZ,1,2.79
4627728919,153,55,5552,107756777,2347,2013-05-27,48,OZ,1,4.99
4627729720,6,63,6320,1068826767,81691,2012-08-09,18,CT,1,3.89
4627729720,6,63,6312,102500020,16487,2012-10-21,89,OZ,1,4.49
4627736742,152,72,7209,104152040,2963,2012-09-04,90,CT,1,1.99
4627736742,152,55,5552,107756777,2347,2013-01-25,48,OZ,2,9.98
4627737856,153,99,9904,1081204989,27736,2013-02-08,16,OZ,1,4.99
4627737960,152,36,3626,104900040,17186,2012-11-06,96,OZ,1,4.99
4627740465,6,60,6001,101800010,14029,2013-01-05,16,OZ,1,3.19
4627740465,6,21,2106,103120030,12957,2013-02-11,64,OZ,1,3.39
4627740465,6,45,4509,1075444171,21551,2013-02-18,64,OZ,2,23.98
4627740465,6,9,907,1068826767,81691,2013-03-04,12,OZ,1,1.29
4627740593,6,72,7205,103700030,4294,2012-09-09,6.2,OZ,2,7.18
4627740628,153,31,3101,105210050,11382,2012-10-06,2.37,OZ,1,3.49
4627740628,153,63,6320,1068826767,81691,2013-02-07,12,CT,1,1.79
4627741337,153,5,520,103000030,14760,2012-05-29,1.9,OZ,2,3
4627741337,153,26,2608,1068826767,7740,2012-09-29,24,CT,2,1
4627741337,153,26,2632,1068826767,20614,2012-11-17,72,CT,1,1.79
4627741337,153,14,1404,101480010,12021,2013-04-16,12.7,OZ,2,5.98
4627745820,152,35,3504,103700030,4628,2012-12-15,10.1,OZ,1,3.29
4627746228,152,37,3708,107107272,382,2012-07-22,6,OZ,1,3.15
4627747111,152,55,5559,1085673282,5072,2012-07-04,18,OZ,1,3.99
4627747111,152,4,418,102734323,11076,2012-09-10,9,OZ,1,4.99
4627747178,152,9,907,107133070,25887,2012-03-05,24,OZ,1,3.99
4627747178,152,64,6401,108769282,15787,2012-06-05,144,OZ,1,18.49
4627747418,152,9,902,104400040,19783,2012-07-06,9.1,OZ,1,3.95
4627747418,152,17,1703,101920010,10882,2012-11-10,40,OZ,1,3.49
4627747418,152,8,811,1074747979,14926,2013-02-01,24,OZ,1,8.79
4627747831,152,58,5830,104350040,14162,2012-11-13,12,OZ,1,5.49
4627747831,152,57,5704,104667545,20216,2012-12-07,6,OZ,3,2.97
4627747831,152,57,5705,1068826767,81691,2012-12-28,6,OZ,1,0.6
4627747831,152,79,7902,104090141,46097,2013-06-16,1,CT,1,2
4627747831,152,97,9707,107169171,15583,2013-07-07,2,CT,1,5.99
4627750078,153,79,7901,102710020,20012,2012-07-22,1,CT,1,2.79
4627754012,152,27,2701,107119070,23292,2012-07-20,8,OZ,2,3.98
4627755116,152,25,2505,102529323,16410,2012-04-21,16,OZ,3,5.97
4627755989,152,7,707,102550020,6550,2012-10-24,10.3,OZ,1,5.69
4627755989,152,9,913,1068826767,81691,2013-04-04,12,OZ,1,1.69
4627756318,153,5,501,103000030,99506,2012-03-09,14.5,OZ,2,8.38
4627756318,153,70,7001,1034152030,2963,2013-06-19,0.5,OZ,1,4.99
4627756539,152,29,2927,107225171,12502,2013-03-18,5.9,OZ,1,2.19
4627757151,152,37,3706,104119646,14582,2013-02-04,19,OZ,1,2.39
4627759580,152,8,802,102446323,93094,2012-09-28,8,OZ,1,2.59
4627760258,153,5,502,103800030,9543,2013-02-02,8,OZ,1,2.99
4627762754,153,27,2704,107910070,85180,2012-07-13,7,OZ,1,1.59
4627762754,153,27,2706,101780010,95301,2013-02-24,3,OZ,3,2.4
4627764090,152,29,2924,1068826767,7173,2012-06-08,28,OZ,1,3.25
4627765623,153,96,9609,10994157090,88199,2012-03-31,0,,1,0
4627765623,153,8,814,103900030,13296,2012-06-16,16,OZ,2,5.5
4627769566,152,64,6401,108066080,4098,2012-08-16,72,OZ,1,9.49
4627769566,152,56,5611,107144878,469,2012-10-28,4.7,OZ,1,3.99
4627770148,152,63,6330,1068826767,81691,2012-12-18,16,OZ,2,5.98
4627770217,6,28,2805,107299979,98643,2012-08-02,6,OZ,1,2
4627770234,6,28,2805,107321474,11575,2012-11-20,10,OZ,1,5.99
4627773090,153,55,5556,1068826767,81691,2012-12-08,48,OZ,1,2.99
4627773090,153,23,2301,104112949,14481,2012-12-18,16,OZ,3,5
4627774108,153,9,907,1068826767,81691,2012-10-01,12,OZ,1,1.69
4627774227,152,9,901,103010030,9530,2012-09-14,12,OZ,1,3.79
4627774227,152,9,907,107130575,11013,2012-10-02,20,OZ,1,3.99
4627774227,152,96,9632,107675070,3431,2012-12-22,1,CT,2,50
4627774227,152,37,3709,104178949,11224,2013-03-03,2.25,OZ,2,1
4627776091,152,99,9908,107146474,53154,2012-06-08,10,OZ,1,1.99
4627776417,153,58,5832,107274575,13804,2012-06-03,12,OZ,1,3.99
4627777390,152,97,9753,1076163575,0,2013-01-16,1,CT,2,7.98
4627777390,152,26,2614,103700030,514,2013-03-12,14,CT,1,3.69
4627777666,6,9,907,107341070,13291,2012-10-10,12,OZ,1,3.99
4627777666,6,20,2002,105100050,27873,2013-02-16,46,OZ,2,7.98
4627780139,153,9,907,1083584181,6283,2013-02-07,24,OZ,1,4.29
4627781621,6,9,907,107225070,12465,2012-06-02,14,OZ,2,5.38
4627781621,6,19,1908,1068826767,81691,2012-06-30,18,OZ,1,2.79
4627781621,6,69,6901,104740040,7196,2013-01-25,4,OZ,1,4.99
4627782238,153,9,908,107203070,5812,2013-05-04,17,OZ,2,12.88
4627782879,6,30,3010,104100040,19975,2012-07-17,16,OZ,1,2.99
4627782879,6,35,3506,103700030,3068,2012-11-17,75,OZ,1,5.89
4627786744,6,44,4401,103210030,15878,2012-04-01,10.75,OZ,2,7.38
4627786744,6,75,7504,104110040,4059,2012-05-06,6,OZ,1,10.49
4627786744,6,53,5307,1068826767,20616,2012-09-09,16,OZ,1,2.29
4627786744,6,97,9753,10000,0,2012-11-04,1,CT,1,5.27
4627786885,153,9,922,104126141,5244,2012-04-22,12.8,OZ,1,3.69
4627786885,153,63,6325,1068826767,81691,2012-11-06,18,OZ,1,6.49
4627787813,153,51,5126,104164141,7378,2012-09-24,13,OZ,1,4.59
4627789174,152,63,6315,104410040,8481,2012-07-04,64,OZ,1,3.09
4627789242,152,36,3611,107572070,14196,2013-01-17,405.6,OZ,3,14.97
4627789296,152,27,2701,101113212,491,2013-01-06,158.4,OZ,1,9.29
4627791015,6,9,912,104812141,18322,2012-09-28,13,OZ,1,3.99
4627791673,153,25,2508,102529323,16410,2012-03-15,64,OZ,1,3.99
4627791673,153,63,6305,102500020,16489,2012-11-01,59,OZ,2,6.78
4627791673,153,99,9904,103338333,33170,2012-11-06,64,OZ,1,5.99
4627791673,153,56,5617,102100020,9886,2013-02-13,12,OZ,1,2.99
4627794268,152,9,901,103010030,9530,2012-03-03,13,OZ,1,3.69
4627794268,152,9,908,107203070,5812,2012-07-29,16,OZ,1,4.99
4627799196,152,9,907,107341070,2437,2012-10-14,24,OZ,1,4.49
4627799196,152,26,2628,103700030,2248,2012-11-17,2,RL,1,7.49
4627799196,152,51,5131,104227242,648,2012-12-01,9,OZ,1,3.49
4627800427,6,23,2301,103340030,15802,2013-01-06,16,OZ,2,3.18
4627800543,152,56,5615,107835474,2675,2012-08-12,8,OZ,1,3.59
4627800928,6,63,6305,104850040,18799,2012-03-05,32,OZ,1,3.19
4627801476,6,63,6315,1068826767,7173,2013-06-01,16,OZ,1,1.09
4627802704,152,26,2609,1068826767,7173,2012-08-30,48,CT,1,2.09
4627809618,153,72,7211,1031015838,14213,2013-03-26,3.9,OZ,1,3.79
4627812894,152,8,816,104082242,15667,2013-01-08,14,OZ,1,4.49
4627812894,152,70,7001,107513777,12583,2013-03-04,0.5,OZ,2,19.98
4627814001,152,56,5607,102100020,13967,2012-03-28,8,OZ,1,3.19
4627814135,153,33,3315,1065585262,1074,2012-06-22,21,OZ,1,6.99
4627814203,153,51,5123,1074616777,22809,2012-06-26,24,OZ,1,5.99
4627815832,153,4,419,103746636,10488,2012-04-01,3.5,OZ,2,7.98
4627821002,152,56,5607,1068826767,81691,2013-03-06,8,OZ,1,2.15
4627822352,6,55,5567,107585676,9798,2013-02-26,25.3,OZ,1,3.99
4627822890,152,99,9908,1068826767,7740,2012-08-25,20,OZ,1,1.99
4627822890,152,63,6315,104138343,10091,2012-11-19,64,OZ,1,4.59
4627823190,153,5,501,101600010,3331,2012-08-04,14,OZ,1,3.39
4627823190,153,33,3307,104157040,2017,2012-11-17,6,OZ,1,2.99
4627823190,153,28,2805,1068826767,81691,2013-04-13,6,OZ,1,1.33
4627823190,153,26,2629,104200040,19231,2013-05-11,100,CT,1,2.25
4627823804,152,9,901,103010030,6852,2012-03-02,6.6,OZ,1,4.29
4627823804,152,0,0,10000,0,2013-03-05,0,,1,0
4627828620,6,63,6305,102500020,16489,2012-08-18,59,OZ,1,3.99
4627828620,6,8,835,104139040,9659,2012-08-18,12,OZ,1,1.99
4627828620,6,35,3509,107261373,401,2013-02-02,50,OZ,1,4.99
4627828681,152,9,922,102430020,10577,2012-05-28,13,OZ,1,1.79
4627829624,6,99,9908,103260131,5489,2012-03-25,6.75,OZ,1,2.99
4627829624,6,36,3618,104900040,23359,2012-05-14,96,OZ,1,4.49
4627829624,6,56,5614,107104070,76668,2012-12-14,9,OZ,1,5.39
4627829793,153,36,3638,101906313,6830,2012-04-30,96,OZ,2,5.58
4627829793,153,27,2713,101780010,30972,2012-10-28,10,OZ,2,3.58
4627830179,153,5,502,105796151,102058,2013-05-17,0.5,OZ,4,2
4627830400,152,63,6315,107060070,29609,2013-02-19,128,OZ,1,4.99
4627830856,6,4,416,103400030,20231,2012-07-11,1.4,OZ,3,2.97
4627830856,6,45,4516,103666939,29208,2012-08-26,14,OZ,1,4.29
4627831700,6,8,838,104174040,7430,2013-03-03,6,OZ,1,1.99
4627832264,153,4,419,107726070,15624,2013-02-10,1,OZ,3,1.77
4627832264,153,25,2505,1068826767,81691,2013-03-25,32,OZ,1,2.19
4627835812,153,4,417,107172070,9365,2013-04-19,4,OZ,1,1.69
4627838907,153,63,6320,1071514171,25530,2012-04-10,6,CT,1,2.19
4627838907,153,54,5401,103800030,5618,2012-08-29,12.3,OZ,1,2.99
4627838907,153,5,501,101600010,14900,2013-02-07,17.1,OZ,1,4.59
4627838907,153,55,5556,1068826767,81691,2013-05-07,48,OZ,1,3.39
4627838907,153,30,3002,104800141,8178,2013-05-18,16.5,OZ,1,4.79
4627840528,152,21,2106,1068826767,81691,2012-07-27,64,OZ,2,6.58
4627841521,153,10,1011,104427646,10134,2013-05-31,28,OZ,1,2.99
4627842880,152,9,902,101410010,45039,2013-01-12,8,OZ,1,2.39
4627845412,6,19,1905,104365646,18671,2013-01-24,12,OZ,1,3.89
4627845412,6,9,913,1068826767,81691,2013-05-15,12,OZ,1,0.99
4627845975,153,9,902,103800030,17050,2012-08-24,4,OZ,1,3.85
4627847272,6,9,901,1075764575,12598,2013-04-14,10,OZ,2,7.98
4627847312,152,26,2634,103600030,4139,2012-07-17,12,RL,1,10.29
4627847312,152,37,3707,105100050,17812,2013-03-28,32,OZ,4,13.56
4627851430,152,63,6315,105215959,41981,2013-01-04,64,OZ,2,7.98
4627851552,153,57,5710,1089470080,21065,2012-06-14,5.3,OZ,3,3
4627851552,153,32,3202,102700020,19737,2012-08-20,48,OZ,1,4.59
4627851552,153,9,907,1083584181,6283,2013-03-21,24,OZ,1,4.29
4627857910,153,60,6012,101800010,14029,2012-06-26,12.4,OZ,1,3.29
4627857910,153,51,5119,107608474,25171,2012-07-14,6,OZ,1,5.59
4627857910,153,97,9753,1081204989,0,2012-08-23,1,CT,1,5.99
4627857910,153,5,520,1068826767,81691,2013-02-02,18,OZ,1,2.29
4627857910,153,53,5307,107056070,14005,2013-02-13,10,OZ,1,2.19
4627859777,153,99,9909,107143070,5072,2012-06-18,8,OZ,1,3.69
4627859777,153,99,9909,107143070,5072,2013-02-03,9.9,OZ,1,3.69
4627860159,153,41,4107,106608666,13616,2012-10-20,6,OZ,1,2.29
4627860159,153,3,310,107045070,4913,2012-12-12,2.25,OZ,1,2.39
4627860549,152,36,3618,104900040,23359,2012-04-22,101.4,OZ,1,4.29
4627860549,152,63,6319,103425636,20309,2012-05-04,64,OZ,1,1.99
4627860549,152,99,9904,1071575676,5278,2013-05-12,6,OZ,1,3.99
4627864215,153,30,3001,104800141,8178,2012-08-03,30,OZ,1,4.99
4627865392,153,8,818,105100050,14403,2012-08-03,45,OZ,1,3.79
4627865707,153,73,7329,103076838,40874,2012-04-14,80,CT,2,57.98
4627865841,152,58,5827,103390030,9286,2012-09-29,6,OZ,1,3.99
4627866956,152,58,5814,104470040,10837,2012-05-27,6.7,OZ,2,6
4627866956,152,36,3601,101200010,13794,2012-07-08,67.6,OZ,2,3.78
4627868778,153,27,2704,109109393,21618,2013-02-27,7,CT,1,3.29
4627869146,153,26,2631,103600030,4139,2012-09-27,42,CT,2,6.78
4627869146,153,63,6315,104410040,8481,2013-05-03,64,OZ,1,2.89
4627869146,153,36,3611,104900040,4599,2013-05-06,405.6,OZ,1,5.99
4627870002,153,5,501,1068826767,7740,2012-09-14,8,OZ,1,1
4627870002,153,21,2117,108768484,2903,2012-10-22,60,OZ,1,2.5
4627872386,152,33,3307,104157040,2017,2012-05-20,8,OZ,1,4.39
4627874627,153,36,3618,101200010,23361,2012-06-27,101.4,OZ,1,4.79
4627874739,6,19,1905,108870282,2167,2012-12-09,13,OZ,1,4.39
4627874955,152,33,3308,102840020,3336,2012-05-04,9.75,OZ,2,6.98
4627875560,6,26,2608,1068826767,7173,2012-07-19,180,CT,1,7.99
4627875560,6,9,908,107247070,9903,2012-07-19,18.4,OZ,1,5.49
4627875560,6,63,6319,104850040,10522,2012-10-01,59,OZ,1,2.69
4627875560,6,63,6315,1068826767,81691,2012-10-05,128,OZ,1,3.59
4627875560,6,73,7308,1031254636,7853,2013-01-03,25,CT,1,1.79
4627875756,152,7,709,107732474,27291,2013-01-29,4.65,OZ,1,6.49
4627876190,152,36,3604,107800070,16023,2012-06-01,67.6,OZ,2,3.78
4627876190,152,59,5902,103450030,10165,2012-11-19,16,OZ,1,5.19
4627876488,152,56,5617,102100020,9886,2012-05-01,16,OZ,1,4.49
4627876488,152,97,9753,1020328323,0,2012-11-09,1,CT,1,10.92
4627876890,153,63,6399,107044676,2071,2012-05-14,32,OZ,1,3.5
4627877974,152,99,9908,102112020,20616,2012-07-05,48,OZ,1,3.99
4627877974,152,30,3008,102100020,9886,2012-12-21,16,OZ,1,3.99
4627878988,153,72,7205,103320030,305,2012-10-11,6,OZ,1,0.99
4627881079,153,26,2633,105400050,16048,2013-03-05,4,RL,1,3.85
4627883261,153,7,709,109955595,7661,2012-06-09,3.7,OZ,1,8.49
4627883261,153,75,7504,104110040,4059,2012-07-13,6,OZ,1,10.99
4627886970,152,99,9909,102112020,20616,2012-05-22,6,OZ,2,7.38
4627886970,152,5,501,103800030,17050,2012-12-27,18,OZ,1,4.79
4627887261,153,99,9908,103338333,33170,2013-03-28,16,OZ,2,3.98
4627887972,152,57,5705,1068826767,81691,2012-11-23,6,OZ,7,3.5
4627887972,152,64,6410,101820010,2510,2013-04-21,96,OZ,1,13.99
4627888086,152,33,3318,102840020,15441,2012-05-09,10,OZ,1,3.29
4627892418,152,8,818,1072534272,12171,2013-02-09,25.5,OZ,1,4.29
4627893043,6,0,0,10000,0,2013-02-28,0,,1,0
4627894125,6,9,902,101410010,45039,2012-03-09,30,OZ,1,8.49
4627894125,6,0,0,10000,0,2012-05-04,0,,1,0
4627896532,153,60,6001,105000050,30272,2013-02-12,16,OZ,1,3.49
4627896532,153,56,5609,1068826767,81691,2013-07-19,24,OZ,1,2.89
4627897811,153,27,2710,107023070,18373,2012-05-17,10,LB,1,2.5
4627897811,153,27,2715,104133444,9293,2012-05-22,5,CT,1,3.19
4627898104,152,4,410,107097070,13717,2013-01-27,3,OZ,1,1.49
4627902578,152,11,1114,1068826767,81691,2012-11-03,32,OZ,1,4.19
4627902578,152,41,4107,102400020,4704,2012-11-19,14.75,OZ,1,1.49
4627903800,153,99,9904,1081204989,27736,2013-01-27,16,OZ,1,4.99
4627904538,153,95,9518,107000070,7848,2012-12-02,1,CT,1,1.99
4627904538,153,3,303,107116979,1756,2012-12-03,1.25,OZ,1,2.19
4627905521,152,96,9609,1054400050,88199,2013-01-07,0,,1,0
4627907550,152,0,0,10000,0,2012-08-18,0,,2,0
4627908012,152,63,6315,1068826767,81691,2012-05-21,128,OZ,1,3.89
4627908012,152,46,4606,1068826767,81691,2012-11-14,48,OZ,1,8.99
4627908012,152,54,5401,103800030,5618,2013-03-01,10.9,OZ,1,2.89
4627911660,152,53,5307,1068826767,20616,2013-01-17,16,OZ,1,2.29
4627913175,6,23,2301,107236878,4715,2012-05-21,16,OZ,1,2.99
4627913175,6,21,2105,105200050,7054,2012-05-25,160,OZ,1,7.29
4627913175,6,99,9904,1071575676,5278,2012-11-02,16,OZ,1,3.99
4627913175,6,9,917,1068826767,81691,2013-03-22,16,OZ,1,1.5
4627913467,153,58,5827,104350040,14162,2012-07-31,20,OZ,1,6.19
4627913467,153,51,5199,107519979,2771,2013-02-22,16,OZ,4,6
4627913566,152,79,7903,1072527474,27869,2013-03-03,1,CT,1,4.99
4627915598,152,99,9908,1068826767,7740,2013-03-29,20,OZ,1,2.49
4627916650,152,9,907,107133070,25887,2012-04-25,24,OZ,1,3.99
4627916650,152,33,3318,107781777,1235,2012-10-07,10,OZ,1,3.49
4627918242,152,21,2119,107618373,16756,2012-06-10,192,OZ,1,11.49
4627920658,152,56,5609,102100020,2321,2012-07-08,16,OZ,1,3.59
4627920658,152,36,3618,104900040,23359,2012-08-26,144,OZ,4,21.96
4627921147,153,9,904,109830494,3318,2012-04-21,5,OZ,2,3.98
4627921920,153,58,5827,104470040,13310,2012-04-30,12,OZ,2,13.98
4627921920,153,7,707,102550020,6550,2012-06-22,11.3,OZ,1,4.39
4627923122,152,51,5125,107265575,8089,2012-05-07,9.5,OZ,1,3.69
4627923122,152,26,2630,1068826767,81691,2012-12-28,65,CT,3,3
4627926882,153,9,917,1068826767,81691,2013-06-19,9.9,OZ,1,1.09
4627930475,153,9,907,107340272,4176,2012-09-15,22,OZ,1,4.29
4627931104,152,51,5125,102580020,16668,2013-03-16,9.5,OZ,2,5
4627931104,152,41,4107,1068826767,81691,2013-04-27,8,OZ,1,0.69
4627931104,152,8,801,101300010,8164,2013-04-27,20,OZ,1,2.39
4627931104,152,58,5826,107179979,27348,2013-05-27,12,OZ,1,2.5
4627937800,152,33,3307,102900020,14112,2012-09-21,34.5,OZ,1,7.49
4627945157,153,36,3618,101200010,23361,2013-01-26,101.4,OZ,1,4.49
4627945271,152,96,9632,1088590989,8990,2012-11-19,1,CT,1,15
4627945271,152,18,1802,104152040,16665,2012-12-05,1,CT,1,2.19
4627946337,152,99,9908,105783656,17665,2012-07-13,17.6,OZ,1,3.99
4627946337,152,27,2705,105000050,6775,2012-08-03,5.5,OZ,3,1.59
4627946337,152,9,907,1068826767,81691,2013-04-27,12,OZ,1,1.69
4627947645,152,55,5559,1068826767,81691,2012-07-04,16.5,OZ,1,2.59
4627950979,6,63,6311,107146474,2142,2012-07-22,15.2,OZ,1,2.99
4627950979,6,8,818,105100050,14403,2012-11-24,23.5,OZ,1,2.69
4627950979,6,58,5832,107274575,13804,2012-12-30,12,OZ,1,3.99
4627951388,153,3,304,105210050,11382,2012-03-09,1,OZ,1,4.29
4627951388,153,35,3509,107261373,401,2013-04-01,100,OZ,1,9.45
4627951647,153,63,6315,104123141,21781,2012-08-18,32,OZ,1,1.99
4627951647,153,27,2707,105000050,6132,2012-10-27,3,LB,2,15.98
4627952539,152,57,5704,1074447373,16798,2012-03-12,6,OZ,3,5.97
4627952539,152,17,1703,103500030,6073,2012-07-29,28,OZ,1,2.29
4627953776,153,9,911,1068826767,81691,2013-02-04,3.5,OZ,1,1.99
4627959155,153,21,2111,102800020,56490,2012-05-04,64,OZ,2,6.98
4627962022,152,99,9908,102112020,20616,2012-04-13,32,OZ,1,3.29
4627962022,152,36,3635,101657111,17037,2012-11-09,17,OZ,8,10.32
4627962022,152,36,3635,101657111,17037,2012-12-21,17,OZ,6,7.74
4627962022,152,9,907,107312474,18613,2013-03-08,14,OZ,1,2.49
4627962022,152,17,1703,101920010,10882,2013-03-15,22,OZ,2,5.98
4627963682,6,22,2201,104460040,3718,2012-09-14,96,OZ,1,2.65
4627964007,153,29,2928,105480050,19039,2012-06-03,8.8,OZ,2,4.78
4627964007,153,5,504,1075004979,1312,2013-03-10,26.4,OZ,1,17.8
4627964782,6,8,821,105527050,7543,2012-08-31,9.6,OZ,1,2.69
4627965335,153,9,907,107133070,25887,2012-11-19,24,OZ,1,4.19
4627971513,152,11,1112,1061012969,19270,2012-10-06,9,OZ,1,3.99
4627971962,153,45,4511,107346171,1376,2012-06-04,10,OZ,1,4.99
4627974746,153,97,9744,107015878,9892,2012-12-21,0.11,OZ,1,2.49
4627975060,153,57,5703,103663232,4568,2012-10-01,6,OZ,1,0.85
4627976163,6,72,7205,1031015838,16196,2012-11-03,4,OZ,2,9.98
4627976163,6,37,3707,105100050,17812,2013-01-07,32,OZ,2,5.58
4627976163,6,58,5824,107232272,27348,2013-03-04,20,OZ,1,3.99
4627976972,153,53,5307,101450010,20864,2012-03-26,10,OZ,3,5
4627976972,153,33,3319,102840020,18584,2012-10-26,9,OZ,1,3.99
4627976972,153,99,9909,107143070,5072,2012-11-27,9.7,OZ,2,7.38
4627978503,6,57,5704,104667545,20216,2012-05-17,6,OZ,2,1.38
4627978519,152,9,902,101410010,45039,2012-12-27,6.6,OZ,1,2.39
4627978678,152,20,2002,105100050,27873,2012-05-23,36,OZ,1,3.99
4627978678,152,36,3601,104900040,3809,2012-09-10,101.4,OZ,1,4.29
4627980531,153,9,901,104400040,3453,2012-12-23,13,OZ,1,3.69
4627980722,6,40,4005,107017777,18928,2012-04-01,1.41,OZ,1,3.59
4627980938,152,41,4105,102700020,8612,2012-04-23,14.5,OZ,1,1.55
4627982000,6,51,5125,102580020,16668,2012-09-16,9,OZ,4,11.5
4627982000,6,10,1013,1068826767,81691,2013-01-25,16,OZ,2,5.98
4627983459,6,36,3618,104900040,23359,2013-01-14,67.6,OZ,1,1.99
4627983537,6,4,419,107726070,15624,2013-04-03,7,OZ,1,4.29
4627984911,6,56,5616,104610040,15889,2012-11-02,8,OZ,2,7.98
4627985177,153,41,4110,103940030,71386,2012-03-06,8.3,OZ,2,2.18
4627987331,6,20,2002,105100050,27873,2013-01-10,33,OZ,1,3.79
4627988042,153,99,9904,1071575676,5278,2012-09-29,6,OZ,1,4.99
4627988042,153,99,9904,1071575676,5278,2012-10-07,6,OZ,1,4.99
4627988042,153,37,3703,105100050,2820,2012-11-23,10.75,OZ,2,3.78
4627992901,153,59,5902,1068826767,81691,2012-06-04,16,OZ,1,3.29
4627992901,153,18,1850,105320050,43184,2013-03-24,4,CT,1,2.39
4627992901,153,26,2622,1068826767,7740,2013-04-20,150,CT,1,1
4627995665,153,79,7903,107148676,17274,2013-06-17,1,CT,1,3.99
4627995665,153,33,3311,102840020,27521,2013-06-22,10.5,OZ,1,3.99
4627995665,153,33,3308,102840020,3336,2013-07-01,11,OZ,1,3.99
4627995835,152,8,810,107488070,27484,2012-10-18,0.75,OZ,4,5.16
4627995835,152,4,410,107172070,18529,2012-10-27,31.2,OZ,1,8.49
4628001034,6,5,519,103000030,14760,2012-08-15,2.46,OZ,2,3.38
4628001034,6,25,2509,103450030,10165,2012-11-30,16,OZ,1,2.19
4628005992,152,27,2705,105000050,6775,2012-11-04,5.5,OZ,8,4.24
4628005992,152,14,1404,101480010,12021,2012-12-09,24,OZ,1,2.29
4628010444,152,10,1011,104300040,26232,2012-04-22,13.8,OZ,1,4.29
4628010444,152,9,905,107341070,888,2012-11-21,15,OZ,1,3.99
4628012698,152,27,2706,105000050,6132,2012-03-24,3,OZ,8,4.8
4628013143,153,12,1205,108660080,2559,2012-03-22,5,OZ,3,3.57
4628013143,153,45,4511,102370020,18969,2012-03-22,26,OZ,1,6.99
4628013143,153,99,9908,1064819666,25891,2012-09-20,80,OZ,2,7.98
4628013143,153,9,917,102733121,9966,2013-01-24,25,OZ,1,3.79
4628019399,152,51,5125,102580020,16668,2012-08-11,9,OZ,4,10
4628022241,153,63,6315,1068826767,81691,2012-08-30,128,OZ,1,3.99
4628022241,153,63,6314,107342070,4529,2012-10-07,8,OZ,1,1.65
4628022241,153,29,2928,105480050,19039,2013-04-19,8.8,OZ,1,2.09
4628022241,153,29,2907,104600040,13023,2013-04-22,4.7,OZ,1,2.25
4628023641,152,99,9909,107143070,5072,2012-10-08,5,OZ,1,3.69
4628023641,152,33,3305,102840020,18584,2012-10-26,9,OZ,1,3.99
4628024581,153,29,2903,106414464,3342,2013-04-11,15,OZ,1,1.5
4628025394,153,63,6313,1071246272,9309,2012-08-04,12,OZ,1,4.99
4628025394,153,5,501,1079339676,98874,2012-11-24,14,OZ,1,3.99
4628027861,152,9,902,101410010,45039,2012-04-30,7.2,OZ,2,4.78
4628027861,152,36,3604,107800070,16023,2012-09-09,101.4,OZ,4,17.96
4628030561,152,63,6319,102073525,18893,2012-05-21,64,OZ,1,2.39
4628037393,152,63,6305,101630010,6509,2012-04-06,59,OZ,1,3.79
4628037393,152,29,2903,106414464,3342,2013-01-09,15,OZ,1,1.67
4628037739,153,39,3903,1068826767,81691,2012-11-14,12.7,OZ,1,6.49
4628037739,153,26,2609,1068826767,7173,2012-11-14,45,CT,1,2.25
4628037739,153,30,3010,104133545,43106,2013-01-16,9,OZ,2,3.58
4628044475,152,14,1405,1068826767,81691,2012-12-24,14,OZ,1,1.25
4628049460,6,9,908,102560020,18051,2012-07-25,3.3,OZ,1,1.29
4628049460,6,64,6401,108066080,4098,2012-09-06,32,OZ,1,3.79
4628049460,6,36,3631,107800070,23209,2012-11-28,101.4,OZ,1,4.49
4628049460,6,33,3305,102840020,5141,2013-03-22,16,OZ,1,4.99
4628052751,6,26,2628,1068826767,81691,2013-02-28,8,RL,1,4.99
4628053075,153,63,6320,1068826767,81691,2012-05-29,12,CT,1,2.79
4628053075,153,33,3305,102190828,56884,2013-07-02,5.5,OZ,1,3.99
4628054176,153,33,3307,104157040,2017,2012-10-20,6,OZ,1,3.49
4628056066,152,63,6315,105215959,41981,2013-03-29,64,OZ,1,3.99
4628056499,6,57,5710,1089470080,21065,2012-05-19,5.3,OZ,4,5
4628060516,152,11,1113,104345444,10440,2012-10-27,12,OZ,2,10.98
4628060516,152,56,5620,102100020,9886,2012-11-17,8,OZ,1,3.49
4628062116,152,11,1102,101360010,18845,2013-01-12,1,CT,1,6.99
4628063456,152,36,3626,104900040,17186,2012-06-08,67.6,OZ,2,3.78
4628063833,152,26,2630,1068826767,7173,2012-06-13,85,CT,1,1
4628063833,152,26,2626,101258717,7245,2012-09-04,1,CT,1,3.59
4628068994,6,57,5710,1089470080,21065,2012-05-10,32,OZ,1,5.99
4628068994,6,26,2617,101090010,15232,2012-11-15,1,CT,1,3.95
4628068994,6,59,5906,104060040,26155,2013-02-07,15,OZ,1,3.19
4628071204,152,9,907,107432373,1866,2012-05-15,13,OZ,1,1.49
4628072087,153,21,2112,101115212,9184,2012-06-02,13.5,OZ,1,4.29
4628072087,153,63,6320,1068826767,81691,2012-12-06,12,CT,1,2.79
4628072102,6,58,5827,104470040,13310,2013-03-05,16,OZ,1,7.99
4628072190,153,31,3108,101360010,4916,2012-03-24,13,OZ,1,0.99
4628072190,153,99,9904,107956373,53948,2012-08-19,32,OZ,1,2.99
4628073946,6,53,5309,102000020,7655,2012-08-30,6,CT,1,2
