401065264,8,37,3706,104130343,38922,2012-12-20,10.5,OZ,1,1.69
401065264,8,9,914,104114444,365,2012-12-23,12,OZ,1,1.99
401065264,8,96,9609,1053700050,88199,2012-12-30,0,,1,-2
401065264,8,95,9518,106700868,25075,2013-01-26,1,CT,1,3.49
401068028,77,40,4005,102070020,15729,2012-04-28,1.23,OZ,1,2.99
401068028,77,63,6315,107880070,19118,2012-09-30,128,OZ,2,7.98
401068028,77,96,9609,1054000050,88199,2012-11-25,0,,1,-1
401068211,101,8,815,104600040,13023,2012-05-08,16,OZ,1,2.59
401079376,101,0,0,10000,20405,2012-03-23,0,,1,-1.29
401079376,101,33,3399,103526636,22808,2012-09-21,3,OZ,1,0.69
401079376,101,8,814,104156545,13412,2012-09-21,15,OZ,1,2.99
401079376,101,27,2705,105000050,6775,2012-10-27,5.5,OZ,20,10
401079376,101,9,906,104300040,16249,2012-12-08,5.5,OZ,1,2.19
401079376,101,60,6011,101800010,14029,2012-12-14,16.3,OZ,1,2.04
401079376,101,96,9609,1054060050,88199,2013-02-02,0,,1,-1
401079376,101,33,3318,107001272,19697,2013-03-16,15,OZ,1,2.5
401081442,101,32,3203,103377636,16650,2012-03-23,6,OZ,1,2.85
401081442,101,63,6312,107654575,17876,2012-07-20,64,OZ,1,1.69
401081442,101,37,3706,104119646,14582,2012-09-28,18.5,OZ,4,4
401081949,101,9,901,1072251575,22921,2012-11-07,10,OZ,1,3.29
401090078,77,41,4107,102400020,4704,2012-05-28,8,OZ,1,1
401098483,77,69,6901,101700010,5296,2012-03-12,3.25,OZ,1,3.5
401098483,77,99,9909,107127979,6732,2012-04-30,12,OZ,2,3.69
401098483,77,55,5556,104154848,5603,2012-05-28,48,OZ,2,10.98
401102803,77,78,7802,107001171,12696,2012-12-21,3,CT,1,4.99
401104401,101,63,6305,104850040,18799,2012-03-09,59,OZ,2,6
401104401,101,18,1836,1068826767,16665,2012-05-26,32,OZ,1,3.69
401104401,101,65,6503,1068826767,7173,2012-07-12,5,OZ,1,1.89
401104401,101,30,3001,104800141,8178,2013-03-18,30,OZ,1,3.69
401105138,77,41,4120,107078474,18552,2012-03-31,6,OZ,2,0.79
401105138,77,8,836,107357575,65789,2013-04-10,12,OZ,1,2.99
401106824,101,13,1306,103997838,2082,2012-06-23,1.5,LB,1,3.19
401107125,101,9,907,107341070,888,2012-08-17,14,OZ,1,2.5
401107125,101,99,9909,107143070,5072,2012-10-11,8,OZ,1,0
401107125,101,58,5831,107274575,13804,2012-11-26,28,OZ,1,9.99
401107358,101,99,9909,107143070,5072,2012-07-22,12,OZ,1,2.99
401107358,101,27,2712,104152040,3931,2012-08-31,2,CT,1,5.48
401107358,101,58,5823,104450040,8318,2013-02-19,8,OZ,1,3.99
401107660,101,67,6705,107502070,1125,2012-06-25,2,CT,1,5.29
401107660,101,26,2633,105400050,16048,2012-07-13,12,RL,1,8.49
401107660,101,29,2907,104150141,13296,2012-07-26,21.3,OZ,1,3.79
401107660,101,97,9753,1023230424,0,2012-07-27,1,CT,1,3.61
401107660,101,51,5115,107218070,15035,2012-08-24,28.6,OZ,2,10
401107660,101,29,2914,102100020,9886,2013-05-22,6,OZ,4,5.2
401111377,101,59,5902,1068826767,81691,2012-07-21,16,OZ,1,3.59
401112933,77,63,6315,104311949,2648,2012-05-28,128,OZ,1,3.59
401118563,77,9,907,107432373,1866,2012-09-17,20,OZ,1,2
401118563,77,37,3706,104119646,14582,2012-11-02,19,OZ,2,2
401119864,101,0,0,10000,20405,2012-05-20,0,,1,-9.42
401119864,101,71,7113,1030815131,3609,2012-07-05,10.1,OZ,1,2.5
401119972,101,57,5707,103663232,4568,2012-08-01,18.6,OZ,1,2
401121936,77,99,9904,103338333,33170,2012-08-13,48,OZ,1,5.99
401121936,77,9,901,101862717,9496,2012-09-26,8.5,OZ,1,3.49
401121936,77,63,6315,107078474,18552,2012-12-12,64,OZ,1,1.95
401123519,101,96,9609,1053800050,88199,2012-04-28,0,,1,-1
401123993,101,57,5704,1068826767,81691,2012-11-02,6,OZ,6,5.34
401129478,101,0,0,10000,20405,2013-03-12,0,,1,-4.52
401133584,101,9,922,102560020,18051,2012-04-29,14.25,OZ,3,11.37
401133584,101,95,9518,1061029060,6015,2012-09-03,1,CT,1,1.99
401133584,101,33,3309,1068826767,81691,2012-10-14,13.5,OZ,1,2.49
401133584,101,41,4107,102400020,4704,2012-11-18,14.5,OZ,1,0.67
401136513,101,74,7402,105100959,14701,2012-04-29,9.5,OZ,3,4.47
401136513,101,21,2111,104175545,10177,2012-05-18,64,OZ,1,2.5
401137268,101,72,7203,1031254737,10554,2012-04-04,3.2,OZ,1,1.59
401137757,101,27,2705,105000050,6775,2012-10-05,5.5,OZ,6,3
401138182,101,56,5614,107104070,76668,2012-03-04,12,OZ,2,9.18
401138182,101,2,202,1064420969,5345,2012-07-11,17.6,OZ,1,2.29
401142049,77,9,902,102410020,44209,2012-04-07,11.5,OZ,1,2.99
401143834,77,59,5902,107078474,18552,2012-04-20,16,OZ,1,2.99
401143834,77,28,2805,107078474,18552,2012-09-14,6,OZ,1,1.5
401151029,101,32,3202,1068826767,81691,2012-06-25,48,OZ,1,3.89
401151029,101,71,7114,1030815131,1079,2012-07-20,10,OZ,1,3.99
401155975,101,36,3603,104300040,4186,2013-04-06,256,OZ,2,2.99
401157376,101,56,5607,102100020,13967,2012-04-07,8,OZ,1,2.59
401157788,101,8,835,104139040,9659,2012-07-24,10,OZ,1,1.79
401165698,77,26,2606,103680030,6866,2012-07-13,100,CT,1,1.5
401165896,101,31,3111,101411313,23033,2013-03-27,3.5,OZ,1,3.69
401169478,101,5,519,103000030,14760,2012-03-13,12.6,OZ,1,2.5
401169478,101,10,1004,104300040,26232,2013-04-17,3.4,OZ,1,1.19
401169478,101,33,3303,102068525,2892,2013-05-09,8,OZ,2,6
401169984,101,26,2630,103700030,14647,2013-06-06,56,CT,1,1
401171911,101,9,908,107203070,5812,2012-04-06,10,OZ,1,0
401171911,101,96,9609,1050057353,88199,2012-07-15,0,,1,-1
401171911,101,53,5307,102880020,7907,2013-04-18,12,OZ,3,5
401177512,77,29,2903,106414464,3342,2013-02-04,14.75,OZ,2,2.09
401182191,101,36,3601,101200010,13794,2012-12-05,144,OZ,2,7.98
401182191,101,63,6312,102500020,16487,2012-12-13,59,OZ,1,2.79
401182191,101,4,416,101070010,8131,2013-05-04,1.4,OZ,1,0
401182422,101,63,6315,1068826767,81691,2012-06-21,64,OZ,1,1.77
401185507,77,36,3601,101200010,13794,2012-05-16,240,OZ,2,14.49
401190049,101,63,6319,107654575,17876,2012-05-15,128,OZ,1,2.49
401190049,101,23,2301,103340030,15802,2012-09-09,16,OZ,1,1.39
401192076,101,28,2801,104470040,3640,2013-06-08,32,OZ,1,3.5
401192193,101,26,2628,103700030,2248,2012-12-04,12,RL,1,17.99
401192193,101,63,6305,101630010,6509,2013-04-15,59,OZ,1,2.79
401193902,77,35,3509,103700030,5848,2012-09-13,50,OZ,2,4.99
401195613,101,51,5115,107192171,18492,2012-11-09,20.5,OZ,1,5.19
401201828,77,70,7005,104650040,12977,2012-05-21,4,OZ,1,5.79
401201828,77,0,0,10000,20405,2013-01-31,0,,1,-3.5
401201829,101,63,6317,102529323,16410,2013-07-12,64,OZ,1,3.1
401202512,77,55,5559,107078474,18552,2012-06-14,16.5,OZ,1,3
401202820,77,30,3001,104800141,8178,2012-06-03,30,OZ,1,4.99
401202820,77,41,4121,102400020,3988,2012-07-15,29,OZ,1,1.99
401202820,77,55,5552,107576777,13862,2012-08-05,48,OZ,2,6
401202820,77,9,907,107078474,18552,2012-08-19,11,OZ,2,3
401202820,77,63,6320,107078474,18552,2012-10-14,12,CT,1,-2.1
401202820,77,99,9904,103338333,33170,2013-02-24,48,OZ,1,4.69
401202820,77,99,9908,103338333,33170,2013-04-07,4,OZ,1,2.49
401202861,101,45,4511,107274575,13804,2012-03-25,29,OZ,1,4.99
401202861,101,3,310,107699171,11145,2012-05-11,12,OZ,2,7.98
401203725,101,53,5305,102000020,7655,2012-05-17,10,OZ,2,2.5
401214009,77,26,2622,107078474,18552,2013-01-01,20,CT,1,2
401214330,8,8,805,105100050,2820,2012-11-09,9,OZ,2,4
401214330,8,26,2622,1072100373,33049,2013-02-23,25,CT,1,0.49
401214834,101,9,902,103800030,17050,2013-01-20,4,OZ,2,3.98
401214834,101,3,302,102800020,30272,2013-02-10,12,OZ,2,5
401214876,101,37,3707,1068826767,81691,2012-10-20,14.5,OZ,1,0.75
401218055,101,41,4110,103940030,71386,2012-05-22,16,OZ,1,1.19
401218837,77,5,501,101600010,3331,2012-06-28,12.9,OZ,2,7.98
401218837,77,5,501,103800030,758,2012-10-02,8.7,OZ,2,5.79
401218837,77,26,2628,104200040,2308,2012-10-08,6,RL,1,5.99
401218837,77,63,6315,107880070,19118,2013-04-19,64,OZ,2,4.38
401219750,101,96,9609,1053700050,88199,2012-03-10,0,,1,-1
401219834,77,8,810,103900030,13296,2012-12-27,1.25,OZ,1,0.89
401219834,77,8,803,104150040,6714,2013-01-14,8,OZ,1,1.69
401227059,77,11,1102,1072277676,17117,2012-07-09,200,CT,1,5.49
401227651,101,41,4107,1068826767,7173,2012-11-19,16,OZ,1,1.99
401227651,101,58,5832,107057575,27210,2013-03-06,9,OZ,1,1.67
401229606,101,4,418,104000040,11698,2012-03-26,4.42,OZ,1,1.1
401229606,101,55,5552,107144171,7675,2012-07-20,48,OZ,1,2.49
401229606,101,51,5134,1068826767,81691,2012-09-20,8,OZ,1,2.5
401230135,101,35,3509,102420020,14716,2013-03-08,50,OZ,1,1.99
401230348,101,27,2710,107023070,18373,2012-08-08,20,LB,1,4.59
401231566,101,34,3406,101111111,73313,2012-03-26,8,OZ,1,1.99
401231566,101,56,5610,102100020,9886,2012-11-24,8,OZ,1,3.69
401233570,101,97,9753,1020407222,0,2012-09-28,1,CT,1,2
401233570,101,41,4107,1068826767,81691,2013-04-07,16,OZ,1,1.25
401234755,101,9,907,107130575,11013,2013-02-09,18,OZ,1,2.99
401234829,101,37,3705,105100050,2820,2013-03-02,18.8,OZ,4,7.96
401235352,101,10,1011,107349171,9883,2012-03-16,24,OZ,1,2.59
401235856,101,96,9609,1057007454,88199,2012-12-04,0,,1,-3
401236993,101,35,3506,103500030,13470,2012-09-02,75,OZ,1,3.29
401236993,101,0,0,10000,20405,2012-11-19,0,,1,4.99
401237995,101,53,5305,102000020,7655,2012-10-02,7,OZ,1,1.59
401237995,101,45,4514,1068826767,12475,2012-11-05,24,OZ,1,7.99
401238447,101,63,6323,102073525,18893,2012-11-17,16,OZ,1,1.49
401238447,101,56,5616,1068826767,81691,2013-06-16,9,OZ,1,2.5
401239725,77,26,2630,107078474,18552,2012-06-21,120,CT,2,2.29
401239725,77,29,2906,1061928666,58180,2012-07-11,8.8,OZ,1,3.59
401239725,77,25,2506,104127141,26189,2012-11-18,32,OZ,2,6.98
401239725,77,26,2609,107078474,18552,2013-02-07,100,CT,1,2.99
401239725,77,8,805,104123545,12134,2013-05-22,16,OZ,1,4.29
401245279,101,29,2925,107571777,15284,2013-01-27,16,OZ,1,3.49
401247484,101,9,902,101410010,45039,2012-04-12,6.6,OZ,2,2.39
401247484,101,23,2301,1068826767,81691,2012-11-09,16,OZ,1,1.35
401247484,101,97,9753,1020820626,0,2012-12-21,1,CT,1,14.42
401248231,101,8,801,1068826767,7740,2012-03-28,23,OZ,1,1
401248231,101,41,4109,105100050,2820,2012-05-03,11,OZ,2,0.9
401250837,101,29,2923,101600010,17539,2012-07-04,5.9,OZ,1,1
401256244,101,0,0,10000,20405,2012-09-08,0,,1,-2.03
401256244,101,96,9609,1057045959,88199,2012-09-22,0,,2,-1
401256244,101,26,2609,101370010,8154,2012-12-08,40,CT,1,1.71
401256244,101,63,6316,107253070,13753,2012-12-15,16,OZ,1,1.49
401256868,101,5,516,101862717,9496,2012-04-25,6.7,OZ,1,3
401256868,101,51,5131,101862717,9496,2012-07-11,12.7,OZ,1,4.5
401256868,101,29,2928,105480050,19039,2013-01-15,8.8,OZ,3,5
401257177,101,72,7210,107666070,6414,2012-05-31,2.4,OZ,1,3.79
401261068,101,9,914,1068826767,81691,2012-04-09,11,OZ,1,1
401261068,101,4,416,104126949,13467,2013-03-25,1.75,OZ,1,1
401263952,101,0,0,10000,20405,2012-03-04,0,,1,-60.53
401265636,101,5,518,101600010,10797,2012-05-11,5.1,OZ,1,2.49
401267931,101,23,2301,1068826767,81691,2012-06-17,16,OZ,1,1.45
401267931,101,19,1908,102900020,14112,2013-02-03,16.3,OZ,1,3.29
401269316,77,97,9781,10000,8255,2012-06-16,1,CT,1,-0.2
401270062,101,97,9753,1023503424,0,2012-05-13,1,CT,1,7.31
401270062,101,5,519,103000030,14760,2012-08-23,2.46,OZ,2,3
401270062,101,4,418,102800020,2631,2012-11-01,12.5,OZ,1,3.99
401270062,101,37,3711,105100050,2820,2013-01-27,15.25,OZ,1,2
401271436,77,28,2801,104470040,3640,2012-05-22,20,OZ,1,3.99
401271436,77,71,7114,102240020,18715,2013-03-16,11,OZ,1,4.49
401271436,77,5,518,1069076363,24619,2013-04-11,3.5,OZ,1,1.49
401276858,77,51,5132,107218070,13438,2012-10-03,9.49,OZ,2,9.18
401276858,77,9,921,104500040,8511,2012-11-06,2.7,OZ,1,1
401277113,77,14,1415,107078474,18552,2012-09-02,15,OZ,2,-0.01
401280907,101,5,501,101600010,3331,2012-06-18,8.9,OZ,1,3.39
401280907,101,63,6320,1071514171,25530,2012-07-03,12,CT,1,3.39
401283297,104,14,1404,1089000080,11289,2012-08-13,12.8,OZ,4,11.96
401286518,77,58,5831,103927232,26234,2012-03-21,20,OZ,1,4.99
401286518,77,9,907,107078474,18552,2012-07-11,20,OZ,1,1.5
401290493,101,72,7214,101254616,18738,2012-04-07,18,CT,1,1.19
401290493,101,63,6319,102073525,18893,2012-06-18,128,OZ,1,2.89
401290493,101,63,6319,102073525,18893,2012-09-09,128,OZ,1,2.69
401293928,101,9,918,101410010,13791,2012-06-10,8.6,OZ,1,0
401293928,101,31,3101,105210050,11382,2012-07-15,1.24,OZ,1,2
401293928,101,33,3305,102840020,5141,2013-03-04,11.5,OZ,2,7
401294031,77,4,418,103400030,8247,2013-02-26,12,OZ,1,3
401295853,101,55,5555,107684070,32094,2013-03-13,16,OZ,1,3.5
401297970,77,56,5617,102100020,9886,2012-08-01,16,OZ,2,9.18
401297970,77,5,501,103000030,58434,2012-08-08,14,OZ,1,4.59
401299151,77,4,418,102363727,18552,2013-04-12,16,OZ,1,2.24
401300148,101,51,5115,102066222,12598,2012-06-28,13.3,OZ,1,5.79
401300556,101,33,3303,108411484,9596,2012-12-23,8.5,OZ,2,5
401300556,101,41,4107,1068826767,7173,2013-01-13,16,OZ,1,1.5
401306151,101,25,2506,104127141,26189,2012-06-17,32,OZ,2,7.78
401306151,101,27,2705,105000050,6775,2012-09-16,5.5,OZ,25,12.5
401307280,101,2,214,105150050,8604,2012-06-10,32,OZ,1,2
401307280,101,9,901,107232070,17320,2012-09-26,14,OZ,1,2.59
401309099,101,10,1013,103890030,5072,2012-03-20,16,OZ,2,4.7
401309099,101,43,4302,104300040,4030,2012-04-04,8,OZ,1,1
401309539,101,33,3303,104178040,19154,2012-07-06,8,OZ,1,3
401309539,101,63,6315,1068826767,81691,2012-11-16,128,OZ,2,7.6
401310810,101,9,902,104400040,18775,2013-06-14,7.6,OZ,1,2.99
401314770,101,24,2403,103760030,8501,2012-04-01,10,OZ,1,2.69
401314770,101,34,3402,108380080,26654,2012-07-15,0.4,OZ,1,1.49
401314770,101,26,2634,103700030,3293,2012-12-02,9,RL,1,11.69
401314770,101,31,3101,107096979,17090,2013-02-17,4.5,OZ,1,1.99
401315518,101,56,5620,104610040,15889,2012-10-22,8,OZ,1,2.5
401315518,101,34,3411,107940070,17521,2013-04-21,12,OZ,1,1.5
401316020,101,45,4509,1068826767,81691,2012-09-18,20,OZ,1,15.99
401316020,101,99,9904,1071575676,5278,2012-10-17,16,OZ,1,3.5
401316129,77,63,6320,1071514171,25530,2012-06-01,12,CT,1,2.5
401316129,77,3,303,105210050,2732,2012-07-11,1.75,OZ,1,2.39
401316129,77,60,6001,101800010,14029,2012-12-06,11,OZ,2,5.98
401317471,101,72,7209,103700030,26880,2012-11-24,43.7,YD,1,3.34
401317471,101,3,302,104300040,1292,2013-03-07,8,OZ,2,4.72
401317618,77,33,3318,107797575,27417,2012-07-01,10,OZ,1,2.99
401317936,101,58,5831,1068826767,12475,2012-08-25,16,OZ,1,3.99
401317989,101,96,9609,1052570050,88199,2012-08-25,0,,1,-1
401322654,77,51,5133,104132242,6167,2013-01-17,18,OZ,1,4.99
401322654,77,9,907,107078474,18552,2013-02-14,20,OZ,1,2.19
401326040,101,8,814,102840020,18584,2013-03-15,24,OZ,1,3.99
401329391,101,55,5555,107457070,26051,2012-03-08,14,OZ,1,3.5
401329391,101,5,501,103800030,14900,2012-07-28,18.7,OZ,2,5
401329391,101,97,9707,107169171,15583,2012-08-02,4,CT,1,2
401329391,101,21,2119,1061300868,867,2012-08-28,42,OZ,1,1.19
401329391,101,0,0,10000,20405,2013-02-09,0,,1,-1.47
401329963,77,43,4302,104300040,4030,2012-11-16,8,OZ,1,1.99
401330319,101,51,5115,104111848,11376,2012-03-19,18.9,OZ,1,3
401330319,101,97,9753,1020401121,0,2012-03-24,1,CT,1,1.39
401330319,101,56,5610,102100020,9886,2012-03-29,16,OZ,1,6.99
401335713,77,9,902,103010030,3744,2012-07-03,16,OZ,1,2
401335783,101,18,1890,107098272,5957,2012-06-29,1,CT,3,14.97
401335783,101,45,4511,107274575,13804,2013-02-13,26,OZ,2,11.38
401336879,77,44,4407,107680070,10333,2012-06-17,12,OZ,2,3.34
401336879,77,33,3318,107078474,18552,2012-10-14,11,OZ,2,3.79
401338260,101,8,801,101300010,8164,2013-03-14,38,OZ,2,5
401340869,101,20,2002,105100050,27873,2012-08-10,46,OZ,1,2.5
401340869,101,58,5824,107091979,7981,2012-11-03,16,OZ,1,3.5
401340869,101,19,1904,107326070,7383,2013-04-19,24,OZ,1,6.69
401341776,101,53,5305,1068826767,18552,2013-02-15,12,OZ,2,2.67
401342615,101,45,4511,102370020,18969,2012-03-29,25,OZ,1,8.99
401343023,77,53,5307,101450010,20864,2012-07-19,11,OZ,2,1.99
401343023,77,51,5119,102370020,78850,2012-08-16,11,OZ,1,3.5
401343023,77,26,2630,106343565,16050,2013-02-14,120,CT,4,5.47
401344693,101,38,3802,1068826767,81691,2012-12-22,2,LB,1,1.5
401344929,101,4,410,107920070,20031,2012-11-05,6,OZ,1,1
401344929,101,63,6320,1068826767,81691,2012-12-30,18,CT,1,2.65
401344929,101,12,1207,104800040,38150,2013-01-13,6,OZ,2,8.78
401347104,104,99,9909,107127979,6732,2012-07-20,16,OZ,1,2.99
401347104,104,63,6320,1076351474,4622,2012-09-29,12,CT,1,3.49
401357286,77,56,5615,107357070,8185,2012-03-02,8,OZ,2,3.48
401357377,77,63,6305,102500020,11749,2012-07-18,59,OZ,2,5
401364654,101,5,501,101600010,10797,2013-04-13,1.7,OZ,1,1
401364654,101,23,2301,107680878,1393,2013-05-10,16,OZ,1,1
401364835,101,56,5619,102100020,19279,2012-04-22,16,OZ,1,3.59
401364835,101,73,7304,1034152030,2963,2012-09-16,20,CT,1,2.99
401368541,101,58,5815,104242141,2071,2012-06-25,6,OZ,1,3.99
401368541,101,97,9781,10000,8255,2013-02-15,1,CT,1,-2.01
401376617,101,26,2628,103700030,2248,2013-03-08,1,RL,1,1.85
401379300,77,58,5832,107274575,13804,2012-12-07,12,OZ,2,3.99
401379644,101,18,1828,104650040,7249,2012-07-09,1.34,OZ,1,4.99
401379644,101,29,2914,102100020,9886,2013-07-16,7.25,OZ,2,2
401380296,77,51,5115,107218070,15035,2012-10-07,23.45,OZ,1,3.5
401380296,77,96,9609,1057057555,88199,2012-10-20,0,,1,-1
401380296,77,63,6320,107078474,18552,2013-01-26,12,CT,1,1.99
401380296,77,33,3317,104400040,36320,2013-04-03,5.52,OZ,1,2.5
401386934,77,28,2804,102370929,5287,2012-07-18,4,OZ,1,1.99
401388357,101,8,801,101300010,8164,2012-03-26,40,OZ,1,2.99
401388357,101,41,4107,1068826767,7173,2012-03-30,15,OZ,3,2
401388879,77,9,907,101410010,13791,2012-07-28,16,OZ,1,4.29
401389005,101,34,3411,1030813737,1121,2012-11-21,12,OZ,1,5.99
401389208,101,9,920,104400040,15335,2013-02-18,6,OZ,1,2.99
401396474,101,96,9609,1052420858,88199,2013-02-23,0,,1,-3
401396474,101,73,7356,1032420838,1488,2013-04-10,50,CT,1,12.99
401397035,101,33,3302,106414464,9191,2012-03-09,4.5,OZ,1,1.19
401397035,101,37,3708,104100040,10522,2012-05-19,2.4,OZ,1,1.15
401397035,101,8,805,101300010,8164,2012-11-05,10,OZ,1,3.19
401397035,101,63,6315,107654575,17876,2013-04-05,128,OZ,1,4.06
401397638,101,29,2914,102100020,9886,2012-08-19,12.6,OZ,2,4
401397638,101,43,4302,1068826767,81691,2012-08-26,13,OZ,1,3.49
401397638,101,37,3706,104119646,14582,2012-10-07,19,OZ,1,2.29
401397638,101,53,5305,102000020,7655,2013-03-23,9,OZ,2,3.33
401399815,77,9,901,103010030,15828,2012-03-08,13,OZ,1,2.5
401399815,77,7,706,104127141,26189,2012-05-08,64,OZ,1,4.59
401399815,77,9,907,107078474,18552,2012-11-28,22,OZ,2,2.58
401402989,101,71,7107,107124979,21913,2012-07-28,1,CT,1,8.99
401402989,101,73,7308,1031254636,7853,2012-11-03,25,CT,4,6.76
401402989,101,14,1405,103120030,12957,2012-11-21,14,OZ,2,2.4
401402989,101,36,3612,1068826767,158,2013-01-22,128,OZ,4,3.56
401402997,101,9,907,1068826767,81691,2012-09-23,12,OZ,1,2.39
401402997,101,53,5307,1068826767,81691,2012-11-11,16,OZ,2,2.67
401403636,77,41,4110,103940030,71386,2012-06-03,16,OZ,2,3.98
401403860,101,53,5307,1068826767,81691,2012-03-05,16,OZ,1,1.67
401405149,77,9,901,104400040,3453,2013-03-26,11.75,OZ,1,0
401405149,77,41,4105,101122515,19197,2013-04-16,14.5,OZ,1,0.59
401405149,77,0,0,10000,0,2013-06-12,0,,1,1.45
401408581,101,55,5552,107756777,2347,2012-03-23,48,OZ,1,4.59
401408581,101,9,970,105844959,12466,2012-06-25,11,OZ,2,5
401408581,101,9,917,107885878,57184,2012-07-02,13.1,OZ,1,4.79
401408581,101,58,5814,104470040,10837,2012-12-15,4.4,OZ,2,3.66
401408581,101,7,709,107017777,18928,2013-01-24,1.35,OZ,1,7.39
401408581,101,63,6323,104190040,4664,2013-03-17,64,OZ,2,5.58
401410465,101,56,5620,104610040,15889,2012-03-07,8,OZ,2,5
401410465,101,9,907,107518575,11221,2012-08-22,18,OZ,1,3.49
401410465,101,95,9518,1061029060,7848,2012-12-30,1,CT,1,4.49
401410465,101,60,6011,101800010,14029,2013-02-15,17.3,OZ,1,1.55
401413446,77,9,901,103010030,6852,2013-03-23,11.5,OZ,1,3
401415582,101,58,5824,107091979,7981,2012-09-09,16,OZ,1,3.5
401415582,101,35,3509,103700030,6947,2013-03-08,100,OZ,1,10.99
401415582,101,26,2630,103600030,9787,2013-05-29,184,CT,1,1.5
401420252,101,33,3303,104178040,19154,2012-03-20,8,OZ,2,5
401431884,101,26,2630,103700030,14647,2012-03-06,124,CT,2,3
401431884,101,53,5307,101450010,20864,2012-04-05,11,OZ,1,2
401431884,101,79,7902,1081349383,47259,2013-01-06,0,,1,2
401431884,101,9,907,1068826767,81691,2013-06-11,20,OZ,1,1.5
401435347,101,31,3101,104760040,19679,2012-07-01,2.75,OZ,1,2
401435347,101,9,922,102560020,18051,2013-05-05,8.5,OZ,1,2.5
401443872,101,26,2619,1068826767,7173,2012-07-12,40,CT,1,4.99
401443872,101,36,3635,1068826767,3677,2012-11-15,33.8,OZ,5,3.45
401447234,101,9,908,107203070,5812,2012-04-26,17.5,OZ,1,4.99
401447234,101,37,3707,102400020,3843,2012-11-21,32,OZ,1,1.79
401447234,101,58,5831,1068826767,12475,2013-02-22,16,OZ,1,3.99
401449861,101,57,5704,103663232,4568,2012-06-17,16,OZ,1,1.89
401449861,101,26,2628,103700030,2248,2012-06-28,1,RL,1,1.99
401455057,101,31,3101,1068826767,7173,2013-07-13,2.12,OZ,1,2.35
401455620,77,9,907,104500040,20016,2012-07-24,20,OZ,1,2
401456949,101,0,0,10000,20405,2013-04-03,0,,1,-1
401463076,101,22,2201,1068826767,14697,2012-07-11,60,OZ,1,1.59
401463076,101,29,2914,1068826767,81691,2012-07-17,14,OZ,1,1.9
401463076,101,32,3203,1068826767,81691,2012-11-10,6,OZ,1,2
401463076,101,37,3707,1068826767,81691,2013-01-24,32,OZ,4,7.16
401463076,101,99,9904,1076101070,11786,2013-03-14,1,CT,1,3.99
401463076,101,63,6320,1068826767,81691,2013-05-02,18,CT,1,2.45
401463076,101,64,6408,108312080,7265,2013-05-19,1.5,LT,1,8.99
401464885,101,4,418,104000040,11698,2012-03-30,4.42,OZ,2,2
401464885,101,35,3509,103320030,875,2012-04-27,158.72,OZ,1,11.79
401464885,101,26,2609,107468878,62109,2012-05-09,24,CT,1,2.29
401464885,101,8,808,104123444,11382,2013-03-22,8,OZ,1,2
401468384,101,55,5558,1068826767,18552,2012-05-24,36,OZ,1,2.5
401468384,101,17,1719,104129444,14048,2012-06-28,48,OZ,1,3.39
401468440,101,53,5307,101450010,20864,2013-01-13,11,OZ,1,2
401469683,101,56,5610,102100020,9886,2012-07-17,7,OZ,1,4.39
401469683,101,21,2105,105200050,7054,2012-09-15,160,OZ,2,10.98
401469683,101,8,818,103620030,14868,2012-11-06,24,OZ,1,2.15
401469683,101,63,6305,101630010,6509,2013-01-08,59,OZ,1,3.59
401469816,77,63,6315,107880070,19118,2012-03-26,64,OZ,1,1.99
401472829,101,27,2707,105000050,6132,2012-03-23,1,LB,3,7.47
401473576,101,0,0,10000,0,2012-12-22,0,,1,3.17
401474642,101,19,1908,105150050,9189,2012-09-25,4.5,OZ,1,1.29
401474642,101,41,4108,1068826767,81691,2012-10-10,15.5,OZ,1,1.49
401474642,101,63,6309,104850040,18799,2012-11-30,12,OZ,1,1.19
401474642,101,29,2906,104430040,9977,2012-12-17,12,OZ,1,1.69
401474642,101,96,9609,1051600050,88199,2013-02-09,0,,2,-1
401474642,101,41,4107,102000020,7655,2013-02-19,15.25,OZ,1,1.29
401474642,101,63,6321,104082242,15667,2013-03-17,10,OZ,1,3.5
401485702,101,28,2801,104470040,3640,2012-09-22,20,OZ,1,3.5
401485702,101,10,1012,102700020,23332,2013-01-23,13,OZ,2,2
401485702,101,21,2112,1068826767,81691,2013-04-23,48,OZ,1,3.15
401487238,77,0,0,10000,20405,2012-05-06,0,,1,-3
401487238,77,51,5125,102580020,16668,2012-06-17,9,OZ,3,6
401488139,77,56,5610,102100020,9886,2012-03-26,8,OZ,1,4.99
401488139,77,58,5812,104470040,13310,2012-06-23,16,OZ,2,5.99
401488139,77,32,3202,107078474,18552,2013-05-12,48,OZ,1,3.79
401489919,77,96,9609,1055000050,88199,2012-11-20,0,,1,-1.5
401491900,101,54,5402,1074300272,43084,2013-01-30,12.7,OZ,1,3.99
401492526,101,18,1890,107116070,14748,2013-03-11,2,CT,-1,-14.99
401493916,101,0,0,10000,20405,2012-06-08,0,,1,-5.31
401495630,101,19,1908,105150050,9189,2012-06-29,28,OZ,1,4.87
401505070,101,63,6315,107115676,22511,2012-11-26,64,OZ,1,2.05
401505129,77,41,4107,102400020,4704,2012-08-06,14.5,OZ,1,1.69
401505129,77,26,2630,107078474,18552,2012-08-12,360,CT,1,2.99
401505129,77,63,6320,1071514171,25530,2013-05-24,12,CT,1,3
401507969,77,2,201,101600010,1756,2012-12-05,16,OZ,1,3.49
401511433,101,36,3618,104900040,23359,2012-10-02,144,OZ,4,15.96
401515694,101,51,5127,1065827666,8605,2012-08-31,15,OZ,1,3.19
401516268,101,56,5616,104610040,15889,2012-10-08,7,OZ,1,2.69
401527144,101,96,9632,107675070,30367,2012-05-27,1,CT,1,25
401527144,101,37,3707,105100050,17812,2013-03-28,14.5,OZ,4,3
401533362,240,63,6305,102500020,16489,2013-04-14,59,OZ,1,2.99
401536384,101,5,519,103000030,14760,2013-01-09,15.1,OZ,2,6.78
401539572,101,54,5403,1074300272,43084,2012-08-20,14.8,OZ,2,4.99
401539572,101,96,9609,1053500050,88199,2012-08-20,0,,1,-1
401539572,101,31,3111,101411313,71215,2012-11-19,3.5,OZ,1,2.5
401539572,101,44,4404,107045979,12587,2012-12-17,13.5,OZ,1,2.79
401547617,101,73,7356,104152040,2963,2012-09-04,365,CT,2,29.58
401547617,101,33,3303,102840020,10241,2012-09-04,8.5,OZ,1,3
401547617,101,0,0,10000,20405,2012-09-14,0,,1,-9.52
401552566,101,9,907,1083584181,6283,2013-02-01,24,OZ,1,4.29
401552566,101,5,501,101600010,3331,2013-06-02,9,OZ,1,2.59
401560553,77,97,9753,10000,0,2012-09-29,1,CT,110,2.19
401560553,77,36,3631,107169878,19563,2012-12-02,67.6,OZ,1,1
401560553,77,26,2622,101370010,8154,2013-01-12,13,CT,3,5
401569398,77,58,5823,107080070,16704,2012-08-12,16,OZ,1,4.69
401569788,77,33,3305,102840020,18584,2013-02-07,10,OZ,1,2.5
401571808,77,36,3628,101200010,12029,2012-11-30,96,OZ,1,3.34
401572004,77,22,2201,107078474,18552,2012-07-16,96,OZ,3,5
401572004,77,29,2903,105100050,2820,2012-08-23,15,OZ,6,7.17
401575302,77,0,0,10000,20405,2012-08-15,0,,2,-20.17
401575302,77,9,921,101128414,9209,2013-02-24,4,OZ,4,2.76
401577108,101,20,2002,105100050,27873,2013-02-04,64,OZ,1,2.99
401578674,77,55,5558,107585676,9798,2012-07-28,24,OZ,1,3.33
401590442,101,14,1414,102400020,4704,2012-04-09,8.25,OZ,2,1.78
401590487,77,21,2105,105200050,7054,2012-03-16,32,OZ,1,1
401590487,77,51,5124,101380010,27474,2012-10-24,6,OZ,1,2
401593248,101,33,3316,101600010,3397,2012-06-20,8.75,OZ,1,2.19
401593248,101,5,501,103800030,14900,2012-08-16,14.5,OZ,1,2.99
401597391,101,58,5814,104470040,10837,2012-04-28,10.7,OZ,2,5
401602212,101,56,5621,1068826767,33170,2013-01-02,8,OZ,1,2
401603372,77,75,7501,101700010,4912,2012-06-21,12,OZ,2,7.98
401603372,77,41,4108,104133141,7531,2013-03-13,15.5,OZ,3,2.97
401603998,104,57,5710,1089470080,21065,2012-03-04,32,OZ,1,5.99
401603998,104,73,7319,1030003131,4966,2012-12-18,4,OZ,1,6.99
401603998,104,21,2106,101480010,12021,2013-03-21,64,OZ,1,3.17
401607269,101,9,907,1068826767,81691,2012-11-20,15,OZ,1,2.29
401614767,101,24,2401,103760030,4979,2012-11-05,15,OZ,2,2.5
401614802,101,4,416,103400030,8247,2012-05-11,1.55,OZ,1,0.99
401614938,101,9,907,1068826767,81691,2012-07-13,20,OZ,1,1.99
401615999,101,8,818,105100050,14403,2012-07-02,24,OZ,2,4.38
401615999,101,56,5616,104610040,15889,2013-04-21,8,OZ,1,3.29
401618470,77,5,501,107078474,18552,2012-08-10,12.25,OZ,1,2
401619935,77,23,2301,107173070,12706,2012-04-01,12,OZ,1,2
401619935,77,56,5620,104610040,15889,2013-01-15,8,OZ,2,5.99
401625309,77,25,2506,104127141,26189,2012-11-29,16,OZ,2,5.38
401625309,77,55,5560,104154848,5603,2013-03-08,16.5,OZ,1,4.79
401629440,77,14,1416,107078474,18552,2012-10-29,15,OZ,3,3
401629787,77,59,5902,107078474,18552,2012-11-06,16,OZ,1,2.69
401635814,77,5,501,101600010,85114,2012-11-25,12.2,OZ,1,3.49
401638422,101,27,2709,105000050,6775,2012-05-20,2.1,OZ,2,2.9
401638422,101,17,1709,101920010,10882,2012-07-07,24,OZ,1,1.99
401638422,101,57,5705,103663232,4568,2012-11-28,24,OZ,1,1.99
401644977,101,5,501,101600010,3396,2012-06-01,12.8,OZ,1,3.09
401644977,101,37,3707,102400020,3843,2012-11-19,32,OZ,2,3.58
401645314,101,41,4107,102400020,4704,2012-07-09,15.25,OZ,2,2.3
401645314,101,33,3321,107332171,17710,2012-09-04,13,OZ,1,2.19
401645314,101,19,1908,105150050,9189,2013-04-15,28,OZ,2,8.78
401645729,101,99,9904,1071575676,5278,2012-09-08,6,OZ,1,2.99
401645729,101,99,9908,103338333,33170,2012-10-20,8,OZ,1,1.99
401654446,101,57,5704,103663232,4568,2012-05-19,16,OZ,2,4
401654446,101,53,5307,1068826767,81691,2012-09-30,16,OZ,4,5.18
401657241,101,33,3305,102840020,5141,2012-10-08,11.5,OZ,1,3
401657241,101,0,0,10000,20405,2013-04-14,0,,1,-2.82
401669109,101,29,2904,102100020,19279,2013-03-18,11.5,OZ,1,2
401669190,101,41,4106,107047575,7217,2012-10-27,4,OZ,1,1.19
401669190,101,18,1828,107092272,19905,2013-04-04,6.7,OZ,1,3.99
401669190,101,21,2121,104133141,7531,2013-06-16,9.6,OZ,1,0.69
401669378,101,51,5106,103100030,9626,2013-03-28,10.2,OZ,1,2
401674490,101,63,6305,102500020,16489,2012-05-26,59,OZ,1,3.89
401679605,101,31,3101,1068826767,17698,2012-04-15,3.12,OZ,1,2.15
401679605,101,73,7304,1034152030,2963,2012-10-17,10,OZ,1,4.99
401679605,101,23,2301,107067070,18955,2013-06-11,10,OZ,3,8.97
401680967,101,56,5615,107835474,2675,2012-05-28,8,OZ,1,2.5
401680967,101,9,907,1078142171,21825,2012-11-21,16,OZ,1,3.49
401681213,77,21,2108,102800020,56490,2013-03-20,64,OZ,1,3.49
401685533,77,58,5824,107053474,20396,2012-03-26,12,OZ,2,4.69
401685533,77,39,3903,107078474,18552,2012-11-12,24,OZ,1,2.79
401685533,77,0,0,10000,20405,2013-03-12,0,,1,-1.61
401695349,101,0,0,10000,20405,2012-08-06,0,,1,-1.6
401695349,101,32,3204,1085068787,71402,2013-04-08,16.9,OZ,1,4.99
401699427,101,36,3614,107049171,62474,2012-09-23,96,OZ,1,3.99
401702719,101,97,9781,10000,8255,2012-04-01,1,CT,1,-0.42
401702719,101,9,905,104300040,17447,2012-06-03,5,OZ,1,1.59
401702719,101,9,907,1068826767,81691,2013-05-25,12,OZ,2,2.5
401703098,101,69,6901,107940070,17521,2012-06-03,2.6,OZ,1,1.99
401704455,101,96,9609,1054369555,88199,2012-05-23,0,,1,-1
401725707,77,73,7329,1069986666,12440,2012-04-24,80,CT,1,23.99
401725707,77,72,7209,103700030,26880,2012-11-20,38.2,YD,1,4.39
401725707,77,55,5558,107078474,18552,2013-04-18,30,OZ,1,3.49
401729708,77,33,3307,101411313,23033,2012-10-28,8,OZ,1,3.99
401734686,101,7,707,104300040,11339,2012-05-08,11.5,OZ,3,9.57
401742118,77,58,5815,102781525,11137,2012-06-26,4.5,OZ,1,2.5
401742118,77,51,5115,101960010,3174,2012-08-26,5.08,OZ,3,3
401768652,101,36,3631,107800070,23209,2012-07-22,67.6,OZ,1,1
401770847,101,25,2506,104127141,26189,2012-06-10,16,OZ,2,3.58
401770847,101,26,2609,1068826767,7173,2012-07-29,100,CT,1,3.19
401770847,101,73,7307,1034152030,2963,2013-05-05,60,CT,1,12.99
401778569,101,97,9753,1020409121,0,2012-11-07,1,CT,2,3.16
401782307,101,34,3410,107418272,16853,2012-07-15,7.5,OZ,1,1
401782307,101,33,3315,104114343,17593,2012-07-29,6,OZ,1,2.99
401782307,101,63,6330,1068826767,81691,2012-08-05,16,OZ,1,1.89
401784501,101,97,9781,10000,8255,2012-08-13,1,CT,1,-0.52
401784501,101,12,1206,108000080,17292,2012-12-22,4.5,OZ,2,3.7
401785437,77,4,415,107339070,11515,2013-02-10,1.32,OZ,1,1.19
401785437,77,9,906,104300040,13361,2013-02-24,4.2,OZ,1,2.99
401785437,77,58,5824,107778272,9260,2013-05-26,12,OZ,1,3.5
401792772,77,9,902,102410020,44209,2012-04-25,13.7,OZ,1,2.99
401798429,101,29,2930,107680878,1393,2012-07-06,9,OZ,2,5.98
401798429,101,57,5703,1068826767,81691,2013-01-25,6,OZ,5,2.45
401798999,101,9,910,101410010,13791,2012-05-05,6,OZ,2,3.49
401805047,101,97,9753,1020402020,0,2013-03-02,1,CT,1,4.44
401807635,101,30,3010,104100040,19975,2013-05-26,16,OZ,1,2.19
401808775,101,59,5902,101570010,9542,2013-01-08,16,OZ,2,6
401811999,101,63,6305,102500020,11749,2013-04-16,59,OZ,1,2.39
401826995,77,99,9908,103338333,33170,2013-01-09,16,OZ,1,3.69
401839897,101,96,9609,1052570050,88199,2012-11-18,0,,1,-1
401839897,101,35,3510,106233868,20049,2013-03-27,50,OZ,1,6.99
401848967,77,9,970,103800030,62065,2012-05-27,14.1,OZ,1,2.5
401848967,77,63,6320,107078474,18552,2012-07-07,12,CT,1,1.39
401848967,77,9,901,104400040,13243,2012-07-27,11.3,OZ,1,3.99
401848967,77,34,3410,101700010,4912,2012-08-02,9.38,OZ,1,2.29
401848967,77,8,809,101300010,8164,2012-11-18,18,OZ,2,5.79
401848967,77,5,501,101600010,7104,2013-01-19,9.14,OZ,1,4.39
401848967,77,51,5115,107192171,18492,2013-04-14,20.5,OZ,2,6.99
401850141,101,26,2617,101090010,15232,2012-09-29,1,CT,1,5.19
401855866,101,63,6324,107892979,10635,2012-05-27,15,OZ,1,6.49
401855866,101,9,907,1068826767,81691,2013-01-02,20,OZ,1,1.25
401855866,101,24,2406,103760030,17027,2013-02-08,12,OZ,1,2.99
401862087,77,33,3303,102840020,10241,2013-05-31,10,OZ,1,3.5
401869980,101,10,1006,1068826767,7173,2013-03-22,10,OZ,1,1.52
401883677,101,34,3403,101700010,4912,2012-08-20,12,OZ,1,1.89
401883677,101,17,1724,107048171,32487,2012-08-20,32,OZ,1,2.89
401891415,77,12,1206,108000080,17292,2012-03-27,5,OZ,1,1
401891415,77,36,3638,107078474,18552,2012-12-03,101.4,OZ,1,2.5
401891415,77,0,0,10000,20405,2013-01-14,0,,1,-1.35
401897972,101,5,501,101862717,9496,2012-07-07,10.5,OZ,1,3.49
401897972,101,20,2002,1068826767,81691,2012-07-28,46,OZ,1,3.49
401898470,101,9,907,1068826767,81691,2012-08-12,20,OZ,1,1
401900382,101,63,6320,1071514171,25530,2012-04-11,12,CT,1,3.09
401922338,101,26,2633,105400050,16048,2012-11-26,4,RL,1,3.89
401922338,101,9,902,104400040,19783,2013-01-01,9.1,OZ,2,5
401922338,101,96,9609,1057274555,88199,2013-01-16,0,,2,-1.5
401924170,77,9,922,101290010,17055,2012-08-13,5,OZ,1,1.99
401924170,77,33,3303,102840020,10241,2012-12-26,10.5,OZ,1,-0.15
401927701,101,71,7113,1030815131,3609,2012-10-04,10.1,OZ,2,5.98
401927701,101,25,2506,105000050,32115,2013-02-07,16,OZ,2,3.18
401927701,101,97,9781,10000,8255,2013-03-11,1,CT,1,-0.76
401930135,101,17,1707,103320030,2806,2012-10-23,10,OZ,1,1.29
401930135,101,3,310,1068826767,81691,2013-03-13,9,OZ,1,7.49
401940567,101,9,902,104400040,12279,2012-05-18,9,OZ,2,5.78
401945333,101,33,3316,1068826767,81691,2012-08-10,15,OZ,1,2.39
401955303,101,6,605,104152040,2963,2012-06-10,16,OZ,1,8.99
401955303,101,63,6320,1068826767,81691,2012-11-25,8,CT,1,1.45
401956933,101,58,5823,102781525,8100,2012-03-10,7,OZ,1,3.69
401956933,101,99,9908,105783656,17665,2012-09-24,16,OZ,1,3.99
401956933,101,5,501,103800030,11732,2012-11-15,18,OZ,2,7.38
401983332,100,75,7501,107214070,12679,2012-09-04,13.5,OZ,1,7.99
401983332,100,4,412,101070010,9275,2013-02-21,14,OZ,1,3.39
401988967,101,25,2506,105000050,32115,2012-04-20,16,OZ,1,1.79
401990173,77,55,5558,107576777,13862,2012-08-19,48,OZ,1,4.99
401997698,101,5,516,103000030,14760,2012-03-12,6.1,OZ,2,4.78
401999717,240,57,5710,105215959,41981,2012-06-02,5.3,OZ,3,3.98
401999717,240,7,709,109955595,7661,2013-03-25,3.9,OZ,1,6.99
402004873,101,9,912,104812141,18322,2012-04-24,13,OZ,1,2.99
402007339,101,57,5710,1089470080,21065,2012-04-12,5.3,OZ,2,2.38
402013704,101,99,9908,1074941070,52757,2013-03-25,20,OZ,1,2.49
402015432,101,99,9901,107096979,17090,2012-07-07,4,OZ,1,2.99
402015432,101,17,1709,101920010,10882,2012-07-29,48,OZ,1,3.89
402015432,101,14,1404,103732333,12209,2012-10-27,24,OZ,2,4.78
402015453,101,96,9609,1050057353,88199,2012-06-06,0,,1,-1
402015453,101,26,2633,1068826767,33170,2012-11-08,4,RL,1,2
402042572,101,99,9908,103338333,33170,2013-02-18,1,CT,1,6.99
402042572,101,97,9781,10000,8255,2013-04-14,1,CT,1,-1
402043882,101,55,5552,107756777,2347,2012-03-16,48,OZ,2,6
402051808,101,27,2704,103810030,29945,2012-03-09,6,OZ,2,5
402051808,101,25,2509,1068826767,81691,2012-05-28,32,OZ,1,2.29
402051808,101,27,2704,107910070,30096,2013-02-07,24,OZ,1,2.96
402054815,101,29,2908,104600040,13023,2012-09-24,16,OZ,1,1.25
402083888,77,18,1827,104650040,7249,2013-02-06,9.7,OZ,1,3.29
402086193,101,26,2634,103600030,4139,2013-07-16,6,RL,1,4.77
402088806,101,3,304,105210050,11382,2012-12-03,1,OZ,1,2.5
402089158,101,5,501,103000030,14760,2012-04-15,12.3,OZ,1,3
402092173,101,99,9904,103338333,33170,2012-08-01,16,OZ,2,4.99
402092173,101,73,7356,101650010,26872,2012-11-16,65,CT,1,6.99
402092173,101,36,3630,107800070,5208,2013-05-04,20,OZ,1,1.69
402104591,101,27,2702,101780010,31128,2012-07-08,16.5,LB,1,10.99
402104591,101,51,5126,102113121,11151,2012-10-08,10,OZ,2,5.58
402114823,77,12,1205,108000080,17292,2012-12-01,2.6,OZ,1,1.34
402127781,77,8,817,102700020,8612,2012-07-20,24,OZ,1,1
402127781,77,97,9753,10000,0,2012-09-29,1,CT,189,7.54
402128111,101,45,4513,102265525,2626,2012-08-19,48,OZ,1,9.99
402128111,101,57,5703,103663232,4568,2013-04-07,6,OZ,1,0.6
402128337,77,37,3707,105100050,17812,2012-12-04,14.5,OZ,2,1.29
402128337,77,26,2606,105543757,11482,2013-02-18,100,CT,1,3.99
