500975915,21,19,1908,104119040,16347,2013-02-07,18,OZ,1,1.69
500976276,21,36,3628,101200010,12029,2012-03-22,144,OZ,1,3.99
500976276,21,72,7205,103500030,3830,2012-08-23,2.8,OZ,1,0.99
500976276,21,34,3403,101700010,4912,2012-08-23,32,OZ,1,4.79
500976276,21,41,4106,104119040,16347,2012-11-01,8,OZ,1,1.99
500977037,21,29,2914,102100020,19279,2013-03-10,12,OZ,1,2.99
500977179,21,8,803,106414464,7770,2012-03-02,12,OZ,1,1.33
500977179,21,29,2920,102970020,8711,2012-04-26,4,OZ,4,4
500977179,21,34,3411,101700010,18504,2012-10-04,18,OZ,1,3.79
500977179,21,27,2707,107910070,85,2012-10-26,3.15,LB,1,3.99
500977210,21,99,9909,1088804888,52680,2013-01-31,11,OZ,1,4.49
500977592,21,4,416,103400030,15113,2012-08-23,1.5,OZ,1,0.69
500977592,21,63,6320,104119040,16347,2012-10-02,18,CT,1,2.99
500977592,21,26,2630,103600030,9787,2013-01-14,184,CT,3,5.52
500977974,21,26,2622,104119040,16347,2012-07-21,50,CT,1,2.19
500977974,21,36,3618,104900040,23359,2012-07-28,67.6,OZ,2,3
500977974,21,75,7520,1030052131,27166,2013-01-12,170,CT,1,1.99
500978191,21,33,3305,102840020,18584,2012-05-27,14.5,OZ,1,3.99
500978191,21,8,818,108634181,27627,2012-07-02,25,OZ,1,4.99
500978191,21,58,5832,107274575,13804,2012-07-02,12,OZ,2,8.58
500978191,21,58,5823,102531727,763,2012-07-31,7,OZ,1,5.99
500978191,21,58,5823,102531727,763,2012-10-09,7,OZ,1,5.99
500978191,21,54,5403,104227242,648,2013-02-17,5.5,OZ,4,10.76
500978255,21,9,970,103800030,62065,2012-08-03,14.1,OZ,2,5.38
500978255,21,9,907,104119040,16347,2012-08-03,18,OZ,2,3.98
500978255,21,4,415,107339070,11515,2012-08-19,1.32,OZ,2,1.58
500978255,21,9,907,107130575,11013,2013-03-28,20,OZ,1,1.99
500978382,21,51,5129,101450010,20864,2012-10-03,12,OZ,1,1.85
500980483,21,53,5307,103470030,423,2012-03-13,12,OZ,1,1.67
500980483,21,26,2633,103700030,3293,2012-05-04,12,RL,2,14.58
500980483,21,63,6315,104119040,16347,2012-07-17,64,OZ,2,5
500980483,21,26,2633,103040030,683,2013-01-10,24,RL,2,14.36
500980594,21,9,902,103010030,3744,2012-04-05,16,OZ,1,3.29
500980594,21,73,7302,104119040,16347,2013-02-08,50,CT,1,1.99
500980831,21,30,3010,104119040,16347,2012-05-09,16,OZ,1,1.66
500980831,21,36,3635,107252171,27694,2012-11-14,33.8,OZ,2,1.5
500981773,21,21,2119,101200010,10522,2012-04-07,202.8,OZ,1,5.79
500981773,21,9,902,102410020,44209,2013-03-18,13.7,OZ,1,3.49
500981806,21,59,5906,104060040,26155,2013-03-24,15,OZ,1,2.99
500982294,21,72,7210,107666070,6414,2013-01-19,2.4,OZ,1,4.39
500983448,21,26,2622,104119040,16347,2012-03-04,100,CT,1,1.74
500983564,21,41,4108,104119040,16347,2012-10-05,15.5,OZ,2,1.58
500983639,21,31,3110,107020070,11244,2012-07-03,3,OZ,1,3.29
500983639,21,63,6312,105020050,52045,2012-11-02,64,OZ,1,1.99
500983639,21,33,3305,102840020,18584,2013-01-29,13,OZ,1,2.5
500983655,21,21,2103,103120030,12957,2012-11-18,64,OZ,2,4
500985160,21,18,1837,104650040,14869,2012-08-17,17.5,OZ,1,4.59
500985160,21,41,4121,104119040,16347,2012-12-26,8,OZ,5,2
500985160,21,63,6315,104119040,16347,2013-03-20,128,OZ,1,3.39
500985802,21,33,3307,104119040,16347,2013-03-08,8,OZ,1,5.99
500986023,21,3,302,102800020,30272,2012-04-07,24,OZ,1,5.99
500986270,21,21,2105,105200050,7054,2012-07-26,32,OZ,2,2
500987222,21,97,9753,1085052686,0,2012-03-05,1,CT,1,2.49
500987222,21,63,6325,103621737,28043,2012-12-24,24,OZ,1,6.99
500988364,21,99,9909,107143070,5072,2012-03-03,9,OZ,2,3.33
500988364,21,33,3307,104157040,2017,2012-06-29,16,OZ,1,7.25
500988375,21,33,3318,107781777,1235,2012-06-30,10,OZ,1,3.49
500988517,21,26,2622,101370010,8154,2012-05-05,22,CT,1,2.49
500988517,21,56,5617,105300050,2199,2012-06-23,12,OZ,1,1.99
500988517,21,49,4903,101312010,26885,2012-07-12,19,OZ,1,3.5
500988517,21,33,3307,101030010,5740,2013-01-03,10,OZ,1,5.99
500988517,21,9,913,104812141,18322,2013-06-21,12,OZ,1,4.19
500989216,21,69,6901,102220020,17067,2012-06-15,2,OZ,2,2.58
500989683,21,4,411,104137646,6663,2013-01-31,1.48,OZ,2,1.98
500990086,21,8,807,101340919,17823,2012-05-20,18,OZ,1,1.67
500990369,21,6,609,107007474,7315,2012-06-26,32,OZ,1,5.59
500990562,21,51,5115,101960010,3174,2012-03-31,5,OZ,2,2.5
500990562,21,37,3704,103360030,8209,2012-07-08,3.33,OZ,1,2.39
500990573,21,22,2207,1075703777,13386,2012-06-29,31.5,OZ,1,3.99
500990695,21,9,903,104119646,14582,2012-07-22,15,OZ,1,1.89
500990695,21,33,3304,102840020,6777,2012-11-08,10.5,OZ,1,3
500992337,21,63,6320,1071514171,25530,2012-11-26,6,CT,1,2.79
500992739,21,55,5552,102073525,18893,2012-06-19,16,OZ,1,1.32
500992739,21,4,418,103400030,8247,2012-08-22,4.25,OZ,1,1.67
500992739,21,51,5134,104119040,16347,2013-02-06,8,OZ,2,5
500992739,21,36,3601,101200010,13794,2013-04-17,20,OZ,1,1.69
500994031,21,23,2310,107466575,674,2012-12-18,13,OZ,1,1.5
500995214,21,59,5902,103450030,10165,2012-05-25,16,OZ,1,3.99
500995214,21,57,5707,107047070,20230,2012-05-31,36,OZ,1,4.79
500995306,21,59,5902,104119040,16347,2012-07-27,16,OZ,1,2.39
500995306,21,63,6332,104850040,61745,2012-12-05,59,OZ,1,3
500995424,21,13,1306,104119040,16347,2012-08-25,5,LB,1,1.99
500995424,21,72,7210,1031015838,14214,2012-12-29,2.4,OZ,1,4.49
500997110,21,9,901,104119040,16347,2013-02-22,16,OZ,1,3.49
500997260,21,9,901,104400040,3453,2012-10-14,14,OZ,1,3.49
500998904,21,55,5552,102073525,18893,2012-08-31,48,OZ,1,3.19
500998970,21,71,7110,102240020,25033,2012-10-06,8.3,OZ,1,3.29
500998970,21,26,2634,103700030,3293,2012-11-28,24,RL,1,17.78
500998970,21,97,9753,1068145060,0,2013-02-07,1,CT,1,2.99
500999869,21,57,5710,103000030,12172,2012-11-11,5.3,OZ,1,1
501001441,21,40,4004,1074239272,3032,2012-04-03,0.8,OZ,1,1
501001447,21,63,6305,102500020,11749,2012-04-10,59,OZ,4,7.96
501001447,21,14,1405,104119040,16347,2012-11-14,14,OZ,1,0.99
501001447,21,5,501,101600010,85114,2013-01-08,12,OZ,1,3
501001800,21,99,9908,103338333,33170,2012-06-02,12,OZ,2,3.38
501001800,21,73,7302,1032586636,384,2012-10-12,100,CT,1,8.99
501003351,21,63,6321,10800181,56627,2012-03-24,12,OZ,1,3.99
501003351,21,9,913,104812141,18322,2012-05-28,12,OZ,1,1.99
501003599,21,9,901,107232070,17320,2013-01-14,32,OZ,1,2.5
501003599,21,9,907,107101070,15998,2013-02-04,24,OZ,1,1.79
501003806,21,55,5561,107371878,11165,2012-07-29,36,OZ,1,2.99
501004493,21,26,2622,104119040,16347,2012-07-20,100,CT,1,1.99
501004493,21,97,9753,1085395181,0,2013-02-16,1,CT,1,2.5
501004743,21,37,3703,105100050,2820,2012-06-29,10.75,OZ,2,2
501004961,21,23,2301,107680878,1393,2012-10-15,16,OZ,2,2.8
501005132,21,9,907,104119040,16347,2012-04-04,20,OZ,1,1.27
501005132,21,20,2002,107294070,15678,2012-11-16,46,OZ,3,5
501005221,21,21,2105,104900040,14357,2013-01-18,32,OZ,2,2
501005609,21,19,1906,107240070,14199,2012-04-30,15.25,OZ,1,3.29
501005609,21,5,520,103997838,2082,2013-03-12,24,OZ,1,2.99
501005714,21,58,5811,102263525,19442,2012-06-05,12,OZ,1,5.49
501005714,21,36,3634,105200050,14597,2012-07-21,101.4,OZ,2,5.98
501005714,21,18,1890,107830070,14142,2012-09-05,10,CT,1,1.99
501005714,21,9,908,107203070,5812,2012-09-21,17.5,OZ,1,3.24
501005828,21,27,2705,102310020,19792,2012-04-25,3.5,OZ,3,2
501005828,21,58,5824,107778272,9260,2012-05-26,19,OZ,2,8.48
501005828,21,0,0,10000,0,2013-01-02,0,,1,-0.2
501007061,21,55,5567,104100040,7459,2012-05-06,18,OZ,1,3.19
501007270,21,8,801,101300010,8164,2012-09-21,15,OZ,1,2.29
501007417,21,36,3618,104900040,23359,2012-10-23,67.6,OZ,1,1.5
501007417,21,8,810,104800141,9814,2012-10-26,0.9,OZ,1,2.19
501008348,21,63,6332,104850040,61745,2012-04-30,59,OZ,1,2.89
501008358,21,9,907,107432373,1866,2012-06-14,20,OZ,1,2.49
501008358,21,32,3202,107040474,14245,2013-03-04,48,OZ,1,5.49
501008358,21,38,3802,104119040,16347,2013-03-04,2,LB,1,1.79
501008556,21,53,5307,104119040,16347,2012-07-09,16,OZ,1,1.99
501008556,21,34,3410,107418272,16853,2013-02-14,7.5,OZ,1,1.99
501008556,21,29,2914,102100020,9886,2013-03-05,14,OZ,2,5.98
501009002,21,97,9753,10000,0,2012-06-25,1,CT,1,0.98
501009431,21,14,1417,107402777,14200,2012-08-31,10,OZ,3,3
501009431,21,28,2804,104119040,16347,2012-12-29,12.6,OZ,2,4.98
501009897,21,36,3634,105200050,14597,2012-05-09,202.8,OZ,1,5.99
501009914,21,58,5815,107603373,2932,2012-05-09,7.5,OZ,1,1.99
501009914,21,35,3509,1088596787,330,2012-09-12,50,OZ,2,5.98
501009914,21,26,2633,104303242,11116,2012-12-20,12,RL,1,8.74
501009914,21,17,1703,101920010,10882,2013-01-01,32,OZ,1,2.79
501009914,21,25,2506,105000050,32115,2013-01-06,16,OZ,1,2.19
501010452,21,37,3703,105100050,2820,2012-09-16,10.75,OZ,4,3.4
501010452,21,75,7533,104119040,16347,2012-09-30,6,CT,1,2.39
501010452,21,63,6319,102073525,18893,2013-01-20,64,OZ,3,5.97
501010452,21,25,2506,104410040,8481,2013-06-02,16,OZ,1,2.39
501010793,21,27,2701,102310020,13705,2012-06-25,13.2,OZ,5,4
501010793,21,14,1411,103890030,5072,2012-12-17,20,OZ,1,1.5
501011232,21,5,518,103800030,15251,2012-07-07,6.2,OZ,1,2.69
501011232,21,44,4402,102770020,12137,2012-11-17,27,OZ,1,2.69
501011653,21,15,1506,107004474,3249,2012-04-27,5.5,OZ,1,0.99
501012014,21,53,5307,107056070,14005,2012-11-09,12,OZ,4,5.4
501012974,21,99,9908,103338333,33170,2012-06-04,16,OZ,1,0.99
501013130,21,26,2630,103600030,9787,2012-06-14,184,CT,4,7.96
501013130,21,4,427,10980090,18366,2012-09-15,1,OZ,2,2
501013130,21,28,2804,104119040,16347,2012-10-03,12,OZ,1,1.99
501013130,21,9,907,101410010,13791,2012-10-24,16,OZ,3,7.71
501013502,21,7,707,107103878,25424,2012-05-07,11.3,OZ,4,17.56
501013502,21,35,3509,1074917474,5479,2012-10-14,100,OZ,1,10.99
501013502,21,27,2713,102310020,3223,2012-10-21,3.5,OZ,4,3.2
501013502,21,63,6315,104119040,16347,2013-01-03,64,OZ,1,3.39
501014401,21,2,202,101600010,1756,2013-01-03,17.5,OZ,1,2.39
501015187,21,11,1102,104480040,22777,2013-01-01,200,CT,1,2.79
501016112,21,57,5710,1089470080,21065,2012-06-13,5.3,OZ,8,10
501016112,21,99,9904,1066529060,52314,2012-08-26,16,OZ,1,2.99
501016112,21,51,5121,104369545,10274,2012-09-05,9,OZ,1,2.79
501016112,21,9,902,102410020,44209,2013-01-15,13.7,OZ,1,3.49
501016337,21,23,2301,103340030,15802,2012-05-14,16,OZ,4,5.56
501016337,21,36,3628,101200010,12029,2012-07-04,144,OZ,1,4.17
501016337,21,63,6320,104119040,16347,2012-09-25,30,CT,1,4.19
501016601,21,33,3303,104178040,19154,2012-08-03,10,OZ,1,1.99
501016601,21,5,518,103800030,15251,2013-02-07,6.2,OZ,1,2.99
501016601,21,9,907,104119040,16347,2013-05-05,20,OZ,4,8.16
501016976,21,37,3703,105100050,2820,2013-01-30,11.25,OZ,1,1.67
501017677,21,8,818,103620030,14868,2012-08-09,23.9,OZ,2,4.18
501017677,21,23,2301,107680878,1393,2012-09-11,16,OZ,4,5.6
501017677,21,60,6007,101800010,14029,2012-12-31,8,OZ,1,3.29
501017677,21,3,307,104119040,16347,2013-01-09,16,OZ,1,0.99
501017677,21,5,502,101600010,1756,2013-03-15,8,OZ,1,2.5
501018121,21,8,835,1071536474,20070,2012-04-11,16,OZ,1,2.49
501018121,21,36,3628,101200010,12029,2012-07-04,144,OZ,1,4.17
501018121,21,21,2119,1061300868,867,2012-07-08,128,OZ,1,1.99
501018121,21,14,1404,101480010,12021,2013-04-01,23.4,OZ,2,5
501018270,21,41,4110,104780040,33381,2012-06-10,28,OZ,2,3.98
501018515,85,96,9632,107675070,10768,2012-09-26,1,CT,1,50
501018998,21,56,5610,107050676,3860,2012-03-14,4,OZ,1,0.99
501019794,21,9,907,107518575,11221,2012-09-03,15,OZ,1,3.49
501019794,21,56,5613,104119040,16347,2013-02-23,15,OZ,1,2.19
501019966,21,21,2108,104119040,16347,2012-03-17,64,OZ,1,1.99
501020075,21,73,7332,1032878535,19348,2012-04-29,1,CT,1,12.99
501020075,21,57,5704,104667545,20216,2012-06-17,6,OZ,4,3.6
501020276,21,2,201,101600010,1756,2012-03-28,15.25,OZ,1,1.33
501020767,21,32,3202,102700020,19737,2012-07-08,48,OZ,1,3.99
501020767,21,41,4121,107294070,15064,2012-07-21,15,OZ,3,2
501020767,21,55,5557,107457070,26051,2012-08-12,9,OZ,4,15.96
501020767,21,59,5906,104060040,26155,2012-09-15,16,OZ,2,5.98
501022221,21,99,9904,1071575676,5278,2012-05-21,6,OZ,2,6.98
501022853,21,99,9904,103338333,33170,2012-12-04,80,OZ,1,5.99
501024615,21,11,1102,101360010,18845,2012-08-15,80,CT,1,3.29
501024615,21,57,5710,103663232,4568,2012-09-08,5.3,OZ,2,1.76
501025658,21,5,501,101600010,3331,2012-04-13,18,OZ,1,4.19
501025833,21,29,2908,104133141,7531,2012-06-19,16,OZ,3,5.47
501025964,21,54,5401,103800030,5618,2012-07-16,10.9,OZ,1,2.9
501026012,21,26,2611,1030800434,18144,2013-04-05,30,CT,1,11.49
501026665,21,63,6315,104119040,16347,2013-03-17,64,OZ,1,1.99
501026971,21,6,601,107092070,17882,2012-11-09,7.3,OZ,1,1.39
501027293,21,99,9908,103338333,33170,2012-09-09,16,OZ,1,2.5
501027663,21,99,9908,1060580666,7655,2012-06-12,12,OZ,1,2.5
501027663,21,9,917,107373171,11786,2012-09-03,20,OZ,1,2.99
501027663,21,3,305,104119040,16347,2012-11-25,16,OZ,1,0.67
501027663,21,55,5552,102073525,18893,2013-03-30,48,OZ,1,3.29
501028563,21,99,9909,107143070,5072,2012-05-27,5,OZ,1,1.67
501028563,21,36,3638,106827464,30855,2012-12-19,101.4,OZ,4,10
501028899,21,99,9908,1074069575,13414,2013-01-17,12,OZ,1,4.99
501029164,21,28,2806,10930090,12157,2012-05-23,16,OZ,2,4
501029233,21,20,2002,105100050,27873,2012-04-21,46,OZ,1,2.99
501029440,21,58,5827,104350040,14162,2012-08-17,16,OZ,2,6.98
501029559,21,57,5710,105215959,41981,2013-02-07,5.3,OZ,3,3
501031052,21,26,2633,105400050,16048,2012-06-24,12,RL,1,9.99
501031254,21,96,9609,1054105858,88199,2012-06-14,0,,1,-4
501031254,21,96,9609,1057066252,88199,2012-12-11,0,,1,-1
501031254,21,56,5616,104610040,15889,2012-12-11,7,OZ,1,3.49
501031570,21,55,5555,107457070,26051,2012-08-19,14,OZ,2,6.78
501031570,21,55,5560,104154848,5603,2012-08-30,16.1,OZ,1,2.74
501031570,21,18,1828,104119040,16347,2012-12-31,5,OZ,1,0.89
501031598,21,16,1604,101254616,4806,2012-07-23,48,CT,1,2.79
501032554,21,59,5902,104119040,16347,2012-07-24,16,OZ,3,7.17
501032554,21,53,5307,101450010,20864,2012-12-13,12,OZ,2,3.18
501034289,21,36,3601,101200010,13794,2012-05-06,144,OZ,4,17.52
501034473,21,35,3509,1088596787,330,2012-09-12,50,OZ,1,2.99
501035056,21,99,9904,103338333,33170,2012-04-01,16,OZ,1,2.49
501035056,21,31,3111,104150040,6714,2012-09-22,6,OZ,1,3.39
501036222,21,59,5907,104119040,16347,2012-05-13,16,OZ,1,0.99
501036222,21,23,2301,107130070,15474,2012-06-04,16,OZ,4,5.96
501036291,21,96,9609,1051514151,88199,2012-07-10,0,,1,-3.69
501036764,21,63,6305,101630010,6509,2012-04-21,59,OZ,1,2.69
501036919,21,57,5704,105360050,10074,2012-03-21,6,OZ,4,2.76
501036919,21,9,903,103800030,4086,2013-01-09,21,OZ,1,4.29
501036919,21,49,4901,107271474,11375,2013-01-11,32,OZ,1,2
501038003,21,26,2609,104119040,16347,2012-11-29,48,CT,3,8.07
501038188,21,35,3504,103700030,6947,2012-03-17,30,OZ,2,4.78
501038188,21,36,3635,107572070,14196,2012-08-13,33.8,OZ,2,2
501038188,21,19,1905,105150050,16728,2012-10-31,12,OZ,2,5.76
501039087,21,97,9799,107116070,14748,2012-06-09,1,CT,1,2.74
501039419,21,26,2630,104119040,16347,2012-05-09,85,CT,1,0.8
501039419,21,9,902,104119040,16347,2012-08-02,11.5,OZ,1,1.99
501039419,21,19,1906,105150050,16728,2012-10-25,12.75,OZ,1,2.99
501039467,21,9,902,101410010,45039,2012-10-05,2,OZ,1,1
501039467,21,9,907,109247494,94794,2013-01-11,21,OZ,1,4.19
501040299,21,54,5401,103800030,5618,2012-06-07,9.8,OZ,2,2.98
501040299,21,5,501,103000030,58434,2013-01-30,13,OZ,1,2.49
501042180,21,7,708,1078260575,9504,2012-09-21,10,OZ,1,7.99
501042180,21,36,3612,104119040,16347,2012-09-27,128,OZ,1,0.79
501042180,21,58,5828,103100030,1358,2012-12-13,6.4,OZ,1,1.19
501042636,21,41,4105,102400020,4704,2012-03-30,14.5,OZ,2,2
501042636,21,9,907,104119040,16347,2012-08-28,16,OZ,1,2.39
501042826,21,9,901,104400040,3453,2012-06-12,13.72,OZ,1,2.19
501042826,21,97,9753,1088100686,0,2012-06-12,1,CT,2,5.98
501043163,21,96,9609,1051115656,88199,2013-04-06,0,,2,-1
501044791,21,65,6502,101800010,14029,2012-09-12,14.1,OZ,1,3.18
501044914,21,30,3001,104800141,8178,2012-05-11,30,OZ,1,4.59
501044914,21,9,901,1060137969,26861,2013-02-28,5,OZ,2,2
501044914,21,9,902,104400040,19783,2013-03-21,9.1,OZ,1,3.49
501045317,21,36,3604,107800070,2829,2012-06-16,67.6,OZ,3,4.11
501045317,21,63,6315,104119040,16347,2012-06-25,32,OZ,1,1.19
501045317,21,26,2617,104119040,16347,2013-03-30,1,CT,2,1.98
501045807,21,37,3707,102400020,3843,2012-11-15,14.5,OZ,5,5
501046711,21,31,3108,101360010,4916,2013-01-14,22,OZ,1,0.79
501046939,21,41,4107,104119040,16347,2012-07-11,15,OZ,1,0.68
501046976,21,63,6305,104850040,18799,2012-03-17,59,OZ,2,5.98
501046976,21,12,1206,104800040,38150,2012-07-15,5,OZ,2,2.48
501046976,21,97,9753,103338333,0,2013-03-12,1,CT,2,12
501047239,21,27,2705,105000050,6775,2012-12-02,5.5,OZ,15,8.25
501047331,21,44,4401,105100050,13791,2012-08-15,19,OZ,1,3.7
501048322,21,21,2105,105200050,7054,2012-03-07,216,OZ,1,8.49
501048322,21,30,3002,102100020,9886,2012-11-05,30,OZ,1,3.99
501048660,21,63,6315,104119040,16347,2012-04-24,64,OZ,1,2.59
501048660,21,23,2301,107680878,1393,2012-09-05,16,OZ,1,1.49
501048660,21,4,423,107726070,15624,2012-09-27,3,OZ,2,3.76
501048660,21,41,4107,102000020,10265,2012-12-20,15,OZ,1,1.99
501049455,21,8,818,105100050,14403,2012-06-10,45,OZ,2,8.58
501049455,21,56,5620,104119040,16347,2012-07-07,8,OZ,2,2.98
501049455,21,99,9908,103338333,33170,2012-12-01,16,OZ,1,0.99
501049455,21,9,902,104400040,12279,2012-12-15,11,OZ,1,3.19
501049455,21,56,5610,103114232,25202,2013-01-19,5,OZ,1,3.49
501049455,21,45,4511,102370020,18969,2013-03-02,22,OZ,1,8.99
501050337,21,99,9909,107127979,6732,2012-04-04,12,OZ,2,4.98
501050937,21,56,5611,104175747,10216,2012-06-02,6,OZ,1,2.49
501050937,21,9,907,107341070,13291,2012-09-08,12,OZ,1,2.49
501050937,21,4,417,103400030,9739,2012-11-18,4.5,OZ,1,1.67
501050937,21,55,5567,1078978575,16558,2012-11-30,16,OZ,2,11.98
501051653,21,69,6901,103700030,16139,2012-04-12,2.6,OZ,1,2.79
501051653,21,26,2609,10400040,13626,2012-09-24,24,CT,1,-0.5
501051653,21,26,2609,104116545,16879,2012-12-17,55,CT,1,5.49
501051653,21,56,5616,104263444,486,2013-01-20,8,OZ,2,9.38
501051653,21,7,709,107017777,18928,2013-02-13,1.35,OZ,1,5.49
501051667,21,72,7205,103700030,4294,2013-02-18,4.2,OZ,1,3.29
501052087,21,4,423,107279979,19735,2013-02-07,2.75,OZ,2,3
501052925,21,8,818,107294070,18909,2012-09-02,26,OZ,2,1.98
501052925,21,9,901,104400040,13243,2012-11-18,15.5,OZ,1,3.99
501053415,21,9,907,107341070,2437,2013-02-25,24,OZ,1,2.34
501054682,21,9,907,104500040,20016,2012-10-22,16,OZ,1,3.99
501055522,21,41,4105,102400020,4704,2013-02-14,14.5,OZ,1,1.25
501055860,21,9,908,107203070,5812,2012-03-08,16,OZ,1,2.49
501055860,21,72,7205,103500030,3830,2013-01-31,2.8,OZ,1,0.99
501055898,21,53,5305,102000020,7655,2012-07-31,9,OZ,1,2
501055898,21,7,707,102550020,6550,2012-12-30,10.3,OZ,1,3.99
501055898,21,26,2607,101090010,15232,2013-02-17,1,CT,1,3.29
501056589,21,95,9518,1061029060,7848,2012-06-01,1,CT,1,2.69
501056603,21,0,0,10000,20405,2012-12-07,0,,1,0
501056791,21,5,519,103000030,14760,2012-09-12,14,OZ,2,5.98
501056791,21,51,5127,105100050,8605,2013-02-15,16,OZ,2,5.78
501057039,21,13,1306,102724626,6325,2012-11-27,1,LB,1,1.79
501057083,21,63,6320,1071514171,25530,2012-05-14,12,CT,1,3.49
501058362,21,25,2508,102529323,16410,2012-04-04,64,OZ,2,6.98
501058362,21,9,902,104400040,15335,2012-07-12,15.1,OZ,1,3.69
501058362,21,36,3601,101200010,13794,2012-10-22,144,OZ,1,4.48
501058599,21,9,902,104950848,16730,2012-05-24,7.2,OZ,1,2.5
501058599,21,56,5615,103651434,7627,2012-07-01,8,OZ,2,2.76
501058599,21,56,5615,103651434,7627,2012-10-23,8,OZ,2,3.2
501059467,21,9,907,107130575,11013,2012-04-01,20,OZ,1,3.99
501059467,21,26,2622,101370010,8154,2013-02-24,13,CT,1,2.62
501059467,21,18,1890,105209252,43069,2013-03-04,6,CT,1,3.29
501060524,21,44,4407,107680070,10333,2012-11-29,12,OZ,1,1.79
501060524,21,12,1207,107114070,7078,2013-02-28,3.75,OZ,1,1.89
501060807,21,63,6305,104850040,18799,2013-01-02,59,OZ,1,2.99
501060881,21,36,3636,104300040,29501,2012-12-15,192,OZ,3,11.97
501061403,21,10,1011,104300040,26232,2012-03-07,19.5,OZ,1,3.99
501061403,21,56,5609,107170070,1142,2012-03-09,16,OZ,1,2.49
501062092,21,5,501,1088491282,8459,2012-09-07,14.5,OZ,1,2.99
501062092,21,39,3903,103000030,1058,2012-09-20,24,OZ,1,2.99
501062092,21,99,9909,107143070,5072,2013-01-13,9,OZ,1,2
501062092,21,16,1604,101254616,17473,2013-03-25,42,CT,1,2.65
501062221,21,33,3318,107797575,27417,2012-08-10,12,OZ,1,3.49
501064336,21,30,3010,104133545,43106,2012-05-02,9,OZ,2,2.98
501064336,21,71,7113,102240020,25033,2012-11-14,15,OZ,1,0.88
501064556,21,9,907,107341070,888,2012-04-20,16,OZ,1,3.49
501064556,21,43,4302,107027272,15085,2012-11-22,6.5,OZ,1,1.99
501064556,21,36,3632,107800070,8019,2012-11-30,144,OZ,1,2.19
501064556,21,0,0,10000,0,2013-02-13,0,,2,7.98
501065391,21,97,9753,1074069575,0,2012-06-10,1,CT,1,1.69
501065498,21,41,4105,107294070,15064,2012-04-18,28,OZ,2,3
501065498,21,63,6315,104119040,16347,2012-12-22,64,OZ,1,2.23
501065925,21,53,5307,102880020,7907,2013-03-31,14,OZ,2,2.98
501066341,21,9,958,107351070,17346,2012-03-12,6,OZ,1,2.69
501066341,21,17,1726,101920010,10882,2012-06-11,35,CT,1,2.89
501066341,21,9,907,101410010,13791,2012-08-20,16,OZ,2,8.58
501066341,21,7,709,107017777,18928,2013-02-25,1.44,OZ,1,6.99
501066929,21,9,907,101410010,45039,2012-03-30,12,OZ,1,1.99
501067654,21,36,3603,107239272,20113,2012-06-07,384,OZ,2,3.98
501068826,21,59,5902,103450030,10165,2012-08-28,16,OZ,1,3.49
501068826,21,73,7302,1081652686,17225,2012-10-26,250,CT,1,4.99
501068826,21,21,2119,101200010,10522,2012-12-16,128,OZ,1,3
501069886,21,7,708,105543757,11482,2012-09-15,11,OZ,7,20.93
501069886,21,9,901,1081612080,36616,2012-11-06,15.2,OZ,6,17.94
501070210,21,99,9908,104119040,16347,2012-10-25,10,OZ,1,1.99
501070388,21,26,2609,104200040,5016,2012-07-29,24,CT,1,2.99
501070388,21,33,3307,102900020,14112,2012-10-18,10.3,OZ,1,5.79
501070388,21,26,2620,104200040,5016,2013-02-08,26,CT,1,4.99
501070388,21,36,3611,107572070,14196,2013-02-28,405.6,OZ,1,4.39
501074513,21,63,6315,104119040,16347,2012-06-29,64,OZ,1,2.59
501074513,21,31,3101,105210050,17081,2013-01-30,0.4,OZ,1,0.88
501076493,21,42,4220,107062070,9035,2012-12-31,16,OZ,1,1.49
501077158,21,55,5558,107064070,2014,2012-09-02,27.6,OZ,2,7
501077158,21,18,1898,103980030,5962,2012-12-08,8,CT,2,5.98
501078005,21,26,2622,101370010,8154,2012-08-27,17,CT,1,2.62
501078005,21,53,5305,102000020,7655,2012-11-13,7.5,OZ,1,1.43
501078005,21,9,918,107056979,1268,2012-11-13,4.4,OZ,2,4.99
501079365,21,17,1703,101980010,19934,2012-05-02,32,OZ,1,3.69
501079365,21,9,901,107203070,5812,2012-06-15,11,OZ,1,4.99
501079365,21,56,5620,104119040,16347,2012-10-08,8,OZ,1,1.99
501079365,21,72,7205,103500030,3830,2012-10-09,4,OZ,2,1.98
501079720,21,58,5828,107091979,7981,2012-09-19,16,OZ,1,3.99
501080312,21,21,2105,105200050,7054,2012-05-28,32,OZ,4,4
501080312,21,63,6320,104119040,16347,2012-06-07,12,CT,1,1.49
501080312,21,9,907,104500040,20016,2012-07-05,20,OZ,1,1.99
501080675,21,63,6328,102016929,16492,2012-05-16,20,OZ,1,1.49
501081077,21,5,519,103000030,14760,2012-05-11,2.64,OZ,1,1.66
501081743,21,33,3318,107041575,27016,2012-04-26,12,OZ,1,1.19
501081886,21,63,6315,104119040,16347,2012-10-04,64,OZ,1,2.39
501082322,21,51,5121,105150050,16728,2012-07-13,20,OZ,1,5.99
501082322,21,45,4511,107813979,21157,2012-11-01,20,OZ,1,6.99
501082787,21,99,9908,103338333,33170,2012-12-27,16,OZ,1,0.99
501082850,21,57,5704,103663232,4568,2012-08-21,6,OZ,1,0.75
501082850,21,21,2118,107618373,16756,2012-11-26,16,OZ,1,1.09
501082850,21,99,9909,1088804888,52680,2013-01-07,5,OZ,1,2.5
501082850,21,29,2927,107225171,12502,2013-02-08,6.25,OZ,2,3.98
501084118,21,57,5710,1075854373,19530,2013-04-14,5.3,OZ,2,2
501084925,21,25,2504,104119040,16347,2013-01-18,12,OZ,2,1.78
501084925,21,9,922,102560020,18051,2013-02-08,14.25,OZ,1,2.99
501085939,21,56,5610,1063000363,25246,2012-09-06,5,OZ,1,4.99
501086760,21,25,2509,104119040,16347,2012-09-06,16,OZ,1,1.49
501088021,21,2,202,104144949,7168,2012-05-22,20,OZ,1,2.69
501088510,21,63,6315,104119040,16347,2012-08-04,32,OZ,1,1.29
501089344,21,5,502,103485636,19713,2013-01-26,19.8,OZ,1,5.29
501089344,21,27,2706,105000050,6132,2013-03-01,3,OZ,3,1.62
501090150,21,58,5827,107024777,6176,2012-07-01,16,OZ,1,2.99
501090150,21,54,5402,101960010,1058,2013-02-02,12.5,OZ,1,2.65
501090729,21,8,809,101300010,8164,2012-12-23,12,OZ,2,2.78
501090749,21,99,9908,103338333,287,2012-04-18,80,OZ,1,2.99
501091848,21,53,5307,107056070,14005,2012-04-05,12,OZ,3,3.87
501091848,21,5,517,102560020,18051,2012-05-03,12,OZ,1,2.69
501092393,21,21,2108,104119040,16347,2012-04-21,64,OZ,2,3.58
501092393,21,63,6315,104119040,16347,2012-08-25,32,OZ,1,1.59
501092393,21,9,907,104119040,16347,2012-10-13,20,OZ,1,1.27
501094537,21,63,6315,104119040,16347,2012-07-17,128,OZ,2,6.98
501094537,21,63,6320,104119040,16347,2012-08-20,12,CT,1,2.29
501094537,21,9,910,101410010,13791,2013-01-26,5.9,OZ,1,2
501096339,21,60,6011,101800010,14029,2012-12-06,16.3,OZ,1,1.99
501096641,21,38,3801,104920040,5098,2012-04-19,5,LB,1,2.99
501096641,21,29,2924,101740010,11748,2012-12-06,14,OZ,1,1.99
501097350,21,5,501,103800030,3555,2012-04-03,10,OZ,1,2.89
501098041,21,56,5607,104119040,16347,2012-03-05,8,OZ,2,1.98
501098041,21,99,9904,103338333,33170,2012-06-09,16,OZ,1,2.49
501098041,21,56,5607,104119040,16347,2012-10-16,8,OZ,1,1.49
501098041,21,9,901,1071860474,12733,2013-02-07,6.88,OZ,1,3.19
501099948,21,63,6320,109396696,13264,2012-03-13,6,CT,1,2.69
501103393,21,36,3601,104900040,3809,2012-04-27,67.6,OZ,1,1.5
501103637,21,97,9799,104878949,4913,2012-03-26,250,CT,1,0.99
501103637,21,9,907,107220171,33536,2012-11-24,8,OZ,1,1.49
501104070,21,63,6305,102500020,16489,2012-04-21,59,OZ,1,3.49
501104070,21,97,9753,10000,0,2012-06-08,1,CT,1,0.61
501104257,21,23,2301,103915333,3811,2012-04-06,16,OZ,1,1.99
501104257,21,70,7001,104119040,16347,2012-04-15,16,OZ,3,1.77
501104311,21,14,1411,103890030,5072,2012-03-22,20,OZ,2,2.5
501105197,21,9,907,104119040,16347,2012-07-31,24,OZ,1,2.09
501105197,21,26,2620,101370010,8154,2012-11-17,30,CT,1,2.8
501105197,21,31,3108,105210050,11382,2013-02-21,2.12,OZ,1,1.99
501106059,21,45,4511,107274575,13804,2012-07-29,29,OZ,2,9.98
501106098,21,65,6501,104400040,13243,2012-06-02,6,OZ,1,2.49
501106098,21,8,818,103620030,14868,2012-10-20,23.9,OZ,1,2.09
501106098,21,14,1410,104119040,16347,2012-12-08,29,OZ,1,1.99
501107858,21,21,2119,1061300868,867,2012-11-02,23,OZ,1,0.99
501107858,21,63,6315,104119040,16347,2012-11-27,128,OZ,1,3.39
501108186,21,8,807,101300010,9031,2012-05-16,19,OZ,1,1.67
501108186,21,0,0,10000,20405,2012-11-06,0,,1,5.07
501109349,21,71,7107,1030815131,3609,2012-05-05,1,CT,1,7.99
501109349,21,96,9609,10997910090,88199,2012-06-20,0,,1,-1
501109349,21,18,1831,102146626,20787,2012-10-18,1,CT,1,1.09
501109349,21,19,1905,105150050,16728,2012-10-18,32,OZ,1,3.19
501109349,21,33,3303,102840020,10241,2012-12-13,10.5,OZ,1,2.5
501110282,21,63,6399,107044676,2071,2013-03-06,16,OZ,1,1.99
501110508,21,9,902,107084474,26374,2013-01-06,3.5,OZ,1,2.99
501111038,21,8,807,102700020,8612,2012-08-30,21.6,OZ,6,7.14
501111711,21,58,5812,105450050,1322,2012-05-25,15,OZ,1,2.84
501111711,21,8,836,104119040,16347,2012-09-17,16,OZ,1,0.85
501111711,21,9,907,103967737,16347,2013-03-19,16,OZ,1,1.69
501111711,21,59,5907,104119040,16347,2013-04-07,45,OZ,1,1.69
501112487,21,63,6315,104119040,16347,2012-03-16,64,OZ,1,2.59
501114506,21,32,3202,102250626,17063,2012-12-28,8,OZ,-1,-5.69
501114512,21,55,5552,102073525,18893,2012-04-04,48,OZ,1,3.29
501114512,21,58,5837,104119040,16347,2012-10-28,2.3,OZ,1,2.99
501115566,21,33,3307,104119040,16347,2012-03-14,12,OZ,1,2.99
501115566,21,56,5621,104610040,15889,2012-12-19,8,OZ,1,3.29
501118063,21,26,2629,104119040,16347,2012-06-05,250,CT,1,1.69
501118063,21,37,3705,105100050,2820,2012-10-10,18.6,OZ,1,1.89
501120328,21,36,3625,101200010,13794,2012-09-03,67.6,OZ,1,1.42
501120328,21,56,5615,1072776676,11374,2012-09-22,8,OZ,1,1.88
501120328,21,63,6305,104850040,18799,2012-11-18,59,OZ,1,2.99
501121890,21,9,970,103800030,62065,2012-03-08,4.86,OZ,1,3.69
501121890,21,4,407,103400030,18947,2012-08-18,12,OZ,2,3.78
501121890,21,29,2923,104100040,9814,2012-10-14,4,OZ,2,2.36
501121890,21,7,707,107103878,25424,2012-12-06,11.3,OZ,1,3.99
501122798,21,2,208,105150050,14029,2012-12-02,14,OZ,2,5
501122798,21,30,3008,104100040,19975,2013-01-13,16,OZ,2,3.98
501123308,21,26,2609,104200040,5016,2013-02-07,100,CT,1,9.99
501124211,21,18,1890,1074938474,52350,2012-12-07,15,CT,1,3.79
501124211,21,41,4108,104133141,7531,2012-12-20,15.5,OZ,1,1.19
501125344,21,63,6332,104850040,61745,2012-08-20,59,OZ,1,2.99
501125344,21,26,2630,106343565,16050,2012-11-29,70,CT,1,1.35
501125344,21,23,2301,107680878,1393,2013-03-21,16,OZ,7,9.8
501128656,21,36,3626,104900040,17186,2012-09-01,67.6,OZ,6,9
501128993,21,30,3001,104800141,8178,2012-07-04,30,OZ,1,4.59
501131722,21,95,9518,107000070,7848,2012-11-14,1,CT,2,3.98
501132372,21,41,4109,105100050,2820,2012-04-19,11,OZ,2,1.18
501132372,21,33,3318,107260070,8245,2012-04-27,16,OZ,1,1.97
501132372,21,34,3411,1036563232,19814,2012-07-12,12,OZ,1,0.99
501132372,21,26,2630,103600030,9787,2012-10-31,184,CT,1,1.96
501132372,21,2,201,1064420969,5345,2013-03-22,16.5,OZ,1,1.12
501133514,21,56,5609,102100020,2321,2012-05-08,3.9,OZ,1,1.25
501133514,21,58,5823,1063000363,25246,2012-05-13,7,OZ,1,4.99
501133514,21,28,2804,104119040,16347,2012-12-08,32,OZ,1,2.49
501133743,21,37,3709,107066272,12673,2012-12-01,6.75,OZ,1,1
501134346,21,53,5305,102000020,7655,2013-01-13,10,OZ,2,3.34
501134406,21,37,3707,102400020,3843,2012-04-07,14.5,OZ,2,2
501134406,21,8,801,101300010,8164,2012-10-07,40,OZ,1,2.79
501134406,21,26,2622,104119040,16347,2012-11-30,30,CT,1,1.89
501136314,21,59,5906,104060040,26155,2013-02-28,15,OZ,1,2.99
501136347,21,25,2507,104119040,16347,2012-12-14,32,OZ,1,1.79
501137815,21,96,9609,1051780050,88199,2012-03-02,0,,2,-2
501137874,21,97,9716,103315939,3576,2012-12-29,32,OZ,1,3.89
501138510,21,36,3601,104900040,3809,2012-06-23,67.6,OZ,1,1.69
501139871,21,55,5552,102073525,18893,2012-05-12,48,OZ,1,3.99
501139871,21,36,3632,104900040,6137,2012-09-04,67.6,OZ,1,1.5
501139871,21,8,811,1070601070,1393,2013-03-21,24,OZ,1,2.49
501140915,21,99,9908,104119040,16347,2012-11-22,16,OZ,1,1.5
501140930,21,36,3632,101480010,8019,2013-04-14,128,OZ,2,5
501142445,21,9,901,103010030,19370,2012-05-17,14.2,OZ,1,2.99
501142747,21,73,7302,1081652686,17225,2012-04-30,300,CT,1,10.99
501144002,21,51,5129,101450010,20864,2013-01-27,10,OZ,0,0
501144002,21,36,3635,104119040,16347,2013-03-24,33.8,OZ,3,1
501144882,21,3,311,101600010,1756,2012-04-03,12,OZ,1,2.19
501145283,21,41,4121,102400020,3988,2012-03-17,8,OZ,6,4
501145488,21,28,2805,107299979,98643,2012-10-02,7,OZ,1,5.49
501146785,21,18,1898,104133343,5379,2012-11-03,2,CT,1,5.99
501146785,21,63,6305,104850040,18799,2013-01-13,59,OZ,1,2.89
501147028,21,99,9901,1061710464,53733,2012-04-10,1,CT,1,2.99
501149189,21,5,516,103800030,24525,2012-09-26,6.3,OZ,2,6.98
501150927,21,56,5607,102100020,13967,2012-10-02,8,OZ,1,2.5
501150927,21,29,2925,104133141,7531,2013-03-24,24,OZ,1,4.99
501152204,21,75,7501,104589343,17521,2012-11-13,18,OZ,1,2.88
501154132,21,9,907,101213515,27005,2012-03-02,14,OZ,1,4.89
501154132,21,41,4107,104119040,16347,2012-11-28,15,OZ,2,1.58
501154134,21,27,2709,105849656,18139,2012-10-06,6.3,OZ,1,3.49
501155028,21,9,901,104400040,13243,2012-04-15,15.5,OZ,1,3.99
501155184,21,51,5129,101450010,20864,2012-08-01,10,OZ,1,2.5
501155184,21,7,702,102800020,18041,2012-10-10,7,OZ,1,8.99
501155184,21,9,910,101410010,13791,2013-03-08,13,OZ,1,3.59
501155880,21,22,2207,106233868,15197,2012-07-01,32,OZ,1,2.79
501155880,21,56,5620,104119040,16347,2012-08-12,8,OZ,2,3.76
501155880,21,45,4509,1068907666,51701,2012-12-03,32,OZ,1,8.99
501155880,21,35,3509,103320030,875,2012-12-18,45,OZ,2,4.38
501156079,21,15,1506,1079042979,22943,2012-09-29,9,OZ,1,2.99
501156187,21,21,2119,1061300868,867,2012-03-09,138,OZ,1,3.99
501156187,21,63,6320,104119040,16347,2012-11-01,18,CT,1,2.48
501156187,21,58,5824,102836424,14418,2013-01-12,16,OZ,1,3.79
501156187,21,9,907,101410010,13791,2013-02-15,24,OZ,1,2.49
501156498,21,63,6315,104119040,16347,2012-07-07,128,OZ,1,3.69
501156498,21,69,6903,1031101737,18408,2012-07-13,4.6,OZ,1,4.99
501157317,21,10,1011,101570010,17882,2012-04-06,24,OZ,1,2.5
501157317,21,14,1411,103890030,5072,2012-11-09,20,OZ,3,4.17
501158017,21,53,5309,101450010,20864,2012-03-19,4,CT,2,5
501158017,21,54,5402,104119040,16347,2013-05-07,12.3,OZ,1,1.67
501158544,21,97,9716,107061272,884,2012-06-15,18,OZ,1,7.99
501158544,21,8,835,102150020,10238,2012-12-22,12,OZ,1,3.49
501159378,21,42,4220,107062070,9035,2012-12-05,16,OZ,8,9.92
501159378,21,97,9753,10000,0,2013-04-05,1,CT,1,2.3
501160201,21,14,1415,107114070,7078,2012-08-09,15,OZ,1,1.29
501160787,21,25,2507,102800020,12545,2012-07-06,32,OZ,1,3.79
501160787,21,4,418,103400030,15113,2012-07-27,13.2,OZ,1,3.69
501160787,21,35,3508,103700030,18371,2012-09-21,12,OZ,2,8.88
501160787,21,39,3903,103905939,17176,2012-11-16,24,OZ,1,2.69
501160787,21,51,5134,104280040,18599,2012-12-28,19.8,OZ,1,3.79
501160787,21,99,9908,103338333,33170,2013-02-15,8,OZ,1,1.67
501160787,21,4,410,1063168868,56072,2013-03-08,7,OZ,1,5.49
501160850,21,26,2630,104119040,16347,2012-04-29,85,CT,5,4
501162108,21,27,2712,104293444,2439,2012-04-15,32,OZ,1,2.99
501162108,21,42,4220,107062070,9035,2013-03-10,16,OZ,1,1.29
501163486,21,59,5902,104119040,16347,2012-04-19,16,OZ,2,9.98
501163486,21,9,908,107203070,5812,2012-05-07,16,OZ,1,2.49
501163486,21,9,970,103800030,62065,2012-11-25,14.7,OZ,2,5.38
501163523,21,63,6315,104119040,16347,2012-03-14,128,OZ,1,2.89
501163523,21,63,6315,104119040,16347,2012-05-15,128,OZ,1,3.19
501163523,21,9,907,104500040,20016,2012-07-01,12,OZ,1,1.29
501163523,21,63,6315,104119040,16347,2012-12-24,128,OZ,1,3.59
501163523,21,63,6315,104119040,16347,2013-03-01,128,OZ,1,3.19
501163591,21,26,2631,107488777,26811,2012-10-21,48,CT,1,1.79
501163591,21,37,3707,104119040,16347,2012-10-26,48,OZ,1,1.98
501164319,21,55,5552,102073525,18893,2012-04-15,48,OZ,2,6.58
501164319,21,26,2629,104119040,16347,2012-05-02,250,CT,1,1.54
501164319,21,33,3305,102840020,5141,2012-05-20,10.5,OZ,1,2.5
501164348,21,31,3101,105210050,11382,2012-04-03,0.5,OZ,1,5.49
501164348,21,56,5620,104119040,16347,2012-08-24,8,OZ,1,1.88
501164348,21,99,9908,103338333,33170,2012-08-30,48,OZ,1,2.49
501164348,21,25,2504,105000050,3001,2012-09-21,12,OZ,2,2.58
501164348,21,51,5126,102113121,11151,2012-12-05,14,OZ,1,3.99
501164348,21,18,1842,101117111,2615,2013-03-20,1,CT,1,1.25
501164689,21,30,3008,104119040,16347,2012-04-18,16,OZ,1,1.67
501164689,21,33,3303,104126242,19971,2012-04-30,8.75,OZ,1,1.99
501164689,21,96,9609,1054173757,88199,2012-05-02,0,,1,-1
501164689,21,55,5552,102073525,18893,2013-03-10,48,OZ,1,3.29
501166115,21,23,2301,107130070,15474,2012-07-18,16,OZ,2,2.98
501166115,21,11,1111,1089940787,82344,2012-12-31,14.5,OZ,1,2.29
501166115,21,3,308,101792919,15072,2013-03-24,0.75,OZ,1,1.49
501166495,21,22,2211,104119040,16347,2013-03-05,160,CT,1,2.99
501167759,21,17,1703,104650040,14149,2013-02-22,9.7,OZ,1,4.39
501167862,21,12,1206,108660080,2559,2012-04-24,5,OZ,1,1.25
501167862,21,27,2705,105000050,6775,2012-06-26,5.5,OZ,4,2.24
501172376,21,12,1206,108660080,2559,2012-05-21,5,OZ,4,5.56
501172376,21,27,2712,107185979,20039,2012-12-26,320,OZ,1,6.99
501172376,21,35,3509,1088596787,330,2013-01-03,50,OZ,2,5.98
501173344,21,58,5811,1076202373,31202,2012-05-24,16,OZ,1,7.99
501173344,21,63,6320,104119040,16347,2012-06-15,18,CT,1,1.65
501173344,21,73,7304,104110040,4082,2013-04-03,20,CT,1,5.39
501174725,21,4,421,107046272,17815,2012-03-18,3.5,OZ,1,0.99
501174725,21,63,6313,104119040,16347,2012-07-08,16,OZ,1,1.49
501174725,21,51,5119,104162545,26573,2012-09-09,7,OZ,1,3.99
501174725,21,29,2928,101530010,58299,2012-09-23,7.2,OZ,2,2
501174725,21,45,4509,1068907666,51701,2013-03-03,32,OZ,1,7.99
501177093,21,55,5556,107756777,2347,2012-12-28,48,OZ,1,3.99
