592989897,206,36,3629,107169878,19563,2013-02-22,67.6,OZ,1,1.28
592990488,206,29,2903,105100050,72482,2012-11-01,14.75,OZ,1,1.33
592993826,206,44,4404,101800010,14029,2012-04-20,41.6,OZ,1,4.88
592993826,206,25,2503,108685484,10218,2012-09-14,11,OZ,1,2.34
592993826,206,58,5836,107625979,55265,2013-03-30,27,OZ,1,5.78
592993826,206,17,1703,108685484,10218,2013-04-20,54,OZ,1,2.18
592993826,206,58,5823,1078533171,7796,2013-05-17,16,OZ,1,1.68
592996480,206,60,6001,105000050,30272,2012-09-13,16,OZ,1,3.38
592996480,206,58,5827,107962171,20097,2012-12-14,24,OZ,1,7.48
592997187,206,29,2914,102100020,9886,2013-02-23,7.6,OZ,1,3.98
593000512,206,53,5307,108606989,43040,2012-05-24,32,OZ,1,3.48
593000512,206,36,3632,107380070,6226,2013-03-04,20,OZ,1,0.78
593003373,206,56,5617,105300050,2199,2012-12-07,8,OZ,1,2.18
593003373,206,28,2805,107365171,11166,2013-06-21,3.8,OZ,1,1.68
593003442,206,63,6324,1073649070,17823,2012-03-30,18,OZ,1,5.98
593007432,206,58,5823,105190050,26456,2012-03-05,9,OZ,1,2.98
593007432,206,65,6502,101800010,14029,2012-03-12,14.1,OZ,1,3.08
593007496,206,57,5704,1074447373,16798,2013-05-17,6,OZ,8,13.44
593011464,206,21,2108,108685484,10218,2012-06-16,64,OZ,1,2.38
593011464,206,75,7503,102270020,4197,2012-12-01,0.14,OZ,1,4.48
593012123,206,33,3311,102840020,27521,2012-04-29,10.5,OZ,2,7.98
593012123,206,8,837,107067070,15112,2012-08-06,12.7,OZ,1,2.94
593012320,206,57,5710,1068954464,6086,2012-12-21,7,OZ,2,3
593012320,206,43,4302,108685484,10218,2013-03-09,8,OZ,1,1.38
593012320,206,10,1013,103890030,5072,2013-04-20,17.2,OZ,2,5.46
593013222,206,41,4108,103940030,71386,2013-01-01,15.8,OZ,2,1.96
593016562,206,41,4107,104144343,11130,2012-05-20,15,OZ,1,1.38
593016562,206,9,907,107102575,2570,2012-07-21,32,OZ,1,2.97
593020618,206,36,3627,104900040,23363,2012-07-27,144,OZ,1,4.98
593029621,206,2,201,1064420969,5345,2012-04-21,16.5,OZ,5,8.9
593029621,206,55,5558,108685484,10218,2012-06-28,30,OZ,2,5.18
593029621,206,9,902,104950848,16730,2013-03-18,7.2,OZ,1,3.99
593031575,206,7,707,104300040,11339,2013-04-03,11.5,OZ,1,3.98
593037416,96,33,3307,102900020,14112,2012-10-11,16,OZ,1,5.29
593037416,96,9,902,104400040,18775,2012-12-29,9,OZ,1,2.5
593037416,96,34,3402,102836727,9734,2013-04-04,4,OZ,1,2.99
593037555,206,26,2628,103700030,2248,2012-10-29,8,RL,1,10.98
593037555,206,25,2504,105000050,3001,2012-11-18,12,OZ,2,2.76
593045357,206,27,2712,107185979,9517,2012-12-18,24.1,OZ,1,4.98
593053278,206,99,9908,1060580666,7655,2013-01-24,12,OZ,2,2
593053278,206,26,2628,103600030,9787,2013-01-26,2,RL,1,3.88
593054475,206,79,7901,107165878,44401,2013-04-08,1,CT,1,2.99
593056093,206,37,3705,105100050,2820,2012-11-29,18.8,OZ,6,15.48
593060252,206,10,1011,104300040,26232,2012-07-29,22.5,OZ,1,3.58
593060252,206,74,7402,1084105888,16559,2012-11-17,7,OZ,2,6.56
593064404,206,9,916,108590686,9206,2012-10-25,5,OZ,1,2.58
593064705,206,58,5826,107187171,13310,2012-04-19,12,OZ,1,3.48
593065828,206,2,213,107248676,9190,2013-03-15,7,OZ,1,0.74
593067762,206,33,3318,107797575,27417,2012-10-03,16,OZ,1,3.29
593068803,206,63,6320,108685484,10218,2012-05-05,12,CT,1,1.25
593079646,206,29,2928,104100040,9814,2012-04-06,5.5,OZ,1,1.38
593079646,206,55,5561,1081529484,10491,2012-12-13,36,OZ,2,6.56
593079646,206,55,5560,104154848,5603,2012-12-13,16.1,OZ,1,4.48
593087740,206,57,5705,107047070,20230,2012-08-27,12,OZ,1,2.38
593087740,206,96,9609,1055150050,88199,2012-12-19,0,,4,-1.4
593087740,206,9,907,108685484,10218,2012-12-19,16,OZ,1,1.18
593087740,206,33,3318,108685484,10218,2013-01-24,10,OZ,1,1.68
593090499,206,59,5907,102900020,2012,2012-06-09,16,OZ,1,1
593090574,206,51,5123,101380010,27474,2012-09-27,38,OZ,1,7.98
593093683,206,23,2301,102920020,12168,2012-09-06,16,OZ,1,1.78
593098150,206,55,5552,107524373,11352,2013-01-04,48,OZ,4,23.12
593101858,206,34,3405,101111111,5168,2012-12-14,8,OZ,1,3.98
593109544,206,9,907,108685484,10218,2012-05-06,16.8,OZ,1,1.18
593110146,206,56,5617,102100020,9886,2012-03-09,12,OZ,1,3.68
593111645,206,16,1601,102200020,71567,2012-05-12,15,CT,1,1.18
593111645,206,28,2806,108685484,10218,2012-05-26,24,OZ,2,4.56
593112667,206,26,2634,103700030,3293,2012-03-10,4,RL,2,7.16
593112667,206,58,5836,107602070,55166,2012-10-28,48,OZ,1,9.28
593119266,206,51,5125,101380010,10271,2012-04-20,8.63,OZ,1,3.48
593127765,206,9,907,101410010,13791,2012-09-19,20,OZ,1,2.69
593127765,206,8,802,103030030,3100,2013-03-12,10,OZ,1,0.82
593127765,206,56,5611,104175747,14459,2013-05-06,7,OZ,1,2.28
593135897,206,9,906,104300040,16249,2012-09-24,5.5,OZ,1,2.62
593136908,206,22,2201,104460040,3718,2012-06-06,96,OZ,1,2.48
593139562,206,58,5812,105450050,1322,2012-07-04,16,OZ,4,19.52
593139673,206,9,907,107341070,2437,2012-03-18,24,OZ,2,7.28
593139673,206,9,907,108685484,10218,2012-06-12,9,OZ,1,1.89
593140374,206,4,419,104000040,5168,2012-09-25,9.5,OZ,4,17.12
593141231,206,35,3509,103320030,875,2012-11-27,75,OZ,1,5.98
593141231,206,58,5823,107010070,9243,2012-12-03,7,OZ,1,2.98
593142288,206,33,3303,102840020,15598,2012-06-28,13.5,OZ,1,4.99
593144038,206,45,4509,108685484,10218,2012-07-09,7.6,OZ,1,3.48
593144038,206,58,5823,102531727,763,2012-09-22,7,OZ,1,5.49
593144038,206,97,9753,1020800323,0,2013-05-08,1,CT,1,1.74
593144091,206,58,5812,107495676,8144,2012-06-08,12,OZ,1,4.98
593144091,206,36,3638,1073951070,16807,2012-06-15,20,OZ,1,1.88
593144091,206,22,2210,103700030,5174,2012-10-27,19,OZ,1,3.41
593144091,206,45,4508,104440040,7504,2012-12-22,11.4,OZ,2,11.56
593147225,206,63,6318,101800010,14029,2013-01-03,13.8,OZ,2,5.36
593147555,206,58,5823,107080070,16704,2012-03-09,9,OZ,2,6.76
593147555,206,72,7205,103700030,7264,2012-09-21,6.4,OZ,1,1.23
593157484,206,10,1012,102700020,23332,2012-08-25,13,OZ,1,1.25
593157484,206,96,9609,1055150050,88199,2012-11-09,0,,2,-0.7
593157484,206,30,3008,104133545,43106,2012-12-01,16,OZ,1,2.98
593157484,206,5,516,103800030,24525,2013-02-11,7,OZ,1,3.67
593161189,206,33,3302,108685484,10218,2012-07-20,10.5,OZ,1,1.5
593163140,206,56,5617,102100020,9886,2012-12-27,12,OZ,1,3.68
593165670,206,31,3101,104783444,17793,2012-04-23,3.75,OZ,1,2.98
593165670,206,26,2628,103700030,2248,2012-12-19,1,RL,3,6.72
593168352,206,97,9753,1020101121,0,2013-04-20,1,CT,1,16.17
593175438,206,6,607,1063810262,20375,2012-05-06,1.76,OZ,1,1.25
593175438,206,5,501,101600010,3396,2012-05-31,12.8,OZ,1,3.38
593178268,206,16,1601,102200020,20100,2012-05-12,45,CT,1,2.68
593186251,96,63,6312,102500020,16487,2012-06-24,59,OZ,1,2.5
593188029,206,36,3601,101200010,13794,2012-04-18,96,OZ,1,3.48
593195552,206,63,6320,108685484,10218,2012-08-20,12,CT,1,2.19
593204156,96,5,504,1078656070,24808,2013-01-07,3,OZ,18,36
593216990,206,51,5121,104369545,8522,2012-04-02,9,OZ,2,6
593216990,206,3,302,102800020,30272,2012-04-16,8,OZ,1,2.66
593219654,206,45,4508,101116212,12131,2012-04-24,23,OZ,1,7.18
593219654,206,36,3604,107800070,16023,2012-06-11,67.6,OZ,1,1.98
593219654,206,9,907,108685484,8815,2012-10-21,24,OZ,1,2.19
593219654,206,9,905,104300040,17447,2012-12-19,6,OZ,1,2
593220078,206,25,2507,102800020,12545,2012-09-15,16,OZ,4,6
593227473,206,41,4106,107047575,7217,2012-06-14,4,OZ,1,0.88
593227473,206,12,1203,107323070,12956,2012-09-24,4.25,OZ,2,1.96
593235853,206,7,709,109955595,17882,2013-03-14,6.3,OZ,1,8.48
593235853,206,58,5814,104470040,10837,2013-05-15,4.3,OZ,3,6
593236069,206,44,4404,1074816272,16521,2012-11-21,11,OZ,2,7.76
593240202,206,44,4404,1074816272,16521,2013-03-25,15,OZ,2,7.76
593240202,206,21,2103,1085221484,43324,2013-04-07,67.6,OZ,2,3.96
593260327,206,58,5836,107778272,9260,2012-06-08,12,OZ,1,3.58
593273052,206,54,5403,107142171,54806,2013-02-11,16.8,OZ,1,3.98
593273052,206,35,3508,103700030,18371,2013-03-11,50,OZ,1,7.98
593274868,206,63,6315,108685484,10218,2012-09-27,128,OZ,1,3.79
593276456,206,36,3634,1078616272,7237,2013-02-25,20,OZ,1,1.5
593276456,206,29,2914,102100020,9886,2013-04-07,7.25,OZ,1,1.54
593276477,206,62,6201,107349171,9883,2012-12-21,22,OZ,1,2.98
593278702,206,18,1802,104667747,13970,2012-03-27,2,CT,1,3.68
593278702,206,19,1908,108685484,10218,2013-01-27,18,OZ,1,2.18
593279069,206,38,3802,104920040,5098,2013-02-16,2,LB,2,4.54
593279069,206,27,2706,105000050,6132,2013-04-18,3,OZ,12,7.8
593279244,206,9,920,107978373,1081,2012-03-09,11.04,OZ,1,2.5
593279244,206,23,2301,108685484,10218,2012-07-09,16,OZ,1,1.28
593279244,206,40,4004,108685484,10218,2012-11-10,8,OZ,1,1.5
593279244,206,2,211,104010040,6455,2013-01-09,14,OZ,1,2.88
593279244,206,0,0,10000,0,2013-02-13,0,,1,7.03
593282505,206,78,7802,107001171,12696,2012-03-30,1,CT,1,2.78
593282505,206,59,5907,102900020,2012,2012-12-22,32,OZ,1,1.98
593286835,206,55,5556,107756777,2347,2012-04-04,48,OZ,1,4.98
593286835,206,54,5401,103800030,5618,2012-11-16,12.3,OZ,1,2.88
593286835,206,97,9753,1020114525,0,2013-01-18,1,CT,1,4.09
593287338,96,39,3903,1064420969,74550,2013-02-04,24,OZ,1,3.49
593289377,206,26,2633,108685484,10218,2012-07-22,4,RL,1,3.24
593289377,206,36,3628,101200010,12029,2012-08-29,240,OZ,1,7.77
593289377,206,53,5305,102000020,7655,2013-06-05,10,OZ,2,4
593289377,206,64,6407,101497414,20035,2013-07-02,2.13,LT,1,8.47
593292318,206,26,2633,108685484,10218,2012-03-03,12,RL,1,8.18
593292318,206,36,3626,107800070,16223,2012-12-16,67.6,OZ,1,1.5
593292318,206,17,1710,101980010,5251,2013-02-01,80,OZ,1,8.88
593307509,206,62,6201,1071812979,54335,2012-04-22,32,OZ,1,4.29
593308422,206,13,1302,108685484,10218,2012-04-27,80,OZ,1,2.38
593322503,206,44,4404,107105272,3829,2013-02-19,16,OZ,1,2.98
593325290,206,63,6305,104850040,18799,2012-04-03,59,OZ,2,7.96
593325290,206,99,9904,1081204989,27736,2013-04-30,16,OZ,1,2.98
593336389,206,73,7312,102318525,6457,2012-08-07,20,CT,2,4.96
593345720,206,49,4901,101312010,26885,2012-05-06,80,OZ,1,6.28
593345720,206,36,3626,101200010,16391,2012-08-16,96,OZ,2,8.88
593346648,206,9,907,108685484,8815,2012-10-28,24,OZ,1,2.19
593354234,206,55,5552,102073525,18893,2012-09-07,48,OZ,1,5.48
593354234,206,44,4401,105100050,13791,2013-02-06,19.6,OZ,2,8.36
593360099,206,10,1012,102700020,23332,2012-04-04,39,OZ,1,4.18
593360827,206,63,6320,107723676,5401,2013-05-17,6,CT,1,1.24
593365167,206,63,6315,108685484,10218,2012-06-27,64,OZ,1,2.51
593367195,206,97,9753,1020101020,0,2012-11-24,1,CT,1,20.32
593367195,206,41,4105,102400020,4704,2012-12-15,14.5,OZ,2,2.96
593373278,96,96,9632,107675070,53156,2012-09-23,1,CT,2,50
593376717,206,57,5704,102529323,16410,2012-03-08,6,OZ,3,2.58
593386082,206,1,106,102392323,5494,2012-09-14,6,OZ,8,9.12
593406311,96,99,9901,1087520888,21532,2012-05-03,4,OZ,1,4.59
593406311,96,0,0,10000,0,2012-11-02,0,,1,0
593406311,96,34,3411,103700030,7196,2013-02-10,16,OZ,2,7.98
593421435,206,26,2606,108685484,10218,2012-05-13,40,CT,1,1.58
593421435,206,19,1908,104530040,13915,2012-10-28,28,OZ,1,5.28
593421435,206,28,2804,10930090,12157,2013-01-13,12,OZ,1,1.91
593426375,206,59,5902,103450030,10165,2012-08-18,16,OZ,2,8.36
593426375,206,57,5707,107047070,20230,2012-09-04,16,OZ,1,2.28
593431955,96,26,2615,107301070,17990,2012-04-21,40,CT,1,3.89
593434115,206,3,304,105210050,11382,2013-03-17,1,OZ,1,2.98
593441582,206,13,1302,103250030,19811,2012-06-28,32,OZ,1,1.68
593441582,206,9,920,107641070,10160,2013-04-05,12,OZ,1,3.33
593450033,206,2,212,108685484,10218,2012-08-13,13,OZ,1,0.88
593450033,206,7,708,101291919,16123,2013-03-11,12,OZ,2,15.96
593460876,96,29,2928,104100040,9814,2012-08-05,5.4,OZ,1,1
593460876,96,57,5710,107047070,20230,2012-09-07,5.3,OZ,2,2
593462663,206,59,5902,107835474,2675,2012-06-26,16,OZ,1,3.98
593463794,206,0,0,10000,20405,2013-02-23,0,,1,3.38
593464621,96,36,3630,107800070,23561,2013-03-11,42.2,OZ,2,2
593489771,96,30,3001,104800141,8178,2012-09-09,30,OZ,1,2.99
593489771,96,36,3604,107297979,16095,2013-01-21,33.8,OZ,2,2.58
593509266,96,51,5126,1073891272,2225,2012-07-23,15,OZ,2,5
593511870,206,58,5824,107778272,9260,2013-07-07,14,OZ,1,3.98
593511916,206,9,907,101410010,13791,2012-05-10,16,OZ,2,7.98
593511916,206,4,419,104000040,5168,2012-05-10,9.5,OZ,2,8.56
593511916,206,99,9909,103260131,5489,2012-07-02,5,OZ,1,3.98
593524961,96,29,2914,102100020,9886,2012-03-14,6,OZ,2,3.58
593524961,96,15,1504,103003434,28496,2013-03-02,6,OZ,1,2.19
593526644,206,99,9908,103260131,5489,2012-10-29,12,OZ,1,3.28
593526644,206,26,2609,103770030,3447,2013-03-14,36,CT,1,3.38
593526644,206,30,3002,104800141,8178,2013-03-21,30,OZ,1,4.98
593526644,206,5,501,103800030,4086,2013-04-01,12,OZ,1,3.37
593558672,96,95,9518,107000070,27680,2012-05-03,1,CT,1,2
593558672,96,51,5129,102000020,7655,2012-09-07,12,OZ,1,1.67
593558672,96,26,2622,102570020,20361,2012-09-22,15,CT,1,2
593571240,206,9,901,104400040,13243,2012-05-22,15.5,OZ,1,4.63
593571240,206,20,2002,105100050,27873,2013-03-18,33.6,OZ,1,3.48
593586140,206,41,4120,108685484,10218,2012-10-07,6,OZ,2,1.24
593586140,206,64,6409,108500080,21188,2012-10-13,0.75,LT,1,12.99
593586194,206,33,3307,104157040,2017,2012-10-15,8,OZ,2,8.36
593613868,96,9,902,101410010,45039,2012-08-16,6.6,OZ,1,2
593613868,96,31,3101,1069732161,25978,2012-10-15,1.5,OZ,1,2.5
593613868,96,5,516,103000030,14760,2013-01-05,6.1,OZ,1,3
593613868,96,54,5403,107790070,9200,2013-01-24,18,OZ,1,6.99
593617118,96,99,9904,105410757,33170,2012-03-18,48,OZ,1,3.99
593617118,96,9,901,103010030,3454,2012-04-29,13.3,OZ,2,6.58
593617118,96,60,6007,101800010,14029,2013-04-28,4,OZ,2,1.5
593623908,206,29,2903,106414464,3342,2012-12-26,15,OZ,2,2.56
593631229,96,29,2926,103003434,7175,2013-01-20,160,OZ,1,7.99
593643878,96,73,7307,101650010,25043,2012-12-02,20,CT,1,3.99
593646761,96,17,1704,102570020,27327,2012-11-28,22,OZ,2,8.18
593646761,96,96,9609,1051600050,88199,2013-04-03,0,,2,-1
593686997,206,33,3305,102840020,15870,2012-04-22,11,OZ,1,2
593695658,96,58,5834,103760030,8501,2012-12-28,15,OZ,1,6.29
593696246,96,81,8115,101122515,19197,2013-02-05,1,CT,1,0.99
593709313,96,5,516,103003434,7175,2012-04-24,10.4,OZ,1,3
593709313,96,27,2702,101901414,8664,2012-11-05,15.5,LB,1,17.99
593709313,96,63,6320,103003434,7175,2013-01-27,12,CT,1,1.25
593710452,206,29,2914,102100020,19279,2012-05-12,2.39,OZ,2,2.16
593710452,206,71,7113,108087888,13505,2012-07-02,12.6,OZ,1,4.48
593719744,96,57,5705,107047070,20230,2012-08-17,6,OZ,5,2.5
593719744,96,63,6305,103003434,7175,2012-08-23,64,OZ,2,6.67
593719744,96,97,9753,1060504969,0,2012-12-30,1,CT,1,5.99
593719744,96,35,3506,105170050,6335,2013-01-07,22.9,OZ,2,13.98
593736579,96,37,3711,105100050,2820,2012-08-22,15.4,OZ,2,4.18
593759992,206,5,519,103000030,14760,2012-12-26,11.8,OZ,1,3.45
593768214,96,96,9609,1051090050,88199,2012-12-10,0,,1,-1
593768214,96,56,5614,103003434,7175,2013-03-29,12,OZ,1,3.99
593771418,96,28,2806,105410050,19509,2012-03-31,24,OZ,1,3.79
593771418,96,12,1205,108000080,17292,2012-05-14,2.6,OZ,2,3.38
593771418,96,33,3318,102840020,15441,2012-06-18,10,OZ,1,2.5
593771418,96,9,922,104500040,8511,2012-07-19,10,OZ,1,2.5
593771418,96,12,1205,108000080,17292,2012-08-22,2.6,OZ,2,2.78
593771418,96,9,921,104500040,8511,2012-09-14,4.1,OZ,1,1
593771418,96,72,7212,103680030,18533,2013-01-24,1,CT,1,2.69
593826142,96,57,5707,105215959,41981,2012-03-18,16,OZ,1,2.99
593826142,96,57,5710,1089470080,21065,2012-07-29,32,OZ,1,5.99
593843168,96,26,2628,103040030,17034,2012-11-17,8,RL,2,11
593892875,96,99,9904,1066529060,52314,2013-03-30,16,OZ,1,1.99
593902310,96,56,5604,103003434,7175,2012-12-30,8,OZ,1,5.99
593902798,96,63,6313,107357070,8185,2012-08-27,12,OZ,1,2
593920410,206,27,2709,105000050,6775,2012-04-02,2.1,OZ,1,1.68
593920410,206,29,2903,105100050,72482,2013-02-20,15,OZ,2,2.14
593920410,206,36,3611,108685484,10218,2013-05-17,405.6,OZ,1,4.28
593920410,206,19,1908,104530040,13915,2013-06-14,16.3,OZ,1,2.98
593924848,96,58,5807,104450040,8318,2012-04-20,16,OZ,1,4.69
593940886,206,97,9753,10000,0,2012-07-08,1,CT,1,0.98
593940886,206,27,2712,108685484,10218,2013-01-05,80,OZ,1,2.74
593940886,206,56,5620,102100020,9886,2013-01-30,8,OZ,1,3.78
593940886,206,30,3006,107110070,8280,2013-06-12,16,OZ,1,1.58
593964389,96,26,2622,103003434,7175,2012-07-14,50,CT,1,1.99
593964389,96,56,5620,104610040,15889,2013-01-19,8,OZ,1,3.29
593990255,206,5,501,103000030,99506,2013-03-16,14.5,OZ,1,4.84
594001949,96,54,5402,101960010,1058,2012-12-09,12.5,OZ,1,2.99
594009354,115,58,5823,104450040,8318,2013-01-26,9,OZ,1,4.59
594009354,115,21,2112,107065070,100,2013-05-28,13.5,OZ,2,5.38
594009354,115,51,5125,102580020,16668,2013-06-21,9,OZ,2,7.38
594016963,96,97,9736,102316727,5507,2012-04-06,1,CT,1,2.59
594016963,96,9,970,103800030,62065,2012-12-17,14.1,OZ,2,5
594019226,214,33,3350,101708212,9033,2012-12-29,2,OZ,6,7.02
594060367,96,9,902,102410020,44209,2012-05-13,12.6,OZ,1,4.69
594093802,96,9,907,107131979,16021,2012-06-07,18,OZ,1,1.5
594093802,96,9,907,107882171,12633,2013-03-07,20,OZ,1,1.5
594096399,96,63,6305,104850040,18799,2012-07-09,59,OZ,1,3.5
594096399,96,9,903,103003434,7175,2012-07-15,10,OZ,1,1.75
594097955,96,28,2804,107152474,10039,2012-09-26,4,OZ,3,3
594097955,96,63,6320,103003434,7175,2013-06-07,12,CT,1,1.7
594119684,206,59,5906,104060040,26155,2012-06-06,8,OZ,1,3.48
594119684,206,29,2905,103545737,11061,2012-06-28,13,OZ,1,2.98
594119684,206,12,1205,104800040,38150,2012-12-29,5.6,OZ,1,2.08
594119684,206,36,3632,107092575,3333,2013-01-12,67.6,OZ,1,1.5
594119684,206,36,3603,104300040,4371,2013-02-15,256,OZ,1,2.98
594124985,206,21,2106,105100050,27873,2012-04-01,64,OZ,1,2.5
594124985,206,64,6401,1079327171,31924,2012-07-03,72,OZ,1,9.67
594125606,206,29,2923,104100040,9814,2012-08-02,4.4,OZ,1,1.38
594125606,206,36,3627,104900040,23363,2013-01-17,144,OZ,1,4.98
594129242,96,63,6325,107590070,2073,2012-10-16,12,OZ,2,6.67
594151143,96,64,6409,108832080,7051,2012-04-09,0.75,LT,2,8.98
594152008,96,57,5703,103003434,7175,2012-10-17,6,OZ,5,5
594152008,96,99,9904,1081204989,27736,2013-06-16,16,OZ,1,1.99
594252519,96,63,6329,107146474,2142,2013-01-27,32,OZ,1,3.5
594254058,214,97,9745,101019919,7863,2012-05-02,500,CT,3,89.97
594260987,96,21,2119,101200010,10522,2012-10-21,111,OZ,1,4.99
594260987,96,36,3633,1076071272,23356,2013-03-24,48,OZ,1,5.19
594348210,96,9,907,1068833969,6434,2012-07-22,9,OZ,1,4.29
594352509,214,63,6320,104122040,20514,2012-03-17,18,CT,1,2.34
594352509,214,5,501,1088491282,13689,2012-10-13,11,OZ,1,2.28
594356185,206,55,5552,108685484,10218,2012-10-01,160,OZ,1,6.98
594366536,206,49,4901,108685484,10218,2012-11-11,26,OZ,1,3
594366536,206,9,902,101410010,45039,2013-02-03,30,OZ,1,8.19
594390008,96,33,3305,102840020,15870,2012-09-09,11,OZ,1,2
594390008,96,71,7110,102240020,25033,2012-10-14,8,OZ,1,4.19
594390008,96,45,4509,103003434,7175,2012-12-30,24,OZ,1,16.49
594399806,96,63,6314,103003434,7175,2012-03-11,16,OZ,1,1.79
594399806,96,63,6321,103003434,7175,2012-12-09,8,OZ,1,3.79
594405173,206,8,809,101300010,8164,2012-03-31,12,OZ,2,3.36
594405173,206,9,902,102410020,44209,2012-07-27,13.7,OZ,1,4.65
594405173,206,33,3303,102840020,10241,2013-04-06,9.5,OZ,1,4.29
594405173,206,58,5812,1063690666,12339,2013-05-21,14,OZ,1,5.48
594413425,206,95,9518,108685484,10218,2012-11-19,1,CT,1,50
594413425,206,36,3601,104900040,3809,2013-04-07,67.6,OZ,1,1.98
594418244,96,8,838,107044272,42912,2012-11-18,8,OZ,1,2
594456779,206,51,5126,101380010,27474,2012-05-25,12,OZ,1,2.68
594480357,214,41,4110,103940030,71386,2012-05-06,22,OZ,1,1.75
594480357,214,8,807,107460979,9524,2012-05-24,18,OZ,1,1.58
594480357,214,73,7312,1067811262,3668,2012-09-16,0.5,OZ,1,2.97
594480357,214,20,2002,105100050,27873,2012-11-23,46,OZ,1,2.98
594480357,214,53,5307,104122040,23511,2012-11-25,40,OZ,1,2.48
594480357,214,9,907,104122040,20514,2012-12-30,24,OZ,1,0.88
594488085,96,9,907,103003434,7175,2012-09-23,15,OZ,1,1.99
594488085,96,96,9609,10995000090,88199,2013-02-03,0,,1,-0.75
594488085,96,21,2119,101200010,10522,2013-06-22,202.8,OZ,1,3.99
594560287,206,27,2702,101780010,14717,2012-05-16,18,LB,1,12.98
594572919,96,99,9904,103338333,33170,2012-05-30,16,OZ,2,6
594572919,96,99,9909,103003434,7175,2013-04-15,5,OZ,2,7.98
594595299,96,8,809,101300010,8164,2012-10-19,12,OZ,2,2
594618300,206,64,6410,1089521686,21432,2012-11-18,23.5,OZ,1,2.17
594624466,206,21,2113,103120030,12957,2012-08-08,48,OZ,1,4.18
594624466,206,99,9909,107127979,6732,2013-01-28,7,OZ,2,6.56
594657294,206,51,5117,108685484,8815,2012-03-14,21.35,OZ,1,3.88
594667327,206,8,810,104146040,14062,2013-01-02,2.75,OZ,2,1.76
594667833,96,51,5125,102580020,16668,2012-07-13,8.8,OZ,2,7
594706499,96,36,3601,101200010,13794,2012-06-15,144,OZ,1,4
594713841,206,63,6315,107756777,28757,2012-05-11,32,OZ,1,1.85
594714307,96,18,1841,104178545,12907,2012-04-01,1,CT,1,8.99
594714307,96,35,3504,103700030,4628,2012-11-25,19,OZ,1,3.49
594714307,96,41,4105,103003434,7175,2013-02-10,14.5,OZ,1,0.99
594716899,96,9,916,103003434,7175,2013-03-14,5,OZ,1,3.29
594718173,206,2,201,1064420969,5345,2012-10-25,16.5,OZ,1,1.98
594722021,96,51,5125,101380010,10271,2012-03-27,8,OZ,1,3.5
594722021,96,41,4105,103003434,7175,2012-04-22,28,OZ,1,2.69
594761729,96,31,3111,104150040,6714,2012-11-11,6,OZ,1,2.99
594761729,96,56,5613,107403070,16922,2013-03-11,32,OZ,1,4.49
594795354,96,8,805,102484222,2542,2012-05-20,7,OZ,1,5.99
594819165,206,33,3303,102840020,15598,2013-01-18,9,OZ,1,4.29
594819165,206,9,922,102430020,10577,2013-04-07,26.4,OZ,1,3.5
594830437,206,36,3626,104900040,17186,2013-02-05,67.6,OZ,1,1.98
594831556,96,21,2105,105200050,7054,2012-05-05,128,OZ,2,10.78
594831556,96,55,5558,107585676,9798,2012-08-18,25.3,OZ,1,3.5
594831556,96,63,6319,107654575,17876,2012-08-19,128,OZ,1,2
594831556,96,26,2633,105400050,16048,2012-09-06,12,RL,1,7.49
594834136,96,63,6319,107047474,6965,2012-05-16,128,OZ,1,3.19
594834136,96,63,6311,1079730575,61736,2012-09-30,64,OZ,1,3.59
594834136,96,18,1831,107270070,11079,2012-12-18,1,CT,1,1.99
594835011,96,97,9753,10999,0,2012-07-12,0,OZ,1,0
594866830,96,4,421,103003434,7175,2012-03-20,14,OZ,2,6
594872074,206,4,415,107339070,11515,2012-03-16,1.32,OZ,2,1.76
594875384,96,9,907,103003434,7175,2012-11-02,20,OZ,2,1.98
594875384,96,36,3638,103003434,7175,2013-07-03,33.8,OZ,2,1.5
594878944,96,4,416,103400030,2689,2012-06-29,1.6,OZ,1,0.69
594898035,206,8,835,102150020,10238,2012-05-12,12,OZ,2,6.16
594898035,206,21,2108,104176040,8792,2013-02-17,64,OZ,1,2.98
594904713,206,9,912,107225070,12465,2013-01-11,22,OZ,1,3.17
594908856,206,96,9609,10990000090,88199,2012-05-18,0,,2,1.96
594908856,206,38,3802,104920040,5098,2013-04-15,1,LB,1,1.14
594913474,96,5,501,101600010,9773,2012-05-31,12,OZ,1,2
594925043,206,11,1110,108201181,12197,2012-06-18,6,OZ,1,3.07
594928190,96,36,3618,104900040,23359,2012-03-18,144,OZ,1,5.29
594934535,214,21,2106,103120030,12957,2013-03-19,64,OZ,1,2.48
594935729,96,9,907,103003434,7175,2013-07-21,20,OZ,1,1.99
594939213,96,99,9904,1078035373,53977,2012-08-02,16,OZ,1,3
594939213,96,40,4001,1087832686,12021,2012-10-21,8,OZ,2,1
594939213,96,8,814,103760030,25412,2013-06-01,48,OZ,1,5.99
594939328,206,27,2702,101780010,31044,2012-03-04,4.5,LB,1,9.98
594939328,206,63,6309,104850040,18799,2012-10-10,48,OZ,1,4.98
594939328,206,63,6309,104850040,18799,2012-12-16,48,OZ,1,4.98
594946618,206,37,3705,105100050,2820,2013-02-17,18.8,OZ,3,7.74
594949692,206,45,4514,108685484,10218,2013-03-09,46,OZ,1,7.48
594956235,206,36,3634,1078616272,7237,2012-11-08,20,OZ,2,2.67
594956235,206,53,5307,101450010,20864,2012-12-06,12.6,OZ,1,2.58
594967736,96,33,3303,102840020,15598,2012-07-14,8.75,OZ,1,3.5
594967736,96,63,6399,102301222,27492,2012-07-30,6,OZ,1,3.49
594969429,96,16,1601,1064981565,7263,2012-04-03,18,CT,1,1.05
594969429,96,99,9904,1071575676,5278,2012-09-04,6,OZ,1,3.99
594969429,96,37,3707,105260353,13414,2012-09-18,32,OZ,3,9.87
594969476,96,4,416,108637484,23978,2012-07-04,1,OZ,2,3
594969476,96,73,7304,103680030,18533,2012-12-23,16,CT,1,3.99
594970292,96,56,5613,103114232,25202,2012-09-23,8,OZ,1,4.99
594978306,206,9,914,107763373,17614,2012-12-22,13,OZ,1,2.97
594978306,206,27,2702,108685484,10218,2012-12-22,5,LB,1,3.58
594983204,206,60,6001,105000050,30272,2013-02-08,16,OZ,2,6.76
594984517,206,70,7002,1030813737,25162,2013-03-28,30,CT,1,3.28
594985856,96,30,3008,103003434,7175,2012-06-23,16,OZ,1,1.99
595000598,206,74,7405,1084105888,15983,2012-09-11,4,CT,1,12.58
595000598,206,9,922,104500040,8511,2012-11-02,15.3,OZ,2,8.58
595000598,206,63,6340,1078539171,58665,2013-01-31,12,OZ,1,4.98
595000598,206,51,5129,101450010,20864,2013-03-04,21,OZ,1,5.48
595000598,206,12,1206,108660080,2559,2013-03-04,5,OZ,3,5.34
595000598,206,9,970,103800030,62065,2013-04-02,22,OZ,1,3.48
595000876,206,33,3303,102840020,10241,2012-04-08,10,OZ,1,4.29
595004354,206,51,5115,107218070,15035,2012-11-25,20,OZ,1,6.68
595008187,96,57,5704,103663232,4568,2012-09-02,16,OZ,3,8.07
595008187,96,22,2207,1075703777,13386,2012-10-13,45,OZ,1,5.99
595008187,96,73,7308,103660232,15274,2013-03-09,19,CT,2,4
595018759,206,9,907,107341070,888,2012-08-16,16,OZ,1,3.29
595018759,206,10,1004,108685484,10218,2013-03-27,3.75,OZ,1,0.98
595019452,96,33,3303,102840020,10241,2012-05-26,10.5,OZ,2,4
595023731,96,72,7203,1031254737,10554,2012-08-18,33.8,OZ,1,6.59
595041091,96,9,907,101410010,13791,2012-05-30,20,OZ,1,2.69
595041091,96,72,7208,103680030,18533,2012-09-12,2,CT,1,2.39
595062471,96,12,1205,104800040,38150,2013-03-01,5,OZ,1,1
595062471,96,26,2621,104200040,5016,2013-05-30,312,CT,1,3.99
595064194,96,18,1828,106233868,319,2012-05-22,0.8,OZ,1,7.89
595068092,206,63,6320,1071514171,25530,2012-05-25,18,CT,2,7.16
595068092,206,9,907,107225070,12465,2012-08-04,20,OZ,1,2.47
595071953,96,56,5610,102100020,9886,2012-03-06,8,OZ,1,4.89
595075526,96,99,9902,102548424,12334,2012-09-12,8,OZ,1,2.99
595075526,96,21,2117,108768484,2903,2012-12-27,60,OZ,1,2.67
595075526,96,58,5814,104470040,10837,2013-01-02,3.5,OZ,3,7.17
595083715,206,56,5620,108685484,10218,2013-02-15,8,OZ,1,2.28
595088640,206,36,3612,108685484,28878,2013-04-09,128,OZ,3,3.24
595092720,96,97,9735,102708424,8530,2012-06-08,1,CT,1,1.29
595093328,206,29,2903,106414464,3342,2012-06-04,15,OZ,4,5.12
595093328,206,63,6315,108685484,10218,2012-09-12,128,OZ,2,6.78
595093328,206,63,6320,108685484,10218,2012-11-28,12,CT,2,3.54
595093328,206,5,502,103485636,19713,2013-04-16,9,OZ,1,2.68
595093328,206,5,516,101600010,6283,2013-07-11,6,OZ,1,3.48
595095382,96,35,3508,103700030,18371,2012-08-30,100,OZ,1,13.99
595095382,96,96,9609,1054200050,88199,2013-03-10,0,,1,-1
595103853,96,23,2301,107680878,1393,2013-02-17,9,OZ,1,2.29
595106752,206,57,5707,107047070,20230,2012-08-09,18,OZ,1,2.98
595107160,206,9,907,108685484,10218,2012-07-27,11,OZ,2,2.36
595107160,206,25,2507,107290474,11570,2012-08-10,12,OZ,1,3.13
595109615,96,99,9904,1066529060,52314,2012-04-22,16,OZ,1,1.69
595109615,96,55,5566,109947797,35558,2012-06-10,24,OZ,1,1
595109615,96,31,3101,103003434,7175,2012-08-20,1.66,OZ,1,4.79
595109615,96,63,6311,108259282,12297,2013-02-01,15.2,OZ,2,6.58
595111801,96,56,5616,104610040,15889,2012-09-12,8,OZ,1,3
595119506,96,33,3303,104178040,19154,2013-02-09,10,OZ,1,3
595119506,96,63,6328,107590070,2073,2013-02-17,24,OZ,1,3.59
595119506,96,72,7205,103680030,18533,2013-03-24,4,OZ,1,4.29
595120236,206,36,3629,107800070,17587,2012-09-23,101.4,OZ,1,3.98
595120236,206,97,9753,1020800323,0,2012-10-13,1,CT,1,2.7
595120236,206,37,3706,104119646,14582,2012-10-28,19,OZ,3,7.14
595120236,206,63,6320,108685484,10218,2013-02-20,12,CT,1,1.75
595120942,206,5,501,103000030,99506,2012-04-26,14.5,OZ,4,19.36
595120942,206,63,6315,108685484,24538,2012-05-24,128,OZ,1,5.88
595120942,206,42,4220,107186979,33825,2012-09-05,16,OZ,2,2.76
595120942,206,2,214,107151878,8349,2013-02-22,32,OZ,2,6.74
595126895,96,32,3202,101122515,19197,2012-06-29,48,OZ,1,2.99
595126895,96,0,0,10000,0,2012-08-07,0,,1,0
595126895,96,0,0,10000,0,2013-05-16,0,,1,0
595126895,96,33,3305,102840020,5141,2013-06-13,11,OZ,2,5
595130712,206,9,901,1068670060,6978,2012-06-18,17.6,OZ,1,1.38
595130712,206,57,5710,107047070,20230,2013-03-07,12,OZ,2,5.56
595130712,206,95,9518,1074144070,33170,2013-05-27,1,CT,2,1.98
595133222,96,41,4108,103003434,7175,2012-06-12,15,OZ,5,5
595133222,96,34,3411,103700030,13056,2013-02-03,18,OZ,2,7
595134135,96,0,0,10000,0,2012-05-25,0,,1,-29.46
595134135,96,95,9518,104282343,28202,2012-06-18,1,CT,2,5.98
595134135,96,64,6401,1072383070,10122,2012-08-03,72,OZ,1,9.99
595134135,96,75,7520,103680030,18533,2012-11-23,375,CT,1,2.69
595157202,206,72,7205,103700030,4294,2012-11-28,12.4,OZ,1,7.48
595163040,96,59,5902,103450030,10165,2012-05-27,8,OZ,1,2.5
595163040,96,34,3411,101111111,73313,2013-02-06,16.9,OZ,2,8.38
595179359,206,26,2634,103600030,4139,2012-04-01,4,RL,1,3.76
595194028,206,5,501,108685484,10218,2013-02-13,14.5,OZ,1,2.88
595194028,206,4,405,1060069969,55864,2013-02-13,10,OZ,1,1.58
595195282,96,41,4107,103003434,7175,2013-03-21,15.25,OZ,2,1.58
595202603,206,29,2914,102100020,9886,2012-06-28,7.25,OZ,8,12.32
595207340,96,2,201,1064420969,5345,2012-03-21,16.5,OZ,1,1.79
595207340,96,51,5123,108169787,3994,2012-11-04,24,OZ,1,6.99
595210258,206,44,4402,104145848,5602,2012-08-28,25.5,OZ,1,8.48
595210258,206,99,9904,1064963262,4983,2013-01-29,2.75,OZ,2,2.5
595210558,206,17,1715,101920010,27231,2012-06-29,9.8,OZ,1,6.98
595211181,206,63,6315,108685484,10218,2013-04-22,128,OZ,1,3.29
595215541,206,51,5124,107100777,5656,2012-11-12,32,OZ,1,3.98
595220619,96,96,9609,10990000090,88199,2012-07-11,0,,2,42.07
595222439,206,33,3307,101030010,5740,2012-10-28,11,OZ,1,6.28
595223080,206,79,7901,10912898,25836,2012-10-26,1,CT,1,2.49
595223080,206,5,501,1088491282,8459,2013-04-15,18,OZ,1,5.68
595230962,206,5,501,101600010,3331,2012-05-20,18,OZ,1,4.58
595230962,206,18,1898,101280010,14963,2012-09-09,1,CT,1,3.25
595230962,206,23,2301,102920020,12168,2013-03-30,12,OZ,3,5.34
595236163,206,30,3006,108685484,10218,2012-05-12,16,OZ,1,0.78
595236163,206,9,901,104400040,3453,2012-12-02,13,OZ,1,3.91
595236163,206,2,212,101330010,11211,2013-04-19,7.4,OZ,1,1
595243718,96,96,9632,107675070,762,2012-05-11,1,CT,1,50
595243718,96,4,418,104000040,26517,2012-12-13,12.6,OZ,2,5.54
595243718,96,49,4901,1083418383,385,2013-04-29,20,OZ,1,0
595244575,96,96,9609,1053890050,88199,2012-10-19,0,,1,-0.75
595248910,96,53,5307,102880020,7907,2012-12-07,12,OZ,2,3.5
595250506,206,99,9908,103338333,33170,2013-03-13,32,OZ,1,3.32
595272086,96,58,5823,103003434,7175,2012-12-01,9,OZ,1,3.5
595280296,206,4,423,101130010,2272,2012-11-29,3.5,OZ,1,2.18
595280740,96,53,5307,103003434,7175,2013-04-08,16,OZ,6,6.54
595285058,96,26,2622,102570020,20361,2012-09-03,120,CT,1,3.89
595285058,96,99,9908,103338333,33170,2012-10-14,16,OZ,1,1.29
595285058,96,23,2301,103003434,7175,2013-04-03,12,OZ,1,1.79
595297509,206,97,9707,107169171,15583,2012-08-23,1,CT,1,3.48
595299629,96,8,814,103003434,7175,2013-02-21,48,OZ,1,9.99
595300617,96,30,3010,102066222,12598,2013-04-13,16,OZ,1,3.49
595300617,96,56,5616,1067380363,6339,2013-06-20,7,OZ,1,6.99
595301465,96,23,2301,107680878,1393,2013-02-15,16,OZ,2,3
595301465,96,99,9908,103003434,28496,2013-04-26,8,OZ,1,2.99
595305561,206,72,7210,107666070,6414,2012-09-27,2,OZ,1,5.58
595305677,96,58,5812,1061697363,55294,2012-08-07,16,OZ,1,5.99
595313444,96,97,9753,10000,0,2013-05-22,1,CT,0,0
595314218,206,53,5307,107056070,14005,2012-12-03,24,OZ,2,7.76
595318098,206,99,9908,103338333,33170,2012-05-03,16,OZ,1,2.98
595318098,206,27,2701,1075764575,12598,2012-11-08,12,OZ,2,3.68
595325374,206,2,214,108685484,10218,2012-12-19,32,OZ,1,2.34
595328870,96,71,7113,1060308464,7034,2013-03-22,13,OZ,1,3.34
595351559,206,32,3202,108685484,10218,2012-05-29,17,OZ,1,14.48
595351559,206,63,6315,108685484,10218,2013-02-27,128,OZ,1,3.93
595357407,96,54,5403,101800010,14029,2012-05-06,10,OZ,2,5.98
595357407,96,95,9517,1061029060,7848,2012-06-16,1,CT,1,1.29
595357407,96,43,4302,104300040,4030,2012-11-17,8,OZ,2,2.18
595358339,96,63,6320,103003434,7175,2012-08-12,12,CT,1,0.99
595370457,96,37,3705,104119646,14582,2012-12-16,19,OZ,1,1.25
595372125,96,9,912,104812141,18322,2012-10-27,20,OZ,1,2.99
595373835,96,40,4005,104100040,10522,2013-02-23,1.2,OZ,1,2.25
595379928,96,34,3402,101878717,5185,2012-07-22,5,OZ,1,3.99
595381685,96,96,9609,1052052555,88199,2012-04-21,0,,1,-5
595381685,96,55,5558,103003434,7175,2012-07-08,30,OZ,1,2.5
595390969,96,53,5307,101450010,20864,2012-03-18,12,OZ,9,10.5
595390969,96,99,9908,103003434,28496,2012-04-09,16,OZ,2,3.38
595390969,96,9,907,107341070,2437,2012-08-14,24,OZ,1,3.99
595397902,96,63,6399,102301222,27492,2012-11-24,7,OZ,1,5.99
595397902,96,38,3801,103003434,7175,2013-01-21,4,LB,2,5.78
595397902,96,72,7209,103700030,26880,2013-05-19,54.6,YD,2,7.98
595400375,206,73,7358,1078765171,1155,2012-05-10,50,CT,1,7.13
595419434,96,27,2702,101780010,95301,2012-10-01,4,LB,1,7.49
595419434,96,5,519,103000030,14760,2012-10-20,2.64,OZ,1,1.5
595419434,96,19,1908,105150050,9189,2012-12-16,18,OZ,1,3.5
595430709,96,2,214,105150050,8604,2012-03-08,7,OZ,1,1.25
595430709,96,63,6315,103003434,7175,2012-11-15,64,OZ,1,2.39
595430709,96,37,3705,105100050,2820,2013-03-14,19,OZ,2,3
595449417,206,7,706,101200010,17286,2012-05-22,13.7,OZ,1,2.5
595449417,206,63,6317,104157040,2017,2013-03-26,64,OZ,1,3.18
595449512,206,27,2704,107910070,30096,2013-02-20,60,OZ,1,7.48
595451125,206,15,1506,104114343,17593,2012-11-05,6,OZ,1,2.5
595456488,96,63,6305,104850040,18799,2013-01-12,89,OZ,1,4.99
