700597543,63,14,1404,1089000080,11289,2012-12-23,12.8,OZ,1,2.49
700597543,63,74,7407,1084105888,15983,2013-01-20,4,CT,1,5.17
700610113,191,41,4105,101111010,6678,2012-10-16,14.5,OZ,1,0.98
700613542,241,58,5812,104470040,13310,2012-03-03,16,OZ,1,3.79
700613542,241,26,2619,103680030,6561,2012-07-19,10,CT,1,1.89
700614186,165,5,520,103000030,14760,2012-04-10,42,OZ,1,4.95
700614186,165,63,6315,109396696,13264,2013-01-26,64,OZ,2,9.38
700614186,165,33,3302,102700020,57417,2013-03-06,3.24,OZ,1,1
700618470,165,56,5607,102100020,13967,2012-11-26,8,OZ,1,3.15
700631956,63,2,201,101111010,9907,2012-04-29,18.5,OZ,1,1
700646838,126,36,3634,1078616272,7237,2012-04-04,33.8,OZ,1,1.75
700668162,165,37,3711,105100050,2820,2013-05-09,10.75,OZ,1,1.99
700685212,165,62,6203,107203676,7953,2013-01-03,13,OZ,1,4.49
700685212,165,95,9518,106700868,25075,2013-03-16,1,CT,1,3.49
700686251,165,21,2112,107535575,62072,2012-10-19,64,OZ,1,4.99
700687550,126,63,6315,101111010,9907,2013-01-03,128,OZ,1,3.23
700699094,165,97,9781,10000,8255,2012-10-16,1,CT,2,-2.1
700699094,165,63,6315,107203676,7953,2012-11-30,128,OZ,1,3.89
700715076,151,57,5705,101111010,9907,2012-09-23,6,OZ,2,0.8
700722938,165,92,9214,107050171,12554,2012-04-14,25,CT,1,6.85
700724636,241,8,807,101340919,17823,2012-06-30,18,OZ,2,5.58
700724636,241,59,5902,103680030,6561,2012-11-21,16,OZ,2,7.98
700751734,191,9,921,104500040,8511,2012-03-04,4.5,OZ,1,1
700751734,191,30,3010,107110070,8280,2012-11-21,16,OZ,1,3
700757385,241,9,902,103680030,6561,2012-04-30,10,OZ,1,2.29
700757385,241,14,1405,103120030,12957,2012-11-12,14,OZ,1,1.89
700759639,165,96,9609,1052840050,88199,2012-04-13,0,,1,-1
700768912,165,4,416,103400030,15113,2013-02-26,1.5,OZ,6,3.57
700784488,165,56,5613,1073882474,21469,2012-08-23,12,OZ,2,8.99
700784488,165,30,3010,104133545,43106,2012-08-28,1.5,OZ,2,0.58
700786415,165,7,706,101200010,17286,2012-05-03,15,OZ,2,5.38
700790057,165,41,4105,104118848,6915,2013-03-05,28,OZ,2,4.98
700811575,165,97,9781,10000,8255,2012-06-10,1,CT,1,-2.1
700812125,165,9,907,101410010,13791,2012-03-17,16,OZ,1,4.29
700812125,165,57,5705,107203676,7953,2013-03-22,6,OZ,4,2
700819394,241,33,3316,101600010,3397,2012-09-23,8.75,OZ,1,2.99
700821144,65,55,5561,103582636,6564,2012-12-23,56,OZ,1,2.89
700821144,65,8,802,107550070,18204,2013-03-30,10,OZ,2,1.58
700822087,165,25,2509,107203676,7953,2012-07-21,32,OZ,1,1.87
700830477,165,57,5704,107047070,20230,2012-07-28,4,OZ,2,1.34
700830477,165,97,9799,107675373,7452,2012-08-09,100,CT,1,0.99
700835217,165,63,6315,107203676,7953,2012-07-04,64,OZ,1,2.17
700835217,165,3,311,101600010,1756,2012-10-25,16,OZ,1,1.67
700845462,165,63,6320,107203676,7953,2012-07-06,18,CT,1,2.59
700845462,165,63,6305,102500020,16489,2012-12-15,59,OZ,2,6
700858677,165,11,1114,107027272,5613,2012-04-21,16,OZ,2,5.23
700867930,165,36,3618,104900040,23359,2012-05-06,144,OZ,1,4.99
700867930,165,97,9781,10000,8255,2012-08-14,1,CT,1,-1.05
700867930,165,64,6409,108130888,25521,2012-12-01,0.75,LT,1,8.99
700867930,165,18,1831,105210050,2732,2013-02-23,36,CT,1,1.19
700876501,68,56,5615,103582636,6564,2012-09-19,12,OZ,1,2.83
700881540,165,18,1831,102146626,20787,2013-03-24,24,CT,1,1.19
700891061,64,36,3601,101200010,13794,2012-07-15,50.7,OZ,1,0.89
700898783,64,40,4001,104100040,10522,2012-07-26,169,OZ,1,2.5
700898783,64,37,3705,105100050,2820,2012-09-01,18.8,OZ,1,1.67
700898794,58,63,6305,101111010,9907,2012-12-20,64,OZ,1,1.99
700900465,165,53,5305,102000020,7655,2013-03-02,10,OZ,3,0
700901406,165,63,6305,103961434,31285,2012-05-06,64,OZ,1,2.47
700901406,165,99,9908,103338333,33170,2012-06-10,16,OZ,2,4.59
700911133,165,36,3630,107800070,5208,2012-11-25,60,OZ,3,8
700918686,165,59,5902,107203676,7953,2012-04-07,16,OZ,1,2.97
700918971,165,99,9904,1081204989,27736,2013-05-11,16,OZ,1,3.5
700922635,165,72,7208,1030004131,26880,2013-01-27,1,CT,1,4.99
700925570,241,22,2211,103680030,6561,2013-04-08,120,CT,1,2.99
700933101,165,7,708,1088133484,5357,2012-12-19,12,OZ,1,8.99
700949973,165,9,913,104812141,18322,2012-07-13,12,OZ,1,3.99
700952308,165,95,9517,106700868,25075,2012-06-19,1,CT,2,3.78
700952308,165,99,9908,103260131,5489,2013-04-05,12,OZ,1,3.99
700952308,165,71,7113,108087888,13505,2013-06-18,25.4,OZ,1,5.99
700953019,165,55,5559,102500020,11749,2012-06-22,27,OZ,1,4.19
700953019,165,33,3308,102840020,3336,2012-09-28,9.75,OZ,2,3.49
700965189,165,64,6401,101820010,2510,2012-05-17,216,OZ,1,13.99
700965189,165,36,3601,101200010,13794,2012-05-18,144,OZ,1,6.39
700976579,165,63,6325,107203676,7953,2012-06-08,20,OZ,1,3.49
700976579,165,63,6399,107203676,7953,2012-07-24,7,OZ,1,2.99
700976579,165,41,4106,107203676,7953,2012-12-24,13.25,OZ,1,1.25
700980790,62,36,3636,1072543979,40679,2012-12-01,169,OZ,1,1.64
701000001,165,36,3634,1078616272,7237,2013-04-17,33.8,OZ,1,1.85
701002145,165,41,4110,102880020,7907,2012-06-20,28,OZ,2,2.5
701004978,165,96,9609,1051015858,88199,2012-06-25,0,,2,-2
701015428,165,55,5552,107064070,2014,2012-04-25,56,OZ,1,6.59
701016940,165,54,5402,101800010,14029,2012-09-12,16.4,OZ,1,2.49
701030345,165,9,902,104400040,12279,2013-05-16,16,OZ,1,2.5
701035757,165,97,9781,10000,8255,2013-01-23,1,CT,1,-1.05
701044072,165,18,1890,105209252,43069,2012-09-01,3,CT,2,1.99
701053151,89,96,9609,1054132252,88199,2012-11-24,0,,1,-1
701053151,89,41,4108,103940030,71386,2012-12-20,15.8,OZ,2,2.58
701053151,89,3,310,101111010,9907,2013-01-06,2.25,OZ,2,3.34
701053235,70,5,501,1088491282,13689,2012-08-30,11,OZ,2,5.2
701053235,70,58,5826,102265525,2626,2012-09-09,12,OZ,2,5.78
701058381,241,64,6408,108289686,6276,2012-08-22,0.75,LT,1,7.99
701060900,165,63,6315,107203676,7953,2012-10-23,64,OZ,1,2.59
701060989,165,55,5559,107756777,14286,2012-12-26,32,OZ,1,4.49
701060989,165,58,5833,103760030,8501,2013-03-17,24,OZ,2,19.98
701062607,165,60,6007,101800010,14029,2012-05-11,8,OZ,1,2.25
701062952,165,28,2805,107203676,7953,2013-03-01,3.8,OZ,2,3.18
701063488,64,9,901,1072543979,40679,2012-12-13,25,OZ,1,0.4
701064468,26,5,501,101600010,10797,2012-06-28,11.5,OZ,1,2.29
701064468,26,24,2415,101111010,9907,2012-07-12,15,OZ,2,3.78
701064468,26,5,501,101600010,15114,2012-07-19,13,OZ,1,3.44
701064468,26,63,6315,101111010,9907,2012-12-13,128,OZ,1,3.49
701064468,26,58,5831,101111010,9907,2013-02-19,16,OZ,1,3.79
701071321,165,9,908,107203676,7953,2013-01-31,10,OZ,1,3.99
701071321,165,4,418,103400030,8247,2013-02-15,4.4,OZ,1,2.35
701074967,165,33,3303,102068525,2892,2012-08-25,8,OZ,1,3.79
701084072,165,33,3312,103700030,14494,2012-09-11,6.38,OZ,2,3
701084072,165,58,5823,104470040,13310,2013-06-14,9,OZ,1,3.5
701090182,165,21,2103,103619232,15852,2012-07-22,32,OZ,2,2.5
701091876,165,60,6011,101800010,14029,2012-05-17,16.3,OZ,1,1.29
701091876,165,41,4107,102400020,4704,2012-08-09,14.5,OZ,2,2.58
701093574,165,9,908,107203676,7953,2012-12-26,16,OZ,2,6.98
701093574,165,63,6315,109396696,13264,2012-12-31,64,OZ,1,4.69
701093574,165,51,5115,102066222,12598,2013-02-02,20.6,OZ,1,7.49
701100480,241,27,2704,107910070,30096,2012-08-25,24,OZ,1,3.89
701101376,165,0,0,10000,0,2012-05-09,0,,2,5.18
701101430,165,9,907,107203676,7953,2012-08-26,11,OZ,1,1.27
701116076,68,63,6305,104850040,5072,2012-12-01,59,OZ,1,2.89
701116076,68,33,3303,104178040,19154,2012-12-15,8,OZ,1,2.5
701116076,68,14,1404,101480010,12021,2013-01-06,24,OZ,1,2.5
701117766,165,56,5620,104610040,15889,2012-11-17,8,OZ,2,5
701117766,165,57,5707,103663232,4568,2012-12-23,37.2,OZ,1,5.49
701117766,165,64,6407,1089413787,51900,2013-01-02,1.42,LT,1,8.49
701117766,165,14,1404,101480010,12021,2013-01-12,23.4,OZ,1,2.79
701129855,165,97,9781,10000,8255,2012-11-01,1,CT,1,-3.01
701130752,165,51,5132,101380010,10271,2013-01-06,8,OZ,1,2
701133365,165,54,5401,103800030,5618,2012-05-01,10.7,OZ,1,2.59
701133365,165,64,6408,1085768080,41730,2012-06-23,0.75,LT,1,11.99
701133365,165,8,816,1064034464,6731,2012-11-27,16,OZ,1,3.99
701136935,165,97,9781,10000,8255,2012-10-10,1,CT,1,-1.05
701136935,165,4,418,103966939,539,2013-04-13,24,OZ,1,3.99
701146797,165,29,2925,101740010,47096,2012-03-04,14,OZ,1,2.55
701146797,165,36,3634,1078616272,7237,2013-02-25,101.4,OZ,1,4.99
701146797,165,56,5607,107203676,7953,2013-03-24,8,OZ,2,3.74
701156548,165,59,5907,102740020,16291,2012-03-02,45,OZ,1,3.79
701156548,165,64,6408,108158484,39787,2012-05-19,0.75,LT,2,25.98
701160827,165,9,912,104812141,18322,2012-03-11,15,OZ,1,4.49
701160827,165,4,422,107034676,9886,2013-03-30,14,OZ,1,2.89
701167747,165,53,5305,102000020,7655,2013-03-04,9,OZ,2,1.51
701168008,165,18,1827,107584777,13402,2012-08-31,0.8,OZ,2,6.98
701171279,165,63,6321,104082242,15667,2012-05-29,10,OZ,2,4.99
701171279,165,63,6325,1076108878,7953,2012-07-10,18,OZ,2,14.98
701171279,165,27,2701,102310020,13705,2012-10-12,13.2,OZ,2,1.7
701171279,165,64,6408,108143484,22447,2012-11-24,0.75,LT,1,5
701181185,165,97,9781,10000,8255,2012-08-14,1,CT,1,-1.05
701189349,165,63,6315,107203676,7953,2012-09-17,32,OZ,1,1.69
701201501,165,26,2630,103600030,9787,2013-01-24,120,CT,2,3.98
701201501,165,27,2707,105000050,6775,2013-01-30,3.15,LB,1,5.19
701201501,165,97,9781,10000,8255,2013-02-04,1,CT,1,-1.58
701201501,165,96,9609,1051600050,88199,2013-05-03,0,,1,-1.5
701204114,165,36,3604,107203676,7953,2012-03-17,33.8,OZ,1,0.67
701204114,165,30,3008,107110070,8280,2012-12-10,16,OZ,1,3.29
701204114,165,9,917,107203676,7953,2013-04-27,14.58,OZ,1,1.99
701204114,165,21,2119,1061300868,867,2013-05-05,128,OZ,1,3.29
701204177,165,75,7501,103680030,18533,2012-08-09,12,OZ,1,6.99
701204177,165,55,5560,104154848,5603,2013-04-18,16.5,OZ,1,2.5
701206114,165,21,2119,1065762262,26129,2012-04-15,16,OZ,1,1.79
701206114,165,8,816,1064767161,6994,2012-08-06,16,OZ,2,4
701206114,165,97,9781,10000,8255,2012-10-02,1,CT,4,2.84
701209123,70,45,4514,1072543979,40679,2012-04-26,40,OZ,1,5.99
701209949,165,9,907,107341070,2437,2013-03-19,20,OZ,1,2.29
701216264,165,96,9609,1057800050,88199,2012-08-11,0,,2,-2
701216264,165,58,5810,103390030,9286,2013-01-13,8,OZ,1,2.5
701216264,165,9,918,101410010,13791,2013-02-23,7.2,OZ,1,1.74
701222157,241,56,5607,102100020,13967,2012-05-07,8,OZ,4,10.36
701222157,241,3,310,103623232,8278,2012-12-14,6,OZ,1,2.99
701222157,241,57,5704,103663232,4568,2013-04-07,6,OZ,11,8.69
701222762,165,26,2614,103700030,514,2012-07-03,45,CT,1,7.29
701222762,165,97,9781,10000,8255,2012-07-03,1,CT,2,-2.1
701239950,165,56,5607,102100020,13967,2012-04-08,8,OZ,2,5.7
701239950,165,71,7113,1060308464,7034,2012-05-23,1.7,OZ,1,1.5
701247994,165,55,5552,107203676,7953,2012-07-03,48,OZ,2,6.67
701247994,165,58,5835,107002575,54837,2012-11-03,16,OZ,2,9.3
701257546,241,41,4108,103680030,6561,2012-11-25,15,OZ,2,1.98
701257546,241,5,520,103000030,14760,2013-04-02,18,OZ,1,2.99
701260064,165,8,838,107203676,7953,2012-10-26,15.5,OZ,2,1.74
701260064,165,7,708,107203676,7953,2012-10-28,12,OZ,1,3.97
701260064,165,16,1601,102200020,71567,2013-01-17,15,CT,1,1.29
701264493,241,63,6320,1072931373,182,2013-02-19,18,CT,1,2.89
701266923,165,96,9609,1053500050,88199,2012-11-01,0,,2,-3
701270508,165,69,6901,101204414,13056,2012-05-21,4,OZ,1,4.85
701270508,165,33,3301,107641070,10160,2012-09-20,3.5,OZ,2,2
701284113,165,97,9707,107169171,15583,2012-03-02,4,CT,1,3.44
701286894,165,23,2301,102920020,12168,2012-12-10,12,OZ,1,0.87
701286894,165,59,5906,104060040,26155,2013-01-27,15,OZ,1,2
701286894,165,9,970,103800030,62065,2013-04-14,22,OZ,1,2.5
701291973,165,27,2707,1082927484,11516,2012-05-09,3,LB,1,4.99
701291973,165,17,1712,107499979,15601,2012-08-05,48,OZ,1,14.99
701291973,165,96,9609,1058087858,88199,2012-11-04,0,,2,-2
701291973,165,36,3632,107800070,17635,2013-02-16,48,OZ,1,1
701294539,165,54,5401,103800030,5618,2012-10-01,12.3,OZ,1,3.45
701294539,165,8,816,1064767161,6994,2013-01-28,16,OZ,1,3.99
701298023,165,9,907,107225070,12465,2012-03-19,20,OZ,1,1.99
701298023,165,10,1011,107464171,73635,2013-05-08,6.25,OZ,2,5
701302262,165,82,8201,107203676,7953,2012-06-29,1,CT,2,9.98
701307179,165,96,9609,1054610050,88199,2013-02-03,0,,2,-0.8
701308404,165,36,3601,104900040,3809,2012-12-03,101.4,OZ,1,3.5
701308404,165,56,5617,102100020,9886,2013-02-07,16,OZ,1,6.15
701309146,165,45,4511,102370020,18969,2012-05-03,32,OZ,1,5.29
701312349,165,9,902,104400040,19783,2012-10-27,9.1,OZ,1,1.89
701312349,165,33,3309,102840020,18584,2013-02-02,13,OZ,1,3.99
701326962,165,9,922,102430020,10577,2012-03-25,13.1,OZ,1,1.79
701326962,165,5,501,103800030,14900,2012-11-05,18.7,OZ,1,2.49
701327734,165,63,6317,107235070,68047,2012-03-29,64,OZ,1,3.59
701327734,165,28,2804,10930090,12157,2012-06-08,12,OZ,1,2.59
701335957,165,2,202,1064420969,5345,2012-07-31,17.6,OZ,1,2.99
701335957,165,31,3110,103760030,8501,2012-09-03,3,OZ,1,2.99
701335957,165,58,5835,107002575,54837,2012-10-28,16,OZ,1,4.85
701335957,165,41,4108,1088439585,10793,2013-02-09,29,OZ,1,1.59
701337561,165,35,3504,103500030,13470,2013-01-10,25,OZ,2,2.94
701349692,165,57,5710,107835575,61673,2012-09-29,24,OZ,1,2.39
701349692,165,51,5134,107203676,7953,2012-10-21,18.4,OZ,1,9.99
701349692,165,64,6408,108500080,20785,2012-11-17,0.75,LT,1,4.99
701359794,165,9,901,102840020,14760,2012-03-03,8.8,OZ,1,2.99
701360325,165,97,9781,10000,8255,2012-12-06,1,CT,1,-1.05
701360325,165,36,3618,107203676,7953,2013-02-13,144,OZ,1,2.37
701373547,165,36,3611,108265787,4687,2013-01-28,202.8,OZ,1,4.19
701373797,69,51,5126,1073891272,2225,2012-04-07,14.5,OZ,1,2.19
701373797,69,56,5617,105300050,2199,2012-08-18,12,OZ,1,2.1
701373797,69,58,5823,105190050,26456,2012-11-10,9,OZ,1,2.5
701373797,69,73,7302,1030057333,250,2013-02-16,24,CT,1,4.39
701374867,165,55,5558,107203676,28647,2012-03-15,21,OZ,1,3.17
701382219,165,97,9781,10000,8255,2013-04-12,1,CT,2,-2.1
701382666,165,99,9908,103338333,33170,2012-03-07,16,OZ,1,3.49
701382666,165,55,5560,104154848,5603,2012-08-03,16.1,OZ,2,8.98
701392059,165,9,907,107341070,2437,2012-12-28,24,OZ,2,8.58
701403272,165,97,9781,10000,8255,2013-01-08,1,CT,1,-11.03
701404306,165,26,2630,107203676,7953,2012-08-02,66,CT,2,2.74
701407891,165,58,5823,107203676,7953,2012-05-01,8,OZ,3,0
701416020,165,22,2201,107203676,7953,2013-06-08,64,OZ,1,1.67
701423896,165,5,501,101600010,10797,2013-01-06,16,OZ,1,4.49
701427347,165,3,310,107203676,7953,2012-12-08,6,OZ,1,3.47
701427347,165,37,3707,107203676,7953,2012-12-23,14.5,OZ,1,0.57
701427347,165,63,6316,107203676,7953,2013-05-02,8,OZ,2,1.7
701441143,241,25,2506,105000050,32115,2013-06-01,32,OZ,2,8.58
701442413,165,9,907,1085675080,34759,2013-04-02,18,OZ,3,17.97
701442779,165,99,9908,103338333,33170,2012-07-19,16,OZ,1,3
701442779,165,36,3629,104900040,11484,2012-10-18,144,OZ,1,3.66
701442779,165,33,3316,102410020,44209,2013-01-31,10.5,OZ,1,2.5
701444738,165,57,5710,1068954464,6086,2012-10-20,5.3,OZ,10,10
701444738,165,97,9753,1020433222,0,2013-05-04,1,CT,1,1.39
701444738,165,9,920,107641070,10160,2013-05-17,11.25,OZ,2,7.1
701446244,165,56,5609,102100020,2321,2012-04-22,16,OZ,1,2.5
701446244,165,26,2617,107203676,7953,2013-01-06,50,CT,1,2.5
701447228,165,63,6315,107433676,28647,2012-10-10,128,OZ,1,4.19
701447228,165,9,901,104400040,12600,2013-04-03,14,OZ,2,4.29
701449753,68,28,2803,10930090,12157,2012-12-08,12,OZ,1,2.59
701449753,68,49,4901,101312010,26885,2013-03-24,4.75,OZ,3,3.77
701450171,165,21,2105,105200050,7054,2012-05-05,32,OZ,1,1
701450840,165,63,6332,104850040,61745,2012-05-23,59,OZ,1,3
701454948,165,99,9909,107127979,6732,2012-10-19,5.5,OZ,1,3.69
701454948,165,99,9904,1071575676,5278,2013-02-15,6,OZ,1,4.99
701455240,165,4,410,107172070,18529,2013-01-15,26,OZ,1,4.99
701455240,165,29,2908,104600040,13023,2013-04-18,16,OZ,1,1.69
701457549,165,0,0,10000,0,2013-04-11,0,,1,6.72
701460962,165,8,805,102100020,3337,2013-06-13,8,OZ,1,3.89
701461866,165,59,5902,103450030,10165,2012-05-03,15,OZ,1,4.29
701461866,165,9,907,1078142171,21825,2012-06-28,16,OZ,1,4.39
701464500,165,97,9781,10000,8255,2012-03-22,1,CT,1,-1.05
701464500,165,25,2509,1074236575,8499,2012-06-12,16,OZ,1,2.45
701464500,165,63,6320,1071514171,25530,2013-02-22,18,CT,1,3.5
701468638,165,36,3631,107203676,7953,2012-03-13,144,OZ,1,2.37
701468638,165,55,5552,107756777,2347,2013-01-20,48,OZ,1,2.94
701468638,165,32,3204,1080489080,15804,2013-05-11,16.9,OZ,1,8.99
701470032,165,73,7302,107203676,7953,2013-02-09,180,CT,1,5.99
701474719,165,21,2112,107203676,7953,2012-09-16,14,OZ,1,1.5
701486747,165,99,9908,103338333,33170,2012-04-15,16,OZ,2,7
701486747,165,58,5823,104450040,8318,2012-08-26,9,OZ,2,6.67
701486747,165,63,6321,104082242,15667,2012-09-29,10,OZ,1,2.99
701492759,165,10,1013,107203676,7953,2012-06-21,16,OZ,5,9.35
701492759,165,58,5824,107778272,9260,2012-07-01,19,OZ,1,4.5
701492759,165,13,1306,107203676,7953,2012-11-18,5,LB,1,1.67
701492759,165,63,6399,102301222,27492,2012-12-31,10.5,OZ,1,6.99
701492759,165,9,912,104812141,18322,2013-01-07,20,OZ,2,2.39
701492759,165,97,9781,10000,8255,2013-04-13,1,CT,1,-1.05
701509227,165,63,6313,102670020,4664,2012-06-16,16,OZ,1,1.29
701509227,165,97,9781,10000,8255,2012-08-07,1,CT,1,-1.05
701510041,165,45,4511,1073898575,20825,2013-01-06,12,OZ,1,6.99
701510966,165,5,501,101600010,3331,2012-03-23,12.8,OZ,1,4.19
701514378,165,36,3601,104900040,3809,2013-02-02,60,OZ,2,8
701521331,165,64,6401,107289070,8159,2012-08-18,144,OZ,1,10.99
701522216,241,56,5609,102100020,2321,2012-07-20,24,OZ,1,3.99
701522997,165,58,5824,103077131,343,2012-03-30,12,OZ,1,6.49
701529065,165,36,3629,101200010,23360,2012-06-24,50.7,OZ,2,1.98
701529065,165,97,9781,10000,8255,2012-09-22,1,CT,1,-1.05
701531700,241,27,2701,101113212,491,2012-12-10,13.2,OZ,5,4
701532519,165,99,9904,1071575676,5278,2012-10-28,6,OZ,1,3
701532519,165,99,9904,1071575676,5278,2012-12-04,6,OZ,1,3.5
701534116,165,99,9909,107127979,6732,2012-08-18,6.5,OZ,1,2.5
701534116,165,37,3706,107203676,7953,2013-02-22,10.5,OZ,1,0.97
701535060,165,36,3618,101200010,23361,2012-10-31,20,OZ,1,1.59
701535060,165,97,9781,10000,8255,2012-12-08,1,CT,1,-0.36
701535060,165,9,901,102750020,837,2012-12-18,9.5,OZ,1,2.5
701540179,165,9,907,107341070,888,2012-04-28,12,OZ,1,3.69
701540179,165,9,914,107203676,7953,2012-08-17,18,OZ,1,2.79
701541861,165,96,9609,1054800151,88199,2012-05-24,0,,1,-1
701541861,165,33,3307,107203676,7953,2013-05-11,16,OZ,1,3.37
701544960,165,25,2505,105000050,32115,2012-08-19,32,OZ,2,5.9
701544960,165,57,5704,105215959,41981,2012-08-29,6,OZ,1,0.9
701544960,165,9,907,107225070,12465,2012-09-15,24,OZ,1,4.49
701545139,165,63,6315,107203676,7953,2012-11-20,128,OZ,1,3.79
701545139,165,9,917,102733121,9966,2012-12-16,16,OZ,1,1.5
701545302,165,35,3509,107261373,401,2012-09-30,50,OZ,1,3.99
701549250,165,63,6320,107203676,7953,2013-04-03,6,CT,1,1.59
701558284,165,16,1604,102200020,6021,2012-04-21,45,CT,1,2.79
701558284,165,17,1701,1067811262,3912,2012-10-18,21,OZ,1,1.29
701558284,165,58,5823,104242141,2071,2013-03-24,4,OZ,1,4.49
701563133,165,16,1604,101254616,18738,2012-06-01,14,CT,1,1.55
701563133,165,9,970,103800030,62065,2012-07-08,14.7,OZ,1,1.67
701563133,165,5,501,103800030,6796,2013-01-17,15,OZ,1,1.97
701563133,165,9,970,103800030,62065,2013-01-31,14,OZ,1,0.35
701566414,165,22,2201,104460040,3718,2012-11-17,64,OZ,2,4
701566414,165,36,3604,107203676,7953,2013-01-24,33.8,OZ,6,4
701574681,165,19,1908,105150050,9189,2012-10-29,18,OZ,2,5
701576115,165,63,6305,102500020,11749,2012-04-14,59,OZ,1,2.97
701576115,165,97,9781,10000,8255,2012-04-20,1,CT,2,-2.1
701576115,165,97,9781,10000,8255,2012-11-12,1,CT,1,-3.07
701578236,165,65,6501,104400040,13243,2012-04-07,6,OZ,1,2.69
701578236,165,8,807,101340919,17823,2012-05-20,18,OZ,1,1.25
701578236,165,97,9781,10000,8255,2012-08-22,1,CT,1,-1.05
701584245,165,33,3307,101411313,5976,2012-03-18,7,OZ,1,5.49
701584245,165,99,9904,1081204989,27736,2012-04-06,16,OZ,1,3.5
701584245,165,26,2614,103700030,514,2013-05-26,44,CT,1,5.69
701584303,241,27,2704,1070565474,86547,2012-06-03,1,CT,1,1.48
701589988,165,7,709,104300040,11339,2012-08-22,3,OZ,1,5.99
701596264,165,99,9908,107203676,7953,2013-01-30,16,OZ,1,1.79
701596264,165,99,9904,105410757,33170,2013-03-19,48,OZ,1,5.99
701598414,165,97,9781,10000,8255,2012-04-25,1,CT,1,-1.05
701598414,165,55,5555,107457070,26051,2013-02-13,14,OZ,1,3.5
701609610,165,57,5710,1089470080,21065,2012-03-27,5.3,OZ,2,2.9
701609610,165,99,9904,107774575,14997,2012-10-31,4.3,OZ,1,2.5
701609610,165,41,4107,107203676,7953,2013-03-25,14.9,OZ,1,0.79
701612592,165,10,1004,104300040,26232,2012-05-18,5.1,OZ,2,2.78
701612592,165,99,9909,107203676,7953,2012-10-26,10,OZ,1,1.79
701612592,165,99,9909,107203676,7953,2013-04-04,10,OZ,1,1.79
701612736,165,33,3305,102840020,5141,2012-05-04,17,OZ,1,4.99
701612736,165,27,2704,1088424484,5068,2012-11-27,5,OZ,4,23.96
701612736,165,26,2634,103700030,3293,2013-01-10,24,RL,1,15.99
701623903,165,33,3301,1073249474,56896,2012-05-25,6.5,OZ,1,3.49
701636921,165,8,810,104600040,13023,2012-04-24,6.25,OZ,1,3.65
701636921,165,30,3002,104800141,8178,2012-06-23,30,OZ,1,5.49
701636921,165,33,3303,102840020,10241,2012-09-16,10,OZ,1,3.5
701637029,165,41,4106,107203676,7953,2012-10-15,6.5,OZ,1,0.77
701646349,165,5,501,101862717,9496,2012-04-21,10.5,OZ,1,4.35
701648949,165,59,5910,103377636,16650,2012-05-17,15,OZ,1,1.75
701648949,165,8,801,101300010,8164,2012-08-30,32,OZ,1,2
701648949,165,99,9908,107203676,7953,2012-10-04,16,OZ,1,3.49
701651974,165,97,9753,1020600121,0,2012-04-08,1,CT,1,8.15
701651974,165,64,6409,1073995878,6655,2012-11-11,0.75,LT,1,14.99
701652415,165,51,5125,102580020,16668,2012-06-07,4.9,OZ,1,2.99
701652415,165,82,8201,107203676,7953,2012-10-24,1,CT,1,6.99
701655785,165,97,9745,107978474,3008,2012-07-10,1,CT,1,1.79
701655785,165,26,2622,102570020,20361,2012-10-04,18,CT,1,3.79
701655785,165,58,5827,104470040,13310,2012-10-16,12,OZ,1,5.49
701655785,165,3,305,103320030,875,2013-01-02,32,OZ,2,3.98
701662677,165,26,2629,107203676,7953,2012-06-10,250,CT,2,3.14
701662677,165,16,1601,102200020,9347,2012-12-21,45,CT,1,2.59
701667379,165,63,6320,1071514171,25530,2012-09-25,12,CT,1,3.5
701670181,165,9,901,1073800474,25158,2012-04-10,16,OZ,9,44.91
701671246,165,97,9781,10000,8255,2012-06-10,1,CT,1,-1.05
701671246,165,25,2506,102529323,16410,2013-02-07,16,OZ,1,2.19
701674748,165,36,3635,107203676,7953,2012-11-22,33.8,OZ,1,0.79
701674748,165,26,2622,102570020,20361,2013-01-15,50,CT,4,11.96
701674748,165,5,502,101600010,86101,2013-05-13,5,OZ,1,3.29
701681851,165,8,838,107203676,7953,2013-06-24,5,OZ,1,1.17
701689360,165,29,2908,107203676,7953,2012-08-03,16,OZ,1,0.87
701710980,165,57,5710,107047070,20230,2012-07-23,16,OZ,1,3
701710980,165,56,5613,103798232,76577,2012-09-03,8,OZ,1,6.99
701711607,165,55,5552,107203676,7953,2012-06-15,56,OZ,1,3.34
701711607,165,25,2506,105000050,32115,2012-06-15,32,OZ,1,3.79
701712049,165,41,4108,102880020,7907,2013-05-20,40.5,OZ,1,2.49
701714410,70,59,5906,103582636,6564,2012-11-16,16,OZ,1,-1.76
701726885,165,45,4511,107346171,1376,2012-06-29,30,OZ,1,13.49
701726885,165,33,3350,101708212,9033,2013-02-02,3.13,OZ,1,5.99
701726885,165,33,3303,102840020,10241,2013-03-28,10,OZ,1,4.29
701729163,165,25,2506,105000050,32115,2012-04-13,16,OZ,1,2.09
701729163,165,99,9904,1066529060,52314,2013-02-20,16,OZ,1,2.2
701736757,165,33,3305,102840020,18584,2012-12-13,10,OZ,1,3.5
701739331,241,57,5705,103663232,4568,2012-03-22,6,OZ,2,1.58
701739331,241,55,5558,107585676,9798,2012-05-15,27,OZ,1,4.99
701740210,165,30,3008,104100040,19975,2012-07-13,16,OZ,1,2.89
701740210,165,58,5827,103760030,8501,2012-08-03,12,OZ,1,5.59
701741796,165,36,3603,104300040,4371,2012-06-29,256,OZ,2,3.79
701741796,165,18,1813,107535373,5324,2012-08-30,1,RL,1,7.99
701761000,241,9,922,102430020,10577,2013-05-16,13,OZ,1,1.79
701763626,165,31,3101,105210050,11382,2012-12-12,1.1,OZ,1,3.92
701774023,165,36,3604,107800070,2829,2012-12-23,101.4,OZ,1,3.49
701777729,165,9,902,107203676,7953,2013-04-28,9.5,OZ,1,2.5
701780872,241,9,901,103680030,6561,2012-07-05,12,OZ,1,2
701781915,165,96,9609,1057045959,88199,2013-02-26,0,,4,-2
701781915,165,56,5621,107203676,7953,2013-03-12,8,OZ,1,2.75
701787933,165,33,3305,102840020,18584,2012-09-20,9,OZ,1,3.99
701787933,165,13,1302,107174070,20626,2012-09-30,32,OZ,1,2.19
701788231,165,33,3307,107203676,7953,2012-11-03,16,OZ,1,3.27
701788231,165,13,1305,103000030,14760,2013-01-19,36.8,OZ,1,1.89
701804860,165,7,708,1079849373,31032,2013-03-24,12,OZ,2,13.98
701810436,165,63,6315,1074236575,8499,2012-03-30,64,OZ,1,3.95
701817839,165,29,2930,107680878,1393,2012-10-31,9,OZ,1,2.5
701817839,165,41,4105,107090070,4697,2013-02-06,28,OZ,2,2.69
701824082,165,63,6315,107203676,7953,2012-04-19,128,OZ,1,3.89
701829963,165,51,5117,104280040,18599,2012-03-07,10.7,OZ,4,5
701829963,165,99,9908,103338333,33170,2012-04-30,16,OZ,1,0.79
701829965,165,34,3411,1030813737,1121,2012-06-12,12,OZ,1,7.55
701829965,165,9,902,103010030,3744,2012-10-07,16,OZ,1,2.5
701834239,165,97,9753,1020433222,0,2013-04-30,1,CT,1,1.4
701839163,165,45,4511,102370020,18969,2012-12-18,32,OZ,1,4.99
701839163,165,63,6316,107203676,7953,2013-04-27,16,OZ,1,1.57
701839163,165,20,2002,105100050,27873,2013-05-18,46,OZ,1,3.99
701848064,165,63,6320,107203676,7953,2012-05-16,18,CT,1,2.49
701848079,165,4,416,104000040,26517,2012-10-05,3.27,OZ,1,1.67
701848079,165,63,6315,107203676,7953,2012-10-07,64,OZ,1,2.49
701848079,165,19,1905,1063779363,10913,2012-11-15,12,OZ,2,5
701848079,165,59,5902,107203676,7953,2013-06-02,16,OZ,1,2.87
701850041,165,56,5621,107203676,7953,2012-07-06,8,OZ,2,5.5
701850041,165,36,3633,107279676,8670,2012-10-05,72,OZ,2,6
701869468,165,64,6401,108834585,12595,2012-05-26,144,OZ,1,14.49
701869468,165,23,2310,104164646,3173,2012-09-16,13,OZ,1,1.49
701877635,165,97,9781,10000,8255,2012-04-08,1,CT,1,-1.05
701880612,165,9,908,107203676,7953,2012-10-11,14,OZ,1,4.49
701880612,165,62,6201,1076108878,15385,2013-02-15,14,OZ,1,7.99
701880712,165,9,907,107203676,7953,2012-12-19,13,OZ,1,1.67
701881615,165,58,5810,107002575,54837,2012-09-15,16,OZ,1,2.45
701881615,165,3,311,1064420969,5345,2012-11-25,16,OZ,1,1.5
701881615,165,33,3303,102068525,2892,2012-12-22,8,OZ,1,3.79
701890301,165,9,907,107225070,12465,2013-01-24,20,OZ,1,2
701900335,165,36,3625,104900040,23359,2012-03-03,67.6,OZ,1,1.79
701900335,165,56,5620,102100020,9886,2012-08-11,7,OZ,1,2
701900579,165,97,9781,10000,8255,2012-08-10,1,CT,1,-1.05
701904902,165,64,6409,108600383,15377,2013-06-10,0.75,LT,1,8.99
701904928,165,99,9908,107203676,7953,2012-06-12,16,OZ,1,-3.6
701909100,165,64,6401,101820010,31244,2012-05-21,144,OZ,1,10.99
701919998,165,36,3604,107297979,16095,2012-04-15,144,OZ,5,19.15
701920492,165,56,5617,102100020,9886,2012-08-18,8,OZ,1,3.99
701925652,165,64,6408,108143484,22447,2012-03-02,1.5,LT,1,10.99
701925652,165,36,3630,107800070,23561,2013-03-07,20,OZ,1,1.69
701925652,165,33,3318,107203676,7953,2013-04-20,14,OZ,1,1.54
701928955,165,33,3307,101411313,23033,2012-07-12,8,OZ,1,4.99
701928955,165,33,3311,102840020,27521,2012-09-19,10.5,OZ,1,3.99
701935891,241,63,6320,1072931373,182,2012-09-30,12,CT,1,2.35
701935891,241,97,9753,1023215929,0,2013-03-03,1,CT,2,5.78
701941082,165,63,6320,1076351474,4622,2012-11-06,12,CT,1,3.69
701941082,165,4,418,103400030,15113,2012-11-30,8,OZ,1,3.99
701941082,165,33,3305,102840020,18584,2013-01-31,10,OZ,2,7.58
701941082,165,17,1709,101920010,10882,2013-03-28,24,OZ,1,1.49
701941082,165,19,1904,107203676,7953,2013-04-20,12,OZ,1,2.97
701941270,165,96,9609,1057403050,88199,2012-09-07,0,,1,-3
701941270,165,96,9609,1057800050,88199,2012-11-10,0,,1,-1
701942431,165,43,4302,104300040,4030,2012-12-21,8,OZ,1,0.99
701943252,165,30,3008,107110070,8280,2012-04-20,16,OZ,1,3.29
701943252,165,53,5307,101450010,20864,2013-01-31,12,OZ,2,5
701943252,165,5,516,101600010,12426,2013-03-24,7.1,OZ,1,3.39
701945471,165,33,3307,107826474,20516,2012-09-18,16,OZ,1,2.99
701945471,165,25,2503,105000050,32115,2013-02-10,10.2,OZ,1,4.79
701946335,165,96,9609,1054150050,88199,2012-06-26,0,,2,-1
701951412,165,73,7308,1079285070,2593,2012-12-15,20,CT,1,2.19
701952380,241,99,9904,1071575676,5278,2012-05-25,16,OZ,1,3.99
701952380,241,63,6315,102931323,182,2012-11-26,128,OZ,2,6.16
701956705,165,8,810,104150040,6714,2013-01-20,1.75,OZ,2,2.38
701979093,65,36,3611,101200010,803,2012-03-03,405.6,OZ,1,3.75
701983471,165,5,501,101600010,6283,2012-04-26,16.2,OZ,1,4.29
701983471,165,97,9781,10000,8255,2012-07-31,1,CT,1,-1.05
701986373,165,37,3707,104800141,9814,2012-10-03,4.66,OZ,1,4.15
702001785,165,9,907,107203676,7953,2012-09-18,19,OZ,1,2.99
702003859,165,97,9781,10000,8255,2012-11-30,1,CT,1,-1.05
702022349,165,21,2111,1075379272,12769,2012-08-09,64,OZ,1,4.19
702022349,165,51,5115,107192171,25673,2012-08-31,33.4,OZ,1,8.95
702022349,165,57,5710,103663232,4568,2013-04-01,5.3,OZ,13,19.5
702033372,165,37,3706,105100050,2820,2012-09-21,10.5,OZ,1,1.75
702033372,165,27,2709,107910070,14329,2013-01-23,3,OZ,1,1.69
702038156,165,18,1854,107014575,847,2012-03-03,3,CT,1,1.99
702038156,165,97,9753,10000,0,2012-04-12,1,CT,1,1.19
702038156,165,55,5555,107457070,26051,2012-08-14,14,OZ,2,9.18
702038156,165,95,9517,1060267060,10490,2012-12-21,4,CT,1,3.49
702046067,165,9,907,107203676,7953,2013-02-13,13,OZ,1,1.49
702048722,165,11,1114,107027272,5613,2012-08-18,15,OZ,1,2.69
702048722,165,27,2704,107203676,7953,2012-08-30,64,OZ,1,4.99
702050043,165,36,3638,106827464,30855,2012-04-29,101.4,OZ,1,2.5
702050043,165,63,6314,107203676,7953,2012-08-20,16,OZ,1,1.69
702050043,165,21,2119,108079383,6926,2013-03-15,144,OZ,1,6.79
702068059,165,54,5403,107229070,18158,2012-10-05,19.2,OZ,1,5.99
702068059,165,35,3509,102420020,14716,2013-03-07,75,OZ,1,5.99
702075187,165,14,1404,101480010,12021,2012-04-12,24,OZ,1,1.79
702075187,165,63,6315,107433676,28647,2012-07-13,64,OZ,1,2.39
702075187,165,63,6325,1076108878,7953,2013-03-21,16,OZ,1,7.49
702076429,165,51,5121,104369545,10274,2012-06-07,9,OZ,5,10
702082496,165,3,308,104010040,6455,2012-10-22,4,OZ,1,6.15
702099948,165,97,9781,10000,8255,2012-08-19,1,CT,1,-1.05
702099948,165,82,8201,107203676,7953,2012-10-28,1,CT,1,4.99
702099948,165,63,6315,107203676,7953,2012-11-30,128,OZ,1,3.89
702107488,241,27,2713,105000050,11668,2012-07-26,5.5,OZ,6,4
702110191,165,30,3008,107203676,7953,2012-03-24,16,OZ,1,1.77
702110191,165,9,907,1078142171,21825,2012-05-20,11.25,OZ,1,3.39
702110191,165,4,427,102200020,506,2013-02-14,1.76,OZ,2,4.58
702114511,165,95,9518,106700868,25075,2013-05-30,1,CT,1,4.99
702115328,165,64,6401,101820010,11616,2012-04-08,72,OZ,1,6.99
702130588,165,62,6202,107203676,7953,2012-06-16,9,OZ,4,8.98
702135382,165,51,5125,101380010,10271,2012-06-19,9.75,OZ,2,5
702141170,241,5,502,107912676,17470,2012-04-30,0.5,OZ,12,6
702141170,241,55,5559,107756777,6854,2012-09-17,33,OZ,1,4.99
702141170,241,63,6321,1064767161,6994,2012-12-17,12,OZ,1,3.99
702142574,165,64,6401,107199070,4043,2012-03-03,144,OZ,1,9.99
702146422,165,96,9609,1053760050,88199,2013-06-02,0,,4,-4
702152208,165,99,9908,1070935171,5534,2012-03-30,12,OZ,2,5.38
702152208,165,29,2922,107225171,12502,2012-04-21,5.25,OZ,1,1.67
702156502,165,21,2117,108768484,2903,2013-03-10,60,OZ,2,4
702158823,165,38,3802,104920040,5098,2013-04-21,1,LB,2,2.78
702163675,165,41,4108,107203676,7953,2012-05-01,16,OZ,1,0.77
702163675,165,37,3705,105100050,2820,2013-01-30,18.6,OZ,2,3
702163675,165,49,4901,101312010,26885,2013-04-23,30,OZ,1,3
702166199,165,56,5607,103114232,25202,2012-06-13,8,OZ,1,6.99
702166199,165,33,3307,107203676,7953,2013-03-17,16,OZ,1,3.37
702166199,165,64,6401,108382080,7766,2013-04-14,72,OZ,1,9.49
702184288,165,9,901,103010030,3454,2012-03-26,13.3,OZ,2,5
702184288,165,56,5620,104610040,15889,2012-06-10,7,OZ,1,3.69
702184288,165,21,2105,104900040,14357,2012-09-16,32,OZ,2,1.08
702210540,165,56,5610,107203676,7953,2012-05-18,8,OZ,1,2.47
702210540,165,9,917,107373171,11786,2012-09-04,16,OZ,1,2.79
702210540,165,58,5831,107274575,13804,2013-01-15,16,OZ,1,3.99
702218687,64,18,1890,107116070,14748,2012-10-27,1,CT,1,5.49
702245549,373,8,818,103620030,14868,2013-01-02,45,OZ,1,3.59
702248972,241,18,1802,104613545,17898,2012-04-19,1,CT,1,14.98
702248972,241,99,9904,1088100686,22121,2012-11-04,4.4,OZ,3,11.97
702251502,165,97,9781,10000,8255,2012-07-02,1,CT,1,-1.05
702251502,165,99,9904,103338333,33170,2012-10-27,16,OZ,4,12
702259052,165,33,3319,102840020,10241,2012-08-25,9,OZ,2,7.98
702259052,165,9,902,101410010,45039,2012-11-12,6.6,OZ,1,1.19
702259254,241,5,501,103800030,6790,2012-03-10,12.2,OZ,1,4.49
702259254,241,58,5824,107778272,9260,2013-03-03,19,OZ,2,10.98
702259254,241,72,7212,1076687878,875,2013-06-14,1,CT,1,8.99
702262295,165,55,5567,107064070,19704,2012-09-16,13.5,OZ,1,4.99
702262295,165,9,907,107203676,7953,2013-04-03,11,OZ,1,1.49
702262295,165,45,4516,103666939,29208,2013-06-16,14,OZ,1,3.49
702264357,70,34,3410,1072543979,23587,2013-02-13,40,OZ,1,3.79
