1747520429,377,15,1504,104114343,17593,2012-07-05,10,OZ,1,2.99
1747520429,377,58,5833,102874929,33170,2013-01-31,16,OZ,2,5.98
1747528350,377,25,2509,1071754474,17653,2012-03-08,16,OZ,2,2.98
1747528350,377,41,4120,102400020,3988,2012-07-03,6,OZ,2,1.98
1747528350,377,1,106,101500010,7142,2012-09-03,4,OZ,1,0.69
1747535606,377,63,6315,1071754474,24625,2012-07-24,128,OZ,1,3.39
1747539503,24,57,5706,1071754474,17653,2012-06-18,32,OZ,1,3.49
1747539503,24,63,6317,1074447373,16798,2012-07-25,64,OZ,1,3.78
1747539503,24,25,2506,1071754474,17653,2012-09-04,32,OZ,1,2.79
1747631765,83,9,922,106073767,70192,2013-03-28,10.2,OZ,1,2.5
1747631765,83,51,5123,101111010,9907,2013-07-02,24,OZ,2,5.68
1747631996,26,99,9904,1081204989,27736,2012-04-09,16,OZ,1,2.38
1747636244,98,5,501,103800030,758,2013-04-28,12.2,OZ,1,3.18
1747636674,431,9,907,107294575,15878,2012-08-03,16,OZ,1,2.99
1747637875,58,33,3303,102840020,10241,2012-08-08,10.5,OZ,1,2
1747637875,58,41,4107,102000020,7655,2012-12-23,14.5,OZ,2,1.78
1747637875,58,4,418,103400030,8247,2013-03-28,7.2,OZ,1,3.5
1747642747,98,96,9609,1053700050,88199,2012-04-20,0,,1,-2.5
1747642747,98,63,6319,102073525,18893,2012-09-15,64,OZ,2,2.67
1747648327,140,56,5621,101111010,9907,2013-03-10,8,OZ,1,2.49
1747650490,12,19,1904,10100010,9907,2012-03-21,12,OZ,1,3.69
1747650490,12,9,907,103967737,9907,2012-12-04,10,OZ,1,1.49
1747650490,12,8,818,105100050,14403,2013-04-07,23.25,OZ,1,2.07
1747660824,2,63,6315,101111010,14907,2012-03-21,128,OZ,2,6.98
1747671070,431,63,6315,101111010,85048,2012-07-20,64,OZ,1,3.39
1747674177,98,99,9909,101111010,9907,2012-08-06,6,OZ,1,2.37
1747677011,26,56,5615,101111010,9907,2012-11-01,8,OZ,2,3.88
1747680382,143,27,2702,103000030,33128,2012-05-16,17.6,LB,1,12.79
1747681611,89,82,8201,101111010,9907,2013-03-30,18,OZ,1,36.99
1747682350,126,31,3101,107766171,10562,2012-12-27,0.25,OZ,1,3.49
1747689774,58,73,7302,101111010,9907,2012-08-25,50,CT,1,2.54
1747699931,140,36,3634,101111010,20575,2012-06-14,20,OZ,2,3.08
1747699931,140,33,3310,101111010,28083,2012-09-21,16,OZ,1,1.49
1747700379,140,56,5614,107455070,14391,2012-06-03,12,OZ,1,5.49
1747700379,140,9,908,101111010,33170,2013-03-29,21,OZ,1,3.99
1747702125,63,9,908,101111010,9907,2012-06-04,8.5,OZ,1,1.69
1747702125,63,3,302,102800020,30272,2012-12-20,12,OZ,1,2.49
1747702125,63,63,6309,104850040,18799,2013-03-08,48,OZ,1,4.69
1747702125,63,56,5611,104400040,5518,2013-04-20,8,OZ,1,5.49
1747713106,2,55,5560,104154848,5603,2013-03-10,16.1,OZ,2,7
1747713106,2,35,3506,103700030,3068,2013-04-18,30.5,OZ,1,14.69
1747723355,191,0,0,10000,0,2012-04-28,0,,2,0
1747723355,191,0,0,10000,0,2013-02-07,0,,1,0
1747723543,191,63,6305,101111010,6678,2012-08-04,128,OZ,1,3.89
1747723543,191,97,9717,103139838,33170,2012-12-26,1,CT,1,9.99
1747723543,191,0,0,10000,0,2013-02-01,0,,1,0
1747723911,191,18,1802,104316848,25919,2012-03-10,4,CT,1,14.99
1747723911,191,28,2805,101111010,6678,2012-04-10,2.25,OZ,2,1.98
1747750530,21,59,5907,102740020,16291,2012-05-03,15,OZ,1,1.99
1747750826,21,36,3611,108265787,4687,2013-01-02,142.2,OZ,1,2.99
1747750927,21,25,2506,104127141,26189,2012-04-07,16,OZ,1,1.69
1747750927,21,25,2506,105000050,32115,2012-04-19,16,OZ,3,6.48
1747750927,21,73,7308,10400040,13312,2012-12-26,18,CT,1,-1.01
1747750948,21,9,907,107167373,17480,2013-01-06,22,OZ,2,3.98
1747754132,21,55,5567,107064070,2014,2012-06-08,16.8,OZ,1,2.99
1747754132,21,55,5559,1086051080,5072,2012-12-15,16.5,OZ,1,2.99
1747754132,21,4,410,107053878,2081,2013-01-05,6,OZ,3,2.97
1747754132,21,29,2920,102970020,8711,2013-03-29,4,OZ,3,3
1747754219,21,72,7209,103700030,26880,2013-04-01,43.7,YD,1,3.49
1747754219,21,5,516,103800030,24525,2013-04-01,6.3,OZ,1,3.29
1747767087,104,33,3311,102840020,27521,2012-11-17,10.5,OZ,1,3.49
1747789997,101,26,2632,103700030,13481,2013-02-01,192,CT,1,6.49
1747791269,101,58,5814,104470040,10837,2012-07-08,14.1,OZ,1,3.29
1747791269,101,36,3626,104900040,17186,2012-11-20,144,OZ,1,5.29
1747791522,101,56,5615,107835474,2675,2012-12-23,8,OZ,1,2.82
1747791644,101,4,418,103400030,20231,2012-03-27,12,OZ,1,4.19
1747791644,101,51,5125,107265575,8089,2013-01-15,10.3,OZ,1,2
1747791644,101,9,918,101410010,13791,2013-05-05,6,OZ,1,1.84
1747799001,101,56,5617,1068826767,7173,2012-10-10,8,OZ,1,2.19
1747799848,101,51,5115,102066222,12598,2013-06-11,13.3,OZ,1,5.5
1747807878,70,36,3601,101200010,13794,2013-01-05,144,OZ,1,3
1747817579,62,8,817,1072543979,40679,2013-04-22,26.5,OZ,1,1.25
1747841151,64,58,5814,104470040,10837,2012-07-07,3.5,OZ,1,1.67
1747847147,64,36,3632,1072543979,40679,2012-04-17,67.6,OZ,1,0.88
1747863413,165,8,805,107426373,48665,2012-03-24,16,OZ,1,3.69
1747863413,165,92,9204,107513777,4442,2012-05-16,1.75,OZ,1,3.99
1747863413,165,64,6409,101813818,25743,2012-11-09,0.75,LT,1,11.99
1747916396,184,63,6323,107145272,29502,2012-05-11,128,OZ,1,4.59
1747916396,184,41,4107,1074164373,10768,2012-12-27,14.5,OZ,1,1
1747916396,184,41,4107,104144343,11130,2013-04-03,27,OZ,2,3.5
1747921851,96,37,3705,105100050,2820,2012-12-06,18.6,OZ,1,2
1747922786,96,55,5556,104154848,5603,2012-04-30,48,OZ,1,3.5
1747923948,96,36,3634,105200050,14597,2012-11-04,101.4,OZ,2,7.38
1747924472,96,71,7107,107124979,21913,2012-06-16,1,CT,1,8.99
1747924472,96,26,2620,104200040,5016,2012-10-03,16,CT,2,5.98
1747924472,96,33,3303,103003434,7175,2013-01-31,10.5,OZ,1,3
1747924811,96,36,3618,104900040,23359,2012-07-31,144,OZ,3,14
1747924811,96,63,6305,102500020,16489,2012-08-13,13.5,OZ,1,1.69
1747924811,96,18,1890,105209252,43069,2012-10-13,1,CT,1,4.49
1747924811,96,14,1417,103890030,5072,2012-11-02,24.5,OZ,1,2.5
1747924811,96,18,1890,107098272,5957,2012-11-20,1,CT,1,4.89
1747924811,96,29,2928,105480050,19039,2013-03-13,4.4,OZ,1,1
1747924811,96,9,902,102410020,44209,2013-03-14,13.7,OZ,1,3
1747925481,96,0,0,10000,0,2012-08-07,0,,1,-8.97
1747941987,214,58,5828,107790070,9200,2012-10-24,9.6,OZ,1,2.98
1747976983,214,33,3305,102840020,15870,2012-09-10,11,OZ,1,2
1747976992,214,72,7205,103700030,4294,2012-04-14,6.4,OZ,1,1.96
1748012291,214,64,6401,1074543272,2333,2013-06-20,72,OZ,1,7.85
1748026266,214,99,9908,104122040,23511,2013-01-02,80,OZ,1,2.98
1748037972,46,33,3308,102840020,3336,2013-03-17,9.5,OZ,1,3.49
1748050895,46,17,1703,104191141,17163,2012-12-18,19,OZ,1,2.49
1748067349,46,60,6001,105000050,30272,2012-11-24,16.5,OZ,1,2.5
1748067349,46,5,501,103000030,45635,2013-03-30,18,OZ,1,3.24
1748096761,46,25,2506,1071373373,11473,2013-05-05,32,OZ,1,2.69
1748123317,46,26,2634,104200040,14813,2012-03-06,12,RL,1,6.49
1748123317,46,34,3499,1071928373,6409,2012-12-21,1,CT,1,1.99
1748123317,46,25,2506,105000050,32115,2013-01-08,16,OZ,1,2.49
1748123317,46,8,810,104600040,13023,2013-01-31,1,OZ,1,0.79
1748123317,46,27,2712,106638060,21620,2013-02-09,1,CT,1,21.99
1748220716,46,26,2634,103700030,3293,2012-03-08,12,RL,1,7.97
1748221876,46,26,2606,105543757,11482,2012-10-22,40,CT,1,1.79
1748234163,46,9,907,107341070,2437,2012-04-05,22,OZ,1,2.49
1748234163,46,26,2634,103700030,3293,2013-06-12,12,RL,1,6.99
1748263011,4,97,9753,10000,0,2013-03-19,1,CT,1,1
1748268527,4,63,6305,102500020,11749,2013-01-10,89,OZ,1,4.99
1748272351,18,37,3708,104800141,9814,2012-11-19,1.4,OZ,1,1.34
1748272351,18,8,818,105100050,14403,2012-12-22,24,OZ,1,1.67
1748273552,18,81,8101,102820020,11186,2013-02-19,1,CT,3,29.07
1748332328,18,64,6408,107719070,16777,2013-01-25,0.75,LT,1,6.65
1748360037,360,29,2914,101356212,713,2012-06-22,6,OZ,2,3.38
1748360037,360,18,1835,104173545,14456,2013-03-30,13.5,LB,1,10.99
1748364086,360,9,902,102840020,17248,2012-11-17,8,OZ,1,3.79
1748364086,360,33,3308,101566515,98644,2013-02-10,4.5,OZ,1,3.29
1748364086,360,58,5812,105450050,1322,2013-06-27,16,OZ,2,9.98
1748991953,42,81,8101,104799545,601,2012-08-02,1,CT,1,7.39
1748991953,42,51,5123,101380010,27474,2012-08-05,38,OZ,1,7.99
1748991953,42,63,6312,102500020,16487,2012-08-25,59,OZ,1,2.99
1748991953,42,99,9909,107127979,6732,2013-01-24,12,OZ,1,3.89
1749242488,106,55,5556,107756777,2347,2013-01-05,48,OZ,1,5.99
1749590190,24,57,5706,1078483070,31397,2013-03-05,16,OZ,1,3.29
1749620784,377,99,9909,107127979,6732,2013-01-22,5,OZ,1,2.99
1749636156,377,30,3001,104800141,1707,2012-05-08,30,OZ,2,7.56
1749640545,377,7,709,102550020,6550,2012-06-12,3,OZ,1,5.5
1749640545,377,14,1404,1071754474,17649,2012-11-27,24,OZ,1,1.69
1749677705,24,8,822,1071754474,17649,2012-04-21,28,OZ,1,1.78
1749677705,24,72,7210,107666070,6414,2013-03-02,2,OZ,2,12.98
1749680484,24,3,305,103320030,875,2012-08-14,16,OZ,2,2.58
1749713249,377,29,2906,107066272,12673,2012-06-04,4,OZ,1,1
1749726303,377,3,302,102800020,30272,2012-11-17,11.5,OZ,2,5
1749731538,377,21,2117,108768484,2903,2012-07-15,60,OZ,1,2.78
1749753473,377,99,9909,103022333,18063,2013-01-12,6,OZ,2,5
1749807655,16,99,9908,103338333,287,2012-09-15,80,OZ,1,3.99
1749819963,21,36,3612,107572070,14196,2013-01-06,128,OZ,5,5
1749821249,21,55,5559,107756777,14286,2012-05-18,29.7,OZ,1,3.99
1749840037,101,63,6323,1068826767,81691,2012-12-10,64,OZ,1,2.45
1749840037,101,9,901,104400040,12885,2013-02-04,8,OZ,1,2.69
1749840037,101,53,5307,1068826767,81691,2013-07-10,16,OZ,1,1.25
1749842449,101,51,5125,101380010,10271,2012-06-23,10,OZ,1,2
1749842449,101,9,901,104400040,13243,2013-02-01,14.3,OZ,1,3
1749842806,101,9,902,103010030,47346,2012-05-05,13,OZ,1,3
1749857981,64,63,6312,102500020,11749,2012-06-15,59,OZ,1,1.67
1749860598,65,6,601,107092070,17882,2012-12-18,7.3,OZ,1,1.1
1749875342,165,56,5620,104610040,15889,2012-04-10,8,OZ,2,3.55
1749875342,165,8,811,1070601070,1393,2012-10-28,24,OZ,3,9.87
1749875559,165,29,2907,104600040,13023,2013-02-19,8.8,OZ,2,6.38
1749880681,26,9,917,101111010,9907,2012-11-25,16,OZ,1,1.59
1749880681,26,56,5620,101111010,9907,2013-01-21,8,OZ,1,1.99
1749880681,26,5,504,1078656070,24808,2013-04-07,3,OZ,1,2.14
1749882744,143,0,0,10000,0,2012-07-24,0,,2,0
1749882744,143,41,4107,101111010,9907,2013-01-15,14.75,OZ,1,0.69
1749882744,143,33,3305,102840020,5141,2013-02-03,11.5,OZ,1,3.29
1749882744,143,29,2907,104600040,13023,2013-05-05,8.8,OZ,1,1.29
1749888863,98,9,970,103800030,62065,2012-08-04,14.7,OZ,3,5
1749888863,98,5,516,103000030,14760,2012-12-02,6.7,OZ,2,4.78
1749888863,98,9,902,101410010,45039,2013-05-11,6.6,OZ,2,2.5
1749916864,2,21,2112,103120030,12957,2012-04-30,64,OZ,2,5.98
1749916864,2,7,709,1076211171,17286,2012-12-09,4.4,OZ,1,7.99
1749923130,191,0,0,10000,0,2013-02-21,0,,1,0
1749923130,191,9,907,107102575,68349,2013-03-10,19,OZ,1,3.89
1749923130,191,56,5610,107580575,17344,2013-04-23,5,OZ,1,2.5
1749923426,191,33,3303,108411484,9596,2012-12-15,13,OZ,1,2.99
1749923853,191,29,2905,101111010,6678,2012-11-30,14,OZ,1,0.89
1749923853,191,24,2403,102370020,18969,2013-03-27,12.5,OZ,1,3.5
1749951536,96,27,2704,107910070,27108,2013-05-26,5.6,OZ,1,3.59
1749951797,96,0,0,10000,0,2012-07-22,0,,1,0
1749951797,96,63,6315,103003434,7175,2012-09-17,64,OZ,1,1.96
1749951797,96,63,6305,102500020,16489,2013-01-22,59,OZ,1,3.99
1749951797,96,30,3007,107020070,11244,2013-04-18,15,OZ,1,4.99
1749957373,214,36,3631,107800070,23209,2012-06-03,144,OZ,1,3.97
1749957373,214,29,2908,104430040,7070,2012-11-12,16,OZ,1,0.77
1750072303,46,55,5567,107585676,2347,2012-06-10,18,OZ,1,4.29
1750079200,46,31,3111,104150040,6714,2012-09-03,6,OZ,1,2.99
1750079200,46,44,4404,104125040,11473,2013-01-13,8,OZ,2,2
1750116267,14,58,5823,104470040,13310,2012-12-21,9,OZ,1,3.99
1750116267,14,63,6305,102500020,16489,2013-01-04,59,OZ,1,3.99
1750119854,88,9,907,104500040,8421,2012-07-08,20,OZ,1,2
1750139187,18,9,907,102113020,15704,2012-11-28,16,OZ,1,1.99
1750139783,15,97,9753,1021012929,0,2012-08-09,1,CT,1,8.99
1750144559,15,8,801,102113020,15704,2012-04-14,32,OZ,1,1.98
1750146410,15,35,3506,103700030,3068,2012-10-03,75,OZ,1,4.49
1750146410,15,22,2210,107261373,16794,2012-10-14,48,OZ,2,8.49
1750149618,18,37,3703,105100050,2820,2012-09-15,11.5,OZ,2,1.69
1750465260,42,9,920,107641070,10160,2012-06-26,7.8,OZ,1,3.29
1750901260,21,58,5833,107080070,16704,2012-03-19,27.2,OZ,1,8.99
1750901260,21,96,9632,107675070,8990,2012-06-28,1,CT,1,15
1750901260,21,63,6321,104082242,15667,2013-01-24,10,OZ,1,3.99
1750903627,21,57,5710,1075854373,19530,2012-05-23,5.3,OZ,3,3
1750904496,240,29,2903,105100050,72482,2013-01-28,14.75,OZ,2,2.5
1750914182,104,58,5831,103927232,26234,2012-09-20,20,OZ,1,7.99
1750918572,101,34,3411,103700030,7196,2012-11-10,16,OZ,1,3.5
1750921411,101,55,5559,1074349070,4926,2012-12-09,10.5,OZ,1,4.59
1750921508,101,23,2301,107680878,1393,2012-03-30,16,OZ,1,1
1750921508,101,56,5616,104610040,15889,2012-12-30,6.67,OZ,1,2.79
1750928027,64,64,6401,101820010,2510,2013-04-03,216,OZ,1,12.99
1750928027,64,33,3319,104400040,43492,2013-06-13,4.62,OZ,1,2.79
1750932308,64,24,2407,1072796878,21599,2013-05-28,16,OZ,1,5.99
1750934743,69,99,9909,103260131,5489,2012-08-31,5,OZ,1,3.79
1750938608,64,63,6320,1072543979,40679,2012-03-27,12,CT,1,1.69
1750938608,64,64,6401,101820010,12358,2012-09-07,288,OZ,2,25.98
1750938608,64,29,2923,104100040,9814,2013-01-23,4.5,OZ,1,1.39
1750946397,64,9,922,102430020,10577,2012-03-13,13,OZ,1,1.79
1750946397,64,41,4109,105200050,19212,2012-03-15,53,OZ,2,6.18
1750946397,64,51,5127,1065827666,8605,2012-07-13,15,OZ,1,3.1
1750946397,64,33,3305,102840020,5141,2012-10-13,11.5,OZ,2,8.58
1750949205,165,97,9781,10000,8255,2012-09-17,1,CT,1,-1.05
1750949205,165,5,501,101600010,3396,2012-10-25,13.8,OZ,1,3.55
1750949205,165,4,416,104000040,16765,2013-02-23,1.1,OZ,2,1.19
1750949205,165,9,917,107373171,11786,2013-03-09,14,OZ,1,3.59
1750949272,165,25,2506,105000050,32115,2012-12-08,16,OZ,1,2
1750949272,165,9,907,107203676,7953,2013-04-21,11,OZ,1,-1.26
1750949971,165,57,5705,103663232,4568,2012-03-02,16,OZ,2,5.18
1750949971,165,64,6409,108600383,15377,2013-01-18,0.75,LT,4,35.96
1750949971,165,97,9753,1088100686,0,2013-05-24,1,CT,1,3.99
1750962014,126,99,9908,101111010,9907,2013-06-13,48,OZ,1,2.29
1750963031,126,33,3315,1063599262,7114,2012-03-18,3.85,OZ,5,13.45
1750963031,126,73,7309,101111010,9907,2013-03-09,60,CT,1,2.99
1750965754,12,56,5607,101111010,9907,2012-07-22,8,OZ,4,7.96
1750965754,12,9,917,107373171,11786,2012-09-20,20,OZ,1,3.19
1750967040,140,5,501,103800030,6790,2012-08-13,12.2,OZ,1,1.99
1750967040,140,35,3504,103500030,330,2012-12-18,30,OZ,1,2.19
1750967040,140,96,9609,1052820050,88199,2013-02-06,0,,1,-0.5
1750967040,140,4,416,102800020,2631,2013-02-17,3.9,OZ,1,1
1750967040,140,63,6315,101111010,12028,2013-03-01,128,OZ,1,2.29
1750967040,140,18,1835,104126040,9907,2013-03-28,6.7,LB,1,5.89
1750983739,191,9,908,1077098171,94010,2012-08-04,11.25,OZ,1,3.99
1750983739,191,63,6312,101570010,11414,2012-10-21,64,OZ,1,2.99
1750983739,191,36,3635,107114272,915,2012-12-02,33.8,OZ,5,4.95
1750983739,191,36,3618,104900040,23359,2013-04-07,288,OZ,1,7.99
1750991472,98,44,4404,107045979,12587,2012-07-21,13.5,OZ,1,3.19
1750991472,98,45,4509,101111010,9907,2013-01-25,40,OZ,1,9.99
1750991472,98,97,9753,1020425626,0,2013-04-24,1,CT,1,1.85
1750992191,133,54,5403,105100050,1058,2013-01-27,6.25,OZ,1,1.99
1750992191,133,73,7302,101111010,9907,2013-05-01,50,CT,1,3.49
1751029342,214,11,1112,102898929,26666,2012-03-13,9.5,OZ,1,3.26
1751029342,214,96,9609,1052534252,88199,2012-07-27,0,,2,-2
1751064559,214,45,4511,104122040,23511,2012-03-31,12,OZ,1,3.97
1751074557,46,96,9609,1053600050,88199,2013-04-25,0,,1,-0.06
1751095888,46,54,5403,107232474,9111,2013-01-12,24,OZ,1,1.29
1751095888,46,96,9609,1055400050,88199,2013-01-31,0,,1,-1
1751123456,46,26,2606,104125040,11473,2012-09-30,200,CT,1,1.49
1751123456,46,36,3626,101200010,16391,2012-12-09,67.6,OZ,1,1.34
1751134273,46,59,5906,104060040,26155,2012-11-19,15,OZ,2,5.38
1751174303,95,36,3630,107800070,5208,2012-07-11,144,OZ,1,6.99
1751174303,95,97,9753,10000,0,2012-11-19,1,CT,1,7.3
1751294574,4,99,9909,107989373,12908,2012-09-27,5,OZ,1,3.99
1751375839,4,28,2805,1070581474,98643,2012-04-07,2.25,OZ,1,2.29
1751375839,4,5,501,103800030,17050,2012-07-15,12.5,OZ,2,5
1751375839,4,97,9753,10000,0,2012-08-06,1,CT,1,1
1751375839,4,51,5125,101380010,10271,2012-12-24,7.5,OZ,1,2.99
1751382665,4,8,801,101300010,8164,2012-06-28,32,OZ,1,2.22
1751382665,4,36,3618,102113020,15704,2013-02-25,144,OZ,1,2.39
1751567795,18,18,1890,105209252,43069,2012-12-22,2,CT,2,3.98
1751627390,360,92,9206,107940070,1141,2012-08-01,4,OZ,1,5.49
1751627390,360,26,2629,104173545,14456,2012-11-27,400,CT,1,3.19
1751627390,360,32,3202,104173545,14456,2012-12-04,48,OZ,1,2.99
1751628114,360,58,5823,104450040,8318,2012-04-26,9,OZ,1,3.99
1752234142,377,51,5117,1071754474,17649,2012-07-23,16.1,OZ,1,0
1752235743,377,55,5558,107255474,35506,2012-03-31,18.1,OZ,1,3
1752242437,377,44,4402,103210030,15878,2012-07-01,19.5,OZ,1,3.99
1752242437,377,54,5403,107790070,9200,2013-03-11,18,OZ,1,4.99
1752277057,377,51,5123,101380010,27474,2012-08-04,38,OZ,1,7.49
1752277057,377,9,912,107158070,17653,2013-03-03,18,OZ,1,1.99
1752277215,377,63,6315,1071754474,17653,2013-02-11,64,OZ,1,2.65
1752283397,377,36,3601,104900040,3809,2013-02-27,144,OZ,1,4
1752365921,101,4,412,101900010,10421,2012-09-20,6.25,OZ,1,1.5
1752365921,101,63,6315,1068826767,81691,2012-10-01,64,OZ,1,1.93
1752376739,64,99,9909,107143070,5072,2012-04-09,12,OZ,1,2
1752394713,211,63,6320,101111010,9907,2012-03-11,12,CT,1,1.79
1752396224,58,53,5307,101111010,9907,2012-04-12,12,OZ,1,1.29
1752396224,58,4,416,103400030,8247,2012-07-15,1.45,OZ,1,0.89
1752396224,58,63,6313,101111010,9907,2013-01-21,16,OZ,2,2
1752396224,58,63,6315,101111010,9907,2013-04-15,128,OZ,1,2.69
1752400561,98,33,3310,102840020,6911,2012-11-14,0.88,OZ,1,0.5
1752401293,126,33,3307,101111010,9907,2013-04-13,12,OZ,1,1.99
1752403432,126,9,901,101111010,9698,2012-05-09,18,OZ,1,2.88
1752404038,98,14,1410,103900030,10383,2012-11-21,15,OZ,1,1.67
1752423590,151,26,2622,101111010,9907,2012-08-02,15,CT,1,0.99
1752428095,151,58,5835,107229070,18158,2012-08-03,16,OZ,1,3.49
1752428095,151,9,902,101111010,9907,2012-12-20,16,OZ,1,1.08
1752429446,58,25,2506,104127141,26189,2012-10-08,32,OZ,1,3.34
1752459299,96,33,3316,101600010,3397,2012-04-02,7,OZ,1,3.19
1752459299,96,44,4401,105100050,13791,2013-03-18,19.6,OZ,2,4.98
1752475599,214,56,5616,104122040,23511,2012-05-02,16,OZ,1,2.58
1752487798,214,43,4302,107027272,15085,2012-03-28,13,OZ,1,3.98
1752487798,214,0,0,10000,0,2012-12-22,0,,1,-5.24
1752487798,214,37,3706,104119646,14582,2013-02-02,19,OZ,1,1.48
1752487798,214,9,901,104122040,20514,2013-05-03,9.4,OZ,1,1.28
1752496802,214,56,5616,104122040,23511,2012-05-19,8,OZ,1,2.58
1752496802,214,5,501,1088491282,8459,2012-12-24,18,OZ,1,2.77
1752496802,214,58,5824,108242585,22534,2013-06-12,12,OZ,1,2.33
1752506282,206,9,912,108685484,10218,2013-05-09,18,OZ,1,1.58
1752526377,46,8,807,1071928373,11473,2012-07-05,18,OZ,1,1.25
1752526377,46,37,3706,104119646,14582,2012-10-29,18.5,OZ,8,10
1752526377,46,97,9732,1065356969,27063,2013-02-18,4,CT,1,2.96
1752526377,46,58,5823,1071928373,11473,2013-02-22,9,OZ,1,2.5
1752526377,46,36,3601,104900040,3809,2013-05-15,144,OZ,1,4
1753235315,377,9,908,107987979,35815,2013-03-29,11,OZ,1,2.99
1753244215,377,36,3627,107800070,23362,2013-02-24,67.6,OZ,1,1.5
1753252991,376,19,1908,1071754474,17649,2012-05-06,40,OZ,1,6.99
1753318959,21,27,2713,102310020,3223,2012-05-31,3.5,OZ,1,0.8
1753318959,21,9,901,104400040,13243,2012-08-23,15.5,OZ,1,4.04
1753318959,21,51,5123,107057575,60780,2012-09-06,25,OZ,1,2.5
1753318959,21,18,1837,104650040,14869,2013-01-02,17.5,OZ,1,4.59
1753350328,65,33,3310,102840020,12188,2012-06-26,4.75,OZ,1,2
1753361927,68,51,5125,107265575,8089,2012-05-02,9,OZ,1,2
1753361927,68,72,7209,1072543979,6564,2012-10-17,54.7,YD,1,1.99
1753368038,165,96,9609,1054150050,88199,2012-03-18,0,,8,-2.4
1753368038,165,31,3101,104760040,19679,2012-05-18,2.5,OZ,1,0.97
1753368038,165,37,3709,107066272,12673,2012-10-27,7.17,OZ,1,1.25
1753368038,165,2,201,101600010,1756,2013-01-12,13.1,OZ,1,2.5
1753368038,165,51,5123,101380010,27474,2013-02-21,31,OZ,1,5.99
1753370665,143,26,2628,104200040,2308,2012-03-24,6,RL,1,10.99
1753370665,143,99,9909,107143070,5072,2012-05-21,9,OZ,1,2.49
1753370665,143,51,5117,101111010,20588,2012-09-21,15.35,OZ,1,3.99
1753370799,143,0,0,10000,0,2012-09-30,0,,3,2.5
1753370799,143,34,3410,101111010,9907,2012-11-18,7.5,OZ,1,1
1753370799,143,9,902,104400040,18775,2013-02-07,7.6,OZ,1,2.77
1753370799,143,21,2119,101200010,10522,2013-03-07,202.8,OZ,1,5.48
1753370799,143,54,5401,103800030,5618,2013-04-08,12.3,OZ,2,4
1753372597,211,30,3001,102100020,9886,2012-03-21,30,OZ,1,4.99
1753372597,211,63,6315,104190040,4664,2013-01-04,64,OZ,1,2.99
1753372880,211,58,5812,101111010,9907,2012-05-17,12,OZ,1,0.79
1753372880,211,58,5834,1082840484,54066,2012-09-07,24,OZ,1,8.89
1753372880,211,36,3625,101200010,13794,2012-11-23,67.6,OZ,1,1.5
1753373342,431,99,9908,101111010,9907,2012-07-18,128,OZ,1,3.99
1753373342,431,9,907,107294575,15878,2012-08-22,23,OZ,1,2.5
1753373342,431,79,7903,108995585,27735,2012-08-26,1,CT,1,3.99
1753374393,89,28,2806,105410050,19509,2012-10-14,16,OZ,1,3.89
1753374393,89,12,1205,108000080,17292,2013-02-07,12,OZ,1,3.19
1753374393,89,96,9632,1088590989,8990,2013-03-29,1,CT,3,45
1753377946,89,4,418,103400030,45489,2012-09-15,9.4,OZ,1,3.14
1753405838,431,96,9609,1057431252,88199,2012-08-31,0,,1,-2
1753405838,431,29,2908,101111010,9907,2013-02-22,15,OZ,1,1.29
1753435191,96,56,5620,104610040,15889,2013-02-27,8,OZ,2,5
1753436429,96,36,3632,104900040,6137,2012-03-02,67.6,OZ,1,2
1753436429,96,26,2620,104200040,5016,2012-04-02,68,CT,1,5.49
1753436429,96,33,3303,104126242,19971,2012-06-18,8.75,OZ,2,5
1753436685,96,70,7004,103680030,18533,2012-12-23,1,CT,1,7.99
1753460295,214,42,4220,1018581414,58378,2013-03-03,12,OZ,1,3.98
1753563695,46,45,4513,102265525,2626,2013-01-11,48,OZ,2,19.98
1753591960,4,56,5620,102113020,10786,2012-12-02,8,OZ,1,2
1753591960,4,58,5823,105190050,26456,2012-12-15,6,OZ,1,3.3
1753595386,4,63,6313,102670020,4664,2012-11-17,16,OZ,1,-0.5
1753595386,4,56,5607,102100020,13967,2013-01-26,8,OZ,2,2.99
1753595386,4,5,501,103800030,11732,2013-03-03,15.2,OZ,1,2.99
1753598661,15,97,9753,10000,0,2013-04-15,1,CT,1,2.55
1754208472,376,63,6320,1071514171,25530,2012-06-08,12,CT,2,4.96
1754208472,376,97,9799,104878949,4913,2012-07-13,250,CT,1,0.99
1754208472,376,9,917,107655171,49675,2012-07-13,12,OZ,1,0.89
1754208808,376,26,2606,105543757,11482,2012-07-03,100,CT,1,1.41
1754262275,376,36,3618,101200010,23361,2013-01-25,20,OZ,1,1.58
1754334877,104,33,3305,102840020,5141,2012-04-23,6,OZ,1,2.49
1754337823,104,82,8201,104128040,9181,2012-10-29,8,CT,1,5.99
1754339004,101,99,9908,105783656,17665,2012-04-29,17.6,OZ,1,2.99
1754339097,101,9,907,101410010,13791,2012-03-29,12,OZ,1,3.29
1754339097,101,23,2301,107680878,1393,2012-04-12,14.5,OZ,1,2.49
1754339097,101,8,821,104139040,9659,2012-05-10,10,OZ,1,2.39
1754339097,101,26,2633,105400050,16048,2012-10-25,1,RL,1,1.16
1754339097,101,9,907,1068826767,81691,2013-01-10,18,OZ,1,2.99
1754346063,70,26,2620,104116545,16879,2012-05-27,50,CT,2,7.28
1754346063,70,5,501,103800030,11732,2012-08-27,15.5,OZ,1,3.29
1754346063,70,27,2704,107910070,30096,2012-11-07,60,OZ,1,3.24
1754346063,70,99,9908,103338333,33170,2013-01-29,80,OZ,1,2.5
1754360801,70,25,2506,104410040,8481,2012-05-26,16,OZ,3,5
1754369586,165,36,3627,107800070,23362,2012-10-11,144,OZ,2,9.98
1754371994,83,31,3108,101111010,9907,2012-07-12,4,OZ,1,1
1754371994,83,44,4404,107045979,12587,2012-08-02,7.3,OZ,2,5
1754371994,83,58,5827,107962171,20097,2013-03-07,24,OZ,1,5.99
1754372258,26,27,2702,102310020,13705,2013-02-08,4.4,LB,1,6.29
1754373549,143,0,0,10000,0,2012-05-12,0,,1,0
1754373549,143,63,6332,104850040,61745,2012-12-08,59,OZ,1,3.69
1754384362,58,63,6317,104157040,2017,2012-04-22,64,OZ,4,14.76
1754384362,58,5,516,101600010,12426,2012-07-25,17.8,OZ,1,6.09
1754388296,63,72,7205,103500030,3830,2012-04-07,4.6,OZ,3,7.17
1754403892,140,18,1842,101111010,9907,2012-06-02,1,CT,1,3.86
1754406977,140,27,2702,107119070,23292,2012-11-30,6,LB,1,9.99
1754406977,140,5,501,101862717,9496,2012-12-08,16.3,OZ,1,3.99
1754408774,191,30,3008,102066222,12598,2012-12-03,16,OZ,1,3.05
1754415703,26,51,5125,101380010,10271,2012-08-04,9,OZ,2,4
1754415703,26,97,9753,101111010,0,2012-10-18,1,CT,1,3.37
1754443535,96,33,3310,103003434,7175,2012-04-15,7,OZ,1,3.19
1754443535,96,8,801,101300010,8164,2012-04-15,40,OZ,1,3
1754443535,96,59,5907,102740020,16291,2012-11-18,15,OZ,1,2.5
1754443834,96,0,0,10000,0,2012-11-17,0,,1,-5.99
1754443834,96,7,707,104300040,11339,2013-03-02,28,OZ,1,6.99
1754444699,96,26,2633,103003434,7175,2012-03-04,6,RL,1,3.49
1754444699,96,51,5115,107218070,15035,2012-04-14,21.06,OZ,1,4.5
1754444699,96,56,5610,102100020,9886,2013-02-21,8,OZ,1,3.79
1754444699,96,51,5125,102580020,16668,2013-04-23,4.4,OZ,3,4
1754444699,96,99,9904,1081204989,27736,2013-04-24,16,OZ,1,1.99
1754466097,214,9,907,104122040,20514,2013-01-07,12,OZ,1,0.98
1754466097,214,55,5558,107585676,9798,2013-03-20,16,OZ,2,5.84
1754564060,46,2,202,104144949,7168,2012-12-05,18,OZ,1,1.5
1754609113,4,64,6408,108520080,17797,2012-10-10,1.5,LT,2,17.98
1754620194,15,63,6314,102113020,10786,2012-03-07,8,OZ,1,1.39
1754620194,15,36,3635,107478070,13856,2012-09-10,44.6,OZ,1,3.59
1754620194,15,9,907,107304070,25881,2012-10-14,18.5,OZ,1,4.49
1754645569,360,59,5902,104173545,14456,2012-06-03,16,OZ,1,2.49
1754645569,360,8,836,104173545,14456,2012-11-15,32,OZ,1,2.19
1755213806,376,99,9908,103338333,33170,2013-01-15,80,OZ,1,1.29
1755235493,376,9,905,107471474,12113,2012-11-16,10,OZ,1,1.68
1755239565,376,58,5823,105190050,26456,2012-03-21,9,OZ,1,2.5
1755393966,21,63,6315,104119040,16347,2012-12-16,64,OZ,1,1.96
1755393966,21,31,3101,105210050,11382,2013-03-22,0.62,OZ,1,4.29
1755393992,21,97,9753,10000,0,2012-10-20,1,CT,1,2.3
1755394570,21,9,921,102560020,18051,2012-06-06,4,OZ,2,3
1755397047,21,97,9753,1074069575,0,2012-11-21,1,CT,1,1.49
1755431887,101,58,5827,1068826767,81691,2013-05-24,16,OZ,2,7.83
1755431887,101,56,5620,1068826767,81691,2013-06-15,8,OZ,1,3.09
1755432715,101,26,2622,101370010,8154,2012-06-24,18,CT,1,2
1755432715,101,31,3110,103760030,8501,2013-06-01,3,OZ,1,2.49
1755439161,101,9,970,103800030,62065,2013-04-20,14.7,OZ,1,2
1755442441,101,56,5617,1068826767,81691,2012-11-03,12,OZ,1,2.69
1755463299,64,63,6320,1072543979,40679,2012-03-31,12,CT,1,1.69
1755463299,64,5,501,1088491282,13689,2012-08-23,11,OZ,1,3.19
1755463848,64,63,6315,103582636,6564,2012-05-07,128,OZ,1,4.06
1755463848,64,37,3703,105100050,2820,2012-09-28,26,OZ,1,1.96
1755470557,64,8,817,102700020,8612,2012-06-07,24,OZ,2,2.78
1755480860,70,36,3618,104900040,23359,2012-07-22,67.6,OZ,2,1.98
1755480869,64,9,917,1072543979,40679,2013-04-16,16,OZ,1,1.69
1755480869,64,63,6311,104180040,19713,2013-06-10,59,OZ,1,2.19
1755482525,70,41,4107,1072543979,40679,2013-03-21,15.25,OZ,1,0.67
1755515842,165,63,6317,104157040,2017,2012-03-15,64,OZ,1,3.29
1755515842,165,1,103,101500010,7142,2012-08-26,8,OZ,1,2.35
1755515842,165,63,6311,104850040,18799,2013-04-13,46,OZ,2,6
1755516079,165,56,5615,107835474,2675,2012-09-23,8,OZ,1,2.55
1755516079,165,63,6315,107203676,7953,2012-10-24,64,OZ,2,4.98
1755517232,165,56,5616,104610040,15889,2012-04-20,8,OZ,1,3.99
1755517232,165,37,3707,105100050,17812,2012-08-16,14.5,OZ,1,1.19
1755517232,165,7,707,107203676,7953,2012-11-11,12,OZ,2,11.14
1755517232,165,63,6316,107203676,7953,2013-04-13,16,OZ,1,1.89
1755517232,165,56,5607,107203676,7953,2013-05-22,8,OZ,1,1.99
1755517232,165,36,3603,104300040,4371,2013-05-27,384,OZ,2,7.58
1755517673,83,58,5824,107778272,9260,2012-04-21,13.5,OZ,1,4.19
1755519394,143,8,811,103620030,1698,2012-08-11,15,OZ,1,2.99
1755519394,143,33,3315,107172575,639,2012-09-30,18,OZ,1,3.99
1755519394,143,36,3601,104900040,3809,2012-10-14,144,OZ,2,9.98
1755519394,143,30,3010,104133545,43106,2012-12-22,16,OZ,1,2.99
1755525471,58,9,901,101111010,9907,2012-04-26,13,OZ,1,1.28
1755525471,58,56,5621,101111010,9907,2013-03-15,16,OZ,1,2.99
1755540824,140,33,3303,102840020,15598,2012-12-13,9.5,OZ,2,3
1755540824,140,54,5403,103800030,17050,2013-07-05,14.4,OZ,1,5.99
1755549527,140,71,7113,1030815131,3609,2013-02-28,10.1,OZ,2,6.54
1755549621,140,23,2301,101111010,9907,2012-06-01,16,OZ,3,3
1755549621,140,27,2709,102310020,7480,2012-08-08,3,OZ,1,2.79
1755549621,140,71,7113,1080178888,1885,2012-08-25,8.5,OZ,1,16.29
1755549621,140,8,809,101111010,9907,2012-09-05,10.5,OZ,2,1.34
1755550393,140,36,3601,101200010,13794,2012-05-04,240,OZ,1,3.99
1755550813,140,9,907,104500040,12473,2012-05-23,20,OZ,1,3.79
1755550813,140,5,502,101111010,9907,2012-06-20,5.4,OZ,2,1.4
1755557692,140,28,2804,101111010,9907,2013-02-24,4,OZ,1,0.73
1755558730,140,58,5827,104470040,13310,2012-07-23,16,OZ,1,7.49
1755558730,140,26,2634,103600030,4139,2012-08-18,12,RL,1,6.49
1755558730,140,58,5825,101111010,9907,2013-06-02,16,OZ,2,6.38
1755558730,140,0,0,10000,0,2013-06-07,0,,1,0
1755566757,133,56,5617,101111010,9907,2012-05-08,16,OZ,1,3.75
1755566757,133,63,6313,107766171,10562,2012-09-15,15.5,OZ,1,3.39
1755567945,143,63,6305,102500020,11749,2012-09-29,59,OZ,1,2.29
1755567945,143,51,5125,105010050,8089,2012-11-01,11.5,OZ,1,1.99
1755567945,143,9,901,101111010,9907,2013-01-19,10,OZ,1,1
1755572692,26,9,907,107882171,12633,2012-06-27,24,OZ,2,5.98
1755572692,26,46,4606,101111010,20588,2012-07-21,16,OZ,3,8.97
1755573991,143,26,2619,101111010,9907,2012-03-16,80,CT,1,7.99
1755573991,143,1,104,101500010,29555,2012-10-27,4.23,OZ,1,1.44
1755573991,143,0,0,10000,0,2013-01-22,0,,1,0
1755573991,143,9,902,101111010,9907,2013-04-06,20,OZ,1,2.49
1755574774,143,9,908,103967737,9698,2012-11-16,12,OZ,1,2.99
1755574774,143,99,9908,101111010,9907,2013-04-23,10,OZ,1,3.49
1755580314,58,29,2904,101600010,21633,2013-01-12,6.1,OZ,1,1.67
1755581248,126,51,5116,107218070,6718,2012-05-10,26.11,OZ,1,4.09
1755584513,126,81,8101,102820020,11186,2012-09-22,10,CT,1,39.47
1755584513,126,0,0,10000,0,2013-02-05,0,,1,0
1755584513,126,74,7404,101150919,793,2013-04-21,3.5,OZ,1,3.49
1755588764,98,63,6315,101111010,61474,2013-02-06,128,OZ,2,5.9
1755588764,98,33,3309,102840020,18584,2013-03-27,13,OZ,1,2.5
1755588764,98,35,3508,103700030,18371,2013-06-25,100,OZ,1,14.99
1755591438,151,99,9909,101111010,28083,2012-03-23,7,OZ,1,3.99
1755591438,151,38,3801,104920040,5098,2012-09-23,4,LB,1,3.49
1755591438,151,31,3101,101111010,9907,2012-11-04,1.75,OZ,1,1.69
1755591438,151,99,9904,103338333,33170,2013-05-14,16,OZ,1,1.5
1755591438,151,37,3708,104100040,10522,2013-05-28,2,OZ,1,1
1755613332,140,99,9909,101111010,28083,2012-10-21,10,OZ,1,1.89
1755613332,140,45,4514,101111010,9907,2013-01-05,64,OZ,1,8.55
1755616206,140,0,0,10000,0,2012-05-28,0,,1,0
1755617234,140,9,902,101111010,9907,2012-06-20,16,OZ,1,1.39
1755617234,140,36,3601,104900040,3809,2013-01-19,96,OZ,1,3.99
1755619928,140,26,2611,103600030,14191,2012-05-09,39,CT,1,11.99
1755619928,140,5,501,101600010,10797,2012-12-08,11.5,OZ,2,3.98
1755619928,140,37,3706,104119646,14582,2013-02-20,18.5,OZ,1,1.67
1755622837,2,4,416,104000040,16765,2012-07-16,1.76,OZ,1,0.5
1755684699,96,99,9908,103338333,33170,2013-03-27,160,OZ,1,4.99
1755684699,96,33,3308,103757838,16287,2013-05-07,6,OZ,1,2
1755685519,96,9,913,104812141,18322,2012-04-29,12,OZ,2,7.96
1755685954,96,63,6330,103003434,7175,2012-11-19,16,OZ,2,6.58
1755685954,96,55,5556,104154848,5603,2012-12-16,48,OZ,2,6.67
1755686041,96,9,907,103003434,7175,2012-04-05,12,OZ,1,1.19
1755686041,96,9,902,101410010,45039,2012-05-20,8,OZ,1,2
1755686041,96,63,6316,107342070,4529,2013-01-19,16,OZ,1,1.99
1755686878,96,10,1011,104300040,26232,2012-07-14,24,OZ,1,3
1755686975,96,33,3307,101030010,5740,2012-11-18,10,OZ,1,4.99
1755686975,96,11,1112,102898929,26666,2013-04-25,8.5,OZ,1,3.5
1755687212,96,63,6315,103003434,7175,2012-07-31,64,OZ,1,3.99
1755687341,96,33,3318,102840020,15441,2012-03-10,16,OZ,1,3.29
1755687341,96,63,6316,102100020,2321,2012-09-23,16,OZ,2,3.98
1755699926,214,60,6011,104122040,20514,2012-10-19,16,OZ,2,2.72
1755701699,214,7,709,104300040,11339,2012-10-10,4.45,OZ,1,6.98
1755701699,214,34,3411,107834777,12450,2013-03-26,18,OZ,1,7.49
1755739093,214,97,9753,1020477020,0,2012-12-06,1,CT,1,0.98
1755745187,214,63,6315,1074236575,8499,2012-09-24,128,OZ,1,5.99
1755745187,214,82,8201,104122040,23511,2013-03-23,1,CT,1,6.99
1755745508,214,41,4121,104122040,23511,2013-02-02,8,OZ,3,1
1755790219,214,73,7399,1030829030,25142,2012-03-11,0,,2,5.98
1755790219,214,57,5705,107047070,20230,2012-12-02,6,OZ,8,4.8
1755790219,214,26,2630,103700030,14647,2013-02-03,124,CT,4,7.92
1755790219,214,9,913,107313070,13291,2013-06-16,13.75,OZ,1,2.68
1755791407,214,99,9904,107143070,5072,2012-09-21,16,OZ,1,1.78
1755793811,206,97,9753,1020102121,0,2012-12-15,1,CT,1,8.13
1755795811,206,9,907,107225070,12465,2012-03-03,16,OZ,1,3.07
1755795811,206,9,902,101410010,45039,2012-12-21,6.6,OZ,1,2.39
1755795811,206,67,6703,1030813737,1121,2012-12-23,5,OZ,2,13.66
1755795811,206,21,2103,101480010,12021,2013-01-06,64,OZ,1,2.98
1755795811,206,58,5815,103760030,8501,2013-02-24,7,OZ,1,3.88
1755796595,206,9,907,108685484,10218,2012-10-10,24,OZ,1,1.18
1755857620,46,22,2210,103700030,5174,2012-10-13,62,OZ,1,6.99
1755933047,46,63,6305,102500020,16489,2012-06-24,59,OZ,1,3
1755933047,46,5,501,1088491282,86364,2013-01-06,16,OZ,1,3.39
1756039225,20,8,811,104112949,3635,2013-03-04,24,OZ,1,2
1756073318,4,41,4107,102113020,15704,2013-01-05,14.5,OZ,3,3
1756076083,17,58,5827,104470040,13310,2012-10-02,22,OZ,1,10.99
1756076083,17,71,7107,107124979,21913,2012-11-15,1,CT,1,-4.09
1757396121,10,5,501,101600010,3331,2013-05-04,12.25,OZ,1,3.39
1757442547,24,99,9904,1071575676,5278,2012-11-15,4.4,OZ,2,7.98
1757473744,377,58,5823,104470040,13310,2013-01-22,10,OZ,1,3.51
1757488328,376,58,5812,105450050,1322,2012-05-18,16,OZ,1,3.88
1757488328,376,51,5133,107100777,5656,2012-09-23,22.4,OZ,1,5.98
1757488328,376,35,3504,107261373,17576,2013-02-25,20,OZ,1,0.98
1757488328,376,45,4508,104440040,7504,2013-04-01,18.2,OZ,1,4.98
1757492051,377,14,1411,103890030,5072,2012-04-23,8,OZ,3,4.17
1757524528,377,64,6408,108289686,6276,2012-10-22,0.75,LT,1,6.98
