495304177,21,8,817,102700020,8612,2012-06-06,24,OZ,2,2.38
495305404,21,8,822,102840020,18584,2012-04-17,10,OZ,1,3
495305855,21,17,1704,102570020,27327,2012-03-28,22,OZ,1,3.45
495306087,21,63,6315,104119040,16347,2013-03-07,128,OZ,2,7.38
495306630,21,8,835,104133545,43106,2012-05-04,16,OZ,1,2.89
495306630,21,26,2628,105400050,16048,2012-10-06,6,RL,1,6.49
495306630,21,36,3626,104900040,17186,2012-11-18,144,OZ,4,18
495306630,21,37,3706,105100050,2820,2013-01-14,10.75,OZ,2,3.18
495306672,21,60,6011,101800010,14029,2012-05-24,16.3,OZ,1,1.99
495306672,21,8,818,107764474,64256,2012-07-28,24,OZ,2,3
495307535,21,26,2606,105543757,11482,2012-05-12,40,CT,1,1.69
495307535,21,36,3611,104119040,16347,2012-05-13,405.6,OZ,1,2.99
495307888,21,21,2119,1061300868,867,2012-07-12,138,OZ,1,3.77
495307927,21,97,9753,1079136171,0,2012-11-21,1,CT,1,5
495308018,21,30,3001,104119040,16347,2012-06-02,30,OZ,1,2.49
495308018,21,41,4107,104430040,1062,2013-03-08,16,OZ,1,1.89
495308098,21,63,6315,104138343,10091,2012-07-13,64,OZ,1,4.19
495308232,21,29,2928,105480050,19039,2012-09-09,8.5,OZ,2,3.98
495308232,21,99,9904,1066529060,52314,2012-10-21,16,OZ,1,4.99
495308232,21,75,7503,108307888,2997,2013-03-15,0.15,OZ,1,0.99
495308388,21,59,5906,104060040,26155,2012-08-21,15,OZ,1,3
495308787,21,36,3636,104300040,4371,2012-06-22,118.3,OZ,6,14.94
495308787,21,63,6320,104119040,16347,2012-12-19,30,CT,1,5.49
495310713,21,97,9753,1020900424,0,2012-09-17,1,CT,1,3.14
495311097,21,26,2633,105400050,16048,2012-10-24,20,RL,1,16.48
495311543,21,5,501,101862717,9496,2012-03-20,17.5,OZ,1,3.49
495311543,21,99,9908,104119040,16347,2012-09-22,16,OZ,1,2.5
495311543,21,74,7407,1084105888,15983,2013-01-21,2,CT,2,15.98
495312674,21,63,6324,107892979,10635,2012-07-05,16,OZ,2,11.98
495312674,21,56,5615,103651434,7627,2013-06-12,8,OZ,2,3.32
495313028,21,99,9908,104119040,16347,2012-05-16,16,OZ,1,1.67
495313028,21,36,3618,104900040,23359,2012-06-26,144,OZ,1,4.61
495313028,21,14,1404,104119040,16347,2012-07-05,15,OZ,1,1.39
495313028,21,36,3604,107800070,2829,2012-07-31,67.6,OZ,1,1.29
495313320,21,40,4004,104100040,10522,2012-11-15,3.75,OZ,1,2.99
495313409,21,56,5616,102100020,4218,2012-04-05,7,OZ,2,4.98
495313409,21,63,6315,104119040,16347,2012-05-25,128,OZ,1,3.56
495313409,21,41,4120,107294070,15064,2012-07-14,6,OZ,4,2
495313409,21,26,2630,106343565,16050,2012-08-15,132,CT,4,5.4
495313496,21,73,7308,103660232,15274,2013-03-21,30,CT,1,1.79
495313983,21,56,5613,107177979,1782,2012-06-03,32,OZ,1,5.99
495313983,21,9,907,104500040,20016,2012-08-04,20,OZ,1,3.89
495313983,21,99,9908,103338333,33170,2012-10-12,13,OZ,2,5
495314382,21,72,7205,103500030,3830,2012-08-12,7.8,OZ,2,7.18
495314382,21,21,2105,105200050,7054,2013-03-10,32,OZ,3,3
495314776,21,32,3202,102700020,19737,2012-08-30,64,OZ,1,4.99
495314914,21,41,4108,104119040,16347,2012-11-08,15,OZ,2,1.78
495314914,21,45,4511,102370020,18969,2013-03-06,26,OZ,1,6.99
495314942,21,99,9909,103260131,5489,2012-09-04,5,OZ,1,2.5
495314942,21,59,5902,104119040,16347,2012-11-24,16,OZ,1,2.69
495315001,21,23,2301,107680878,1393,2012-08-31,16,OZ,2,2.8
495315164,21,38,3801,104119040,16347,2012-04-06,5,LB,1,3.49
495315164,21,71,7113,106799060,6324,2013-07-02,13,OZ,1,2.44
495315797,21,18,1854,101650010,27270,2012-04-04,10,CT,1,2.19
495315797,21,26,2634,103600030,4139,2013-03-14,12,RL,1,8.99
495315797,21,75,7520,104119040,16347,2013-05-30,100,CT,1,1.39
495316240,21,34,3402,1060308464,7034,2012-07-09,2,OZ,1,5.99
495316769,21,33,3318,104119040,16347,2012-05-10,16,OZ,1,1.69
495316769,21,92,9208,104145747,7487,2012-05-27,6,CT,1,2.39
495316769,21,17,1704,1067811262,3912,2012-07-17,17,OZ,1,2.41
495317585,21,79,7901,107549070,2148,2012-06-14,1,CT,1,4.99
495317604,21,51,5125,102580020,16668,2012-07-04,9,OZ,1,2.5
495317604,21,18,1828,104650040,7249,2012-10-08,0.28,OZ,1,3.49
495318283,21,28,2805,104119040,16347,2012-07-26,6,OZ,1,0.88
495318283,21,63,6315,104119040,16347,2012-11-08,128,OZ,1,4.69
495318283,21,9,902,104400040,12279,2013-03-28,14.4,OZ,1,4.19
495318344,21,16,1604,102200020,6021,2012-10-03,45,CT,1,2.49
495318344,21,99,9908,103338333,33170,2012-11-20,80,OZ,1,2.5
495318347,21,9,907,107167373,17480,2012-07-04,11,OZ,2,3
495318347,21,13,1306,104119040,16347,2012-12-09,5,LB,1,1.99
495318347,21,9,901,103010030,44654,2013-02-13,12,OZ,1,2.99
495318491,21,97,9753,1020050222,0,2012-06-23,1,CT,1,4.78
495318491,21,63,6315,109396696,13264,2012-07-28,64,OZ,2,8.38
495318859,21,33,3316,101600010,3397,2012-10-25,15,OZ,1,3.49
495318859,21,36,3636,104300040,29501,2013-03-04,144,OZ,1,3.99
495319903,21,36,3618,104900040,23359,2012-08-09,67.6,OZ,1,1.5
495319903,21,54,5401,101960010,1058,2012-10-05,12.3,OZ,1,1.59
495319903,21,22,2211,104119040,16347,2012-11-15,40,CT,1,1
495319928,21,23,2310,107841171,2693,2012-07-06,48,OZ,1,9.85
495320417,21,3,302,1074759979,7168,2012-08-12,12,OZ,1,3.59
495320417,21,26,2622,102570020,20361,2013-04-18,50,CT,2,4.78
495320465,21,96,9632,107675070,8249,2012-05-11,1,CT,1,25
495322548,21,8,810,104600040,13023,2012-08-05,1,OZ,1,0.99
495322548,21,51,5125,107265575,8089,2012-09-30,10.4,OZ,1,3.33
495322548,21,55,5567,107585676,9798,2013-01-30,18,OZ,1,3.19
495322548,21,63,6320,104119040,16347,2013-03-03,18,CT,1,2.46
495322602,21,57,5705,107047070,20230,2012-09-07,6,OZ,4,3
495322602,21,35,3506,105170050,6335,2013-01-04,75,OZ,1,4.19
495323043,21,33,3318,104119040,16347,2013-01-27,16,OZ,2,2
495323201,21,6,607,104167949,2190,2012-07-13,48,OZ,1,8.99
495323201,21,7,707,104300040,11339,2012-12-22,11,OZ,1,5.89
495323535,21,9,907,107167373,17480,2012-08-12,24,OZ,1,1.84
495323535,21,36,3603,104300040,4371,2013-02-03,384,OZ,1,2.79
495323535,21,41,4107,104119040,16347,2013-02-07,15.25,OZ,4,1.96
495323607,21,97,9753,10978143999,0,2012-09-03,1,CT,1,7.19
495323607,21,7,708,1078535777,24311,2013-01-06,12,OZ,1,8.99
495323903,21,51,5131,104227242,648,2012-12-29,6,OZ,4,11.16
495323903,21,8,811,1074747979,14926,2013-02-18,24,OZ,1,6.49
495324275,21,35,3508,107261373,19976,2012-06-21,50,OZ,1,5.99
495324275,21,63,6315,104119040,16347,2013-01-21,32,OZ,1,1.49
495324275,21,37,3706,105100050,2820,2013-04-29,10.5,OZ,1,1.89
495324737,21,9,920,107641070,10160,2012-10-05,11,OZ,1,3.19
495324737,21,24,2403,107478575,19183,2013-02-01,10,OZ,2,5.98
495324774,21,13,1306,103997838,2082,2013-01-03,1.38,LB,1,3.79
495325104,21,41,4120,107079676,3198,2012-03-29,6,OZ,10,5.9
495325501,21,2,202,101600010,1756,2012-03-26,17.5,OZ,1,2.39
495325501,21,55,5552,107064070,2014,2012-03-26,56,OZ,2,7.38
495325645,21,26,2609,104200040,19231,2012-08-20,18,CT,1,2.78
495325645,21,41,4105,102400020,3988,2012-09-11,28,OZ,1,1.33
495325645,21,74,7405,104740040,7196,2012-12-03,8,CT,1,22.99
495326054,21,33,3303,102840020,10241,2012-06-18,10.5,OZ,1,2.14
495326054,21,23,2310,107466575,674,2012-11-20,13,OZ,2,5.54
495326071,21,55,5558,107585676,9798,2012-07-25,24,OZ,1,3.49
495326455,21,10,1011,107349171,9883,2012-04-07,16,OZ,1,2.99
495326455,21,18,1850,107088171,2383,2012-08-19,3,CT,1,1.99
495326469,21,36,3629,101200010,23360,2012-09-23,144,OZ,1,4.33
495326469,21,99,9908,107878373,26033,2013-03-28,12,OZ,1,1.99
495326506,21,97,9707,104119040,16347,2012-08-23,5,CT,1,2.79
495326506,21,45,4509,1073297373,58522,2013-02-14,22,OZ,2,12.98
495326606,21,1,106,101500010,29555,2012-05-23,6.6,OZ,2,4.18
495326606,21,58,5837,104136646,21583,2012-06-27,6,OZ,2,7.38
495326606,21,63,6315,104119040,16347,2012-08-14,128,OZ,1,5.69
495326606,21,49,4901,101312010,26885,2012-10-23,4.25,OZ,4,5
495327145,16,35,3508,103700030,18371,2012-03-14,150,OZ,2,47.98
495327684,21,55,5557,107457070,26051,2012-08-06,3.6,OZ,8,10
495327684,21,15,1504,1088428484,12598,2013-01-31,15,OZ,1,3.69
495327684,21,7,707,104300040,11339,2013-03-02,11.5,OZ,2,6.98
495327928,21,9,917,104335444,25412,2012-06-09,16,OZ,1,1.99
495328120,21,56,5613,107403070,16922,2012-10-02,32,OZ,1,4.29
495328120,21,9,907,104119040,16347,2012-10-09,24,OZ,1,2.09
495328120,21,8,811,103620030,1698,2013-04-06,24,OZ,2,4.78
495328175,21,9,907,107341070,2437,2012-05-06,24,OZ,0,0
495328175,21,99,9908,104119040,33170,2012-08-20,32,OZ,1,2.49
495328175,21,53,5305,104119040,16347,2013-02-13,10,OZ,1,1
495328175,21,9,902,107127070,20765,2013-03-19,80,OZ,1,7.99
495328646,21,9,907,101410010,13791,2012-09-13,24,OZ,1,2.79
495328646,21,79,7903,10912898,43527,2012-10-24,1,CT,1,3.99
495328685,21,9,901,104400040,11047,2012-09-15,8,OZ,2,5.98
495328685,21,17,1703,103700030,12071,2013-03-06,32,OZ,1,2.99
495328956,21,57,5704,104667545,20216,2012-06-23,6,OZ,3,2.7
495328956,21,63,6320,104119040,16347,2012-08-26,12,CT,1,2.49
495328956,21,63,6320,104119040,16347,2013-02-16,12,CT,2,3.79
495329160,21,99,9904,103338333,33170,2012-04-19,16,OZ,2,4.98
495329471,21,63,6305,101630010,6509,2013-01-04,59,OZ,1,3.29
495329471,21,33,3303,107260070,8245,2013-04-09,10,OZ,1,2.5
495329641,21,19,1908,104800141,16564,2013-01-14,16.3,OZ,1,3.29
495329641,21,41,4105,102700020,8612,2013-01-28,14.5,OZ,3,3.57
495329887,21,51,5125,102580020,16668,2012-06-22,9.5,OZ,1,2
495329887,21,27,2704,107910070,85180,2012-11-20,7,OZ,1,1.39
495329887,21,8,826,101121010,17930,2013-01-11,2,OZ,1,1.89
495330267,21,55,5552,107064070,2014,2012-09-29,56,OZ,1,3.99
495330663,21,58,5824,102836424,14418,2012-05-17,16,OZ,1,3.5
495330809,21,57,5707,107047070,20230,2012-05-21,16,OZ,1,2.49
495330857,21,9,917,107373171,11786,2012-11-30,11.5,OZ,1,1.99
495330857,21,5,501,103800030,4086,2013-03-29,12,OZ,1,3.09
495330892,21,41,4106,104119040,16347,2013-01-05,6.5,OZ,1,0.69
495330927,21,63,6305,1085541585,61747,2012-11-23,59,OZ,1,1.99
495331263,21,63,6315,104119040,16347,2012-03-06,128,OZ,1,4.09
495331326,21,8,835,104139040,9659,2012-06-19,15,OZ,1,2.99
495331326,21,59,5907,104119040,16347,2012-07-12,16,OZ,1,0.99
495331326,21,9,907,104119040,16347,2012-10-30,20,OZ,1,1.27
495331326,21,41,4107,104119040,16347,2013-01-09,15,OZ,4,2.36
495331326,21,45,4517,105450050,1322,2013-01-18,18,OZ,2,14.98
495331326,21,36,3601,101200010,13794,2013-05-17,50.7,OZ,3,2.97
495331326,21,3,311,1064420969,5345,2013-06-02,0.1,OZ,1,0.99
495331326,21,37,3709,107066272,12673,2013-07-19,36,OZ,1,2.19
495331432,21,55,5556,104154848,5603,2012-05-09,48,OZ,1,3.09
495331432,21,55,5556,102983929,6763,2012-06-29,48,OZ,1,2.99
495332235,21,29,2914,104119040,16347,2012-03-17,7.25,OZ,2,1
495332235,21,63,6305,1085541585,61747,2012-03-17,59,OZ,1,1.99
495332235,21,30,3007,107184070,11154,2012-08-03,12,OZ,1,3.29
495332235,21,9,902,104400040,3334,2012-12-19,10.5,OZ,1,2.29
495332630,21,9,908,107203070,5812,2012-07-21,13,OZ,1,4.29
495332630,21,41,4105,107294070,18909,2012-12-17,28,OZ,4,5.56
495332638,21,4,405,1060069969,55864,2012-11-11,8,OZ,1,1.59
495332948,21,56,5620,104119040,16347,2012-11-11,8,OZ,1,1.99
495332948,21,58,5822,1063690666,12339,2013-01-23,14,OZ,1,4.69
495332948,21,33,3303,102840020,10241,2013-06-16,9.5,OZ,1,2.14
495333137,21,3,311,105150050,14029,2012-03-08,15.6,OZ,2,3.78
495334302,21,9,904,109830494,3318,2012-06-29,5,OZ,1,1.79
495334302,21,56,5620,104119040,16347,2012-11-17,8,OZ,1,1.99
495334638,21,33,3303,104178040,19154,2013-02-23,3.5,OZ,1,0.99
495334638,21,9,901,104400040,8463,2013-03-11,12,OZ,1,3.99
495334638,21,21,2118,108079383,6926,2013-05-11,33.8,OZ,1,1
495334638,21,8,817,102700020,8612,2013-06-17,24,OZ,3,3
495334715,21,57,5710,1089470080,21065,2012-07-24,5.3,OZ,8,10
495334715,21,35,3509,107261373,401,2013-02-26,115.5,OZ,1,9.99
495334944,21,27,2712,1081063383,29932,2012-12-16,1,CT,1,1.99
495334944,21,63,6305,102500020,16489,2013-02-26,59,OZ,1,3.59
495335719,21,53,5307,104119040,16347,2012-04-29,9,OZ,1,2.99
495335719,21,9,922,107235979,2011,2013-02-04,12,OZ,1,2.79
495335831,21,21,2119,107336070,867,2012-06-17,16,OZ,1,0.89
495335831,21,34,3411,101111111,2966,2012-07-25,18,OZ,1,4.79
495335831,21,56,5607,102100020,2321,2012-07-25,8,OZ,1,2.59
495335831,21,9,901,106731262,19527,2012-11-14,12.3,OZ,1,3.99
495335887,21,9,907,107167373,17480,2012-11-05,24,OZ,1,1.99
495336523,21,4,411,101130010,2272,2013-03-05,9,OZ,1,1
495336730,21,9,910,101410010,13791,2012-05-14,5.9,OZ,1,3.49
495336730,21,63,6315,104119040,16347,2012-08-09,64,OZ,1,2.49
495336757,21,51,5123,107057575,60780,2012-03-04,28,OZ,6,19.38
495336757,21,36,3604,107800070,2829,2012-10-14,144,OZ,1,3.99
495336757,21,33,3325,104126242,19971,2013-03-10,5.75,OZ,1,2.99
495337216,21,63,6315,104119040,16347,2012-12-26,128,OZ,1,4.29
495337608,21,4,421,107046272,16934,2012-08-01,3.1,OZ,1,0.99
495337608,21,63,6328,107590070,2073,2012-09-19,24,OZ,2,6.98
495337608,21,4,418,104000040,11698,2012-10-01,11.24,OZ,2,5
495337608,21,9,907,104119040,16347,2013-03-12,16,OZ,1,1.88
495337717,21,36,3611,104119040,16347,2013-02-11,405.6,OZ,1,2.99
495337717,21,56,5615,107357070,8185,2013-06-19,8,OZ,3,5.64
495338307,21,23,2301,107130070,15474,2013-01-05,12,OZ,1,1.3
495338307,21,4,418,104000040,26517,2013-02-15,12.6,OZ,4,11.96
495338470,21,41,4110,103940030,71386,2012-08-09,28,OZ,2,4.98
495338470,21,51,5128,104119040,16347,2013-02-13,12,OZ,2,2.38
495338606,21,33,3303,102840020,10241,2012-05-27,10.5,OZ,2,4.74
495338606,21,59,5910,103377636,16650,2012-12-30,13,OZ,1,3.99
495338915,21,8,802,104119040,16347,2013-01-29,12,OZ,1,1.89
495339141,21,9,920,107641070,10160,2012-04-15,11.25,OZ,1,3.39
495339141,21,33,3318,107797575,27417,2012-06-25,10,OZ,1,2.99
495339417,21,36,3625,101200010,13794,2012-08-10,67.6,OZ,1,1.79
495339696,21,1,106,105220050,1569,2012-04-04,4,OZ,10,5.5
495339696,21,9,907,107265979,13545,2012-12-02,22,OZ,1,4.19
495339696,21,33,3310,1082951585,27766,2013-03-27,7,OZ,2,4
495340060,21,4,416,105025555,15334,2012-08-19,3.5,OZ,4,7.96
495340878,21,51,5125,107265575,8089,2012-09-16,10,OZ,1,2.5
495340878,21,81,8115,1089716282,88687,2013-02-27,40,CT,1,1.39
495340949,21,9,902,101410010,45039,2012-07-22,6.6,OZ,2,4.78
495340949,21,56,5612,104175747,10216,2012-09-09,4.5,OZ,1,2.99
495340949,21,29,2923,104100040,9814,2012-10-07,4.3,OZ,2,2.67
495341444,21,33,3305,102840020,5141,2012-05-24,11.5,OZ,2,5
495341444,21,35,3506,105170050,6335,2012-09-21,5.8,OZ,1,3.69
495341876,21,63,6319,107146474,2142,2012-05-06,32,OZ,1,4.99
495342220,21,29,2927,107225171,12502,2012-04-15,5.9,OZ,1,1.67
495342220,21,96,9609,1054150050,88199,2012-04-15,0,,2,-1
495342220,21,3,311,101600010,1756,2012-05-18,16,OZ,1,2.39
495342220,21,95,9518,1061029060,7848,2012-06-12,1,CT,1,2.79
495342220,21,29,2923,104100040,9814,2012-07-01,4.3,OZ,2,2.67
495342220,21,5,501,103800030,15251,2012-07-30,12,OZ,1,3.59
495342220,21,33,3304,109099797,13073,2012-10-25,5,OZ,1,1.5
495342220,21,69,6901,107940070,4696,2012-10-27,2.6,OZ,2,7.98
495342220,21,13,1306,101600010,7366,2012-12-16,5,LB,1,2.69
495342577,21,35,3509,103320030,875,2012-05-06,45,OZ,1,2.99
495342577,21,31,3101,105210050,11382,2012-10-25,4,OZ,1,4.49
495342577,21,97,9799,107675373,7452,2013-01-23,1,CT,1,7.49
495342690,21,36,3638,104119040,16347,2013-01-24,33.8,OZ,1,1.29
495342690,21,51,5125,101380010,10271,2013-03-20,6,OZ,1,2.74
495342833,21,99,9904,103338333,33170,2012-06-01,16,OZ,1,3.99
495342833,21,63,6315,104138343,10091,2013-02-12,32,OZ,1,2.39
495342833,21,8,810,102169828,8358,2013-02-21,1.25,OZ,1,1.69
495342840,21,51,5115,101960010,3174,2012-12-05,5.6,OZ,2,1.98
495343231,21,33,3303,102840020,10241,2013-02-11,10,OZ,2,5
495343231,21,73,7344,1030008838,7058,2013-03-07,12,OZ,1,8.99
495343269,21,63,6320,1071514171,25530,2012-05-22,12,CT,1,2.99
495343269,21,99,9908,104119040,16347,2012-07-25,10,OZ,1,2.49
495343440,21,29,2920,101600010,1756,2012-07-14,6.6,OZ,1,1.94
495343440,21,33,3312,103700030,14494,2013-01-21,5.92,OZ,1,3.29
495343440,21,7,707,104300040,11339,2013-03-09,23,OZ,1,7.99
495343440,21,34,3411,1081655989,20331,2013-03-23,18,OZ,1,3.29
495343545,21,73,7308,104119040,16347,2012-04-04,25,CT,2,1.98
495343545,21,36,3632,107800070,4354,2012-06-19,144,OZ,1,4.46
495343545,21,75,7520,104119040,16347,2012-06-22,400,CT,1,2.79
495343545,21,73,7308,104119040,16347,2012-09-18,25,CT,3,2.97
495344418,21,58,5812,1063690666,12339,2012-06-08,14,OZ,2,8.14
495345442,21,36,3611,108265787,4687,2012-04-21,405.6,OZ,1,4.49
495345871,21,45,4511,107057575,27210,2012-06-29,35,OZ,1,4.49
495345871,21,22,2210,107261373,16794,2012-11-18,32,OZ,1,3.99
495345894,21,57,5705,103663232,4568,2012-04-28,6,OZ,4,2
495345894,21,96,9609,10995400090,88199,2012-06-30,0,,1,-2
495345894,21,17,1701,1067811262,3912,2012-10-07,17,OZ,1,1.29
495345894,21,41,4107,104119040,16347,2013-01-04,14.4,OZ,2,1.38
495346052,21,69,6901,107940070,17521,2012-07-04,2.6,OZ,1,2.59
495346052,21,58,5812,107433878,15669,2012-12-18,14,OZ,1,2.99
495346052,21,51,5129,101450010,20864,2013-02-04,21,OZ,10,36.9
495346052,21,36,3635,107252171,19411,2013-03-06,33.8,OZ,2,1
495346052,21,26,2606,105543757,11482,2013-03-09,40,CT,1,1.29
495346229,21,4,418,102800020,2631,2012-11-08,12.5,OZ,-2,-5
495346659,21,9,902,104950848,16730,2012-08-20,7.2,OZ,1,2.49
495346659,21,23,2301,104119040,16347,2012-09-03,16,OZ,1,1.79
495346659,21,4,418,104000040,26517,2013-01-29,9.9,OZ,1,2.99
495346681,21,55,5552,102983929,6763,2012-03-30,48,OZ,1,3.09
495346910,21,95,9517,1061029060,7848,2013-03-03,1,CT,1,3.99
495346910,21,53,5305,101450010,20864,2013-03-07,9,OZ,2,2.76
495347412,21,7,707,107103878,25424,2012-05-13,27.8,OZ,2,26.98
495347412,21,26,2630,104119040,16347,2012-09-22,144,CT,1,0.99
495347412,21,38,3802,104920040,5098,2012-11-17,2,LB,2,4.78
495347545,21,63,6313,107170070,1142,2012-05-16,16,OZ,1,2.69
495347547,21,8,826,102106525,67336,2012-09-19,12,OZ,-1,-1.29
495347547,21,60,6001,105000050,30272,2013-04-15,16,OZ,1,3.59
495347663,21,21,2119,1061300868,867,2012-12-21,192,OZ,4,18.6
495347722,21,5,517,103800030,69260,2012-03-31,10.4,OZ,1,3.49
495347722,21,55,5552,102073525,18893,2012-07-20,48,OZ,1,3.29
495347722,21,27,2710,104133444,9293,2012-08-24,20,LB,1,4.29
495347722,21,0,0,10000,20405,2013-03-01,0,,1,-1
495347821,21,10,1013,103890030,5072,2013-01-12,17.2,OZ,2,4.5
495347821,21,57,5710,104667545,20216,2013-03-15,5.3,OZ,1,1
495348678,21,72,7209,1030813737,14982,2012-06-06,55,YD,1,1.49
495348678,21,21,2118,108079383,6926,2012-08-26,16.9,OZ,2,2
495348678,21,33,3318,104119040,16347,2012-11-18,16,OZ,1,1.39
495348678,21,55,5552,102983929,6763,2012-12-02,48,OZ,1,2.99
495348678,21,63,6319,102073525,18893,2012-12-17,64,OZ,1,1.79
495348678,21,26,2615,103600030,9878,2013-01-11,18,CT,1,2.99
495348819,21,37,3711,108425383,8745,2012-11-24,32,OZ,2,6.98
495348831,21,17,1704,102570020,27327,2012-09-20,22,OZ,1,3.69
495348970,21,5,501,103800030,758,2013-05-12,8.7,OZ,1,3.39
495349476,21,45,4511,107398171,11103,2012-06-15,30,OZ,1,5.99
495349476,21,54,5403,107590070,2073,2013-02-01,14,OZ,1,3.99
495349509,21,9,907,107341070,2437,2012-11-25,24,OZ,1,2.99
495349605,21,36,3601,104900040,3809,2012-08-04,101.4,OZ,1,3.99
495349781,21,11,1112,102898929,26666,2012-05-12,9.5,OZ,1,4.69
495350926,21,28,2806,103150030,25139,2012-07-25,32,OZ,1,2.99
495351416,21,3,302,103400030,8247,2012-11-29,12,OZ,1,2.29
495351416,21,9,902,102840020,17248,2012-12-02,8,OZ,1,2.99
495352091,21,97,9753,1023000121,0,2013-01-18,1,CT,1,7.99
495353171,21,36,3630,107800070,5208,2012-07-15,144,OZ,1,4.99
495353171,21,96,9609,1054400050,88199,2013-03-03,0,,1,-1
495353504,21,36,3611,107572070,14196,2012-04-01,405.6,OZ,1,4.49
495353572,21,99,9909,107143070,5072,2012-05-25,9,OZ,1,1.67
495353572,21,45,4513,107274575,13804,2012-08-04,32,OZ,1,9.99
495353572,21,5,501,1088491282,8459,2012-10-14,18,OZ,1,3.99
495353698,21,31,3101,105210050,11382,2012-08-24,1,OZ,1,1.19
495353698,21,41,4107,102000020,7655,2012-11-16,15.25,OZ,4,4.6
495354011,21,9,902,104400040,15335,2012-03-02,15.1,OZ,1,3.69
495354141,21,6,607,107007474,5810,2012-09-27,48,OZ,2,19.98
495354141,21,97,9753,1020201020,0,2012-11-21,1,CT,1,30.85
495354141,21,26,2613,103600030,8583,2013-01-25,20,CT,1,11.29
495354141,21,97,9799,103338333,33170,2013-02-13,1,CT,1,19.99
495354342,21,9,917,102733121,9966,2012-03-30,12.7,OZ,1,3.09
495354342,21,36,3601,104900040,3809,2012-08-02,144,OZ,1,4.5
495354342,21,27,2706,105000050,6132,2012-09-20,72,OZ,2,28.78
495354395,21,15,1504,104114343,17593,2012-03-20,15,OZ,1,3.09
495355317,21,60,6007,101800010,14029,2012-08-05,8,OZ,2,5.98
495355317,21,63,6320,104119040,16347,2013-03-05,18,CT,1,2.46
495355317,21,58,5828,104119040,16347,2013-05-22,6,OZ,1,1.67
495355653,21,63,6320,1071514171,25530,2012-09-05,12,CT,2,5.6
495356279,21,55,5558,104119040,16347,2012-07-25,42,OZ,1,2.5
495356329,21,9,901,104400040,12600,2012-05-13,8.04,OZ,1,4.49
495356329,21,8,835,1073475676,17491,2012-06-29,12,OZ,1,2.99
495356522,21,9,912,104812141,18322,2012-12-24,20,OZ,1,4.69
495357060,21,63,6321,104082242,15667,2012-11-15,17,OZ,1,3.99
495357060,21,21,2117,108768484,2903,2013-04-18,60,OZ,1,2.49
495357265,21,9,908,107203070,5812,2012-05-20,14,OZ,1,3.24
495357265,21,33,3308,102840020,3336,2012-07-14,3.75,OZ,1,1.49
495357265,21,29,2928,107142979,20299,2013-01-27,7.4,OZ,1,1.59
495357502,21,73,7329,103076838,40874,2012-04-15,80,CT,1,22.99
495357502,21,4,416,103400030,8247,2012-07-29,1.45,OZ,2,1.38
495357502,21,37,3707,104800141,9814,2013-01-27,4.66,OZ,1,3.59
495357502,21,55,5552,107756777,2347,2013-02-24,48,OZ,2,8.28
495357551,21,63,6320,104119040,16347,2013-03-28,18,CT,1,2.36
495357897,21,51,5125,101380010,10271,2012-11-26,8,OZ,1,3.33
495358032,21,44,4404,105963555,29023,2013-02-08,8.46,OZ,1,2
495358046,21,45,4511,102370020,18969,2013-01-10,22,OZ,1,8.99
495358229,21,9,917,104150141,13296,2012-06-17,16,OZ,1,1.99
495358371,21,9,901,104400040,16738,2012-05-08,6.75,OZ,3,4.47
495358371,21,5,516,104119040,16347,2012-06-26,7,OZ,1,2.49
495359093,21,53,5307,107056070,14005,2012-04-06,12,OZ,2,2.58
495359093,21,33,3303,102840020,10241,2012-07-10,10,OZ,2,4.98
495359093,21,53,5305,101450010,20864,2012-10-03,10,OZ,2,2.82
495359093,21,8,801,104119040,16347,2013-03-28,36,OZ,1,1.99
495359108,21,41,4110,103940030,71386,2012-05-12,16,OZ,2,2.78
495359120,21,5,502,103485636,19713,2012-11-01,19.8,OZ,1,5.99
495359159,21,26,2622,102570020,20361,2012-05-23,18,CT,1,3.49
495359159,21,26,2629,104200040,19231,2013-04-10,100,CT,1,2.39
495359170,21,56,5610,104119040,16347,2012-10-04,8,OZ,1,2.99
495359170,21,57,5704,104119040,16347,2012-11-24,32,OZ,1,1.99
495359170,21,55,5556,102073525,18893,2012-12-10,48,OZ,1,3.19
495359170,21,29,2914,102100020,19279,2013-03-25,60,OZ,1,9.99
495359218,21,63,6315,104119040,16347,2012-10-28,128,OZ,1,5.69
495359870,21,54,5402,107374474,12201,2012-06-07,16,OZ,1,3.35
495359870,21,30,3010,104680040,16222,2013-01-18,16,OZ,2,5.38
495360402,21,21,2105,105200050,7054,2012-05-12,160,OZ,1,5.99
495360402,21,63,6305,104850040,18799,2012-05-18,59,OZ,1,2.99
495360780,21,34,3405,101111111,5168,2012-11-04,24,OZ,1,7.89
495360780,21,9,908,107203070,5812,2013-03-17,13,OZ,1,2.24
495360780,21,37,3706,104119646,14582,2013-03-18,19,OZ,1,2.29
495361307,21,26,2617,104119040,16347,2012-08-03,1,CT,1,2.79
495361307,21,73,7359,107431272,12440,2013-02-07,30,CT,-1,-18.49
495361307,21,63,6320,104119040,16347,2013-02-17,12,CT,2,3.78
495361509,21,57,5703,104119040,16347,2012-09-05,6,OZ,2,1.76
495361509,21,14,1404,103732333,12209,2012-09-05,24,OZ,1,2.69
495361701,21,58,5826,102265525,2626,2012-09-03,6,OZ,1,1.67
495361701,21,26,2633,103700030,3293,2012-11-29,12,RL,1,7.29
495361736,21,63,6305,105360050,18699,2012-03-17,59,OZ,1,1.99
495361736,21,51,5125,107265575,8089,2012-04-22,9,OZ,3,7.5
495361736,21,4,416,107097070,7422,2012-06-10,3.8,OZ,1,1.19
495361736,21,33,3319,103700030,14494,2012-10-10,5.04,OZ,1,3.59
495361736,21,56,5609,102100020,2321,2012-11-01,3.9,OZ,2,2
495361848,21,51,5125,107265575,8089,2012-06-18,8.5,OZ,2,5
495362159,21,37,3708,104119040,16347,2012-06-14,2.5,OZ,1,0.99
495362288,21,15,1504,104114343,17593,2013-01-14,20,OZ,1,3.39
495362288,21,19,1910,103432535,22583,2013-02-27,32,OZ,1,8.99
495362404,21,95,9518,107000070,7848,2012-04-28,1,CT,2,1.98
495362499,21,99,9904,103338333,33170,2012-07-09,16,OZ,1,2.49
495362499,21,71,7113,102240020,18715,2012-08-20,32,OZ,1,3.91
495362499,21,8,830,1068907666,51701,2013-02-16,8.8,OZ,1,2.59
495362538,21,58,5812,105450050,1322,2012-05-25,16,OZ,8,19.92
495362657,21,35,3509,107261373,401,2012-08-02,50,OZ,1,3.79
495362657,21,41,4107,102000020,7655,2012-11-07,15,OZ,2,2.3
495362657,21,73,7302,1030057333,250,2012-12-27,24,CT,1,3.49
495362959,21,14,1416,104119040,16347,2013-01-02,15,OZ,1,1
495363624,21,72,7208,1030004131,26880,2013-01-19,4,CT,1,5.99
495363846,21,4,411,104142040,1934,2012-06-15,4.5,OZ,1,1.19
495363846,21,55,5552,107756777,2347,2012-09-22,48,OZ,1,4.49
495363846,21,4,418,103400030,15113,2012-12-09,11,OZ,1,3.69
495363846,21,99,9908,104119040,16347,2013-02-09,10,OZ,1,1.99
495363926,21,51,5129,101450010,20864,2012-03-28,12,OZ,1,1.79
495363926,21,63,6315,104119040,16347,2012-05-02,64,OZ,1,1.76
495363926,21,10,1011,107349171,9883,2012-08-22,24,OZ,1,1.77
495364045,21,38,3801,104920040,5098,2012-10-01,10,LB,1,6.99
495364093,21,92,9215,107560979,13012,2012-09-18,0.5,OZ,1,19.99
495364093,21,37,3711,104119040,16347,2012-10-09,20,OZ,1,5.49
495364205,21,33,3303,102840020,10241,2012-12-19,10.5,OZ,1,2.14
495364297,21,63,6305,104850040,18799,2013-01-01,59,OZ,2,5.98
495364311,21,72,7208,103500030,3830,2012-06-02,1,CT,1,1.24
495364311,21,27,2701,102310020,13705,2013-04-18,13.2,OZ,1,0.95
495364338,21,4,417,103400030,15113,2012-03-20,7.2,OZ,1,3.49
495364338,21,27,2712,108519989,8131,2012-04-05,11,OZ,1,0.99
495364338,21,36,3611,1064252464,12670,2012-11-09,405.6,OZ,1,3.5
495364338,21,34,3411,101111111,1141,2012-12-30,16,OZ,1,4.79
495364338,21,9,970,103800030,62065,2013-01-30,14.1,OZ,1,2.69
495364338,21,27,2712,104119040,16347,2013-03-03,32,OZ,2,5.58
495364427,21,56,5617,105300050,2199,2012-08-25,12,OZ,2,3.98
495364773,21,45,4508,104440040,7504,2013-01-20,17.2,OZ,1,5.49
495365321,21,7,707,107103878,25424,2012-04-02,10.5,OZ,4,17.96
495365610,21,21,2117,108768484,2903,2013-04-20,60,OZ,1,2.29
495365642,21,32,3204,1088430282,14275,2013-01-20,16.9,OZ,1,3.99
495366180,21,57,5710,1089470080,21065,2012-06-04,5.3,OZ,10,13.33
495366505,21,30,3007,107146474,2142,2013-01-06,14,OZ,2,7.98
495366517,21,58,5833,1072217575,21052,2012-03-04,10,OZ,1,6.99
495366517,21,41,4105,102700020,8612,2012-09-09,14.5,OZ,1,1.19
495366517,21,9,920,107978373,1081,2012-09-16,7.4,OZ,1,0.88
495366517,21,9,903,107050676,3860,2012-10-21,15,OZ,1,0.99
495366517,21,31,3101,104119040,16347,2013-02-08,2,OZ,1,1.99
495366922,21,18,1890,107048575,8154,2012-03-05,3,CT,1,3.69
495366922,21,20,2002,105100050,27873,2012-05-28,46,OZ,2,5.58
495366922,21,99,9908,103338333,33170,2012-10-27,32,OZ,1,1.99
495367005,21,33,3303,102840020,10241,2012-05-15,10.5,OZ,2,4.28
495367528,21,55,5558,107585676,9798,2012-03-04,27,OZ,1,3.59
495367528,21,36,3618,104900040,23359,2012-10-28,240,OZ,1,5.99
495367528,21,9,902,102410020,44209,2013-02-10,7,OZ,1,1.99
495367813,21,29,2928,105480050,19039,2012-04-08,8.5,OZ,2,3.98
495367813,21,99,9909,1078970777,53320,2012-08-16,5,OZ,1,2.99
495367813,21,9,915,107341070,888,2013-01-16,11.75,OZ,1,2.49
495368399,21,2,202,1064420969,5345,2012-05-03,18.3,OZ,2,4.38
495368399,21,19,1908,105150050,16728,2012-05-11,16,OZ,1,4.19
495368399,21,9,907,101410010,13791,2012-07-03,14.5,OZ,1,1.74
495368399,21,51,5199,1070776171,365,2012-11-06,7,LB,2,3.18
495368399,21,3,302,102800020,30272,2013-02-03,12,OZ,2,5
495368424,21,58,5824,103526434,51696,2012-03-11,16,OZ,1,3.99
495368424,21,63,6315,104119040,16347,2012-05-12,32,OZ,1,1.39
495368424,21,24,2406,103760030,17027,2012-11-17,12,OZ,2,5.58
495368632,21,9,907,101410010,13791,2012-05-17,16,OZ,1,2.14
495368643,21,37,3705,105100050,2820,2012-12-11,18.8,OZ,4,8
495368643,21,35,3509,102420020,14716,2013-03-13,50,OZ,2,6.58
495369090,21,74,7407,107033070,1783,2013-01-18,4,CT,2,11.58
495369090,21,63,6315,104119040,16347,2013-03-11,64,OZ,1,2.49
495369169,21,97,9753,10000,0,2013-01-08,1,CT,1,2.71
495369169,21,9,918,101410010,13791,2013-02-10,5,OZ,1,3.1
495369169,21,9,907,107432373,1866,2013-03-14,20,OZ,1,1.99
495369185,21,63,6320,104119040,16347,2012-06-16,18,CT,1,1.65
495369383,21,26,2606,105543757,11482,2013-02-28,40,CT,1,0.99
495369519,21,26,2607,104119040,16347,2012-11-20,1,CT,1,1.19
495369519,21,5,516,101600010,12426,2013-03-29,8.9,OZ,1,2.99
495369643,21,38,3802,104920040,5098,2012-03-23,1,LB,1,1.59
495370046,21,41,4105,1072534272,12171,2012-03-04,28,OZ,1,2.99
495370046,21,21,2119,107618373,16756,2012-05-09,96,OZ,1,4.99
495370046,21,7,708,105543757,11482,2012-05-16,10.5,OZ,1,5.99
495370046,21,96,9609,1057800050,88199,2012-07-29,0,,1,-1
495370046,21,97,9753,10000,0,2012-11-06,1,CT,1,0.78
495370309,21,35,3504,103500030,13470,2012-11-08,25,OZ,1,2.79
495370970,21,4,419,10980090,6267,2012-04-02,5.3,OZ,1,3.49
495370970,21,5,501,101600010,85114,2012-10-13,16.2,OZ,1,4
495370970,21,36,3630,107800070,5208,2012-10-17,96,OZ,1,4.5
495370970,21,28,2806,103150030,12115,2013-01-19,12,OZ,1,1.79
495371746,21,29,2920,102970020,8711,2012-04-12,4,OZ,3,3
495371746,21,10,1012,102700020,23332,2012-09-06,13,OZ,1,1
495371746,21,37,3703,105100050,2820,2013-01-24,10.75,OZ,4,3.16
495371793,21,8,836,104119040,16347,2012-04-09,16,OZ,4,3.96
495371968,21,9,902,102410020,44209,2012-03-26,9,OZ,1,2.69
495372049,21,5,501,104119040,16347,2012-11-08,14.5,OZ,2,5.76
495372049,21,18,1898,103980030,5782,2013-01-01,2,CT,1,2.99
495372236,21,95,9518,1061029060,7848,2013-06-02,1,CT,1,2.99
495372239,21,27,2701,101113212,491,2012-04-04,13.2,OZ,5,4
495372239,21,17,1703,101980010,19934,2012-09-12,32,OZ,1,3.59
495372239,21,25,2506,104127141,26189,2012-11-09,16,OZ,2,4.58
495372239,21,53,5307,107056070,14005,2013-01-04,10,OZ,1,1.49
495372253,21,41,4107,102400020,4704,2012-03-18,15.25,OZ,1,1.19
495372253,21,9,901,104400040,3453,2012-10-15,13.72,OZ,1,3.49
495372253,21,97,9753,1020050121,0,2013-01-16,1,CT,1,8.9
495372306,21,63,6315,104119040,16347,2012-12-06,64,OZ,1,2.49
495372698,21,51,5132,1075341878,10302,2012-09-25,16,OZ,1,3.49
495372871,21,9,922,101099515,35538,2012-07-12,12,OZ,1,2.99
495372871,21,79,7902,107890878,46425,2012-07-14,1,CT,1,1
495372871,21,27,2709,102310020,18139,2013-01-10,3.45,OZ,1,1.89
495372909,21,72,7212,104770141,4800,2012-12-01,1,CT,1,5.99
495373169,21,3,310,107045070,4913,2012-06-14,16,OZ,1,8.99
495373169,21,18,1831,1088632383,33170,2012-12-26,1,CT,3,2.37
495373607,21,5,501,103800030,4352,2012-11-10,10.8,OZ,1,3.69
495373607,21,54,5402,101960010,1058,2012-12-27,14.5,OZ,1,2.79
495373950,21,35,3507,105170050,6335,2012-11-26,14,OZ,1,6.49
495373968,21,4,418,104000040,26517,2012-10-15,11.23,OZ,1,2.5
495373968,21,2,201,1064420969,5345,2013-04-19,18.25,OZ,1,1.89
495374239,21,99,9904,103338333,33170,2012-11-20,80,OZ,1,6.99
495374319,21,29,2923,104100040,9814,2012-06-21,4.9,OZ,1,1.34
495374319,21,95,9518,1061029060,6015,2012-08-04,1,CT,1,3.69
495374319,21,33,3302,107615070,194,2012-09-13,8.25,OZ,1,2
495374319,21,72,7208,103500030,3830,2013-02-14,1,CT,3,1.98
495374319,21,75,7501,101700010,4912,2013-02-22,12,OZ,1,2.99
495374319,21,25,2509,104119040,16347,2013-04-11,32,OZ,1,1.79
495375166,21,63,6305,104850040,18799,2012-04-14,59,OZ,1,2.99
495375166,21,56,5615,103651434,7627,2012-06-12,8,OZ,1,1.49
495375166,21,7,707,104300040,11339,2012-08-03,34.5,OZ,1,10.39
495375166,21,36,3604,107800070,2829,2012-12-31,33.8,OZ,2,2
495375413,16,63,6305,104850040,18799,2012-05-13,59,OZ,2,8.58
495375413,16,38,3801,104920040,5098,2012-12-05,4,LB,1,3.79
495375413,16,36,3611,106827464,30855,2013-04-14,405.6,OZ,1,4.99
495375419,21,41,4120,102700020,8612,2013-01-03,6,OZ,1,0.67
495375582,21,34,3402,107215171,6693,2012-09-24,6,OZ,1,2.79
495376018,21,99,9908,1060580666,7655,2012-05-20,12,OZ,1,2
495376497,21,22,2210,103700030,6947,2012-09-14,13.2,OZ,1,7.49
495376600,21,21,2117,108768484,2903,2012-07-17,60,OZ,1,2.69
495376600,21,13,1306,101600010,7366,2013-03-13,5,LB,2,5.78
495376600,21,56,5613,107403070,16922,2013-03-19,16,OZ,1,4.09
495376948,21,95,9518,107000070,7848,2012-07-23,1,CT,3,2.97
495377029,21,21,2119,105360050,17209,2012-08-19,60,OZ,1,1.69
495377029,21,4,411,1079070,81850,2012-12-09,5,OZ,1,1.39
495377080,21,25,2509,103450030,10165,2012-03-09,32,OZ,1,2.89
495377879,21,34,3405,101111111,5168,2012-06-04,24,OZ,1,7.89
495377890,21,19,1908,105150050,16728,2012-04-20,18,OZ,1,3.99
495377890,21,41,4121,102400020,3988,2012-12-11,15,OZ,4,4.76
495378137,21,56,5604,102756828,18794,2012-08-27,12,OZ,1,4.99
495378137,21,27,2712,1078436979,94952,2013-02-02,1,CT,1,2.99
495378139,21,69,6901,101904515,1342,2012-06-16,2.6,OZ,1,2.29
495378139,21,12,1206,104119040,16347,2012-06-20,5,OZ,4,5
495378354,21,31,3101,104119040,16347,2012-10-06,2,OZ,1,1.99
495378693,21,55,5558,107064070,2014,2012-06-08,27.6,OZ,3,8.97
495378693,21,21,2119,1061300868,867,2012-08-16,42,OZ,6,5.94
495378932,21,33,3308,104126242,92654,2012-04-13,8,OZ,1,1.64
495378932,21,36,3631,107380070,6226,2012-09-28,20,OZ,1,0.49
495378934,21,4,421,107097070,56002,2012-10-27,5,OZ,1,1
495378934,21,58,5831,107274575,13804,2013-02-02,24,OZ,1,5.99
495379718,21,5,519,104119040,16347,2012-11-16,12.3,OZ,1,1.69
495379718,21,63,6320,1071514171,25530,2013-01-07,12,CT,1,2.88
495380462,21,9,907,107341070,13291,2012-12-11,12,OZ,1,2.49
495380462,21,12,1205,108660080,2559,2013-02-13,5,OZ,10,10
495380600,21,63,6320,104119040,16347,2012-07-24,18,CT,1,2.69
495380600,21,97,9753,10000,0,2013-02-24,1,CT,1,0
495380888,21,9,902,102410020,44209,2012-05-02,21,OZ,1,4.79
495380949,21,9,907,101410010,13791,2012-03-14,24,OZ,1,2.79
495381230,21,32,3202,104119040,16347,2012-07-08,48,OZ,1,3.59
495381230,21,3,304,105210050,11382,2012-07-22,1,OZ,1,2.79
495381230,21,41,4106,104119040,16347,2013-01-20,8,OZ,1,2.49
