601174222,96,4,418,103400030,15113,2012-10-21,8,OZ,1,3.99
601174491,96,5,501,105844959,12466,2012-05-23,10,OZ,1,3.99
601178058,96,5,501,1088491282,8459,2013-03-24,18,OZ,1,3
601178241,96,23,2301,103003434,7175,2012-08-16,16,OZ,2,2
601178241,96,26,2620,103003434,7175,2013-03-01,51,CT,1,1.29
601180288,96,36,3611,101200010,803,2012-06-23,405.6,OZ,2,6.67
601180288,96,0,0,10000,0,2012-08-24,0,,1,-4.1
601180288,96,31,3111,104150040,6714,2012-11-10,6,OZ,2,5.98
601181809,96,72,7208,103500030,3830,2012-08-28,4,CT,1,2.49
601184234,96,51,5115,107192171,78492,2012-10-02,16.1,OZ,1,6.99
601184234,96,63,6305,102500020,16489,2012-10-16,59,OZ,1,3.99
601184234,96,33,3307,103003434,28496,2012-12-04,14,OZ,1,6.99
601184234,96,96,9632,107675070,532,2012-12-11,1,CT,1,30
601186457,96,58,5837,103003434,7175,2012-09-03,2.3,OZ,1,3.49
601187818,96,27,2709,105000050,6775,2012-07-28,2.1,OZ,2,3
601187818,96,0,0,10000,0,2013-01-19,0,,2,0
601187818,96,36,3636,104300040,4371,2013-03-19,192,OZ,1,3.99
601187818,96,49,4901,103003434,7175,2013-04-15,32,OZ,1,2.99
601190030,96,4,418,103400030,8247,2012-05-08,9.3,OZ,1,5.19
601190633,96,33,3311,102840020,27521,2012-06-06,10.5,OZ,2,6
601192528,96,17,1709,102570020,27327,2012-04-02,18,OZ,1,11.79
601192808,96,9,907,103003434,7175,2012-08-17,20,OZ,1,1.19
601192808,96,96,9609,1054119656,88199,2012-11-01,0,,1,-1
601194736,96,27,2702,101780010,14717,2012-03-11,18,LB,1,12.99
601194736,96,55,5559,107756777,14286,2012-07-06,21.6,OZ,1,4.5
601194736,96,45,4511,102370020,18969,2012-07-29,25,OZ,3,23.97
601194736,96,96,9609,1054116757,88199,2012-08-18,0,,1,-1
601194736,96,63,6320,103003434,7175,2012-12-22,12,CT,2,3.86
601196255,96,3,310,107069070,6386,2013-02-24,5,OZ,1,2.25
601197627,96,37,3705,105100050,2820,2012-05-13,18.8,OZ,2,4.78
601197627,96,9,907,107131979,16021,2012-09-02,22,OZ,1,2.19
601197627,96,36,3601,101200010,13794,2012-12-02,144,OZ,2,7.34
601197627,96,0,0,10000,0,2013-01-11,0,,1,0
601202377,96,72,7205,1031031030,13213,2012-10-20,2,OZ,1,2.89
601203876,96,21,2119,104100040,10522,2012-04-18,16,OZ,1,1.5
601208372,96,41,4120,102400020,3988,2012-07-08,6,OZ,2,1.5
601208372,96,9,907,107131979,16021,2013-03-24,20,OZ,1,2.5
601208372,96,33,3311,103003434,7175,2013-05-22,10,OZ,1,2.99
601212776,96,36,3604,107380070,6226,2012-04-05,20,OZ,1,0.59
601213757,96,58,5824,107778272,9260,2012-06-23,19,OZ,2,12.38
601213757,96,96,9609,10990000090,88199,2012-09-29,0,,1,5.33
601213757,96,63,6320,103003434,7175,2012-10-21,12,CT,1,1.69
601214172,96,57,5704,107047070,20230,2012-05-15,6,OZ,4,2.4
601214172,96,21,2117,108768484,2903,2012-07-13,60,OZ,3,8
601215508,96,5,502,101600010,1756,2012-10-19,8,OZ,8,16
601215508,96,97,9799,1071441575,5991,2012-12-20,1,CT,2,7.98
601215508,96,26,2628,103700030,2248,2013-02-14,8,RL,1,12.99
601216014,96,29,2914,102100020,9886,2012-12-01,14,OZ,1,2
601218595,96,0,0,10000,0,2012-07-05,0,,1,-0.32
601221088,96,4,416,102800020,2631,2012-11-18,2.1,OZ,2,1
601221088,96,33,3303,103003434,7175,2013-05-12,10.5,OZ,1,2.7
601222775,96,5,516,103000030,14760,2012-09-16,6.7,OZ,4,10
601222775,96,15,1506,104114343,17593,2012-10-02,5,OZ,1,4.29
601224360,96,79,7902,1060813666,46405,2012-11-13,0,,1,1
601232119,96,81,8101,102720020,13461,2012-07-01,10,CT,1,45.77
601232119,96,58,5830,107389070,17549,2013-03-16,12,OZ,1,3.99
601232527,96,33,3314,103000030,14760,2012-06-26,3.52,OZ,2,3.34
601232527,96,41,4108,107089070,9218,2012-11-13,15.5,OZ,1,1
601236091,96,36,3601,104900040,3809,2013-03-24,144,OZ,2,4
601239808,96,55,5557,107258676,36074,2012-05-31,16,OZ,1,3.99
601242798,96,45,4514,103003434,7175,2013-02-21,24,OZ,1,8.99
601243535,96,29,2928,104100040,9814,2012-05-16,5.7,OZ,2,2.5
601243535,96,32,3204,103003434,7175,2012-06-09,17,OZ,1,4.99
601243535,96,33,3350,107317070,13069,2012-07-07,8,OZ,1,5.99
601245528,96,6,608,1063810262,20375,2013-06-05,1.23,OZ,2,1.5
601246740,96,10,1010,105260050,6520,2012-11-06,16,OZ,1,2.5
601246863,96,57,5705,104667545,20216,2012-03-16,15,OZ,1,3.19
601246863,96,96,9632,107675070,25169,2012-11-29,1,CT,1,25
601246863,96,57,5705,104667545,20216,2012-12-15,15,OZ,1,3
601252850,96,9,920,103010030,9530,2013-03-21,11,OZ,1,2.5
601253765,96,27,2706,105000050,6132,2012-11-17,3,OZ,6,5
601254086,96,0,0,10000,0,2013-02-12,0,,1,0
601256407,96,4,418,103400030,452,2012-10-27,20.1,OZ,1,5.79
601256407,96,26,2609,101122515,19197,2013-02-16,100,CT,1,1.89
601257290,96,33,3303,103003434,7175,2012-06-11,10,OZ,1,3
601257290,96,51,5106,103100030,9626,2013-01-08,7,OZ,1,2.69
601258429,96,0,0,10000,0,2013-06-17,0,,1,-1.5
601258501,96,25,2509,103003434,7175,2012-09-27,32,OZ,1,2.99
601258501,96,4,418,104000040,26517,2012-12-01,9.9,OZ,1,2.77
601261346,96,63,6313,103003434,7175,2013-01-13,12,OZ,1,1.5
601261346,96,99,9909,107127979,6732,2013-02-24,12,OZ,1,1.49
601261561,96,33,3314,103000030,14760,2012-03-22,7.04,OZ,1,2.99
601261561,96,9,907,107131979,16021,2012-07-10,16,OZ,1,3.79
601271432,96,33,3315,103003434,28496,2012-11-26,8,OZ,1,2.99
601271432,96,96,9609,1052000050,88199,2013-01-03,0,,2,-1
601276978,96,63,6315,103003434,7175,2012-12-27,64,OZ,1,1.96
601280540,96,51,5134,104280040,18599,2012-10-08,19.8,OZ,1,4.59
601288497,96,31,3101,105210050,11382,2012-06-16,2.62,OZ,1,3.5
601289758,96,63,6320,103003434,7175,2013-02-19,12,CT,1,1.79
601293299,96,26,2622,101370010,8154,2013-04-21,30,CT,1,3
601301813,96,97,9753,10000,0,2012-05-25,1,CT,1,1.03
601301813,96,36,3604,107800070,16023,2013-01-06,33.8,OZ,1,1.35
601304448,96,36,3630,101200010,13794,2012-09-03,67.6,OZ,2,3.98
601305052,96,58,5811,1085323989,21550,2012-03-02,16,OZ,1,16.99
601305052,96,36,3601,101200010,13794,2012-04-10,144,OZ,2,7.34
601305052,96,4,421,107097070,56002,2012-09-18,8.3,OZ,1,1
601305052,96,5,502,101600010,12021,2012-09-21,8,OZ,2,-0.5
601305052,96,38,3801,104920040,5098,2013-06-14,4,LB,1,2.29
601310113,96,97,9731,10842181,92060,2012-09-22,1,CT,2,9.98
601310113,96,63,6399,102301222,27492,2013-04-04,10.5,OZ,1,6.49
601310113,96,63,6315,103003434,7175,2013-06-14,128,OZ,2,5
601312709,96,41,4107,102400020,4704,2012-06-21,28,OZ,1,2
601312709,96,21,2119,107618373,16756,2012-07-13,96,OZ,7,34.93
601312709,96,41,4107,102400020,4704,2012-08-10,28,OZ,1,2
601312739,96,33,3305,102840020,5141,2012-03-04,1.25,OZ,4,2
601316794,96,25,2509,102047121,55078,2012-06-27,32,OZ,1,3.19
601316794,96,37,3706,104119646,14582,2013-03-03,19,OZ,13,16.25
601317005,96,99,9908,103338333,33170,2012-07-17,16,OZ,1,1.49
601318390,96,0,0,10000,0,2012-06-02,0,,1,0
601318390,96,99,9904,1071575676,5278,2012-06-02,6,OZ,2,3.98
601318390,96,26,2613,103003434,7175,2012-10-18,26,CT,1,6.49
601318390,96,4,410,107362171,13946,2012-12-14,11,OZ,1,3
601318390,96,57,5707,1081829080,21065,2013-04-06,18,OZ,1,2.5
601320889,96,0,0,10000,0,2012-12-01,0,,1,-0.15
601322909,96,53,5307,101450010,20864,2012-04-30,12,OZ,1,1.79
601322909,96,0,0,10000,0,2012-05-30,0,,2,0
601328137,96,36,3618,101200010,23361,2013-05-27,50.7,OZ,1,0.99
601328898,96,8,805,105440050,23210,2013-04-05,15,OZ,1,5.99
601328898,96,63,6323,104190040,4170,2013-06-26,32,OZ,1,1.95
601330569,96,33,3302,102389626,14268,2012-09-09,11.2,OZ,1,5.79
601330569,96,9,907,103003434,7175,2013-02-11,12,OZ,2,1.98
601330569,96,8,810,104150141,13296,2013-02-16,1.25,OZ,1,0.89
601330762,96,8,818,103620030,14868,2012-10-05,45,OZ,1,3
601330762,96,96,9609,1054132252,88199,2013-02-09,0,,1,-0.75
601331289,96,13,1306,101600010,7366,2013-06-15,5,LB,1,3.75
601334041,96,4,416,103400030,20231,2013-01-13,1.4,OZ,2,2
601338694,96,36,3634,1078616272,7237,2012-12-28,101.4,OZ,2,11.98
601338694,96,23,2301,107680878,1393,2013-01-27,14.5,OZ,2,4.58
601339394,96,92,9212,107124979,21913,2012-05-06,0.01,OZ,1,8.49
601340712,96,41,4108,103003434,7175,2012-04-13,7.75,OZ,4,3.16
601341751,96,26,2608,103003434,7175,2012-03-09,24,CT,1,1.69
601341751,96,26,2628,103700030,2248,2012-07-27,1,RL,1,1.69
601341751,96,74,7407,1084105888,15983,2013-01-04,4,CT,1,5.99
601347310,96,26,2633,101122515,19197,2012-04-12,12,RL,1,5.39
601348468,96,53,5305,102000020,7655,2012-08-14,10,OZ,1,1
601348468,96,53,5305,102000020,7655,2012-09-04,10,OZ,2,2
601351785,96,9,901,103010030,9530,2013-01-29,12.6,OZ,1,3.99
601355799,96,63,6315,103003434,7175,2012-07-15,64,OZ,1,1.91
601355799,96,28,2805,107299979,98643,2012-10-20,6,OZ,1,1.88
601358840,96,21,2114,103003434,7175,2012-11-29,15,OZ,1,2
601360512,96,99,9904,1071575676,5278,2012-05-12,16,OZ,2,3.98
601360512,96,8,811,104112949,3635,2012-09-01,24,OZ,1,2.5
601360512,96,9,907,107131979,16021,2012-10-06,18,OZ,1,1.99
601362621,96,63,6311,103003434,28496,2012-08-05,64,OZ,1,2.79
601364066,96,37,3707,102400020,3843,2012-04-28,14.5,OZ,13,14.17
601364066,96,58,5811,1085323989,21550,2012-08-18,16,OZ,1,12.99
601364066,96,57,5703,103663232,4568,2012-08-29,6,OZ,3,2.1
601364066,96,63,6321,102540020,1008,2012-08-29,7,OZ,1,2.89
601364066,96,35,3506,103700030,3068,2012-10-05,38.1,OZ,1,13.99
601364066,96,8,818,107090070,4697,2013-06-09,26,OZ,1,2.99
601369490,96,29,2904,102100020,19279,2013-03-24,12.8,OZ,1,3.49
601370986,96,63,6328,107590070,2073,2013-04-22,20,OZ,1,2.89
601371307,96,64,6409,101098616,9574,2012-10-05,0.75,LT,1,19.99
601373508,96,72,7205,103320030,305,2012-04-26,6,OZ,1,0.99
601375544,96,96,9609,1057274555,88199,2012-08-31,0,,1,-0.75
601375544,96,0,0,10000,0,2012-11-05,0,,1,0
601377334,96,58,5823,103760030,8501,2012-07-12,8,OZ,1,3.79
601377334,96,37,3705,103003434,7175,2013-02-07,14.5,OZ,2,5.38
601380455,96,97,9753,10999,0,2012-07-18,0,OZ,2,0
601380666,96,26,2620,104116545,16879,2013-02-14,30,CT,1,3.69
601383983,96,57,5704,107047070,20230,2012-05-10,4,OZ,1,0.6
601383983,96,56,5610,103003434,7175,2013-04-12,8,OZ,1,2.79
601389828,96,9,907,103003434,7175,2012-08-18,20,OZ,1,1.69
601392779,96,31,3108,104127848,9084,2012-07-23,4,OZ,1,2.39
601393479,96,22,2211,107261373,16794,2012-07-19,40,CT,1,1.99
601393479,96,26,2620,104116545,16879,2012-08-06,50,CT,1,6.19
601393594,96,0,0,10000,0,2012-12-28,0,,1,0
601394563,96,28,2804,103003434,7175,2012-05-13,16,OZ,1,2
601394563,96,58,5828,107590070,2073,2012-10-14,8,OZ,1,2.99
601394563,96,0,0,10000,0,2012-11-25,0,,1,-2.32
601414395,96,8,809,101300010,8164,2012-10-14,12,OZ,1,1
601414851,96,63,6315,103003434,7175,2012-08-12,64,OZ,2,5.98
601417025,96,51,5132,101125111,3526,2012-04-30,11,OZ,1,3.99
601417025,96,97,9753,10000,0,2013-01-17,1,CT,1,1.21
601425558,96,9,901,108201181,12197,2012-09-29,16,OZ,1,1.88
601430742,96,56,5619,102100020,19279,2012-12-19,32,OZ,1,5.99
601431585,96,37,3709,107066272,12673,2012-07-26,18,OZ,1,1.79
601433268,96,21,2112,1073762878,18216,2012-05-19,13.66,OZ,1,2.99
601433838,96,99,9909,103003434,7175,2012-11-17,12,OZ,1,2.99
601433838,96,55,5558,104154848,5603,2012-12-28,5.8,OZ,3,3.75
601434137,96,96,9632,107675070,101639,2012-11-07,1,CT,3,150
601434660,96,8,814,104156545,13412,2012-06-25,16,OZ,2,5.98
601435014,96,9,901,109370999,13476,2012-04-09,7,OZ,1,4.59
601435014,96,51,5115,107192171,18492,2012-04-24,20.5,OZ,1,5.88
601435046,96,96,9609,1051410050,88199,2012-10-16,0,,1,-1
601435046,96,33,3308,102840020,3336,2012-11-13,8,OZ,1,3.5
601435906,96,56,5620,102100020,9886,2013-01-26,8,OZ,5,10
601440675,96,33,3303,102840020,10241,2012-03-16,8.5,OZ,2,6.98
601440675,96,9,907,107131979,4173,2012-08-31,16,OZ,1,2
601440675,96,72,7203,1031254737,10554,2012-11-28,33.8,OZ,1,4.99
601440675,96,58,5823,103003434,7175,2013-02-09,9,OZ,1,4.29
601442537,96,9,902,103800030,17050,2012-06-25,8,OZ,2,4
601442667,96,9,907,107131979,16021,2012-07-06,12,OZ,1,2
601444665,96,23,2301,103003434,7175,2012-06-12,12,OZ,1,2.19
601445845,96,26,2614,103600030,9878,2012-04-20,24,CT,1,3.59
601445845,96,57,5704,104667545,20216,2012-05-07,6,OZ,2,1.6
601445845,96,3,302,102800020,30272,2013-03-02,11.5,OZ,1,3.29
601446235,96,0,0,10000,0,2012-06-06,0,,1,0
601446235,96,71,7113,102240020,18715,2012-08-15,32,OZ,1,3.33
601450804,96,37,3706,104119646,14582,2012-04-05,19,OZ,4,10
601450804,96,26,2619,101370010,8154,2013-01-24,18,CT,1,7.99
601451077,96,0,0,10000,0,2012-11-14,0,,1,0
601453866,96,63,6314,107342070,4529,2012-03-15,16,OZ,2,5
601456847,96,60,6007,101800010,14029,2012-04-15,13.2,OZ,1,3
601456847,96,58,5824,104450040,8318,2012-05-21,14,OZ,1,3
601457383,96,95,9518,1061029060,7848,2013-05-09,1,CT,2,10.98
601458492,96,21,2117,104300040,26420,2012-06-03,60,OZ,2,4
601458492,96,56,5617,102100020,9886,2012-12-29,12,OZ,1,2.99
601459897,96,75,7533,101101717,25703,2012-12-28,2,CT,1,7.79
601459897,96,29,2904,101600010,21633,2013-01-04,5.6,OZ,1,2
601459968,96,9,907,107131979,16021,2012-07-20,20,OZ,1,2.89
601463420,96,26,2622,101090010,15232,2012-04-06,2,CT,1,2.69
601463420,96,53,5307,103003434,7175,2012-09-01,16,OZ,2,4.58
601465490,96,5,517,103800030,69260,2013-02-17,10.4,OZ,1,3.49
601465490,96,51,5116,103003434,7175,2013-03-10,28.2,OZ,1,3.99
601467989,96,96,9609,1053700050,88199,2013-02-16,0,,1,-0.25
601467989,96,26,2629,104200040,5016,2013-03-03,180,CT,1,3.29
601468894,96,4,416,104000040,56360,2012-10-04,2.93,OZ,1,1.49
601475155,96,42,4230,103534232,25206,2012-09-29,3.5,OZ,1,2.99
601475155,96,26,2630,103600030,9787,2012-10-27,50,CT,2,4.58
601479210,96,96,9609,1055100050,88199,2012-11-09,0,,1,-0.4
601479210,96,26,2633,105400050,16048,2012-12-24,4,RL,1,4.49
601479210,96,10,1013,103890030,5072,2013-01-26,8,OZ,1,2.29
601479210,96,0,0,10000,0,2013-03-18,0,,2,2.4
601480508,96,51,5125,101380010,10271,2012-04-03,9.38,OZ,2,7.78
601480508,96,57,5707,107047070,20230,2012-07-05,16,OZ,1,2.5
601482246,96,96,9609,10990000090,88199,2013-03-23,0,,2,0
601485387,96,27,2707,105000050,6775,2012-11-14,1.01,LB,1,1.99
601485387,96,0,0,10000,0,2012-12-19,0,,1,0
601487106,96,30,3008,104133545,43106,2012-10-03,16,OZ,1,2.99
601489800,96,53,5307,101450010,20864,2012-04-30,12,OZ,1,1.79
601489800,96,8,801,101300010,8164,2012-06-25,32,OZ,1,3.29
601489800,96,21,2108,103003434,7175,2012-10-23,64,OZ,1,2.85
601490147,96,8,826,104150040,6667,2012-11-08,12,OZ,1,3.19
601491893,96,8,830,104019646,494,2012-09-15,12,OZ,1,5.79
601491893,96,59,5906,104060040,26155,2012-11-24,16,OZ,1,2.99
601491893,96,18,1829,104650040,7249,2013-02-23,1,CT,1,3.79
601491893,96,7,703,104300040,11339,2013-03-02,8.7,OZ,2,6.98
601492933,96,9,907,107341070,2437,2012-08-01,24,OZ,1,2.14
601492933,96,0,0,10000,0,2013-01-06,0,,1,0
601492933,96,41,4108,107089070,9218,2013-01-06,15.5,OZ,2,2
601492968,96,26,2622,102570020,20361,2012-05-05,15,CT,1,3.09
601492968,96,36,3618,101200010,23361,2012-11-14,144,OZ,1,3.67
601496720,96,41,4107,104122343,16783,2012-06-20,14,OZ,1,1.35
601496720,96,27,2701,101113212,491,2012-09-24,13.2,OZ,10,8
601497626,96,10,1013,103890030,5072,2012-05-01,17.2,OZ,1,2.59
601501563,96,51,5125,101380010,10271,2012-07-05,9.13,OZ,1,2
601503801,96,3,303,105210050,2732,2013-03-29,2.1,OZ,1,2.69
601506360,96,19,1906,105150050,16728,2012-05-17,12.75,OZ,1,3.5
601506360,96,37,3703,105100050,2820,2013-01-12,26,OZ,1,3.19
601510977,96,99,9904,1071575676,5278,2012-06-30,16,OZ,1,3
601510977,96,28,2805,103003434,7175,2013-01-12,6,OZ,1,1
601511795,96,99,9901,103003434,7175,2012-11-18,1,OZ,2,5.98
601515836,96,8,826,107550070,18204,2012-07-27,12,OZ,1,2.49
601515836,96,57,5704,104667545,20216,2013-01-03,16,OZ,1,3
601516524,96,22,2210,103700030,5174,2012-03-20,129,OZ,1,12.79
601516524,96,96,9609,1051450050,88199,2013-02-07,0,,2,-1
601520399,96,97,9770,109901595,33170,2012-04-03,1,CT,1,-1.59
601520399,96,22,2211,103700030,2246,2012-09-12,160,CT,2,17.18
601520399,96,56,5620,101122515,19197,2012-10-24,8,OZ,2,4.58
601524829,96,9,907,107632373,13281,2013-01-17,16,OZ,1,2.99
601524829,96,36,3632,107800070,17635,2013-02-06,144,OZ,1,4.99
601525726,96,29,2928,101530010,58299,2012-08-20,6.9,OZ,2,2.98
601525726,96,29,2930,106414464,3342,2013-02-08,7.5,OZ,2,2
601528021,96,31,3111,101411313,71215,2012-07-10,3.5,OZ,1,2.99
601528665,96,0,0,10000,0,2012-08-26,0,,1,0
601529715,96,99,9904,1066529060,52314,2012-05-27,16,OZ,1,2.48
601531315,96,70,7002,1030813737,25162,2012-08-28,80,CT,1,2.96
601531315,96,30,3001,104800141,8178,2013-03-05,15,OZ,1,3.39
601531709,96,4,418,102800020,55321,2012-10-08,12.5,OZ,1,2.69
601531709,96,74,7405,1084105888,15983,2013-01-27,3,CT,1,10.99
601534339,96,63,6320,103003434,7175,2013-01-25,12,CT,1,1.25
601534339,96,21,2106,105100050,27873,2013-05-11,64,OZ,1,1.99
601538398,96,25,2506,104127141,26189,2012-10-15,16,OZ,1,1.67
601538398,96,0,0,10000,0,2012-12-06,0,,1,0
601538398,96,1,104,101500010,7142,2013-07-07,32,OZ,2,5
601539279,96,0,0,10000,0,2012-11-10,0,,2,0
601539279,96,63,6315,103003434,7175,2013-03-10,64,OZ,1,1.79
601541884,96,56,5620,104610040,15889,2012-09-29,8,OZ,1,2.99
601546407,96,70,7002,103680030,18533,2012-11-02,30,CT,1,2.19
601546407,96,0,0,10000,0,2013-06-03,0,,1,0
601546875,96,51,5123,107218070,2148,2013-02-13,22.66,OZ,1,2
601551120,96,4,416,104000040,16765,2012-03-02,2.07,OZ,1,1
601552644,96,27,2704,107910070,30096,2012-03-10,18,OZ,2,5
601552644,96,96,9609,1051514151,88199,2013-01-06,0,,1,-0.5
601553173,96,36,3601,104900040,3809,2012-04-22,67.6,OZ,4,6
601553173,96,33,3312,102840020,10241,2013-05-28,5.5,OZ,1,1
601553227,96,0,0,10000,0,2012-09-30,0,,1,0
601557046,96,22,2214,102340020,70411,2012-03-07,76,OZ,1,5.09
601557046,96,97,9717,102519222,33170,2013-02-02,1,CT,1,6.99
601558502,96,57,5704,103663232,4568,2012-08-14,16,OZ,2,4
601560221,96,63,6325,107590070,2073,2012-03-19,28,OZ,1,5.69
601560221,96,8,817,102700020,8612,2012-10-16,24,OZ,1,1.25
601560221,96,36,3612,103003434,7175,2012-11-17,128,OZ,1,0.89
601562538,96,59,5907,101111515,8760,2012-09-29,16,OZ,1,0.99
601563227,96,55,5567,107585676,9798,2012-03-26,24,OZ,1,3.5
601563477,96,22,2210,107261373,16794,2012-04-13,32,OZ,1,4.39
601563477,96,5,516,107431272,82292,2012-06-07,2,OZ,1,1.25
601563477,96,27,2710,107023070,18373,2012-06-25,14,LB,1,6.99
601563477,96,37,3707,103003434,7175,2012-08-31,32,OZ,1,2.5
601563477,96,51,5125,101380010,10271,2013-01-12,9.5,OZ,2,5
601563659,96,9,917,107373171,11786,2013-01-06,20,OZ,1,2.99
601564497,96,73,7349,101650010,3586,2012-05-21,200,CT,1,12.99
601565297,96,51,5125,101380010,10271,2012-05-09,9.25,OZ,1,4.29
601568538,96,99,9909,107127979,6732,2012-05-27,7,OZ,1,3
601568538,96,51,5115,107218070,6718,2012-07-31,20.28,OZ,1,6.99
601568570,96,63,6320,103003434,7175,2012-07-07,12,CT,1,0.99
601568832,96,14,1416,103003434,7175,2012-11-11,15,OZ,1,1.5
601571073,96,57,5710,105215959,41981,2012-07-23,5.3,OZ,4,8
601577910,96,33,3308,102840020,3336,2012-12-07,9.75,OZ,1,2.5
601578722,96,36,3630,107800070,23561,2012-12-18,144,OZ,2,9.98
601578722,96,17,1707,104159848,19708,2013-05-24,30,CT,1,6.49
601583077,96,97,9753,1022573929,0,2012-06-14,1,CT,1,3.23
601583077,96,23,2310,104116444,27731,2012-08-20,16,OZ,2,5.5
601583077,96,37,3705,105100050,2820,2012-12-05,18.8,OZ,6,12
601584012,96,63,6319,107047474,6965,2013-01-13,64,OZ,1,3.19
601584032,96,99,9904,105410757,33170,2013-02-01,48,OZ,1,3.99
601584238,96,56,5607,102100020,13967,2012-12-21,8,OZ,2,4
601585089,96,53,5307,101450010,20864,2012-07-28,10,OZ,2,5
601585089,96,63,6320,103003434,7175,2012-09-20,6,CT,1,0.88
601585089,96,63,6305,104850040,18799,2012-11-15,59,OZ,1,3
601588058,96,4,417,103400030,15113,2013-03-30,7.2,OZ,1,3
601588216,96,99,9904,1066529060,52314,2012-06-04,16,OZ,2,6
601588216,96,0,0,10000,0,2012-06-06,0,,1,0
601588216,96,8,814,104156545,13412,2012-10-19,16,OZ,1,2.99
601588216,96,56,5615,102100020,4218,2012-10-19,8,OZ,1,3.99
601588715,96,53,5305,102000020,7655,2012-03-26,9,OZ,2,4
601588715,96,21,2105,105200050,7054,2012-05-14,72,OZ,1,3.29
601588715,96,29,2902,105100050,2820,2012-05-31,19,OZ,2,5.58
601588715,96,29,2907,104600040,13023,2012-09-13,4.6,OZ,1,2.39
601588715,96,57,5705,103663232,4568,2012-09-21,24,OZ,2,4
601588715,96,51,5115,107192171,18492,2012-10-27,20.5,OZ,1,3.04
601589311,96,0,0,10000,0,2012-05-27,0,,1,0
601589311,96,63,6315,104138343,10091,2012-12-02,64,OZ,1,3.86
601589358,96,63,6305,102500020,11749,2012-11-17,59,OZ,1,3.34
601589358,96,63,6320,1071514171,25530,2012-12-01,12,CT,1,3.19
601598053,96,70,7001,103680030,18533,2012-08-11,16,OZ,1,2.59
601598053,96,74,7404,107940070,1141,2013-01-26,4,OZ,2,7
601599304,96,53,5307,101450010,20864,2012-06-04,12,OZ,2,5
601599304,96,63,6305,102500020,16489,2012-10-02,59,OZ,1,3.5
601599919,96,33,3314,103000030,14760,2012-04-01,6.06,OZ,1,2.99
601599919,96,55,5552,107068272,19280,2012-12-09,56,OZ,1,6.49
601599919,96,33,3316,102410020,44209,2012-12-12,9.75,OZ,1,2.5
601601101,96,7,709,109955595,31032,2012-04-21,4.87,OZ,1,9.99
601601101,96,33,3315,101122515,19197,2013-03-19,10,OZ,1,2.99
601602287,96,40,4005,107073474,25373,2012-05-20,1,OZ,1,3.49
601605819,96,9,902,103003434,7175,2012-12-07,8,OZ,1,2.89
601606632,96,37,3711,1081571282,7175,2012-11-19,24,OZ,1,6.49
601609229,96,9,907,107341070,2437,2012-04-18,20,OZ,1,2.99
601609430,96,0,0,10000,0,2012-08-18,0,,1,0
601609430,96,23,2301,108912585,14816,2012-10-02,8,OZ,1,3.59
601609430,96,20,2002,105100050,27873,2012-11-18,46,OZ,1,3.99
601609430,96,26,2614,1030800434,2964,2012-12-14,42,CT,1,3.39
601609430,96,8,826,104150040,6667,2013-02-02,12,OZ,1,2.5
601610765,96,55,5552,107756777,2347,2012-07-14,48,OZ,1,3.34
601610765,96,27,2704,103810030,14717,2012-09-07,7,OZ,1,3.5
601610765,96,97,9753,1022602020,0,2013-01-11,1,CT,1,4.29
601611479,96,51,5128,1071785474,11614,2012-09-15,8.5,OZ,1,1
601614834,96,60,6001,105000050,30272,2012-05-12,16,OZ,1,3.19
601618467,96,9,907,107131979,16021,2012-04-29,16,OZ,1,3.79
601619621,96,16,1601,102200020,9347,2012-05-09,45,CT,1,2.79
601619621,96,55,5556,104154848,5603,2012-07-03,48,OZ,1,3.34
601619621,96,56,5615,102100020,9886,2013-03-06,8,OZ,1,2
601622011,96,4,416,107920070,20031,2012-05-24,3.5,OZ,2,4.98
601622011,96,56,5613,103003434,7175,2012-10-09,15,OZ,1,2.5
601628193,96,58,5812,1063690666,12339,2012-07-06,14,OZ,1,3.99
601628193,96,9,902,104400040,15335,2012-09-21,15.1,OZ,1,2.5
601633013,96,58,5836,107590070,2073,2012-12-08,20,OZ,2,11.38
601633013,96,56,5609,103003434,7175,2013-02-02,24,OZ,1,2.69
601633778,96,43,4302,107027272,15085,2012-11-21,6.5,OZ,1,2
601635154,96,57,5704,107047070,20230,2012-03-15,4,OZ,1,0.75
601635154,96,26,2630,103600030,9787,2012-12-14,184,CT,3,4.5
601635154,96,96,9609,1057047050,88199,2013-01-25,0,,1,-0.75
601637322,96,8,803,104150040,6714,2013-04-28,12,OZ,1,1.5
601639795,96,0,0,10000,0,2013-03-22,0,,1,0
601642439,96,74,7407,104740040,7196,2013-03-28,4,CT,1,5.49
601642628,96,63,6311,108259282,12297,2013-01-29,15.2,OZ,3,8.07
601642932,96,99,9909,107127979,6732,2012-03-18,6.5,OZ,2,6
601642932,96,18,1802,104667747,13970,2013-02-27,3,CT,1,7.39
601643204,96,33,3303,103003434,7175,2012-09-09,10,OZ,2,5
601643204,96,30,3010,107020070,11244,2013-04-28,16,OZ,1,2.49
601645298,96,33,3301,102840020,16680,2012-05-13,9,OZ,1,3.99
601645298,96,63,6315,103003434,7175,2012-12-23,128,OZ,1,3.96
601646293,96,41,4107,102400020,4704,2012-10-19,14.5,OZ,1,1
601652394,96,97,9753,10000,0,2012-12-01,1,CT,2,11.13
601656624,96,5,516,103010030,9530,2012-05-30,7.4,OZ,1,2.5
601663389,96,9,902,104400040,19783,2012-04-08,10,OZ,1,3.59
601663389,96,9,907,107131979,16021,2012-06-17,22,OZ,1,2.19
601663389,96,56,5609,102100020,2321,2012-11-17,16,OZ,1,2.49
601663563,96,41,4108,103940030,71386,2012-06-01,15.5,OZ,2,2.38
601663563,96,37,3703,103003434,7175,2013-03-22,10.5,OZ,1,0.39
601663563,96,33,3302,102389626,14268,2013-06-13,32,OZ,2,11.98
601664201,96,12,1206,108660080,2559,2012-07-15,5,OZ,2,3.18
601664201,96,5,519,103000030,14760,2012-10-01,2.64,OZ,3,4.5
601664201,96,38,3802,103003434,7175,2012-11-06,1,LB,1,1
601664613,96,4,418,102800020,2631,2012-09-05,12.5,OZ,1,2.69
601665785,96,57,5705,107047070,20230,2013-03-03,6,OZ,10,5
601666823,96,26,2609,101370010,8154,2012-03-30,24,CT,1,1.67
601666823,96,5,501,101600010,4009,2012-03-30,11.25,OZ,1,3.79
601666823,96,63,6319,107654575,17876,2012-04-27,128,OZ,2,4.98
601666823,96,29,2928,101530010,58299,2012-08-25,6.9,OZ,1,1
601666823,96,29,2914,102100020,9886,2012-09-14,7.25,OZ,3,3
601666823,96,33,3318,104141949,3909,2012-10-06,7,OZ,2,4
601669194,96,99,9904,1066529060,52314,2012-07-16,16,OZ,1,3
601669484,96,29,2903,106414464,3342,2012-05-10,15,OZ,2,2
601676313,96,18,1829,104650040,7249,2012-03-26,1,CT,2,8.18
601676313,96,29,2924,105480050,19039,2012-10-08,28,OZ,1,1.5
601676313,96,27,2712,103680030,13656,2013-01-14,1,CT,1,0.45
601678673,96,41,4108,103003434,7175,2012-10-06,15,OZ,1,0.9
601682584,96,29,2928,105480050,19039,2012-08-25,8.8,OZ,2,4.78
601682584,96,26,2622,102570020,20361,2013-06-16,120,CT,1,4.19
601685748,96,8,805,107067070,15112,2012-03-31,9,OZ,1,2.69
601685748,96,33,3316,101600010,3397,2012-05-24,8.75,OZ,1,2.79
601686026,96,5,501,103800030,6790,2013-02-17,12.2,OZ,1,2.5
601686026,96,60,6012,101800010,14029,2013-03-03,17.5,OZ,1,3.99
601691100,96,29,2902,101490010,19995,2012-09-18,15,OZ,1,1.5
601694654,96,56,5616,104610040,15889,2012-03-14,7,OZ,1,3.29
601696683,96,63,6320,103003434,7175,2012-07-28,18,CT,1,2.47
601696791,96,24,2403,103003434,7175,2012-12-06,10,OZ,1,2.99
601698195,96,9,902,103010030,9530,2012-04-01,12,OZ,1,4.69
601698195,96,63,6315,103003434,7175,2012-06-12,128,OZ,1,3.37
601698195,96,62,6201,102973626,7574,2012-10-04,16,OZ,1,2.99
601698195,96,33,3303,102840020,10241,2012-11-18,10.5,OZ,1,2.14
601698762,96,51,5128,1071785474,11614,2012-09-22,8.5,OZ,3,3
601698762,96,7,709,1076211171,17286,2012-09-27,4.2,OZ,1,7.99
601698762,96,28,2806,10930090,12157,2013-06-28,24,OZ,1,2.99
601699361,96,96,9609,10997131999,88199,2012-08-17,0,,1,-0.35
601699361,96,12,1205,108660080,2559,2012-11-28,5,OZ,4,4
601699801,96,23,2301,107680878,1393,2012-05-13,16,OZ,2,3
601702059,96,5,502,101600010,101199,2012-08-09,5.4,OZ,1,2.89
601702059,96,56,5609,102100020,2321,2012-08-17,3.9,OZ,2,2
601703758,96,99,9909,103003434,28496,2012-04-28,6,OZ,1,3
601705353,96,97,9753,102301222,0,2012-09-26,1,CT,1,4.79
601706777,96,79,7901,107224676,20014,2012-06-29,1,CT,1,1.79
601706777,96,5,501,103800030,17050,2012-07-20,13.4,OZ,1,3.99
601706777,96,56,5604,103003434,7175,2013-04-05,4,OZ,1,2.5
601706777,96,20,2035,1079852575,16784,2013-04-20,8,OZ,2,4.98
601707987,96,21,2119,101200010,10522,2012-08-05,202.8,OZ,1,5.99
601707987,96,36,3635,103003434,7175,2012-11-04,33.8,OZ,1,0.69
601707987,96,17,1719,104460040,3718,2013-06-11,22,OZ,1,2.99
601708106,96,31,3111,104150040,6714,2012-09-21,6,OZ,1,4.59
601708106,96,35,3509,102420020,14716,2013-02-01,150,OZ,1,7.99
601713411,96,97,9753,10000,0,2012-09-23,1,CT,0,0
601713411,96,53,5307,103003434,7175,2012-09-30,16,OZ,2,4
601713411,96,63,6320,1071514171,25530,2013-04-18,12,CT,1,4.39
601718613,96,99,9908,103003434,28496,2013-03-10,16,OZ,1,1.49
601719995,96,99,9908,103338333,33170,2012-03-03,32,OZ,1,5.99
601719995,96,27,2710,107023070,18373,2013-01-19,14,LB,1,6.99
601725346,96,64,6401,108992484,20251,2012-11-20,72,OZ,1,5.89
601725346,96,41,4107,102400020,4704,2013-01-11,15.25,OZ,1,1
601725346,96,59,5902,103450030,10165,2013-03-05,8,OZ,1,2.5
601725747,96,33,3305,102840020,18584,2012-05-18,10,OZ,1,3
601725747,96,64,6401,108572585,31935,2012-12-22,11.2,OZ,3,15.77
601726605,96,51,5117,104280040,18599,2012-09-12,9.8,OZ,2,4
601731413,96,33,3308,102840020,3336,2012-06-02,9.75,OZ,2,6
601731413,96,25,2509,103450030,10165,2012-11-18,16,OZ,1,1.89
601731413,96,33,3307,101411313,23033,2013-01-05,12,OZ,1,10.99
601731521,96,26,2613,103600030,8583,2012-04-14,31,CT,1,10.49
601732685,96,97,9753,1020104929,0,2013-02-25,1,CT,2,17.79
601740088,96,57,5707,107047070,20230,2012-06-11,18,OZ,2,5.98
601740088,96,6,610,1071941070,24978,2012-07-03,11.58,OZ,1,14.99
601740088,96,36,3630,107800070,5208,2013-01-12,96,OZ,1,3.34
601740156,96,9,901,104400040,13243,2013-05-26,14.3,OZ,1,3
601741730,96,63,6316,103003434,7175,2012-09-02,24,OZ,1,2.69
601741730,96,34,3410,107418272,16853,2013-02-02,32,OZ,1,3.99
601741730,96,56,5616,103003434,7175,2013-02-23,8,OZ,1,3
601742835,96,19,1908,103377636,16650,2013-03-29,16,OZ,1,3.79
601746037,96,20,2002,105100050,27873,2012-03-09,46,OZ,1,4.68
601746037,96,36,3612,103003434,7175,2012-07-06,128,OZ,1,0.8
601746037,96,55,5558,103003434,7175,2012-07-06,38.4,OZ,2,6.3
601746037,96,7,707,104300040,11339,2013-02-02,29.3,OZ,1,7.49
601746037,96,41,4107,103003434,7175,2013-02-09,14.5,OZ,2,1.6
601746129,96,63,6320,103003434,7175,2013-01-25,12,CT,2,2.5
601746392,96,56,5611,107044272,42912,2012-06-26,15,OZ,2,7.98
601748709,96,18,1890,105209252,43069,2012-07-25,2,CT,1,4.34
601748815,96,9,913,104812141,18322,2012-11-11,13,OZ,1,2.09
601750271,96,21,2105,104900040,14357,2012-03-03,32,OZ,14,14
601750271,96,58,5828,103077131,343,2012-09-17,8,OZ,1,3.99
601750271,96,97,9753,1022573929,0,2012-09-20,1,CT,1,1.13
601750271,96,25,2506,105000050,32115,2013-02-01,32,OZ,1,3.99
601751153,96,57,5704,103003434,7175,2013-01-04,6,OZ,10,5
601754510,96,7,709,109955595,7661,2012-10-07,4.02,OZ,1,6.99
601754510,96,63,6315,103003434,7175,2012-12-30,128,OZ,2,5.98
601754775,96,96,9632,107675070,10768,2012-12-15,1,CT,1,25
601756463,96,99,9908,103003434,28496,2012-06-16,16,OZ,1,1.5
601756463,96,23,2301,107680878,1393,2012-08-16,12,OZ,1,1.5
601756463,96,21,2108,103003434,7175,2013-01-06,64,OZ,1,2.79
601763107,96,56,5604,1076165777,11921,2012-03-18,4,OZ,1,3.99
601763228,96,40,4004,104100040,10522,2012-06-06,3.1,OZ,1,3.69
601766097,96,96,9609,1051800050,88199,2012-12-09,0,,1,-0.4
601767355,96,56,5620,103003434,7175,2012-09-24,8,OZ,1,1.99
601767355,96,56,5609,103003434,7175,2013-03-07,24,OZ,4,10.76
601768265,96,8,821,1081355181,9880,2012-05-09,10,OZ,1,3.79
601768265,96,63,6314,107342070,4529,2012-12-04,16,OZ,1,2.5
601771788,96,33,3311,103000030,14760,2012-04-04,3.5,OZ,1,1.67
601772344,96,23,2310,1073415878,21133,2012-03-04,12,OZ,1,6.59
601772344,96,95,9518,1061029060,7848,2012-05-02,1,CT,1,1.99
601772344,96,0,0,10000,0,2013-02-04,0,,2,0
601772361,96,23,2301,103003434,7175,2012-08-05,16,OZ,1,1.5
601772361,96,63,6320,1085281080,10165,2012-11-03,12,CT,1,2.5
601772361,96,0,0,10000,0,2013-01-18,0,,1,0
601776056,96,36,3618,101200010,23361,2013-03-03,144,OZ,1,2
601777057,96,59,5902,103450030,10165,2012-07-25,16,OZ,1,3.99
601777379,96,25,2503,103003434,7175,2012-03-27,35.3,OZ,1,5.69
601777379,96,51,5126,102113121,11151,2012-10-14,10,OZ,1,3
601779783,96,27,2701,102310020,13705,2012-07-28,13.2,OZ,5,4.17
601779783,96,58,5836,107590070,2073,2012-12-15,12,OZ,1,3
601785030,96,96,9609,10999955595,88199,2012-07-02,0,,1,-1
601785030,96,99,9908,1073447575,52605,2013-05-23,1,CT,1,3.99
601785780,96,19,1908,105150050,16728,2012-08-31,16,OZ,1,4.29
601790463,96,12,1205,108000080,17292,2012-04-30,9,OZ,1,3.69
601790463,96,27,2710,107023070,18373,2012-06-28,10,LB,1,2.49
601790463,96,27,2710,103680030,13656,2013-02-06,14,LB,1,5.99
601792888,96,56,5620,103003434,7175,2013-03-17,8,OZ,1,1.99
601793457,96,96,9632,107675070,17528,2012-08-20,1,CT,1,25
601793457,96,36,3603,104300040,4371,2013-04-26,320,OZ,1,3.29
601794623,96,0,0,10000,0,2012-09-17,0,,1,0
601795609,96,9,907,103003434,7175,2012-05-24,12,OZ,1,0.99
601795609,96,36,3630,107800070,5208,2012-06-23,144,OZ,1,3.67
601795609,96,33,3312,103700030,14494,2012-10-25,13.3,OZ,1,6.99
601796927,96,51,5125,101380010,10271,2012-04-10,6,OZ,1,3.5
601796927,96,95,9518,104282343,28202,2012-10-06,1,CT,1,2.79
601798651,96,3,309,103003434,7175,2012-09-14,7,OZ,1,1.25
601798872,96,33,3305,102840020,5141,2013-03-21,10.5,OZ,1,4.29
601801522,96,37,3707,101122515,19197,2013-03-27,32,OZ,2,2.98
601803465,96,51,5123,104670444,18213,2012-03-04,24,OZ,1,9.99
601803465,96,92,9212,1080089787,12904,2013-02-03,0.15,OZ,1,5.99
601804655,96,8,826,1065153363,50645,2012-05-06,12,OZ,1,5.39
601804982,96,36,3636,104300040,29501,2012-05-20,192,OZ,2,7.98
601808143,96,0,0,10000,0,2012-04-07,0,,1,2.03
601808143,96,35,3504,103500030,330,2012-10-13,14,OZ,1,0.99
601808143,96,55,5552,102073525,18893,2012-11-24,48,OZ,1,3.34
601808648,96,9,907,107131979,16021,2012-07-27,20,OZ,1,2.19
601812304,96,27,2712,107018777,1043,2012-04-02,76,OZ,1,9.99
601812304,96,59,5902,103003434,7175,2013-02-25,16,OZ,2,6.98
601812314,96,51,5125,101380010,10271,2012-07-12,9.88,OZ,1,3.5
601812314,96,15,1506,107102272,11145,2012-09-30,4,OZ,1,3.5
601812314,96,49,4901,103003434,7175,2012-12-22,30,OZ,1,2.19
601812314,96,26,2626,101258717,7245,2013-06-16,1,CT,1,2.49
601818582,96,36,3627,107800070,23362,2012-10-13,144,OZ,1,4.99
601818582,96,95,9518,1061029060,7848,2012-12-14,1,CT,1,4.99
601823691,96,9,907,107131979,16021,2012-07-15,24,OZ,1,2.5
