2754173364,285,2,201,101600010,1756,2012-12-15,15.25,OZ,2,2.1
2754173364,285,33,3301,104655545,27905,2013-03-21,9,OZ,1,3
2754173397,285,59,5902,101115010,15530,2013-01-07,16,OZ,1,2.5
2754173431,285,41,4107,101115010,15530,2012-05-10,15,OZ,1,0.66
2754173432,285,28,2804,107321474,11575,2012-03-04,16,OZ,1,1.69
2754173432,285,63,6316,101115010,15530,2012-06-29,16,OZ,1,1
2754173432,285,97,9753,1023420121,0,2012-09-29,1,CT,1,2.49
2754173432,285,99,9909,107127979,6732,2012-10-17,8,OZ,1,1.99
2754173499,285,58,5832,107057575,27210,2012-05-09,8,OZ,1,1
2754173499,285,21,2105,105200050,7054,2012-07-25,64,OZ,1,1.5
2754173499,285,33,3303,101115010,15530,2012-08-15,11,OZ,1,2.5
2754173499,285,64,6401,102210020,13410,2012-09-09,360,OZ,1,15.49
2754173579,285,58,5823,104450040,8318,2012-11-07,9,OZ,1,2.5
2754173751,285,63,6315,104148343,9547,2013-03-09,64,OZ,1,2.49
2754174080,285,21,2105,104900040,14357,2013-02-01,160,OZ,1,4.99
2754174080,285,37,3709,104178949,11224,2013-03-02,3,OZ,5,0.95
2754174152,285,41,4110,103940030,71386,2012-04-24,28,OZ,1,1.89
2754174152,285,36,3626,107800070,16223,2012-10-06,144,OZ,1,3.99
2754174152,285,56,5615,101115010,15530,2012-12-21,8,OZ,3,4.71
2754174152,285,63,6320,101115010,15530,2013-03-19,18,CT,1,2.29
2754175548,285,60,6012,101800010,14029,2012-09-15,13,OZ,1,2.39
2754175548,285,5,502,101600010,101199,2012-10-01,5.4,OZ,1,2
2754176935,285,38,3801,103680030,3679,2012-04-18,4,LB,1,2.59
2754177677,285,2,202,105150050,14029,2013-01-28,19.4,OZ,1,2.59
2754177851,285,21,2112,107468272,27266,2012-08-13,32,OZ,1,9.49
2754177851,285,9,902,104157040,2017,2012-09-21,4.25,OZ,1,2.71
2754177851,285,97,9753,1023420222,0,2013-02-01,1,CT,1,1.99
2754177851,285,56,5607,102100020,13967,2013-05-12,8,OZ,1,2.49
2754178107,285,99,9909,107127979,6732,2012-03-11,24,OZ,1,2.49
2754178107,285,53,5307,101115010,15530,2012-11-21,12,OZ,3,5.07
2754178107,285,73,7308,1031254636,7853,2012-12-02,30,CT,1,1.28
2754178107,285,71,7113,102240020,18715,2012-12-14,32,OZ,2,8.78
2754178107,285,8,801,101300010,8164,2013-01-31,34,OZ,2,4
2754178107,285,9,907,102412626,2636,2013-02-08,20,OZ,1,1.93
2754178143,285,9,901,104400040,16738,2012-05-24,3.7,OZ,1,2.5
2754178143,285,99,9909,107127979,6732,2013-02-10,10,OZ,1,2.79
2754178363,285,5,519,1088392181,24630,2013-03-16,7.05,OZ,1,1.5
2754178562,285,26,2619,101115010,15530,2012-10-13,30,CT,1,3.69
2754178644,285,30,3002,104800141,8178,2012-11-03,16.5,OZ,1,3.98
2754178644,285,9,917,102733121,9966,2013-01-12,16,OZ,1,2.55
2754179612,285,36,3631,101115010,15530,2013-01-07,144,OZ,2,6.39
2754179612,285,79,7901,107549070,25969,2013-03-11,1,CT,1,3.99
2754196692,313,29,2914,102100020,9886,2012-03-16,1.9,OZ,2,3.7
2754196692,313,8,821,104139040,9659,2012-05-02,12.1,OZ,1,3.69
2754196692,313,99,9909,103338333,33170,2012-11-03,12,OZ,1,4.99
2754310502,109,9,917,102110828,15458,2012-07-21,11,OZ,1,0.99
2754385860,377,9,918,101410010,13791,2012-03-27,7.2,OZ,1,3.99
2754385860,377,55,5552,104154848,5603,2013-01-25,48,OZ,1,3.34
2754400113,377,59,5902,107158070,17653,2012-09-18,16,OZ,1,2.5
2754400113,377,81,8101,102820020,11186,2012-12-24,1,CT,1,5.15
2754425140,24,63,6317,104157040,2017,2012-07-02,64,OZ,1,2.88
2754745591,510,18,1850,1087219787,33170,2012-06-13,3,CT,1,1
2754745591,510,36,3611,107114272,915,2012-09-26,64,OZ,1,2.49
2754822070,507,97,9753,1049049040,0,2012-12-02,1,CT,1,2.59
2754991647,508,73,7344,1030076636,18877,2012-07-21,86,CT,2,7.98
2755173087,31,63,6323,102114020,19950,2013-03-07,128,OZ,1,5.99
2755186733,16,9,907,107167373,17480,2012-05-14,20,OZ,1,3.29
2755194450,85,96,9632,107675070,532,2013-03-02,1,CT,2,75
2755204829,85,36,3618,104900040,23359,2012-03-04,96,OZ,1,3.33
2755204829,85,53,5307,107056070,14005,2012-03-17,12,OZ,1,2.15
2755204829,85,54,5403,105100050,1058,2012-05-20,6,OZ,2,3.98
2755205471,85,36,3628,101200010,12029,2013-02-02,144,OZ,1,4
2755208613,85,8,826,101121010,17930,2012-12-01,2,OZ,1,2.05
2755209090,21,63,6315,104119040,16347,2013-02-23,128,OZ,1,3.59
2755210565,21,63,6316,104119040,16347,2012-09-07,16,OZ,1,1.49
2755210565,21,97,9771,107169171,15583,2012-11-05,2,CT,1,8.99
2755211157,21,97,9799,107675373,7452,2013-02-16,1,CT,1,3.29
2755212736,21,97,9799,103338333,33170,2012-04-16,1,CT,1,4.69
2755222091,104,5,516,101600010,12426,2012-09-19,8.9,OZ,1,2.75
2755236931,8,99,9908,103710232,11930,2013-03-10,8,OZ,1,1.99
2755246355,101,4,418,103400030,12022,2012-09-04,4.8,OZ,1,1.34
2755246355,101,18,1841,103700030,17864,2013-03-15,6,CT,1,5.15
2755247120,101,79,7901,107485171,81261,2012-06-10,1,CT,1,7.99
2755248935,101,59,5902,1068826767,81691,2012-05-26,16,OZ,3,7.47
2755248935,101,9,901,104400040,18112,2013-03-14,2.75,OZ,1,1
2755251673,77,41,4106,107078474,18552,2012-12-01,7,OZ,1,0.39
2755253689,77,0,0,10000,20405,2012-07-15,0,,1,-6.37
2755253689,77,24,2403,107078474,18552,2012-08-08,5,OZ,4,6.18
2755253689,77,38,3801,107078474,18552,2012-08-23,2,LB,1,1.7
2755253689,77,51,5123,101380010,27474,2012-11-13,76,OZ,1,10.79
2755253689,77,9,907,107133070,25887,2012-12-24,20,OZ,2,5.98
2755315818,64,35,3509,103320030,875,2012-06-09,150,OZ,1,9.29
2755324321,64,0,0,10000,20405,2012-10-25,0,,1,-2.99
2755349609,83,10,1011,102400020,4704,2012-06-09,6.5,OZ,2,2
2755349609,83,99,9908,101111010,20588,2013-03-05,12,OZ,1,2
2755353822,143,63,6320,101111010,9907,2012-12-02,12,CT,1,1.59
2755353822,143,72,7214,101254616,18738,2013-04-21,18,CT,2,1.08
2755364058,58,45,4514,101111010,9907,2012-08-13,48,OZ,1,7.99
2755364058,58,58,5815,104660040,5557,2012-10-06,3,OZ,1,1.89
2755366027,98,56,5610,101111010,9907,2012-08-24,6,OZ,1,2.69
2755366027,98,19,1908,101111010,9907,2012-10-06,18,OZ,1,2.5
2755379513,211,20,2002,101111010,9907,2012-10-14,46,OZ,1,1.49
2755384682,151,30,3007,107653979,12409,2012-06-25,12,OZ,2,5
2755393960,2,97,9753,1073231373,0,2012-09-28,1,CT,1,3.99
2755396468,140,96,9631,1063854868,576,2012-09-19,1,CT,1,25
2755429180,96,63,6323,103003434,7175,2012-10-08,64,OZ,1,2.39
2755429180,96,44,4404,1083418383,385,2013-01-30,12,OZ,2,7.98
2755430723,96,9,907,103003434,7175,2013-03-17,13,OZ,1,1.99
2755474567,214,5,504,1072225272,3695,2012-09-01,1.69,OZ,1,1
2755490989,206,99,9904,1081204989,27736,2012-07-18,16,OZ,1,2.98
2755523054,46,9,917,105474555,63887,2012-03-10,18,OZ,2,4.78
2755523054,46,26,2608,104142646,4913,2012-12-02,30,CT,2,5
2755560436,46,35,3509,103320030,875,2012-04-03,150,OZ,1,6.99
2755560436,46,33,3303,104163343,20842,2012-10-18,10,OZ,1,2.5
2755622792,15,73,7344,1032113030,15704,2012-08-30,30,CT,1,4.59
2755657741,48,0,0,10000,0,2012-07-12,0,,2,571.43
2755657741,48,63,6320,104656747,14903,2012-08-20,18,CT,1,2.88
2756087817,285,36,3611,101115010,15530,2012-03-14,405.6,OZ,1,4.99
2756087918,285,63,6315,104148343,9547,2012-04-14,16,OZ,1,0.8
2756087918,285,8,802,104150040,6667,2012-12-01,12,OZ,1,2.99
2756089011,285,10,1004,104300040,26232,2013-02-02,1.5,OZ,3,3
2756091171,285,9,907,101115010,15530,2012-12-27,24,OZ,1,0.9
2756091524,285,5,501,101600010,3396,2012-11-17,12.8,OZ,2,3.56
2756092143,285,55,5556,101115010,15530,2012-03-08,48,OZ,1,4.19
2756092143,285,5,501,101600010,19786,2012-03-25,10.9,OZ,1,3.59
2756092938,285,4,407,103400030,18947,2012-06-09,16,OZ,1,2
2756092938,285,55,5562,104148343,9547,2012-07-20,48,OZ,1,2.88
2756093008,285,4,416,104000040,26517,2012-05-27,3.27,OZ,3,4.17
2756093717,285,47,4704,101115010,15530,2012-07-04,12,OZ,1,0.82
2756093717,285,27,2706,101780010,95301,2012-08-26,3,OZ,5,4.45
2756093717,285,12,1205,104800040,38150,2012-10-06,5,OZ,3,2.37
2756093717,285,27,2710,107023070,18373,2012-10-20,20,LB,3,11.97
2756093717,285,37,3707,105100050,17812,2013-05-31,32,OZ,1,2.59
2756093767,285,29,2920,101600010,1756,2013-01-04,6.6,OZ,1,1
2756093767,285,33,3303,104120040,9113,2013-02-21,10,OZ,1,4.21
2756094111,285,25,2506,104127141,26189,2013-01-07,16,OZ,1,2.19
2756094111,285,53,5307,102000020,7655,2013-03-24,12,OZ,1,2.29
2756094333,285,57,5704,107047070,20230,2012-12-30,6,OZ,1,0.69
2756094647,285,57,5704,101115010,15530,2012-04-07,6,OZ,5,2.39
2756094647,285,14,1411,101115010,15530,2012-08-23,20,OZ,1,0.79
2756094647,285,9,912,107592575,4368,2012-10-21,14.25,OZ,2,3.18
2756201100,377,21,2119,101200010,10522,2012-07-15,20,OZ,5,5
2756202473,377,91,9110,108711686,42400,2013-01-08,1.75,LT,1,14.98
2756202473,377,8,814,102840020,18584,2013-03-31,23,OZ,1,3.99
2756214250,377,63,6311,108259282,12297,2012-04-13,15.2,OZ,1,3.49
2756484135,510,73,7311,1082744484,81090,2012-07-14,10,OZ,1,6.99
2756484135,510,92,9210,1060933262,32336,2013-03-16,0.8,OZ,1,6
2756581902,85,45,4517,1072113474,29476,2012-05-27,10,OZ,1,0
2756592099,85,56,5620,104610040,15889,2013-05-07,8,OZ,2,5
2756594296,85,97,9753,10000,0,2012-03-18,1,CT,2,2.58
2756594296,85,8,811,103620030,1698,2012-04-25,15,OZ,1,2.5
2756603969,240,9,902,104113040,21174,2012-06-18,8,OZ,1,2.39
2756603969,240,26,2633,104116343,8435,2012-08-11,1,RL,1,0.75
2756613091,104,51,5129,103620030,1698,2012-11-04,24,OZ,1,6.98
2756629066,101,8,810,105210050,13609,2012-03-24,1.25,OZ,1,1.39
2756629066,101,29,2928,105480050,19039,2012-10-19,8.8,OZ,1,1.69
2756629066,101,40,4005,107017777,18928,2013-01-30,1.41,OZ,1,2.5
2756630136,101,11,1112,1061012969,19270,2013-03-15,9,OZ,1,4.49
2756632212,101,63,6315,1068826767,81691,2012-03-06,64,OZ,1,1.83
2756632212,101,0,0,10000,20405,2012-11-18,0,,2,-9.31
2756632212,101,96,9631,107675070,19430,2013-01-18,1,CT,1,50
2756655947,70,5,501,101600010,15114,2012-10-21,18,OZ,1,3
2756742486,89,55,5561,101111010,9907,2012-07-30,16,OZ,1,1
2756742486,89,37,3703,105100050,2820,2012-08-18,10.75,OZ,4,6
2756742486,89,96,9632,107675070,22598,2012-10-16,1,CT,1,25
2756742486,89,9,901,104400040,13243,2013-02-02,15.35,OZ,4,9.96
2756745228,211,56,5617,102100020,9886,2012-04-05,12,OZ,1,2.99
2756745228,211,27,2702,101111010,5000,2012-07-29,44.1,LB,1,14.99
2756745228,211,27,2704,101111010,13891,2013-03-10,80,OZ,1,4.78
2756752955,12,3,302,102800020,30272,2012-10-12,10,OZ,1,2.29
2756752955,12,5,501,101862717,9496,2012-12-03,13,OZ,1,6.19
2756752955,12,2,202,104144949,9916,2013-01-11,17.5,OZ,1,2.49
2756754721,126,8,814,1079783373,6780,2012-06-30,16,OZ,1,2.69
2756754721,126,16,1604,102200020,20100,2012-07-15,45,CT,2,5
2756754721,126,27,2704,103810030,29945,2012-12-22,6,OZ,2,5.98
2756754721,126,55,5552,101111010,20588,2013-04-20,48,OZ,1,3.99
2756762585,431,67,6708,104126040,9907,2012-09-01,1,CT,1,2.49
2756768597,2,64,6408,108143484,22447,2012-03-28,0.75,LT,1,6.99
2756770693,140,19,1908,101111010,9907,2012-10-30,18,OZ,1,2.5
2756802684,96,63,6315,103573333,18897,2012-11-13,128,OZ,1,4.09
2756845913,214,64,6408,108682888,13548,2013-03-22,0.75,LT,1,8.97
2756890378,46,96,9609,1053700050,88199,2012-09-23,0,,3,-3
2756951481,17,26,2630,103600030,9787,2012-03-29,84,CT,4,7.96
2756998537,360,33,3307,104157040,2017,2012-03-25,16,OZ,1,7.49
2756998537,360,57,5710,1089470080,21065,2012-06-23,5.3,OZ,4,5
2756998537,360,31,3101,105210050,11382,2013-01-25,0.37,OZ,1,4.29
2757442074,285,33,3303,102840020,10241,2012-10-12,10,OZ,1,2.88
2757442074,285,55,5552,101115010,15530,2012-11-03,56,OZ,1,4.19
2757442074,285,9,913,104812141,18322,2013-06-08,12,OZ,1,3.49
2757442851,285,56,5609,104148343,9547,2012-07-18,22,OZ,1,2.7
2757442851,285,29,2904,101600010,3412,2012-10-10,4.8,OZ,1,0.99
2757442851,285,63,6320,101115010,15530,2013-03-20,18,CT,1,2.35
2757442981,285,21,2118,107618373,16756,2012-03-06,16,OZ,1,1
2757442981,285,59,5902,101115010,15530,2012-04-17,16,OZ,1,2.99
2757442981,285,97,9753,10000,0,2013-02-20,1,CT,2,0
2757444772,285,57,5704,107047070,20230,2012-07-21,6,OZ,2,1.03
2757445667,285,60,6007,101800010,14029,2012-12-31,8,OZ,2,5.18
2757445680,285,36,3612,101115010,15530,2012-03-29,128,OZ,4,3
2757445896,285,9,913,104812141,18322,2012-11-30,13,OZ,1,3.49
2757446296,285,41,4110,103940030,71386,2012-03-17,22,OZ,1,1.99
2757446296,285,41,4107,102400020,4704,2012-04-07,14.75,OZ,2,2.34
2757446296,285,27,2705,105000050,6775,2013-01-19,5.5,OZ,3,1.77
2757447207,285,58,5823,104470040,13310,2012-07-10,16,OZ,1,3
2757448788,293,97,9753,10000,0,2012-04-25,1,CT,2,0
2757448788,293,39,3903,103000030,1058,2012-07-05,24,OZ,1,2.93
2757450434,285,45,4508,104440040,7504,2012-05-04,11,OZ,1,3.34
2757450434,285,9,902,104400040,8463,2013-03-21,13,OZ,1,2.99
2757450434,285,95,9518,107000070,7848,2013-03-21,1,CT,3,2.97
2757762097,508,95,9518,106700868,2988,2013-01-30,1,CT,2,5.98
2757779853,508,9,970,103800030,62065,2012-03-30,14.1,OZ,1,1.99
2757779853,508,11,1111,103800030,17050,2012-07-20,9.5,OZ,1,5.99
2757884198,510,33,3310,1071157575,16108,2013-03-03,4,OZ,1,1.79
2757922055,40,63,6320,102114020,19950,2012-08-03,18,CT,1,3.39
2757922055,40,99,9904,1081204989,27736,2012-08-11,16,OZ,1,3.99
2757937903,85,36,3628,101200010,12029,2012-08-30,67.6,OZ,1,1.25
2757939408,85,9,907,1060788060,16965,2012-05-12,20,OZ,1,1.45
2757939408,85,72,7205,101851515,22322,2012-12-01,3.5,OZ,2,8.38
2757939408,85,22,2210,103700030,6947,2012-12-01,67,OZ,1,5.99
2757939408,85,27,2710,107023070,18373,2013-04-10,20,LB,1,7.99
2757944093,85,13,1306,107174070,16958,2013-03-23,2,LB,1,1.99
2757945223,21,9,908,107203070,5812,2012-04-01,16,OZ,1,5.99
2757945223,21,9,907,107167373,17480,2012-07-27,20,OZ,1,1.99
2757945223,21,36,3601,104900040,3809,2012-12-07,42.2,OZ,1,0.99
2757946173,21,21,2108,104124444,11218,2012-03-05,25.4,OZ,1,2.99
2757946173,21,1,106,101500010,29555,2012-12-05,5,OZ,1,2.19
2757972362,101,99,9909,107774575,14997,2012-08-14,9,OZ,2,6.98
2757972362,101,4,427,10980090,18366,2013-03-22,1,OZ,2,2.58
2757972362,101,23,2301,107680878,1393,2013-04-28,12,OZ,1,1.49
2757978494,77,97,9781,10000,8255,2012-08-04,1,CT,2,-1.14
2757980274,77,31,3101,105210050,11382,2012-06-05,2.5,OZ,1,1.25
2757980274,77,36,3601,104900040,3809,2012-10-05,240,OZ,1,6.99
2758002693,70,41,4110,103940030,71386,2012-03-28,22,OZ,1,1.67
2758002693,70,27,2702,107910070,33128,2013-06-02,16,LB,1,10.99
2758002693,70,41,4106,103582636,6564,2013-06-08,4.5,OZ,1,0.99
2758047460,165,97,9781,10000,8255,2013-05-14,1,CT,1,-1.05
2758049292,26,99,9908,101111010,9907,2012-11-25,80,OZ,1,1
2758049292,26,41,4105,107294070,15051,2012-12-28,14.5,OZ,2,1.18
2758049292,26,19,1910,104179545,9319,2013-02-17,15,OZ,1,7.09
2758049292,26,13,1306,105150050,14029,2013-03-23,5,LB,1,3.59
2758050764,83,33,3310,1072049575,18213,2012-04-11,4,OZ,1,1.53
2758050764,83,96,9609,1051611252,88199,2012-09-24,0,,1,-1
2758050764,83,58,5822,104450040,8318,2012-09-29,14,OZ,2,7.98
2758050764,83,96,9609,1051410050,88199,2013-05-11,0,,1,-0.4
2758051313,83,57,5707,103663232,4568,2012-05-31,18.6,OZ,1,2.29
2758051313,83,51,5119,102370020,78850,2012-06-14,28.05,OZ,1,5.99
2758051313,83,33,3310,102840020,6911,2013-06-07,9,OZ,1,4.29
2758064946,211,10,1010,105150050,16728,2013-01-11,12.25,OZ,1,2.59
2758064946,211,56,5620,102100020,9886,2013-02-26,7,OZ,1,2.99
2758065275,431,0,0,10000,0,2013-01-07,0,,1,0
2758066123,133,54,5401,101111010,9907,2012-12-02,12.3,OZ,1,1.25
2758069964,151,9,907,104500040,20016,2012-03-05,24,OZ,1,2.59
2758069964,151,30,3008,102100020,9886,2012-03-13,16,OZ,1,2.79
2758069964,151,5,502,103800030,9543,2012-04-23,8,OZ,2,5.98
2758069964,151,51,5134,104132242,6167,2012-05-21,26,OZ,1,6.49
2758069964,151,9,902,102410020,44209,2012-11-05,13.7,OZ,2,4.98
2758072179,126,99,9908,101111010,9907,2013-01-20,16,OZ,1,1.99
2758089338,63,53,5307,101450010,20864,2012-04-06,12,OZ,2,4.98
2758089338,63,8,811,1070601070,1393,2012-04-27,24,OZ,2,5.98
2758089338,63,5,501,101600010,3331,2012-07-19,8.9,OZ,1,3.29
2758089338,63,21,2103,103120030,12957,2012-09-14,64,OZ,1,2.89
2758089338,63,21,2103,103120030,12957,2012-12-20,64,OZ,1,2.89
2758089338,63,64,6408,1083972888,39477,2012-12-28,0.75,LT,1,8.99
2758090342,63,21,2105,104900040,14357,2013-03-16,32,OZ,5,3.45
2758096407,98,0,0,10000,0,2012-10-26,0,,1,0
2758112412,96,99,9908,103338333,33170,2012-05-22,16,OZ,1,1.88
2758112412,96,8,810,103900030,13296,2013-04-02,1.25,OZ,1,0.79
2758112457,96,73,7357,103003434,7175,2012-06-21,100,CT,1,3.99
2758112457,96,36,3604,107800070,2829,2012-10-27,48,OZ,1,2.5
2758122079,214,4,419,107432373,15275,2012-09-15,1.59,OZ,1,0.5
2758122079,214,73,7308,104122040,23511,2013-01-15,30,CT,1,0.88
2758122079,214,57,5709,104274343,5653,2013-02-15,32,OZ,1,2.98
2758131211,214,33,3315,102900020,14112,2013-04-16,7.5,OZ,1,4.98
2758138278,214,56,5616,102100020,13967,2012-04-17,7,OZ,1,2.78
2758138278,214,8,810,104146040,14062,2013-01-04,1.41,OZ,1,0.82
2758145017,214,63,6314,104122040,23511,2012-12-18,8,OZ,1,0.77
2758145017,214,5,517,104122040,20514,2013-01-26,10.4,OZ,2,4.28
2758172663,46,95,9517,106700868,25075,2013-05-11,1,CT,1,5.49
2758194564,46,55,5556,104154848,5603,2012-08-26,48,OZ,1,3.88
2758231423,14,9,907,107087070,12106,2012-03-18,24,OZ,1,2.99
2758232628,20,4,418,104000040,16765,2012-10-05,11.5,OZ,1,2.5
2758232628,20,31,3111,104150040,6714,2012-10-28,6,OZ,1,2.99
2758235483,88,99,9909,102113020,15704,2013-01-07,12,OZ,1,2.5
2758235483,88,5,502,1084667585,14157,2013-01-22,3.15,OZ,1,3.5
2758235483,88,63,6315,1074236575,8499,2013-04-09,64,OZ,1,4.59
2758240608,4,9,907,102113020,15704,2012-04-04,12,OZ,1,1.99
2758254631,18,9,907,107304070,25881,2012-08-27,16,OZ,1,3.49
2758673455,285,57,5709,103663232,4568,2012-03-25,7,OZ,3,2.67
2758673455,285,29,2925,102857121,19394,2012-05-10,30,OZ,1,3.99
2758673493,285,9,901,104400040,3453,2012-08-07,9.5,OZ,1,2.89
2758673493,285,96,9609,1053210050,88199,2012-11-14,0,,2,-2
2758673493,285,5,501,108634181,27627,2013-01-16,14,OZ,1,3.99
2758673493,285,9,907,107294575,15878,2013-01-30,20,OZ,1,2.29
2758673923,285,56,5607,102100020,13967,2012-08-24,8,OZ,2,5.1
2758673923,285,44,4404,105100050,13791,2013-03-05,11.25,OZ,1,2.99
2758673923,285,22,2214,102340020,70411,2013-03-26,76,OZ,1,4.18
2758673952,285,97,9753,1023516222,0,2012-06-05,1,CT,1,2.99
2758673952,285,51,5125,101380010,10271,2012-06-21,9,OZ,1,2
2758674604,285,58,5812,104470040,13310,2012-12-14,16,OZ,1,2.49
2758674604,285,63,6323,104148343,9547,2013-01-15,64,OZ,1,2.59
2758674604,285,95,9518,107000070,7848,2013-05-05,1,CT,1,0.99
2758674945,285,57,5710,107047070,20230,2012-06-08,16,OZ,1,2.79
2758674945,285,97,9707,101258717,7245,2012-11-14,5,CT,1,3.19
2758675005,285,97,9753,10000,0,2012-03-14,1,CT,2,0.75
2758675005,285,26,2606,101115010,15530,2012-05-09,100,CT,1,1.29
2758675005,285,4,416,104000040,11698,2012-05-16,2.05,OZ,1,0.99
2758675005,285,97,9753,10000,0,2013-01-23,1,CT,1,0.86
2758675035,285,2,214,1064420969,74550,2012-03-20,32,OZ,1,2.58
2758676962,285,58,5812,105450050,1322,2012-03-31,16,OZ,1,5.79
2758676962,285,99,9904,1071575676,5278,2012-11-11,6,OZ,2,4.99
2758676962,285,38,3801,101115010,15530,2012-12-05,4,LB,1,2.59
2758677223,285,9,970,103800030,62065,2012-10-25,14.7,OZ,1,2.05
2758677223,285,51,5125,101380010,10271,2013-01-23,9.88,OZ,1,2.2
2758677223,285,12,1205,104800040,38150,2013-03-08,12,OZ,1,2.44
2758677446,285,3,302,101115010,15530,2012-08-04,24,OZ,1,4.64
2758677521,285,27,2705,1082927484,11516,2012-05-29,2.75,OZ,2,1.5
2758677806,285,29,2921,101115010,15530,2013-01-27,5.25,OZ,2,1.76
2758678445,285,36,3601,104900040,3809,2012-07-14,67.6,OZ,2,3.86
2758678970,285,36,3628,101200010,12029,2012-07-26,288,OZ,1,6.99
2758678970,285,33,3316,101600010,3397,2012-08-04,8.75,OZ,1,1
2758678970,285,21,2105,105200050,7054,2013-05-15,32,OZ,1,-0.31
2758679082,285,56,5611,107630676,11529,2012-03-17,14,OZ,1,2.83
2758679082,285,36,3611,101115010,15530,2012-07-04,405.6,OZ,2,7.98
2758679082,285,45,4511,102370020,18969,2012-11-17,25,OZ,1,6.99
2758679082,285,59,5910,103377636,16650,2013-01-11,15,OZ,1,3.29
2758680705,285,59,5902,101115010,15530,2012-05-18,16,OZ,1,3.19
2758680705,285,9,905,101410010,13791,2012-10-06,14,OZ,1,2.85
2758681272,285,18,1835,104460040,9709,2012-04-08,15.7,LB,1,9.29
2758718814,109,25,2506,105000050,32115,2012-05-02,32,OZ,1,3.79
2758718814,109,9,901,102780020,12006,2012-12-03,12,OZ,1,2.99
2758718814,109,10,1013,107417575,20614,2013-02-19,16,OZ,2,3.98
2758759734,376,25,2506,104410040,8481,2013-02-04,32,OZ,1,2.99
2758771754,377,11,1112,102898929,26666,2013-02-02,8,OZ,1,3.99
2758775124,24,9,917,107373171,11786,2012-03-29,27.5,OZ,1,1.69
2758775124,24,56,5609,1071754474,17653,2013-03-10,16,OZ,1,1.99
2758852293,507,97,9753,1065525868,0,2012-04-22,1,CT,1,52.49
2758872291,507,97,9732,107166272,4239,2012-04-11,16,CT,1,3.49
2758872291,507,22,2207,1075703777,13386,2012-04-11,6.2,OZ,3,10.32
2758886990,508,33,3303,102840020,10241,2012-06-10,10.5,OZ,1,2.5
2758886990,508,27,2715,107023070,18373,2012-10-25,7,CT,1,4.49
2758925250,508,97,9753,1049025141,0,2012-11-14,1,CT,2,10.48
2758925250,508,97,9753,1022601525,0,2013-04-16,1,CT,1,2.88
2758952522,510,97,9731,104240949,29248,2012-10-28,1,CT,1,10.91
2758952522,510,97,9753,1049032040,0,2013-04-30,1,CT,2,20.98
2759070861,31,4,421,102200020,16565,2012-04-13,2,OZ,2,1.1
2759101447,40,41,4107,102400020,4704,2012-07-10,14.5,OZ,5,5
2759122942,21,99,9904,103338333,33170,2012-05-09,16,OZ,1,2.49
2759123252,21,33,3315,1076566777,711,2012-03-28,0.35,OZ,1,1.19
2759123252,21,25,2506,104410040,8481,2013-02-07,16,OZ,1,2.39
2759133390,278,9,907,104114444,365,2012-03-22,15,OZ,1,1.89
2759133390,278,24,2406,104113040,21174,2012-04-12,3,OZ,1,3.99
2759151060,101,96,9609,1054400050,88199,2013-01-28,0,,1,-1
2759151078,101,54,5401,103800030,5618,2013-04-14,9.8,OZ,1,2.39
2759151078,101,23,2301,107680878,1393,2013-05-27,13.25,OZ,1,1
2759151373,101,16,1604,102200020,6021,2012-12-08,45,CT,2,4.78
2759151373,101,45,4517,107350474,27039,2012-12-31,32,OZ,1,6.99
2759153997,77,53,5307,107056070,14005,2012-09-10,10,OZ,1,2
2759156663,77,30,3008,102066222,12598,2012-06-30,16,OZ,1,2.97
2759157053,77,8,801,101300010,8164,2012-04-24,9.5,OZ,1,2
2759157053,77,9,907,103171131,2265,2012-05-11,22,OZ,1,2.99
2759157053,77,9,970,103800030,62065,2012-05-31,14.1,OZ,1,2.5
2759157053,77,56,5620,107078474,18552,2012-09-04,8,OZ,1,0.5
2759205609,64,51,5119,102370020,78850,2012-12-20,10,OZ,1,3.89
2759226154,26,37,3711,105100050,2820,2012-07-06,15.4,OZ,4,9.16
2759226154,26,35,3504,103500030,13470,2013-02-22,25,OZ,1,2.77
2759233096,58,50,5002,103100030,1358,2013-03-11,7,OZ,10,8.9
2759240117,98,99,9908,103338333,33170,2012-04-06,16,OZ,1,1.19
2759240117,98,8,814,101111010,20588,2012-11-07,24,OZ,1,2.59
2759240117,98,23,2301,107270070,11079,2012-11-18,12,OZ,1,2
2759240117,98,9,902,102410020,44209,2013-02-12,11.5,OZ,1,3.11
2759245719,431,26,2630,103600030,9787,2013-01-24,84,CT,3,2.97
2759245719,431,63,6315,101111010,9907,2013-03-02,128,OZ,1,2.79
2759248099,431,30,3010,102100020,9886,2012-05-14,16,OZ,1,1.99
2759248099,431,26,2632,104126040,9907,2013-02-04,40,CT,1,1
2759283356,166,9,917,107373171,11786,2012-09-01,40,OZ,1,5.39
2759286633,184,9,902,104400040,19783,2012-10-07,8.5,OZ,1,3.49
2759288479,96,23,2301,103003434,7175,2013-02-05,16,OZ,1,1.39
2759288479,96,63,6311,104850040,5072,2013-02-18,59,OZ,1,2.5
2759288479,96,63,6311,104850040,5072,2013-03-10,59,OZ,1,3
2759289031,96,99,9904,107143070,5072,2012-07-11,16,OZ,1,1.99
2759289031,96,21,2119,1061300868,867,2012-07-24,23,OZ,1,0.84
2759289438,96,27,2706,105000050,6132,2012-07-27,3,OZ,12,7.2
2759289933,96,51,5125,107265575,8089,2012-06-30,9.9,OZ,1,2.67
2759289933,96,43,4302,107027272,15085,2012-11-16,6.5,OZ,1,2
2759290170,96,97,9771,107169171,15583,2013-04-14,1,CT,1,7.99
2759316874,214,9,907,107225070,12465,2012-03-25,20,OZ,1,2.68
2759316874,214,25,2509,104122040,23511,2012-10-12,32,OZ,1,1.58
2759316874,214,63,6315,104122040,20514,2013-05-12,128,OZ,1,3.08
2759358937,46,33,3305,102840020,5141,2012-06-18,11.5,OZ,1,2.34
2759358937,46,9,907,107131474,1061,2013-03-12,12.5,OZ,1,3.19
2759410562,20,71,7107,1060308464,7034,2012-08-22,1,CT,1,6.99
2759412919,95,58,5824,104450040,8318,2012-09-26,13.5,OZ,1,3.99
2759439509,360,63,6330,104173545,14456,2012-03-16,8,OZ,1,1.79
2759439509,360,29,2928,104100040,9814,2012-07-30,5.7,OZ,1,1.89
2759440078,360,99,9908,103338333,33170,2013-01-04,80,OZ,1,2.99
2759848874,285,10,1013,103890030,5072,2012-10-06,16,OZ,1,2.42
2759848874,285,29,2930,106414464,3342,2012-11-18,7.5,OZ,1,1.19
2759848874,285,26,2630,103600030,9787,2012-12-09,10,CT,1,0.43
2759849272,285,9,907,104500040,8421,2012-04-30,20,OZ,1,3.14
2759849272,285,26,2632,103700030,13481,2012-07-13,72,CT,1,1.97
2759849311,285,29,2928,101530010,58299,2012-03-21,4.9,OZ,1,1.19
2759849311,285,20,2002,107294070,15678,2012-06-27,33,OZ,1,2.79
2759849311,285,95,9518,107000070,27680,2012-08-29,1,CT,1,2
2759849311,285,20,2002,105100050,2820,2013-04-24,33,OZ,1,2.35
2759849487,285,51,5115,103913131,1616,2012-07-27,16.03,OZ,1,5
2759849487,285,21,2111,104175545,10177,2012-08-17,64,OZ,1,2.26
2759849487,285,8,818,105100050,14403,2012-10-21,45,OZ,1,4.29
2759849902,285,63,6332,104850040,61745,2012-04-10,59,OZ,2,6
2759849902,285,97,9781,10000,8255,2013-05-18,1,CT,1,-0.99
2759850836,285,55,5552,101115010,15530,2012-07-16,48,OZ,1,3.79
2759850836,285,26,2626,101258717,7245,2012-12-16,1,CT,1,2.69
2759850836,285,95,9518,1061029060,7848,2012-12-24,1,CT,1,3.99
2759850951,285,0,0,10000,20405,2012-11-01,0,,1,-15
2759851172,285,56,5614,104610040,15889,2012-04-07,9,OZ,1,3.94
2759851172,285,14,1404,101115010,15530,2012-05-27,24,OZ,2,3.98
2759851172,285,36,3634,1078616272,7237,2012-11-10,20,OZ,6,6
2759851172,285,36,3601,104900040,3809,2013-01-06,42.2,OZ,1,0.75
2759851172,285,9,907,107341070,2437,2013-02-17,24,OZ,1,4.29
2759851172,285,79,7903,107148676,17274,2013-03-01,1,CT,1,3.99
2759851512,285,7,707,102550020,6550,2012-03-21,11.3,OZ,1,4.89
2759851512,285,38,3801,101580010,2649,2012-12-22,4,LB,1,2.79
2759851512,285,21,2105,105200050,7054,2013-02-11,72,OZ,2,9.58
2759851533,285,99,9909,107127979,6732,2012-07-15,8,OZ,1,1.3
2759851533,285,97,9753,10000,0,2012-07-15,1,CT,4,0
2759851533,285,5,516,101115010,15530,2013-01-19,8.4,OZ,1,2.29
2759851533,285,56,5614,101115010,15530,2013-04-20,24,OZ,1,5.98
2759851635,285,55,5560,104154848,5603,2012-07-28,18,OZ,1,4.19
2759851635,285,73,7308,1031254636,7853,2012-10-06,25,CT,1,1.69
2759852385,285,26,2628,103700030,2248,2012-09-22,1,RL,2,4.64
2759852385,285,73,7302,103680030,18533,2012-11-06,80,CT,1,6.99
2759852385,285,40,4005,107073474,25373,2012-12-17,1.7,OZ,1,2.96
2759852650,285,73,7359,107431272,12440,2013-02-17,100,CT,1,0
2759852763,285,25,2506,105000050,32115,2012-10-06,32,OZ,1,3
2759853775,285,24,2403,105100050,17812,2012-07-26,12.5,OZ,2,7.22
2759853775,285,0,0,10000,0,2012-12-06,0,,2,-1.42
2759853775,285,57,5705,107047070,20230,2013-01-08,24,OZ,1,1.79
2759853775,285,18,1898,101280010,14963,2013-03-11,24,CT,1,12.49
2759854496,285,0,0,10000,20405,2012-05-19,0,,1,-6.98
2759854519,285,26,2633,103700030,3293,2012-04-06,12,RL,1,6.85
2759854519,285,58,5836,107778272,9260,2012-06-13,12,OZ,1,3
2759854519,285,30,3002,102100020,9886,2013-01-30,12,OZ,1,3.05
2759854801,285,33,3303,107707272,57891,2012-05-27,11,OZ,1,2.99
2759855098,285,21,2103,101115010,28785,2012-06-23,128,OZ,1,1.39
2759855388,285,23,2301,101510010,4255,2012-10-17,12,OZ,4,4
2759855719,285,57,5710,103663232,4568,2012-11-03,5.3,OZ,2,2.54
2759855719,285,9,920,103010030,9530,2012-11-11,11.04,OZ,1,2.79
2759855719,285,56,5620,104610040,15889,2013-01-12,8,OZ,3,10.17
2759855764,285,0,0,10000,0,2013-04-03,0,,1,-0.99
2759855764,285,5,501,101600010,3331,2013-04-08,12.25,OZ,2,5.98
2759856355,285,57,5705,107047070,20230,2012-07-04,6,OZ,6,3
2759906980,109,57,5706,107527070,12031,2013-02-15,32,OZ,1,3.29
2759994288,507,63,6305,102500020,16489,2013-03-27,59,OZ,1,3
2760045272,507,26,2630,103600030,9787,2013-02-07,80,CT,1,2.77
2760061171,507,18,1829,1075487070,94419,2013-01-21,1,CT,1,2.84
2760229568,85,7,707,102550020,6550,2012-09-29,34.5,OZ,2,17.98
2760229824,85,26,2614,103600030,9878,2012-06-07,22,CT,1,1.19
2760229824,85,27,2702,107910070,33128,2013-03-29,3.6,LB,2,11.58
2760229824,85,26,2614,103600030,9878,2013-04-12,16,CT,1,4.69
2760233036,85,7,702,102800020,12547,2012-12-04,7,OZ,1,7.26
2760233036,85,31,3101,104799747,3354,2013-03-02,2.1,OZ,1,2.99
2760238425,21,63,6320,104119040,16347,2012-03-24,18,CT,1,2.09
2760238425,21,32,3204,1085501989,2237,2012-04-25,101,OZ,1,12.99
2760238425,21,59,5902,102100020,2321,2012-08-09,8,OZ,1,1.99
2760238425,21,23,2301,107680878,1393,2013-02-06,16,OZ,2,2.8
2760238586,21,8,818,103620030,14868,2012-09-14,26,OZ,2,3.98
2760242204,100,38,3802,104130343,38922,2012-09-26,2,LB,1,2.49
2760265150,101,16,1601,102200020,71567,2012-04-30,15,CT,1,1.19
2760265150,101,37,3707,105100050,2820,2012-10-01,10.5,OZ,2,2.59
2760265150,101,55,5556,102073525,18893,2012-10-24,48,OZ,1,2.5
2760268642,77,18,1831,107089676,19921,2012-04-14,24,CT,1,1.29
2760268642,77,96,9632,107675070,101665,2012-07-04,1,CT,1,25
2760268642,77,9,908,104500040,8511,2012-09-18,10.5,OZ,2,5
2760268642,77,4,410,107920070,20031,2013-02-11,14,OZ,1,2.5
2760268642,77,29,2905,102400020,3988,2013-04-10,15,OZ,1,1.79
2760268821,77,4,421,107046272,16934,2012-06-07,8,OZ,1,1.67
2760268821,77,18,1831,105210050,2732,2012-06-19,20,CT,1,1.69
2760268821,77,5,501,103800030,758,2012-08-04,8.7,OZ,1,2.6
2760268821,77,71,7113,102240020,18715,2013-03-27,32,OZ,2,7
2760269982,77,53,5307,107078474,18552,2012-03-29,16,OZ,1,1.5
2760269982,77,26,2617,107078474,18552,2012-12-20,1,CT,1,1.29
2760269982,77,23,2301,101122515,19197,2013-01-10,8,OZ,2,1
2760284161,65,55,5567,1078978575,16558,2012-05-22,5.8,OZ,2,2.98
2760284161,65,60,6007,101800010,14029,2013-02-28,8,OZ,1,2.29
2760289777,65,51,5134,104132242,6167,2012-06-02,22,OZ,1,5.49
2760295781,68,36,3601,104900040,3809,2012-03-29,96,OZ,1,4.49
2760300138,65,49,4901,1072543979,40679,2012-04-11,32,OZ,1,1.69
2760300138,65,59,5906,103450030,10165,2012-09-15,15,OZ,1,2.39
2760300138,65,9,902,1087627484,24123,2012-11-06,8,OZ,3,3
2760300138,65,25,2503,1072543979,40679,2013-04-21,16,OZ,1,2.27
2760301856,70,58,5835,1078533171,7796,2012-07-02,16,OZ,2,3.98
2760301856,70,2,214,103000030,1058,2013-05-02,32,OZ,1,2.59
2760317337,64,56,5607,1072543979,40679,2012-10-22,8,OZ,2,3.04
2760339007,26,5,518,103800030,15251,2013-02-14,6.2,OZ,1,2.99
2760340693,83,99,9908,101111010,9907,2012-12-24,10,OZ,1,2.99
2760345645,89,99,9904,1081204989,27736,2012-07-29,16,OZ,1,2.5
2760345645,89,97,9707,101111010,9907,2012-08-05,3,CT,2,3.76
2760345645,89,36,3627,104900040,23363,2012-11-09,67.6,OZ,1,1.5
2760345645,89,5,501,101600010,3331,2012-11-12,12.25,OZ,1,2.5
2760345645,89,58,5837,104470040,13310,2013-02-08,2.52,OZ,1,2.99
2760345645,89,5,516,103000030,14760,2013-03-28,6.7,OZ,2,4.78
2760348169,58,23,2301,107680878,1393,2012-04-10,16,OZ,1,1.41
2760348169,58,7,707,104300040,11339,2012-07-20,33,OZ,1,6.99
2760351779,98,9,903,104119646,14582,2012-10-19,15,OZ,1,1.99
2760352636,98,32,3204,101111010,9907,2012-12-21,34,OZ,1,5.84
2760364816,63,40,4004,104100040,10522,2012-05-16,12,OZ,1,5.89
2760383503,191,63,6315,1074236575,8499,2013-03-21,64,OZ,1,3.79
2760383503,191,97,9799,107518272,95667,2013-04-13,1,CT,1,4.99
2760383503,191,95,9517,1064541666,25075,2013-04-15,1,CT,1,1.99
2760383737,191,54,5401,103800030,5618,2012-03-22,12.3,OZ,1,2.89
2760383737,191,56,5621,101111010,9907,2012-08-13,8,OZ,1,2.29
2760383737,191,36,3630,107800070,5208,2012-10-04,288,OZ,1,7.99
2760383737,191,58,5824,107778272,9260,2013-01-22,14,OZ,2,5.98
2760392329,166,10,1011,102400020,4704,2012-10-03,7,OZ,1,1
2760392329,166,37,3709,104178949,11224,2013-02-10,3,OZ,24,6
2760400263,96,63,6319,107654575,17876,2013-01-16,128,OZ,2,4.98
2760401212,96,21,2112,1089899989,19445,2012-04-28,16.9,OZ,1,2.79
2760401212,96,9,901,103010030,9530,2012-05-25,16.2,OZ,1,3.99
2760401212,96,41,4121,107090070,4697,2012-06-27,28,OZ,4,4
2760401212,96,31,3101,105210050,11382,2012-10-05,2.87,OZ,1,4.29
2760401212,96,56,5611,101700313,9507,2012-12-15,10,OZ,1,4.99
2760401292,96,11,1113,102558323,18482,2012-07-30,5.5,OZ,1,3.69
2760401404,96,55,5567,107756777,2347,2012-06-06,18,OZ,1,4.5
2760401527,96,36,3628,101200010,12029,2012-04-22,20,OZ,2,3.18
2760401527,96,8,810,104600040,13023,2013-01-22,1,OZ,1,0.99
2760401804,96,57,5704,104667545,20216,2012-06-18,6,OZ,4,3.2
2760401804,96,49,4901,101312010,26885,2013-02-08,32,OZ,1,3.79
2760401804,96,5,516,102190828,3073,2013-04-02,7.4,OZ,1,3.99
2760485691,46,58,5835,107590070,2073,2012-08-02,16,OZ,1,2.79
2760496863,46,29,2908,104600040,13023,2012-08-10,16,OZ,1,1.31
2760496863,46,8,818,103620030,14868,2012-12-15,24,OZ,1,1.5
2760527878,88,10,1004,104300040,26232,2012-07-16,1.4,OZ,1,0.79
2760541646,15,56,5614,102113020,10786,2012-03-11,12,OZ,2,5.98
2760541646,15,29,2906,102548424,12334,2012-12-13,12,OZ,1,1.3
2760543307,18,58,5812,102113020,30626,2012-07-05,12,OZ,3,6.57
2760543307,18,64,6409,108130888,96408,2013-03-26,0.75,LT,1,7.69
2760544801,18,33,3303,102840020,10241,2013-01-27,8.5,OZ,2,6
2760544801,18,56,5609,102113020,10786,2013-02-03,16,OZ,1,2.19
2760544801,18,37,3709,107066272,12673,2013-02-15,18,OZ,4,5.96
2760832870,42,3,308,104010040,6455,2013-03-28,0.75,OZ,6,11.94
2760832870,42,95,9518,104282343,28202,2013-06-15,1,CT,1,3.29
2760832870,42,95,9518,1064541666,25075,2013-06-15,1,CT,1,4.99
2760833184,42,25,2505,105000050,32115,2013-06-06,32,OZ,1,3.19
2760971689,285,25,2506,105000050,32115,2012-11-21,16,OZ,1,2
2760971689,285,97,9799,107675373,33170,2012-11-21,1,CT,1,16.49
2760971794,285,97,9753,1023420121,0,2012-05-19,1,CT,1,2.19
2760973342,285,3,310,107045070,4913,2013-04-24,6,OZ,1,3.95
2760973968,285,96,9609,1051600050,88199,2012-08-09,0,,1,-0.5
2760974687,285,71,7106,103680030,18533,2012-10-12,14.2,OZ,1,3.99
2760975760,285,72,7212,1076687878,875,2012-03-10,1,CT,1,2.99
2760975760,285,96,9609,1051862757,88199,2012-12-19,0,,2,-2
2760976363,285,41,4121,102400020,3988,2012-12-19,15,OZ,1,1.16
2760976363,285,99,9908,1071651979,11085,2013-01-10,6,OZ,1,2.69
2760976363,285,26,2630,101115010,15530,2013-04-04,114,CT,4,4
2760977130,285,10,1007,104300040,26232,2012-06-01,0.3,OZ,1,0.83
2760977485,285,4,418,104000040,26517,2013-02-03,12.6,OZ,2,7.98
2761104564,507,97,9753,1049039040,0,2013-03-22,1,CT,1,8.5
2761330741,31,51,5121,104369545,8522,2013-04-14,9,OZ,3,5.64
2761330741,31,9,922,102430020,10577,2013-05-05,13,OZ,1,1.25
2761330741,31,21,2105,105200050,7054,2013-05-28,32,OZ,1,0.88
2761330741,31,31,3101,105440050,23210,2013-06-17,4.5,OZ,1,2.5
2761330741,31,58,5834,107892979,10635,2013-06-26,37.4,OZ,2,21.99
2761330741,31,56,5616,102100020,9886,2013-07-08,5,OZ,2,3.99
2761377524,40,26,2611,103600030,14191,2012-05-19,54,CT,1,14.99
2761377524,40,36,3618,104900040,23359,2012-11-16,60,OZ,1,3.39
2761393023,16,21,2117,102500020,26108,2012-03-26,67.5,OZ,2,4.38
2761393023,16,99,9904,107143070,5072,2012-07-18,16,OZ,1,2.99
2761393023,16,99,9909,107127979,6732,2013-02-13,5.5,OZ,1,3.59
2761405509,85,56,5607,102100020,13967,2012-07-23,10,OZ,1,2.99
2761405509,85,63,6321,107890272,18730,2012-12-29,8,OZ,1,2
2761405509,85,63,6321,107890272,18730,2013-03-12,8,OZ,2,5
2761412674,85,56,5617,102100020,9886,2012-06-30,12,OZ,2,4.79
2761412674,85,36,3612,1060788060,16965,2012-09-18,128,OZ,3,2.72
2761432192,21,63,6315,104119040,16347,2012-04-21,128,OZ,1,3.49
2761432192,21,27,2704,107910070,30370,2012-04-21,3.3,OZ,1,2.99
2761432192,21,28,2806,105410050,19509,2012-05-19,16,OZ,1,2
2761433913,21,63,6399,105565252,59092,2012-10-04,6,OZ,1,6.49
2761456689,240,57,5704,103663232,4568,2012-09-27,6,OZ,10,6
