4627039443,153,30,3010,102066222,12598,2012-08-26,16,OZ,1,3.99
4627040312,153,4,405,1068826767,81691,2012-06-21,10,OZ,1,1
4627040905,152,35,3504,103700030,4628,2012-07-08,19,OZ,1,2.99
4627042075,6,10,1012,102700020,23332,2012-09-27,13,OZ,2,2.58
4627042075,6,15,1506,104114343,17593,2012-09-30,7,OZ,1,3.49
4627042075,6,12,1206,108660080,2559,2013-01-01,5,OZ,1,2.35
4627042075,6,34,3402,108730080,50958,2013-03-10,5,OZ,1,7.49
4627044069,152,43,4302,107027272,15085,2012-03-30,13,OZ,1,4.99
4627044069,152,36,3611,107572070,14196,2012-07-13,405.6,OZ,1,4.99
4627044069,152,9,907,101410010,13791,2012-08-31,24,OZ,1,4.29
4627047004,6,99,9904,1066529060,52314,2012-03-12,16,OZ,2,7.98
4627047004,6,59,5902,103450030,10165,2012-05-04,8,OZ,1,2.89
4627047004,6,56,5621,1068826767,81691,2012-10-02,8,OZ,1,2.89
4627048984,152,38,3801,1068826767,81691,2012-11-11,4,LB,1,2.39
4627049144,153,21,2106,1068826767,81691,2012-10-04,64,OZ,1,2.59
4627049144,153,99,9908,1068826767,7173,2013-04-13,16,OZ,1,1.29
4627050793,152,30,3010,104300040,9886,2012-05-06,14,OZ,1,3.49
4627050793,152,59,5906,103450030,10165,2012-07-05,15,OZ,2,4.78
4627051134,152,53,5305,102000020,7655,2012-07-15,10,OZ,1,2
4627051542,152,60,6007,101800010,14029,2012-12-30,8,OZ,1,3.29
4627054503,152,63,6314,107342070,4529,2012-05-05,8,OZ,1,1.5
4627054503,152,99,9904,1081204989,27736,2013-03-06,8,OZ,1,8.99
4627055759,152,27,2706,105000050,6132,2012-11-14,3,OZ,24,14.4
4627056292,152,34,3405,101111111,5168,2012-05-15,8,OZ,1,3.49
4627056548,153,50,5002,103100030,1358,2012-12-08,7,OZ,2,2
4627056548,153,33,3312,103700030,14494,2013-01-13,6.38,OZ,1,1.79
4627056548,153,4,427,10980090,18366,2013-04-17,1,OZ,2,2.58
4627057490,6,9,907,107518575,11221,2013-04-01,15,OZ,2,6.98
4627058184,153,21,2119,108390080,12546,2012-07-22,144,OZ,1,5.99
4627058184,153,57,5704,107047070,20230,2012-09-04,6,OZ,2,1.5
4627058184,153,36,3630,107800070,5208,2013-04-11,144,OZ,1,5.99
4627059189,152,21,2113,1071006979,7075,2013-02-22,27,OZ,1,2.99
4627059189,152,14,1404,101480010,12021,2013-04-14,46,OZ,1,3.69
4627060890,152,9,903,104138747,60,2012-07-08,8,OZ,1,2.19
4627060890,152,9,911,1068826767,81691,2012-10-25,3.5,OZ,1,1.79
4627066138,152,63,6320,1068826767,81691,2012-10-23,12,CT,1,2.59
4627067134,153,64,6401,101820010,2510,2012-06-01,72,OZ,1,6.99
4627067134,153,5,502,101600010,101199,2013-01-15,5.4,OZ,2,5.98
4627069283,152,21,2117,102500020,26108,2012-08-04,67.5,OZ,3,8.37
4627069283,152,53,5307,1068826767,20616,2013-02-02,12,OZ,2,4
4627073785,153,5,517,103800030,69260,2012-04-04,10.4,OZ,1,3.29
4627073785,153,44,4404,105100050,13791,2012-11-19,14,OZ,1,3.99
4627074916,152,55,5555,107457070,26051,2012-10-16,28,OZ,3,22.47
4627074916,152,9,907,101410010,13791,2012-11-20,24,OZ,1,3.99
4627079349,153,56,5615,1068826767,81691,2012-09-05,8,OZ,1,2.59
4627079349,153,34,3405,101111111,5168,2013-06-01,8,OZ,1,3.49
4627079349,153,63,6320,1068826767,81691,2013-06-21,18,CT,1,2.39
4627079793,6,97,9753,1020401121,0,2013-03-28,1,CT,1,0.81
4627079793,6,21,2112,1085388383,57997,2013-06-19,17.5,OZ,2,5.18
4627079993,153,9,907,101410010,13791,2012-10-15,9,OZ,1,3.49
4627079993,153,56,5613,107403070,16922,2012-12-22,32,OZ,1,6.49
4627079993,153,63,6312,102500020,16487,2013-04-04,13.5,OZ,4,6.76
4627081987,152,53,5305,102000020,7655,2012-12-17,10,OZ,2,5
4627081987,152,25,2509,1068826767,81691,2013-01-20,16,OZ,2,3.38
4627083625,6,73,7307,104116747,30343,2012-10-01,45,CT,1,26.79
4627087909,6,9,907,104500040,8421,2012-10-24,20,OZ,1,2.99
4627092497,152,63,6318,102570222,25243,2012-05-21,15,OZ,1,2
4627092497,152,99,9904,1071575676,5278,2012-06-19,16,OZ,1,5.99
4627092497,152,41,4107,1068826767,81691,2013-01-31,8.5,OZ,2,1.38
4627092497,152,7,708,105543757,11482,2013-02-03,10.5,OZ,1,5.99
4627094433,6,99,9904,103338333,33170,2013-02-10,128,OZ,1,7.99
4627097628,6,9,922,101600010,6283,2012-08-22,5.34,OZ,1,2.85
4627097892,152,33,3303,102840020,10241,2013-02-07,10.5,OZ,1,4.29
4627098978,153,9,907,1083584181,21443,2013-02-17,16,OZ,1,2.69
4627099940,6,36,3611,1068826767,158,2012-11-21,591.5,OZ,1,4.99
4627099940,6,5,501,103800030,14900,2013-06-02,18.7,OZ,1,3.69
4627100393,6,9,907,107518575,11221,2012-06-18,18,OZ,2,7.58
4627100393,6,9,907,107518575,11221,2012-10-22,18,OZ,1,3.49
4627100393,6,0,0,10000,0,2013-02-24,0,,1,2.99
4627100393,6,25,2508,102529323,16410,2013-05-31,64,OZ,1,3.99
4627104115,152,55,5558,104100040,7459,2012-06-02,18,OZ,1,4.99
4627104943,152,57,5705,103663232,4568,2012-04-10,6,OZ,2,1.6
4627104943,152,44,4406,1082624686,19487,2012-05-21,8,OZ,1,5.49
4627104943,152,73,7357,103160434,12423,2012-12-03,130,CT,1,8.99
4627107063,152,41,4105,102400020,4704,2012-07-07,14.5,OZ,2,3.58
4627107063,152,37,3708,104100040,10522,2013-01-02,2,OZ,1,1.79
4627107063,152,99,9909,107143070,5072,2013-02-25,8,OZ,1,1.5
4627108181,152,26,2630,103700030,14647,2013-02-17,372,CT,1,6.69
4627109998,152,92,9204,1073150979,25291,2012-09-21,30,CT,1,6.49
4627117698,152,31,3108,1068826767,7173,2012-06-05,26,OZ,1,0.75
4627117698,152,36,3611,104900040,4599,2012-08-05,20,OZ,1,1.79
4627117698,152,23,2301,107130070,15474,2013-04-06,16,OZ,2,3.38
4627120516,153,9,907,1069899767,18981,2012-07-05,12,OZ,1,5.99
4627120634,152,21,2113,107630171,755,2012-06-02,54,OZ,1,3.59
4627120634,152,10,1004,104300040,26232,2013-03-24,1,OZ,5,4.95
4627122861,6,0,0,10000,0,2012-12-15,0,,2,0
4627125701,152,41,4108,104133141,7531,2012-10-26,15.5,OZ,2,1.78
4627130145,6,37,3706,105010050,8089,2012-11-03,15,OZ,5,10.45
4627131572,152,7,706,104127141,26189,2012-08-12,64,OZ,1,3.99
4627131572,152,9,922,1068826767,81691,2012-10-23,10,OZ,1,3.49
4627131572,152,9,907,101410010,13791,2012-12-04,12.25,OZ,1,3.49
4627134372,153,9,917,103530535,65660,2012-06-24,20.9,OZ,2,5.38
4627139689,153,60,6011,101800010,14029,2012-12-12,16.3,OZ,1,2.89
4627139689,153,26,2634,103700030,3293,2013-02-22,6,RL,1,4.39
4627139775,152,33,3318,107797575,27417,2012-08-05,12,OZ,1,3.49
4627141163,153,21,2111,107630171,755,2012-03-09,64,OZ,1,3.99
4627141163,153,21,2111,107630171,755,2012-03-30,64,OZ,1,3.99
4627141163,153,7,708,1076211171,17286,2013-03-19,12,OZ,1,10.99
4627141426,152,99,9904,1081204989,27736,2012-04-09,16,OZ,2,7.98
4627141426,152,9,907,1068826767,12475,2012-09-25,24,OZ,1,3.39
4627141426,152,99,9909,1068826767,81691,2012-10-21,6,OZ,1,3.69
4627141426,152,31,3101,1068826767,17698,2012-12-18,3.12,OZ,1,1.99
4627141426,152,37,3705,103574232,8081,2013-02-24,14.5,OZ,2,5.98
4627144172,6,64,6401,101820010,2510,2012-10-27,288,OZ,3,59.97
4627144172,6,96,9609,1054110050,88199,2013-06-11,0,,1,0
4627145291,152,4,423,101900010,10421,2012-12-22,2.75,OZ,2,4.98
4627147046,152,38,3802,104920040,5098,2012-04-24,1,LB,1,1.69
4627147046,152,63,6315,1068826767,81691,2012-06-18,64,OZ,1,2.59
4627147046,152,56,5620,107104070,76668,2012-12-02,8,OZ,2,8.78
4627147046,152,97,9753,1020401727,0,2013-04-17,1,CT,1,2.67
4627147046,152,99,9904,1064312666,5072,2013-06-09,1,CT,1,3.99
4627149352,152,3,310,107045070,4913,2012-12-20,14,OZ,1,8.49
4627149352,152,31,3101,1068826767,20614,2013-01-07,2.5,OZ,2,5.98
4627150968,6,5,501,1068826767,81691,2012-07-12,18,OZ,1,2.99
4627150968,6,37,3703,105100050,2820,2013-03-05,10.75,OZ,6,11.94
4627151469,153,9,902,104400040,15335,2012-12-16,15.1,OZ,1,3.59
4627151858,152,23,2301,102409424,4649,2012-06-20,13.25,OZ,1,2.99
4627151858,152,53,5305,1071157575,16108,2012-12-16,30,OZ,1,4.99
4627151858,152,21,2112,1089899989,19445,2013-01-10,16.9,OZ,2,5.58
4627151859,152,33,3303,102840020,10241,2013-02-26,8.5,OZ,2,7.98
4627158216,153,41,4106,1068826767,81691,2013-01-06,6.5,OZ,1,0.75
4627158216,153,8,818,107764474,64256,2013-02-18,24,OZ,1,1.67
4627161291,6,26,2614,103700030,514,2012-05-07,48,CT,1,8.29
4627161291,6,25,2506,104127141,26189,2012-10-28,16,OZ,2,4.78
4627161490,152,58,5833,103760030,8501,2012-05-07,18.4,OZ,1,7.99
4627161490,152,99,9908,103338333,33170,2012-10-14,24,OZ,1,3.99
4627162189,153,51,5125,101380010,10271,2012-04-10,6.5,OZ,2,6.98
4627162189,153,29,2920,101600010,1756,2012-11-05,3.3,OZ,2,2
4627164441,153,8,818,107764474,64256,2013-03-22,24,OZ,2,4.3
4627164559,6,49,4901,101312010,26885,2013-03-08,30,OZ,1,3.69
4627166645,152,5,516,103000030,14760,2013-03-03,6.5,OZ,1,3.59
4627170736,153,31,3101,105210050,11382,2013-03-19,1.24,OZ,1,3.29
4627170771,152,41,4108,1068826767,81691,2012-10-08,15.5,OZ,3,2.67
4627171749,152,18,1841,1068826767,7173,2012-08-17,16,CT,1,3.29
4627172585,152,1,106,101500010,29555,2012-07-21,5.5,OZ,1,2.35
4627172943,152,35,3504,103500030,13470,2012-07-15,25,OZ,1,2.99
4627172943,152,4,410,101130010,2272,2012-11-03,11,OZ,1,1.59
4627172943,152,99,9904,10505037252,3457,2012-12-31,1,CT,1,3.99
4627176376,6,72,7205,103500030,3830,2012-03-02,5.8,OZ,1,3.79
4627176376,6,36,3604,107800070,2829,2012-06-11,33.8,OZ,2,3.58
4627176376,6,35,3509,103320030,875,2012-09-11,62.5,OZ,1,5.85
4627176481,152,12,1206,108000080,17292,2013-03-06,6.4,OZ,1,4.19
4627177625,6,99,9909,107143070,5072,2012-08-14,9.7,OZ,1,3.69
4627179332,152,73,7344,1030076636,18877,2012-04-07,60,CT,2,8.38
4627179332,152,53,5305,102000020,7655,2013-03-03,9,OZ,2,4
4627179332,152,36,3626,104900040,17186,2013-03-13,67.6,OZ,1,1.89
4627179332,152,26,2635,104841949,641,2013-03-13,1,CT,1,1.99
4627181090,153,9,907,104500040,20016,2012-04-01,16,OZ,1,2.99
4627181090,153,33,3302,102389626,14268,2013-06-08,9.6,OZ,1,2.99
4627181920,153,16,1604,102200020,6021,2012-06-30,45,CT,1,2.99
4627181920,153,7,709,102550020,6550,2012-07-27,3.81,OZ,1,8.49
4627182230,152,9,901,104400040,36320,2013-03-29,6,OZ,1,2.69
4627183946,153,10,1011,104300040,26232,2012-03-03,13.8,OZ,1,3.99
4627183946,153,57,5710,103663232,4568,2012-03-09,5.3,OZ,6,7.5
4627183946,153,99,9908,102112020,20616,2012-05-11,16,OZ,1,1.89
4627183946,153,21,2105,105200050,7054,2012-10-12,160,OZ,1,7.49
4627183946,153,0,0,10000,0,2013-01-19,0,,6,14.95
4627183946,153,99,9909,107143070,5072,2013-03-23,12,OZ,1,3.69
4627186015,152,97,9701,1068826767,20616,2012-11-02,1,CT,2,41.98
4627186115,152,36,3601,104900040,3809,2012-06-12,67.6,OZ,3,5.67
4627186115,152,56,5617,1068826767,81691,2012-11-13,12,OZ,1,3.29
4627186115,152,11,1114,107027272,5613,2012-12-18,32,OZ,1,5.69
4627186115,152,23,2301,107680878,1393,2013-01-25,16,OZ,4,5.96
4627186115,152,36,3635,1068826767,107379,2013-02-16,33.8,OZ,8,5.34
4627190712,6,34,3410,107418272,16853,2012-06-03,32,OZ,1,4.49
4627190712,6,9,907,107102575,102885,2013-03-02,18,OZ,1,4.19
4627191154,152,97,9753,1020413525,0,2012-09-08,1,CT,1,8.96
4627196468,152,29,2930,106414464,3342,2012-07-04,7.5,OZ,10,10.9
4627196468,152,39,3903,104300040,10654,2012-09-18,24,OZ,1,3.45
4627196468,152,26,2622,1068826767,16965,2012-10-24,100,CT,1,2.65
4627196468,152,6,603,102800020,12545,2013-01-10,40.7,OZ,1,8.99
4627197401,6,26,2633,105400050,16048,2012-05-20,12,RL,1,9.99
4627197589,6,26,2628,103600030,9787,2012-04-13,60,CT,1,3.19
4627200590,152,63,6328,102016929,16492,2012-10-29,24,OZ,1,3.69
4627200717,153,9,907,107102575,102885,2012-11-19,18,OZ,1,4.19
4627200812,152,29,2925,1068826767,20616,2013-02-22,32,OZ,1,3.49
4627202176,6,69,6901,103700030,16139,2012-04-10,1.6,OZ,1,8.35
4627202450,153,25,2508,105385959,84,2012-07-24,64,OZ,1,3.79
4627202450,153,51,5115,107192171,25673,2013-04-08,19.6,OZ,1,7.39
4627204199,6,63,6315,1068826767,81691,2012-09-20,128,OZ,1,3.99
4627204199,6,99,9909,1068826767,81691,2013-03-12,7,OZ,1,3.69
4627208517,153,9,907,1068826767,81691,2012-07-10,18,OZ,1,2
4627208517,153,36,3611,101200010,803,2012-08-17,405.6,OZ,2,9.98
4627208718,152,36,3635,1068826767,81691,2012-03-06,33.8,OZ,3,2
4627209312,6,29,2928,104100040,9814,2012-05-30,5.5,OZ,1,1.19
4627209312,6,97,9753,1020000020,0,2013-01-05,1,CT,2,0
4627209898,152,63,6305,104850040,18799,2012-03-31,59,OZ,1,4.39
4627209898,152,35,3508,103700030,18371,2012-11-24,100,OZ,1,15.79
4627212936,153,25,2509,1068826767,81691,2012-04-01,32,OZ,1,2.59
4627212936,153,9,907,1068826767,81691,2012-06-10,15,OZ,1,2.19
4627212936,153,8,835,102150020,10238,2012-07-22,12,OZ,1,2.99
4627212936,153,31,3108,105210050,11382,2012-07-29,2.12,OZ,1,2.79
4627216630,6,35,3508,103700030,18371,2012-03-25,100,OZ,1,14.99
4627216630,6,8,821,104139040,9659,2013-02-09,10,OZ,1,2.29
4627216630,6,9,917,102733121,9966,2013-04-23,25,OZ,1,2.99
4627221820,152,33,3318,107027373,16368,2012-04-18,20,OZ,1,2.29
4627222689,152,35,3506,105170050,6335,2012-07-23,43,OZ,1,13.29
4627227202,6,56,5621,104610040,15889,2013-01-30,8,OZ,1,3.39
4627227734,153,34,3411,101111111,5168,2012-09-20,18,OZ,1,6.99
4627227734,153,26,2633,105400050,16048,2013-03-11,1,RL,2,2.18
4627229355,6,99,9909,107143070,5072,2012-07-04,14,OZ,1,1.99
4627229355,6,63,6309,104850040,18799,2013-02-03,12,OZ,1,1.39
4627230411,6,63,6312,102500020,11749,2012-03-08,59,OZ,1,2.19
4627230411,6,29,2902,103760030,8501,2012-07-17,10.5,OZ,1,1.85
4627230411,6,40,4004,104100040,10522,2012-12-10,8,OZ,1,3.79
4627230411,6,63,6313,1061611262,23016,2013-02-27,14,OZ,1,5.49
4627230411,6,9,907,107167373,17480,2013-05-10,24,OZ,3,9.87
4627231650,6,72,7205,1069702969,77096,2012-11-14,4,OZ,1,8.99
4627231650,6,26,2619,101370010,8154,2013-01-06,45,CT,1,10.99
4627231650,6,8,810,105210050,11382,2013-03-24,1.3,OZ,2,4.38
4627231650,6,7,706,107146474,2142,2013-05-07,15.2,OZ,1,2.99
4627233466,153,59,5902,1068826767,81691,2012-07-26,16,OZ,1,2.99
4627233466,153,33,3325,102840020,21452,2012-10-21,20,OZ,1,7.99
4627233787,152,18,1802,104613545,17898,2012-03-16,1,CT,1,7.99
4627233787,152,41,4106,107079676,3198,2013-02-02,12,OZ,1,3.99
4627235879,152,99,9909,1068826767,7173,2012-12-23,12,OZ,1,3.99
4627237002,153,56,5615,107835474,2675,2012-11-24,8,OZ,1,2.99
4627237002,153,29,2928,101530010,58299,2013-04-17,6.2,OZ,2,2.5
4627237317,152,58,5832,104470040,10837,2012-10-19,9.8,OZ,1,4.99
4627239093,152,18,1850,102120020,16044,2012-10-16,3,CT,1,3.19
4627240676,153,9,901,1068826767,7740,2012-08-29,13,OZ,1,1
4627240676,153,45,4508,104440040,7504,2013-02-22,18.2,OZ,2,15.98
4627242305,6,63,6315,1068826767,81691,2013-02-22,128,OZ,2,7.98
4627243296,6,79,7901,109256797,45552,2013-05-29,1,CT,1,2.49
4627243519,153,5,517,103800030,69260,2012-10-25,10.4,OZ,1,3.49
4627243519,153,29,2928,105480050,19039,2012-12-14,8.8,OZ,3,6.87
4627243519,153,5,501,103800030,17050,2013-01-09,11,OZ,1,3.99
4627250054,152,36,3634,1078616272,7237,2012-03-22,20,OZ,1,1.5
4627250054,152,9,908,107203070,5812,2012-04-19,19,OZ,1,5.99
4627250054,152,30,3001,104800141,8178,2012-10-05,8,OZ,1,2.89
4627250054,152,99,9908,102112020,20616,2012-12-09,16,OZ,1,1.99
4627252463,152,97,9753,1020466222,0,2012-11-29,1,CT,1,0.6
4627252463,152,55,5557,107756777,11005,2013-02-28,11.1,OZ,1,5.69
4627253040,152,60,6007,101800010,14029,2012-08-24,8,OZ,1,3.29
4627257134,6,99,9904,1066529060,52314,2012-03-24,16,OZ,1,3.99
4627257179,153,25,2509,1068826767,81691,2012-04-07,32,OZ,1,2.49
4627257179,153,9,904,1078735979,6734,2012-11-13,5,OZ,2,3.98
4627257247,152,99,9908,102112020,20616,2012-07-23,80,OZ,1,4.99
4627259036,152,67,6708,1061052868,22128,2012-07-13,10,CT,1,3.99
4627260705,153,37,3706,104119646,14582,2012-11-12,19,OZ,1,2.5
4627262790,152,41,4105,107294070,15064,2012-10-23,28,OZ,2,3.58
4627265127,153,36,3634,1078616272,7237,2012-08-05,20,OZ,10,15
4627265127,153,56,5615,1068826767,7173,2012-08-21,16,OZ,1,4.49
4627265127,153,59,5902,1068826767,81691,2012-12-20,16,OZ,1,3.49
4627267425,152,26,2633,105400050,16048,2013-02-13,12,RL,1,10.99
4627267840,152,37,3703,105100050,2820,2012-07-20,10.5,OZ,3,5.67
4627267840,152,35,3509,103320030,875,2012-08-27,62.5,OZ,1,5.99
4627267840,152,57,5710,1089470080,21065,2013-01-09,5.3,OZ,3,4
4627267840,152,17,1719,101920010,10882,2013-02-02,12.5,OZ,1,5.29
4627267840,152,9,902,103800030,17050,2013-03-21,4,OZ,1,3.69
4627269468,153,97,9799,105113151,52,2012-12-06,1,CT,1,4.65
4627271595,6,0,0,10000,20405,2013-03-09,0,,1,13.57
4627272374,152,12,1206,108660080,2559,2012-11-03,20,OZ,1,7.39
4627272374,152,9,907,104923949,33446,2012-12-22,15,OZ,1,1.69
4627272374,152,51,5127,1065827666,8605,2013-01-26,13.1,OZ,1,3.99
4627274168,152,56,5613,107403070,16922,2013-03-01,32,OZ,1,6.99
4627277320,6,72,7205,103700030,4294,2012-06-17,6.2,OZ,2,6.98
4627277923,152,33,3305,102840020,5141,2013-02-23,17,OZ,1,4.99
4627284081,152,10,1011,104300040,26232,2012-06-17,11.75,OZ,1,2.99
4627284484,152,25,2507,102800020,12545,2012-09-27,16,OZ,1,1.89
4627287048,152,55,5558,107585676,9798,2012-06-30,27,OZ,1,3.79
4627287865,152,9,907,107347272,6562,2013-02-07,24,OZ,1,5.69
4627290127,152,7,709,102550020,6550,2012-08-08,3.81,OZ,1,8.69
4627290127,152,25,2507,103400030,8247,2012-12-23,24,OZ,2,4.67
4627291746,6,79,7903,107148676,17274,2012-03-10,1,CT,1,3.99
4627291746,6,21,2106,1068826767,7740,2012-06-28,46,OZ,2,2
4627291746,6,41,4109,105100050,2820,2012-09-10,15.75,OZ,1,0.85
4627291746,6,63,6315,1068826767,81691,2013-02-09,32,OZ,1,1.69
4627295286,153,4,416,104000040,16765,2012-11-19,3.29,OZ,1,1.99
4627296632,153,10,1011,104300040,26232,2012-04-04,23.3,OZ,1,3.59
4627296632,153,63,6321,104082242,15667,2012-11-18,10,OZ,1,4.49
4627301691,153,31,3101,105210050,11382,2012-10-17,1.5,OZ,1,2.99
4627303630,153,9,914,1068826767,12475,2012-09-12,11,OZ,1,3.69
4627303630,153,22,2207,103700030,18371,2013-01-21,14,OZ,1,6.99
4627303965,153,8,810,105210050,11382,2012-05-11,0.9,OZ,2,3.58
4627303965,153,33,3310,108266686,14265,2012-05-19,3,OZ,1,2.99
4627303965,153,9,902,104400040,18775,2012-08-27,13,OZ,1,4.39
4627305024,153,95,9519,1079590272,7848,2012-06-17,10,CT,1,3.99
4627305024,153,99,9908,102112020,20616,2012-12-28,16,OZ,2,3.98
4627305274,152,29,2930,106414464,3342,2012-10-22,7.5,OZ,5,8.45
4627305489,6,51,5126,101380010,27474,2012-10-21,10.5,OZ,1,3.99
4627305489,6,63,6320,1068826767,12475,2012-11-18,12,CT,1,3.59
4627305489,6,26,2620,104200040,5016,2012-11-20,14,CT,1,3.19
4627305489,6,54,5401,103800030,5618,2013-02-24,12.3,OZ,1,2.99
4627305489,6,97,9707,107169171,15583,2013-05-05,4,CT,2,6.98
4627306111,153,26,2629,1068826767,20616,2012-05-17,40,CT,1,2.19
4627306294,6,58,5813,1078533171,7796,2012-10-18,16,OZ,1,1.69
4627306294,6,31,3101,105210050,11382,2012-11-19,0.12,OZ,1,3.99
4627308328,152,37,3705,1068826767,81691,2012-07-28,19,OZ,2,4
4627308358,6,75,7501,107704373,17223,2012-04-14,21,OZ,1,5.29
4627312914,152,29,2907,104600040,13023,2012-11-10,11.4,OZ,1,3.79
4627312914,152,74,7404,101204414,13056,2013-01-16,4,OZ,1,4.99
4627314231,6,37,3706,107022777,17466,2012-08-18,15,OZ,1,2.89
4627317275,6,33,3351,108186484,7870,2012-07-07,8,OZ,1,2.49
4627322711,6,9,918,101410010,13791,2013-01-03,7.2,OZ,1,3.49
4627325132,153,51,5115,101960010,3174,2013-02-07,5.08,OZ,4,4
4627326060,152,63,6315,1068826767,12475,2012-04-06,64,OZ,1,3.79
4627329830,152,26,2609,1068826767,7173,2012-10-14,45,CT,1,2.25
4627329830,152,27,2704,1088424484,5068,2013-01-20,15,OZ,1,15.99
4627329830,152,58,5832,107274575,13804,2013-03-02,11.2,OZ,1,5.99
4627330920,153,15,1506,1089418585,27670,2012-09-17,0.35,OZ,3,3
4627330920,153,59,5902,103450030,10165,2013-06-17,8,OZ,1,2.79
4627333743,6,51,5127,103100030,1358,2012-08-30,7.3,OZ,1,1.25
4627334041,152,18,1854,107173676,10390,2013-01-10,2,CT,1,3.19
4627334428,153,96,9631,107675070,576,2012-12-14,1,CT,1,50
4627334731,152,26,2628,103700030,2248,2012-09-16,1,RL,3,7.95
4627334738,6,74,7407,104152040,2963,2012-06-02,12,CT,1,3
4627334738,6,9,920,103010030,9530,2013-03-09,11,OZ,1,3.29
4627335425,153,9,902,104400040,15335,2012-04-11,14.6,OZ,1,3.59
4627335425,153,0,0,10000,0,2012-07-09,0,,2,0
4627335425,153,8,809,105100050,2820,2012-10-01,10.5,OZ,2,3.34
4627336305,152,63,6320,1081565282,60906,2012-10-15,6,CT,1,2.69
4627336396,152,5,501,101600010,85114,2013-07-14,12.2,OZ,1,3.79
4627337212,152,9,907,107341070,888,2013-03-02,18,OZ,1,4.29
4627337212,152,17,1721,104650040,14149,2013-03-02,9.7,OZ,1,4.59
4627337433,6,5,518,103800030,15251,2013-04-07,6.2,OZ,1,2.69
4627337871,152,57,5710,1068954464,6086,2012-03-30,6,OZ,1,1.79
4627337871,152,57,5704,103663232,4568,2012-08-28,16,OZ,1,3.19
4627337871,152,56,5620,104610040,15889,2012-09-16,16,OZ,1,6.29
4627337871,152,5,501,103800030,6796,2012-11-12,15,OZ,1,4.59
4627337871,152,49,4901,101312010,26885,2012-11-17,32,OZ,1,4.79
4627337871,152,8,811,1074747979,14926,2013-04-12,24,OZ,1,8.99
4627337942,152,4,417,107172070,9365,2013-05-06,4,OZ,2,3.38
4627338534,152,33,3305,102840020,18584,2012-10-25,14.5,OZ,1,4.99
4627338534,152,9,907,1068826767,81691,2012-11-04,12,OZ,1,1.69
4627338534,152,5,501,101600010,3396,2012-11-04,14,OZ,1,3.49
4627338534,152,99,9908,103338333,33170,2012-11-25,8,OZ,3,5.97
4627340100,153,56,5621,1068826767,81691,2012-10-15,8,OZ,1,3.19
4627342017,6,30,3002,104800141,8178,2012-06-17,30,OZ,1,4.99
4627343291,153,36,3601,101200010,13794,2012-11-23,67.6,OZ,1,1.79
4627343291,153,9,907,107341070,888,2013-04-11,24,OZ,2,9.38
4627344703,152,41,4107,102400020,4704,2012-09-14,14.5,OZ,2,2.98
4627344703,152,37,3707,104800141,9814,2013-03-22,4.66,OZ,1,3.99
4627345236,152,36,3611,107572070,14196,2012-04-05,405.6,OZ,2,11.98
4627348540,6,8,811,1070601070,1393,2012-11-19,24,OZ,1,2.89
4627348540,6,15,1506,103120030,12957,2013-01-05,5,OZ,1,2.99
4627350009,153,99,9908,1072021070,53732,2012-03-09,16,OZ,1,1.99
4627350009,153,12,1203,107323070,4337,2012-08-16,3.53,OZ,1,1.09
4627350009,153,41,4105,102700020,8612,2013-01-14,14.5,OZ,2,3.5
4627353238,153,51,5117,1068826767,7173,2012-07-27,6.5,OZ,1,1
4627353373,152,25,2509,1068826767,81691,2012-09-21,64,OZ,1,4.89
4627353373,152,21,2103,101480010,12021,2012-10-03,64,OZ,1,3.29
4627357119,153,9,907,1083584181,6283,2012-03-05,24,OZ,1,4.29
4627357119,153,9,907,1068826767,81691,2012-05-28,12,OZ,1,1.25
4627357119,153,58,5833,103760030,8501,2012-10-27,18.4,OZ,1,7.99
4627357637,153,36,3618,101200010,23361,2013-04-03,20,OZ,1,1.79
4627358639,153,97,9771,1084728080,86608,2012-04-18,1,CT,1,8.99
4627358639,153,99,9904,1081204989,27736,2012-08-24,16,OZ,1,3.99
4627358639,153,57,5703,105215959,41981,2013-03-06,6,OZ,1,0.99
4627362992,6,99,9908,103338333,33170,2013-01-24,13,OZ,1,2.5
4627362992,6,26,2633,1068826767,33170,2013-04-09,20,RL,1,11.49
4627363237,153,99,9908,102112020,20616,2012-11-16,32,OZ,1,1.99
4627363237,153,58,5823,107740070,2500,2012-12-07,16,OZ,1,4.99
4627363237,153,99,9908,101833717,26028,2013-03-01,12,OZ,1,2.99
4627367751,152,99,9908,1071651979,11085,2012-04-13,8,OZ,1,3.79
4627367981,153,36,3632,107153777,2892,2012-07-17,67.6,OZ,1,1.49
4627367981,153,9,902,104400040,19783,2012-11-13,8.5,OZ,1,3.29
4627367981,153,34,3410,104152040,2963,2013-04-07,8,OZ,1,2.49
4627369309,152,63,6305,104850040,18799,2012-10-15,59,OZ,1,3.99
4627369309,152,34,3403,103700030,15697,2013-02-28,32,OZ,1,5.49
4627370684,153,26,2634,103700030,3293,2012-04-12,6,RL,1,4.99
4627371761,6,9,901,106731262,19527,2012-06-08,14.1,OZ,1,3.19
4627371761,6,18,1828,101980010,15181,2012-07-22,7.5,OZ,2,2.5
4627372527,152,27,2710,104460040,6743,2012-11-11,20,LB,1,11.99
4627372527,152,1,106,105220050,1569,2012-11-25,3.8,OZ,1,1.49
4627372527,152,25,2507,1068826767,81691,2013-01-18,24,OZ,2,4.38
4627374787,152,4,417,103400030,8247,2012-12-07,2.6,OZ,1,1.99
4627376778,152,26,2622,102570020,20361,2012-06-03,30,CT,1,5.19
4627376778,152,63,6309,104850040,18799,2012-09-08,48,OZ,1,4.49
4627378038,152,21,2117,105096858,13225,2012-04-10,72,OZ,1,5.29
4627378713,153,63,6321,107890272,18730,2012-03-11,16,OZ,1,4.99
4627378713,153,33,3307,104157040,2017,2012-08-01,16,OZ,1,7.85
4627378713,153,9,907,101410010,13791,2012-11-11,16,OZ,1,4.29
4627378713,153,58,5830,104350040,14162,2013-03-17,12,OZ,1,5.49
4627383744,152,92,9204,107417070,15743,2012-07-28,0.45,OZ,1,2.99
4627383744,152,35,3508,103700030,18371,2012-11-14,100,OZ,1,15.79
4627387083,153,0,0,10000,0,2012-12-02,0,,2,0
4627387083,153,56,5615,1068826767,7173,2012-12-23,8,OZ,1,2.69
4627388105,153,33,3303,104126242,19971,2012-09-12,7,OZ,1,2
4627389708,6,58,5824,103077131,343,2012-11-04,12,OZ,1,5.49
4627389708,6,25,2507,1074236575,8499,2012-11-25,8,OZ,4,4.76
4627389768,6,51,5126,101380010,27474,2012-05-14,16,OZ,2,8.38
4627390502,153,59,5902,103450030,10165,2012-07-18,16,OZ,2,9.18
4627390502,153,7,709,109955595,7661,2012-10-07,3.9,OZ,1,8.49
4627390502,153,27,2704,103270030,7966,2013-03-19,10,CT,1,3.99
4627390502,153,57,5710,1089470080,21065,2013-03-29,5.3,OZ,6,8.34
4627393036,6,57,5710,104667545,20216,2013-03-25,5.3,OZ,1,1.25
4627393668,152,56,5617,102100020,9886,2013-03-09,16,OZ,2,8.78
4627395845,6,19,1908,105150050,9189,2012-03-19,40,OZ,1,7.59
4627395845,6,56,5617,102100020,9886,2013-01-12,12,OZ,1,3.39
4627395845,6,41,4108,104133141,7531,2013-02-08,29,OZ,1,2.09
4627395845,6,99,9904,10505037252,3457,2013-06-17,1,CT,2,7.98
4627398205,6,36,3635,101657111,17037,2012-07-22,17,OZ,1,1.19
4627398205,6,58,5827,102531727,763,2012-08-19,8,OZ,1,4.49
4627398205,6,12,1205,108000080,17292,2012-10-25,2.6,OZ,1,1.79
4627398205,6,34,3402,1030813737,32322,2013-03-03,6.5,OZ,2,11.98
4627399214,152,32,3203,1068826767,81691,2013-02-12,5,OZ,1,2.69
4627407170,152,11,1113,104345444,10440,2012-12-01,5.5,OZ,1,3.99
4627407724,6,29,2925,101740010,47096,2012-09-15,14,OZ,1,2.39
4627408366,152,99,9908,102112020,20616,2012-06-15,80,OZ,1,3.99
4627410330,152,4,421,107097070,56002,2012-05-21,6,OZ,1,1
4627411416,152,9,913,104812141,18322,2012-10-02,12,OZ,1,3.99
4627411416,152,8,811,107490878,9994,2012-10-11,26,OZ,1,7.49
4627411416,152,36,3611,107572070,14196,2012-11-14,64,OZ,1,2.79
4627412253,152,65,6503,105100050,13791,2012-05-11,17.3,OZ,4,19.96
4627412379,152,21,2109,104180040,19713,2012-05-04,64,OZ,1,3.99
4627412379,152,21,2109,104180040,19713,2012-09-30,64,OZ,2,7.98
4627412379,152,72,7205,103500030,3830,2012-12-22,6.4,OZ,2,4.78
4627413805,6,18,1828,101980010,15181,2012-06-02,7.5,OZ,5,5.45
4627413805,6,96,9632,107675070,22163,2012-08-12,1,CT,1,25
4627413805,6,27,2704,102310020,3223,2012-08-26,14,OZ,1,3.39
4627413805,6,34,3411,107214070,12679,2012-09-18,16.9,OZ,1,5.99
4627413805,6,4,411,104223848,7932,2012-10-14,5,OZ,1,1.49
4627413805,6,95,9518,1061029060,7848,2012-12-22,1,CT,4,7.96
4627413805,6,9,907,107102575,102885,2012-12-22,15,OZ,1,4.19
4627413805,6,99,9909,107143070,5072,2013-03-04,7,OZ,1,3.69
4627413805,6,57,5709,105215959,41981,2013-05-06,18.6,OZ,1,3.79
4627416070,152,36,3618,101200010,23361,2012-07-26,144,OZ,1,5.79
4627416070,152,49,4901,104330141,86596,2012-12-26,22,OZ,1,2.89
4627416803,152,63,6321,104082242,15667,2013-01-26,10,OZ,2,8.98
4627417038,152,54,5401,1068826767,81691,2012-09-08,12.3,OZ,1,2.29
4627417038,152,33,3325,102840020,21452,2012-10-05,20,OZ,1,8.99
4627417038,152,55,5552,102983929,6763,2012-10-14,48,OZ,1,3.29
4627417038,152,35,3509,103320030,875,2012-11-17,50,OZ,1,4.59
4627417038,152,5,502,103485636,19713,2013-02-24,9,OZ,2,5.78
4627417038,152,9,905,1068826767,7173,2013-05-24,12,OZ,1,2.99
4627417819,152,9,907,102591121,67828,2012-08-07,17,OZ,1,3.19
4627417819,152,51,5122,105150050,16728,2012-11-25,8,OZ,2,6.98
4627417819,152,26,2622,1068826767,7173,2013-07-16,50,CT,1,3
4627418481,153,51,5117,1068826767,7173,2012-04-26,6,OZ,1,2
4627420670,6,36,3611,108265787,4687,2012-11-03,405.6,OZ,4,19.96
4627420670,6,2,214,103997838,2082,2012-12-22,22,OZ,1,4.79
4627420670,6,97,9753,1021006727,0,2013-02-10,1,CT,1,39.96
4627421627,153,40,4005,107073474,25373,2012-07-07,1.5,OZ,1,2.99
4627422713,152,58,5812,105450050,1322,2012-08-31,16,OZ,2,9.98
4627422713,152,63,6315,104410040,8481,2013-03-15,64,OZ,1,3.09
4627424091,153,75,7533,1031101737,25703,2012-06-20,8,CT,1,4.59
4627424091,153,99,9904,10505037252,3457,2013-02-15,1,CT,2,7.98
4627428909,152,9,918,1069499060,10775,2012-08-25,5.29,OZ,2,6.98
4627430298,6,9,907,109492292,7173,2012-05-26,16,OZ,1,3.69
4627430298,6,26,2613,103700030,13481,2012-07-14,84,CT,1,24.99
4627430298,6,5,517,101862717,9496,2012-11-25,7.2,OZ,1,3.79
4627430298,6,9,904,107067878,15523,2012-11-25,5,OZ,1,1.59
4627432503,153,51,5115,107218070,15035,2012-08-13,10.29,OZ,1,2.99
4627433273,6,99,9908,1071651979,11085,2012-06-03,8,OZ,1,3.79
4627433273,6,58,5812,105450050,1322,2013-01-06,14,OZ,1,4.99
4627434209,153,56,5620,1068826767,20616,2012-03-04,8,OZ,1,2.29
4627434688,153,73,7309,1034152030,2963,2012-06-30,10,OZ,1,1.5
4627434688,153,4,418,103400030,8247,2013-03-05,8,OZ,1,3.99
4627440400,6,56,5616,1068826767,81691,2012-06-09,10,OZ,1,3.19
4627442150,152,63,6321,107890272,18730,2012-04-12,8,OZ,1,3.5
4627445781,153,9,901,103010030,6852,2012-04-22,10,OZ,1,3.29
4627445781,153,99,9904,103338333,33170,2013-02-10,16,OZ,1,4.99
4627448129,152,41,4107,107079676,3198,2012-11-25,14,OZ,2,5
4627452805,153,17,1704,1075703777,9439,2013-03-02,19,OZ,1,4.45
4627452805,153,5,519,1068826767,81691,2013-06-25,15.1,OZ,1,2.19
4627453255,152,97,9753,1020437828,0,2012-06-24,1,CT,1,4.49
4627453255,152,36,3601,101200010,13794,2012-07-26,67.6,OZ,2,3.78
4627454536,6,57,5710,1089470080,21065,2012-04-19,5.3,OZ,3,3.75
4627454536,6,99,9909,107774575,14997,2012-06-24,6.5,OZ,1,2.5
4627456335,152,9,901,103010030,15287,2012-09-22,4.44,OZ,1,3.79
4627456335,152,9,910,105929050,3034,2012-12-23,7,OZ,1,3.99
4627457502,153,26,2628,105400050,16048,2012-08-16,6,RL,1,5.99
4627458341,6,64,6410,108500080,1426,2012-03-17,48,OZ,1,5.49
4627458341,6,7,709,109955595,12598,2012-10-28,4.87,OZ,1,8.49
4627460885,153,32,3203,106414464,13474,2012-05-06,6,OZ,1,3.99
4627460885,153,63,6320,1071514171,25530,2013-02-17,12,CT,1,3.79
4627461797,152,55,5567,107064070,2014,2013-04-07,22.5,OZ,1,4.79
4627462764,153,5,516,101600010,6283,2013-04-12,7,OZ,2,7.18
4627466703,152,36,3634,1078616272,7237,2012-04-09,20,OZ,1,1.5
4627466703,152,99,9908,1068826767,7740,2012-11-17,20,OZ,1,2.49
4627466703,152,25,2508,1068826767,12475,2013-03-21,32,OZ,2,3.58
4627468321,152,27,2712,1068826767,7173,2012-07-06,320,OZ,1,8.99
4627471271,153,9,902,101410010,45039,2012-09-10,6.6,OZ,1,2.39
4627471412,6,29,2907,103900030,13296,2012-08-11,5.8,OZ,1,2.19
4627472117,152,57,5705,103663232,4568,2012-06-12,6,OZ,2,1.6
4627473041,152,3,303,107116979,1756,2012-06-15,2,OZ,1,2.99
4627473041,152,4,418,103400030,57369,2012-10-21,12,OZ,1,4.19
4627473041,152,26,2628,1068826767,81691,2013-01-27,1,RL,3,3
4627474461,6,97,9753,1076163575,0,2013-03-15,1,CT,1,3.99
4627475724,153,57,5704,105215959,41981,2012-03-21,6,OZ,5,4.95
4627475724,153,63,6323,107545777,7025,2012-12-01,64,OZ,1,2.99
4627475996,152,59,5905,103377636,5476,2012-04-15,13,OZ,1,4.59
4627475996,152,63,6305,102500020,16489,2012-05-08,89,OZ,1,5.99
4627481670,153,63,6316,1068826767,81691,2012-06-14,16,OZ,1,1.29
4627481698,152,23,2310,107466575,674,2012-11-03,13,OZ,1,3.29
4627482451,6,38,3801,104920040,5098,2012-06-15,4,LB,1,3.99
4627484557,153,43,4302,104300040,4030,2012-07-12,8,OZ,1,1.99
4627485575,6,53,5307,102190828,3073,2013-02-24,10,OZ,4,9.56
4627488850,152,34,3411,101111111,1141,2012-12-01,16,OZ,2,8.98
4627490988,152,9,901,104400040,12885,2012-03-12,8,OZ,1,2.99
4627493709,6,56,5614,1068826767,81691,2012-06-21,16,OZ,1,4.99
4627493709,6,33,3303,104178040,19154,2012-09-19,10,OZ,1,4.29
4627493997,152,72,7205,105310050,804,2012-04-23,6,OZ,1,1.99
4627493997,152,9,907,104957444,18224,2012-08-13,19.5,OZ,1,5.29
4627493997,152,36,3618,101200010,23361,2013-04-22,144,OZ,1,5.99
4627495249,153,18,1802,104613545,17898,2012-11-10,1,CT,3,11.07
4627496731,152,23,2301,1068826767,12475,2012-09-08,13.25,OZ,1,1.65
4627496731,152,97,9753,1076163575,0,2012-12-02,1,CT,1,3.99
4627496731,152,11,1112,102898929,26666,2013-02-22,16,OZ,1,6.99
4627497841,152,56,5616,104610040,15889,2012-07-05,6.84,OZ,1,3.99
4627497841,152,36,3604,107800070,16023,2012-10-28,67.6,OZ,2,3.78
4627497895,153,17,1709,101920010,10882,2012-05-21,24,OZ,1,2.45
4627500904,152,21,2119,101200010,10522,2013-01-13,128,OZ,1,3.49
4627505069,152,23,2301,107130070,15474,2012-09-08,16,OZ,2,3.38
4627507224,152,55,5564,101626414,21015,2012-07-03,26,OZ,1,10.99
4627511545,153,56,5613,107171575,2736,2012-06-30,7,OZ,1,6.99
4627511545,153,15,1506,103120030,12957,2012-11-18,6,OZ,1,2.99
4627512431,152,9,908,107203070,5812,2012-05-10,22.5,OZ,1,6.49
4627512431,152,33,3302,102819020,26252,2012-05-26,9,OZ,2,5.18
4627512431,152,58,5831,107232272,27348,2012-06-29,30,OZ,1,9.49
4627512431,152,56,5616,104610040,15889,2013-02-16,6.67,OZ,2,7.58
4627513658,152,63,6313,107357070,8185,2012-04-09,12,OZ,1,2.49
4627513658,152,26,2631,103600030,4139,2012-08-13,42,CT,1,2.39
4627513658,152,9,902,104400040,12279,2012-10-01,8,OZ,1,2.69
4627514702,153,99,9904,1081204989,27736,2012-03-28,16,OZ,1,3.99
4627514702,153,33,3303,102840020,10241,2012-03-28,10,OZ,1,4.29
4627514702,153,97,9753,105783656,0,2012-11-28,1,CT,1,3.99
4627515319,153,27,2706,105000050,6132,2012-08-03,3,OZ,4,3.2
4627515319,153,4,418,104000040,11698,2013-03-27,6.6,OZ,1,3.29
4627518333,6,41,4121,1068826767,81691,2012-04-15,29,OZ,1,1.67
4627518333,6,9,901,1068826767,20616,2013-03-15,8.9,OZ,1,1
4627520500,152,63,6312,102066222,12598,2013-04-24,59,OZ,1,2.29
4627520500,152,46,4606,1068826767,81691,2013-05-13,12,OZ,1,3.99
4627520546,153,4,412,101070010,9275,2012-09-02,7,OZ,1,2.49
4627521108,153,63,6321,104411545,3167,2013-01-13,16,OZ,1,4.99
4627522874,153,8,809,105100050,2820,2012-11-07,10.5,OZ,2,3
4627522874,153,58,5827,1068826767,7740,2012-11-10,16,OZ,1,2.75
4627522874,153,3,307,1068826767,81691,2012-11-15,16,OZ,1,1.29
4627522874,153,7,707,102550020,6550,2013-02-22,10.8,OZ,3,14.37
4627522874,153,26,2622,1068826767,7173,2013-03-30,15,CT,1,2.75
4627522874,153,29,2903,106414464,3342,2013-05-01,15,OZ,5,4.95
4627524473,152,2,202,104144949,9916,2013-03-12,15.5,OZ,1,2.49
4627526398,152,26,2609,1068826767,81691,2012-11-21,24,CT,1,2.29
4627526398,152,41,4105,102400020,3988,2013-01-25,28,OZ,2,3.98
4627526410,153,26,2608,1068826767,18552,2012-08-13,24,CT,1,1.49
4627526410,153,51,5126,101380010,27474,2012-10-10,15,OZ,1,4.29
4627530144,152,39,3903,103000030,1058,2012-08-17,24,OZ,1,3.99
4627530602,152,63,6320,107954878,10165,2012-05-10,12,CT,1,2.89
4627532233,6,9,902,104400040,15335,2012-04-18,15.1,OZ,1,3.79
4627532384,6,41,4107,1068826767,7173,2012-04-01,16,OZ,2,3.78
4627532384,6,8,814,103760030,25412,2012-05-05,16,OZ,1,2.99
4627532384,6,9,907,107101070,15998,2012-06-23,15,OZ,1,3.39
4627532384,6,17,1709,101920010,10882,2013-04-21,48,OZ,1,4.79
4627534407,152,9,902,104400040,15335,2012-10-05,11.3,OZ,1,3.39
4627535484,152,36,3635,107252171,19411,2012-10-21,33.8,OZ,8,7.12
4627535484,152,56,5613,107104070,76668,2012-12-28,32,OZ,1,6.69
4627536577,152,8,803,105440050,7686,2012-06-28,8,OZ,1,3.29
4627542888,152,9,902,101410010,45039,2012-07-08,3.75,OZ,1,3.29
4627542972,153,69,6904,104116747,7354,2012-07-24,4,OZ,1,3.99
4627542972,153,9,907,107518575,11221,2012-08-11,18,OZ,1,3.49
4627542972,153,19,1908,105150050,9189,2012-10-21,18,OZ,1,3.99
4627542972,153,63,6330,1068826767,81691,2012-11-25,32,OZ,1,3.49
4627542981,152,59,5902,1068826767,81691,2012-04-02,16,OZ,1,2.99
