495382048,21,27,2705,105000050,6775,2012-08-12,5.5,OZ,14,7.7
495382048,21,27,2704,103810030,29945,2012-11-02,6,OZ,1,3.49
495382271,21,63,6320,104119040,16347,2012-09-26,12,CT,1,2.49
495382346,21,4,418,104000040,26517,2012-10-09,8,OZ,1,2.99
495382346,21,4,418,104000040,26517,2012-12-03,8,OZ,1,3.99
495382346,21,31,3101,105210050,17081,2012-12-29,2.37,OZ,1,1
495382454,21,31,3108,101360010,4916,2012-07-21,26,OZ,3,1.47
495382499,21,17,1726,101920010,10882,2012-04-02,80,CT,1,4.99
495382499,21,12,1202,107049070,61330,2012-08-25,7.5,OZ,1,3.99
495382499,21,9,902,102410020,44209,2012-12-31,11.7,OZ,1,3.49
495382508,21,56,5613,107177979,1782,2012-09-18,8,OZ,1,3.49
495382529,21,45,4509,104440040,7504,2012-08-26,12,OZ,1,9.49
495382529,21,27,2707,101780010,3108,2012-11-05,3.15,LB,1,5.29
495382529,21,45,4508,101116212,12131,2013-02-13,8,OZ,1,3.49
495382529,21,28,2801,104470040,3640,2013-02-26,24,OZ,1,3.69
495382529,21,12,1206,108660080,2559,2013-04-13,5,OZ,3,4
495382595,21,30,3010,104100040,19975,2012-04-21,16,OZ,2,4.78
495382595,21,36,3636,104138747,60,2012-07-21,338,OZ,2,8.98
495382595,21,8,836,104119040,16347,2012-08-03,16,OZ,1,0.69
495382595,21,38,3802,104920040,5098,2012-12-15,2,LB,1,2.39
495382830,21,26,2617,104119040,16347,2012-09-13,1,CT,1,1.79
495382830,21,36,3635,107252171,19411,2012-11-27,33.8,OZ,2,1
495382830,21,8,826,104973343,3492,2013-01-22,5,OZ,1,3.29
495383813,21,57,5710,1089470080,21065,2012-08-03,5.3,OZ,3,3
495383845,21,9,907,107341070,2437,2012-04-27,24,OZ,1,2.24
495383845,21,63,6305,105360050,18699,2012-09-24,59,OZ,1,1.99
495383845,21,38,3801,104119040,16347,2013-03-16,5,LB,2,5.78
495383887,21,63,6316,107342070,4529,2012-03-04,16,OZ,1,1.69
495383887,21,55,5555,1018685212,22794,2012-05-04,16,OZ,1,2.5
495383887,21,41,4108,104133141,7531,2012-05-05,15.5,OZ,7,5.25
495383887,21,8,836,107357575,65789,2012-05-26,12,OZ,1,2.69
495383887,21,26,2619,101258717,7245,2012-09-22,55,CT,1,8.79
495383887,21,75,7503,108307888,2997,2013-01-07,0.15,OZ,1,0.99
495383887,21,99,9908,104119040,16347,2013-01-21,10,OZ,1,1.99
495384166,21,9,901,104400040,13243,2012-10-23,15.25,OZ,1,4.39
495384166,21,57,5710,103663232,4568,2012-10-23,5.3,OZ,10,10
495384166,21,63,6320,104119040,16347,2013-01-07,18,CT,1,2.99
495385206,21,63,6315,104119040,16347,2012-09-18,16,OZ,0,0
495385590,21,33,3303,102840020,10241,2012-03-13,10.5,OZ,1,2.37
495385590,21,36,3611,107572070,14196,2012-07-13,405.6,OZ,3,13.47
495385590,21,57,5703,104119040,16347,2012-11-30,6,OZ,1,0.88
495385590,21,33,3303,102840020,10241,2012-12-21,10.5,OZ,2,4.28
495385832,21,9,907,101410010,13791,2012-12-05,24,OZ,1,4.29
495385923,21,8,809,105100050,2820,2012-09-22,10.5,OZ,2,3.38
495385923,21,55,5557,107756777,11005,2012-12-16,10.14,OZ,4,11.96
495386520,21,97,9753,10000,0,2012-06-26,1,CT,1,0
495386533,21,55,5552,102073525,18893,2012-08-29,48,OZ,1,3.19
495386533,21,9,903,104119040,16347,2012-12-23,15,OZ,1,0.99
495386533,21,65,6503,107042777,12137,2013-03-28,16,OZ,1,3.29
495386920,21,31,3101,105210050,17081,2013-02-01,2.5,OZ,1,1.19
495387152,21,8,829,107023474,19354,2013-03-14,16,OZ,1,2.99
495387232,21,59,5902,102100020,2321,2012-12-07,16,OZ,1,2.98
495387232,21,45,4509,107353878,8699,2013-02-20,24,OZ,1,3.49
495387232,21,9,907,101410010,13791,2013-02-26,20,OZ,1,1.99
495387232,21,73,7329,103076838,40874,2013-03-07,40,CT,1,15.49
495387311,21,56,5620,102100020,9886,2012-11-11,7,OZ,1,3.29
495387311,21,20,2002,105100050,27873,2013-02-25,46,OZ,2,5.98
495387422,21,78,7801,107001171,12696,2012-04-27,2,CT,1,2.29
495387422,21,63,6315,104119040,16347,2012-11-25,64,OZ,1,2.59
495387583,21,63,6305,102500020,11749,2012-04-23,59,OZ,1,1.98
495387583,21,5,501,101600010,18781,2013-03-21,10.7,OZ,1,3.49
495388065,21,41,4109,104119040,16347,2013-02-02,41,OZ,1,1.79
495388065,21,26,2608,104142646,4913,2013-02-06,24,CT,2,1.5
495388698,21,96,9609,10995000090,88199,2012-08-19,0,,1,-1
495388698,21,58,5828,103100030,1358,2012-09-16,6.4,OZ,1,1.77
495388698,21,34,3411,1081655989,20331,2012-10-14,18,OZ,2,6.58
495388698,21,97,9753,105114151,0,2012-11-17,1,CT,2,3.48
495388698,21,53,5307,102880020,7907,2012-12-09,12,OZ,4,7.08
495388964,21,99,9908,103338333,33170,2012-06-20,16,OZ,1,2
495388964,21,5,504,1075004979,1312,2012-09-09,1.76,OZ,5,5
495388964,21,51,5125,101380010,10271,2012-10-01,6,OZ,1,3
495389020,21,63,6305,104850040,18799,2012-11-05,89,OZ,1,5.99
495389044,21,26,2606,105543757,11482,2012-05-08,100,CT,1,2.99
495389044,21,55,5556,107064070,2014,2012-06-25,16,OZ,1,2.88
495389122,21,73,7304,104119040,16347,2013-01-18,36,CT,1,2.99
495389145,21,7,707,107103878,25424,2012-11-10,10.3,OZ,2,8.74
495389757,21,36,3630,101200010,13794,2012-05-31,144,OZ,1,4.99
495389992,21,21,2119,107336070,867,2012-09-26,128,OZ,1,2.79
495390244,21,25,2506,104127141,26189,2012-06-27,16,OZ,1,2
495390244,21,7,709,109955595,68135,2012-12-24,4.8,OZ,1,8.1
495390439,21,44,4402,102770020,12137,2012-12-18,27,OZ,3,8.07
495390639,21,33,3303,102840020,10241,2012-09-28,10.5,OZ,1,2.14
495390707,21,59,5906,104060040,26155,2012-04-04,15,OZ,1,3.29
495390707,21,36,3601,101200010,13794,2012-04-04,67.6,OZ,2,2.7
495390707,21,59,5906,104060040,26155,2012-09-03,15,OZ,1,2.99
495390707,21,36,3611,1064252464,12670,2012-09-13,405.6,OZ,1,3.99
495391537,21,33,3325,102840020,21452,2012-04-22,20,OZ,1,6.99
495391537,21,33,3310,1072822979,18169,2012-06-30,6,OZ,1,3.29
495391537,21,21,2110,103120030,12957,2012-08-01,64,OZ,2,8.38
495391537,21,57,5703,104119040,16347,2012-09-25,6,OZ,2,0.9
495391537,21,36,3635,104119040,16347,2012-12-18,33.8,OZ,4,3
495391537,21,99,9909,107127979,6732,2013-01-27,8,OZ,1,1.99
495391537,21,33,3303,102840020,15598,2013-05-04,13.5,OZ,1,3.99
495392642,21,63,6315,104119040,16347,2012-10-13,128,OZ,1,3.29
495392642,21,72,7205,103500030,3830,2013-01-06,6.4,OZ,1,1.99
495392642,21,9,907,107167373,17480,2013-01-09,24,OZ,1,1.99
495393435,21,63,6316,107148171,6765,2013-01-29,16,OZ,1,1.34
495393534,21,55,5556,102073525,18893,2012-10-04,48,OZ,1,3.29
495393534,21,99,9908,104119040,6164,2012-12-08,80,OZ,1,3.99
495393644,21,8,814,102840020,18584,2012-08-12,24,OZ,1,3.99
495393644,21,99,9904,104119040,16347,2013-04-19,4,LB,1,2.99
495393849,21,26,2630,106343565,16050,2012-03-24,132,CT,1,1.35
495393849,21,26,2630,104119040,16347,2012-04-28,85,CT,2,1.6
495393849,21,55,5559,107756777,14286,2012-07-21,12.8,OZ,1,1.33
495394085,21,21,2117,102500020,26108,2012-09-08,67.5,OZ,2,4
495394085,21,9,913,104812141,18322,2013-01-26,12,OZ,1,1.99
495394405,21,37,3705,105100050,2820,2012-03-21,18.6,OZ,1,2.5
495394405,21,33,3303,102840020,10241,2012-04-11,6,OZ,1,2.49
495394405,21,12,1206,104800040,38150,2012-04-24,5,OZ,1,1.5
495394754,21,23,2301,102920020,12168,2012-10-24,12,OZ,1,0.69
495394761,21,26,2633,105400050,16048,2013-02-28,12,RL,1,9.39
495395098,21,21,2105,105200050,7054,2012-08-20,32,OZ,3,3
495395098,21,26,2633,104119040,16347,2012-09-17,6,RL,1,4.59
495395113,21,99,9904,103338333,33170,2013-02-06,64,OZ,1,2.99
495395425,21,75,7515,1031254737,1636,2012-07-07,2,OZ,1,5.39
495396141,21,63,6323,107045272,6176,2012-04-09,64,OZ,1,2.99
495396830,21,56,5607,104119040,16347,2012-03-23,8,OZ,1,1.49
495396830,21,63,6320,104119040,16347,2012-07-25,12,CT,3,4.47
495396830,21,63,6309,101405414,12973,2012-10-01,12,OZ,1,2.99
495396830,21,25,2508,104119040,16347,2012-12-05,64,OZ,2,5.98
495396830,21,12,1206,104119040,16347,2013-01-01,5,OZ,-3,-4.17
495396958,21,30,3010,104133545,43106,2012-08-13,16,OZ,1,2.33
495397522,21,21,2106,105100050,27873,2013-04-03,64,OZ,1,1.99
495397525,21,9,907,109247494,94794,2012-10-09,10,OZ,1,3.19
495397525,21,21,2105,104900040,14357,2012-10-27,32,OZ,4,4
495397525,21,75,7533,109243797,13704,2012-12-12,6,CT,1,3.59
495397797,21,57,5704,104667545,20216,2012-04-10,6,OZ,5,4.5
495397797,21,5,501,101600010,14900,2012-06-25,17.1,OZ,1,4.29
495397797,21,4,419,103746636,10488,2012-12-13,5.1,OZ,1,3.99
495398188,21,40,4004,101115616,18190,2012-04-25,7,OZ,1,3.19
495398188,21,19,1906,107240070,14199,2012-12-12,15.25,OZ,1,3.29
495398752,21,4,418,103400030,9739,2012-06-09,10.78,OZ,1,3.79
495398752,21,56,5613,104119040,16347,2012-11-27,15,OZ,1,1.67
495398964,21,28,2801,104470040,3640,2012-03-02,20,OZ,1,3.69
495398964,21,56,5613,107403070,16922,2012-03-29,16,OZ,1,3.89
495398964,21,57,5710,103663232,4568,2012-09-21,21.2,OZ,1,3
495398964,21,56,5620,104119040,16347,2013-02-01,8,OZ,2,3.98
495399497,21,50,5001,102113121,11151,2012-05-04,16.5,OZ,2,5.38
495399497,21,99,9909,107127979,6732,2013-03-24,12,OZ,1,2
495399607,21,35,3509,102420020,14716,2012-07-09,50,OZ,1,2.99
495399607,21,40,4005,107695070,23056,2013-01-08,1.07,OZ,1,2.99
495399607,21,59,5902,104119040,16347,2013-02-18,16,OZ,1,2.29
495399897,21,2,214,104144949,9916,2012-07-07,28,OZ,1,2.29
495399897,21,44,4404,105100050,13791,2012-11-24,11.75,OZ,1,2.99
495400156,21,28,2801,104470040,3640,2012-07-06,24,OZ,2,7.18
495400632,21,5,501,1088491282,8459,2013-01-05,14.5,OZ,1,2.99
495400748,21,55,5558,107585676,9798,2012-03-03,25.3,OZ,2,7.58
495400748,21,58,5807,1063000363,25246,2012-03-24,8,OZ,1,6.99
495400748,21,99,9909,107774575,14997,2012-07-30,10,OZ,1,2
495400748,21,30,3008,102100020,9886,2012-08-27,16,OZ,1,2.69
495400748,21,7,708,105543757,11482,2012-09-09,10.5,OZ,1,2.99
495401173,21,9,907,107518575,11221,2012-10-05,20,OZ,1,2.49
495401284,21,59,5902,101570010,9542,2012-03-02,16,OZ,1,3.99
495401284,21,23,2301,104119040,16347,2012-09-01,16,OZ,2,1.76
495401925,21,4,405,1060069969,55864,2012-05-21,10,OZ,1,1.59
495401925,21,97,9745,104310040,11411,2012-09-06,1,CT,2,11.98
495401925,21,9,902,103010030,3744,2012-11-15,16,OZ,1,3.19
495402257,21,56,5613,1073882474,21469,2012-12-29,8,OZ,1,1.99
495402406,21,99,9908,1078670575,27139,2012-05-05,80,OZ,1,2.99
495402406,21,8,817,102700020,8612,2013-03-09,24,OZ,4,4
495402406,21,9,902,102410020,44209,2013-04-05,13.7,OZ,1,2.99
495403109,21,40,4001,104300040,4371,2012-05-19,256,OZ,1,2.49
495403109,21,31,3101,103384434,1257,2012-05-19,0.25,OZ,1,0.69
495403109,21,99,9904,103338333,33170,2012-06-29,8,OZ,1,3.49
495403135,21,53,5305,104119040,16347,2012-07-13,10,OZ,1,1.25
495403135,21,97,9799,104841949,23511,2012-08-07,1,CT,1,2.99
495403135,21,26,2631,103600030,4139,2012-08-24,42,CT,2,4.38
495403135,21,9,914,101410010,13791,2012-08-31,12,OZ,1,2.5
495403135,21,29,2920,101600010,1756,2012-10-06,3.3,OZ,2,2
495403135,21,73,7344,1030076636,18877,2012-10-13,60,CT,1,3.99
495403135,21,9,907,107130575,11013,2013-02-07,16,OZ,1,3.99
495403634,21,57,5710,103000030,12172,2013-02-01,5.3,OZ,3,3
495403896,21,12,1206,104800040,38150,2013-03-03,4,OZ,2,5
495404007,21,56,5607,102100020,13967,2012-06-28,8,OZ,1,2.59
495404007,21,34,3410,101920010,10882,2013-01-04,8.5,OZ,1,3.99
495404007,21,17,1703,101920010,7258,2013-01-04,32,OZ,1,1.99
495404288,21,11,1102,104480040,22777,2012-07-24,1,CT,2,5.58
495404288,21,9,902,104400040,18775,2012-10-02,8,OZ,1,3.69
495404742,21,9,907,107167373,17480,2012-06-17,11,OZ,1,2
495405171,21,14,1405,103120030,12957,2012-08-09,14,OZ,1,1.79
495405572,21,26,2622,101370010,8154,2013-02-24,18,CT,1,2.62
495405572,21,21,2108,104119040,16347,2013-04-20,64,OZ,1,1.79
495405572,21,15,1505,1080276383,17674,2013-04-23,7,OZ,1,2.99
495405699,21,63,6305,104850040,18799,2012-05-16,59,OZ,1,2.99
495405801,21,33,3314,104119040,16347,2012-10-25,4.9,OZ,1,1.59
495406081,21,51,5115,105833656,25702,2013-02-19,11.5,OZ,1,5.99
495406139,21,21,2117,108768484,2903,2012-11-26,180,OZ,1,6.99
495406189,21,58,5823,104470040,13310,2012-03-31,16,OZ,1,6.49
495406189,21,9,901,104400040,12600,2012-04-06,14,OZ,1,4.49
495406356,21,29,2903,106414464,3342,2012-09-15,15,OZ,2,2
495406356,21,41,4107,102400020,4704,2012-10-13,14.5,OZ,2,3.08
495406466,21,71,7113,107940070,17521,2012-07-22,15,OZ,2,2.5
495406466,21,21,2117,108768484,2903,2012-08-26,60,OZ,2,4.98
495406683,21,53,5307,101450010,20864,2012-11-18,11,OZ,1,2.14
495406717,21,21,2105,105200050,7054,2013-02-02,160,OZ,1,5.79
495406935,21,99,9908,104119040,33170,2012-06-15,32,OZ,1,2.49
495406978,21,55,5567,107064070,19704,2012-04-29,15.9,OZ,1,5.69
495407140,21,73,7304,104110040,4082,2013-05-04,20,CT,1,5.39
495407315,21,99,9908,104119040,16347,2012-11-08,16,OZ,1,1.67
495407438,21,33,3351,104400040,16738,2012-05-06,5.3,OZ,1,1.49
495407438,21,9,913,104812141,18322,2012-07-02,24,OZ,1,2.49
495407438,21,99,9908,103338333,33170,2013-01-13,16,OZ,1,0.79
495407464,21,16,1604,101254616,18738,2012-10-07,9,CT,1,1.05
495407464,21,21,2117,108768484,2903,2012-11-11,60,OZ,4,9.56
495407764,21,58,5833,105229454,26863,2012-09-13,16,OZ,1,5.99
495407764,21,26,2634,104200040,14813,2013-01-23,18,RL,1,9.07
495407764,21,97,9799,1071753575,83595,2013-02-27,1,CT,1,1.49
495407848,21,55,5567,107585676,9798,2012-12-10,25.3,OZ,1,3.5
495408038,21,79,7901,107224676,20014,2013-01-11,1,CT,1,1.79
495408112,21,36,3604,107252171,19411,2012-10-01,33.8,OZ,2,1.78
495408112,21,9,902,103800030,17050,2012-11-07,4,OZ,2,6.58
495408298,21,36,3612,102658222,14181,2012-07-11,128,OZ,3,2.97
495408298,21,63,6321,104411545,3167,2012-09-19,8,OZ,1,3.49
495408298,21,26,2626,101090010,15232,2012-11-07,1,CT,1,2.39
495408298,21,55,5552,102983929,6763,2013-02-12,48,OZ,1,2.69
495408325,21,9,907,107130575,11013,2013-02-05,20,OZ,1,3.99
495408427,21,5,501,101600010,3331,2012-04-29,12.9,OZ,1,4.39
495408427,21,14,1404,101480010,12021,2012-09-08,23.4,OZ,1,2.69
495408668,21,23,2301,103915333,3811,2012-09-05,16,OZ,1,1.59
495409018,21,22,2204,1088596787,12614,2012-12-19,20,OZ,1,1.59
495409103,21,99,9908,104119040,16347,2013-03-16,16,OZ,1,1.67
495409212,21,5,501,101600010,85114,2012-09-19,12.2,OZ,1,3.49
495409677,21,16,1604,102200020,13228,2013-01-15,14,CT,1,1.03
495409793,21,51,5115,101960010,3174,2012-05-11,5,OZ,2,2
495409793,21,51,5127,1065827666,8605,2012-07-02,15,OZ,1,3.28
495409793,21,60,6011,101800010,14029,2012-10-01,16.3,OZ,2,4.26
495409951,21,5,501,101600010,85114,2013-01-18,12,OZ,1,3
495410057,21,1,103,105220050,1569,2012-08-04,6,OZ,4,2.76
495410057,21,10,1010,105150050,16728,2012-12-24,17.75,OZ,1,2.99
495410057,21,22,2210,102420020,14716,2013-01-14,100,OZ,1,3.49
495410074,21,41,4120,107294070,15064,2013-03-05,6,OZ,1,0.89
495410766,21,54,5401,103800030,5618,2012-03-17,10.7,OZ,3,5.97
495410766,21,11,1102,104119040,16347,2013-02-22,200,CT,1,1.69
495410775,21,9,922,102560020,18051,2012-08-28,8,OZ,1,2.84
495410775,21,14,1405,104119040,16347,2012-11-09,14,OZ,2,1.98
495410783,21,26,2608,104119040,16347,2012-06-10,24,CT,2,2.5
495410783,21,71,7112,1030813737,9259,2013-03-16,5,OZ,1,2.99
495411194,21,9,901,103010030,9530,2012-04-09,12.5,OZ,1,2.99
495411194,21,63,6315,104119040,16347,2012-04-23,64,OZ,1,2.49
495411281,21,55,5557,104767747,5168,2012-06-16,8.67,OZ,1,3.79
495411281,21,26,2620,104116545,16879,2013-02-10,24,CT,1,3.29
495411285,21,56,5615,107357070,8185,2012-11-12,8,OZ,1,2.03
495411285,21,55,5567,107064070,19704,2013-01-08,24,OZ,1,4.99
495411318,21,99,9908,103338333,33170,2012-10-27,16,OZ,2,4.19
495411318,21,18,1898,107309676,13490,2012-11-17,8,CT,2,4.98
495411318,21,9,907,104119040,16347,2012-12-22,16,OZ,1,1.88
495411658,21,9,901,107203070,5812,2012-06-02,12,OZ,1,3.99
495411658,21,63,6319,108390080,7368,2012-06-02,59,OZ,1,2.5
495411830,21,33,3303,102840020,10241,2012-10-22,10,OZ,1,2.5
495411830,21,63,6305,104850040,18799,2013-02-18,59,OZ,1,3.49
495411847,21,5,501,103800030,4352,2012-10-25,10.8,OZ,1,3.69
495412182,21,35,3509,1088596787,5428,2012-07-01,50,OZ,1,2.99
495412182,21,5,501,103800030,6796,2013-04-09,19,OZ,1,3.99
495413097,21,41,4108,104119040,16347,2013-02-21,15.5,OZ,1,0.99
495413131,21,59,5910,103377636,16650,2012-09-28,15,OZ,1,3.49
495413131,21,29,2920,102970020,8711,2013-02-22,4.1,OZ,4,4
495413216,21,81,8101,102820020,11186,2012-05-15,1,CT,1,7.6
495413816,21,2,201,1064420969,5345,2012-09-07,16,OZ,1,1.49
495413816,21,38,3802,104920040,5098,2012-11-20,1,LB,1,1.19
495413816,21,35,3509,103700030,5848,2013-01-11,150,OZ,1,11.99
495414089,21,8,818,107050676,3860,2012-04-13,26,OZ,4,3.96
495414194,21,26,2622,102570020,20361,2012-12-09,20,CT,1,3.29
495414194,21,36,3630,107800070,5208,2013-04-13,144,OZ,1,4.5
495414741,21,15,1506,103120030,12957,2012-11-21,5,OZ,1,2.49
495415013,21,3,302,104119040,16347,2012-10-07,12,OZ,1,2.79
495415013,21,8,829,104119646,14582,2012-12-22,18,OZ,2,4.58
495415013,21,33,3302,102700020,57417,2013-01-13,4.65,OZ,2,3
495415102,21,1,103,101500010,7142,2012-08-11,7,OZ,6,6.54
495415277,21,57,5704,103663232,4568,2012-03-29,16,OZ,1,2
495415277,21,55,5552,102073525,18893,2012-07-13,48,OZ,1,3.99
495415277,21,5,501,103000030,14760,2012-09-16,12.3,OZ,1,2.79
495415565,21,5,516,101600010,6283,2012-07-18,14.1,OZ,-1,-5.99
495415565,21,4,423,107674070,19828,2012-07-25,3.25,OZ,1,2.49
495416087,21,5,501,101600010,3396,2012-03-18,13.8,OZ,1,4
495416087,21,63,6320,104119040,16347,2012-10-18,12,CT,1,1.69
495416087,21,57,5710,1089470080,21065,2012-12-08,16,OZ,1,3.49
495416171,21,63,6311,107146474,2142,2012-11-11,52,OZ,1,5.99
495416475,21,63,6305,105360050,18699,2012-06-02,59,OZ,1,1.99
495416475,21,3,304,105210050,11382,2012-12-23,2,OZ,1,1.19
495416965,21,4,410,1073583676,8345,2012-04-27,1.05,OZ,1,1.99
495416965,21,51,5125,102580020,16668,2012-10-06,8,OZ,1,2.99
495416965,21,9,901,103010030,85957,2013-01-17,8.5,OZ,1,2.99
495416965,21,34,3405,104184040,20187,2013-02-07,4.25,OZ,1,0.88
495417337,21,57,5705,103663232,4568,2012-11-09,24,OZ,1,3.19
495417337,21,58,5824,107080070,16704,2013-03-11,14,OZ,2,5
495417356,21,51,5125,105010050,8089,2013-03-05,12,OZ,1,2.89
495417545,21,99,9909,1084343989,61976,2012-07-01,12,OZ,1,4.99
495417723,21,55,5555,107457070,26051,2012-05-11,14,OZ,2,6.18
495417723,21,27,2709,102310020,18139,2012-06-22,2.47,OZ,1,1.79
495417723,21,29,2908,104600040,13023,2012-09-11,16,OZ,1,1.49
495417723,21,17,1715,101920010,27231,2012-09-20,3.2,OZ,1,19.99
495417736,21,56,5616,104610040,15889,2012-12-12,6.84,OZ,2,6.98
495418207,21,56,5617,102100020,9886,2012-05-04,12,OZ,1,3.29
495418207,21,63,6328,103760030,63690,2012-06-04,24,OZ,1,3.99
495418207,21,63,6399,107590070,2073,2012-11-14,20,OZ,1,3.49
495418207,21,60,6011,101800010,14029,2013-01-30,16.3,OZ,3,6.15
495418207,21,59,5902,104119040,16347,2013-02-06,16,OZ,2,4.58
495418337,21,99,9908,103338333,33170,2012-07-28,16,OZ,1,2.49
495418337,21,9,901,104400040,3453,2012-08-25,13.72,OZ,1,3.59
495418337,21,33,3303,102840020,10241,2013-01-25,10,OZ,1,2.14
495418337,21,41,4120,104119040,16347,2013-01-25,6,OZ,2,1.18
495418554,21,63,6315,104119040,16347,2012-11-19,128,OZ,1,3.99
495418554,21,36,3618,104900040,23359,2012-12-09,67.6,OZ,1,1.5
495418626,21,26,2628,1081697080,16473,2012-05-11,1,RL,1,0.89
495418626,21,97,9753,10000,0,2013-03-22,1,CT,1,2.81
495419012,21,92,9211,104155444,11347,2012-12-19,0,OZ,1,6.99
495419012,21,27,2709,105000050,6775,2013-01-13,2.1,OZ,2,3.76
495419012,21,27,2709,102310020,18139,2013-01-30,3.45,OZ,1,1.99
495419074,21,9,901,104400040,13243,2013-01-14,15.5,OZ,2,7.98
495419074,21,26,2630,106343565,16050,2013-01-14,70,CT,3,5.37
495419238,21,56,5607,102100020,13967,2013-04-01,8,OZ,2,5
495419302,21,14,1410,103900030,10383,2012-11-23,29,OZ,-1,-2.99
495419498,21,41,4121,104119040,16347,2012-12-14,15,OZ,2,1.2
495419541,21,5,501,104119040,16347,2012-10-23,14.5,OZ,1,2.88
495419941,21,8,826,107550070,18204,2012-11-19,6,OZ,1,0.99
495420072,21,18,1841,103700030,17864,2012-05-04,6,CT,1,4.99
495420302,21,62,6201,103841939,2043,2012-04-15,16,OZ,1,2.49
495420302,21,51,5134,104119040,16347,2012-12-05,7,OZ,1,2
495420302,21,56,5613,107104070,76668,2013-03-29,16,OZ,1,4.24
495420516,21,9,907,107153575,10363,2013-03-28,16,OZ,1,3.79
495420521,21,51,5126,101380010,27474,2012-09-27,12.63,OZ,1,3.33
495420723,21,73,7312,1030002333,428,2012-04-04,0.5,OZ,1,9.29
495421032,21,26,2609,104200040,5016,2012-03-28,45,CT,2,5.78
495421032,21,41,4121,102700020,8612,2013-03-15,15,OZ,1,1.07
495421082,21,57,5704,107047070,20230,2013-01-04,32,OZ,1,2.99
495421082,21,26,2634,104200040,14813,2013-03-12,4,RL,1,3.49
495421088,21,33,3303,102840020,10241,2012-05-29,10.5,OZ,1,2.37
495421126,21,27,2704,107000272,14717,2012-03-12,2,CT,1,3.49
495421126,21,30,3010,104119040,16347,2012-03-24,16,OZ,1,1.99
495421126,21,56,5609,102100020,2321,2012-04-30,16,OZ,1,3.49
495421603,21,72,7203,104119040,16347,2012-12-12,33.8,OZ,1,2.99
495422513,21,37,3708,104119040,16347,2012-03-08,2.5,OZ,1,0.8
495422513,21,31,3101,105210050,11382,2012-05-19,3.37,OZ,1,0.88
495422513,21,8,810,102150020,10238,2013-01-20,1.27,OZ,1,0.99
495422697,21,33,3351,106414464,25513,2013-02-01,3.5,OZ,1,1
495422697,21,5,501,101600010,3331,2013-03-05,16.2,OZ,1,4.59
495422874,21,23,2301,107680878,1393,2012-05-21,16,OZ,1,1.4
495422874,21,15,1504,104119040,16347,2013-01-25,24,OZ,1,3.99
495423115,21,30,3008,107110070,8280,2013-01-05,16,OZ,1,3.99
495423822,21,5,501,101600010,19786,2012-07-17,10.9,OZ,1,3.69
495424162,21,21,2119,108390080,7368,2012-09-08,18.5,OZ,1,1.25
495424162,21,9,901,103010030,3454,2012-11-18,13.3,OZ,1,2.99
495424162,21,36,3611,107572070,14196,2013-02-22,405.6,OZ,1,5.49
495424162,21,58,5825,107274575,13804,2013-03-01,16,OZ,1,2.99
495424205,21,8,814,103900030,13296,2013-02-21,16,OZ,1,2.79
495424275,21,75,7520,104834141,73689,2012-06-29,200,CT,1,2.79
495424275,21,22,2201,104460040,3718,2013-03-06,64,OZ,1,1.99
495424451,21,4,418,103400030,452,2012-09-16,11.3,OZ,1,2.5
495424544,21,63,6320,1071514171,25530,2012-03-15,12,CT,0,0
495424560,21,8,811,103620030,1698,2012-08-24,24,OZ,1,2.39
495424560,21,7,707,105543757,11482,2012-10-25,11,OZ,2,5.98
495424560,21,5,501,105844959,12466,2013-02-28,13.25,OZ,1,3.79
495424560,21,5,501,103800030,6796,2013-04-09,19,OZ,1,3.99
495424802,21,8,818,107764474,64256,2012-06-16,15,OZ,1,2
495425198,21,63,6321,102540020,1008,2012-06-22,7,OZ,1,1.5
495425328,21,12,1206,108000080,17292,2012-04-15,5,OZ,4,5
495425328,21,31,3101,105210050,11382,2012-06-03,4.41,OZ,1,4.29
495425328,21,97,9753,1074069575,0,2012-09-05,1,CT,1,1.79
495425328,21,25,2501,1065272969,5453,2012-12-18,14,OZ,2,3.98
495425328,21,18,1850,102120020,16044,2013-01-05,3,CT,1,1.99
495425392,21,21,2105,105200050,7054,2013-01-21,32,OZ,1,1
495425568,21,5,516,101600010,6283,2013-01-14,4.1,OZ,1,3.69
495426080,21,9,908,107203070,5812,2012-05-20,18,OZ,1,2.99
495426173,21,55,5567,104154848,5603,2012-05-27,5.8,OZ,1,1.25
495426183,21,27,2705,105000050,6775,2013-05-01,5.5,OZ,4,2.08
495426385,21,58,5814,104470040,10837,2012-05-31,4.2,OZ,4,8.72
495426385,21,12,1206,1082969686,19875,2012-11-25,5,OZ,4,13.96
495426415,21,26,2631,103600030,16048,2013-02-07,51,CT,2,3.98
495426870,21,58,5827,104119040,16347,2012-06-07,16,OZ,1,3.99
495426870,21,56,5613,104119040,16347,2012-10-06,15,OZ,3,6.57
495427044,21,63,6319,104119040,16347,2012-03-04,128,OZ,1,1.79
495427044,21,9,907,104119040,16347,2012-04-04,12,OZ,1,1.69
495427044,21,8,817,107050676,3860,2012-09-29,10.5,OZ,2,2.28
495427044,21,19,1908,105150050,9189,2012-12-13,18,OZ,2,6.78
495427204,21,45,4516,107841171,2693,2013-02-21,80,OZ,1,12.9
495427671,21,99,9909,107143070,5072,2012-07-24,12,OZ,1,1.67
495427847,21,56,5613,103114232,25202,2012-11-05,8,OZ,1,2.99
495428151,21,31,3101,105210050,11382,2012-04-20,2,OZ,1,4.39
495428151,21,99,9908,1061112363,25140,2012-06-01,3.6,OZ,1,2.99
495428151,21,97,9799,107169171,15583,2013-01-04,1,CT,3,29.97
495428151,21,9,918,101410010,13791,2013-01-27,13.25,OZ,1,5.99
495429489,21,99,9908,103338333,33170,2012-08-19,4,OZ,1,1.79
495429489,21,40,4001,104138747,60,2012-10-08,896,OZ,1,6.49
495429899,21,79,7903,108995585,27735,2012-11-28,1,CT,1,3.99
495429899,21,63,6316,107170070,1142,2012-11-28,16,OZ,1,2.69
495429899,21,56,5616,102540020,8353,2013-02-08,8,OZ,1,5.49
495429967,21,56,5613,103114232,25202,2012-06-08,7,OZ,1,2.99
495429967,21,56,5613,104119040,16347,2012-11-09,48,OZ,1,4.99
495429992,21,96,9609,10995000090,88199,2012-04-04,0,,1,-1
495429992,21,36,3601,104900040,3809,2012-10-24,67.6,OZ,5,7.5
495430367,21,5,501,101600010,3789,2012-04-18,20.9,OZ,1,4.59
495430367,21,41,4107,104119040,16347,2012-09-02,14.5,OZ,3,2.67
495430489,21,99,9904,103338333,33170,2012-07-14,80,OZ,2,17.98
495430489,21,30,3008,104133545,43106,2012-08-25,16,OZ,2,5
495430693,21,53,5307,102880020,7907,2013-02-17,12,OZ,2,2.96
495430897,21,99,9904,107143070,5072,2013-04-21,16,OZ,1,1.99
495431154,21,8,801,104119040,16347,2012-11-30,32,OZ,1,1.79
495431154,21,9,907,107341070,13291,2013-01-09,12,OZ,1,2.49
495431154,21,17,1704,104119040,16347,2013-01-31,32,OZ,1,1.29
495431190,21,9,907,104500040,20016,2012-08-20,12,OZ,2,3.38
495431190,21,37,3706,104119646,14582,2012-10-02,18.5,OZ,1,2
495431190,21,97,9753,10000,0,2012-10-07,1,CT,1,8.7
495431190,21,26,2629,104119040,16347,2012-11-06,250,CT,1,1.69
495431436,21,51,5132,1076566777,711,2012-03-19,8,OZ,1,2.99
495431436,21,26,2619,102990020,7468,2012-04-23,10,CT,1,1.49
495431437,21,37,3705,105100050,2820,2012-04-29,18.8,OZ,2,4.3
495431437,21,57,5706,104119040,16347,2012-07-14,32,OZ,1,1.99
495431437,21,58,5811,102263525,19442,2013-01-15,8,OZ,1,10.49
495431437,21,10,1011,107349171,9883,2013-02-24,16,OZ,1,3.69
495432060,21,55,5557,107457070,26051,2012-10-16,3.6,OZ,6,8.94
495432060,21,21,2109,104180040,19713,2013-02-17,64,OZ,1,3.99
495432098,21,22,2211,103320030,875,2012-04-04,100,CT,1,1.99
495432098,21,56,5620,104119040,16347,2012-09-22,8,OZ,3,4.47
495432441,21,36,3611,101200010,803,2012-03-26,33.8,OZ,4,3.96
495433020,21,21,2117,108768484,2903,2012-07-06,60,OZ,1,2.69
495433020,21,29,2920,102970020,8711,2013-01-12,4,OZ,3,3
495433020,21,57,5710,104667545,20216,2013-05-10,5.3,OZ,2,2
495433165,21,63,6320,104119040,16347,2012-11-14,12,CT,1,2.99
495433296,21,97,9771,1070722676,33296,2012-08-29,1,CT,1,2.19
495433296,21,38,3801,104119040,16347,2013-03-20,5,LB,1,2.89
495433333,21,26,2626,104119040,16347,2012-06-26,1,CT,1,1.59
495433407,21,8,818,107023474,19354,2012-05-05,25,OZ,1,6.99
495433434,21,17,1703,101920010,10882,2012-05-05,32,OZ,1,1.99
495433434,21,56,5617,102100020,9886,2012-12-15,12,OZ,1,3.29
495433714,21,36,3604,107252171,19411,2012-10-28,33.8,OZ,1,0.89
495433714,21,2,202,101600010,1756,2012-11-24,18.3,OZ,1,2.29
495433779,21,14,1416,104119040,16347,2013-01-31,15,OZ,1,1
495433823,21,9,908,107203070,5812,2012-06-03,8.25,OZ,1,2.34
495433823,21,58,5832,102718222,18969,2012-09-13,17,OZ,1,5.99
495434042,21,71,7107,107124979,21913,2012-11-17,1,CT,1,9.99
495434203,21,9,908,107203070,5812,2013-03-10,20,OZ,1,6.79
495435087,21,58,5812,107495676,8144,2012-08-26,12,OZ,2,4.98
495435087,21,58,5823,104470040,13310,2012-11-25,9,OZ,2,7.98
495435087,21,9,902,101410010,45039,2013-01-11,6.6,OZ,1,2.09
495435087,21,26,2613,103700030,13481,2013-01-31,136,CT,1,44.99
495435476,21,7,707,104300040,11339,2012-03-02,11,OZ,2,8.38
495435476,21,44,4401,105100050,13791,2013-03-29,19.6,OZ,2,6.78
495435762,21,27,2706,105000050,6132,2012-03-04,3,OZ,4,2.4
495435762,21,5,516,101600010,12426,2012-10-26,6,OZ,1,3.99
495435762,21,34,3411,103700030,13056,2013-03-03,16,OZ,1,3.88
495436039,21,99,9909,107774575,14997,2012-06-24,10,OZ,2,4.98
495436317,21,58,5833,107080070,16704,2012-07-29,18.4,OZ,1,7.99
495436696,21,58,5812,103150636,4946,2012-06-28,48,OZ,1,9.99
495436696,21,9,907,107130575,11013,2013-03-09,20,OZ,4,7.96
495436897,21,5,501,101600010,3396,2012-03-07,13.5,OZ,2,8
495436897,21,22,2210,107261373,16794,2013-01-03,64,OZ,1,3.99
495436897,21,8,803,107084474,26374,2013-01-15,7.25,OZ,1,2.19
495436968,21,36,3632,104900040,6137,2012-06-25,144,OZ,2,9.22
495437297,21,72,7208,1030004131,26880,2013-01-13,1,CT,1,3.77
495437346,21,56,5615,1072776676,11374,2012-09-20,8,OZ,1,1.88
495438546,21,59,5906,104060040,26155,2012-05-12,15,OZ,1,3.29
495438546,21,71,7113,108087888,13505,2012-10-17,25.4,OZ,1,5.79
495438546,21,60,6011,101800010,14029,2013-01-01,16.3,OZ,2,3.98
495438560,21,72,7205,103500030,3830,2012-06-29,4,OZ,2,1.88
495438605,21,62,6201,1063000363,25246,2012-06-09,16,OZ,1,2.49
495438605,21,36,3618,101200010,23361,2013-03-09,67.6,OZ,2,3
495438622,21,28,2804,103150030,25139,2012-11-13,16,OZ,1,2.59
495438622,21,21,2117,102500020,11749,2013-01-30,67.5,OZ,1,3.99
495438844,21,75,7503,103660030,3271,2012-09-26,0.15,OZ,1,1.19
495438844,21,45,4511,107590171,6195,2012-11-03,24,OZ,1,4.99
495438844,21,59,5907,101111515,8760,2013-03-16,16,OZ,1,0.99
495438999,21,46,4606,104119040,16347,2012-05-04,10,OZ,2,8.98
495438999,21,99,9908,103338333,33170,2013-02-20,16,OZ,1,1.29
495439218,21,51,5123,108169787,3994,2012-08-21,24,OZ,1,5.99
495439358,21,9,907,109247494,94794,2012-04-25,10,OZ,1,3.19
495439743,21,31,3101,105210050,17081,2013-01-30,2.37,OZ,1,0.88
495439791,21,99,9904,10505037252,3457,2012-03-08,1,CT,1,2.99
495439791,21,33,3301,104126242,19971,2012-06-24,6.5,OZ,1,1.99
495439791,21,37,3703,107071878,1363,2012-12-09,15,OZ,1,2.99
495440034,21,56,5620,104119040,16347,2012-04-29,16,OZ,1,4.49
495440034,21,51,5134,104280040,18599,2012-08-16,19.8,OZ,3,11.97
495440034,21,57,5704,104667545,20216,2012-11-23,6,OZ,5,3
495440034,21,21,2119,108079383,6926,2012-12-08,144,OZ,1,4.5
495440034,21,26,2631,107488777,26811,2013-01-14,96,CT,1,3.19
495440034,21,41,4108,104119040,16347,2013-02-20,15.5,OZ,1,0.99
495440281,21,73,7302,104119040,16347,2012-07-07,500,CT,1,7.49
495440281,21,7,702,102800020,12543,2012-10-18,7,OZ,1,6.79
495440281,21,55,5552,107756777,2347,2012-12-24,48,OZ,1,3.99
495440389,21,33,3301,102700020,57417,2012-07-21,5,OZ,1,2.69
495440389,21,17,1706,101980010,19934,2012-12-20,64,OZ,1,4.99
495440589,21,72,7212,107094272,75834,2012-04-18,40,CT,1,2.99
495440799,21,56,5616,102100020,4218,2012-07-16,7,OZ,1,3.99
495440799,21,33,3307,104119040,16347,2012-11-16,12,OZ,1,3.99
495440799,21,53,5307,107056070,14005,2012-12-18,7,OZ,1,1.25
495441611,21,26,2634,103600030,4139,2013-02-08,24,RL,1,16.49
495441846,21,39,3903,103905939,17176,2012-11-06,12.5,OZ,1,8.79
495441846,21,53,5305,104119040,16347,2013-02-18,10,OZ,1,1
495441906,21,18,1842,102120020,16044,2012-07-27,1,CT,1,3.49
495441906,21,99,9904,1071575676,5278,2012-08-09,16,OZ,1,2.99
495442056,21,57,5704,105360050,10074,2012-04-18,6,OZ,3,2.07
495442056,21,5,501,101862717,9496,2012-08-19,15,OZ,1,3.29
495442056,21,26,2608,104119040,16347,2012-10-28,24,CT,2,2.5
495442056,21,97,9707,107169171,15583,2013-01-29,4,CT,1,9.99
495442056,21,9,902,101410010,45039,2013-03-03,6.6,OZ,3,6.27
495442304,21,99,9904,103338333,33170,2012-09-13,16,OZ,1,2.99
495442522,21,96,9609,1050000050,88199,2013-03-16,0,,1,-1
495442597,21,63,6312,105020050,52045,2012-04-11,64,OZ,1,1.89
495442813,21,33,3305,102840020,5141,2012-11-01,11.5,OZ,1,2.14
495443231,21,59,5902,101570010,9542,2013-02-25,8,OZ,1,2.29
495443231,21,7,709,109955595,7661,2013-03-06,3.7,OZ,1,8.1
495443451,21,21,2106,103120030,12957,2012-04-06,64,OZ,2,4
495443451,21,56,5613,104119040,16347,2012-11-23,16,OZ,2,5.58
495443451,21,75,7501,105280050,10779,2013-03-01,16,OZ,1,7.49
495443454,21,35,3509,107261373,401,2012-11-06,50,OZ,1,3.49
495443637,21,63,6328,102016929,16492,2012-04-07,32,OZ,1,1.99
495443637,21,99,9908,104119040,16347,2013-04-21,16,OZ,1,2.99
495444265,21,5,501,101600010,3331,2012-04-26,17,OZ,1,4.29
495444265,21,99,9908,103338333,33170,2012-10-10,16,OZ,1,2.99
495444265,21,26,2614,1030800434,17323,2012-11-19,16,CT,1,2.89
495444427,21,63,6305,104850040,18799,2012-06-26,59,OZ,1,2.99
495444427,21,16,1604,102200020,6021,2012-07-21,15,CT,1,1.19
495444427,21,56,5609,107170070,1142,2012-10-10,16,OZ,1,1.99
495444503,21,29,2924,101740010,11748,2012-08-18,8.8,OZ,1,2.19
495444503,21,26,2630,103700030,14647,2013-01-12,224,CT,1,5.47
495444503,21,8,801,104119040,16347,2013-01-26,24,OZ,1,1.49
495444530,21,29,2923,104100040,9814,2013-05-20,4.4,OZ,2,2.5
495444530,21,63,6305,1085541585,61747,2013-05-23,59,OZ,1,1.99
495444704,21,37,3708,1076026373,1537,2013-02-27,11,OZ,2,6.98
495444706,21,33,3307,101411313,23033,2012-09-21,8,OZ,1,4.59
495445217,21,63,6328,103760030,63690,2012-04-28,24,OZ,1,3.99
495445429,21,53,5305,104120646,27330,2012-07-23,9,OZ,1,1.99
495445429,21,99,9909,107143070,5072,2012-10-28,5,OZ,1,2
495445429,21,51,5126,101380010,27474,2012-11-25,19,OZ,1,3.33
495445470,21,15,1506,1081138787,27670,2012-10-26,0.42,OZ,1,1.19
495445775,21,28,2805,104119040,16347,2012-06-30,6,OZ,1,0.99
495445775,21,56,5613,103114232,25202,2012-10-21,8,OZ,1,2.49
495445817,21,97,9753,1020002121,0,2012-12-18,1,CT,1,9.52
495446323,21,9,907,101410010,13791,2012-04-02,16,OZ,1,3.99
495446323,21,37,3703,105100050,2820,2012-10-02,10.5,OZ,3,5
495446323,21,63,6305,104119040,16347,2012-12-02,64,OZ,1,1.99
495446323,21,13,1302,101020010,8790,2012-12-28,32,OZ,1,1.29
495446380,21,25,2506,104127141,26189,2012-04-22,16,OZ,3,5.97
495446380,21,56,5617,105300050,2199,2012-10-06,8,OZ,2,3.98
495446380,21,33,3307,104119040,16347,2013-01-22,8,OZ,1,5.99
495446931,21,5,501,101600010,85114,2012-07-18,12.2,OZ,2,7.38
495447228,21,8,807,102100020,9886,2012-06-21,18,OZ,2,2.5
495447573,21,58,5832,107274575,13804,2013-04-14,12,OZ,1,2.67
495448021,21,9,918,101410010,13791,2012-05-11,7,OZ,1,2.5
495448021,21,59,5902,103450030,10165,2013-03-03,8,OZ,1,2.49
495448147,21,5,504,104300040,14112,2012-04-05,6.15,OZ,1,3.29
