2790325817,285,58,5815,101115010,15530,2012-06-06,8,OZ,1,2.5
2790325817,285,0,0,10000,20405,2012-11-09,0,,1,-7.16
2790325817,285,21,2119,108079383,6926,2013-02-21,144,OZ,1,0
2790325930,285,58,5813,107187171,13310,2012-04-01,16,OZ,1,3.19
2790325930,285,51,5117,107465373,9039,2012-07-15,18.1,OZ,2,5.5
2790325930,285,51,5127,103100030,1358,2013-02-03,10.25,OZ,1,1
2790325930,285,54,5403,107790070,9200,2013-03-24,7,OZ,2,5.38
2790326079,285,44,4404,107684575,9305,2012-06-22,11.5,OZ,1,3.49
2790326079,285,55,5552,104154848,5603,2013-01-20,48,OZ,1,4.99
2790326079,285,49,4904,101115010,15530,2013-06-03,20,OZ,1,1.97
2790332222,108,75,7503,1089299282,5830,2012-04-29,0.25,OZ,1,3.99
2790332222,108,56,5616,102100020,9886,2012-09-08,7,OZ,1,3.29
2790332222,108,30,3007,107245777,19570,2013-02-24,12,OZ,1,3.99
2790333192,108,35,3507,105170050,6335,2012-10-21,6.76,OZ,1,4.99
2790333192,108,60,6011,1075480777,610,2013-02-23,16,OZ,1,2.29
2790340511,224,4,416,102800020,4346,2013-03-10,2.7,OZ,1,1
2790341192,224,8,815,102840020,17938,2012-09-21,8,OZ,1,1.57
2790431428,24,58,5824,104262949,12592,2012-10-24,16,OZ,1,3.99
2790431428,24,26,2622,1071754474,17649,2013-03-03,75,CT,1,2.99
2790467304,507,97,9753,1088680484,0,2012-05-06,1,CT,2,4
2790506394,507,92,9211,10360734030,15297,2013-06-08,0.01,OZ,1,4.44
2790658212,508,99,9908,1060580666,11481,2012-09-30,5.5,OZ,1,1.19
2790658212,508,34,3410,1081857080,19649,2013-03-02,11,OZ,3,11.97
2790792905,31,9,908,102560020,18051,2012-08-29,10,OZ,2,0
2790792905,31,51,5128,1071785474,11614,2012-10-10,8,OZ,2,2
2790792905,31,38,3801,101620010,5018,2012-12-05,4,LB,1,1.99
2790792905,31,63,6315,102114020,19950,2013-07-18,128,OZ,1,4.09
2790837739,85,21,2116,1088331585,62584,2012-05-10,10.1,OZ,1,0.5
2790846053,21,58,5824,102836424,14418,2012-07-04,16,OZ,1,3.5
2790846053,21,37,3706,105100050,2820,2012-11-04,10.5,OZ,2,3.34
2790846053,21,23,2310,104116444,27731,2012-11-11,16,OZ,2,6.38
2790846974,21,55,5555,107457070,26051,2012-05-11,28,OZ,1,7.99
2790871768,101,26,2609,104200040,5016,2013-01-25,95,CT,1,5.25
2790873468,101,21,2119,1061300868,867,2012-04-06,42,OZ,3,3
2790873468,101,9,902,103010030,3744,2012-06-08,16,OZ,1,3.39
2790873666,101,9,907,1068826767,81691,2012-03-02,24,OZ,4,7.56
2790873666,101,75,7504,104110040,4059,2012-07-19,6,OZ,4,21.16
2790873666,101,59,5906,104060040,26155,2012-11-16,15,OZ,2,4
2790874168,101,21,2112,107045070,17674,2012-11-15,64,OZ,1,4.99
2790874168,101,9,914,101410010,13791,2012-11-15,13.9,OZ,1,3.49
2790874168,101,96,9609,1051514151,88199,2012-11-28,0,,2,-0.7
2790876222,77,12,1206,107078474,18552,2012-04-04,6,OZ,1,1.59
2790951424,83,96,9609,1051800050,88199,2012-11-12,0,,2,-1.4
2790959497,98,10,1013,102400020,4704,2012-08-20,16,OZ,2,3.58
2790961595,89,9,907,107225070,12465,2012-09-07,20,OZ,1,1.89
2790961595,89,0,0,10000,0,2013-02-22,0,,1,0
2790977851,89,35,3508,103700030,18371,2012-03-30,50,OZ,1,7.99
2790977851,89,0,0,10000,0,2013-02-04,0,,1,0
2790987359,23,33,3307,101411313,23033,2012-09-09,8,OZ,1,4.99
2790987359,23,63,6315,109396696,13264,2013-04-11,64,OZ,1,3.89
2790991187,191,51,5125,101380010,10271,2013-01-05,8.5,OZ,1,2
2790991562,191,79,7901,107485171,10491,2012-04-15,1,CT,1,7.99
2790991562,191,63,6315,101111010,12028,2012-08-13,128,OZ,2,5.18
2790991562,191,33,3308,102840020,3336,2012-12-28,9.75,OZ,1,2.99
2790991562,191,37,3709,107066272,12673,2013-03-20,3,OZ,6,1
2790991740,191,33,3303,102840020,15598,2012-03-25,9,OZ,2,5
2790991740,191,2,213,101600010,1756,2012-08-05,18.25,OZ,1,3.39
2790991740,191,26,2629,103700030,2248,2012-09-30,200,CT,1,3.85
2790991740,191,9,907,1071423171,7971,2012-11-19,24,OZ,1,5.19
2791010678,96,96,9609,10990000090,88199,2012-05-23,0,,1,3.33
2791010678,96,21,2106,104180040,19713,2012-11-10,64,OZ,1,2.5
2791010738,96,63,6315,103003434,7175,2012-06-22,64,OZ,1,3.79
2791010773,96,36,3630,104900040,23359,2012-08-09,144,OZ,1,4.33
2791010876,96,21,2105,105200050,7054,2013-02-23,32,OZ,3,5.07
2791011533,96,63,6315,103377636,16650,2012-09-17,64,OZ,1,3.69
2791029371,214,35,3504,103700030,4628,2013-02-05,38,OZ,1,4.47
2791029371,214,22,2207,104460040,3718,2013-03-01,22,OZ,1,2.99
2791037560,214,64,6401,101820010,12358,2012-04-27,144,OZ,1,8.69
2791037560,214,19,1908,105150050,9189,2012-05-13,40,OZ,1,6.12
2791037560,214,58,5823,104470040,13310,2012-09-13,16,OZ,1,4.98
2791043906,214,92,9211,1030099737,15219,2012-10-08,0.1,OZ,1,9.97
2791043906,214,0,0,10000,0,2013-05-30,0,,13,-15.63
2791061789,46,9,907,107294575,15878,2012-11-25,20,OZ,1,2
2791099914,46,58,5812,107495676,8144,2012-07-04,12,OZ,1,4.19
2791099914,46,70,7004,1071373373,11473,2013-04-30,1,CT,2,24.98
2791135070,88,37,3711,102113020,16397,2012-03-26,24,OZ,2,7.98
2791151219,18,9,914,107343575,9705,2013-01-11,4.4,OZ,1,1
2791446295,42,36,3601,101200010,13794,2013-02-03,288,OZ,1,8.49
2791446295,42,13,1306,101600010,7366,2013-03-10,2,LB,1,1.59
2791446295,42,63,6315,104149747,19710,2013-03-18,128,OZ,1,3.51
2791446295,42,6,607,107007474,5810,2013-04-09,48,OZ,1,8.99
2791446323,42,60,6001,101800010,14029,2012-09-14,16,OZ,2,5.38
2791446323,42,37,3707,102400020,3843,2012-09-22,32,OZ,1,2.59
2791446323,42,96,9632,107675070,52482,2013-02-16,1,CT,2,100
2791446323,42,41,4108,104149747,19710,2013-03-13,40,OZ,3,5.97
2791446400,42,57,5705,104667545,20216,2013-03-17,16,OZ,1,2.69
2791593164,285,0,0,10000,20405,2012-03-18,0,,1,-1.2
2791593164,285,29,2908,107152474,10039,2012-04-01,16,OZ,1,1.45
2791593535,285,26,2629,103993838,28439,2013-01-11,18,CT,3,4.48
2791593704,285,36,3618,101200010,23361,2013-02-09,288,OZ,1,4.98
2791594533,285,34,3410,101115010,15530,2012-08-15,8,OZ,1,2.79
2791594556,285,99,9908,103338333,33170,2012-03-26,13,OZ,1,1
2791594556,285,56,5613,104175747,10216,2012-05-14,6,OZ,1,3.99
2791594556,285,63,6315,101115010,15530,2012-06-16,128,OZ,1,1.99
2791594556,285,9,908,107203070,5812,2012-09-24,8.25,OZ,1,3.59
2791594556,285,10,1011,102400020,4704,2012-10-22,7,OZ,4,4
2791594556,285,96,9609,1053700050,88199,2012-12-02,0,,1,-0.25
2791595564,285,26,2633,101115010,15530,2012-08-14,1,RL,2,1.68
2791595564,285,10,1004,104300040,26232,2012-08-24,3.4,OZ,1,0.89
2791596018,285,26,2609,101115010,15530,2012-07-08,100,CT,1,2.28
2791596079,285,21,2106,103120030,12957,2013-03-19,64,OZ,1,2.5
2791596091,285,51,5115,107192171,78492,2012-04-07,15.9,OZ,1,6.69
2791596286,285,33,3308,102840020,3336,2012-12-22,3.75,OZ,1,1.49
2791597311,285,97,9781,10000,8255,2013-02-03,1,CT,1,-1.47
2791597883,285,26,2633,103040030,683,2012-07-28,24,RL,1,5.99
2791597883,285,4,418,103400030,57369,2012-10-04,12,OZ,1,3
2791598285,285,40,4005,104100040,10522,2012-04-01,0.8,OZ,1,3.16
2791598285,285,73,7304,1030057333,250,2012-12-28,20,CT,1,9.29
2791600401,285,56,5615,102100020,9886,2013-01-19,8,OZ,1,2.5
2791600435,285,18,1829,106233868,319,2012-05-30,1,CT,1,5.49
2791600618,285,26,2632,103700030,13481,2012-09-19,72,CT,1,1.98
2791600618,285,29,2924,101740010,11748,2012-10-24,14,OZ,1,1.79
2791601164,285,37,3705,105100050,2820,2012-10-15,18.6,OZ,1,1.89
2791601164,285,17,1726,1073291373,23643,2012-12-05,70,CT,1,5.49
2791601164,285,37,3705,105100050,2820,2013-03-27,18.6,OZ,1,2.09
2791608746,108,57,5704,103663232,4568,2012-09-18,24,OZ,2,7.98
2791608746,108,56,5607,102100020,13967,2013-02-05,8,OZ,2,5.5
2791614082,224,9,907,101598414,22433,2012-12-01,19,OZ,5,7.25
2791684497,376,2,214,101600010,1756,2012-08-04,37,OZ,1,1.98
2791684497,376,38,3801,101580010,2649,2012-08-04,4,LB,1,2.98
2791684497,376,58,5823,107527878,6625,2012-08-04,16,OZ,1,1.58
2791689429,377,51,5126,101380010,27474,2012-09-25,20,OZ,1,3.49
2791689429,377,37,3706,104119646,14582,2012-11-12,19,OZ,1,1.5
2791689429,377,31,3101,1071754474,17649,2013-01-01,2,OZ,1,1.99
2791689429,377,24,2415,103760030,11238,2013-01-15,15,OZ,1,2.99
2791723972,507,97,9732,1067341969,10312,2013-04-04,1,CT,1,19.99
2791854256,508,11,1112,102898929,26666,2012-05-07,10,OZ,1,3.69
2791854256,508,70,7005,104650040,12977,2012-06-21,4,CT,1,8.99
2791963972,85,56,5616,1060788060,16965,2013-02-06,8,OZ,2,4.98
2791975807,21,4,412,107279979,19735,2012-04-23,5.5,OZ,1,1.69
2791977131,21,29,2903,104119040,16347,2013-04-08,15,OZ,3,2.25
2792000461,101,36,3628,101200010,12029,2012-10-05,67.6,OZ,1,1.34
2792001541,101,35,3509,103700030,5848,2012-03-31,50,OZ,1,2.99
2792003274,101,36,3628,101200010,12029,2012-07-23,20,OZ,1,1.59
2792003274,101,99,9908,103338333,33170,2013-03-11,8,OZ,1,1.99
2792030359,69,33,3305,102840020,15870,2012-07-19,11,OZ,1,1.8
2792030359,69,29,2914,102100020,9886,2013-03-18,7.25,OZ,2,2.38
2792067868,71,62,6201,103582636,6564,2012-10-07,15,OZ,1,2.99
2792072926,165,96,9609,1052820050,88199,2013-02-23,0,,2,-2
2792081695,89,63,6305,102500020,16489,2012-11-23,59,OZ,2,6
2792083068,89,0,0,10000,0,2013-03-05,0,,1,0
2792090975,89,26,2633,101111010,9907,2012-12-15,4,RL,1,3.59
2792090975,89,73,7307,101111010,9907,2013-05-14,30,CT,1,4.09
2792093870,98,9,907,101111010,9907,2012-10-04,12,OZ,1,0.89
2792093870,98,41,4107,101111010,9907,2012-12-03,14.5,OZ,2,1.16
2792095956,89,0,0,10000,0,2012-06-08,0,,1,0
2792095956,89,0,0,10000,0,2013-06-14,0,,2,0
2792105240,2,36,3632,101111010,1814,2012-08-08,144,OZ,1,2.25
2792105240,2,36,3626,101111010,1814,2012-12-15,67.6,OZ,1,0.79
2792105240,2,10,1004,101111010,9907,2013-01-06,3.9,OZ,1,0.79
2792105240,2,55,5552,101111010,4766,2013-01-08,48,OZ,1,2.5
2792105356,2,63,6315,101111010,14907,2013-01-24,128,OZ,1,2.99
2792131124,166,31,3101,105210050,11382,2012-12-19,1.62,OZ,1,4.29
2792136431,96,9,902,104400040,19783,2012-09-23,9.1,OZ,1,2.5
2792136808,96,36,3634,1078616272,7237,2012-08-31,20,OZ,10,10
2792137738,96,92,9208,104319444,16067,2012-06-08,1,CT,1,1.12
2792137738,96,51,5126,101380010,27474,2012-06-13,12.88,OZ,1,3.34
2792137738,96,72,7205,103500030,3830,2012-08-08,6.4,OZ,1,1
2792137738,96,0,0,10000,0,2013-01-11,0,,2,-0.9
2792137773,96,4,418,107729070,13687,2012-04-26,12,OZ,1,2.99
2792137773,96,7,708,103003434,7175,2012-05-02,12,OZ,1,6.99
2792137773,96,15,1505,1080276383,17674,2012-10-24,12,OZ,1,5.49
2792138202,96,33,3304,102840020,6777,2012-03-18,10.5,OZ,1,3.49
2792138202,96,45,4509,102802929,18738,2012-05-23,11.2,OZ,1,6
2792138202,96,99,9909,107127979,6732,2012-07-06,7.25,OZ,1,1.84
2792149840,214,36,3630,107800070,5208,2013-02-01,60,OZ,1,2.97
2792168616,214,64,6408,108500080,41310,2012-11-04,0.75,LT,1,8.99
2792284302,360,70,7001,107214070,5929,2012-10-14,1.75,OZ,1,5.99
2792571130,42,4,416,104000040,16765,2012-12-07,2.07,OZ,2,1.98
2792571130,42,9,907,104149747,19710,2013-07-22,12,OZ,1,1.29
2792717822,293,99,9904,103338333,33170,2013-01-28,64,OZ,2,8.98
2792717998,285,33,3303,102840020,10241,2013-05-08,13.75,OZ,1,3.99
2792718419,285,8,807,101340919,17823,2012-03-10,28,OZ,1,2.99
2792718419,285,63,6305,102500020,11749,2012-07-17,128,OZ,1,5.99
2792719528,285,33,3309,102840020,18584,2013-02-18,13,OZ,2,6.49
2792720682,285,8,805,102100020,9886,2012-07-03,12,OZ,1,1.98
2792720682,285,53,5307,101115010,15530,2012-09-14,16,OZ,1,1
2792720682,285,45,4509,1074873474,27334,2013-01-06,12,OZ,1,4.99
2792721162,285,51,5117,107465373,9039,2012-09-22,16.5,OZ,1,2.75
2792723431,285,97,9753,1021212020,0,2012-04-26,1,CT,1,2.35
2792723431,285,41,4110,103940030,71386,2012-10-05,117,OZ,2,11.98
2792796480,24,12,1206,108660080,2559,2013-02-21,5,OZ,1,1.5
2792843770,507,72,7205,1031015838,16196,2012-06-09,4,OZ,2,9.48
2792880218,507,73,7356,102791727,78698,2013-04-29,150,CT,1,11.99
2792896324,507,51,5126,101380010,27474,2012-07-07,9.63,OZ,1,2.4
2792896324,507,97,9753,10978077898,0,2013-02-07,1,CT,1,5.65
2792950733,508,56,5609,108523989,11176,2012-07-14,16,OZ,2,4.6
2792950733,508,25,2508,102529323,16410,2013-04-21,64,OZ,2,6.3
2792988213,508,92,9208,104145747,7487,2012-06-26,3,CT,1,3.66
2792988213,508,56,5621,108523989,11176,2012-09-20,8,OZ,1,2.61
2792988213,508,10,1013,102400020,4704,2013-01-04,16,OZ,1,2.09
2792988213,508,6,610,107084777,11910,2013-05-06,15.5,OZ,1,1.88
2793022676,510,75,7501,1030052131,19243,2013-04-17,6.5,OZ,1,5.99
2793100240,40,36,3601,104900040,3809,2012-10-17,60,OZ,2,5.98
2793102886,16,18,1828,106233868,319,2013-01-07,1.34,OZ,1,6.49
2793119541,21,35,3509,1088596787,330,2012-05-30,50,OZ,1,2.77
2793119541,21,9,901,104400040,11047,2012-09-14,8,OZ,2,5.98
2793121696,21,29,2926,101740010,3008,2012-11-03,160,OZ,1,8.99
2793122141,21,97,9753,103236838,0,2012-09-01,1,CT,1,4.49
2793122573,21,9,902,104400040,19783,2012-05-25,8.5,OZ,1,2.49
2793122573,21,63,6316,102100020,2321,2012-08-06,16,OZ,1,1.49
2793128845,104,56,5617,104128040,9181,2012-04-19,16,OZ,1,4.59
2793141882,101,23,2301,103340030,15802,2013-07-17,12,OZ,1,0.9
2793145780,101,36,3612,1068826767,158,2013-02-07,128,OZ,1,0.89
2793145780,101,53,5305,102000020,7655,2013-03-16,9,OZ,2,3.58
2793145792,101,27,2706,105000050,6132,2012-03-17,3,OZ,4,2.48
2793196384,65,9,908,107203070,5812,2012-12-19,8.25,OZ,1,2.99
2793208546,373,63,6315,1072543979,40679,2012-05-30,128,OZ,1,3.99
2793208546,373,13,1306,103729737,71094,2012-07-28,4.4,LB,2,3.28
2793208546,373,34,3406,101111111,5168,2012-10-25,8,OZ,1,3.69
2793208546,373,99,9908,103338333,33170,2012-11-05,16,OZ,1,1.59
2793208546,373,21,2105,105200050,7054,2013-04-04,64,OZ,4,8
2793208546,373,38,3801,1072543979,40679,2013-06-05,10,LB,1,4.1
2793217792,165,97,9781,10000,8255,2012-11-26,1,CT,1,-3.09
2793218819,26,58,5823,101111010,20588,2012-08-11,8,OZ,1,3.5
2793218943,26,63,6315,101111010,9907,2012-04-21,128,OZ,1,3.09
2793224543,89,2,214,105150050,8604,2012-05-21,7,OZ,1,0.99
2793224543,89,97,9712,1072398777,14668,2012-09-17,1,CT,1,12.99
2793224543,89,53,5307,101450010,20864,2012-10-01,12,OZ,2,3.54
2793224543,89,27,2701,101113212,491,2012-10-01,13.2,OZ,2,1.38
2793224543,89,4,417,101070010,11692,2013-05-19,5,OZ,1,1
2793224543,89,2,202,101600010,1756,2013-05-19,10.25,OZ,1,1
2793227602,89,97,9724,105111151,52,2012-05-23,1,CT,1,18.99
2793228090,89,31,3111,104150040,6714,2012-12-16,6,OZ,1,2.99
2793233683,98,4,416,104000040,26517,2012-08-21,1.74,OZ,1,0.99
2793233683,98,56,5620,107717272,102504,2012-09-11,7,OZ,1,3.39
2793233683,98,9,908,1069899767,18981,2012-09-18,14.1,OZ,2,13.98
2793233683,98,9,970,107225070,12465,2012-10-26,18,OZ,2,5.98
2793233683,98,36,3611,101111010,9907,2013-03-08,540.8,OZ,1,3.14
2793233683,98,56,5621,101111010,9907,2013-03-13,8,OZ,1,2.33
2793233861,211,26,2630,101111010,9907,2012-09-27,120,CT,1,1.65
2793233861,211,60,6010,101111010,9907,2013-03-04,6,OZ,1,0.59
2793237495,211,51,5131,101862717,9496,2012-03-24,9.5,OZ,1,3.27
2793237495,211,26,2606,101111010,9907,2012-04-26,200,CT,1,2.19
2793237495,211,58,5834,107234272,58948,2012-04-30,28,OZ,1,8.49
2793239010,126,25,2506,104127141,26189,2012-09-04,32,OZ,2,6.68
2793239010,126,36,3611,104900040,4599,2012-11-10,405.6,OZ,1,4.99
2793239010,126,9,901,104400040,8463,2013-04-15,10,OZ,1,1.89
2793239010,126,9,902,103010030,47346,2013-06-15,9.5,OZ,1,1.99
2793240389,431,0,0,10000,0,2012-06-08,0,,1,0
2793240389,431,72,7205,105310050,804,2012-08-09,5.6,OZ,1,3.19
2793241075,211,9,907,101111010,9907,2012-06-04,20,OZ,1,1
2793241075,211,54,5403,101800010,14029,2013-03-12,11.5,OZ,1,2
2793249829,2,63,6315,107039979,497,2012-03-04,32,OZ,1,1.99
2793249829,2,18,1835,104460040,9709,2012-07-07,6.7,LB,1,6.99
2793279642,96,96,9609,1052840050,88199,2012-08-02,0,,2,-2
2793281026,96,37,3711,105100050,2820,2013-05-10,15.3,OZ,3,3
2793306329,214,27,2710,107023070,18373,2012-05-12,20,LB,1,7.44
2793306329,214,63,6315,104122040,23511,2012-10-29,64,OZ,1,3.28
2793306329,214,6,605,1085631282,95529,2012-12-05,11.5,OZ,2,5
2793307295,214,8,811,104112949,3635,2012-11-19,15,OZ,2,4.24
2793363513,46,29,2923,104100040,9814,2012-09-18,4.4,OZ,2,2.1
2793374280,46,8,822,1071928373,11473,2013-05-23,10,OZ,2,2.18
2793381257,46,6,601,101570010,17882,2013-03-16,10,OZ,1,1.25
2793398569,88,63,6315,107989373,30626,2012-08-14,128,OZ,2,5.38
2793398569,88,38,3802,101580010,2649,2012-11-04,2,LB,2,7.38
2793403544,95,9,907,107313070,13291,2012-03-02,24,OZ,2,5.98
2793403544,95,65,6502,101800010,14029,2012-11-10,14.1,OZ,1,2
2793410107,15,39,3903,108721686,11613,2012-09-10,13,OZ,1,4.29
2793410107,15,97,9753,1020106525,0,2012-09-12,1,CT,1,6.2
2793410107,15,58,5823,104470040,13310,2013-06-06,16,OZ,1,1.67
2793700580,233,39,3903,104300040,10654,2012-05-24,36,OZ,1,4.83
2793700580,233,14,1417,103890030,5072,2012-06-10,23.5,OZ,1,2.99
2793708237,42,9,917,107373171,11786,2012-05-04,17.5,OZ,2,3.98
2793852674,293,45,4509,1074873474,27334,2012-05-03,16,OZ,1,8.99
2793852846,293,8,803,104154343,16438,2013-03-12,9.5,OZ,1,2.59
2793853683,285,55,5557,104767747,5168,2012-08-22,8.67,OZ,4,10
2793853683,285,5,501,103800030,9543,2013-03-20,10.7,OZ,1,2.5
2793854273,285,44,4402,1061278161,11151,2012-12-19,28,OZ,1,5
2793854279,285,33,3303,101115010,15530,2012-10-06,11,OZ,1,1.99
2793854279,285,51,5115,107570676,13458,2012-10-24,19.1,OZ,1,3.99
2793854279,285,96,9609,1055150050,88199,2012-11-14,0,,2,-2
2793854279,285,2,202,101600010,1756,2013-02-27,18,OZ,1,2
2793854381,285,5,501,103800030,17050,2012-04-29,16.7,OZ,1,5.23
2793854953,285,21,2106,103120030,12957,2012-11-01,64,OZ,1,3.29
2793854953,285,9,907,101115010,15530,2013-04-01,24,OZ,1,0.99
2793857338,285,41,4108,101115010,15530,2013-03-13,14.5,OZ,2,1.32
2793857398,285,96,9609,1053320050,88199,2012-07-14,0,,2,-1.5
2793857398,285,26,2626,101115010,15530,2012-09-21,1,CT,1,0.88
2793857398,285,96,9609,1057047050,88199,2012-11-17,0,,2,-1.5
2793858721,285,0,0,10000,20405,2012-10-02,0,,1,-6.73
2793858721,285,3,302,104300040,1292,2013-01-16,8,OZ,1,2.78
2793858745,285,57,5705,107047070,20230,2012-06-09,6,OZ,1,0.7
2793858745,285,16,1604,101254616,17473,2012-08-01,42,CT,1,2.79
2793858745,285,37,3703,105100050,2820,2013-01-19,10.75,OZ,4,3.96
2793859458,285,96,9609,1052550050,88199,2012-11-12,0,,1,-0.25
2793859568,285,3,303,107116979,2732,2013-02-04,2.7,OZ,1,3.99
2793859604,285,26,2634,104200040,14813,2012-09-19,18,RL,1,9.99
2793859837,285,23,2301,101510010,4255,2012-07-20,12,OZ,1,1
2793861098,285,51,5125,101380010,10271,2013-04-04,8,OZ,1,2.5
2793861149,285,33,3318,107797575,27417,2012-04-16,2.75,OZ,1,0.99
2793861283,285,95,9518,1061029060,7848,2012-04-28,1,CT,1,4.79
2793861283,285,64,6409,1068935262,9667,2013-01-20,0.75,LT,1,12.49
2793861283,285,53,5307,104880040,19757,2013-04-10,16,OZ,2,2.6
2793872744,224,99,9904,103338333,33170,2012-08-16,16,OZ,1,2.98
2793947960,24,5,516,101862717,9496,2013-02-17,7.4,OZ,2,7.98
2794055777,507,51,5115,107218070,15035,2012-05-26,23.45,OZ,1,3.17
2794108865,508,30,3001,102100020,9886,2013-04-12,30,OZ,1,3.39
2794112799,508,97,9753,107316878,0,2012-12-19,1,CT,1,4.9
2794155540,510,38,3801,108523989,11176,2012-06-25,5,LB,1,2.93
2794155540,510,97,9753,1020405020,0,2012-11-01,1,CT,1,2.82
2794155540,510,14,1404,108523989,11176,2013-03-23,24,OZ,1,1.86
2794155540,510,30,3002,102100020,9886,2013-03-28,30,OZ,1,3.66
2794232934,16,9,907,104500040,20016,2012-07-16,24,OZ,1,3.99
2794238611,85,21,2108,104360040,19809,2012-11-27,64,OZ,1,3.29
2794238611,85,9,907,1060788060,16965,2013-03-10,20,OZ,1,1.45
2794242504,85,9,922,102430020,10577,2013-07-14,16.2,OZ,1,1
2794249938,21,33,3303,102840020,15598,2012-11-07,13.5,OZ,1,3.99
2794250054,21,56,5620,103651434,7627,2012-04-19,80,OZ,1,10.99
2794250054,21,30,3001,104800141,8178,2012-09-20,48,OZ,1,7.29
2794250054,21,99,9908,103338333,33170,2013-02-08,80,OZ,1,1.99
2794272710,101,12,1206,1068826767,81691,2013-05-22,9,OZ,1,3.39
2794273095,101,8,803,104150040,6714,2013-06-30,14,OZ,1,1
2794275788,101,4,417,103400030,15113,2012-06-18,2.5,OZ,2,2.5
2794275788,101,44,4404,105100050,13791,2013-02-20,10,OZ,1,2
2794278525,77,9,970,103800030,62065,2013-06-07,10.5,OZ,2,4
2794349671,26,51,5126,102113121,11151,2012-03-03,14,OZ,1,2.75
2794349671,26,9,907,101111010,9907,2012-06-14,11,OZ,1,1
2794349671,26,26,2630,103600030,9787,2012-06-28,75,CT,1,2.39
2794349671,26,36,3611,108304686,8688,2012-08-02,96,OZ,1,2.5
2794349671,26,51,5122,101111010,9907,2012-09-27,5.3,OZ,1,1
2794349671,26,8,809,107229070,18158,2012-12-20,8,OZ,1,1
2794349671,26,4,423,107726070,15624,2013-04-15,3,OZ,1,1.99
2794360512,89,58,5827,101111010,9907,2013-01-30,16,OZ,1,3.59
2794365115,126,28,2804,107321474,11575,2012-06-09,16,OZ,1,2.19
2794365115,126,21,2119,1085682080,17335,2012-07-27,16,OZ,1,1.49
2794365115,126,63,6315,101111010,9907,2013-01-27,64,OZ,1,2.19
2794408613,96,23,2301,103340030,15802,2012-07-25,16,OZ,1,2.09
2794476518,46,56,5617,102100020,9886,2013-03-26,12,OZ,1,2
2794482413,46,64,6401,101820010,2510,2013-04-13,216,OZ,1,12.99
2794492160,46,36,3601,101200010,13794,2012-05-19,67.6,OZ,2,2.5
2794492160,46,9,907,104125040,11473,2012-06-16,22,OZ,1,1.49
2794498951,46,17,1703,101980010,19934,2013-03-21,26,OZ,2,5
2794537959,4,12,1205,102113020,15704,2012-03-13,2.6,OZ,1,0.99
2794544277,18,36,3611,102113020,15704,2012-07-25,405.6,OZ,1,3.89
2794989656,285,69,6901,107940070,1141,2012-10-21,2.7,OZ,1,4.69
2794989660,285,58,5834,103760030,8501,2012-06-28,15,OZ,1,5.99
2794990343,285,11,1114,101115010,15530,2012-07-21,32,OZ,2,8.62
2794990343,285,0,0,10000,20405,2012-08-18,0,,1,-2.63
2794990343,285,99,9908,103338333,33170,2012-08-18,32,OZ,1,2.79
2794990343,285,63,6332,104850040,61745,2013-03-23,89,OZ,1,5.99
2794991155,285,0,0,10000,0,2012-07-30,0,,1,3.49
2794991311,285,63,6313,102670020,4664,2012-04-16,8,OZ,1,0.68
2794991311,285,30,3001,104800141,8178,2012-04-24,30,OZ,1,5.18
2794991311,285,33,3305,102840020,18584,2013-01-04,14.5,OZ,1,3.99
2794991311,285,33,3305,102840020,18584,2013-03-13,14.5,OZ,1,4.99
2794991972,285,15,1505,1080276383,17674,2013-03-22,9,OZ,1,3.49
2794992742,285,9,901,101115010,15530,2012-12-22,27,OZ,1,2.61
2794992944,285,9,907,102412626,2636,2012-08-02,20,OZ,1,1.58
2794992944,285,45,4511,102370020,18969,2012-12-09,12.25,OZ,1,2.99
2794993695,285,74,7407,107033070,1783,2012-08-30,3,CT,1,6.79
2794993740,285,9,970,103800030,62065,2012-09-04,14.7,OZ,1,1.99
2794993740,285,36,3601,104900040,3809,2013-02-05,20,OZ,1,1.69
2794994480,285,5,501,103800030,4308,2012-03-16,17.9,OZ,1,5.12
2794994480,285,33,3309,107373171,11786,2012-03-24,20,OZ,1,3.79
2794994480,285,36,3634,105200050,14597,2013-01-12,202.8,OZ,1,8.99
2794994480,285,45,4514,101115010,15530,2013-02-09,48,OZ,1,7.99
2794995645,285,91,9109,108200080,16696,2012-09-06,1.75,LT,1,19.99
2794995645,285,8,810,105210050,11382,2012-11-21,0.71,OZ,1,1.43
2794995645,285,63,6320,107592575,4368,2013-01-03,18,CT,1,2.49
2794995724,285,33,3303,102840020,10241,2012-11-23,8.5,OZ,2,5.98
2794996224,285,75,7501,107214070,5929,2012-03-02,16,OZ,1,12.99
2794996224,285,60,6007,101115010,15530,2013-01-13,8,OZ,1,2.19
2795032987,109,56,5616,107417575,20614,2012-09-15,8,OZ,1,2.99
2795165657,507,71,7112,1069223767,12271,2012-06-10,24,OZ,2,5.28
2795165657,507,97,9753,1020449626,0,2012-11-09,1,CT,2,1.98
2795165657,507,9,907,101410010,13791,2013-05-04,16,OZ,1,2.99
2795165657,507,10,1011,104300040,26232,2013-05-07,15.5,OZ,1,1.99
2795202076,507,10,1011,102400020,4704,2012-05-07,7,OZ,1,1.02
2795202076,507,97,9753,1020801121,0,2012-06-13,1,CT,3,0.72
2795313080,510,56,5614,108523989,11176,2012-04-12,1,OZ,1,0.4
2795313080,510,97,9753,1020479828,0,2012-06-07,1,CT,1,0.99
2795316117,510,17,1703,104460040,7668,2012-09-23,32,OZ,12,34.08
2795350924,31,63,6315,102114020,19950,2012-09-06,128,OZ,1,3.67
2795350924,31,51,5127,105100050,8605,2012-09-17,16,OZ,1,3.5
2795371839,40,55,5558,104767747,16765,2012-10-30,12,OZ,1,4.49
2795371839,40,36,3612,102114020,19950,2013-01-04,128,OZ,5,4.45
2795371839,40,26,2628,103040030,17034,2013-06-10,2,RL,1,3.49
2795373254,40,32,3202,105150050,4307,2013-01-06,64,OZ,1,5.99
2795375939,31,36,3631,102114020,19950,2012-05-12,144,OZ,1,2.2
2795376478,31,63,6320,102114020,19950,2012-04-05,12,CT,1,2.19
2795416460,40,58,5827,107080070,16704,2012-12-17,16,OZ,2,6.99
2795462995,85,9,907,1060788060,16965,2013-03-19,32,OZ,1,1.85
2795476484,85,5,501,101600010,10797,2012-07-22,1.7,OZ,1,1.25
2795476484,85,58,5823,107367575,3012,2012-10-06,12,OZ,2,3.98
2795481124,21,59,5902,103450030,10165,2012-11-14,16,OZ,2,7.86
2795481556,21,53,5307,107056070,14005,2012-09-23,10,OZ,1,1.49
2795483276,21,33,3308,104126242,92654,2012-05-12,8.5,OZ,1,1.64
2795483380,21,73,7308,104119040,16347,2012-11-14,30,CT,2,1.58
2795484226,21,39,3903,104300040,10654,2012-06-03,24,OZ,1,2.99
2795484226,21,17,1703,101920010,10882,2013-01-19,22,OZ,1,1.99
2795484895,21,49,4904,104330141,12339,2012-04-01,16,OZ,1,2.5
2795484895,21,41,4105,102700020,8612,2012-06-05,14.5,OZ,2,2.38
2795511869,240,26,2609,104116343,8435,2012-09-22,12,CT,1,1
2795511869,240,99,9908,1070935171,5534,2013-03-15,12,OZ,1,1.99
2795519324,104,7,707,101114111,25747,2012-09-15,11,OZ,1,6.58
2795519324,104,57,5710,1089470080,21065,2012-10-27,5.3,OZ,2,2.66
2795519324,104,9,912,104812141,18322,2013-01-19,20,OZ,1,3.94
2795519447,104,58,5827,103760030,8501,2012-08-19,12,OZ,1,4.49
2795537176,101,23,2301,107173070,12706,2013-02-01,12,OZ,1,1.67
2795543567,101,63,6305,104850040,18799,2012-10-06,128,OZ,1,5.49
2795543567,101,4,418,104000040,18946,2012-10-06,11.4,OZ,1,2.5
2795543567,101,95,9518,107000070,17662,2012-11-03,1,CT,1,2.5
2795544585,101,33,3350,1068826767,7173,2013-03-11,3.25,OZ,1,3.49
2795544585,101,63,6315,107654575,17876,2013-04-12,16,OZ,1,1.05
2795544585,101,4,418,103400030,15113,2013-06-06,15,OZ,3,7.98
2795546340,101,4,416,104000040,18946,2012-09-15,3.28,OZ,1,1
2795546340,101,9,907,1068833969,6434,2013-03-23,9,OZ,1,3.99
2795546775,101,99,9909,107143070,5072,2013-02-28,12,OZ,1,2.5
2795550388,77,27,2705,105000050,6775,2012-03-05,5.5,OZ,2,1.2
2795556204,68,58,5827,103582636,6564,2012-05-27,12,OZ,1,4.19
2795556204,68,9,915,107312474,18613,2012-06-17,10,OZ,1,2.99
2795558001,64,36,3618,104900040,23359,2012-03-31,101.4,OZ,1,3.71
2795558001,64,36,3632,1072543979,40679,2012-04-09,67.6,OZ,1,-0.91
2795581597,68,38,3801,1072543979,40679,2013-06-09,4,LB,2,4.62
2795592800,70,64,6408,108600383,15377,2012-03-21,0.75,LT,1,5.99
2795601353,65,57,5704,107047070,20230,2012-11-12,6,OZ,5,3
2795700234,64,51,5117,1072543979,40679,2012-06-18,6.5,OZ,8,7.92
2795700234,64,97,9753,1023812525,0,2012-06-18,1,CT,2,9.98
2795706906,64,9,907,1072543979,20432,2012-09-22,18,OZ,1,2.99
2795723183,370,8,818,103620030,14868,2012-05-07,45,OZ,1,1.98
2795727803,165,21,2117,108768484,2903,2012-03-10,60,OZ,1,2
2795729131,165,99,9904,103338333,33170,2012-07-14,16,OZ,1,2.21
2795729131,165,97,9753,1020436222,0,2012-08-31,1,CT,1,4.25
2795729131,165,21,2117,107630171,755,2012-10-14,54,OZ,2,6
2795729131,165,9,907,107225070,12465,2013-02-09,13,OZ,1,3.19
2795730805,165,21,2119,107618373,16756,2012-11-11,16,OZ,3,4.47
2795730885,165,33,3351,1075491878,14283,2012-11-14,10.5,OZ,1,6.99
2795731416,165,63,6315,107203676,7953,2012-03-03,128,OZ,1,3.65
2795731416,165,53,5307,101450010,20864,2012-04-02,12,OZ,3,6.57
2795731416,165,36,3627,107203676,7953,2013-05-10,67.6,OZ,1,0.87
2795746432,98,36,3636,104300040,29501,2012-03-04,192,OZ,1,3.99
2795746432,98,36,3604,101111010,9907,2013-03-11,33.8,OZ,1,0.79
2795746432,98,63,6320,101111010,9907,2013-03-17,6,CT,1,0.95
2795748040,211,26,2619,101111010,9907,2012-04-04,30,CT,2,3.18
2795748040,211,51,5122,102370020,18969,2012-10-03,23,OZ,1,5.12
2795750585,126,9,908,107247070,9903,2012-11-17,18.4,OZ,1,5.49
2795750746,151,9,902,101410010,45039,2012-05-03,6.6,OZ,1,2.19
2795750746,151,59,5902,101111010,85048,2013-04-22,16,OZ,1,3.99
2795756547,89,99,9908,101111010,9907,2013-02-01,48,OZ,1,1.99
2795778377,191,5,501,104240040,40317,2013-05-07,38,OZ,1,6.39
2795780007,143,21,2119,107618373,16756,2012-12-28,16,OZ,1,1.49
2795780240,26,9,907,102412626,8097,2012-11-27,16,OZ,1,2.29
2795780240,26,59,5907,101111010,9907,2013-01-11,45,OZ,1,2.6
2795786957,143,36,3630,104900040,12086,2012-07-01,20,OZ,1,1.59
2795786957,143,0,0,10000,0,2012-10-08,0,,1,0
2795790714,98,64,6401,103410030,11704,2013-04-12,144,OZ,1,11.39
2795790714,98,11,1111,1075365676,18312,2013-04-20,2.1,OZ,3,5.07
2795790714,98,63,6315,101111010,9907,2013-04-20,128,OZ,3,9.39
2795790714,98,36,3626,104900040,17186,2013-06-21,240,OZ,1,6.99
2795791886,58,92,9204,107918171,12293,2012-05-27,27,CT,1,4.49
2795796390,211,0,0,10000,0,2012-07-02,0,,1,0
2795796390,211,31,3101,101111010,9907,2012-11-04,1.5,OZ,1,2.5
2795796390,211,55,5552,101111010,9907,2013-01-14,48,OZ,2,4.6
2795798917,151,99,9909,101111010,28083,2013-01-04,7,OZ,2,7.48
2795801516,63,5,501,101600010,3331,2013-05-30,12.25,OZ,1,2.99
2795828496,191,15,1505,1080276383,17674,2012-12-11,18,OZ,1,5.99
2795836588,26,75,7520,1030052131,27166,2012-08-05,500,CT,1,3.99
2795881530,96,55,5558,104767747,16765,2013-05-03,12,OZ,1,3.33
2795881807,96,4,416,103400030,452,2012-03-02,1.61,OZ,2,2
2795881807,96,26,2622,102570020,20361,2012-04-02,10,CT,1,3.09
2795881807,96,97,9753,10999,0,2012-07-19,0,OZ,1,0
2795882307,96,63,6320,103003434,7175,2012-11-23,12,CT,1,1.98
2795882307,96,10,1011,104300040,26232,2013-01-19,12.5,OZ,2,5
2795882307,96,25,2507,102800020,12545,2013-04-27,14,OZ,1,1.5
2795882681,96,4,418,103400030,8247,2012-06-10,4.25,OZ,1,1.69
2795882681,96,5,501,101600010,3331,2012-09-06,12.8,OZ,1,2.49
2795882681,96,63,6315,103003434,7175,2012-09-10,128,OZ,1,3.68
2795882681,96,29,2914,102100020,9886,2012-09-16,2.05,OZ,3,2.97
2795882681,96,54,5401,103800030,5618,2012-10-14,12.3,OZ,1,3
2795882681,96,99,9908,103338333,33170,2012-11-25,16,OZ,1,1.29
2795882681,96,29,2925,103003434,7175,2013-02-07,32,OZ,1,1.99
2795882681,96,35,3504,103700030,4628,2013-02-09,24,OZ,1,3.49
2795882681,96,29,2904,101600010,18878,2013-03-05,5.3,OZ,1,2
2795882681,96,63,6315,103003434,7175,2013-03-18,128,OZ,1,3.51
2795882982,96,21,2111,107535575,13044,2012-08-03,64,OZ,1,1.82
2795882982,96,9,907,107131979,16021,2012-09-20,24,OZ,1,2.5
2795882982,96,33,3307,103003434,28496,2012-11-09,20,OZ,1,2.5
2795883500,96,96,9609,10990000090,88199,2012-07-13,0,,1,2
2795884252,96,9,908,107203070,5812,2012-08-13,16,OZ,1,4.99
2795884252,96,4,419,103746636,10488,2013-03-30,3.5,OZ,3,9.48
2795884570,96,8,805,106927666,13619,2013-01-20,15,OZ,1,3.99
2795884962,96,4,416,104000040,26517,2012-04-25,1.14,OZ,1,1
2795885699,96,3,304,105210050,11382,2012-09-14,1,OZ,1,6.99
2795885699,96,41,4108,103003434,7175,2012-10-29,15,OZ,5,5
2795886095,96,0,0,10000,0,2012-12-31,0,,1,0
2795886285,96,5,501,103800030,17050,2013-06-15,12,OZ,1,3.29
2795886700,96,41,4121,107294070,15064,2012-08-11,8,OZ,2,1
2795906115,214,24,2407,104122040,20514,2012-04-12,5,OZ,4,1.6
2795906115,214,35,3504,103700030,4628,2012-10-28,20,OZ,1,2.83
2795906115,214,53,5307,104122040,23511,2013-01-22,16,OZ,2,2.94
2795928434,214,3,311,105150050,14029,2013-01-12,16,OZ,1,1.44
2795928434,214,99,9908,103338333,33170,2013-04-20,80,OZ,1,2.98
2795963645,214,29,2914,102100020,19279,2012-07-16,2.39,OZ,2,1.96
2795976890,214,63,6320,104122040,20514,2012-09-04,12,CT,1,1.58
2795987767,206,55,5558,107524373,11352,2013-02-04,22.2,OZ,1,3.28
2795988990,206,63,6305,1071279777,31204,2012-12-06,59.17,OZ,1,4.38
2795988990,206,96,9609,10990000090,88199,2013-01-26,0,,1,4.94
2796012444,46,56,5610,103114232,25202,2012-05-02,8,OZ,1,3.99
2796015465,46,97,9753,108609383,0,2012-08-09,1,CT,1,6.99
2796015465,46,9,902,104125040,11473,2013-01-05,16,OZ,1,1.69
2796136693,46,9,902,101410010,45039,2012-03-02,6.6,OZ,2,2.27
2796136693,46,36,3603,104300040,4371,2012-04-27,320,OZ,3,6
2796167856,17,44,4404,105100050,13791,2013-02-08,9.5,OZ,1,3.49
2796167856,17,63,6328,102113020,16397,2013-04-06,14,OZ,1,3.49
2796172479,3,51,5106,103100030,9626,2012-05-14,8.8,OZ,1,2.89
2796172479,3,36,3632,107800070,17635,2012-12-04,67.6,OZ,1,0.99
2796172479,3,25,2503,105000050,32115,2013-02-21,16,OZ,2,3
2796172479,3,27,2702,102310020,13705,2013-03-13,7,LB,1,9.99
2796172479,3,63,6315,104190040,4664,2013-03-28,14,OZ,2,2.5
2796172479,3,63,6305,102113020,15704,2013-04-29,64,OZ,1,2.5
2796192857,15,9,902,102410020,44209,2012-10-27,13.7,OZ,1,3.49
2796192857,15,31,3101,102113020,15704,2013-04-01,1.87,OZ,1,2.59
2796212170,20,34,3402,1030052131,14250,2012-10-16,2,OZ,2,10.98
2796222151,18,97,9753,10000,0,2013-02-26,1,CT,1,0
2796222151,18,21,2108,102113020,15704,2013-03-09,64,OZ,1,1.67
2796265954,360,4,418,103400030,8247,2013-03-06,10,OZ,1,4.99
2796868221,233,33,3304,102840020,6777,2012-04-07,1.25,OZ,1,0.5
2796868221,233,56,5604,1088246585,60397,2012-07-18,14,OZ,1,4.49
2796876815,205,36,3625,104900040,23359,2012-06-30,144,OZ,1,3.29
2796883748,42,18,1828,102340020,15181,2012-07-05,7.5,OZ,2,2.38
2796883817,42,9,907,107167373,17480,2012-10-09,24,OZ,1,3.69
2796883817,42,97,9753,10000,0,2013-02-12,1,CT,1,1.25
2796883836,42,29,2927,107225171,12502,2013-02-11,6.75,OZ,1,2.79
2796883848,42,95,9518,106700868,25075,2012-05-08,1,CT,2,7.98
2796883848,42,9,922,102560020,18051,2013-02-28,14.25,OZ,1,4.49
2796885936,42,44,4402,103210030,15878,2012-10-08,19.5,OZ,2,9.98
2796885936,42,43,4302,107027272,15085,2013-03-09,6.5,OZ,2,5.18
2796886391,42,95,9518,106700868,25075,2012-04-05,1,CT,1,3.99
2796886391,42,57,5705,103663232,4568,2012-12-21,6,OZ,2,1.78
2796886391,42,33,3303,102840020,10241,2013-02-23,10,OZ,1,4.29
2796886391,42,54,5403,1074300272,43084,2013-03-15,17.2,OZ,2,11.98
2796886485,42,97,9753,10000,0,2012-03-24,1,CT,1,2
2796888176,404,9,902,101410010,45039,2013-01-03,6.6,OZ,2,4.78
2797257315,285,63,6315,101115010,15530,2012-08-25,128,OZ,1,2.29
2797257315,285,26,2634,103700030,3293,2012-08-30,4,RL,1,3.79
2797257315,285,32,3203,106414464,13474,2012-09-07,6,OZ,1,3.4
2797257315,285,36,3630,104900040,23359,2012-10-18,144,OZ,1,4.79
2797257315,285,96,9609,1057357050,88199,2012-11-09,0,,1,-0.75
2797257431,285,41,4121,101115010,15530,2013-01-04,15,OZ,2,2.24
2797257431,285,9,913,101115010,15530,2013-05-23,12,OZ,1,1.39
2797260153,285,50,5001,102113121,11151,2013-04-23,16,OZ,2,5.98
2797260220,285,4,405,101115010,15530,2012-05-19,16,OZ,1,1.99
2797260220,285,17,1710,104460040,29030,2012-06-01,17,OZ,1,5.12
2797260220,285,99,9904,1081204989,27736,2012-06-24,16,OZ,2,4.49
2797260711,285,73,7308,1031254636,7853,2012-12-29,25,CT,1,1.89
2797261297,285,0,0,10000,20405,2012-03-06,0,,1,-0.03
2797261297,285,97,9753,1020530222,0,2012-12-07,1,CT,1,7.19
2797261297,285,26,2607,101115010,15530,2012-12-14,1,CT,1,2
2797261297,285,41,4110,103940030,71386,2013-01-24,28,OZ,1,1.99
2797261297,285,33,3315,101115010,15530,2013-02-15,8,OZ,2,5.98
2797261535,285,9,907,103680030,3679,2012-10-04,16,OZ,1,0.79
2797261955,285,26,2622,101115010,15530,2013-05-24,150,CT,1,1.25
2797261955,285,5,501,108634181,27627,2013-06-27,14,OZ,1,2.99
2797262089,285,33,3302,102700020,57417,2012-07-03,8.7,OZ,2,5.44
2797262089,285,36,3601,104900040,3809,2013-02-07,42.2,OZ,1,0.99
2797264741,285,36,3628,107800070,17587,2012-05-06,144,OZ,1,4.99
2797264741,285,29,2907,104600040,13023,2012-08-18,4.7,OZ,1,2.14
2797264911,285,56,5609,104148343,9547,2012-08-15,16,OZ,1,2.19
2797264911,285,26,2634,103600030,4139,2012-08-28,6,RL,1,4.99
2797264911,285,92,9215,107560979,13012,2013-01-03,0.5,OZ,1,9.89
2797264911,285,31,3111,104150040,6714,2013-03-21,6,OZ,1,3.79
2797264911,285,27,2706,105000050,6132,2013-06-06,3,OZ,6,3.74
2797264925,285,35,3506,103700030,3068,2012-04-28,12.7,OZ,1,4.99
2797264925,285,17,1704,102570020,27327,2012-10-06,22,OZ,1,2.79
2797265006,285,9,922,104500040,8511,2012-06-08,15,OZ,1,2.5
2797265006,285,41,4108,103940030,71386,2012-10-05,16,OZ,1,1.24
2797265269,285,51,5116,107465373,9039,2012-09-27,26.7,OZ,3,9.99
2797266015,285,9,922,101115010,15530,2012-08-18,12,OZ,1,1
2797267443,285,3,310,107107272,382,2012-05-22,1.75,OZ,1,4.59
2797267443,285,97,9781,10000,8255,2012-07-24,1,CT,1,-0.25
2797267546,285,58,5823,107778272,9260,2012-04-12,16,OZ,1,4.49
2797267649,285,56,5607,102100020,13967,2012-08-19,8,OZ,1,2.29
2797267680,285,9,912,107592575,4368,2012-07-31,14.25,OZ,1,1.5
2797267680,285,11,1102,1072277676,17117,2012-10-03,60,CT,1,4.14
2797267965,285,26,2622,101115010,15530,2012-06-02,10,CT,1,1.5
2797267965,285,9,912,104812141,18322,2013-03-02,20,OZ,1,3.59
2797267965,285,9,901,104400040,8463,2013-03-02,10,OZ,2,5
2797269636,285,33,3303,108411484,9596,2012-08-25,8.5,OZ,1,3.99
2797269636,285,37,3705,105100050,2820,2012-09-06,18.7,OZ,1,2.56
2797269946,285,63,6315,104148343,9547,2012-05-21,16,OZ,1,0.95
