1283233090,46,30,3001,104800141,8178,2012-05-24,30,OZ,1,3
1283233090,46,8,807,102100020,9886,2012-07-23,18,OZ,1,1
1283233090,46,37,3705,105100050,2820,2012-08-29,18.8,OZ,1,2
1283233090,46,7,708,1076211171,17286,2013-02-26,12,OZ,1,6.49
1283769305,46,9,901,104400040,13243,2012-05-16,15.25,OZ,1,2.98
1285507061,46,63,6315,104125040,11473,2012-08-06,128,OZ,1,2.5
1285507061,46,31,3101,105210050,11382,2012-10-07,2.75,OZ,1,2.39
1285507061,46,41,4107,102400020,4704,2012-12-03,28,OZ,3,5.1
1285507061,46,56,5617,102100020,9886,2012-12-29,12,OZ,1,1.88
1285507061,46,21,2111,102800020,56490,2013-04-21,64,OZ,2,6.3
1285507061,46,10,1010,103400030,8247,2013-04-21,48,OZ,1,3.49
1287572730,46,5,501,103800030,9891,2012-07-30,11.4,OZ,1,3.29
1287572730,46,20,2002,1071928373,11473,2012-11-25,46,OZ,1,2.39
1287572730,46,5,501,103800030,24525,2012-12-08,15.3,OZ,2,7.18
1287941124,46,99,9908,1060580666,33170,2012-09-10,1,CT,1,1.49
1287941124,46,0,0,10000,0,2013-01-03,0,,-1,-0.6
1287941124,46,55,5558,1071928373,11473,2013-03-15,30,OZ,1,2.5
1288040219,46,4,418,103400030,8247,2012-07-11,4.25,OZ,2,3.16
1288224009,46,26,2629,103700030,2248,2012-05-03,160,CT,1,3.29
1288224009,46,9,912,104812141,18322,2012-12-22,20,OZ,2,7.58
1288396279,46,99,9908,103338333,33170,2012-04-04,4,OZ,1,1.5
1288396279,46,9,913,104812141,18322,2012-05-11,12,OZ,2,3.99
1288396279,46,49,4901,104125040,11473,2012-05-11,24,OZ,1,2.69
1288396279,46,65,6502,101800010,14029,2012-09-10,14.1,OZ,2,6.18
1289315464,46,75,7520,1071928373,11473,2013-03-15,80,CT,1,1.89
1289315464,46,63,6315,104125040,11473,2013-03-15,128,OZ,2,5.98
1291280513,46,63,6315,104125040,11473,2012-04-15,128,OZ,1,2.5
1291280513,46,58,5814,104470040,10837,2012-04-22,10.7,OZ,1,1.99
1291280513,46,19,1905,105150050,16728,2012-05-04,20,OZ,1,1.99
1291280513,46,33,3301,1070882070,11473,2012-05-12,6,OZ,1,1.69
1291604748,46,33,3318,107797575,27417,2012-03-29,12,OZ,1,1.99
1291604748,46,27,2702,101901414,8664,2012-11-29,17.5,LB,1,16.99
1291679242,46,2,214,103000030,1058,2012-04-01,32,OZ,1,2.99
1291964827,205,36,3601,101200010,13794,2012-06-26,144,OZ,1,3.99
1291964827,205,29,2928,104100040,9814,2013-03-02,5.6,OZ,1,1.69
1291964827,205,55,5555,107457070,26051,2013-03-21,14,OZ,2,8.58
1291964827,205,31,3101,105250050,15919,2013-03-30,2.25,OZ,1,3.29
1291964827,205,63,6320,102685525,7667,2013-04-01,12,CT,2,3.3
1291964827,205,36,3628,101200010,12029,2013-04-18,67.6,OZ,1,1.79
1291964827,205,8,810,104800141,9814,2013-04-22,1.2,OZ,1,1.75
1291964827,205,22,2211,107261373,16794,2013-04-29,120,CT,1,7.39
1291964827,205,92,9208,101330818,23603,2013-04-30,1,CT,1,1
1291964827,205,31,3108,107611474,17086,2013-05-01,3,OZ,1,1
1291964827,205,27,2707,103680030,13656,2013-05-25,16,LB,1,10.79
1291964827,205,97,9753,1022101727,0,2013-05-28,1,CT,1,14.15
1291964827,205,30,3008,109581595,103392,2013-06-07,16,OZ,1,0.89
1291964827,205,8,801,101300010,8164,2013-06-07,34,OZ,1,2.91
1291964827,205,65,6503,107145272,29502,2013-06-10,10,OZ,1,1.65
1291964827,205,38,3801,105070050,20525,2013-06-10,5,LB,1,2.35
1291964827,205,38,3801,104113040,28204,2013-06-10,4,LB,1,2.13
1291964827,205,58,5824,108674585,55172,2013-06-12,16,OZ,2,3.98
1291964827,205,55,5558,107585676,9798,2013-06-17,24,OZ,1,2.65
1291964827,205,18,1802,101780111,51733,2013-06-20,2,CT,1,0.72
1291964827,205,58,5812,101590010,1366,2013-06-29,16,OZ,3,5
1291964827,205,64,6401,105230050,15991,2013-07-01,24,OZ,1,1.53
1292080681,46,8,814,102066222,12598,2012-11-27,16,OZ,1,2.29
1292252848,46,9,970,103800030,62065,2012-12-16,14.1,OZ,1,2
1292252848,46,11,1111,10834686,27393,2013-03-03,4.86,OZ,1,2.88
1292267986,46,49,4901,1071928373,11473,2012-06-19,22.5,OZ,1,2.68
1292267986,46,60,6001,101800010,14029,2012-09-26,16.5,OZ,2,4
1292952832,46,63,6315,104125040,11473,2013-04-02,64,OZ,1,1.99
1292952832,46,12,1205,1076023676,11473,2013-04-22,5,OZ,2,1.58
1293658175,46,18,1898,104133343,5379,2012-06-13,16,CT,1,10.99
1297084755,390,72,7205,1036485434,2325,2012-09-02,4,OZ,1,10.99
1303360158,46,36,3632,107800070,17635,2012-06-29,101.4,OZ,1,3.5
1303454660,46,63,6315,104125040,11473,2013-03-28,64,OZ,1,1.99
1303603910,46,33,3303,1071928373,11473,2012-07-03,9.5,OZ,1,1.99
1305322623,46,37,3705,105100050,2820,2013-02-21,18.6,OZ,3,5.67
1306160160,46,36,3611,1063256565,6303,2012-11-01,101.4,OZ,1,5.49
1306841648,46,71,7113,107124979,21913,2012-08-28,5.1,OZ,1,8.35
1306841648,46,25,2503,104125040,11473,2013-01-08,16,OZ,1,2.89
1307348356,46,73,7302,104125040,11473,2012-05-04,300,CT,1,3.04
1307348356,46,3,302,102800020,30272,2012-09-07,12,OZ,1,2.79
1307348356,46,9,907,107131474,1061,2013-01-25,16,OZ,2,6.58
1307978858,46,96,9609,1054156555,88199,2012-09-22,0,,1,-0.06
1307978858,46,10,1004,104300040,26232,2013-01-12,0.9,OZ,1,0.79
1308217816,46,99,9904,107490474,3457,2012-06-01,1,CT,1,3.99
1308217816,46,9,901,104400040,3453,2012-09-08,13.72,OZ,1,2
1308217816,46,33,3305,102840020,5141,2012-09-28,11.5,OZ,1,3
1308217816,46,9,907,107131474,1061,2013-03-09,17,OZ,1,1.99
1308217816,46,33,3312,103800030,14494,2013-04-06,5.96,OZ,1,1.5
1308281790,46,18,1813,102120020,16044,2012-12-20,1,RL,1,2.22
1308437674,46,27,2713,101780010,95301,2012-04-26,13,OZ,10,12.9
1308472676,46,51,5125,101380010,10271,2012-07-04,6.38,OZ,2,5
1308472676,46,5,501,103800030,17050,2012-10-25,13.4,OZ,1,3.29
1308472676,46,58,5814,104660040,885,2012-11-04,2.6,OZ,2,2.5
1308540894,46,41,4107,104125040,11473,2012-07-08,4,OZ,1,1.19
1308614952,46,63,6316,102100020,2321,2012-06-23,16,OZ,1,1.5
1308652105,46,45,4509,104125040,11473,2012-03-14,8,OZ,3,2.97
1308652105,46,5,501,101600010,3331,2012-09-05,17,OZ,1,2.5
1308652105,46,72,7203,1031254737,10554,2012-11-05,33.8,OZ,1,4.47
1308856239,46,8,818,105100050,14403,2013-01-26,24,OZ,1,1.92
1310156724,46,58,5823,107597171,15878,2012-06-12,10,OZ,1,4.99
1310156724,46,57,5705,107047070,20230,2012-07-31,6,OZ,10,5
1310156724,46,18,1841,103700030,17864,2013-02-05,12,CT,1,6.99
1310782331,46,9,907,107131575,9826,2013-03-12,24,OZ,1,2.19
1310866315,46,45,4514,104125040,11473,2012-05-24,40,OZ,1,4.47
1311630117,46,30,3008,102100020,9886,2012-11-01,16,OZ,1,1.99
1311630117,46,26,2633,103700030,3293,2013-02-08,12,RL,1,5.49
1311911257,46,63,6320,104125040,11473,2012-04-21,12,CT,1,1.68
1311911257,46,56,5611,104175747,10216,2012-05-27,6,OZ,1,3.99
1311911257,46,9,912,104812141,18322,2012-12-31,15,OZ,1,3.99
1311911257,46,17,1726,101920010,10882,2013-02-02,35,CT,2,5.18
1312068948,46,36,3611,104612141,150,2012-06-12,78,OZ,1,1.69
1312068948,46,41,4110,103940030,71386,2013-01-09,8.3,OZ,2,2.18
1312208563,362,71,7114,102240020,18715,2012-08-31,11,OZ,1,3.78
1312430590,46,36,3629,1071928373,11473,2012-12-26,144,OZ,1,2.67
1312488519,46,4,410,107920070,20031,2012-10-27,58,OZ,1,8.88
1312507683,46,33,3304,102840020,6777,2012-05-14,10.5,OZ,1,3
1312725727,46,33,3307,104125040,11473,2012-04-20,16,OZ,2,6.78
1312815623,46,27,2704,107910070,30096,2012-12-09,15,OZ,1,3.29
1312815623,46,58,5823,104470040,13310,2013-01-20,7,OZ,1,2.98
1312910923,46,9,917,105474555,63887,2013-02-03,16,OZ,1,0.99
1312975226,46,51,5126,102113121,11151,2012-08-26,14.5,OZ,1,2
1312975226,46,97,9753,1089397989,0,2013-01-06,1,CT,1,20.99
1312975226,46,23,2301,107680878,1393,2013-04-07,14.5,OZ,2,4.66
1313118995,46,63,6321,1064767161,6994,2012-11-21,12,OZ,2,3.99
1313118995,46,57,5704,103663232,4568,2013-01-16,32,OZ,1,2
1313141592,46,9,914,104125040,11473,2012-04-07,14,OZ,2,1.99
1313141592,46,26,2614,1030800434,2964,2013-03-10,54,CT,1,2.97
1313155102,46,71,7113,107940070,17521,2012-03-21,12.6,OZ,1,1.67
1313155102,46,56,5613,104125040,11473,2012-10-14,15,OZ,1,1.69
1313315097,46,56,5620,104125040,11473,2012-03-29,8,OZ,1,2
1313539309,46,8,807,107460979,9524,2012-10-10,18,OZ,1,1
1313539309,46,58,5824,102781525,5557,2012-10-26,14,OZ,3,7.47
1313539309,46,63,6315,104125040,11473,2013-01-01,128,OZ,2,5.18
1313632743,46,17,1703,101980010,19934,2012-03-30,26,OZ,1,2.69
1313632743,46,26,2633,105400050,16048,2012-03-30,4,RL,1,4.17
1313822118,46,75,7504,108680080,12554,2012-08-13,3,OZ,1,8.59
1313822118,46,99,9908,105783656,17665,2012-11-05,17.6,OZ,1,2.5
1313822118,46,5,502,101356212,713,2013-01-15,4,OZ,1,3.49
1314368711,46,54,5403,1071373373,11473,2012-04-17,14.4,OZ,1,3.5
1314657535,46,36,3631,107800070,23209,2012-09-14,101.4,OZ,1,0
1315920024,46,44,4404,107045979,12587,2013-01-27,11.25,OZ,1,2.65
1315983380,46,63,6323,1071928373,11473,2012-03-14,64,OZ,1,1.99
1315983380,46,0,0,10000,0,2012-07-09,0,,0,21.09
1316015492,46,73,7343,1031254737,18858,2013-02-01,100,CT,1,6.2
1316503912,46,60,6001,101800010,14029,2012-08-24,16,OZ,3,6
1316574055,46,63,6315,104125040,11473,2013-02-01,128,OZ,1,3.19
1316734326,46,31,3101,102240020,12114,2012-03-09,2,OZ,1,2.99
1317423068,46,5,501,101600010,3331,2012-10-08,17,OZ,2,5
1317423068,46,40,4004,107231070,1841,2012-10-22,1.5,OZ,1,2
1317423068,46,26,2633,103040030,683,2013-01-07,12,RL,1,4.99
1317648338,46,57,5705,107047070,20230,2012-11-29,6,OZ,5,2.5
1317752458,46,9,907,104125040,11473,2012-05-24,14,OZ,1,1.95
1318058785,46,9,901,104400040,3453,2012-05-15,14,OZ,1,2.5
1318058785,46,51,5131,104227242,648,2012-07-10,6,OZ,1,2.49
1318058785,46,9,902,104400040,18775,2013-03-17,13,OZ,1,3.5
1319510186,46,63,6315,104125040,11473,2012-07-06,128,OZ,1,2.79
1319510186,46,29,2928,101530010,58299,2012-10-28,6.4,OZ,1,1
1319986550,46,42,4220,107152474,10039,2012-05-19,16,OZ,1,1.29
1319986550,46,35,3504,103500030,13470,2012-08-04,38,OZ,1,3.69
1319986550,46,5,520,107246373,11377,2012-08-04,24,OZ,1,4.99
1320573550,46,63,6305,102500020,11749,2013-01-07,59,OZ,1,2.5
1320573550,46,4,418,103400030,8247,2013-02-17,12,OZ,1,3.48
1321388842,46,19,1908,105150050,9189,2012-04-07,17.3,OZ,2,5.98
1321388842,46,33,3305,1064767161,6994,2013-02-24,14,OZ,1,3.99
1321388842,46,9,907,107131979,16021,2013-03-23,22,OZ,2,3.98
1321958640,46,9,920,104141949,3909,2012-03-24,7,OZ,2,2.59
1321958640,46,26,2619,101370010,8154,2012-06-09,40,CT,1,4.69
1322000350,46,63,6315,1071373373,11473,2012-10-12,64,OZ,1,3.39
1322094398,46,51,5128,107142979,20299,2012-04-20,12,OZ,1,2
1322094398,46,17,1726,101920010,10882,2013-04-13,35,CT,1,2
1322178580,46,51,5123,108169787,20425,2013-05-03,22,OZ,1,5.99
1322294118,46,9,917,1071928373,11473,2012-06-07,17,OZ,1,1.49
1322298087,46,99,9908,103338333,33170,2013-01-22,16,OZ,1,0.67
1322326866,46,58,5828,103100030,1358,2012-07-17,6.4,OZ,2,2
1322326866,46,29,2920,104125040,11473,2012-11-28,13.3,OZ,1,1.7
1322422677,46,63,6316,107342070,4529,2012-10-18,16,OZ,1,1.79
1322422677,46,38,3801,104125040,11473,2012-11-10,5,LB,1,2.49
1322470846,46,55,5567,1070882070,11473,2012-07-16,24,OZ,1,2.5
1322502427,46,33,3304,102840020,6777,2012-04-22,10.5,OZ,1,0
1322627398,46,29,2923,1076026373,1537,2012-12-01,11.3,OZ,1,2.29
1322689857,46,9,907,1071928373,11473,2012-05-19,12.5,OZ,2,2
1322798371,46,59,5907,101111515,8760,2013-06-21,16,OZ,2,1.38
1322845133,46,0,0,10000,0,2012-03-30,0,,-1,-5
1323214156,46,33,3303,1071928373,11473,2012-10-13,10,OZ,1,2.5
1323597367,46,26,2630,103600030,9787,2012-10-14,90,CT,2,3.14
1323629332,46,56,5615,102100020,4218,2013-02-15,8,OZ,1,2.5
1323693182,46,64,6401,101820010,2510,2012-07-15,216,OZ,1,13.49
1323693182,46,36,3618,104900040,23359,2012-12-20,20,OZ,2,3.38
1323788743,46,96,9609,1053076858,88199,2012-08-11,0,,1,-1
1323788743,46,50,5002,103100030,1358,2012-12-15,7,OZ,5,4
1323788743,46,51,5124,107100777,5656,2013-04-27,5,OZ,2,2.18
1323904550,46,96,9609,1052310050,88199,2012-03-04,0,,1,-0.7
1324380167,46,26,2609,104200040,5016,2012-10-23,24,CT,1,2.49
1324380167,46,63,6315,104125040,11473,2012-11-17,128,OZ,1,2.99
1324380167,46,73,7302,1032586636,384,2013-01-23,100,CT,1,8.96
1326763145,46,58,5825,103927232,26234,2013-01-06,19.5,OZ,1,4.29
1331306006,46,96,9609,1057073454,88199,2012-09-22,0,,1,-1
1331306006,46,9,907,1071928373,11473,2013-04-12,20,OZ,1,1.79
1332215291,46,9,913,107147979,1505,2012-04-26,12,OZ,1,2.39
1332215291,46,9,907,104125040,11473,2012-11-17,12.5,OZ,1,1.19
1332324724,46,46,4606,104125040,11473,2013-03-16,12,OZ,1,3.49
1338843562,46,9,907,107131474,1061,2012-05-17,20,OZ,1,1.5
1338843562,46,58,5823,104470040,13310,2012-07-28,8,OZ,1,2.99
1338843562,46,12,1205,108000080,17292,2012-11-16,2.6,OZ,2,3.38
1338886740,46,55,5552,104125040,11473,2013-03-12,56,OZ,2,5
1339972048,46,35,3509,103320030,875,2012-05-26,62.5,OZ,1,2.99
1340000340,46,49,4901,101312010,26885,2012-09-20,32,OZ,2,5.34
1340055971,46,96,9609,1053700050,88199,2012-11-03,0,,1,-0.5
1340113492,46,99,9908,103338333,33170,2012-10-05,16,OZ,1,1.39
1340181235,46,26,2634,103600030,4139,2012-05-19,6,RL,2,4.98
1340181235,46,63,6315,104125040,11473,2013-03-03,128,OZ,1,2.5
1340181235,46,9,907,1071928373,11473,2013-03-30,12.5,OZ,1,0.99
1340253015,46,29,2921,101114010,8604,2012-12-29,4.2,OZ,1,1.37
1340281902,46,29,2914,102100020,9886,2012-12-19,2.05,OZ,1,1
1340281902,46,33,3318,104125040,11473,2013-02-20,15,OZ,1,1.99
1340352093,46,9,902,102410020,44209,2012-09-11,13.7,OZ,1,2.5
1340352093,46,41,4107,104125040,11473,2012-10-15,15,OZ,3,0.99
1340352093,46,33,3307,102900020,14112,2013-03-12,8.5,OZ,1,4.99
1340362419,46,37,3706,104119646,14582,2012-07-18,18.5,OZ,3,5
1340362419,46,79,7901,107485171,44346,2012-09-28,1,CT,1,5.99
1340418803,46,29,2904,101530010,13610,2012-10-28,6.2,OZ,2,2
1340507116,46,59,5902,1071928373,11473,2012-09-29,16,OZ,2,4
1340540844,46,9,907,1071928373,11473,2012-05-26,12.5,OZ,1,1.88
1340540844,46,33,3315,104125040,11473,2012-07-26,7.25,OZ,1,1.99
1340540844,46,9,908,104125040,11473,2012-10-06,15,OZ,1,3.49
1340540844,46,95,9518,106700868,25075,2012-11-05,1,CT,3,11.47
1340578706,46,37,3703,105100050,2820,2012-04-21,10.75,OZ,2,2.5
1340592728,46,14,1404,1071928373,11473,2012-05-10,24,OZ,2,3.33
1340592728,46,11,1111,1079108373,5499,2012-07-04,44,OZ,1,4.39
1340592728,46,1,106,105220050,1569,2012-12-14,3.8,OZ,1,1.39
1340592728,46,37,3707,105100050,17812,2013-02-23,32,OZ,1,1.99
1340677346,46,21,2119,108813080,18653,2012-03-03,128,OZ,5,16.95
1340746882,46,23,2301,104125040,11473,2012-06-09,16,OZ,1,1.19
1340777064,46,96,9609,1054470050,88199,2012-08-31,0,,2,-71.3
1340777064,46,33,3307,104125040,11473,2012-10-18,12,OZ,1,2.99
1340789670,46,59,5906,104060040,26155,2012-05-18,15,OZ,1,2.69
1340789670,46,33,3312,103700030,14494,2012-08-02,6.41,OZ,1,1.57
1340794590,46,95,9518,1064541666,25075,2013-02-12,1,CT,1,5.49
1340794590,46,99,9908,103338333,33170,2013-03-15,48,OZ,1,2.69
1340794590,46,56,5620,102100020,13967,2013-06-28,8,OZ,1,3.09
1340811616,46,49,4901,104125040,11473,2012-05-16,32,OZ,2,4
1340849958,46,9,917,104125040,11473,2012-07-13,17,OZ,1,1.59
1340849958,46,8,801,101300010,8164,2012-12-28,32,OZ,1,2.48
1340892552,46,97,9799,1041949,33170,2012-05-12,1,CT,2,3.18
1340892927,46,37,3703,105100050,2820,2012-10-29,10.75,OZ,4,5.34
1340892927,46,59,5902,1071928373,11473,2012-12-12,16,OZ,6,12
1340892927,46,63,6315,103377636,16650,2013-01-16,64,OZ,6,11.94
1340892927,46,26,2610,1071373373,11473,2013-05-27,100,CT,2,2.98
1340932806,46,64,6408,108143484,1959,2012-10-19,0.75,LT,1,7.99
1340932806,46,63,6320,1071514171,25530,2013-03-24,12,CT,1,2.78
1340963338,46,9,907,104125040,11473,2012-07-03,12.5,OZ,1,0.99
1340963338,46,56,5620,102100020,9886,2012-09-04,8,OZ,6,11.28
1340963338,46,58,5812,105450050,1322,2012-11-30,16,OZ,2,3.34
1340963338,46,36,3611,106827464,30855,2012-12-20,405.6,OZ,3,10
1340980161,46,36,3631,107800070,23209,2012-04-16,144,OZ,1,4
1340980161,46,22,2201,104460040,3718,2012-07-05,96,OZ,1,1.98
1340980161,46,79,7901,107447070,44662,2013-02-09,1,CT,1,3.99
1340980161,46,37,3703,105100050,2820,2013-02-12,10.75,OZ,3,4.77
1341007935,46,9,902,104400040,15335,2012-09-29,8.1,OZ,2,4.98
1341013507,46,10,1010,105150050,16728,2012-09-18,11.75,OZ,1,2.27
1341013507,46,99,9909,101284212,29220,2012-10-10,10,OZ,1,1
1341013507,46,18,1829,107600171,25341,2012-11-30,1,CT,1,3.99
1341015497,46,9,904,107020070,11244,2012-09-08,5,OZ,1,1.5
1341015497,46,37,3705,104119646,14582,2012-12-15,18.5,OZ,1,1.97
1341015497,46,9,907,107131474,1061,2012-12-28,16,OZ,1,3.29
1341027076,46,4,410,1071373373,11473,2012-11-01,11,OZ,2,1.24
1341040489,46,51,5125,101380010,10271,2012-05-14,9.5,OZ,1,2.5
1341053331,46,97,9799,101440010,1321,2012-08-01,12,CT,2,4.54
1341053331,46,73,7309,104110040,32041,2013-01-15,17.9,OZ,1,18.69
1341068272,46,9,907,104125040,11473,2012-11-28,22,OZ,1,0.99
1341068272,46,5,519,103000030,14760,2013-03-27,12.3,OZ,3,7.5
1341089252,46,96,9609,1054150050,88199,2012-05-09,0,,1,-0.06
1341118212,46,64,6409,109998898,11499,2013-01-06,0.75,LT,1,8.99
1341124083,46,9,907,107131474,1061,2012-04-14,24,OZ,2,4
1341124083,46,9,901,102750020,837,2012-07-09,9.5,OZ,2,5
1341124083,46,73,7358,107431272,12440,2012-09-04,100,CT,4,33.16
1341180626,46,36,3632,102500020,11749,2013-06-09,67.6,OZ,1,1.33
1341186187,46,71,7110,104589343,17521,2012-07-26,28,OZ,1,2.84
1341186187,46,36,3604,107800070,19315,2013-05-17,67.6,OZ,1,1
1341223651,46,8,814,104156545,13412,2013-01-15,16,OZ,1,2
1341333309,46,9,907,107131474,1061,2012-07-23,22,OZ,1,1.25
1341337444,46,72,7205,103500030,3830,2012-03-27,1,OZ,1,1
1341337444,46,23,2301,104125040,11473,2012-05-15,16,OZ,3,3
1341337444,46,19,1906,105150050,16728,2013-03-09,12.75,OZ,2,5
1341452966,46,53,5307,101450010,20864,2012-04-01,12,OZ,2,2
1341476613,46,99,9904,103338333,33170,2012-04-17,80,OZ,1,3
1341476613,46,58,5824,102781525,5557,2012-07-25,14,OZ,1,2.49
1341476613,46,10,1004,104300040,26232,2013-03-19,3.4,OZ,1,0.79
1341481430,46,23,2301,104125040,11473,2013-04-05,12,OZ,2,1.98
1341481430,46,14,1415,103890030,5072,2013-05-01,15.25,OZ,5,6.25
1341488265,46,33,3302,104125040,11473,2012-09-14,10.5,OZ,1,0.99
1341562186,46,4,407,103400030,18947,2012-05-13,32,OZ,1,3
1341562186,46,74,7402,105100959,14701,2012-06-24,9.5,OZ,1,1.57
1341562186,46,26,2628,103600030,9787,2012-09-22,2,RL,1,3
1341583593,46,33,3309,1078113878,13130,2012-12-11,12,OZ,2,5
1341583593,46,3,304,1071928373,11473,2013-01-22,8,OZ,1,1.79
1341594478,46,41,4107,102300020,16431,2012-07-18,16,OZ,1,1.49
1341594478,46,26,2622,102570020,20361,2012-09-26,40,CT,1,4.59
1341594478,46,9,907,104125040,11473,2013-02-06,16,OZ,1,2.3
1341594478,46,56,5620,104610040,15889,2013-03-04,8,OZ,1,2.5
1341673883,46,34,3410,104125040,11473,2013-01-19,40,OZ,1,3.09
1341674061,46,99,9908,105783656,17665,2012-03-15,17.6,OZ,1,3.69
1341674061,46,96,9609,1054610050,88199,2012-11-20,0,,1,-0.55
1341674061,46,37,3706,104119646,14582,2013-02-24,19,OZ,2,2.5
1341685057,46,63,6320,104125040,11473,2013-02-02,12,CT,1,1.68
1341685057,46,9,901,104400040,13243,2013-02-16,15.25,OZ,2,5.58
1342283118,46,35,3508,103700030,18371,2012-12-05,75,OZ,1,9.99
1342283118,46,26,2628,103700030,2248,2013-02-12,2,RL,1,3.19
1342818854,46,33,3303,1071928373,11473,2012-07-03,10,OZ,1,1.99
1342978163,46,36,3631,101200010,12170,2012-07-24,144,OZ,1,4
1342978163,46,19,1908,105150050,9189,2013-01-09,18,OZ,3,9.84
1342978163,46,27,2702,1075764575,12598,2013-03-23,12.5,LB,1,26.79
1343225724,46,63,6315,104125040,11473,2012-10-04,64,OZ,1,1.98
1344634761,46,28,2804,104125040,11473,2012-08-10,12,OZ,6,11.34
1344634761,46,8,809,101300010,8164,2012-12-20,12,OZ,4,3.96
1344634761,46,58,5827,102370020,18969,2013-01-12,16,OZ,2,6.98
1344634761,46,28,2805,104125040,11473,2013-05-17,6,OZ,11,11
1344765560,46,8,801,102700020,8612,2013-04-16,24,OZ,1,0.99
1344765560,46,51,5115,107218070,6718,2013-07-18,23.09,OZ,1,5.79
1345113467,46,96,9609,1051380050,88199,2012-03-03,0,,1,-2
1345134767,46,55,5557,107756777,11005,2012-07-17,10.14,OZ,1,3.99
1345226692,46,9,903,104125040,11473,2013-03-25,15,OZ,1,1.5
1345246927,46,21,2105,105200050,7054,2012-09-13,32,OZ,3,2.97
1345246927,46,71,7110,107940070,1141,2012-10-09,12,OZ,1,4.65
1345288049,46,57,5704,103663232,4568,2012-07-01,16,OZ,1,2.29
1345288049,46,33,3303,102840020,10241,2013-01-06,14.5,OZ,1,3.99
1345288049,46,5,501,103800030,24525,2013-03-09,15.3,OZ,1,3.39
1345476570,46,63,6323,1070882070,11473,2013-02-09,64,OZ,1,2.19
1345486440,46,59,5902,1071928373,11473,2012-09-29,16,OZ,2,4
1345499290,46,97,9732,107166272,4239,2012-08-06,24,CT,6,3
1345554659,46,33,3307,107813878,22170,2012-04-16,16,OZ,1,6.99
1345667904,46,21,2109,104125040,11473,2012-04-16,64,OZ,2,5.98
1345718776,46,55,5567,107064070,19704,2012-09-12,15.9,OZ,1,4.69
1345720449,46,62,6201,1070882070,11473,2012-03-09,16,OZ,1,1.99
1345741920,46,2,202,104125040,11473,2013-01-23,19.8,OZ,1,1.47
1345787386,46,96,9609,1054650050,88199,2012-03-17,0,,1,-2
1345798743,46,64,6401,101820010,2595,2012-05-12,360,OZ,1,16.99
1345894513,46,37,3704,109830898,73880,2012-06-14,8,OZ,1,4.59
1346066605,46,36,3612,108304686,8688,2012-06-22,128,OZ,9,8.01
1346066605,46,27,2704,107910070,30096,2013-06-15,15,OZ,2,5
1346101734,46,4,421,104160141,9349,2012-10-20,6,OZ,2,2.14
1346143651,46,17,1703,101980010,19934,2012-10-17,26,OZ,1,2.5
1346180476,46,9,907,104125040,11473,2012-08-21,12.5,OZ,2,2
1346376903,46,73,7356,1030000535,3201,2012-06-07,200,CT,1,18.99
1346645985,46,58,5827,104470040,13310,2012-08-16,16,OZ,1,5.49
1346645985,46,99,9909,103338333,36121,2012-09-25,10,OZ,1,1.99
1350675796,46,96,9609,1055100050,88199,2012-11-17,0,,1,-0.06
1350747482,46,58,5812,107681979,54678,2012-06-12,13,OZ,1,3.39
1350747482,46,18,1828,106233868,319,2012-07-27,1.34,OZ,1,4.49
1350747482,46,9,907,107131474,1061,2012-10-30,12,OZ,1,2.99
1350747482,46,72,7205,1031015838,16196,2013-04-16,8,OZ,1,9.69
1350839390,46,97,9753,10000,0,2012-05-23,1,CT,1,0.79
1350839390,46,9,907,104125040,11473,2012-08-15,12.5,OZ,1,1.28
1351037048,46,33,3303,1071928373,11473,2012-04-30,9.5,OZ,1,0
1351061034,46,3,310,1088692686,11473,2013-03-09,16,OZ,1,7.99
1351100423,46,26,2622,1088692686,11473,2013-06-02,100,CT,1,1.67
1351365512,46,55,5562,104154848,5603,2012-09-08,48,OZ,1,3.88
1351365512,46,9,907,107131474,1061,2013-05-09,17,OZ,1,2
1351437020,46,4,416,104000040,11698,2012-05-04,1.91,OZ,1,0.79
1351437020,46,51,5125,101380010,10271,2013-02-06,9.88,OZ,1,2.99
1351534413,46,50,5001,102113121,11151,2012-12-18,10,OZ,2,3.78
1351559542,46,58,5823,104470040,13310,2012-05-23,9,OZ,2,6.78
1351559542,46,30,3010,104100040,19975,2012-05-23,16,OZ,1,1.99
1351559542,46,33,3303,1071928373,11473,2012-09-25,10,OZ,1,2
1351559542,46,9,907,104125040,11473,2012-10-18,19.5,OZ,1,1.5
1351627631,46,63,6315,104125040,11473,2012-07-24,128,OZ,2,5
1351744845,46,63,6320,104125040,11473,2012-03-26,12,CT,2,1.76
1351744845,46,3,304,1071373373,11473,2012-09-25,1,OZ,1,2.54
1351844781,46,75,7520,1030052131,27166,2012-06-27,625,CT,1,3.99
1351905982,46,14,1404,1071928373,11473,2012-05-20,24,OZ,2,3.34
1351905982,46,36,3601,101200010,13794,2012-08-18,67.6,OZ,1,1.59
1352059520,46,63,6305,102500020,16489,2012-12-19,59,OZ,1,3.79
1352059520,46,56,5607,102100020,13967,2012-12-22,10,OZ,1,2.5
1352059520,46,9,907,107131474,13822,2013-03-29,18.5,OZ,1,2.99
1352143670,46,56,5609,107342070,4529,2012-05-22,16,OZ,1,1.79
1352143670,46,36,3636,104300040,4371,2012-06-17,169,OZ,1,2
1352143670,46,51,5125,102580020,16668,2012-07-27,8,OZ,1,1.8
1352143670,46,25,2506,105000050,32115,2012-11-09,32,OZ,1,3
1352143670,46,5,516,103800030,24525,2013-03-03,7,OZ,1,2.99
1352158294,46,5,502,101600010,1756,2012-05-06,8,OZ,2,4
1352589436,46,58,5827,104125040,11473,2012-04-01,24,OZ,1,4.99
1352767331,46,33,3302,102389626,14268,2012-06-20,19.2,OZ,1,3.87
1354007101,306,63,6316,107080171,65731,2012-12-07,12,OZ,1,1.99
1354007101,306,21,2106,104180040,19713,2013-03-22,64,OZ,2,6.58
1354522178,46,29,2924,101740010,11748,2012-05-03,28,OZ,1,3.77
1354522178,46,51,5130,101380010,27474,2012-07-11,11.75,OZ,1,2.75
1354598059,46,57,5707,1071928373,11473,2012-06-09,18,OZ,1,2.39
1354598059,46,0,0,10000,20405,2012-09-13,0,,1,-0.75
1354693812,46,9,901,104400040,12600,2012-07-01,14,OZ,1,2.49
1355073426,46,2,201,105150050,14029,2012-08-28,15.25,OZ,1,1
1355073426,46,45,4514,104125040,11473,2012-09-27,40,OZ,5,24.95
1355073426,46,56,5617,104125040,11473,2012-12-11,12,OZ,1,2
1355073426,46,45,4512,104125040,11473,2013-02-01,64,OZ,1,7.99
1355125984,46,56,5611,107396070,47635,2012-09-08,14,OZ,1,5.69
1355125984,46,65,6501,104400040,13243,2012-12-11,6,OZ,1,2.19
1355636312,46,26,2633,105400050,16048,2012-03-09,12,RL,3,24.45
1355702503,46,26,2622,1088692686,11473,2013-05-17,50,CT,2,2
1355728880,46,33,3310,108266686,14265,2012-06-20,3,OZ,4,8
1355728880,46,33,3315,104125040,11473,2012-08-13,3.5,OZ,1,1.79
1355819205,46,34,3410,1071373373,11473,2012-12-18,7.5,OZ,2,3
1355911432,46,9,901,104400040,12600,2012-05-22,12,OZ,2,5.98
1355911432,46,0,0,10000,0,2012-09-03,0,,-2,-1.55
1355920816,46,5,501,1088491282,8459,2012-11-24,18,OZ,2,6
1355925206,46,9,901,104400040,13243,2012-06-24,15.25,OZ,1,2.98
1356307060,46,57,5705,107047070,20230,2012-05-07,16,OZ,2,3.76
1356765674,46,54,5403,105100050,1058,2012-06-05,6,OZ,4,4
1357330250,46,9,908,104125040,11473,2012-07-20,14,OZ,1,3.49
1357526944,46,26,2633,103040030,683,2012-08-18,6,RL,4,7.96
1357548382,46,97,9753,108686787,0,2012-06-27,1,CT,1,3.99
1357905652,46,99,9908,103338333,33170,2012-04-22,16,OZ,2,3.5
1358282406,46,64,6401,103410030,11704,2012-08-08,96,OZ,1,5.99
1359108775,46,34,3402,1030813737,1121,2012-11-05,6.7,OZ,1,6.79
1359992590,46,57,5704,103663232,4568,2012-07-28,16,OZ,1,2.39
1359992590,46,99,9908,1071928373,11473,2012-12-23,6,OZ,1,1.5
1360288334,46,63,6317,102529323,16410,2013-02-18,64,OZ,1,3.09
1360769405,46,33,3303,102840020,10241,2012-06-15,10,OZ,3,7
1360769405,46,9,907,1071928373,11473,2012-10-14,24,OZ,1,1.79
1360769405,46,30,3010,104100040,19975,2013-03-10,16,OZ,1,2.18
1362652008,46,73,7308,1031254636,7853,2012-10-01,30,CT,1,1.18
1362981553,46,99,9908,103338333,33170,2012-04-15,16,OZ,2,4
1362981553,46,33,3314,103000030,14760,2013-01-02,4.47,OZ,1,2
1362981553,46,99,9904,1071575676,5278,2013-05-26,6,OZ,2,3.34
1364623885,46,9,901,1071373373,11473,2012-08-20,8.9,OZ,2,2
1364740611,46,36,3631,107800070,23209,2012-03-12,67.6,OZ,1,1
1364740611,46,6,610,107084777,11910,2012-05-22,64,OZ,1,5.88
1366753436,46,99,9904,1071575676,5278,2012-07-21,6,OZ,1,2
1366753436,46,40,4004,104100040,10522,2012-12-08,8,OZ,1,3.08
1366753436,46,8,805,1070882070,11473,2013-03-14,2.6,OZ,2,6.98
1367814126,205,99,9904,103338333,33170,2012-03-12,48,OZ,1,2.99
1367814126,205,9,922,102430020,10577,2012-03-14,9.2,OZ,1,1.79
1367814126,205,36,3628,101200010,12029,2012-03-18,144,OZ,1,4.99
1367814126,205,8,805,1073475676,17491,2012-03-25,5,OZ,1,2.59
1367814126,205,29,2906,104430040,9977,2012-04-02,3,OZ,1,1.19
1367814126,205,64,6401,101820010,2595,2012-04-04,144,OZ,1,7.89
1367814126,205,2,213,101330010,11211,2012-04-21,7.5,OZ,2,1.38
1367814126,205,63,6315,1074236575,8499,2012-05-03,64,OZ,1,4.59
1367814126,205,91,9122,1068474666,44597,2012-05-04,25.4,OZ,1,3.99
1367814126,205,99,9908,103338333,33170,2012-05-08,8,OZ,1,2.09
1367814126,205,26,2609,107695575,333,2012-05-15,10,CT,3,3
1367814126,205,64,6408,101834111,1387,2012-05-21,0.75,LT,3,19.47
1367814126,205,58,5827,107175575,9933,2012-05-23,16,OZ,1,4.59
1367814126,205,64,6401,101820010,2595,2012-05-23,144,OZ,1,7.89
1367814126,205,2,202,101600010,1756,2012-06-01,17.5,OZ,1,2.79
1367814126,205,31,3101,1087694181,13478,2012-06-15,8,OZ,1,1
1367814126,205,8,809,101300010,8164,2012-06-21,18,OZ,1,2.59
1367814126,205,9,907,107021070,69929,2012-06-26,22,OZ,1,1.5
1367814126,205,56,5617,104113040,28204,2012-06-27,10.66,OZ,1,1.09
1367814126,205,36,3618,104900040,23359,2012-07-15,144,OZ,2,11.58
1367814126,205,97,9753,1022027929,0,2012-07-22,1,CT,1,5.37
1367814126,205,35,3504,105884757,23570,2012-07-23,28,OZ,1,1
1367814126,205,30,3010,102100020,9886,2012-07-29,16,OZ,1,3.49
1367814126,205,44,4404,101800010,14029,2012-08-01,25,OZ,1,3.79
1367814126,205,21,2103,101200010,10522,2012-08-13,33.8,OZ,1,0.99
1367814126,205,50,5002,105100050,17812,2012-08-20,7,OZ,3,3.27
1367814126,205,53,5309,101116616,15266,2012-08-24,8,CT,1,3.29
1367814126,205,63,6305,101116616,15266,2012-09-13,64,OZ,1,3.39
1367814126,205,63,6316,102100020,2321,2012-09-24,8,OZ,1,1.79
1367814126,205,55,5558,104113040,28204,2012-09-29,30,OZ,1,2.49
1367814126,205,63,6317,102529323,16410,2012-10-20,64,OZ,1,3.79
1367814126,205,21,2116,104140949,3957,2012-11-10,4.5,OZ,1,0.99
1367814126,205,58,5823,107740070,2500,2012-11-11,2,OZ,1,0.89
1367814126,205,63,6315,101116616,15266,2012-11-13,64,OZ,1,2.85
1367814126,205,33,3303,104178040,19154,2012-11-26,3.5,OZ,2,2
1367814126,205,31,3101,107967979,17087,2012-12-02,2,OZ,1,1
1367814126,205,59,5907,102900020,2012,2012-12-29,16,OZ,1,1.39
1367814126,205,9,907,107343575,9705,2013-01-01,10.8,OZ,2,6.58
1367814126,205,9,907,107763373,17614,2013-01-11,16,OZ,1,2.09
1367814126,205,41,4107,102880020,7907,2013-01-12,39,OZ,1,1.69
1367814126,205,27,2704,103810030,14717,2013-01-19,1,CT,1,5.29
1367814126,205,27,2710,104113040,28204,2013-01-22,20,LB,1,3.79
1367814126,205,33,3303,104166444,7179,2013-01-26,16,OZ,1,4.99
1367814126,205,63,6315,101116616,15266,2013-02-02,64,OZ,1,2.89
1367814126,205,64,6408,101834111,1387,2013-02-03,0.75,LT,3,19.47
1367814126,205,58,5899,107117474,22410,2013-02-10,16,OZ,1,2.69
1367814126,205,41,4107,104130343,38922,2013-02-27,14.5,OZ,1,0.69
1367814126,205,64,6408,101834111,1387,2013-03-08,1.5,LT,1,13.69
1367814126,205,8,836,104360040,19809,2013-03-13,16,OZ,1,1.49
1369012108,46,30,3001,102100020,11761,2012-10-01,12,OZ,1,2.75
1369012108,46,36,3611,108304686,8688,2013-01-29,405.6,OZ,1,3.5
1372689997,205,9,922,102430020,10577,2012-03-07,17,OZ,1,3
1372689997,205,29,2908,104600040,13023,2012-03-13,16,OZ,2,3.38
1372689997,205,41,4105,102700020,8612,2012-03-13,14.5,OZ,1,1.69
1372689997,205,8,803,104150040,6714,2012-03-18,14,OZ,1,2.09
1372689997,205,63,6323,101116616,15266,2012-03-23,16,OZ,1,1.09
1372689997,205,55,5555,107684070,32094,2012-03-25,16,OZ,1,5.19
1372689997,205,9,907,101410010,13791,2012-03-28,16,OZ,1,3.79
1372689997,205,5,501,1088491282,86364,2012-03-31,16,OZ,1,4.39
1372689997,205,4,416,103400030,452,2012-04-04,1.61,OZ,2,1.98
1372689997,205,97,9753,1020011121,0,2012-04-24,1,CT,5,7
1372689997,205,33,3313,102840020,10241,2012-04-29,15,OZ,1,3.69
1372689997,205,53,5307,101116616,15266,2012-05-02,16,OZ,1,2.39
1372689997,205,5,520,101116616,15266,2012-05-03,42,OZ,2,6.98
1372689997,205,59,5906,102900020,13564,2012-05-07,12,OZ,1,2.49
1372689997,205,21,2117,102500020,26108,2012-06-07,67.5,OZ,2,4.88
1372689997,205,64,6401,101820010,12358,2012-06-11,288,OZ,1,13.89
1372689997,205,2,214,103000030,1058,2012-06-17,32,OZ,1,2.99
1372689997,205,9,912,101410010,13791,2012-06-21,21,OZ,1,4.49
1372689997,205,9,913,105960858,35802,2012-06-30,12,OZ,1,2.48
1372689997,205,63,6320,102685525,7667,2012-07-12,12,CT,1,1.59
1372689997,205,97,9753,1022033929,0,2012-07-13,1,CT,1,14.73
1372689997,205,19,1905,105150050,16728,2012-07-24,18,OZ,1,3.69
1372689997,205,43,4302,104300040,4030,2012-08-01,12,OZ,1,2.89
1372689997,205,28,2805,101116616,15266,2012-08-01,6,OZ,1,1.69
1372689997,205,99,9908,103338333,33170,2012-08-03,16,OZ,3,4.47
1372689997,205,29,2903,105100050,72482,2012-08-06,14.75,OZ,3,4.47
1372689997,205,8,809,101300010,8164,2012-08-06,12,OZ,1,1.29
1372689997,205,58,5823,104470040,13310,2012-08-08,12,OZ,1,4.69
1372689997,205,49,4903,101312010,26885,2012-08-12,19,OZ,1,3.69
1372689997,205,97,9753,10000,0,2012-08-24,1,CT,3,2.37
1372689997,205,58,5824,107367575,3012,2012-08-25,16,OZ,1,3
1372689997,205,2,201,101600010,1756,2012-09-02,15.25,OZ,1,1.99
1372689997,205,54,5403,107142171,54806,2012-09-03,14.8,OZ,1,4.39
1372689997,205,26,2633,105400050,16048,2012-09-19,4,RL,1,3.29
1372689997,205,26,2622,101258717,7245,2012-09-19,100,CT,1,3.69
1372689997,205,73,7303,1073295373,59441,2012-09-20,1.25,OZ,1,1
1372689997,205,33,3303,104178040,19154,2012-10-14,9.5,OZ,1,4.29
1372689997,205,33,3302,104130343,38922,2012-10-20,32,OZ,1,2.99
1372689997,205,64,6401,107289070,8159,2012-10-25,144,OZ,1,13.59
1372689997,205,36,3612,104113040,17690,2012-10-27,128,OZ,4,4.36
1372689997,205,9,922,101482111,21656,2012-11-08,16,OZ,1,4.99
1372689997,205,14,1404,104130343,38922,2012-11-28,24,OZ,1,2.79
1372689997,205,99,9908,103338333,33170,2012-12-02,80,OZ,2,5.47
1372689997,205,21,2117,102500020,11749,2012-12-09,67.5,OZ,1,3.59
