2449984803,404,18,1802,104613545,17898,2012-11-12,1,CT,1,3.99
2450000029,400,54,5401,103800030,5618,2012-07-24,12.3,OZ,1,2.5
2450044873,293,56,5610,103114232,25202,2012-11-06,8,OZ,1,4.99
2450108113,109,51,5124,107960676,18410,2012-10-21,4,OZ,3,0.99
2450113193,109,56,5607,102100020,13967,2012-03-30,8,OZ,1,2.49
2450113193,109,51,5125,101380010,10271,2012-09-16,10.88,OZ,1,1.99
2450113193,109,10,1004,104300040,26232,2012-10-25,1.4,OZ,1,1.39
2450114794,109,9,903,101122515,20067,2012-11-30,8,OZ,1,1.79
2450114794,109,26,2622,107417575,20614,2013-02-28,100,CT,1,2.99
2450243324,508,36,3603,104300040,4371,2012-12-27,384,OZ,1,2.69
2450345831,16,30,3010,104100040,19975,2012-07-02,8,OZ,1,2.15
2450345831,16,27,2704,103810030,14717,2012-09-17,7,OZ,2,8.38
2450345831,16,99,9908,103338333,33170,2012-10-15,32,OZ,1,1.99
2450345831,16,33,3301,104126242,19971,2012-11-12,7,OZ,1,3.29
2450346896,85,99,9909,107127979,6732,2012-05-31,12,OZ,1,1.99
2450347029,85,31,3101,1060788060,16965,2012-03-16,2.12,OZ,1,5.99
2450347029,85,37,3709,104178949,11224,2012-07-09,36,OZ,1,2.75
2450348190,85,56,5617,105300050,2199,2012-12-28,12,OZ,1,2.69
2450348988,85,99,9909,107127979,6732,2012-08-08,24,OZ,2,7.78
2450349054,85,5,501,1060788060,16965,2013-03-18,17,OZ,1,2.99
2450349054,85,56,5607,102100020,13967,2013-04-12,8,OZ,1,2.39
2450350771,85,11,1112,1061012969,19270,2012-09-17,9,OZ,1,4.39
2450350771,85,51,5128,102370020,18969,2013-01-28,16,OZ,1,6.29
2450350771,85,35,3506,1060788060,16965,2013-04-29,75,OZ,1,4.48
2450351184,85,73,7344,103680030,18533,2012-11-29,96,CT,1,3.79
2450351574,85,26,2617,101090010,15232,2013-02-24,1,CT,1,2.99
2450353498,85,9,913,104812141,18322,2012-11-15,12,OZ,1,2.99
2450358509,85,9,903,104119646,14582,2013-01-23,8,OZ,1,2.49
2450358509,85,53,5305,102000020,7655,2013-01-30,10,OZ,2,2
2450358509,85,99,9908,107146474,2142,2013-07-03,12,OZ,1,1.99
2450359016,85,36,3604,107800070,2829,2012-03-19,67.6,OZ,1,1.25
2450359016,85,51,5122,108298888,19799,2012-08-27,11,OZ,1,4.42
2450359828,85,58,5835,107790070,9200,2012-05-07,16,OZ,1,2.99
2450359828,85,63,6315,103680030,3679,2012-08-27,128,OZ,1,3.58
2450362768,85,9,901,1060788060,16965,2012-03-31,13,OZ,1,2.69
2450362768,85,55,5559,107756777,14286,2012-08-01,33,OZ,1,4.39
2450365717,85,4,418,1060788060,16965,2012-09-06,6,OZ,1,1.79
2450365717,85,63,6305,102500020,16489,2013-01-03,59,OZ,1,3
2450366544,85,19,1906,105150050,16728,2012-06-25,12.75,OZ,1,3.29
2450367602,85,8,801,102700020,8612,2012-05-23,24,OZ,1,0.99
2450367886,85,21,2118,108939686,11797,2013-04-14,16,OZ,1,1
2450368332,85,51,5125,101380010,10271,2012-09-15,9.5,OZ,1,1.98
2450368475,85,28,2806,1078099373,6126,2012-05-05,24,OZ,1,3.19
2450368475,85,29,2904,102100020,19279,2012-05-29,15.5,OZ,1,2.75
2450368475,85,9,901,102178828,10730,2012-12-23,8.8,OZ,1,2.99
2450368475,85,58,5835,107790070,9200,2013-03-16,16,OZ,1,2.5
2450368700,85,33,3319,102840020,15598,2012-08-17,9,OZ,1,3.5
2450388477,101,9,907,107518575,11221,2012-06-19,20,OZ,1,3.49
2450388477,101,63,6323,107999777,15502,2013-03-23,14,OZ,1,0.89
2450391381,101,5,501,103800030,8466,2012-07-07,15.3,OZ,1,3.19
2450392494,77,6,610,1061126969,15041,2012-04-17,12,OZ,4,11.96
2450392494,77,97,9753,1076163575,0,2012-05-12,1,CT,1,3.99
2450392494,77,10,1013,102400020,4704,2012-06-08,16,OZ,1,2.5
2450392494,77,59,5902,107078474,18552,2012-09-15,16,OZ,1,2.29
2450392494,77,36,3611,107078474,18552,2012-10-27,540.8,OZ,1,5.49
2450392494,77,96,9609,1052550050,88199,2013-06-04,0,,1,-1
2450392494,77,31,3101,1085299989,85193,2013-06-14,2,OZ,2,4.29
2450412051,65,5,501,101600010,3789,2013-01-26,11.8,OZ,1,1.64
2450424702,165,17,1719,101920010,10882,2012-06-21,12.5,OZ,1,5.79
2450424702,165,27,2704,107910070,30096,2012-12-13,24,OZ,2,7.98
2450424702,165,64,6408,108500080,1387,2013-01-17,0.75,LT,2,11.98
2450428848,143,55,5558,101111010,9907,2012-06-20,36.8,OZ,1,4.99
2450428848,143,5,501,101111010,9907,2013-01-06,15,OZ,1,1.99
2450430610,211,58,5837,102370020,18969,2012-03-06,2.2,OZ,1,4.49
2450430610,211,23,2301,107236878,4715,2012-05-17,16,OZ,1,1.99
2450443939,126,79,7902,1072201171,43714,2012-08-25,0,,1,2.5
2450443939,126,63,6320,101111010,9907,2013-01-13,12,CT,1,1.79
2450443939,126,36,3618,101111010,1814,2013-01-23,67.6,OZ,6,4.73
2450445180,211,17,1709,102570020,27327,2012-08-04,1,CT,1,9.39
2450445180,211,96,9609,1053800050,88199,2013-02-21,0,,1,-1
2450453601,63,9,913,104812141,18322,2012-10-14,12,OZ,2,3.99
2450453601,63,33,3303,102840020,10241,2013-01-26,14.5,OZ,1,4.48
2450488540,96,21,2109,107535575,13044,2012-07-29,64,OZ,1,3.69
2450488540,96,33,3310,103003434,7175,2013-03-28,3,OZ,1,1.79
2450488877,96,8,809,107590070,2073,2012-07-01,20,OZ,2,7.98
2450488877,96,63,6316,103003434,7175,2013-01-29,24,OZ,1,2.69
2450489419,96,0,0,10000,0,2013-01-30,0,,1,0
2450489419,96,81,8115,107033070,1783,2013-02-23,2,CT,1,2.69
2450490223,96,51,5126,101380010,27474,2012-06-20,8.87,OZ,1,3.34
2450490223,96,79,7901,107244070,1756,2013-06-04,1,CT,1,4.99
2450512279,214,9,917,107373171,11786,2012-12-13,8,OZ,2,5.76
2450531445,214,9,907,107087070,12106,2013-05-23,16,OZ,1,2.48
2450538211,46,27,2706,101901414,8664,2012-03-17,3,OZ,1,0.69
2450538599,46,36,3611,101200010,803,2012-06-18,405.6,OZ,1,3.99
2450541617,46,56,5609,102100020,2321,2012-04-28,24,OZ,1,3.89
2450542456,46,9,902,101410010,45039,2012-07-27,6.6,OZ,1,2.19
2450542456,46,55,5552,1088692686,11473,2013-06-14,56,OZ,1,3.49
2450550243,46,56,5607,102100020,13967,2012-08-25,8,OZ,2,3.98
2450558892,46,63,6320,104125040,11473,2013-03-05,24,CT,1,3.19
2450575900,46,58,5834,102718222,18969,2012-06-24,17,OZ,1,4.99
2450584622,46,18,1828,1068052464,25544,2012-03-21,3,CT,1,0.74
2450584622,46,36,3630,104900040,23359,2012-06-06,67.6,OZ,5,5
2450588970,46,3,303,107116979,1756,2012-11-10,0.67,OZ,2,2.49
2450591531,46,18,1828,1060903262,20182,2013-04-03,1.25,OZ,1,14.99
2450591613,46,5,516,101862717,9496,2013-02-25,7.4,OZ,1,3.29
2450591613,46,96,9609,1057020050,88199,2013-04-17,0,,1,-0.75
2450593377,46,58,5835,107590070,2073,2012-10-26,16,OZ,1,2.29
2450593377,46,4,419,1087218181,4771,2012-12-09,7.4,OZ,1,3
2450595578,46,59,5906,103450030,10165,2012-05-09,15,OZ,1,2.59
2450599111,46,96,9609,1057940050,88199,2012-10-02,0,,1,-2
2450599111,46,51,5122,1071373373,11473,2012-11-01,4.6,OZ,1,1.25
2450620804,95,36,3628,101200010,12029,2012-11-22,67.6,OZ,1,2.29
2450644762,360,96,9609,1054400050,88199,2012-07-12,0,,1,-1.5
2450930288,42,8,803,104150040,6714,2012-12-08,9,OZ,1,1.49
2450930420,42,63,6315,104149747,19710,2012-11-03,128,OZ,1,4.19
2450930420,42,4,416,107270070,11079,2012-12-13,0.53,OZ,3,1.77
2450930867,42,36,3604,107800070,16023,2012-05-13,60,OZ,1,4.59
2450930867,42,99,9904,103338333,33170,2012-05-26,16,OZ,1,4.99
2450930867,42,73,7344,1030014939,80272,2012-08-21,24,CT,2,10.78
2450930867,42,99,9908,1060610565,52432,2012-09-26,1,CT,1,4.99
2451064694,401,71,7114,1060308464,7034,2012-06-30,8.5,OZ,1,3.79
2451064694,401,9,901,104400040,13243,2012-12-11,15.5,OZ,1,3
2451105911,285,9,902,103010030,3744,2012-03-12,16,OZ,1,3.87
2451105911,285,51,5126,101380010,27474,2012-04-13,20,OZ,1,2.49
2451105911,285,37,3706,104227242,648,2013-03-24,14.1,OZ,1,3.09
2451106602,293,4,416,103400030,8247,2012-05-27,1.55,OZ,3,1.98
2451107519,285,51,5115,107192171,78492,2012-07-18,14.2,OZ,1,6.49
2451107519,285,60,6012,101800010,14029,2012-12-31,7.3,OZ,1,1.79
2451367535,31,63,6315,102114020,19950,2012-05-25,128,OZ,2,7.3
2451412343,16,8,807,101340919,17823,2012-05-21,18,OZ,2,5.18
2451412343,16,9,918,107351070,17346,2013-04-06,12,OZ,1,3.69
2451419891,85,51,5134,104670444,18213,2012-06-09,11,OZ,1,4.33
2451419891,85,36,3629,107800070,17587,2012-08-09,144,OZ,1,2.99
2451419891,85,97,9753,1020331525,0,2013-07-16,1,CT,1,14.55
2451420738,85,36,3618,104900040,23359,2013-02-14,67.6,OZ,2,2
2451421284,85,97,9753,1085058282,0,2013-05-03,1,CT,1,2.99
2451422062,85,21,2105,104900040,14357,2013-05-13,32,OZ,10,8.8
2451423830,85,58,5812,105450050,1322,2013-03-13,16,OZ,2,7.98
2451427776,85,10,1012,102700020,23332,2012-10-22,13,OZ,2,2.5
2451427776,85,10,1013,102400020,4704,2012-12-07,16,OZ,1,2.79
2451427776,85,26,2633,103040030,683,2013-01-14,12,RL,1,7.88
2451430615,85,33,3303,1060788060,16965,2012-04-15,5,OZ,1,1
2451433335,85,33,3303,1060788060,16965,2012-06-14,5,OZ,3,2.18
2451433335,85,29,2928,107107272,19376,2012-07-06,5,OZ,1,0.99
2451433335,85,44,4404,1060788060,16965,2012-10-12,44,OZ,1,3.29
2451435762,85,29,2903,106414464,3342,2012-10-04,15,OZ,5,5.25
2451435762,85,5,501,1088491282,8459,2012-12-04,14.5,OZ,1,3.92
2451435762,85,33,3318,107797575,27417,2013-05-07,16,OZ,1,3
2451438431,85,5,501,104240040,40317,2012-06-25,19,OZ,1,3.49
2451438431,85,58,5823,101590010,1366,2012-09-25,32,OZ,1,4.99
2451438431,85,56,5617,1060788060,16965,2012-10-09,12,OZ,1,2.49
2451438431,85,9,970,1060788060,16965,2013-03-14,11,OZ,1,1.45
2451442791,21,26,2633,105400050,16048,2012-10-25,1,RL,2,2.38
2451463021,101,5,501,103800030,6796,2012-05-14,14,OZ,1,2.79
2451463021,101,8,810,105210050,11382,2012-06-08,1.25,OZ,2,2.38
2451463392,101,55,5552,104154848,5603,2012-04-11,48,OZ,2,5.99
2451463392,101,26,2630,1068826767,7173,2012-07-25,65,CT,1,1
2451465311,101,9,901,1068826767,81691,2012-11-03,8.9,OZ,2,2
2451465311,101,26,2633,105400050,16048,2012-11-03,4,RL,1,3.89
2451465311,101,51,5125,107265575,8089,2013-02-23,8.5,OZ,1,2
2451468964,101,99,9908,103338333,33170,2012-11-15,8,OZ,2,3.98
2451468964,101,0,0,10000,0,2013-02-27,0,,1,3.95
2451468964,101,99,9908,103338333,33170,2013-03-07,16,OZ,1,2.49
2451468964,101,14,1404,103732333,12209,2013-04-11,24,OZ,1,2.39
2451514980,143,26,2630,103700030,14647,2012-09-30,56,CT,1,1.79
2451514980,143,41,4107,101111010,9907,2012-10-27,14.5,OZ,1,0.69
2451514980,143,56,5612,101111010,9907,2013-03-17,8,OZ,1,2.1
2451515443,143,23,2301,103340030,15802,2013-04-24,16,OZ,1,1
2451519052,58,64,6409,108143484,1359,2012-04-14,0.75,LT,1,7.45
2451520193,89,26,2633,103040030,683,2012-09-20,12,RL,1,6.34
2451520193,89,63,6315,101111010,9907,2012-11-22,128,OZ,1,2.79
2451520193,89,51,5125,102580020,16668,2013-01-28,9.5,OZ,1,1.88
2451520193,89,0,0,10000,0,2013-01-31,0,,1,0
2451520380,89,99,9904,103338333,33170,2012-06-26,48,OZ,1,3.99
2451522140,98,5,501,103800030,15251,2012-04-16,12,OZ,1,3.43
2451522140,98,41,4107,101111010,9907,2012-06-05,15.25,OZ,1,0.69
2451522140,98,0,0,10000,0,2012-11-21,0,,1,0
2451525003,89,56,5615,101111010,9907,2012-09-27,8,OZ,2,2.88
2451526037,89,18,1898,103980030,5782,2012-03-18,8,CT,1,6.39
2451526037,89,56,5620,101111010,9907,2012-07-16,8,OZ,1,1.79
2451526037,89,0,0,10000,0,2012-07-25,0,,1,0
2451527054,98,20,2002,105100050,27873,2012-03-29,46,OZ,1,3.19
2451527054,98,30,3002,102100020,9886,2012-12-12,30,OZ,1,3.49
2451527054,98,22,2210,102420020,14716,2013-02-22,44,OZ,1,3.25
2451528679,98,56,5614,101111010,9907,2012-05-03,10,OZ,1,3.14
2451528679,98,44,4404,101111010,9907,2012-08-24,14,OZ,1,1.42
2451532723,151,51,5125,105010050,8089,2012-03-28,10.5,OZ,1,2.73
2451532723,151,96,9609,1053500050,88199,2012-07-28,0,,1,-0.5
2451532723,151,96,9609,1054400050,88199,2012-08-23,0,,1,-0.75
2451532723,151,33,3303,102840020,10241,2012-10-03,10.5,OZ,2,4
2451558284,215,21,2118,108079383,6926,2012-05-04,16.9,OZ,4,5
2451574567,96,9,907,101410010,13791,2012-07-04,14.5,OZ,1,3.29
2451574567,96,9,901,103010030,3454,2012-09-17,14.2,OZ,1,2.5
2451574567,96,0,0,10000,0,2012-12-02,0,,1,0
2451576014,96,10,1012,102700020,23332,2012-04-13,39,OZ,1,3.69
2451576014,96,58,5811,1071516676,27806,2012-04-27,14,OZ,2,9.98
2451628014,46,36,3628,107800070,17587,2012-05-09,67.6,OZ,3,3
2451641995,46,37,3707,1061144363,9742,2012-08-09,32,OZ,2,6.58
2451641995,46,41,4109,105100050,2820,2012-11-19,11,OZ,2,1
2451644511,46,35,3506,103700030,3068,2012-04-05,10.2,OZ,1,3.99
2451660515,46,97,9762,108332181,14957,2012-12-03,1,CT,1,3.99
2451660515,46,3,302,102800020,30272,2013-03-30,12,OZ,3,6.57
2451661290,46,35,3504,103700030,4628,2012-03-08,14,OZ,1,1.83
2451662188,46,36,3601,101200010,13794,2012-08-24,144,OZ,0,0
2451665768,46,57,5705,103663232,4568,2012-09-17,24,OZ,1,1.99
2451665768,46,63,6323,107160070,4170,2012-10-14,64,OZ,1,1.99
2451665768,46,43,4302,104125040,11473,2012-12-04,8,OZ,1,1.19
2451667292,46,51,5115,107192171,25673,2012-03-14,22.1,OZ,2,10.98
2451667292,46,33,3303,102840020,10241,2013-05-26,10,OZ,1,1.99
2451673795,46,4,412,1088692686,11473,2013-01-24,10,OZ,1,1.5
2451678518,46,59,5902,104125040,11473,2012-07-06,16,OZ,1,2.59
2451678518,46,51,5125,105010050,8089,2013-03-12,12.5,OZ,2,4
2451679794,46,8,810,104146040,14062,2013-06-06,2.75,OZ,1,0.99
2451679918,46,36,3603,104300040,4186,2012-05-14,256,OZ,3,7.86
2451687031,46,9,908,106073767,70192,2012-03-07,10.3,OZ,1,2.5
2451688462,46,41,4121,107090070,4697,2012-10-17,28,OZ,1,1.5
2451690084,46,27,2709,101780010,19793,2012-07-30,3,OZ,4,4.36
2451719359,18,51,5117,104280040,18599,2012-12-24,10.9,OZ,2,2.92
2451809908,360,29,2925,107440171,66788,2012-03-17,32,OZ,1,7.49
2451809908,360,63,6315,107545777,7025,2012-03-17,128,OZ,3,10.17
2451809908,360,41,4108,104173545,14456,2012-04-06,15.5,OZ,1,1.29
2451809908,360,63,6305,104850040,18799,2012-04-14,59,OZ,1,3.69
2451809908,360,41,4110,103940030,71386,2013-03-09,16,OZ,1,1.69
2451809908,360,95,9518,106700868,25075,2013-05-04,1,CT,2,7.48
2452097898,42,22,2210,103700030,5174,2012-10-02,34,OZ,1,4.29
2452097898,42,29,2903,105100050,72482,2012-11-18,14.75,OZ,2,2.5
2452097898,42,9,902,104400040,19783,2013-01-05,9,OZ,1,3.69
2452099567,42,97,9753,1021002222,0,2012-09-08,1,CT,1,4.69
2452099567,42,36,3626,104900040,17186,2012-11-23,101.4,OZ,1,3.99
2452099567,42,56,5615,102100020,4218,2012-12-15,8,OZ,2,7.98
2452220464,402,33,3302,102700020,57417,2013-03-22,6.2,OZ,1,1.5
2452245093,401,27,2705,105000050,6775,2012-04-25,36,OZ,1,6.49
2452581555,31,5,501,1067852363,7326,2012-11-24,10,OZ,1,5.99
2452620261,31,41,4105,102114020,19950,2012-05-02,10,OZ,3,2
2452620261,31,22,2211,107261373,16794,2012-12-17,80,CT,2,5.88
2452685468,16,9,921,101128414,9209,2013-05-07,4,OZ,6,4.14
2452689435,85,36,3628,107800070,17587,2012-04-02,67.6,OZ,2,1.98
2452689435,85,4,418,103400030,16463,2013-01-22,5.6,OZ,2,6
2452691247,85,8,810,104600040,13023,2012-08-04,1,OZ,1,0.95
2452694605,85,8,803,1060788060,16965,2013-05-27,8,OZ,1,0.89
2452694947,85,81,8101,102820020,9949,2012-08-25,10,CT,1,35.79
2452695930,85,63,6319,1082415080,22328,2012-06-24,16,OZ,1,1.99
2452695930,85,58,5810,107002575,54837,2012-08-20,16,OZ,1,2.19
2452695930,85,5,502,101600010,1756,2013-05-12,8,OZ,2,3.98
2452695954,85,51,5106,103100030,9626,2012-11-08,7.45,OZ,2,4.08
2452695954,85,44,4404,107105272,3829,2013-04-17,16,OZ,1,2.59
2452697498,85,58,5823,107740070,2500,2013-01-18,2,OZ,2,1.78
2452697498,85,43,4302,103680030,3679,2013-03-08,8,OZ,1,0.98
2452701350,85,9,907,103680030,3679,2013-02-22,12,OZ,1,0.99
2452701350,85,26,2619,1060788060,16965,2013-03-23,20,CT,1,3.99
2452704176,85,29,2914,102100020,9886,2012-06-21,2.05,OZ,2,2.09
2452704176,85,9,907,107341070,888,2013-01-09,12,OZ,2,3.88
2452704176,85,51,5117,103680030,3679,2013-03-26,6.5,OZ,2,2
2452705624,85,5,516,101600010,12426,2012-08-18,7.4,OZ,1,2.5
2452709398,85,36,3629,104900040,11484,2013-02-07,144,OZ,1,4
2452709793,85,8,809,103900030,10383,2012-07-20,15,OZ,2,3
2452710631,85,43,4302,104300040,4030,2012-11-19,8,OZ,2,2
2452712785,85,9,922,102430020,10577,2013-07-02,12,OZ,1,0.99
2452712785,85,36,3630,107800070,23561,2013-07-02,144,OZ,1,5.49
2452721036,85,25,2506,104127141,26189,2012-08-07,16,OZ,1,2
2452721036,85,26,2630,106343565,16050,2012-08-11,132,CT,2,3.58
2452721175,85,38,3801,103680030,3679,2012-04-22,4,LB,1,2.49
2452721175,85,33,3310,107349777,57052,2012-07-03,3,OZ,2,2.18
2452721175,85,56,5610,1060788060,16965,2013-02-10,3,OZ,1,1.89
2452721282,85,9,907,103680030,3679,2013-06-15,12,OZ,1,0.99
2452721590,85,72,7205,1031015838,16196,2012-09-01,4,OZ,1,5.59
2452727179,85,26,2629,103700030,2248,2012-06-22,50,CT,4,5.36
2452727328,85,9,901,103010030,6852,2012-03-15,6.6,OZ,1,3
2452730786,85,36,3611,104900040,4599,2012-05-26,33.8,OZ,1,1
2452730786,85,36,3629,101200010,23360,2012-07-07,101.4,OZ,2,3.98
2452730786,85,16,1604,101254616,18738,2012-12-15,18,CT,1,1.19
2452738419,85,99,9908,103338333,33170,2013-05-14,16,OZ,1,1.79
2452738419,85,27,2710,1063384363,19010,2013-05-19,5,LB,1,9.99
2452739026,85,8,805,105440050,23210,2012-05-10,10,OZ,1,2.99
2452739979,85,81,8101,101230010,19956,2012-03-02,1,CT,3,15.75
2452740133,85,5,501,103800030,17050,2012-07-10,18,OZ,1,3.99
2452740133,85,5,501,1060788060,16965,2012-10-25,12,OZ,1,2.49
2452740133,85,9,913,1060788060,16965,2013-02-04,12,OZ,1,1.39
2452744331,21,26,2619,101370010,8154,2012-03-07,45,CT,1,7.89
2452744331,21,9,907,107518575,11221,2012-07-15,15,OZ,2,6.98
2452744331,21,35,3504,103700030,4628,2012-12-10,25,OZ,1,2.49
2452748222,21,9,901,103010030,15828,2012-04-15,4.44,OZ,1,2.99
2452748222,21,36,3611,107572070,14196,2012-05-06,101.4,OZ,3,3
2452789603,77,9,907,107131979,16021,2013-05-01,12,OZ,1,2
2452789603,77,27,2706,105000050,6132,2013-05-07,3,OZ,6,3.7
2452789603,77,4,416,104131141,105216,2013-06-12,1.6,OZ,2,2
2452795740,77,64,6410,107031070,16095,2013-04-09,12,OZ,1,1.29
2452795772,77,36,3634,1073951070,16807,2012-07-22,20,OZ,3,3
2452795772,77,9,901,107078474,18552,2012-08-03,8.9,OZ,2,2
2452813683,70,63,6320,1072543979,40679,2012-03-02,6,CT,1,1.25
2452817481,68,18,1835,104460040,9709,2013-01-23,3.3,LB,1,5.19
2452833507,65,36,3632,101480010,8019,2013-04-27,128,OZ,1,2.4
2452837118,70,7,707,101114111,25747,2012-08-16,12,OZ,1,5.99
2452837118,70,51,5134,104280040,18599,2012-12-30,19.8,OZ,1,3.79
2452837118,70,51,5129,101450010,20864,2013-04-20,21,OZ,3,10.47
2452858217,241,18,1890,105209252,43069,2012-11-24,1,CT,1,1.98
2452862556,26,33,3303,101111010,9907,2013-02-27,8.5,OZ,1,2
2452862556,26,9,917,101111010,9907,2013-06-02,17.5,OZ,1,1.79
2452862556,26,55,5552,101111010,9907,2013-06-15,48,OZ,1,2.5
2452871377,89,26,2617,101090010,15232,2012-05-06,1,CT,1,1.69
2452871377,89,0,0,10000,20405,2012-09-03,0,,0,0
2452871377,89,33,3303,107110474,101252,2012-12-02,10,OZ,1,2.29
2452877551,126,63,6320,101111010,85048,2012-11-24,12,CT,1,2.5
2452878174,63,21,2108,102870020,18702,2012-03-22,64,OZ,2,6.78
2452878174,63,9,908,101111010,9907,2013-05-23,8.5,OZ,1,1.5
2452885069,12,32,3204,102381727,28390,2013-01-19,12.5,OZ,1,3.79
2452886703,211,56,5614,101111010,9907,2012-05-23,1,OZ,1,0.25
2452886703,211,21,2106,105100050,27873,2012-12-20,64,OZ,1,1.99
2452900494,191,8,816,104750242,15436,2012-09-02,16,OZ,1,2.5
2452900494,191,0,0,10000,0,2013-04-08,0,,1,0
2452902642,12,26,2622,101111010,9907,2012-06-24,30,CT,1,2.89
2452931152,151,26,2622,101111010,9907,2012-07-23,100,CT,1,2.69
2452931152,151,51,5117,104280040,18599,2013-04-12,10.5,OZ,1,1.33
2452948994,140,51,5124,107100777,5656,2012-03-19,10,OZ,5,6.25
2452948994,140,47,4704,102500020,11749,2012-07-12,12,OZ,1,1.79
2452948994,140,5,504,1078656070,24808,2012-08-21,3.52,OZ,3,5
2452951882,191,14,1411,101111010,6678,2012-10-30,8,OZ,1,0.85
2452953670,191,73,7309,104635242,20205,2012-03-03,12,OZ,1,9.99
2452953670,191,63,6315,101111010,85048,2012-05-18,64,OZ,1,2.79
2452953670,191,63,6317,102529323,16410,2012-06-14,64,OZ,1,3.49
2452956698,83,56,5620,102100020,9886,2013-03-04,8,OZ,2,5
2452960211,58,41,4105,107294070,15051,2012-12-27,14.5,OZ,2,1.18
2452960211,58,36,3634,1073951070,16807,2013-01-26,20,OZ,2,1.58
2452961427,133,56,5616,101111010,9907,2013-05-20,6,OZ,1,1.5
2452966340,215,9,901,103010030,6852,2013-06-25,11.5,OZ,1,2.5
2453000821,96,73,7303,104116747,8705,2012-06-05,1.25,OZ,1,3.99
2453001996,96,7,707,102550020,6550,2012-04-21,27.8,OZ,1,13.29
2453001996,96,71,7113,1030815131,1079,2012-10-11,13.5,OZ,2,5
2453004335,96,57,5704,103663232,4568,2012-11-27,16,OZ,2,4
2453084313,214,55,5552,104122040,82828,2012-08-16,64,OZ,1,4.48
2453105240,46,72,7203,1031254737,10554,2012-03-13,33.8,OZ,1,4.43
2453114764,46,41,4110,103940030,71386,2012-05-26,28,OZ,1,1.67
2453114764,46,33,3310,102840020,6911,2012-12-16,6.5,OZ,1,3.29
2453119925,46,27,2705,105000050,6775,2013-05-25,5.5,OZ,4,1.84
2453128989,46,7,707,102550020,6550,2012-11-16,33.9,OZ,1,5.99
2453130203,46,5,501,103800030,17050,2012-10-11,12.4,OZ,1,2.5
2453141233,46,9,920,104141949,3909,2012-03-24,7,OZ,1,2.59
2453147277,46,16,1604,101254616,18738,2013-03-20,14,CT,1,1.39
2453147277,46,99,9904,1078035373,53977,2013-06-27,16,OZ,2,5
2453153729,46,36,3627,107800070,23362,2012-06-06,20,OZ,1,1.48
2453153729,46,18,1841,107179878,14807,2012-09-20,1,CT,1,8.39
2453153729,46,97,9732,1070843171,33170,2012-11-07,1,CT,1,17.99
2453154456,46,59,5902,1071928373,11473,2012-05-19,16,OZ,1,2
2453154456,46,63,6311,102500020,16489,2012-06-01,59,OZ,1,3
2453154456,46,3,302,102800020,30272,2013-02-09,10,OZ,1,2
2453154456,46,41,4107,107067070,15112,2013-02-22,14,OZ,1,2.99
2453155564,46,13,1306,101600010,7366,2012-07-15,5,LB,1,2.59
2453161780,46,71,7113,1081386686,28003,2012-12-11,16.9,OZ,1,6.99
2453161780,46,33,3315,107797575,27417,2013-02-04,5,OZ,1,1.74
2453161780,46,14,1410,102850020,10802,2013-04-09,21,OZ,2,4.74
2453169973,46,56,5616,102100020,9886,2012-08-02,5,OZ,1,1.88
2453182033,46,56,5616,102100020,9886,2012-10-22,8,OZ,1,2.5
2453182033,46,9,907,107131575,8313,2012-12-21,20,OZ,1,2.19
2453182033,46,55,5563,1074447373,16798,2013-06-15,16,OZ,1,4.89
2453182209,46,26,2630,103700030,14647,2012-11-30,124,CT,1,1.99
2453200567,46,10,1010,105150050,16728,2012-06-21,19.25,OZ,1,2
2453200567,46,99,9909,107143070,5072,2012-08-02,14,OZ,1,1.5
2453228422,46,9,907,104500040,12473,2012-05-27,24,OZ,1,3.79
2453228422,46,5,516,101600010,6283,2012-07-22,6,OZ,1,3
2453228422,46,58,5834,103760030,8501,2012-08-12,15,OZ,1,6.19
2453228422,46,51,5134,1072193171,37292,2013-01-20,14.5,OZ,1,3
2453238258,46,14,1410,103900030,10383,2012-12-27,15,OZ,1,1.89
2453238258,46,99,9904,1071575676,5278,2013-02-09,16,OZ,3,5
2453242099,46,96,9609,1051380050,88199,2012-03-03,0,,1,-1.5
2453242099,46,51,5117,107465373,9039,2012-03-28,16.7,OZ,2,6.58
2453242099,46,64,6408,108497080,40081,2013-04-05,0.75,LT,2,10
2453245099,46,38,3801,104125040,11473,2012-12-02,5,LB,1,2.49
2453257722,46,56,5610,104610040,15889,2012-07-31,5,OZ,1,2
2453262892,46,41,4121,1070882070,11473,2012-05-14,15,OZ,2,1.38
2453267223,46,36,3631,104900040,1414,2013-03-03,67.6,OZ,1,1
2453281181,88,9,907,102113020,30626,2013-04-23,12,OZ,1,0.99
2453297154,15,9,901,102113020,15704,2012-10-29,16,OZ,1,2.57
2453305545,95,63,6399,102639626,61303,2012-08-03,14,OZ,1,4.99
2453305545,95,96,9609,1052100050,88199,2012-09-23,0,,1,-2
2453305545,95,29,2914,107989373,12908,2012-12-14,7.25,OZ,2,3
2453305545,95,56,5617,102100020,9886,2013-02-03,12,OZ,1,3.9
2453305545,95,26,2633,103040030,11407,2013-03-22,12,RL,1,5.97
2453314320,3,58,5832,107892979,10635,2012-06-02,18,OZ,1,7.99
2453314320,3,33,3307,101411313,23033,2012-12-15,6,OZ,1,4.99
2453314320,3,63,6315,107989373,12908,2013-03-02,128,OZ,1,6.49
2453314320,3,96,9609,1057790050,88199,2013-03-23,0,,1,-0.55
2453322931,20,60,6007,101800010,14029,2012-12-15,8,OZ,2,3.5
2453945060,42,30,3009,102100020,9886,2012-06-20,16,OZ,1,2.99
2453946244,42,57,5710,1089470080,21065,2012-03-09,5.3,OZ,1,1.29
2453946244,42,10,1011,107349171,9883,2012-08-10,24,OZ,1,3.39
2453946244,42,33,3318,104178040,19154,2012-09-19,16,OZ,1,3.29
2453946499,42,9,902,104149747,19710,2012-07-29,15,OZ,1,2.49
2453946499,42,37,3703,105100050,2820,2013-03-31,10.75,OZ,4,5.96
2453946501,42,7,709,109955595,25373,2012-08-16,9.2,OZ,1,9.29
2453946501,42,33,3303,102840020,10241,2012-11-17,8.5,OZ,2,6.98
2453946789,42,9,907,105040050,95440,2012-08-03,12,OZ,1,2.79
2453946789,42,27,2704,107910070,30096,2012-12-18,26,OZ,1,3.79
2453947392,42,22,2207,104460040,3718,2012-03-03,33,OZ,1,5.49
2453947392,42,5,501,103800030,6790,2012-04-27,17,OZ,1,4.79
2453947392,42,28,2801,104149747,19710,2012-06-17,16,OZ,1,2.29
2453947392,42,4,416,101070010,56124,2012-08-03,1.85,OZ,1,0.99
2453947392,42,36,3626,107800070,16223,2012-08-03,20,OZ,1,1.49
2453947392,42,9,901,104400040,12600,2012-09-29,12,OZ,1,4.49
2453947392,42,8,807,101340919,17823,2012-10-27,28,OZ,2,5.98
2453948248,42,29,2925,101740010,47096,2012-03-11,14,OZ,1,1.99
2453948248,42,97,9753,10978042595,0,2013-03-02,1,CT,1,8.99
2454088179,400,36,3628,101200010,12029,2013-04-05,67.6,OZ,1,1.79
2454146722,402,71,7110,102240020,25033,2012-09-03,8.3,OZ,1,3.59
2454159355,402,26,2613,103700030,13481,2012-10-26,36,CT,1,9.99
2454190511,402,34,3410,101700010,4912,2013-03-02,52,OZ,1,4
2454365144,285,21,2119,108079383,6926,2013-02-09,202.8,OZ,1,6.79
2454488226,109,0,0,10000,0,2013-03-10,0,,1,2.99
2454521256,109,51,5125,101380010,10271,2013-03-09,8.63,OZ,1,2.5
2454522021,109,36,3611,107417575,20614,2013-01-30,591.5,OZ,1,3.99
2454650517,377,69,6901,101700010,15288,2012-04-22,8.5,OZ,1,3.94
2454650517,377,6,607,107007474,5810,2012-05-04,48,OZ,1,7.99
2454860451,507,97,9753,1085195282,0,2012-05-10,1,CT,1,5.87
2454908723,508,73,7311,1031011939,1488,2012-04-30,24,OZ,1,4.82
2454908723,508,97,9799,1071981272,13389,2012-06-08,1,CT,1,8.46
2454908723,508,33,3307,104157040,2017,2013-03-01,6,OZ,1,2.93
2455024697,31,2,202,105150050,14029,2012-05-08,19.5,OZ,1,2.39
2455059447,40,13,1305,103000030,14760,2012-10-05,12,OZ,2,3.59
2455079900,85,5,501,103800030,24525,2012-12-27,15.3,OZ,1,4.45
2455103812,85,9,907,107294575,15878,2013-04-13,20,OZ,1,1.99
2455108914,21,9,902,104119040,16347,2013-04-22,15,OZ,1,1.69
2455112069,240,59,5902,107835474,2675,2012-04-29,16,OZ,1,3.99
2455112069,240,63,6321,104411545,3167,2012-12-04,8,OZ,1,2.5
2455129968,101,36,3635,1068826767,3677,2013-02-24,33.8,OZ,6,4
2455133257,101,95,9518,1072047373,27680,2013-05-20,1,CT,1,2.99
2455164855,165,55,5567,102580020,16668,2012-03-02,4.58,OZ,1,0
2455167111,26,51,5131,104227242,648,2012-10-22,5.5,OZ,1,2.49
2455167111,26,58,5831,101111010,9907,2012-11-05,48,OZ,1,6.99
2455167111,26,96,9609,1054610050,88199,2013-03-17,0,,1,-1
2455174640,89,9,920,101111010,9907,2012-07-30,10,OZ,2,3.98
2455176641,89,1,106,105220050,1569,2013-02-10,4,OZ,3,2.97
2455183877,98,63,6312,102500020,16487,2012-03-21,59,OZ,2,5.5
2455186036,133,25,2506,105000050,32115,2013-05-08,32,OZ,1,3.54
2455195681,431,7,707,104141040,70265,2012-04-14,11.5,OZ,2,8.38
2455195681,431,57,5703,101111010,9907,2012-06-02,6,OZ,5,2
2455195681,431,63,6320,101111010,9907,2013-02-16,18,CT,2,4.38
2455195681,431,56,5616,101111010,9907,2013-02-22,6,OZ,1,1.07
2455195681,431,4,412,101900010,10421,2013-03-08,6.25,OZ,1,1.89
2455204087,140,26,2622,101370010,8154,2013-01-29,17,CT,1,0.99
2455212811,12,49,4901,101312010,26885,2013-03-03,32,OZ,1,2.99
2455241524,96,9,907,101410010,13791,2012-04-09,16,OZ,2,7.58
2455242042,96,9,907,103003434,7175,2012-05-29,16,OZ,1,2.09
2455242042,96,3,310,1089891686,68870,2012-11-29,16,OZ,1,5.99
2455242042,96,5,504,109742191,22339,2012-12-21,2.29,OZ,10,10
2455242042,96,0,0,10000,0,2013-03-05,0,,1,0
2455242042,96,5,520,103000030,14760,2013-03-25,42,OZ,1,5.39
2455242297,96,18,1802,104667747,13970,2012-12-04,1,CT,1,1.99
2455257403,214,53,5307,104122040,20514,2013-01-20,4,OZ,2,1.5
2455261602,214,63,6315,104122040,23511,2012-04-07,64,OZ,1,2.15
2455261602,214,8,801,101300010,8164,2012-07-29,20,OZ,1,1.98
2455261602,214,63,6315,104122040,23511,2012-10-28,64,OZ,1,1.98
2455263248,214,79,7901,10912898,25836,2012-03-21,1,CT,1,2.49
2455263248,214,22,2210,103700030,5174,2012-03-29,64,OZ,1,3.16
2455263248,214,8,814,107287878,8228,2012-12-28,16,OZ,1,1.77
2455263248,214,18,1802,104613545,17898,2013-01-06,2,CT,2,4.34
2455296525,46,9,907,107131474,1061,2012-05-19,12.5,OZ,1,1.5
2455296525,46,69,6901,102220020,17067,2013-01-19,3.25,OZ,1,2.18
2455331389,46,75,7501,1071928373,6409,2012-07-02,2,OZ,1,2.39
2455331389,46,4,419,1074759979,7168,2012-09-27,5.32,OZ,1,3
2455341971,46,9,912,104125040,11473,2012-11-10,30,OZ,1,2.5
2455350397,46,9,918,101410010,13791,2012-06-19,8.6,OZ,1,3.08
2455350397,46,37,3706,105010050,8089,2012-11-18,14,OZ,2,3.34
2455358175,46,64,6401,107199070,9665,2012-12-13,72,OZ,1,6.49
2455358175,46,30,3002,102100020,9886,2013-02-10,30,OZ,1,3.75
2455404480,15,44,4405,102113020,15704,2012-11-30,11,OZ,1,4.99
2455410008,95,21,2106,103120030,12957,2012-05-24,64,OZ,1,2
2455410008,95,99,9904,1071575676,5278,2012-08-18,16,OZ,2,3.98
2455410085,95,26,2613,107989373,11873,2012-04-04,96,CT,2,29.98
2455410085,95,36,3601,101200010,13794,2012-10-25,144,OZ,1,6.99
2455413412,4,5,516,101600010,12426,2012-07-04,8.9,OZ,1,3.99
2455413412,4,56,5614,102113020,10786,2012-08-26,13.3,OZ,1,5.49
2455413412,4,63,6323,102113020,10786,2012-09-06,64,OZ,1,2.99
2455413412,4,41,4110,103940030,71386,2012-11-25,16,OZ,1,2.59
2455413412,4,36,3611,101200010,803,2013-02-07,20,OZ,1,1.33
2455413412,4,99,9909,107989373,12908,2013-02-20,5,OZ,1,3
2455421806,360,64,6406,108224282,98633,2013-03-14,0.75,LT,1,8.99
2455687411,42,31,3111,104150040,6714,2012-04-14,6,OZ,1,3.99
2455687411,42,96,9609,1057002252,88199,2012-12-28,0,,1,-1
2455687757,42,57,5703,104149747,19710,2012-12-06,5.3,OZ,2,2
2455688321,42,3,305,103320030,875,2012-06-30,16,OZ,1,0.89
2455688321,42,62,6201,104427646,10134,2012-08-18,20,OZ,1,2.5
2455688885,42,63,6315,104149747,19710,2012-06-30,128,OZ,1,3.79
2455688885,42,63,6315,104149747,19710,2012-10-14,128,OZ,1,3.79
2455688885,42,56,5610,104149747,19710,2013-01-06,6,OZ,1,3.99
2455689349,42,41,4107,102000020,7655,2013-02-15,15.25,OZ,2,2.98
2455878512,293,63,6315,104148343,9547,2012-09-06,128,OZ,2,5
2455967222,307,39,3902,107240070,7574,2012-12-17,12,OZ,1,2.89
2456143384,508,56,5620,102100020,9886,2013-06-09,8,OZ,1,2.59
2456151098,509,36,3630,107800070,5208,2013-01-27,67.6,OZ,1,1.31
2456151098,509,72,7205,1031015838,16196,2013-04-20,0.8,OZ,1,1.13
2456294863,507,97,9731,1065356969,96141,2012-07-27,1,CT,1,15.99
2456294863,507,74,7402,107166171,23664,2012-08-05,7,OZ,1,2.79
2456329389,510,74,7402,104740040,7196,2012-10-17,7,OZ,1,2.74
2456422691,507,5,516,101600010,6283,2012-05-26,21.2,OZ,1,5.1
2456433985,509,9,920,104400040,8463,2012-07-12,7.04,OZ,1,2.99
2456708230,508,33,3307,102900020,14112,2012-09-03,20,OZ,1,3.99
2456708230,508,26,2608,104878949,4913,2012-10-31,70,CT,1,2.69
2456981397,507,5,516,108523989,11176,2012-06-24,6.8,OZ,1,1.86
2456981397,507,99,9904,1071575676,5278,2012-09-18,16,OZ,1,2.51
2456981397,507,26,2622,1061525868,23664,2012-11-11,100,CT,1,2.68
2456981397,507,58,5823,104470040,13310,2013-04-28,9,OZ,1,2.98
2457064161,507,26,2629,101310010,23664,2012-04-16,300,CT,1,2.49
2457064161,507,63,6315,108523989,11176,2012-04-21,128,OZ,1,2.89
2457064161,507,4,418,104000040,26517,2013-05-31,15.4,OZ,3,12.06
2457205749,508,78,7802,102534323,45843,2013-03-17,6,CT,1,8
2457216934,508,97,9731,106626464,29055,2013-02-08,1,CT,1,5.19
2457216934,508,34,3402,108730080,50958,2013-02-28,2,OZ,1,4.99
2457248960,507,97,9744,102600020,5723,2012-07-30,4,OZ,1,0.82
2457322183,31,5,501,103800030,6796,2012-06-03,10.5,OZ,2,4.49
2457332747,31,63,6315,102114020,19950,2012-08-11,128,OZ,1,3.67
2457364679,85,45,4511,107701373,14026,2012-05-23,26,OZ,1,8.49
2457364679,85,28,2804,1060788060,16965,2012-05-29,12,OZ,1,1.25
2457369481,85,41,4105,102700020,8612,2012-12-26,14.5,OZ,1,1.29
2457380707,85,5,519,103000030,14760,2012-06-25,2.64,OZ,2,3.29
2457383780,21,63,6320,104119040,16347,2012-04-01,18,CT,1,2.39
2457383780,21,9,902,101410010,45039,2012-10-17,6.6,OZ,2,4.18
2457383780,21,55,5552,107756777,2347,2012-12-30,48,OZ,1,4.49
2457383780,21,95,9517,1061029060,7848,2013-03-30,1,CT,1,2.99
2457383780,21,9,907,107167373,17480,2013-06-12,20,OZ,1,1.99
2457384241,21,27,2704,107910070,30370,2012-12-11,2.7,OZ,1,2.69
