458361352,71,33,3312,103700030,14494,2012-03-12,6.38,OZ,1,1.67
458365599,69,33,3304,103582636,6564,2012-07-10,9.25,OZ,1,1.75
458365599,69,9,907,1072543979,40679,2012-09-03,20,OZ,1,1.17
458365599,69,41,4105,106414464,70939,2013-02-22,10,OZ,2,2.38
458366268,64,74,7402,1072543979,23587,2013-01-24,7,OZ,1,1.99
458376915,68,58,5899,1074922171,54334,2012-09-01,32,OZ,1,6.29
458376915,68,51,5126,101380010,27474,2013-03-09,10.5,OZ,2,5
458377988,62,6,605,1063165666,16528,2012-03-28,32,OZ,1,24.29
458377988,62,4,418,103400030,8247,2012-09-28,9.3,OZ,1,4.2
458396758,64,99,9904,1071575676,5278,2012-05-12,16,OZ,1,2
458396972,70,63,6313,102670020,4664,2012-09-30,12,OZ,1,2.29
458396972,70,9,902,104400040,15335,2013-02-05,15.1,OZ,1,4.59
458404404,70,4,416,103400030,452,2012-12-09,1.61,OZ,1,-1.16
458404404,70,2,209,104300040,26232,2012-12-18,11.1,OZ,1,2.49
458410192,64,10,1007,104300040,26232,2013-02-21,3,OZ,1,0.99
458410893,65,26,2609,1064541666,25075,2013-02-11,8,CT,2,7.58
458417794,64,99,9908,103338333,33170,2012-07-17,16,OZ,1,0.61
458421906,69,56,5616,104610040,15889,2012-04-03,7,OZ,1,2.99
458435311,70,55,5561,1081529484,10491,2012-06-28,36,OZ,1,1.67
458435311,70,3,304,105210050,11382,2013-03-03,2,OZ,1,2.09
458436835,64,33,3302,102389626,14268,2012-09-23,19.2,OZ,1,4.88
458436835,64,51,5121,105150050,16728,2012-10-06,20,OZ,1,5.59
458436835,64,49,4901,107271474,11375,2013-01-19,26,OZ,1,2.49
458437966,64,63,6320,1081565282,26794,2012-12-01,12,CT,1,3.59
458442228,68,41,4107,102000020,7655,2013-02-23,14.5,OZ,6,7.37
458442228,68,8,818,103620030,14868,2013-03-03,24,OZ,1,1.9
458443067,68,36,3603,104300040,26420,2012-07-02,64,OZ,8,1.66
458443067,68,55,5558,1072543979,40679,2012-12-09,28,OZ,1,2.19
458455309,64,51,5127,103100030,1358,2012-09-11,8,OZ,1,1.25
458455309,64,26,2630,1072543979,40679,2013-02-19,85,CT,2,2.62
458470846,68,51,5123,101380010,27474,2012-03-31,90,OZ,1,13.1
458470846,68,39,3903,105390050,3047,2012-12-01,24,OZ,1,0.1
458472855,68,58,5812,1078533171,7796,2012-05-28,12,OZ,1,1.19
458478019,68,57,5705,103663232,4568,2012-03-04,48,OZ,1,5.99
458478019,68,99,9908,103338333,33170,2012-05-20,16,OZ,1,2.6
458478019,68,73,7302,1030057333,250,2012-06-03,20,CT,1,5.69
458478019,68,21,2117,104300040,26420,2012-06-17,60,OZ,4,8
458478019,68,9,902,102410020,44209,2012-09-09,11.5,OZ,2,7.98
458478019,68,63,6313,107357070,8185,2013-02-03,12,OZ,1,1.69
458478019,68,21,2106,105100050,27873,2013-06-30,64,OZ,2,5.38
458479975,64,29,2920,102970020,8711,2012-12-18,4,OZ,2,1.6
458480484,64,96,9609,1052550050,88199,2012-06-14,0,,1,-0.25
458480484,64,8,818,103620030,14868,2012-08-09,23.9,OZ,3,6.04
458481941,64,9,908,102430020,10577,2013-01-27,10.6,OZ,1,1.5
458481941,64,99,9909,107127979,6732,2013-02-14,12,OZ,1,1.29
458482989,70,14,1411,103582636,6564,2013-07-14,20,OZ,1,0.5
458488350,64,58,5823,104450040,8318,2013-01-22,9,OZ,1,3
458490576,64,29,2925,101740010,47096,2012-12-31,14,OZ,2,4.98
458504582,62,33,3303,102840020,10241,2013-02-18,9.5,OZ,2,6
458505919,65,5,501,103800030,9891,2012-03-18,11.4,OZ,2,6.49
458505919,65,26,2620,1072543979,21664,2012-04-21,100,CT,1,4.99
458517843,70,57,5704,107047070,20230,2012-09-09,6,OZ,7,4.9
458517843,70,58,5814,104470040,10837,2012-10-30,8.9,OZ,3,8.37
458517843,70,63,6328,107590070,2073,2013-06-02,24,OZ,2,7
458518280,69,53,5307,102000020,7655,2012-04-30,12,OZ,3,5
458518280,69,63,6315,1072543979,12469,2013-01-13,64,OZ,1,3.39
458518280,69,51,5132,107007777,17950,2013-01-24,7.9,OZ,1,2.49
458518280,69,63,6315,1072543979,12469,2013-04-16,64,OZ,1,3.39
458518768,70,2,202,1064420969,5345,2013-03-06,17.6,OZ,1,0.44
458527073,64,44,4404,103582636,6564,2012-06-07,13.5,OZ,2,4.58
458529043,68,56,5616,104610040,15889,2012-05-13,8,OZ,1,2.99
458529043,68,63,6305,103582636,6564,2012-05-25,64,OZ,1,2.69
458529043,68,36,3604,107297979,16095,2012-10-31,60,OZ,1,3.49
458535597,70,99,9909,107127979,6732,2012-05-11,9,OZ,1,2.6
458539595,64,64,6407,108210080,828,2012-05-21,1.5,LT,1,8.49
458543836,70,5,502,101600010,107416,2012-10-17,4.5,OZ,1,2.89
458545347,68,9,902,101410010,45039,2012-07-11,6.6,OZ,1,2.09
458547002,71,27,2705,105000050,6775,2012-03-26,5.5,OZ,20,10.8
458580847,65,56,5620,1072543979,40679,2012-12-10,8,OZ,2,4.54
458591182,65,27,2704,1072543979,21664,2012-03-29,2,CT,2,8.78
458591182,65,27,2704,107910070,27108,2012-08-16,27.5,OZ,1,11.14
458597828,70,57,5705,1072543979,40679,2012-11-12,6,OZ,2,1
458605040,64,81,8101,101230010,19956,2012-12-09,10,CT,1,36.68
458605040,64,41,4105,103582636,6564,2013-01-05,14.5,OZ,1,0.72
458606063,101,73,7358,102250626,17063,2012-08-09,14,OZ,1,5.99
458606537,64,44,4401,102580020,16668,2012-08-21,9.44,OZ,2,6.08
458606537,64,5,501,104240040,40317,2013-03-15,19.5,OZ,1,2.5
458608925,64,36,3618,1072543979,40679,2012-05-04,67.6,OZ,1,0.88
458608925,64,2,211,101600010,1910,2012-07-11,40,OZ,1,3.29
458609763,65,9,911,103582636,6564,2012-04-20,5,OZ,1,0.75
458609763,65,36,3612,1072543979,12469,2012-07-05,128,OZ,1,0.4
458609763,65,26,2609,1072543979,21664,2012-08-07,45,CT,1,-0.71
458620697,64,58,5833,107080070,16704,2012-04-21,16,OZ,1,3.39
458624947,64,65,6502,103582636,6564,2012-09-05,15,OZ,1,2.79
458624947,64,26,2622,101370010,8154,2012-09-30,13,CT,1,2.99
458627356,64,55,5552,103582636,6564,2012-12-15,48,OZ,1,2.59
458627356,64,36,3601,101200010,13794,2013-03-17,20,OZ,1,1.69
458628076,65,14,1404,104360040,19809,2012-05-26,24,OZ,2,4.12
458628076,65,41,4107,104144343,11130,2012-12-29,15,OZ,2,1.98
458634646,71,79,7901,107148676,44169,2012-05-23,1,CT,1,9.95
458634646,71,2,213,1064420969,5345,2012-08-17,20.5,OZ,1,1.19
458639880,65,58,5824,103582636,6564,2012-05-16,19,OZ,1,4.49
458642070,70,63,6320,1072543979,40679,2012-05-16,12,CT,1,1.79
458642070,70,63,6320,1072543979,40679,2012-06-08,12,CT,1,1.73
458645662,101,63,6315,1068826767,81691,2013-03-03,32,OZ,1,0.99
458654326,64,37,3703,103582636,6564,2012-09-15,10.5,OZ,2,1.57
458654326,64,36,3601,101200010,13794,2013-02-04,144,OZ,3,13.68
458668359,70,7,708,101291919,16123,2012-05-05,12,OZ,1,6.45
458668807,65,26,2634,103600030,4139,2012-10-01,6,RL,1,4.79
458677702,64,41,4107,1072543979,40679,2013-01-06,15,OZ,1,0.67
458682186,65,57,5707,107047070,20230,2012-06-28,16,OZ,1,2.29
458698013,69,75,7503,103660030,3271,2012-12-19,0.15,OZ,1,1.89
458698758,101,4,418,103400030,20231,2012-03-10,12,OZ,1,4.19
458698758,101,27,2710,107023070,18373,2012-06-30,10,LB,1,2.09
458698758,101,5,501,101600010,12936,2012-12-21,18,OZ,1,3.59
458699240,64,9,907,104500040,12473,2012-03-24,20,OZ,1,1.99
458705294,71,58,5837,104470040,13310,2012-07-10,2.1,OZ,1,5.09
458707080,64,69,6901,101204414,13056,2012-10-03,2.6,OZ,1,3.99
458714427,69,31,3110,103582636,6564,2012-08-04,2.8,OZ,1,-1.3
458726098,64,33,3303,104178040,19154,2012-04-29,1,OZ,1,0.33
458726098,64,36,3611,1072543979,40679,2012-06-22,405.6,OZ,1,2.99
458726098,64,56,5616,104610040,15889,2012-06-26,8,OZ,1,2.75
458726098,64,79,7903,107244070,13776,2012-11-16,1,CT,1,4.99
458726098,64,33,3302,102389626,14268,2013-01-01,9.6,OZ,1,3.39
458726098,64,57,5707,107047070,20230,2013-03-16,16,OZ,1,2.2
458730353,65,27,2710,104178848,3130,2012-06-01,14,LB,1,6.49
458730353,65,63,6328,109741999,6014,2013-02-14,8,OZ,1,0.89
458731783,70,64,6409,103125939,20202,2013-01-15,0.75,LT,1,6.99
458734450,101,5,501,101600010,3789,2013-04-07,11.8,OZ,1,2.99
458734450,101,0,0,10000,0,2013-06-07,0,,1,2.99
458738253,70,65,6502,101800010,14029,2012-10-13,14.1,OZ,1,3.09
458738253,70,32,3202,1072543979,40679,2013-02-03,32,OZ,1,1.99
458738253,70,9,917,102733121,13084,2013-06-24,15,OZ,1,2.59
458748335,101,71,7113,1060308464,7034,2012-06-23,13,OZ,2,5.98
458748335,101,0,0,10000,20405,2013-05-06,0,,1,-4.99
458752401,69,9,907,101410010,13791,2012-06-21,16,OZ,1,3.99
458752401,69,25,2509,103450030,10165,2012-07-16,16,OZ,1,2
458752401,69,97,9753,1023841727,0,2012-08-24,1,CT,2,12.62
458752401,69,8,801,101300010,8164,2012-11-16,32,OZ,1,2.99
458757958,101,57,5705,107047070,20230,2012-11-28,6,OZ,3,2.49
458757958,101,27,2713,105000050,11668,2013-04-23,5.5,OZ,5,2.9
458760523,101,12,1202,108660080,2559,2012-03-18,14.75,OZ,2,10.98
458760523,101,99,9909,1068826767,12475,2012-05-13,7,OZ,1,3.99
458760523,101,26,2630,103700030,14647,2013-03-30,56,CT,3,3.87
458767182,77,14,1404,107078474,18552,2012-04-06,25,OZ,1,1.8
458767182,77,21,2119,107336070,867,2012-08-19,128,OZ,1,2.5
458767182,77,26,2633,107078474,18552,2012-08-26,1,RL,2,1.3
458767182,77,35,3509,107261373,401,2013-04-21,50,OZ,2,5.99
458772805,68,26,2629,107331070,11125,2012-11-01,500,CT,1,3.59
458772805,68,9,907,107167373,17480,2013-01-14,15,OZ,1,2.5
458778248,70,56,5617,107717272,102504,2012-11-01,7.3,OZ,1,3.99
458782955,64,33,3303,1072543979,40679,2013-04-17,10.5,OZ,2,3.94
458789261,65,27,2709,102310020,7480,2013-03-25,3,OZ,1,2.89
458801621,101,5,501,101600010,3331,2012-10-19,21.6,OZ,1,4.79
458801658,65,63,6320,1072543979,40679,2012-05-04,18,CT,1,2.53
458805332,101,57,5710,1068954464,6086,2012-04-16,5.3,OZ,6,7.5
458805332,101,21,2119,1065762262,26129,2012-07-09,64,OZ,1,3.19
458809941,101,63,6305,101630010,6509,2012-09-08,16,OZ,1,1.39
458809941,101,33,3303,104178040,19154,2012-11-10,10,OZ,1,4.29
458815638,101,41,4108,1068826767,81691,2012-12-24,15.5,OZ,2,1.3
458815638,101,11,1110,108201181,12197,2013-03-11,4.44,OZ,1,2.79
458819278,70,9,907,107518575,11221,2012-08-13,15,OZ,2,6.98
458823427,101,10,1004,104300040,26232,2012-03-16,3.5,OZ,1,0.8
458823427,101,38,3801,1068826767,81691,2012-12-01,4,LB,1,2.39
458823427,101,9,907,107130575,11013,2013-02-21,20,OZ,1,3.29
458829330,101,33,3307,101030010,5740,2012-05-16,11,OZ,1,5.25
458839509,64,63,6320,1072543979,40679,2012-10-03,12,CT,1,1.67
458839697,65,0,0,10000,0,2013-01-15,0,,3,0
458859056,101,32,3204,104173646,6305,2012-10-28,50.7,OZ,1,9.99
458859056,101,26,2630,103600030,9787,2013-01-26,552,CT,1,5.15
458860175,64,29,2925,1072543979,40679,2012-08-19,48,OZ,1,1.56
458860203,101,55,5555,107684070,32094,2012-09-11,16,OZ,2,7
458860203,101,9,902,103800030,17050,2012-09-21,4,OZ,1,3
458861460,64,49,4901,101312010,26885,2012-05-07,28,OZ,1,2.99
458861460,64,51,5117,104280040,18599,2013-01-25,10.7,OZ,3,4.03
458862430,101,23,2301,1068826767,81691,2012-08-14,16,OZ,1,0.89
458867847,65,58,5836,107590070,2073,2012-11-30,12,OZ,1,2.5
458870521,77,0,0,10000,20405,2012-07-25,0,,1,-2
458870521,77,0,0,10000,0,2012-08-22,0,,35,2.1
458871894,77,27,2706,105000050,6132,2012-05-26,3,OZ,4,2.7
458875892,64,33,3319,102840020,15598,2012-06-05,8.5,OZ,2,7.28
458875892,64,30,3008,102100020,9886,2012-07-31,16,OZ,2,4.36
458888427,101,0,0,10000,0,2012-09-09,0,,1,3.29
458888427,101,8,810,104600040,13023,2013-03-10,1,OZ,6,5.22
458888751,64,63,6315,1072543979,40679,2012-07-12,128,OZ,1,3.64
458894606,69,99,9901,1076857373,53091,2012-08-18,0.75,OZ,1,1.99
458900442,71,41,4107,103582636,6564,2012-06-09,15,OZ,2,1.49
458900442,71,41,4107,1072543979,40679,2012-06-26,14.5,OZ,2,1.6
458900442,71,36,3618,101200010,23361,2012-07-24,67.6,OZ,1,1.5
458900442,71,51,5134,104280040,18599,2013-02-18,44.5,OZ,1,7.99
458903356,101,33,3302,1068826767,7740,2012-07-23,10.5,OZ,1,1
458903356,101,18,1822,1068826767,7173,2012-10-28,27,OZ,1,3.85
458903356,101,26,2633,1068826767,33170,2013-03-11,4,RL,1,2
458917281,64,63,6320,1072543979,40679,2012-07-23,12,CT,1,2.08
458917281,64,31,3101,103582636,6564,2012-09-23,2.5,OZ,1,2.29
458918565,101,72,7205,103700030,4294,2012-08-18,6,OZ,2,6
458925873,69,5,501,1088491282,8459,2012-07-28,14.5,OZ,1,1.29
458933228,101,56,5609,104138343,10091,2013-06-19,16,OZ,1,2.59
458935045,64,26,2629,103700030,2248,2012-09-10,200,CT,1,2.39
458935045,64,41,4108,102880020,7907,2013-02-23,40.5,OZ,1,1.6
458941486,65,26,2633,103040030,683,2012-04-07,6,RL,1,4.89
458941486,65,24,2415,103760030,11238,2013-03-08,15,OZ,2,4.88
458948146,69,9,907,107225070,12465,2012-12-29,20,OZ,1,2.99
458948146,69,38,3801,1072543979,40679,2013-03-11,4,LB,1,2.19
458951676,70,21,2117,108768484,2903,2012-10-17,60,OZ,2,5.38
458951676,70,63,6305,1072543979,40679,2013-05-11,64,OZ,2,3.94
458953587,77,5,519,103000030,14760,2013-01-27,11.9,OZ,2,6
458953587,77,37,3703,105100050,2820,2013-02-27,11,OZ,1,1.99
458954017,64,33,3303,102840020,15598,2012-08-12,9.5,OZ,1,4.29
458975160,64,58,5833,102874929,43198,2012-05-18,21,OZ,1,4.99
458980023,68,63,6320,1072543979,40679,2012-12-10,18,CT,1,2.59
458998466,65,9,908,104500040,8511,2012-09-13,12.2,OZ,1,2.5
458998466,65,64,6401,103410030,11704,2013-01-04,216,OZ,1,10.99
458998466,65,33,3307,102840020,21452,2013-03-07,5.5,OZ,1,3.19
459006771,64,41,4121,1072543979,40679,2013-02-09,8,OZ,2,0.64
459010798,101,96,9609,1054410050,88199,2012-08-22,0,,1,-1
459010798,101,56,5620,102100020,9886,2013-02-20,7,OZ,1,2.5
459012406,101,26,2630,106343565,16050,2013-04-19,250,CT,1,1.99
459014287,101,63,6316,102100020,2321,2012-12-16,16,OZ,2,3.98
459016720,101,57,5710,103663232,4568,2013-01-27,5.3,OZ,3,3
459017137,101,5,521,101313010,4253,2012-12-10,12.3,OZ,1,2.99
459017137,101,73,7308,109110898,3813,2013-01-11,18,CT,1,4.99
459017137,101,71,7106,103700030,8047,2013-01-27,23.7,OZ,1,6.99
459025191,101,9,920,107641070,10160,2012-07-28,10,OZ,1,2.5
459026902,101,63,6315,103573333,18897,2013-05-14,64,OZ,1,2.11
459029576,77,36,3630,107800070,23561,2012-10-12,144,OZ,2,11.98
459033170,101,95,9518,1072047373,7848,2013-02-12,1,CT,1,2.99
459038184,101,63,6315,1068826767,81691,2012-08-08,64,OZ,1,1.79
459040913,101,72,7205,103500030,3830,2012-12-31,6.4,OZ,2,3
459040996,70,29,2914,102100020,9886,2013-01-02,5.5,OZ,1,0.6
459040996,70,19,1908,102900020,14112,2013-01-11,28,OZ,1,5.19
459046223,77,15,1506,1089418585,27670,2012-05-01,0.28,OZ,1,1
459052676,70,64,6401,101820010,2510,2012-06-01,144,OZ,1,12.29
459052676,70,53,5307,101450010,20864,2012-10-07,12,OZ,3,3.92
459070333,77,53,5307,101450010,20864,2012-05-15,12,OZ,1,1.5
459070333,77,36,3618,101200010,23361,2013-04-23,96,OZ,1,2.98
459072330,101,5,516,101600010,6283,2013-04-15,4.1,OZ,2,6.58
459077188,77,9,908,107203070,5812,2012-09-26,8.25,OZ,0,0
459078002,101,26,2634,103600030,4139,2012-12-07,12,RL,1,6.99
459083169,101,18,1837,107112171,4446,2012-08-18,16,OZ,1,7.99
459083301,101,25,2507,108425383,15248,2012-07-22,32,OZ,1,2.19
459083790,101,27,2701,101113212,491,2012-08-10,13.2,OZ,1,0.67
459083790,101,35,3507,105170050,6335,2012-08-13,6.76,OZ,1,3.49
459083790,101,27,2702,107119070,23292,2012-11-20,14,LB,1,15.29
459084534,101,51,5115,101960010,3174,2012-03-29,5.6,OZ,1,1
459085836,101,9,901,103010030,3454,2012-04-25,14.5,OZ,2,5
459085836,101,97,9799,108149282,26186,2012-12-21,1,CT,1,2.49
459085836,101,56,5607,104175747,10216,2013-02-08,6,OZ,1,2.5
459101171,101,36,3611,104900040,4599,2012-08-26,405.6,OZ,1,4.99
459105940,101,73,7303,1034658131,15758,2012-07-30,4,OZ,1,3.89
459105940,101,72,7203,1031254737,10554,2012-10-10,33.8,OZ,1,3.99
459113332,101,58,5814,104470040,10837,2012-04-26,10.6,OZ,1,2.5
459113332,101,96,9609,1054740050,88199,2012-04-29,0,,1,-1
459113332,101,63,6315,107047272,26467,2012-09-16,64,OZ,1,0.99
459113332,101,33,3303,108411484,9596,2013-01-19,8,OZ,1,3.69
459113332,101,26,2620,104200040,5016,2013-02-23,10,CT,1,2.49
459116789,101,22,2207,102420020,14716,2013-04-21,66,OZ,1,3.75
459126759,101,12,1206,1068826767,7173,2012-03-17,20,OZ,1,5.29
459126759,101,36,3626,101200010,16391,2012-09-21,101.4,OZ,1,2.99
459126759,101,40,4004,107231070,1841,2013-02-28,1.18,OZ,1,2.79
459145372,101,53,5305,102000020,7655,2013-03-20,8,OZ,1,1.79
459146212,101,97,9753,1020437828,0,2012-08-10,1,CT,1,5.71
459146212,101,36,3604,107297979,16095,2012-10-07,60,OZ,1,3.34
459146212,101,22,2211,103700030,2246,2013-01-20,80,CT,1,4.49
459160880,101,36,3634,105200050,14597,2012-10-11,24,OZ,5,2.5
459160880,101,17,1708,102570020,27327,2013-02-15,1.34,OZ,1,3.29
459160880,101,96,9609,1053500050,88199,2013-06-28,0,,1,-1
459165125,101,33,3303,104178040,19154,2012-07-21,10,OZ,1,4.29
459165125,101,9,922,102560020,18051,2013-02-02,12,OZ,1,3.99
459166043,101,21,2108,102850020,10802,2012-07-02,64,OZ,1,2.65
459166043,101,99,9904,1071575676,5278,2013-04-05,16,OZ,1,2.99
459168239,77,33,3314,103000030,14760,2013-05-08,3.03,OZ,1,1.99
459169992,101,8,836,103915333,3811,2012-03-09,17,OZ,1,3.09
459177073,101,27,2704,107910070,27108,2012-12-07,5.6,OZ,1,2.5
459177073,101,96,9609,1053600050,88199,2013-02-07,0,,1,-1
459179665,101,99,9909,107143070,5072,2012-09-16,9,OZ,1,2.5
459186649,101,54,5403,107790070,9200,2012-03-16,16,OZ,1,5.39
459187999,101,71,7107,107124979,21913,2012-04-25,1,CT,1,8.99
459187999,101,51,5133,107320272,9303,2012-10-24,22.5,OZ,1,4.99
459187999,101,97,9753,1023003525,0,2013-01-23,1,CT,1,3.49
459187999,101,63,6320,1068826767,81691,2013-05-01,12,CT,1,1.69
459187999,101,9,970,103800030,62065,2013-05-08,14.1,OZ,1,2.19
459187999,101,35,3507,1068761868,19621,2013-05-15,12,OZ,1,3.19
459191519,70,99,9904,10505037252,3457,2012-06-14,1,CT,1,2.92
459192739,101,63,6315,1068826767,81691,2012-05-29,64,OZ,2,3.57
459192739,101,26,2622,102570020,20361,2012-08-18,50,CT,2,4.18
459192739,101,99,9908,101228919,53151,2013-01-20,8,OZ,3,3
459197393,101,53,5307,1068826767,81691,2013-01-23,16,OZ,1,1.5
459207873,101,9,902,104400040,12279,2012-12-07,16,OZ,1,2.5
459207873,101,30,3009,104100040,19975,2012-12-28,8,OZ,2,3.58
459209553,64,37,3706,103582636,6564,2012-09-09,10.5,OZ,4,5.56
459209553,64,34,3499,103760434,27723,2013-02-27,1,CT,1,1.69
459209553,64,63,6316,1072543979,40679,2013-03-10,16,OZ,1,1.47
459220326,101,56,5620,104610040,15889,2012-04-07,8,OZ,1,3
459220326,101,51,5117,1068826767,81691,2012-07-24,18.3,OZ,1,2.69
459220326,101,8,838,104174040,7430,2013-01-17,6,OZ,1,1.5
459220326,101,29,2923,104100040,9814,2013-02-11,4.4,OZ,1,1
459220326,101,9,908,107203070,5812,2013-03-14,18,OZ,1,6.69
459233518,101,33,3321,107332171,17710,2012-06-05,9,OZ,2,4
459234850,77,33,3318,107797575,27417,2012-06-16,16,OZ,1,3
459234850,77,64,6401,108769282,15787,2012-08-09,72,OZ,1,8.49
459234850,77,58,5815,103760030,8501,2012-08-18,5,OZ,1,3.99
459245743,101,13,1306,1068826767,81691,2013-05-04,5,LB,1,2.39
459245798,101,0,0,10000,20405,2012-10-07,0,,1,-8.96
459245798,101,56,5615,102100020,4218,2013-06-23,8,OZ,2,5
459246983,101,63,6305,104850040,18799,2012-06-10,89,OZ,1,4.59
459246983,101,21,2106,1068826767,81691,2012-11-16,64,OZ,1,1.99
459250562,101,5,516,104300040,14112,2012-03-04,8.1,OZ,1,2.5
459250562,101,63,6315,1068826767,81691,2012-08-05,128,OZ,1,3.7
459279874,101,73,7344,1030014939,80272,2013-03-03,12,OZ,1,5.99
459285516,77,63,6328,107111777,15194,2012-06-05,20,OZ,2,2.29
459285516,77,33,3301,104126242,19971,2013-02-05,6.5,OZ,1,2.5
459286593,101,58,5812,104470040,13310,2013-02-12,16,OZ,1,3.99
459294789,101,26,2609,1068826767,20616,2012-09-07,100,CT,1,2.25
459294789,101,9,907,1068826767,81691,2012-09-27,20,OZ,1,1.99
459297181,101,8,838,107461575,65031,2012-11-09,6.5,OZ,1,2.79
459297181,101,33,3303,107260070,8245,2012-11-23,10.5,OZ,1,2.34
459299228,70,9,908,1076036676,6564,2012-09-13,14,OZ,1,3.49
459304819,77,58,5812,107384979,27281,2012-08-25,16,OZ,1,4.69
459304819,77,99,9909,107127979,6732,2012-09-29,12,OZ,2,4
459304819,77,64,6401,107199070,4043,2012-12-08,360,OZ,1,21.99
459306559,101,9,907,107130575,11013,2012-12-16,20,OZ,1,3.99
459306559,101,9,901,104400040,8463,2013-07-04,10,OZ,2,5
459311896,101,79,7901,107224676,20014,2012-07-13,1,CT,1,1.79
459311896,101,40,4004,107231070,1841,2012-11-10,1.6,OZ,1,2.5
459313321,101,96,9609,1055100050,88199,2012-03-31,0,,2,-1
459313321,101,96,9609,1055400050,88199,2012-06-16,0,,1,-1
459313321,101,63,6330,1068826767,81691,2012-12-14,8,OZ,1,1.49
459313321,101,33,3309,1068826767,81691,2012-12-21,13.5,OZ,1,1.99
459316296,101,36,3601,104900040,3809,2012-12-12,144,OZ,2,9
459318785,101,8,810,104600040,13023,2013-03-10,1,OZ,1,0.87
459325203,101,4,416,101070010,8131,2012-04-27,1.4,OZ,1,0.99
459325203,101,57,5704,107047070,20230,2013-02-14,6,OZ,4,2.67
459325203,101,99,9904,1071575676,5278,2013-03-12,32,OZ,1,5.89
459325497,101,8,810,104760040,19679,2012-06-29,1.12,OZ,2,1.6
459325497,101,33,3303,107701979,7485,2012-06-29,20,OZ,1,4.19
459325497,101,51,5134,107218070,18520,2013-03-29,20,OZ,2,7.98
459329300,101,72,7203,10200020,12691,2012-08-28,36,OZ,1,-1
459329300,101,26,2630,1068826767,81691,2013-02-11,80,CT,2,2
459330433,101,63,6399,101074212,19957,2012-05-02,16,OZ,1,4.59
459333814,68,21,2119,101200010,10522,2012-03-02,144,OZ,1,3
459333814,68,33,3305,103582636,6564,2012-03-13,12.5,OZ,1,2.69
459333814,68,37,3709,107066272,12673,2012-09-22,3,OZ,5,1.45
459333814,68,55,5558,107585676,9798,2013-01-07,25.3,OZ,1,3.19
459339302,101,57,5703,1068826767,81691,2012-04-05,6,OZ,2,1.78
459339302,101,19,1905,104180040,19713,2012-10-26,22,OZ,1,2
459339302,101,79,7901,102717222,47026,2013-02-16,1,CT,1,7.95
459352493,101,63,6315,107999777,15502,2013-05-07,128,OZ,1,4.13
459377622,101,56,5615,102100020,4218,2012-10-08,8,OZ,1,3.49
459383607,101,63,6315,1068826767,81691,2012-05-24,64,OZ,1,1.8
459383607,101,9,901,104400040,13243,2013-02-02,14.3,OZ,2,6
459383607,101,57,5710,103663232,4568,2013-04-16,21.2,OZ,1,3.69
459393246,77,14,1404,107078474,18552,2012-07-03,50,OZ,1,2.69
459395904,101,9,912,104812141,18322,2012-08-29,15,OZ,1,3.99
459395904,101,9,901,103010030,44654,2012-09-16,12,OZ,1,2.5
459395904,101,58,5828,104120848,18062,2012-12-31,6,OZ,1,2.99
459398915,101,59,5902,103450030,10165,2013-03-20,16,OZ,2,5
459403074,101,27,2709,102310020,18139,2012-04-30,3,OZ,1,1.67
459404798,101,9,901,104400040,12885,2012-03-31,16,OZ,1,3
459404798,101,56,5621,103090030,19704,2013-01-19,8,OZ,1,2.99
459406543,101,12,1205,108660080,2559,2012-03-04,5,OZ,1,2.85
459406543,101,63,6320,1068826767,81691,2012-10-28,12,CT,2,3.98
459406543,101,63,6320,1068826767,81691,2012-11-11,12,CT,2,3.98
459406543,101,56,5620,1068826767,81691,2013-05-19,8,OZ,1,2.5
459412847,101,36,3629,104900040,6716,2012-11-10,144,OZ,2,9
459412847,101,63,6315,1068826767,81691,2012-12-26,64,OZ,1,1.89
459413337,101,96,9609,1055170050,88199,2013-03-25,0,,2,-1
459421840,77,99,9908,107047575,7217,2012-11-12,8,OZ,1,2.29
459425534,101,57,5710,1089470080,21065,2012-10-25,5.3,OZ,2,2.38
459425534,101,96,9609,1053600050,88199,2013-04-18,0,,1,-1
459429635,101,59,5902,1068826767,81691,2012-06-18,16,OZ,1,2.79
459429635,101,33,3303,107260070,8245,2012-08-02,10,OZ,1,0
459429635,101,99,9904,1071575676,5278,2013-02-20,16,OZ,2,4.99
459429635,101,37,3707,102400020,3843,2013-05-29,48,OZ,2,5.98
459431247,77,44,4404,1074816272,16521,2012-11-10,11.25,OZ,1,3.99
459431247,77,9,908,1089963282,19704,2013-01-19,5.5,OZ,1,3.99
459431247,77,60,6001,105000050,30272,2013-02-09,16.5,OZ,1,0
459432250,101,37,3706,104119646,14582,2012-11-23,18,OZ,1,1.67
459432250,101,96,9609,1053320050,88199,2013-04-20,0,,1,-1
459447898,101,99,9908,107878373,26033,2012-06-11,12,OZ,1,2.99
459448726,101,19,1910,10980090,12851,2012-12-16,13,OZ,1,2.99
459454488,77,63,6320,107078474,18552,2012-04-04,12,CT,1,1.59
459454488,77,73,7302,103680030,18533,2012-06-14,24,CT,1,1
459454488,77,4,418,103400030,45489,2013-01-08,9.4,OZ,1,1.89
459454488,77,4,416,102800020,16558,2013-02-13,1,OZ,1,0.69
459457573,101,97,9753,1023230424,0,2012-06-01,1,CT,2,6.26
459457573,101,14,1404,1068826767,81691,2012-08-13,24,OZ,1,1.69
459457573,101,62,6201,1068826767,7173,2012-12-06,16,OZ,2,6.28
459464044,77,63,6315,104138343,10091,2012-03-20,64,OZ,1,4.59
459464103,101,31,3101,104010040,27443,2012-11-21,1.9,OZ,1,3.79
459464103,101,9,921,102560020,18051,2013-04-10,4,OZ,1,1.69
459464729,101,96,9609,1057274555,88199,2012-09-25,0,,2,-1.5
459464729,101,38,3801,104920040,5098,2012-12-17,4,LB,2,5
459470928,101,96,9609,1051600050,88199,2012-05-27,0,,2,-2
459470928,101,96,9609,1051600050,88199,2013-03-30,0,,1,-1
459476087,101,99,9902,102548424,12334,2013-03-08,14,OZ,1,2.79
459478967,101,36,3618,101200010,23361,2012-11-10,67.6,OZ,1,1.5
459478967,101,41,4107,102000020,7655,2012-11-20,14.5,OZ,3,1.5
459481051,101,9,901,103010030,3454,2012-07-08,14.8,OZ,1,2
459483422,101,96,9609,1054800151,88199,2012-11-11,0,,1,-1
459484125,101,14,1410,103900030,10383,2012-11-01,15,OZ,2,3.78
459489628,101,95,9518,107000070,7848,2013-05-08,1,CT,1,0.99
459494329,101,63,6311,107146474,2142,2012-07-03,52,OZ,1,5.99
459494329,101,97,9753,1020820525,0,2012-11-18,1,CT,1,35.36
459494329,101,63,6305,101630010,6509,2013-04-21,89,OZ,2,7.48
459498952,101,45,4517,107254575,61490,2012-05-11,32,OZ,1,4.99
459498952,101,56,5617,102100020,19279,2012-12-28,12,OZ,1,2.28
459504126,101,57,5704,107047070,20230,2012-03-05,16,OZ,1,3.19
459504126,101,0,0,10000,20405,2012-08-20,0,,2,-1.68
459504126,101,56,5614,1068826767,81691,2012-11-29,16,OZ,1,4.19
459504126,101,8,810,105210050,11382,2013-04-18,1.06,OZ,4,4
459505416,77,63,6313,1061611262,23016,2012-10-28,7,OZ,4,11.96
459506164,101,63,6320,1071514171,25530,2013-03-15,12,CT,1,2.79
459514163,77,26,2631,103600030,4139,2012-04-20,42,CT,1,2.49
459514163,77,47,4705,102500020,1230,2012-06-27,10,OZ,2,7.53
459514163,77,95,9518,1061029060,6015,2012-09-27,1,CT,1,1.99
459514163,77,40,4005,1074239272,3032,2012-11-08,1.25,OZ,1,1
459514163,77,53,5305,107078474,18552,2013-01-31,10,OZ,1,1
459514248,77,58,5823,107010070,9243,2012-12-24,8,OZ,1,2.99
459514248,77,99,9909,107127979,6732,2013-03-09,12,OZ,1,1.99
459519270,77,0,0,10000,20405,2012-08-27,0,,3,-1.48
459519799,77,36,3630,101200010,23361,2012-03-19,67.6,OZ,1,1.67
459519799,77,36,3634,1073951070,16807,2012-07-11,20,OZ,1,1
459519799,77,2,201,105150050,14029,2012-07-14,15.25,OZ,1,1.79
459519799,77,2,211,104010040,6455,2012-10-24,14,OZ,1,2.99
459519799,77,2,211,104140949,3957,2013-02-09,13.7,OZ,1,2.5
459519799,77,63,6315,107078474,18552,2013-03-09,128,OZ,1,2.59
459519799,77,34,3411,103700030,13056,2013-06-20,18,OZ,2,5.98
459519799,77,0,0,10000,20405,2013-07-06,0,,1,-25.42
459524823,101,33,3307,101411313,23033,2013-04-02,7,OZ,2,7.38
459524823,101,19,1910,10980090,12851,2013-04-16,26.5,OZ,1,5.99
459531873,101,97,9753,1073231373,0,2012-04-26,1,CT,2,6.98
459531873,101,33,3318,107797575,27417,2013-06-07,12,OZ,1,3.49
459533846,101,9,908,102430020,10577,2012-12-13,10.6,OZ,1,1.79
459542479,101,41,4105,1068826767,81691,2012-08-11,14.5,OZ,1,0.69
459542479,101,21,2112,103120030,12957,2012-08-24,64,OZ,1,2.5
459542479,101,22,2210,107261373,16794,2013-02-20,32,OZ,1,3.99
459547077,101,36,3635,101657111,17037,2012-09-15,17,OZ,3,3
459547077,101,27,2704,107910070,30096,2013-02-02,24,OZ,2,6.52
459550842,101,27,2705,105000050,6775,2013-05-12,5.5,OZ,5,2.05
459557682,101,27,2712,1068826767,7173,2012-11-10,160,OZ,1,10.99
459557694,77,16,1604,102200020,13228,2012-07-19,14,CT,3,3
459557694,77,33,3315,101030010,5740,2012-09-30,7.5,OZ,2,5.98
459558326,101,18,1837,104152040,16665,2013-02-07,6,OZ,1,3.49
459560191,101,4,418,103400030,8247,2012-10-08,10.35,OZ,1,3
459561592,101,36,3626,104900040,17186,2012-05-20,101.4,OZ,1,3.34
459562974,101,63,6323,1068826767,81691,2012-03-16,16,OZ,1,0.75
459562974,101,8,810,105210050,11382,2012-08-18,0.02,OZ,1,1.19
459562974,101,99,9904,1071575676,5278,2012-12-30,16,OZ,1,2.5
459563021,101,73,7302,1034152030,2963,2013-02-02,100,CT,1,4.24
459563021,101,12,1205,108000080,17292,2013-02-16,5,OZ,2,1.98
459563021,101,36,3611,1068826767,7173,2013-03-23,192,OZ,1,3.49
459563128,101,73,7307,1034152030,2963,2012-11-09,4,OZ,1,2.99
459570836,101,9,913,104812141,18322,2012-04-29,12,OZ,1,3.99
459578823,77,54,5401,101960010,1058,2012-04-06,12.3,OZ,1,2.79
459578823,77,35,3509,103700030,5848,2012-10-17,50,OZ,1,2.79
459578823,77,9,907,107133070,25887,2013-01-28,20,OZ,2,3.99
459578906,101,36,3604,1068826767,81691,2013-02-16,67.6,OZ,1,0.79
459584650,101,63,6305,101630010,6509,2012-03-19,59,OZ,1,2.5
459584650,101,72,7205,103700030,4294,2012-04-30,7.8,OZ,1,4.59
459584650,101,14,1405,103120030,12957,2013-02-25,14,OZ,1,1.79
459590988,101,62,6201,1068826767,81691,2012-07-01,22,OZ,1,2.19
459603437,101,27,2713,105000050,11668,2012-07-09,5.5,OZ,4,2.2
459603437,101,56,5616,1068826767,81691,2012-12-10,10,OZ,1,3.29
459603566,101,63,6399,107590070,2073,2012-06-01,20,OZ,2,6
459603566,101,26,2630,103700030,14647,2013-02-06,56,CT,1,1.29
459606276,101,4,405,1068826767,81691,2012-07-10,10,OZ,1,0.99
459606276,101,26,2633,1068826767,33170,2013-03-10,6,RL,1,3.89
459606988,101,1,106,101500010,7142,2012-08-21,5,OZ,6,7.74
459606988,101,97,9707,1068826767,20616,2013-01-10,1,CT,1,3.49
459611963,101,99,9904,103338333,33170,2012-07-06,16,OZ,2,3.99
459611963,101,45,4514,1061989363,61544,2012-10-28,48,OZ,1,7.99
459617746,101,8,807,101300010,9031,2012-11-16,28,OZ,1,2.59
459631752,101,97,9753,1023003525,0,2012-05-23,1,CT,1,3.49
459631752,101,69,6901,107940070,1141,2012-11-25,2.7,OZ,1,3.79
459633496,101,50,5001,102113121,11151,2013-01-26,10,OZ,2,4.39
459635438,101,3,302,102800020,30272,2012-11-18,12,OZ,1,2.5
459635438,101,19,1908,104530040,13915,2013-04-19,16.3,OZ,1,2.59
459639970,101,97,9753,1020401525,0,2012-11-10,1,CT,404,8.04
459639993,101,57,5707,105215959,41981,2012-05-20,16,OZ,1,2
459639993,101,96,9609,1052113151,88199,2013-02-15,0,,1,-1
459662524,101,27,2709,102310020,18139,2012-10-20,2.1,OZ,1,1.67
459668790,101,26,2620,1068826767,7173,2012-04-01,50,CT,1,2.55
459668790,101,9,913,104812141,18322,2012-10-03,12,OZ,2,3.99
459669166,101,55,5556,104154848,5603,2012-08-10,48,OZ,2,6
459669166,101,9,907,101410010,13791,2012-10-26,16,OZ,2,4.29
459670399,77,12,1206,108660080,2559,2012-06-16,5,OZ,2,2.79
459672484,101,4,423,107726070,15624,2012-10-23,3,OZ,2,3.98
459677725,101,56,5615,102100020,4218,2013-03-03,8,OZ,1,2.99
459691695,101,8,816,1064034464,6731,2012-03-09,16,OZ,1,3.99
459691695,101,53,5307,102880020,7907,2012-09-23,12,OZ,1,1.99
459691695,101,19,1905,104180040,19713,2013-06-07,18,OZ,1,2
459697860,77,9,901,107078474,18552,2012-08-22,8.9,OZ,2,2
459725747,101,97,9753,10978030797,0,2012-03-16,1,CT,2,17.98
459726621,101,7,707,107103878,25424,2012-06-12,33.9,OZ,1,11.49
459726621,101,63,6315,105215959,41981,2012-08-13,64,OZ,1,4.39
459730941,101,21,2108,102850020,10802,2012-08-11,64,OZ,1,3.19
459730941,101,33,3319,102840020,10241,2013-03-02,9,OZ,1,3.99
459730941,101,51,5132,107997373,8069,2013-03-30,6.4,OZ,1,3.49
459735635,101,0,0,10000,20405,2012-08-15,0,,1,-14.09
459753315,101,99,9909,107143070,5072,2012-07-08,5,OZ,2,3.69
459753315,101,27,2710,104460040,6743,2013-06-15,14,LB,1,5.99
459756465,101,21,2105,105200050,7054,2012-09-17,72,OZ,3,11.25
459756465,101,8,816,1064034464,6731,2012-11-06,16,OZ,1,3.99
459756703,101,26,2633,105400050,16048,2012-06-02,12,RL,1,9.29
459756703,101,38,3801,1068826767,81691,2013-02-02,4,LB,1,2.49
459758385,101,63,6315,107047272,26467,2012-03-11,128,OZ,1,3.8
459758385,101,4,410,10100010,15704,2012-04-09,16,OZ,1,0
459760802,101,38,3802,104920040,5098,2012-12-15,2,LB,1,2
459762501,101,27,2702,102310020,13705,2012-07-23,20.4,LB,1,11.99
459764413,77,37,3707,102400020,3843,2012-11-16,14.5,OZ,3,3
459767395,101,33,3311,102840020,27521,2012-04-01,10.5,OZ,1,3.99
459767395,101,96,9609,1057047050,88199,2012-05-24,0,,3,-1.65
459767395,101,56,5620,102100020,9886,2012-12-03,8,OZ,3,8.97
459773394,77,70,7002,103680030,18533,2012-06-12,1,CT,1,1.99
459773394,77,34,3499,103680030,18533,2013-02-21,1,CT,1,0.88
459775614,101,24,2415,103760030,11238,2013-01-16,15,OZ,1,2.15
459775788,101,43,4302,107027272,15085,2012-11-01,6.5,OZ,1,2.59
459775788,101,41,4106,1068826767,81691,2013-02-14,8,OZ,2,3.98
459777614,77,63,6313,107251070,1909,2012-06-28,12,OZ,2,3
459781832,101,97,9753,1076163575,0,2012-03-22,1,CT,1,5.79
459793724,101,36,3618,104900040,23359,2012-09-13,20,OZ,1,1.59
459813565,101,97,9753,1023230424,0,2012-04-15,1,CT,1,24.3
459813565,101,58,5824,107778272,9260,2012-09-08,19,OZ,1,3.99
459823986,101,58,5831,1068826767,12475,2012-07-03,16,OZ,1,3.5
459823986,101,8,809,108425383,8745,2012-11-09,16,OZ,2,5.18
459823986,101,33,3305,102840020,18584,2012-12-19,10,OZ,1,3.89
459823986,101,36,3631,1071076070,7901,2013-01-21,48,OZ,1,3.69
459824172,101,41,4107,1068826767,81691,2013-04-16,8.5,OZ,1,0.69
459829311,77,9,901,107078474,18552,2012-04-17,32,OZ,1,2.5
459829699,101,63,6315,107774171,3738,2012-03-24,64,OZ,1,2.01
459829831,101,25,2507,104157040,2017,2012-06-02,32,OZ,2,4.98
459833205,77,7,707,102550020,6550,2013-03-09,29.2,OZ,1,9.99
