2212443468,240,99,9904,1071575676,5278,2012-08-13,16,OZ,1,1.99
2212443468,240,57,5710,1089470080,21065,2013-03-08,16,OZ,2,5.58
2212444314,240,56,5613,1073882474,21469,2012-08-09,12,OZ,1,6.99
2212444314,240,9,907,104114444,16284,2012-09-10,16,OZ,1,2.99
2212450035,8,79,7901,102710020,44692,2012-05-25,1,CT,1,3.99
2212450035,8,62,6202,102484222,2542,2012-07-05,9,OZ,2,9.58
2212450035,8,51,5129,102000020,7655,2012-11-19,12,OZ,1,3.39
2212450035,8,26,2619,104130343,38922,2013-01-05,28,CT,1,9.99
2212450035,8,0,0,10000,0,2013-02-04,0,,1,13.89
2212462999,77,28,2804,10930090,12157,2012-11-28,12,OZ,1,2
2212467985,69,37,3705,104119646,14582,2013-02-12,18.5,OZ,2,3.33
2212488429,70,58,5813,102265525,2626,2012-03-02,16,OZ,1,2.5
2212490970,165,55,5567,107064070,2014,2012-06-09,16,OZ,1,3.99
2212490970,165,97,9781,10000,8255,2012-09-08,1,CT,1,-1.05
2212490970,165,97,9781,10000,8255,2013-03-25,1,CT,1,-1.05
2212496050,26,32,3204,101111010,9907,2013-01-05,8.5,OZ,1,2.49
2212496050,26,63,6315,101111010,9907,2013-04-28,128,OZ,1,2.59
2212502613,98,29,2906,1076566777,711,2012-09-06,7.9,OZ,1,2.5
2212502613,98,53,5307,101450010,20864,2012-11-28,13,OZ,1,1.67
2212502613,98,63,6315,101111010,9907,2012-12-04,128,OZ,1,3.49
2212502613,98,56,5607,102100020,13967,2013-02-22,8,OZ,1,1.98
2212502617,98,9,907,107885878,57184,2012-04-16,8.18,OZ,1,2.99
2212508766,58,64,6401,107143979,15448,2012-06-01,24,OZ,15,15
2212510873,98,33,3303,102840020,10241,2012-04-30,10.5,OZ,1,2.5
2212510873,98,58,5814,104470040,10837,2012-09-16,11.4,OZ,3,8.97
2212510873,98,58,5814,104470040,10837,2012-10-14,4.4,OZ,2,2.74
2212510873,98,9,970,103800030,62065,2013-04-10,14.7,OZ,1,1.98
2212513072,23,71,7113,1071722676,9241,2012-12-07,8.45,OZ,1,3.89
2212515052,140,9,907,101111010,16706,2012-05-23,12,OZ,22,22
2212518153,12,58,5834,101111010,9907,2012-07-23,24,OZ,1,9.99
2212518153,12,34,3402,108380080,26654,2013-02-23,0.3,OZ,2,3.02
2212528597,2,63,6309,1082415080,22328,2013-03-13,8,OZ,1,1
2212539574,191,26,2628,101111010,9907,2012-03-30,3,RL,1,1.99
2212539574,191,26,2628,101111010,9907,2012-12-14,3,RL,1,1.94
2212539574,191,4,416,104000040,18946,2013-07-07,1.79,OZ,2,1.7
2212539908,191,34,3404,105138151,1070,2012-05-04,2.5,OZ,1,2.99
2212539908,191,4,416,103701434,24266,2012-05-04,3,OZ,2,5.58
2212539908,191,43,4302,101111010,6678,2012-10-19,8,OZ,1,0.49
2212541802,26,7,708,1076211171,17286,2012-04-05,12,OZ,1,10.49
2212541802,26,56,5618,101111010,9907,2012-05-16,12,OZ,1,1.67
2212579962,166,9,917,103190333,1436,2012-10-06,20,OZ,1,2.29
2212579962,166,99,9904,103338333,33170,2013-02-11,6,OZ,1,1.99
2212579962,166,14,1411,103890030,5072,2013-03-29,20,OZ,1,1
2212588473,96,5,501,102190828,3073,2012-04-07,14,OZ,2,7.78
2212588473,96,33,3303,103003434,7175,2012-08-25,10,OZ,3,9
2212617654,214,53,5307,104122040,23511,2012-05-08,64,OZ,1,5.54
2212617654,214,4,416,104000040,16765,2013-02-12,3.4,OZ,1,1
2212638469,46,70,7002,1071373373,11473,2012-03-09,50,CT,1,1.99
2212648741,46,21,2117,108768484,2903,2012-06-15,60,OZ,3,6
2212648741,46,10,1012,102700020,23332,2012-09-18,13,OZ,6,6
2212648741,46,96,9609,1053700050,88199,2012-12-30,0,,1,-1
2212655793,46,9,907,107294575,15878,2013-02-16,20,OZ,1,2
2212658490,46,29,2903,106414464,3342,2012-09-03,15,OZ,1,1.05
2212699144,17,25,2506,102113020,10786,2012-10-07,32,OZ,2,6.38
2212699144,17,56,5604,1076770777,9587,2012-12-21,7,OZ,1,5.99
2212709013,3,72,7208,102113020,15704,2012-05-11,1,CT,4,2.22
2212709013,3,36,3611,106827464,30855,2012-06-04,405.6,OZ,1,1.99
2212709013,3,5,501,101600010,3331,2013-04-24,21.6,OZ,1,4.99
2213047498,293,63,6315,101115010,15530,2012-07-09,64,OZ,1,1.79
2213052495,108,96,9609,1057144858,88199,2012-07-29,0,,2,-1
2213052495,108,95,9517,106700868,25075,2012-08-05,1,CT,1,1.39
2213052495,108,9,902,102410020,44209,2013-03-23,13.7,OZ,1,5.49
2213052495,108,42,4230,1068891464,10789,2013-04-06,0.75,OZ,2,5.98
2213128417,180,5,501,103800030,14900,2012-03-04,20,OZ,1,3.79
2213128417,180,63,6330,107273070,14377,2012-09-16,8,OZ,1,2.05
2213128417,180,99,9908,107047575,7217,2013-05-11,8,OZ,1,1.89
2213215707,510,9,907,107313070,13291,2012-06-25,24,OZ,1,2.99
2213215707,510,97,9763,103989737,26215,2012-09-20,1,CT,4,6.68
2213215707,510,63,6305,104850040,18799,2013-02-16,59,OZ,2,6.98
2213267677,21,53,5305,104119040,16347,2012-07-26,10,OZ,1,1.25
2213267677,21,99,9908,104119040,16347,2013-04-29,16,OZ,1,1.69
2213267770,21,30,3002,104800141,8178,2013-05-16,30,OZ,1,3.99
2213268262,21,9,902,104400040,12279,2012-03-30,16,OZ,1,2.99
2213268262,21,58,5833,102874929,23546,2012-04-24,48,OZ,1,7.47
2213268262,21,56,5607,102100020,13967,2012-09-18,16,OZ,1,4.69
2213286857,101,56,5609,102100020,2321,2013-02-09,16,OZ,3,7.77
2213289427,77,36,3634,1073951070,16807,2013-04-04,20,OZ,5,5.49
2213296165,69,63,6315,1072543979,40679,2012-12-08,128,OZ,1,3.59
2213297774,70,4,416,103400030,15113,2012-05-04,1.5,OZ,2,1.63
2213299049,70,97,9753,107096979,0,2012-03-05,1,CT,1,1.49
2213300696,70,69,6901,102220020,17067,2012-04-11,2.3,OZ,1,3.19
2213300696,70,9,901,104400040,13243,2012-11-16,8.5,OZ,1,2.5
2213300696,70,9,901,104400040,3453,2013-06-15,13,OZ,1,1.99
2213306407,65,57,5704,107047070,20230,2012-04-02,6,OZ,2,1.4
2213306407,65,4,416,103400030,8247,2012-12-29,1.55,OZ,3,2.97
2213323951,89,63,6311,101111010,9907,2012-05-07,64,OZ,1,1.99
2213323951,89,96,9632,107675070,101687,2012-08-13,1,CT,1,25
2213323951,89,5,519,103000030,14760,2012-12-22,15.1,OZ,1,2.74
2213323951,89,15,1504,104114343,17593,2013-02-26,20,OZ,1,3.99
2213327740,431,28,2806,101111010,9907,2012-09-12,16,OZ,1,2.89
2213327740,431,55,5552,101111010,9907,2012-10-31,48,OZ,1,2.5
2213329628,211,18,1829,107600171,25341,2012-12-01,1,CT,1,3.99
2213329628,211,8,810,107609676,20874,2012-12-28,8,OZ,1,2.09
2213329628,211,29,2908,101111010,9907,2013-03-06,16,OZ,2,1.74
2213339866,12,69,6901,103700030,16139,2013-03-22,2.6,OZ,1,11.99
2213348289,140,45,4509,109220696,54509,2012-06-27,16,OZ,1,5.49
2213360525,191,58,5824,107778272,9260,2012-11-01,19,OZ,1,3.49
2213403324,166,99,9904,1071575676,5278,2012-05-24,16,OZ,1,2.5
2213411004,96,99,9904,1066529060,52314,2013-05-27,16,OZ,1,3
2213430847,214,5,501,103000030,81723,2012-07-25,10.5,OZ,1,2.12
2213430847,214,56,5620,104122040,23511,2012-12-23,16,OZ,1,4.78
2213430847,214,38,3801,104122040,23511,2012-12-23,4,LB,1,2.47
2213430847,214,51,5125,101380010,10271,2013-01-10,11.5,OZ,1,-1.4
2213438209,214,71,7113,107124979,21913,2012-03-02,13,OZ,2,7.96
2213439451,214,41,4110,103940030,71386,2013-04-02,22,OZ,1,1.98
2213490070,46,51,5126,101380010,27474,2012-03-16,9.88,OZ,1,2.5
2213490070,46,41,4107,103470030,6754,2012-05-17,14.5,OZ,2,2.18
2213521204,3,7,707,104300040,7161,2012-12-21,12,OZ,1,7.99
2213521204,3,26,2634,103700030,3293,2013-02-19,16,RL,1,8.24
2213533222,4,57,5706,102113020,10786,2012-08-22,32,OZ,1,3.49
2213546193,15,9,917,107373171,11786,2012-05-04,20,OZ,1,3.49
2213548172,15,31,3101,107989373,12908,2012-11-18,1.2,OZ,1,4.19
2213549960,18,58,5828,103390030,9286,2012-04-15,5,OZ,1,2.69
2213849420,42,99,9908,103338333,33170,2012-11-28,32,OZ,1,2.99
2213849584,42,58,5831,107274575,13804,2012-04-01,96,OZ,1,11.99
2214117512,508,6,610,108523989,833,2012-06-03,48,OZ,1,6.29
2214117512,508,27,2710,107023070,18373,2012-09-16,12,LB,1,13.53
2214129329,510,97,9753,1060580666,0,2013-03-03,1,CT,1,1.77
2214506435,508,18,1829,1060903262,20182,2013-04-23,1,CT,1,23.79
2214594936,508,18,1828,101980010,15181,2012-12-06,7.5,OZ,2,1.78
2215290512,508,11,1111,1079108373,5499,2012-09-17,7.9,OZ,2,9.98
2215399783,16,0,0,10000,0,2012-03-25,0,,1,2.83
2215399783,16,30,3002,104800141,8178,2013-03-30,30,OZ,1,5.99
2215399783,16,33,3312,103800030,14494,2013-04-20,5.96,OZ,1,1.89
2215427438,101,63,6315,1068826767,81691,2012-10-27,64,OZ,1,2.99
2215427672,101,14,1404,1068826767,81691,2012-05-11,24,OZ,1,1.79
2215427672,101,22,2207,1075703777,13386,2013-02-03,48,OZ,1,6.49
2215427904,101,63,6315,107996777,31373,2012-08-18,128,OZ,1,3.21
2215427979,101,0,0,10000,20405,2012-08-27,0,,2,-8.62
2215427979,101,97,9753,1023240929,0,2013-05-01,1,CT,2,6.88
2215429688,101,5,501,101600010,3396,2012-07-09,14,OZ,1,3.19
2215429901,101,9,907,107518575,11221,2013-06-17,15,OZ,1,3.59
2215429929,101,29,2908,104600040,13023,2012-04-21,16,OZ,1,1
2215429929,101,9,907,1068826767,81691,2012-11-10,12,OZ,1,1.19
2215430165,101,5,516,101600010,12426,2012-08-11,7.4,OZ,4,10
2215430165,101,63,6315,1068826767,81691,2012-08-16,64,OZ,1,1.78
2215430165,101,55,5552,1068826767,81691,2012-09-06,48,OZ,1,2.5
2215430165,101,74,7402,104152040,2963,2012-12-23,7,OZ,1,1.5
2215433455,77,99,9904,103338333,33170,2013-03-21,16,OZ,1,3.99
2215461999,70,63,6319,1072543979,40679,2012-11-10,128,OZ,2,3.98
2215465958,165,63,6315,107203676,7953,2012-04-09,64,OZ,1,3.49
2215465958,165,9,907,107203676,7953,2012-12-28,8,OZ,1,2.89
2215467611,165,9,904,107020070,62488,2012-04-18,5,OZ,2,2.98
2215467611,165,59,5906,103450030,10165,2012-07-19,15,OZ,2,2.69
2215467611,165,5,517,107203676,7953,2013-02-15,10.4,OZ,2,3.94
2215468226,26,63,6316,101111010,9907,2012-08-12,16,OZ,2,2.24
2215468226,26,55,5561,1065724363,35849,2013-04-15,9.9,OZ,3,4
2215478768,89,9,907,101111010,9907,2012-06-10,12,OZ,1,1.5
2215478768,89,33,3303,101111010,20588,2012-08-19,8,OZ,1,2.39
2215478768,89,21,2117,108768484,2903,2012-09-16,60,OZ,1,1.49
2215478768,89,72,7208,1030004131,26880,2013-01-05,1,CT,1,2.49
2215478768,89,97,9753,10000,0,2013-03-03,1,CT,1,0.69
2215479420,151,14,1411,103890030,5072,2012-11-21,20,OZ,2,2
2215479420,151,4,412,101070010,9275,2013-04-12,3.5,OZ,2,2
2215479683,98,63,6312,105020050,52045,2012-03-15,64,OZ,2,3.62
2215479683,98,36,3604,107800070,2829,2012-08-15,67.6,OZ,1,1.25
2215485665,58,79,7901,107485171,44712,2013-06-20,1,CT,1,7.99
2215493042,63,58,5824,104450040,8318,2012-07-11,14,OZ,2,5.58
2215496674,63,69,6901,104740040,7196,2012-07-19,4,OZ,2,9.98
2215510655,63,27,2702,107910070,33128,2013-03-06,16,LB,1,8.99
2215511900,191,56,5607,102100020,13967,2012-03-25,8,OZ,1,2.99
2215511900,191,18,1802,104316848,25919,2012-04-14,1,CT,2,19.98
2215511900,191,73,7310,1089940787,82344,2013-02-10,14.5,OZ,6,14.34
2215552751,96,22,2210,103700030,5174,2012-10-10,51,OZ,1,5
2215552751,96,41,4105,107079676,3198,2013-02-18,28,OZ,1,2.69
2215619234,46,53,5307,101450010,20864,2012-04-18,12,OZ,2,3.98
2215983077,233,9,902,104130343,38922,2013-05-12,14.4,OZ,1,2
2215988906,42,21,2105,105200050,7054,2012-06-23,32,OZ,2,2.78
2215988906,42,24,2415,104149747,19710,2012-08-10,15,OZ,4,7.56
2215988906,42,62,6201,104149747,19710,2012-08-17,48,OZ,1,6.99
2215989350,42,9,907,107130575,11013,2012-05-22,20,OZ,2,7.58
2215989350,42,58,5823,107597171,15878,2012-11-13,10,OZ,1,5.49
2215989391,42,59,5906,103450030,10165,2012-07-15,15,OZ,1,2.39
2215989391,42,41,4105,102400020,3988,2012-10-14,28,OZ,1,1.79
2215997954,169,33,3302,102819020,26252,2013-03-06,32,OZ,1,2.59
2215997954,169,0,0,10000,20405,2013-03-12,0,,1,-3.5
2216102926,24,7,709,109955595,18871,2013-04-13,4.8,OZ,2,17.98
2216161511,508,58,5823,108523989,11176,2012-03-25,7,OZ,1,2.11
2216161511,508,58,5824,107778272,9260,2012-06-03,14,OZ,1,2.68
2216161511,508,37,3706,105100050,2820,2012-09-02,10.75,OZ,1,1.29
2216161511,508,99,9909,107127979,6732,2012-09-30,16,OZ,1,1.48
2216161511,508,97,9753,1049225040,0,2012-12-16,1,CT,1,4.69
2216161511,508,4,417,103400030,9739,2013-02-10,3,OZ,1,0.94
2216195814,40,8,810,104146040,14062,2012-10-18,2.75,OZ,2,1.78
2216212804,16,33,3305,102840020,18584,2012-03-04,13,OZ,1,3.99
2216218628,21,9,920,103010030,9530,2012-06-29,11,OZ,1,2.79
2216225005,240,56,5616,107835474,2675,2012-11-26,8,OZ,1,3.99
2216237978,101,8,822,103760030,25412,2012-03-23,12,OZ,1,2.29
2216237978,101,45,4509,103549333,26303,2012-04-06,10,OZ,1,4.99
2216237978,101,97,9753,1020401626,0,2012-07-21,1,CT,1,3.28
2216237978,101,97,9717,104339646,3896,2012-11-30,1,CT,1,16.99
2216237978,101,41,4109,105100050,2820,2013-03-22,11,OZ,1,0.59
2216239563,101,14,1414,1068826767,81691,2012-08-10,8.25,OZ,4,3.4
2216239639,101,36,3612,1068826767,158,2012-04-15,320,OZ,1,1.7
2216239639,101,71,7113,107940070,17521,2012-09-09,12.6,OZ,2,4.98
2216239639,101,26,2633,1068826767,81691,2012-09-09,18,RL,1,8.6
2216239639,101,63,6317,108425383,15248,2012-11-06,64,OZ,1,3.79
2216239750,101,36,3601,101200010,13794,2012-07-04,144,OZ,5,22.45
2216242474,101,79,7902,1081349383,47259,2012-09-16,0,,1,2
2216243241,101,97,9753,1023230424,0,2012-07-26,1,CT,2,9.17
2216243241,101,56,5620,104610040,15889,2012-08-01,16,OZ,1,4.89
2216243241,101,21,2105,105200050,7054,2013-02-05,160,OZ,2,12.98
2216243241,101,49,4902,101380010,27474,2013-03-06,10,OZ,3,7.47
2216247277,68,31,3108,1072543979,40679,2012-11-16,26,OZ,1,-0.54
2216260727,68,36,3628,101200010,12029,2013-02-02,144,OZ,1,5.59
2216260727,68,36,3630,101200010,13794,2013-02-24,67.6,OZ,1,1.67
2216261053,68,5,501,103800030,6796,2012-04-03,17,OZ,1,2.5
2216266211,65,29,2904,101600010,21633,2013-04-15,5.6,OZ,3,2
2216267280,64,36,3626,101200010,16391,2012-08-23,67.6,OZ,1,1.67
2216285757,126,56,5614,104171646,6769,2012-06-04,16,OZ,1,3.17
2216285757,126,51,5127,103100030,1358,2013-02-14,5.75,OZ,1,1
2216285757,126,96,9609,1051600050,88199,2013-02-14,0,,3,-3.25
2216291180,98,5,501,103800030,758,2013-03-26,12.2,OZ,1,3.18
2216291566,431,81,8101,102820020,11186,2012-08-27,1,CT,2,9.5
2216298353,12,35,3508,103700030,18371,2013-02-07,50,OZ,1,6.49
2216300583,140,21,2113,1088399080,108177,2012-04-14,6,OZ,1,2.59
2216300583,140,39,3903,103905939,17176,2013-03-04,12.5,OZ,1,8.99
2216300583,140,0,0,10000,0,2013-04-26,0,,1,0
2216308530,2,55,5558,107255474,35506,2012-04-17,36.8,OZ,1,7.99
2216313068,63,96,9609,1057218050,88199,2012-07-08,0,,1,-1
2216313068,63,63,6311,107146474,2142,2012-08-14,15.2,OZ,2,3.19
2216313068,63,5,501,103800030,14900,2013-05-09,24.8,OZ,1,3
2216314419,63,36,3626,107800070,16223,2013-04-17,144,OZ,1,3.33
2216348077,166,58,5812,107495676,8144,2012-03-18,12,OZ,1,4.99
2216348077,166,58,5814,104470040,10837,2012-11-10,3.4,OZ,1,1.99
2216348077,166,7,709,109955595,68135,2013-03-03,4.8,OZ,1,8.49
2216360111,96,64,6409,108500080,21188,2012-03-20,0.75,LT,1,9.99
2216360111,96,8,811,103620030,1698,2012-10-22,15,OZ,1,2.25
2216360111,96,64,6409,108143484,12720,2012-12-26,0.75,LT,2,23.98
2216361415,96,40,4005,104100040,10522,2013-01-04,0.8,OZ,1,2.5
2216361475,96,11,1102,1030002535,5842,2012-03-18,200,CT,1,1.99
2216361475,96,47,4706,107120272,5072,2012-05-20,4,OZ,1,2
2216361475,96,56,5614,104171646,6769,2013-04-17,10,OZ,1,4.19
2216362192,96,56,5604,107027777,1008,2012-04-17,12,OZ,1,10.49
2216362192,96,41,4107,103003434,7175,2012-06-02,15.25,OZ,1,0.89
2216383768,214,20,2002,105100050,27873,2012-07-19,64,OZ,1,2.98
2216389115,214,21,2106,103120030,12957,2012-03-04,64,OZ,1,2.68
2216389115,214,33,3305,107432373,1381,2012-03-05,9.88,OZ,1,1.98
2216389115,214,97,9711,102233323,14566,2012-03-25,1,CT,2,19.9
2216389115,214,22,2211,103700030,6947,2012-04-30,80,CT,1,3.44
2216389115,214,4,416,104000040,18946,2012-06-13,1.79,OZ,2,1.18
2216389115,214,30,3002,104800141,8178,2012-10-11,16.5,OZ,1,2.98
2216472433,14,9,902,101410010,45039,2012-12-05,30,OZ,1,6.99
2216472433,14,57,5707,103663232,4568,2013-02-12,18.6,OZ,1,2
2216491357,4,29,2925,101740010,11011,2012-09-29,80,OZ,1,5.99
2216491357,4,9,907,107313070,13291,2012-11-04,24,OZ,1,4.99
2216491357,4,8,810,105210050,11382,2012-12-23,1,OZ,3,4.5
2216491357,4,9,902,104400040,19783,2012-12-23,9.1,OZ,1,2
2216795435,42,63,6315,104149747,19710,2013-04-12,128,OZ,1,3.76
2216796630,42,99,9904,103338333,33170,2012-03-07,16,OZ,1,4.99
2216796630,42,35,3509,109451494,20153,2012-10-14,75,OZ,12,41.88
2216806769,108,63,6321,104411545,3167,2012-04-16,8,OZ,1,3.89
2216806769,108,33,3318,104141949,3909,2012-05-31,7,OZ,1,2.09
2217086762,85,36,3636,104300040,4371,2012-07-21,169,OZ,2,4.48
2217093559,21,30,3010,104133545,43106,2012-05-06,16,OZ,1,3
2217094599,21,17,1703,101920010,10882,2012-11-24,40,OZ,1,2.79
2217115932,100,99,9908,104015949,53834,2013-01-20,8,OZ,1,2.5
2217132905,104,63,6313,107020070,11244,2012-07-03,15.5,OZ,1,2.5
2217132905,104,33,3318,107797575,27417,2012-07-15,16,OZ,1,3
2217132905,104,9,901,103010030,6852,2012-08-22,11.5,OZ,1,1.99
2217139431,101,8,810,103760030,25412,2012-03-08,1.25,OZ,1,0.79
2217141289,101,96,9609,1053800050,88199,2012-09-24,0,,1,-1
2217141289,101,96,9609,1052800050,88199,2012-10-01,0,,1,-1
2217141388,101,11,1110,108201181,12197,2012-06-10,6,OZ,1,2.5
2217141388,101,9,907,107225070,12465,2012-06-10,20,OZ,1,3.49
2217141421,101,99,9904,1076101070,11786,2012-07-27,1,CT,1,3.99
2217141421,101,19,1908,1068826767,81691,2013-01-19,28,OZ,1,3.99
2217141421,101,63,6320,1068826767,81691,2013-06-18,12,CT,1,1.59
2217141433,101,99,9908,107878373,26033,2012-03-14,12,OZ,1,2.99
2217146111,101,69,6901,103700030,16139,2012-10-19,2.6,OZ,1,3.99
2217150273,101,3,302,102800020,30272,2012-04-03,11.5,OZ,1,2.5
2217150273,101,55,5559,107756777,14286,2012-10-05,13.2,OZ,1,1
2217150273,101,75,7503,103660030,3271,2012-10-27,0.15,OZ,1,1
2217150607,101,71,7113,1071722676,9241,2013-04-18,2,OZ,1,8.99
2217152323,101,22,2210,1088596787,6313,2012-08-25,64,OZ,1,2.49
2217152323,101,59,5907,102900020,2012,2012-10-11,16,OZ,1,0.99
2217152323,101,53,5307,1068826767,7173,2012-12-08,32,OZ,1,2.5
2217152494,101,8,814,102840020,18584,2012-03-25,15.5,OZ,1,3.29
2217152494,101,41,4107,102300020,16431,2013-02-09,14.4,OZ,1,1.39
2217152494,101,55,5552,104154848,5603,2013-03-24,48,OZ,1,4.49
2217152666,101,9,907,101410010,13791,2013-03-15,16,OZ,1,3.79
2217153834,77,58,5836,107590070,2073,2013-05-18,12,OZ,1,4.29
2217159610,64,9,970,103582636,6564,2012-06-11,14.6,OZ,1,1.79
2217166886,70,51,5123,103100030,1358,2012-04-19,27,OZ,1,2.89
2217170474,68,4,416,104000040,26517,2012-08-31,1.69,OZ,1,1.09
2217175538,64,58,5815,103760030,8501,2012-05-09,7,OZ,1,3.49
2217177442,64,63,6320,1072543979,40679,2012-05-15,12,CT,2,3.78
2217186775,68,5,501,103800030,6796,2012-07-24,14,OZ,1,2.5
2217191966,68,63,6315,1072543979,40679,2012-07-14,64,OZ,1,2.59
2217191966,68,96,9609,1053800050,88199,2012-09-03,0,,1,-1
2217191966,68,51,5133,107100777,5656,2013-02-02,24,OZ,1,5.59
2217200010,68,27,2709,105849656,18139,2012-05-29,3,OZ,1,1.89
2217215182,64,36,3603,104300040,26420,2012-08-03,64,OZ,4,0.36
2217218445,165,9,902,107203676,7953,2012-05-20,9.5,OZ,1,3.49
2217218445,165,56,5611,101700313,9507,2012-07-16,8,OZ,1,4.99
2217218445,165,56,5620,107203676,7953,2012-12-29,8,OZ,2,5.5
2217218445,165,31,3101,105210050,11382,2013-05-17,1.1,OZ,1,5.89
2217222918,165,74,7407,104740040,7196,2012-07-12,4,CT,1,5.49
2217222918,165,99,9908,107203676,7953,2012-09-20,16,OZ,1,1
2217222918,165,55,5561,107433676,28647,2013-01-24,32,OZ,1,2.99
2217231594,58,38,3802,101111010,9907,2012-03-09,2,LB,2,4.78
2217231594,58,28,2804,104600040,13023,2012-03-22,4.5,OZ,2,3.7
2217231594,58,37,3703,105100050,2820,2012-06-02,10.75,OZ,2,1.76
2217231594,58,26,2620,104116545,16879,2012-09-19,30,CT,1,1.99
2217231594,58,63,6315,101111010,9907,2013-06-29,128,OZ,1,3.14
2217233543,89,63,6318,101800010,14029,2013-02-01,11,OZ,1,2.99
2217242341,151,0,0,10000,0,2012-05-24,0,,1,0
2217242341,151,63,6332,104850040,61745,2012-12-27,59,OZ,1,3.85
2217242341,151,36,3604,107800070,16023,2012-12-29,33.8,OZ,2,3.38
2217262091,2,63,6320,101111010,14907,2013-02-18,12,CT,1,1.99
2217269343,191,0,0,10000,0,2012-11-15,0,,1,0
2217269343,191,56,5615,107283070,18390,2013-01-19,32,OZ,1,4.99
2217269830,191,58,5827,101111010,9907,2012-09-21,12,OZ,1,2
2217269830,191,73,7312,1031011939,1488,2013-01-25,0.5,OZ,1,3.99
2217269830,191,34,3411,101700010,18504,2013-05-16,18,OZ,1,2.97
2217272884,143,57,5706,101111010,9907,2012-11-25,32,OZ,1,1.79
2217272884,143,9,902,108136383,12592,2013-03-26,7.2,OZ,1,2
2217280807,89,64,6401,107274979,31194,2012-07-10,72,OZ,1,6.99
2217280807,89,63,6305,104850040,18799,2012-09-21,89,OZ,1,5.79
2217280807,89,64,6401,108769282,15787,2012-10-05,144,OZ,1,16.99
2217281794,151,14,1415,103890030,5072,2012-05-20,15,OZ,2,3.7
2217281794,151,45,4509,104440040,7504,2013-02-09,6.3,OZ,1,3.29
2217281840,126,41,4107,102400020,4704,2012-12-21,15,OZ,1,1
2217283051,431,36,3601,104900040,3809,2012-09-18,144,OZ,1,4.99
2217283051,431,9,905,104300040,17447,2012-10-18,6,OZ,4,5.16
2217287440,151,9,907,102412626,10365,2012-08-25,16,OZ,1,1.59
2217289407,58,43,4302,101111010,9907,2013-03-13,8,OZ,1,1
2217302520,98,41,4107,101111010,20588,2012-03-12,12,OZ,2,6.38
2217302520,98,51,5125,101380010,10271,2012-09-08,8.25,OZ,2,4.76
2217302520,98,96,9609,1052580050,88199,2012-09-30,0,,1,-2
2217302520,98,9,917,107373171,11786,2012-10-13,15,OZ,1,3.19
2217302520,98,63,6330,1081547383,2199,2012-12-23,8,OZ,1,1.99
2217302520,98,0,0,10000,0,2013-05-25,0,,1,0
2217305433,140,26,2628,103700030,2248,2012-10-25,12,RL,1,19.99
2217307989,2,33,3305,102840020,5141,2012-03-11,11.5,OZ,1,4.29
2217310661,2,99,9908,101111010,9907,2012-06-10,80,OZ,1,4.99
2217416656,96,57,5705,103663232,4568,2012-04-27,24,OZ,1,2.29
2217416656,96,21,2114,104140949,3957,2012-09-14,4.5,OZ,1,0.99
2217420257,96,9,907,107131979,16021,2013-05-27,18,OZ,1,2.79
2217420342,96,99,9904,1071575676,5278,2012-07-28,6,OZ,1,3
2217420342,96,9,920,107641070,10160,2013-04-14,12,OZ,2,5
2217421128,96,99,9904,103338333,33170,2012-12-30,48,OZ,1,4.49
2217444400,214,47,4704,102500020,11749,2012-04-24,12,OZ,1,1.18
2217444400,214,9,902,103010030,3744,2013-01-09,16,OZ,2,5
2217458916,214,36,3627,104900040,23363,2012-05-18,144,OZ,1,3.34
2217485973,214,22,2211,103700030,2246,2012-06-02,120,CT,1,5.47
2217493677,214,23,2301,108939787,14840,2012-07-15,17.6,OZ,1,2.39
2217493677,214,55,5558,104122040,20514,2013-02-16,42,OZ,1,2.49
2217577518,46,64,6401,101820010,2510,2012-05-25,144,OZ,1,9.99
2217577518,46,25,2508,102529323,16410,2013-03-15,64,OZ,1,3.09
2217577518,46,34,3410,107418272,16853,2013-05-10,56,OZ,1,4
2217676670,3,96,9609,1052412656,88199,2012-11-14,0,,1,-0.35
2217689007,95,58,5823,102113020,15704,2012-05-03,16,OZ,2,7.38
2217704452,15,63,6320,102113020,10786,2012-10-13,18,CT,1,2.88
2217704452,15,9,917,107373171,11786,2013-03-17,17.5,OZ,1,2.69
2217727667,88,91,9126,108043282,9077,2012-03-14,0.75,LT,1,16.99
2217733830,95,37,3711,102113020,19525,2012-06-01,16,OZ,1,2.24
2217738231,88,37,3703,105100050,2820,2013-02-11,10.5,OZ,1,1.2
2217745053,15,9,908,107116676,17802,2012-06-24,32,OZ,1,10.49
2217745053,15,9,907,102113020,30626,2012-12-26,16,OZ,1,0.99
2217775911,360,41,4105,107294070,18909,2012-11-06,35,OZ,2,3.98
2218445145,42,33,3308,102300020,29284,2013-06-01,6.5,OZ,1,2.5
2218459013,293,0,0,10000,20405,2012-07-25,0,,1,-3.79
2218639172,180,30,3006,104300040,7467,2012-10-08,8,OZ,1,1.69
2218644339,180,36,3618,104900040,23359,2012-05-17,288,OZ,1,8.99
2218644339,180,9,902,103010030,19784,2013-04-24,8.5,OZ,2,7.58
2218658207,180,63,6315,104113040,4191,2012-06-25,128,OZ,1,3.49
2218658207,180,56,5620,102100020,9886,2013-01-21,7,OZ,1,4.19
2218695932,377,63,6317,104157040,2017,2012-03-04,64,OZ,1,2.88
2218742396,377,9,902,1071754474,17649,2012-05-05,14.4,OZ,2,4
2218924956,16,23,2301,107680878,1393,2012-09-08,12,OZ,2,3.18
2218928423,85,5,501,103800030,4352,2012-05-16,13.4,OZ,1,2.5
2218928423,85,5,501,101600010,85114,2012-07-08,12.2,OZ,2,3.76
2218928423,85,65,6503,105100050,13791,2012-12-26,17.3,OZ,1,4.59
2218934446,21,33,3301,107260070,8245,2012-09-09,8,OZ,2,4
2218934530,21,63,6305,101630010,6509,2012-06-19,59,OZ,1,2.69
2218956350,104,33,3303,102840020,10241,2012-08-10,10.5,OZ,1,3
2218960459,101,44,4402,104145848,5602,2012-04-07,23.5,OZ,1,5.49
2218962541,101,26,2619,101258717,7245,2012-06-26,65,CT,1,10.79
2218962541,101,9,901,104400040,85927,2012-08-07,8.8,OZ,1,2.99
2218963382,101,7,708,1078778070,12564,2012-06-03,11,OZ,1,5.87
2218963382,101,5,501,101600010,18781,2012-06-16,10.7,OZ,1,2.5
2218973999,70,99,9908,1064819666,25891,2012-05-14,80,OZ,1,2.5
2218973999,70,99,9908,1068896262,53503,2012-12-27,10,OZ,1,2.69
2218973999,70,10,1010,103582636,6564,2013-01-16,22,OZ,1,1.3
2218998391,373,33,3305,102840020,5141,2012-08-12,11.5,OZ,1,4.29
2218999824,68,51,5128,102370020,18969,2012-06-11,16,OZ,1,5.99
2219005496,83,51,5125,101380010,10271,2012-12-01,8.5,OZ,2,5.98
2219005496,83,33,3311,102840020,27521,2012-12-01,10.5,OZ,4,15.96
2219005496,83,29,2930,103760030,72948,2013-03-09,10,OZ,1,3.29
2219008274,143,53,5307,101111010,9907,2012-06-24,16,OZ,2,4.98
2219008274,143,57,5707,107047070,20230,2012-11-01,18,OZ,1,2.89
2219011394,126,56,5613,1073882474,21469,2012-12-12,12,OZ,1,6.99
2219011394,126,0,0,10000,0,2012-12-26,0,,1,-2.31
2219021664,58,41,4107,101760010,2443,2012-12-24,40,OZ,1,1.64
2219028026,98,58,5812,104470040,13310,2012-03-30,16,OZ,1,3.89
2219028026,98,51,5117,101111010,9907,2013-05-11,21.25,OZ,1,3.99
2219051612,191,58,5823,104450040,8318,2012-03-25,8,OZ,1,3
2219051612,191,31,3101,107096979,17090,2012-06-03,4.5,OZ,1,1.99
2219051612,191,72,7203,1031254737,10554,2012-08-19,50.7,OZ,1,6.49
2219051612,191,33,3316,102840020,12186,2012-09-30,16.5,OZ,1,4.48
2219051911,191,33,3303,102840020,10241,2013-01-11,10.5,OZ,1,2.5
2219051911,191,9,902,104400040,12279,2013-01-25,16,OZ,1,2.79
2219051911,191,9,907,107313070,13291,2013-02-10,24,OZ,1,3
2219051911,191,0,0,10000,0,2013-03-02,0,,4,0
2219053593,143,55,5552,101111010,9907,2012-06-22,48,OZ,1,2.99
2219055240,63,96,9632,107675070,9830,2012-04-29,1,CT,1,25
2219055240,63,96,9632,107675070,52941,2013-02-10,1,CT,1,100
2219095649,96,36,3634,105200050,14597,2012-04-15,202.8,OZ,1,9.99
2219095649,96,18,1828,102340020,15181,2012-06-19,0.27,OZ,2,3
2219095649,96,99,9909,107127979,6732,2012-10-18,10,OZ,1,1
2219095649,96,56,5620,104610040,15889,2012-11-08,8,OZ,2,5
2219095649,96,96,9609,1051800050,88199,2012-12-06,0,,1,-0.3
2219097008,96,41,4121,102700020,8612,2013-01-26,8,OZ,1,0.5
2219097033,96,4,410,104142040,6265,2012-03-26,5.5,OZ,2,2.5
2219097373,96,60,6007,101800010,14029,2012-03-24,11,OZ,1,2.99
2219097373,96,29,2914,102100020,9886,2012-05-11,5.5,OZ,1,1.49
2219098022,96,56,5620,104610040,15889,2012-04-20,8,OZ,5,17.45
2219098022,96,71,7114,1082214282,27345,2012-11-26,10.6,OZ,1,17.99
2219098022,96,29,2903,106414464,3342,2013-01-22,15,OZ,2,2
2219098022,96,8,818,107234373,11663,2013-02-24,32,OZ,5,14.95
2219098189,96,19,1908,105150050,9189,2013-03-24,18,OZ,1,3.99
2219098317,96,9,901,104400040,85927,2012-03-18,8.8,OZ,1,3.69
2219098478,96,0,0,10000,0,2013-02-17,0,,1,-0.77
2219137197,214,51,5125,101380010,10271,2013-02-03,9,OZ,1,2.5
2219180976,46,41,4107,103470030,6754,2012-10-08,14.5,OZ,1,0.79
2219180976,46,29,2903,106414464,3342,2012-12-23,40,OZ,1,2.47
2219190731,46,26,2608,1071373373,11473,2012-09-12,48,CT,1,1.49
2219190731,46,57,5707,103663232,4568,2012-10-09,14,OZ,1,1.89
2219190731,46,63,6328,107590070,2073,2012-12-27,24,OZ,1,3.49
2219244505,95,97,9716,102113020,15704,2012-03-24,32,OZ,3,10.17
2219244505,95,29,2914,102100020,9886,2012-09-29,5.5,OZ,1,1.69
2219244505,95,9,902,102840020,17248,2012-10-07,6.75,OZ,1,2.99
2219244505,95,21,2106,103120030,12957,2012-11-17,64,OZ,10,20
2219263732,15,64,6401,108378383,16392,2012-04-21,72,OZ,1,7
2219558807,108,63,6315,1074236575,8499,2012-09-03,64,OZ,1,4.49
2219578043,224,37,3703,105100050,2820,2013-04-14,10.75,OZ,2,3
2219656645,180,59,5905,102900020,6455,2012-09-27,16,OZ,1,2.59
2219804590,85,29,2904,101600010,7860,2012-06-15,6.5,OZ,1,0.88
2219804590,85,99,9909,107127979,6732,2012-06-29,16,OZ,1,1.99
2219804590,85,53,5307,1060788060,16965,2013-03-14,16,OZ,1,0.04
2219804590,85,63,6323,104190040,11414,2013-04-07,16,OZ,1,1.39
2219804590,85,9,907,1060788060,16965,2013-04-21,20,OZ,1,1.45
2219831969,101,73,7307,1036382434,12163,2012-03-14,18,CT,1,11.99
2219831969,101,29,2904,101530010,13610,2012-05-20,5.1,OZ,1,1.39
2219831969,101,9,901,104400040,3453,2013-04-04,13,OZ,1,2.5
2219832136,101,75,7505,108680080,12554,2013-05-14,5.3,OZ,1,10.99
2219832202,101,58,5827,107175575,9933,2012-07-20,12,OZ,2,8.99
2219832202,101,16,1604,102200020,6021,2012-09-07,45,CT,1,2
2219832202,101,63,6320,1068826767,81691,2012-11-30,12,CT,1,1.81
2219832202,101,0,0,10000,20405,2013-01-11,0,,2,-10.74
2219832202,101,13,1306,101600010,7366,2013-05-24,5,LB,1,2.5
2219832367,101,9,907,104500040,20016,2012-03-16,20,OZ,1,2
2219832367,101,9,907,107347272,6562,2012-05-04,24,OZ,1,4.29
2219832536,101,18,1890,107098272,5957,2012-06-15,1,CT,1,4.19
2219832536,101,63,6315,104138343,10091,2012-10-26,64,OZ,1,3.59
2219832584,101,8,811,102066222,12598,2012-10-27,24,OZ,1,2.89
2219832844,101,29,2914,102100020,9886,2012-07-25,5.5,OZ,2,2.5
2219832844,101,21,2117,108768484,2903,2012-09-21,60,OZ,1,2
2219832844,101,5,501,1085641686,1538,2012-12-09,12,OZ,1,3.99
2219833136,101,21,2108,107630171,755,2012-07-13,64,OZ,1,2.89
2219854173,64,36,3626,104900040,17186,2013-02-26,67.6,OZ,1,1
2219857931,65,1,106,101500010,7142,2012-05-03,7,OZ,2,1.96
2219863039,64,99,9908,103338333,33170,2012-09-26,8,OZ,1,1.59
2219863039,64,33,3303,1072543979,40679,2012-10-02,10.5,OZ,2,3.94
2219867968,83,33,3303,102840020,10241,2012-12-24,10.5,OZ,2,4
2219867968,83,63,6320,101111010,9907,2013-03-27,12,CT,1,1
2219869499,89,69,6901,103700030,16139,2012-03-04,5.2,OZ,1,4.92
2219869499,89,51,5115,107218070,18520,2012-07-13,16.5,OZ,1,1.49
2219869499,89,0,0,10000,0,2012-07-19,0,,1,0
2219869499,89,31,3101,101111010,9907,2013-03-03,2.25,OZ,1,1
2219874215,126,64,6401,1063123464,31915,2012-03-03,72,OZ,2,17.98
2219874215,126,0,0,10000,0,2012-11-26,0,,1,0
2219874215,126,97,9753,1020443323,0,2013-05-26,1,CT,1,3.5
2219882153,58,45,4514,101111010,9907,2012-06-22,48,OZ,1,6.99
2219888680,126,63,6314,107342070,4529,2012-07-19,16,OZ,1,2.09
2219888680,126,18,1850,102120020,16044,2012-09-28,3,CT,1,3.79
2219905676,133,37,3705,105100050,2820,2012-10-06,18.8,OZ,7,8.75
2219948569,96,37,3711,103003434,7175,2012-07-22,12,OZ,1,3.29
2219948569,96,63,6315,103003434,7175,2012-10-20,128,OZ,1,2.28
2219948569,96,51,5126,1073891272,2225,2013-01-19,14.5,OZ,2,5
2219948569,96,64,6401,107231171,5150,2013-04-21,72,OZ,1,7.99
2219949844,96,38,3801,104920040,5098,2012-06-28,1,LB,1,1.57
2219949963,96,51,5131,104227242,648,2012-07-16,12,OZ,1,5.99
2219949963,96,56,5614,102100020,9886,2012-12-11,12,OZ,1,3.99
2219952393,214,42,4220,104122040,20514,2013-01-11,16,OZ,1,0.98
2219967950,214,22,2210,103500030,17523,2013-02-25,56,OZ,1,2.97
2220029387,46,91,9109,108901686,22660,2012-07-20,1.75,LT,1,19.97
2220029387,46,33,3310,108266686,14265,2012-08-14,3,OZ,1,2
2220098464,360,21,2105,104900040,14357,2012-12-10,32,OZ,3,3.57
2220388467,42,57,5705,107047070,20230,2012-03-28,6,OZ,10,6.67
2220388467,42,36,3631,104149747,19710,2013-01-04,144,OZ,1,3.34
2220396417,293,19,1908,105150050,9189,2012-07-18,40,OZ,1,6.59
2220396417,293,73,7359,103160434,12423,2013-01-23,45,CT,2,32.98
2220481913,180,72,7208,104116343,5845,2012-04-04,2,CT,2,5.5
2220481913,180,57,5705,107047070,20230,2012-04-11,12,OZ,3,7.17
2220483931,180,18,1850,105113151,16044,2012-06-07,6,CT,1,6.69
2220483931,180,75,7501,107214070,12679,2013-01-31,6.8,OZ,2,11.98
2220650281,101,51,5106,103100030,9626,2012-06-17,8.8,OZ,1,2.19
2220650599,101,97,9753,102683222,0,2012-11-21,1,CT,1,1
2220650712,101,21,2109,104180040,19713,2012-05-21,64,OZ,2,7.98
2220650712,101,51,5115,107192171,25673,2012-12-26,23,OZ,1,6.99
2220650796,101,96,9609,1054133353,88199,2012-04-13,0,,1,-1
2220650796,101,9,907,1068826767,81691,2013-01-23,23,OZ,1,1.99
2220651238,101,96,9609,1053600050,88199,2012-08-25,0,,1,-2
2220651238,101,26,2619,101370010,8154,2013-01-15,45,CT,1,6.49
2220651238,101,18,1831,1072652878,13585,2013-02-21,1,CT,1,1.29
2220651238,101,29,2914,102100020,19279,2013-04-09,2.39,OZ,3,3
2220652378,101,63,6320,107743878,8312,2013-01-30,18,CT,1,2.95
2220652448,101,99,9908,105783656,17665,2012-06-18,1,CT,1,4.99
2220656675,101,99,9904,1081204989,27736,2012-03-21,1,CT,2,3.99
2220656675,101,29,2908,104600040,13023,2012-10-19,16,OZ,1,1.25
2220656675,101,9,907,107225070,12465,2012-12-12,13,OZ,1,2.5
2220675435,373,58,5813,1078533171,7796,2012-06-16,16,OZ,1,1.79
2220677726,65,63,6315,1072543979,40679,2012-12-28,32,OZ,1,1.59
2220691490,83,31,3111,101411313,71215,2012-03-24,3.5,OZ,1,3.49
2220691490,83,4,418,103400030,12022,2012-05-17,11.3,OZ,1,3.24
2220691490,83,4,418,103400030,45489,2013-05-17,9.4,OZ,1,3.5
2220692934,26,10,1013,103890030,5072,2013-02-23,16,OZ,2,4.98
2220696266,89,36,3601,104900040,3809,2012-04-25,144,OZ,1,5.69
2220696266,89,96,9632,107675070,9830,2012-08-28,1,CT,1,50
2220774266,96,33,3305,102840020,18584,2012-10-01,13,OZ,1,3.5
2220774266,96,14,1405,103003434,7175,2012-11-16,14,OZ,1,1
2220774266,96,58,5831,103003434,7175,2013-02-04,15,OZ,1,5.99
2220774270,96,10,1012,103003434,7175,2012-08-31,14,OZ,1,0.9
2220787874,214,40,4001,104100040,10522,2012-04-16,1216,OZ,1,7.99
2220787874,214,23,2301,101270010,16555,2012-05-24,12,OZ,1,1.18
2220790155,214,99,9908,103338333,33170,2013-02-10,16,OZ,1,1.88
2220908314,3,4,410,104801444,23681,2013-05-30,1.06,OZ,4,5
2220946292,360,21,2113,107630171,755,2012-09-03,54,OZ,1,3.39
2220946292,360,29,2908,104600040,13023,2013-04-23,16,OZ,1,1.89
2221239088,42,53,5307,104149747,19710,2012-06-12,12,OZ,1,1.99
2221239703,42,26,2622,102570020,20361,2012-10-27,20,CT,1,2.99
2221239977,42,97,9753,10000,0,2013-04-09,1,CT,1,6.05
2221500578,85,96,9609,1057261353,88199,2012-03-06,0,,1,-1
2221500578,85,45,4514,1060788060,16965,2012-04-23,24,OZ,1,3.99
2221500578,85,22,2210,103680030,3679,2012-07-13,128,OZ,2,4.96
2221500578,85,53,5307,1060788060,16965,2013-03-23,16,OZ,1,1
2221529192,101,9,907,1068826767,81691,2012-05-06,20,OZ,2,3
2221529192,101,9,913,1068826767,81691,2012-05-25,12,OZ,1,1.59
2221529192,101,63,6323,1068826767,81691,2013-01-14,64,OZ,1,2.45
2221542033,70,41,4107,1072543979,40679,2012-10-09,15,OZ,2,1.34
2221542033,70,51,5127,103100030,1358,2012-12-03,10.1,OZ,1,1.29
2221544254,70,72,7208,1030004131,26880,2012-08-01,2,CT,1,3.69
2221546048,373,26,2634,103700030,3293,2012-08-29,9,RL,1,3.99
2221555253,65,58,5823,1072543979,40679,2012-03-09,24,OZ,1,-7.33
2221555253,65,36,3601,104900040,3809,2012-07-25,144,OZ,1,3
2221555253,65,5,501,1088491282,8471,2012-08-09,12.5,OZ,1,3.39
2221555253,65,59,5905,103450030,10165,2012-09-22,16,OZ,1,1.49
2221557772,64,9,901,104400040,13243,2012-12-19,14.3,OZ,1,2.8
2221571256,89,58,5823,103760030,8501,2012-03-10,8,OZ,1,3.79
2221571256,89,21,2119,101200010,10522,2012-05-23,144,OZ,1,3.67
2221571256,89,56,5621,101111010,9907,2012-06-03,8,OZ,1,2.29
2221571256,89,33,3305,102840020,5141,2012-12-28,1.25,OZ,6,3
2221571256,89,33,3303,101111010,9907,2013-01-11,11.5,OZ,1,1.98
2221571947,98,63,6315,101111010,61474,2012-05-13,128,OZ,2,6.96
2221571947,98,36,3612,102259222,13400,2012-07-26,128,OZ,3,3
2221571947,98,63,6315,101111010,61474,2012-09-03,128,OZ,1,3.53
2221571947,98,29,2908,104600040,13023,2013-04-07,16,OZ,3,4.47
2221571947,98,63,6315,101111010,61474,2013-04-15,128,OZ,1,2.97
2221587501,63,57,5705,107047070,20230,2012-05-14,6,OZ,5,3
2221587501,63,4,418,103400030,45489,2012-11-21,12,OZ,1,3.49
2221591718,12,59,5902,101111010,9698,2012-03-08,16,OZ,2,6.58
2221591718,12,5,501,101111010,9907,2012-03-14,32,OZ,2,6.78
2221591718,12,26,2604,101111010,9907,2012-08-07,100,CT,1,0.89
2221591718,12,29,2906,104178949,11224,2012-10-08,4,OZ,1,1.09
2221591718,12,63,6315,104126040,100699,2012-11-29,128,OZ,1,2.99
2221649955,96,33,3316,101600010,3397,2013-01-24,7,OZ,1,1
2221649955,96,36,3635,103003434,7175,2013-04-19,33.8,OZ,3,2.01
2221654783,214,51,5115,107192171,25673,2013-02-12,24.1,OZ,1,6.5
2221659884,214,36,3604,104122040,20514,2012-06-08,33.8,OZ,4,2.28
2221660646,214,57,5710,103663232,4568,2012-03-26,21.2,OZ,1,3.79
2221660646,214,55,5552,104122040,82828,2012-04-30,64,OZ,1,4.48
2221660646,214,9,901,102780020,12006,2013-04-01,16,OZ,1,2.68
2221714044,46,29,2921,101600010,1756,2012-04-04,4.8,OZ,1,1.57
2221789292,4,31,3101,102113020,15704,2012-04-15,0.5,OZ,1,1.99
