2767794714,143,0,0,10000,0,2012-05-24,0,,1,0
2767794714,143,51,5129,101380010,27474,2012-08-12,23,OZ,1,8.99
2767794714,143,9,922,102430020,10577,2013-01-05,9.2,OZ,1,1.79
2767794773,143,56,5620,102100020,9886,2012-11-17,8,OZ,1,2.5
2767796329,83,5,501,101111010,9907,2012-05-15,13.8,OZ,1,2.49
2767796329,83,9,902,104400040,15335,2012-09-03,14.2,OZ,1,2.77
2767797284,133,0,0,10000,0,2012-11-29,0,,1,0
2767797284,133,37,3708,104800141,9814,2012-11-29,1.4,OZ,1,1.59
2767797284,133,53,5307,101111010,20588,2013-03-15,12,OZ,1,3.19
2767801619,98,99,9908,101111010,9907,2012-06-08,80,OZ,1,2.72
2767801619,98,33,3305,102840020,18584,2013-06-13,13,OZ,1,3.28
2767805176,89,4,411,104000040,17287,2012-03-28,14,OZ,2,9.38
2767805176,89,57,5705,107047070,20230,2012-11-07,6,OZ,8,4
2767839459,215,29,2924,101740010,11748,2013-03-07,28,OZ,1,3.99
2767876196,214,12,1205,104800040,38150,2013-02-27,5,OZ,3,2.34
2767876196,214,29,2902,101490010,19995,2013-06-17,10,OZ,1,1.38
2767887511,214,4,417,101070010,11692,2013-02-15,5,OZ,2,1.94
2767931838,46,56,5616,102100020,9886,2013-02-11,8,OZ,1,2.5
2767960876,17,73,7308,1032113030,15704,2012-03-05,21,CT,1,1.49
2767960876,17,97,9753,1022213121,0,2012-04-21,1,CT,1,1.99
2767964783,3,36,3636,104300040,29501,2012-03-17,192,OZ,1,3.99
2767964783,3,79,7902,1074948575,44232,2012-05-27,0,,1,1.99
2767988025,15,25,2509,102113020,10786,2012-06-08,16,OZ,1,0.79
2767988025,15,26,2619,101370010,8154,2013-04-05,28,CT,1,8.49
2768423793,293,71,7113,107940070,17521,2012-06-13,5,OZ,1,2.99
2768423891,285,25,2502,101115010,15530,2012-08-22,96,OZ,1,3.29
2768423891,285,97,9753,10000,0,2012-09-26,1,CT,4,0
2768424099,285,56,5617,102100020,9886,2012-03-07,12,OZ,1,2
2768424540,285,60,6007,101800010,14029,2012-12-16,8,OZ,3,6
2768424540,285,5,518,103800030,15251,2013-02-09,6.2,OZ,1,2.89
2768424591,285,36,3634,1078616272,7237,2012-11-25,101.4,OZ,1,4.99
2768424875,285,21,2108,101115010,15530,2012-03-18,64,OZ,1,2.44
2768424875,285,8,810,102150020,10238,2012-11-24,1,OZ,1,0.85
2768425383,285,3,302,102800020,30272,2012-05-12,12,OZ,2,5.94
2768425383,285,63,6320,101115010,15530,2012-06-28,12,CT,1,1.29
2768425383,285,58,5827,104470040,13310,2013-02-02,16,OZ,1,3.98
2768427091,285,9,907,103397434,12387,2012-04-22,24,OZ,1,3.95
2768427091,285,96,9609,1054116454,88199,2012-05-05,0,,1,-1
2768427343,285,9,920,104400040,15335,2012-03-19,6,OZ,1,2.49
2768427343,285,8,810,104600040,13023,2012-07-14,1,OZ,1,0.69
2768427343,285,99,9909,107127979,6732,2012-09-23,6.4,OZ,1,2.99
2768427343,285,99,9904,103338333,33170,2013-03-17,48,OZ,1,0.99
2768428830,285,56,5616,101115010,15530,2012-05-17,8,OZ,3,5.97
2768428830,285,9,901,104400040,3453,2012-07-26,13.72,OZ,1,2.49
2768428830,285,55,5552,107756777,2347,2012-09-13,48,OZ,1,4.59
2768428830,285,29,2914,101115010,15530,2012-12-06,12.9,OZ,1,2.89
2768428830,285,49,4901,101115010,15530,2013-06-13,32,OZ,1,2.5
2768429979,285,36,3603,104300040,4371,2012-03-03,384,OZ,1,3
2768429979,285,5,502,101600010,1756,2012-03-17,8,OZ,1,1.56
2768429979,285,5,502,101600010,101199,2012-05-12,5.4,OZ,1,2
2768429979,285,64,6410,1063598565,11683,2012-06-10,134.4,OZ,1,13.99
2768430168,285,26,2613,103600030,8583,2012-07-18,20,CT,1,9.98
2768430168,285,8,830,101300010,8164,2012-11-14,12,OZ,1,2
2768430168,285,5,502,103800030,9543,2012-12-12,8,OZ,1,2.89
2768430168,285,7,706,101200010,17286,2013-02-03,13.7,OZ,1,2.79
2768430424,285,55,5561,104148343,9547,2012-06-02,16,OZ,1,1.25
2768631454,507,97,9753,10978069494,0,2012-09-17,1,CT,1,6.99
2768631454,507,73,7308,1081483282,10808,2013-01-16,30,CT,1,1.47
2768643235,508,60,6001,101800010,14029,2012-06-21,16,OZ,1,2.72
2768680280,508,11,1112,1083373585,14820,2012-03-10,10.6,OZ,1,4.49
2768690492,508,67,6703,107430070,4847,2012-03-22,4,OZ,1,4.84
2768690492,508,6,608,1072225272,3695,2012-10-24,15.24,OZ,2,12
2768737542,510,1,106,101500010,29555,2012-05-01,6.6,OZ,4,8.9
2768753419,510,18,1841,103700030,17864,2012-09-28,24,CT,1,12.99
2768809546,85,39,3903,1060788060,16965,2012-07-19,24,OZ,1,2.3
2768809546,85,53,5305,102000020,7655,2013-02-01,10,OZ,4,4
2768814556,240,99,9909,107127979,6732,2012-12-08,10,OZ,1,2.5
2768832992,101,99,9909,107143070,5072,2012-11-03,9.7,OZ,2,3.69
2768833386,101,63,6315,107047272,26467,2012-10-14,64,OZ,1,1.21
2768833386,101,4,412,103825232,6491,2013-03-13,1.05,OZ,5,5
2768834090,101,33,3350,102620020,16611,2012-06-04,4.2,OZ,1,3.59
2768834090,101,21,2117,108768484,2903,2012-07-11,60,OZ,4,12
2768834273,101,97,9753,1020440929,0,2012-12-14,1,CT,1,2.81
2768891365,64,24,2407,101700010,885,2012-10-04,4.75,OZ,6,2.08
2768892298,64,51,5127,105100050,8605,2012-03-05,16,OZ,1,3.99
2768892298,64,41,4109,105200050,19212,2013-01-09,53,OZ,1,3.07
2768892298,64,38,3801,1072543979,40679,2013-01-26,4,LB,2,4.5
2768892298,64,58,5823,102265525,2626,2013-01-26,8,OZ,2,5
2768916554,431,34,3410,101700010,4912,2012-08-27,7.5,OZ,1,2.39
2768916554,431,8,814,105385252,7661,2013-02-01,16,OZ,1,4.55
2768917406,151,63,6315,101111010,9907,2012-03-21,128,OZ,2,7.94
2768917406,151,29,2908,104430040,15487,2012-11-04,16,OZ,4,4
2768919761,89,14,1417,103890030,5072,2012-04-21,23.5,OZ,1,2.95
2768919761,89,92,9212,1071956575,5000,2012-06-26,0.33,OZ,1,4.99
2768919761,89,21,2112,103890030,5072,2012-10-09,46,OZ,1,2.99
2768919761,89,9,908,101111010,6848,2012-12-08,14,OZ,1,3.69
2768919761,89,59,5902,103450030,10165,2013-03-10,16,OZ,4,10
2768926279,126,39,3903,103000030,1058,2012-11-21,24,OZ,0,0
2768927468,126,37,3705,105100050,2820,2012-05-22,18.8,OZ,2,3.78
2768927468,126,30,3009,101111010,9907,2012-05-22,16,OZ,1,1.67
2768927468,126,0,0,10000,0,2013-03-17,0,,1,0
2768931457,12,36,3611,101111010,1814,2012-12-22,405.6,OZ,1,2.99
2768931457,12,36,3618,104900040,23359,2013-04-29,240,OZ,1,6.99
2768950200,126,36,3611,101111010,9907,2012-06-08,405.6,OZ,1,1.79
2768950200,126,71,7113,102240020,25033,2013-01-20,15,OZ,3,2.37
2768963179,184,33,3307,109418494,18794,2013-02-18,9,OZ,1,6.99
2768964972,96,63,6315,107047474,6965,2012-03-26,64,OZ,1,1.93
2768966008,96,57,5706,103663232,4568,2013-02-10,32,OZ,1,2.99
2768967085,96,9,902,104400040,3334,2012-10-27,10.5,OZ,1,2
2768985535,214,30,3009,102100020,9886,2012-04-24,16,OZ,1,1.98
2768985535,214,37,3706,104119646,14582,2012-08-15,18.5,OZ,2,3.76
2768985535,214,36,3630,107800070,23561,2012-09-05,101.4,OZ,4,13.08
2768985535,214,4,416,103400030,452,2012-10-26,3.6,OZ,1,1
2768985535,214,51,5126,102113121,11151,2012-12-26,14,OZ,4,9.92
2768985535,214,0,0,10000,0,2013-06-03,0,,1,-1
2769025630,46,63,6320,104125040,11473,2013-03-11,24,CT,1,3.19
2769040232,46,26,2629,104200040,5016,2012-04-26,200,CT,1,2.49
2769040232,46,8,830,104123444,11382,2013-03-11,8,OZ,1,2.99
2769083524,20,55,5559,107756777,14286,2012-03-04,33,OZ,1,4.29
2769083524,20,8,814,102113020,15704,2012-04-28,16,OZ,1,2
2769083524,20,41,4108,107227373,9930,2012-12-08,15,OZ,2,2.98
2769089036,95,5,516,103800030,24525,2013-01-04,6.3,OZ,2,7.58
2769089036,95,56,5614,107455070,14391,2013-03-08,10,OZ,2,4.49
2769098684,15,5,501,103000030,58434,2012-07-12,20,OZ,1,7.99
2769525821,285,63,6320,101115010,15530,2012-04-21,12,CT,1,1.15
2769525821,285,40,4005,104100040,10522,2012-10-15,0.8,OZ,1,2.36
2769525821,285,63,6320,101115010,15530,2013-06-16,12,CT,1,1.39
2769525969,285,26,2635,101115010,15530,2012-04-07,50,CT,1,1.53
2769525969,285,63,6316,101115010,15530,2012-10-06,16,OZ,2,2.78
2769525969,285,55,5552,101115010,15530,2012-11-18,56,OZ,1,2.59
2769525969,285,9,907,101115010,15530,2012-12-20,16,OZ,1,0.88
2769525969,285,57,5704,107047070,20230,2013-04-02,6,OZ,3,1.8
2769525984,285,36,3636,104300040,29501,2012-07-25,192,OZ,3,11.67
2769525984,285,9,902,101410010,45039,2012-09-25,6.6,OZ,3,6
2769525984,285,5,504,1072225272,3695,2013-01-14,1.6,OZ,4,4
2769526616,285,5,501,103800030,17050,2012-06-16,13.6,OZ,2,8.36
2769526616,285,5,501,103800030,17050,2013-01-01,11.2,OZ,3,7.17
2769526807,285,0,0,10000,0,2013-01-17,0,,2,7.98
2769527309,285,63,6312,102500020,11749,2012-07-03,59,OZ,1,1
2769527386,285,0,0,10000,20405,2013-02-20,0,,1,-1
2769528351,285,8,810,105210050,11382,2012-09-23,1.25,OZ,1,1.39
2769529043,285,5,501,103800030,4352,2013-01-18,14.1,OZ,1,3.89
2769529043,285,41,4105,107294070,15051,2013-03-26,14.5,OZ,1,1.25
2769529666,285,51,5133,107320272,9303,2012-03-28,20,OZ,1,6.34
2769529666,285,21,2110,103120030,12957,2012-05-25,64,OZ,1,1.82
2769529666,285,99,9909,107127979,6732,2012-08-15,12,OZ,1,2.49
2769530323,285,72,7209,103700030,26880,2012-05-23,38.2,YD,1,3.79
2769530323,285,33,3307,101115010,15530,2013-01-16,10,OZ,1,3.7
2769530762,285,57,5710,1089470080,21065,2012-07-18,5.3,OZ,3,2.97
2769530762,285,63,6320,101115010,15530,2012-11-14,12,CT,1,1.59
2769530881,285,99,9904,1081204989,27736,2012-03-18,32,OZ,1,4.49
2769530881,285,63,6320,101115010,15530,2013-03-03,12,CT,1,2.99
2769531194,285,10,1011,104300040,26232,2012-04-15,19.5,OZ,1,3
2769531194,285,72,7211,103700030,6414,2012-05-12,78,CT,1,5.79
2769531194,285,22,2214,102420020,14716,2012-05-20,28,OZ,1,5.67
2769531194,285,18,1827,104650040,7249,2012-11-17,9.7,OZ,1,2.75
2769573845,109,16,1604,102200020,20100,2012-04-09,15,CT,1,1.59
2769575935,109,33,3308,102840020,3336,2013-02-15,9.75,OZ,1,2.5
2769735875,508,26,2615,107301070,17990,2012-07-18,40,CT,1,6.29
2769753592,508,75,7520,104834141,23664,2012-04-29,200,CT,1,1.97
2769934705,40,69,6901,101204414,13056,2012-03-03,3.25,OZ,1,2.99
2769934705,40,56,5615,102114020,19950,2012-03-31,16,OZ,1,3.99
2769946223,16,25,2506,104410040,8481,2012-08-05,32,OZ,1,4.49
2769946223,16,25,2506,104127141,26189,2012-11-10,32,OZ,1,4.49
2769946223,16,8,818,107764474,64256,2013-01-01,24,OZ,2,4.3
2769946223,16,5,501,103800030,14900,2013-04-16,24.8,OZ,2,10.98
2769946223,16,11,1114,1071514171,25530,2013-05-07,16,OZ,1,3.29
2769948220,16,0,0,10000,20405,2013-04-06,0,,2,25.53
2769983523,21,19,1908,104800141,16564,2012-10-28,28,OZ,1,4.49
2769983523,21,58,5824,102836424,14418,2013-01-21,16,OZ,1,3.99
2769983557,21,99,9904,104119040,16347,2012-03-23,4,LB,1,2.99
2769983557,21,41,4108,104119040,16347,2012-06-23,15.5,OZ,1,0.99
2769983557,21,8,830,107032878,13014,2012-08-07,3.8,OZ,1,3.29
2769984070,21,63,6315,104119040,16347,2012-08-02,64,OZ,1,2.29
2769984070,21,95,9518,1061029060,7848,2012-10-14,1,CT,2,7.68
2769985974,21,18,1898,104133343,5379,2012-08-26,8,CT,1,6.49
2769985974,21,9,907,107294575,15878,2012-10-21,20,OZ,2,3.98
2769987590,21,37,3707,107468373,5752,2013-03-13,32,OZ,2,5.78
2770017544,104,9,901,104400040,13243,2013-03-19,15.5,OZ,1,2.99
2770024032,278,34,3410,104116343,5845,2012-06-08,7.5,OZ,2,3
2770036877,101,41,4108,103940030,71386,2013-02-23,16,OZ,1,0.67
2770038746,101,18,1841,103700030,17864,2012-08-17,10,CT,1,8.65
2770038746,101,10,1011,104300040,26232,2012-09-28,14.5,OZ,1,2
2770038991,101,25,2506,105000050,32115,2012-10-10,32,OZ,1,3.09
2770039061,101,9,901,104400040,12600,2013-03-01,14,OZ,1,3.99
2770040305,101,25,2506,104410040,8481,2012-11-24,32,OZ,1,3.49
2770040305,101,4,407,101070010,7446,2013-06-08,6,OZ,1,1
2770041910,77,0,0,10000,20405,2012-03-19,0,,2,-1.59
2770042248,77,56,5620,107078474,18552,2012-05-24,8,OZ,1,2.69
2770042477,77,55,5552,107576777,13862,2012-05-03,48,OZ,3,9.98
2770042477,77,23,2301,107078474,18552,2012-05-10,16,OZ,2,3
2770042477,77,30,3010,109099797,13073,2012-06-18,8,OZ,2,5
2770042477,77,10,1007,107078474,18552,2013-05-25,3,OZ,3,2.25
2770043090,77,41,4105,107078474,18552,2012-09-20,14.5,OZ,3,1.18
2770043090,77,97,9765,1041100040,33170,2013-03-14,1,CT,1,0
2770054123,77,29,2923,104100040,9814,2012-09-23,4.3,OZ,2,2
2770054489,77,49,4901,101312010,26885,2012-04-19,26,OZ,1,3
2770054489,77,54,5402,107078474,18552,2013-02-07,16,OZ,1,2.79
2770054489,77,63,6305,104850040,18799,2013-04-11,59,OZ,1,3
2770054489,77,8,801,107078474,18552,2013-06-18,36,OZ,1,1.99
2770086722,64,8,814,102840020,18584,2012-07-16,15.5,OZ,1,3
2770099204,64,26,2634,104200040,14813,2012-03-23,12,RL,1,8.89
2770099204,64,99,9909,107143070,5072,2012-05-15,12,OZ,2,5.2
2770099204,64,99,9908,103338333,33170,2012-05-15,32,OZ,1,2.63
2770157173,70,54,5401,1072543979,40679,2012-12-21,29.6,OZ,1,3.97
2770161790,64,9,908,104500040,8511,2012-05-22,12.2,OZ,1,2.6
2770163636,65,4,421,104000040,16565,2012-04-25,4,OZ,1,0.89
2770163636,65,37,3707,1072543979,40679,2012-10-14,48,OZ,2,3.23
2770163636,65,36,3633,107279676,8670,2012-11-21,72,OZ,2,7.78
2770163636,65,63,6323,1072543979,40679,2013-02-02,64,OZ,1,1.91
2770215727,165,97,9781,10000,8255,2012-08-25,1,CT,1,-1.05
2770216472,165,30,3010,102100020,9886,2012-04-04,16,OZ,1,2.99
2770217063,165,97,9781,10000,8255,2013-01-15,1,CT,1,-1.05
2770222801,26,41,4107,101111010,9907,2012-04-06,14.5,OZ,3,2.19
2770227084,126,63,6312,102500020,16487,2012-06-11,13.5,OZ,1,1.59
2770227084,126,0,0,10000,0,2012-07-25,0,,3,0
2770227084,126,24,2403,101111010,9907,2013-05-01,5,OZ,2,2.18
2770230254,58,13,1306,105150050,29007,2012-08-25,2,LB,1,3.69
2770230254,58,56,5619,102100020,19279,2012-11-17,16,OZ,1,4.69
2770233527,98,23,2301,101270010,16555,2012-04-06,48,OZ,1,4.69
2770233527,98,5,501,103800030,24514,2012-11-27,17,OZ,1,3.99
2770233563,98,71,7113,1060308464,7034,2013-05-29,13,OZ,1,3.14
2770234119,98,41,4108,103940030,71386,2012-12-14,16,OZ,1,1.19
2770234119,98,56,5620,102100020,9886,2013-04-06,7,OZ,1,3.25
2770237115,89,41,4105,101111010,9907,2012-03-08,14.5,OZ,1,0.69
2770237115,89,63,6315,101111010,9907,2013-02-09,128,OZ,2,3.98
2770254009,2,33,3303,102840020,10241,2012-04-14,10,OZ,1,4.29
2770254009,2,9,907,107432373,1866,2012-04-28,20,OZ,1,2.49
2770254009,2,58,5814,104470040,10837,2012-07-29,14.6,OZ,1,2.99
2770254009,2,27,2710,103320030,875,2012-11-02,14,LB,1,7.49
2770263586,191,0,0,10000,0,2012-05-31,0,,1,0
2770263586,191,36,3611,107114272,915,2012-08-06,23.7,OZ,1,0.5
2770270190,143,63,6312,102500020,16487,2012-12-31,59,OZ,2,4.98
2770284785,431,58,5824,101111010,9907,2012-06-22,18,OZ,1,3.5
2770284785,431,99,9909,101111010,28083,2013-03-29,10,OZ,1,2.1
2770284785,431,44,4404,101111010,9907,2013-05-31,14,OZ,1,1.89
2770288134,126,51,5115,107192171,25673,2012-09-14,31.2,OZ,1,5.99
2770291398,89,51,5125,101380010,10271,2013-01-12,24,OZ,1,9.99
2770294421,12,73,7315,101111010,9907,2013-03-06,4,OZ,1,2.99
2770298490,63,36,3611,101111010,9907,2012-08-02,33.8,OZ,1,0.45
2770300073,12,9,917,107373171,11786,2012-10-26,14,OZ,1,2.99
2770300073,12,25,2506,105000050,32115,2013-03-30,32,OZ,2,5.58
2770303699,12,0,0,10000,0,2013-03-26,0,,1,0
2770311408,63,29,2928,107142979,20299,2012-05-08,8,OZ,2,3.54
2770311408,63,36,3626,107800070,16223,2012-11-19,67.6,OZ,1,0.88
2770346692,166,0,0,10000,0,2012-06-30,0,,3,-7.34
2770357671,96,53,5307,101450010,20864,2012-11-24,16,OZ,1,2.5
2770357671,96,56,5620,103003434,7175,2013-02-03,8,OZ,1,2.79
2770357671,96,36,3611,103003434,7175,2013-03-13,405.6,OZ,1,3.34
2770358091,96,96,9609,1050052151,88199,2012-06-01,0,,1,-0.3
2770358091,96,56,5613,104610040,15889,2012-09-07,8,OZ,2,6
2770358091,96,37,3707,101122515,19197,2012-11-02,32,OZ,1,1.49
2770358091,96,40,4001,101122515,19197,2012-11-02,896,OZ,1,5.99
2770358982,96,63,6330,103003434,7175,2012-09-03,8,OZ,1,1.99
2770358982,96,71,7114,1071722676,9241,2013-02-27,6,OZ,1,6.99
2770359380,96,59,5902,103450030,10165,2012-04-01,16,OZ,1,3.99
2770359380,96,63,6315,104190040,4664,2012-06-24,64,OZ,1,1.95
2770359380,96,10,1006,101122515,19197,2012-12-02,10,OZ,1,2.25
2770359877,96,9,920,103010030,9530,2012-07-29,10.1,OZ,1,2
2770359877,96,59,5902,107332575,62984,2012-09-29,16,OZ,1,2.39
2770360781,96,57,5703,103663232,4568,2012-03-13,6,OZ,4,3
2770360781,96,58,5827,1075919979,32537,2012-06-20,16,OZ,1,3.69
2770360781,96,56,5617,102100020,9886,2012-11-20,12,OZ,1,2
2770360925,96,17,1721,104650040,14149,2012-03-05,9.7,OZ,1,5.19
2770360925,96,96,9609,10990000090,88199,2012-10-16,0,,1,8
2770361024,96,51,5126,101380010,27474,2012-09-09,12,OZ,3,7.5
2770361436,96,33,3313,102840020,6777,2012-08-22,9,OZ,1,2.99
2770370550,214,21,2121,105385959,9582,2012-06-21,11.5,OZ,3,1
2770370550,214,97,9753,1023850020,0,2012-11-11,1,CT,1,5.14
2770378359,214,58,5823,104470040,13310,2012-03-20,8,OZ,1,3.97
2770378359,214,63,6315,104122040,20514,2012-04-23,128,OZ,1,2.98
2770378359,214,58,5830,103760030,8501,2012-10-12,12,OZ,1,2.27
2770397942,214,31,3108,105210050,11382,2012-03-08,2.12,OZ,1,1.42
2770397942,214,96,9609,1051600050,88199,2012-07-03,0,,1,-2
2770397942,214,58,5823,104470040,13310,2012-10-08,7.5,OZ,1,3.78
2770400998,214,26,2628,105400050,16048,2012-10-02,6,RL,1,6.37
2770407759,214,37,3711,104122040,23511,2012-04-13,26,OZ,1,9.96
2770407759,214,16,1604,101254616,18738,2012-07-13,42,CT,1,2.99
2770409679,214,26,2609,104122040,23511,2012-06-29,24,CT,2,4
2770409679,214,2,212,107023373,62481,2013-03-18,6,OZ,3,1.5
2770441102,214,97,9753,1022105222,0,2012-10-14,1,CT,1,1.97
2770442030,214,70,7001,1032428636,4650,2012-09-19,1,OZ,1,1.47
2770442030,214,29,2907,104122040,23511,2012-09-30,14,OZ,1,1.5
2770442030,214,33,3303,102840020,15598,2013-02-26,6.5,OZ,1,1.98
2770448064,214,1,106,1089018080,14157,2012-03-11,4,OZ,2,2.56
2770448064,214,54,5401,103800030,5618,2013-03-18,11.6,OZ,1,2.38
2770454270,214,97,9753,1020441626,0,2012-05-07,1,CT,1,0.73
2770456741,206,70,7002,108685484,10218,2013-01-31,64,OZ,1,4.48
2770474587,46,97,9753,1060580666,0,2012-08-15,1,CT,1,3.69
2770484727,46,37,3707,1071928373,11473,2012-10-14,32,OZ,1,1.75
2770484727,46,27,2709,102310020,18139,2012-10-23,3.45,OZ,2,3
2770484727,46,96,9609,1051410050,88199,2013-02-18,0,,1,-0.06
2770484727,46,26,2630,103600030,9787,2013-03-02,184,CT,2,2
2770484727,46,33,3305,1071928373,11473,2013-04-22,12.5,OZ,1,2
2770539325,46,51,5125,102580020,16668,2012-06-02,8,OZ,2,4
2770549470,46,36,3631,107800070,23209,2012-06-02,8,OZ,1,2.5
2770549470,46,9,912,104812141,18322,2013-02-25,20,OZ,1,3.79
2770607772,46,26,2630,103600030,9787,2012-11-04,480,CT,1,5.49
2770607772,46,18,1802,104316848,25919,2012-12-30,4,CT,1,1.68
2770620976,46,14,1411,103890030,5072,2012-09-06,8,OZ,1,0.86
2770640663,14,9,902,103010030,3744,2012-12-26,16,OZ,1,2.5
2770640663,14,9,970,103800030,62065,2013-02-23,14,OZ,1,1.88
2770645969,88,36,3630,102113020,15704,2012-12-08,144,OZ,1,2.5
2770663076,18,5,501,103800030,6796,2013-01-21,26.8,OZ,1,3.99
2770669550,17,96,9609,1051450050,88199,2012-04-15,0,,1,-1
2770676668,17,4,410,106276868,23686,2013-03-19,2.12,OZ,2,3.98
2771315222,42,63,6315,104149747,19710,2012-05-02,64,OZ,2,3.63
2771315439,42,53,5307,102000020,7655,2012-11-11,11,OZ,1,2.39
2771315896,42,63,6314,104149747,19710,2012-04-11,8,OZ,1,1.19
2771316260,42,63,6315,104138343,10091,2013-04-23,96,OZ,1,5.29
2771316941,42,30,3008,107110070,8280,2012-04-07,16,OZ,1,3.59
2771316941,42,27,2707,1082927484,11516,2012-06-18,3.15,LB,1,4.19
2771317385,42,21,2119,107618373,16756,2013-02-15,96,OZ,4,31.96
2771317385,42,28,2805,104149747,19710,2013-06-09,3.8,OZ,1,1.49
2771317663,42,4,416,103400030,15113,2012-11-28,1.4,OZ,3,2.67
2771317758,42,38,3801,104149747,19710,2012-10-30,2,LB,1,1.99
2771662550,285,33,3316,101600010,3397,2012-04-15,8.75,OZ,1,2.75
2771663992,285,63,6315,101115010,15530,2013-03-14,128,OZ,1,3.39
2771664138,285,9,907,107341070,888,2012-06-16,16,OZ,1,2
2771664840,285,51,5125,102580020,16668,2012-12-18,9,OZ,1,2.39
2771664840,285,63,6315,104148343,9547,2013-05-23,32,OZ,1,1.39
2771665146,285,36,3630,107800070,23561,2012-07-07,144,OZ,3,13.47
2771665146,285,97,9781,10000,8255,2013-05-05,1,CT,1,-0.39
2771665316,285,58,5828,103390030,9286,2012-11-17,7,OZ,1,2.49
2771665631,285,41,4108,101115010,15530,2012-10-31,15,OZ,1,0.66
2771665631,285,26,2634,104200040,14813,2013-07-10,12,RL,1,6.49
2771666430,285,27,2705,101115010,15530,2012-09-28,5.5,OZ,6,3.48
2771666430,285,63,6314,101115010,15530,2012-12-03,16,OZ,1,1.39
2771666712,285,60,6010,101800010,14029,2012-12-21,30,OZ,1,2.55
2771666712,285,72,7214,101254616,18738,2013-02-04,18,CT,2,2.38
2771667419,285,97,9781,10000,8255,2013-02-23,1,CT,1,-1.47
2771668738,285,36,3634,105200050,14597,2013-03-17,101.4,OZ,1,3.99
2771669454,285,51,5123,101380010,27474,2012-09-05,31,OZ,1,5.98
2771670341,285,1,106,101500010,7142,2012-09-04,7,OZ,10,10
2771671410,285,21,2114,101480010,15016,2012-07-21,8,OZ,1,1.86
2771671410,285,49,4901,101312010,26885,2013-02-23,30,OZ,1,3
2771671636,285,27,2710,104460040,6743,2012-07-27,20,LB,1,9.75
2771671636,285,38,3801,107009070,74034,2013-02-27,4,LB,1,2.89
2771671721,285,26,2633,103040030,683,2012-11-04,12,RL,2,13.69
2771672000,285,73,7302,101115010,15530,2013-02-12,100,CT,1,6.49
2771672175,285,26,2634,104200040,14813,2012-05-17,6,RL,1,4.59
2771673555,285,9,902,104400040,15335,2012-03-03,8.1,OZ,1,3.49
2771673555,285,5,501,1088491282,13689,2012-09-29,11,OZ,1,2.99
2771673555,285,97,9799,107675373,7452,2012-10-27,1,CT,6,20.24
2771673555,285,5,501,103800030,24586,2013-06-15,8.9,OZ,1,3.39
2771673640,285,64,6401,103410030,93313,2012-03-29,72,OZ,1,6.29
2771673640,285,23,2310,104116444,27731,2012-07-07,16,OZ,1,2.15
2771673640,285,57,5704,107047070,20230,2012-09-03,6,OZ,4,2.35
2771674242,293,23,2301,101510010,4255,2013-05-20,48,OZ,1,3.99
2771674320,293,99,9908,107146474,2142,2012-11-18,12,OZ,1,1.5
2771694937,116,58,5815,103760030,8501,2012-04-13,8,OZ,1,5.49
2771694937,116,99,9909,107127979,6732,2012-08-21,16,OZ,1,3.99
2771837971,377,82,8201,103760030,8501,2012-09-15,24,OZ,1,9.99
2771837971,377,18,1890,105209252,43069,2012-10-12,2,CT,1,2.49
2771837971,377,18,1890,105209252,43069,2012-12-14,3,CT,1,1.94
2771880032,377,99,9908,103338333,33170,2012-09-30,16,OZ,1,1.29
2772100964,508,7,708,1088133484,5357,2013-03-24,12,OZ,1,6.99
2772133007,510,63,6320,108523989,11176,2012-09-13,12,CT,1,1.39
2772376916,508,25,2508,105385959,84,2012-08-13,64,OZ,3,8.76
2772536369,31,58,5812,105450050,1322,2012-07-26,16,OZ,1,4.99
2772570246,16,63,6305,101630010,6509,2012-04-12,59,OZ,1,3.99
2772570246,16,79,7903,107098979,44702,2012-09-26,1,CT,1,4.99
2772574837,85,99,9904,103338333,33170,2012-06-23,16,OZ,1,2.99
2772574837,85,57,5704,107047070,20230,2012-07-07,6,OZ,2,1
2772574837,85,9,914,107343575,9705,2012-10-28,12,OZ,1,3.99
2772574837,85,9,922,102430020,10577,2013-05-11,13,OZ,1,1.79
2772579030,85,10,1006,103680030,3679,2012-09-04,10,OZ,1,1.69
2772580599,85,33,3305,102840020,5141,2012-07-27,11.5,OZ,4,15.69
2772580599,85,24,2403,107478575,19183,2012-11-16,5,OZ,4,6
2772587092,21,97,9799,103338333,33170,2012-03-29,1,CT,6,25.74
2772587092,21,99,9908,105783656,17665,2012-04-17,17.6,OZ,1,1.5
2772587092,21,9,916,104400040,19783,2012-06-21,5.5,OZ,1,3.69
2772593106,240,96,9609,1056343555,88199,2012-09-01,0,,1,-1
2772612703,101,34,3410,101920010,10882,2012-05-28,8.5,OZ,1,3.69
2772612703,101,70,7002,107707171,6697,2012-06-29,1,CT,1,1
2772616906,101,63,6315,1068826767,81691,2013-01-28,128,OZ,2,7.72
2772616906,101,63,6312,105020050,52045,2013-02-24,64,OZ,1,1.79
2772618855,101,4,412,101070010,9275,2012-08-29,14,OZ,2,5
2772619825,101,36,3635,1068826767,7173,2012-03-11,120,OZ,1,2.19
2772637178,70,18,1890,105209252,43069,2012-05-08,2,CT,1,2.79
2772637178,70,26,2628,103700030,2248,2012-06-17,6,RL,1,5.99
2772637178,70,99,9904,103338333,33170,2012-12-10,16,OZ,1,3.49
2772667432,65,63,6313,107357070,8185,2012-10-26,24,OZ,1,2.79
2772700365,165,8,826,101121010,17930,2012-12-23,5,OZ,1,2.5
2772703034,26,99,9909,101111010,9907,2012-09-21,12,OZ,1,1
2772703034,26,9,907,101111010,20588,2012-09-25,24,OZ,1,1.99
2772703638,83,9,907,107131474,1061,2012-03-05,20,OZ,1,2.29
2772703976,83,23,2301,107680878,1393,2013-01-04,16,OZ,2,2
2772703976,83,58,5837,104470040,13310,2013-05-03,6.3,OZ,1,9.79
2772703976,83,33,3302,102700020,57417,2013-05-24,30,OZ,2,13.78
2772706385,83,20,2002,105100050,27873,2012-04-08,46,OZ,2,7.98
2772706385,83,69,6901,101204414,13056,2013-01-06,3.25,OZ,6,9.74
2772706385,83,71,7102,1030813737,9259,2013-01-28,15,OZ,1,2.48
2772710435,89,56,5615,101111010,9907,2012-09-01,8,OZ,2,3.58
2772711589,211,55,5552,101111010,9907,2012-05-12,128,OZ,1,5.49
2772711613,89,2,214,104144949,9916,2012-05-15,32,OZ,1,2.29
2772711613,89,21,2105,105200050,7054,2012-06-29,32,OZ,7,4.83
2772711613,89,33,3303,104163242,8623,2012-11-09,10,OZ,1,2.99
2772715419,89,3,302,107724171,17672,2012-11-24,9,OZ,4,14.36
2772721356,151,29,2904,101530010,13610,2012-04-29,5.1,OZ,1,0.88
2772721356,151,8,807,101340919,17823,2012-04-29,18,OZ,2,3
2772721356,151,10,1013,103890030,5072,2012-09-01,16,OZ,1,2.49
2772721356,151,5,501,103800030,14900,2013-03-04,18.2,OZ,1,3.49
2772721446,58,9,902,104400040,12279,2012-12-28,9,OZ,1,1.69
2772721446,58,4,405,101111010,9907,2013-03-28,10,OZ,2,1.8
2772734251,431,34,3499,104126040,58220,2012-08-11,1,CT,1,2.07
2772751052,191,5,501,1088491282,13689,2012-05-02,11,OZ,2,4
2772751052,191,0,0,10000,0,2012-11-04,0,,2,0
2772751052,191,41,4107,101111010,6678,2012-12-02,14.5,OZ,5,3
2772751052,191,55,5558,101111010,4020,2013-03-09,42,OZ,1,2.99
2772769683,96,30,3008,102100020,9886,2013-01-21,16,OZ,1,3.49
2772770001,96,96,9609,1055100050,88199,2012-12-03,0,,1,-0.4
2772770001,96,58,5824,103003434,7175,2013-03-11,14,OZ,1,4.49
2772771280,96,17,1709,101920010,10882,2012-07-04,24,OZ,1,2.59
2772785391,214,41,4105,107294070,15051,2013-06-30,14.5,OZ,2,1.33
2772789614,214,2,202,104144949,7168,2013-03-11,18.75,OZ,1,2.18
2772789614,214,96,9609,1051490050,88199,2013-05-26,0,,1,-1.98
2772806808,214,33,3307,102900020,14112,2012-08-09,12,OZ,1,3.48
2772807826,214,73,7302,1031284333,1500,2012-11-19,50,CT,1,4.98
2772808093,214,99,9904,1071575676,5278,2012-04-22,6,OZ,1,3.98
2772808093,214,56,5616,104122040,23511,2012-08-19,16,OZ,1,2.47
2772821155,46,9,902,102410020,44209,2012-06-07,13.7,OZ,1,3.19
2772821155,46,33,3303,1071928373,11473,2012-09-13,9,OZ,1,2
2772821155,46,71,7114,1030815131,1079,2012-09-29,6,OZ,1,3.19
2772821155,46,5,501,103800030,6796,2012-11-04,15,OZ,1,3.29
2773200220,42,58,5812,107629575,1682,2013-05-19,16,OZ,2,9.08
2773200476,42,36,3611,104149747,19710,2012-07-14,405.6,OZ,1,3.99
2773360648,285,28,2805,107299979,98643,2012-06-08,3.8,OZ,1,1.99
2773361189,285,36,3626,104900040,17186,2012-07-04,67.6,OZ,3,4.98
2773361189,285,3,305,101115010,15530,2012-12-18,7,OZ,1,1.29
2773361603,285,45,4515,1074215878,26821,2013-01-27,24,OZ,1,14.99
2773361815,285,51,5115,107192171,18492,2012-03-11,23.6,OZ,1,3
2773361815,285,36,3626,107800070,16223,2012-05-13,48,OZ,1,2.79
2773361815,285,33,3318,107797575,27417,2012-06-03,16,OZ,1,3.19
2773361815,285,29,2921,101600010,1756,2012-11-24,5.2,OZ,1,1
2773361867,285,51,5125,101380010,10271,2012-06-04,9.25,OZ,1,3.79
2773361867,285,9,913,104812141,18322,2012-08-30,11,OZ,1,3.49
2773361869,285,9,907,107341070,13291,2013-02-23,12,OZ,1,2.99
2773364275,285,33,3305,102840020,5141,2012-05-05,11.5,OZ,1,4.29
2773364699,285,13,1306,101115010,15530,2012-04-01,5,LB,1,1.89
2773682718,508,22,2210,103700030,5174,2012-06-10,103,OZ,1,7.49
2773682718,508,55,5559,107756777,6854,2013-01-19,33,OZ,1,3.49
2773725145,510,4,418,104000040,11698,2012-05-05,11.24,OZ,1,3.29
2773806663,85,8,801,101300010,8164,2012-10-13,40,OZ,1,3.29
2773822426,21,55,5566,109518898,17991,2012-06-02,20.5,OZ,1,0.99
2773822426,21,58,5827,10400040,13626,2013-02-16,16,OZ,1,-10
2773824338,240,38,3802,104920040,5098,2012-10-29,1,LB,2,2.58
2773833698,278,21,2111,103120030,12957,2012-09-02,64,OZ,1,2.99
2773847679,101,63,6320,1068826767,81691,2012-10-06,18,CT,1,2.95
2773873420,70,24,2415,1070651777,55158,2012-11-12,10,OZ,1,3.49
2773914930,165,64,6401,101820010,2510,2012-07-07,288,OZ,1,14.99
2773916947,26,34,3404,101087919,905,2013-03-25,2.8,OZ,4,3.56
2773922702,89,33,3302,101111010,9907,2013-02-01,18,OZ,1,1.99
2773923221,89,11,1111,104126040,9907,2012-03-10,88,OZ,1,6.28
2773923221,89,1,105,105000050,7142,2012-04-21,12.7,OZ,2,30.78
2773923221,89,72,7212,1030004131,26880,2012-05-18,1,CT,1,4.89
2773923221,89,21,2105,105200050,7054,2012-10-05,32,OZ,1,1
2773923221,89,36,3631,104900040,1414,2013-03-20,144,OZ,1,4
2773931761,89,96,9609,1051514151,88199,2013-02-02,0,,1,-0.35
2773931832,89,99,9909,101111010,28083,2012-11-02,12,OZ,1,2
2773931832,89,8,818,1074189070,10189,2012-11-11,26,OZ,1,2.89
2773931832,89,81,8101,104330040,11799,2012-12-07,1,CT,1,4.94
2773931832,89,17,1709,101920010,10882,2012-12-22,24,OZ,1,2.17
2773931832,89,26,2628,101111010,9907,2013-01-07,1,RL,1,0.69
2773931832,89,30,3010,107110070,8280,2013-03-11,16,OZ,1,3.17
2773931996,98,43,4302,101111010,9907,2012-07-04,16,OZ,1,1.99
2773939197,431,56,5620,102100020,9886,2013-03-04,8,OZ,1,2.5
2773976851,96,0,0,10000,0,2013-03-19,0,,1,0
2773977331,96,58,5827,103003434,7175,2013-03-02,24,OZ,1,7.19
2773978614,96,27,2723,1062797565,21450,2012-10-17,14,OZ,1,5.99
2774011808,214,63,6315,104122040,20514,2012-04-16,128,OZ,1,2.98
2774011808,214,56,5616,104122040,23511,2012-08-14,16,OZ,1,2.47
2774011808,214,29,2908,104430040,15487,2013-04-01,16,OZ,1,0.99
2774051835,46,26,2609,104200040,5016,2012-07-07,40,CT,1,3
2774051835,46,36,3638,104125040,11473,2012-09-19,33.8,OZ,1,0.88
2774063410,46,57,5703,1070882070,11473,2012-09-04,6,OZ,4,1.6
2774112929,15,31,3101,102150020,10238,2013-02-24,2.25,OZ,1,3.59
2774114170,18,99,9904,1071575676,5278,2013-01-14,6,OZ,1,4.99
2774403839,42,9,908,107203070,5812,2012-10-25,16,OZ,1,5.29
2774535872,285,33,3305,102840020,18584,2012-03-21,13,OZ,1,3.29
2774535872,285,63,6305,101115010,15530,2012-06-13,64,OZ,2,3.98
2774535872,285,63,6315,101115010,15530,2012-07-07,128,OZ,2,3.98
2774535872,285,33,3313,102840020,18584,2012-09-01,23,OZ,1,4.29
2774536171,285,41,4107,102000020,7655,2012-03-14,14.5,OZ,5,5.4
2774536171,285,4,419,103746636,10488,2012-10-17,5.1,OZ,1,3.99
2774536797,285,37,3711,105100050,2820,2012-10-03,15.3,OZ,1,1.89
2774537274,285,36,3631,107800070,23209,2012-12-04,144,OZ,1,3.11
2774537449,293,56,5615,102100020,9886,2012-04-28,7,OZ,1,1.99
2774537449,293,13,1306,101115010,15530,2012-11-03,5,LB,1,1.99
2774537449,293,97,9753,10000,0,2013-04-05,1,CT,12,0
2774537473,293,97,9753,1023530727,0,2012-05-19,1,CT,1,2.99
2774537473,293,4,405,1060069969,55864,2012-11-21,16,OZ,1,2.29
2774537473,293,33,3318,107797575,27417,2012-12-19,16,OZ,1,3.29
2774537473,293,26,2632,103600030,8583,2012-12-19,56,CT,2,4
2774537473,293,38,3802,101115010,15530,2013-03-13,2,LB,1,1.99
2774537720,285,33,3303,101115010,15530,2012-08-20,11,OZ,1,2
2774537720,285,28,2806,101115010,15530,2013-01-09,32,OZ,1,2.59
2774538016,285,97,9781,10000,8255,2012-06-23,1,CT,1,-2.22
2774538044,285,8,803,106414464,7770,2013-05-18,12,OZ,1,1.59
2774538044,285,28,2805,101115010,15530,2013-07-15,10,OZ,1,2.5
2774538158,285,37,3706,105010050,8089,2013-02-14,14,OZ,3,4.98
2774539474,285,4,423,101070010,9275,2013-04-22,3.6,OZ,1,2.29
2774539533,285,19,1904,101115010,15530,2012-06-12,16,OZ,1,3.53
2774539533,285,9,902,103010030,18457,2012-11-19,12,OZ,1,3.99
2774539692,285,34,3411,101111111,1141,2012-10-21,16,OZ,1,4.49
2774539887,285,36,3636,104300040,4371,2012-09-04,169,OZ,1,2.39
2774539887,285,14,1417,103890030,5072,2013-03-23,23.5,OZ,3,8.97
2774550226,108,73,7357,104131040,23609,2013-01-25,100,CT,1,3.49
2774804504,510,97,9753,102413121,0,2012-12-15,1,CT,1,6.99
2774804504,510,1,106,1089018080,14157,2013-03-02,4,OZ,2,3.38
2774900222,85,6,606,105000050,3001,2012-09-17,44,OZ,1,5.49
2774906174,85,56,5616,105300050,2199,2012-06-26,6,OZ,2,4
2774909891,21,99,9904,103338333,33170,2012-06-03,16,OZ,1,2.5
2774911703,240,9,970,103800030,62065,2012-08-04,21,OZ,1,1.88
2774913440,240,49,4901,105621050,25366,2012-06-16,21.16,OZ,2,5
2774913440,240,26,2630,103600030,9787,2012-12-08,174,CT,1,1.5
2774930530,101,59,5902,101570010,9542,2012-05-07,16,OZ,4,10
2774930530,101,9,901,104400040,13243,2012-08-25,8,OZ,2,4
2774930530,101,5,516,103800030,24525,2012-09-11,6.3,OZ,1,3.15
2774930530,101,4,427,103400030,8682,2012-11-29,1.5,OZ,1,1.67
2774930530,101,63,6316,107342070,4529,2013-02-21,16,OZ,2,4.38
2774931518,101,71,7113,102240020,25033,2012-03-12,15,OZ,2,1.78
2774931518,101,32,3202,105150050,4307,2012-04-27,48,OZ,1,4.39
2774931518,101,58,5812,107495676,8144,2012-08-09,12,OZ,2,7
2774931518,101,45,4511,1068826767,7740,2012-10-16,40,OZ,1,4.25
2774949481,70,58,5823,104470040,13310,2012-06-19,7,OZ,1,3.79
2774949481,70,25,2503,1072543979,40679,2012-09-19,22,OZ,1,2.87
2774949481,70,41,4107,1072543979,40679,2013-03-26,14.5,OZ,2,1.34
2774949481,70,29,2920,103582636,6564,2013-03-26,4,OZ,2,1.58
2775000213,26,95,9518,1061029060,7848,2012-09-07,1,CT,1,2.29
2775000213,26,58,5823,105050959,4410,2012-10-21,8,OZ,1,1.99
2775000599,83,71,7114,1060308464,7034,2012-07-13,8.25,OZ,1,3.29
2775000599,83,33,3308,102840020,3336,2013-02-23,9.75,OZ,1,1.6
2775000599,83,56,5609,101111010,9907,2013-03-02,24,OZ,1,1.6
2775001423,26,63,6317,101111010,85048,2013-06-09,64,OZ,1,2.5
2775007923,58,97,9753,1063204565,0,2013-04-07,1,CT,1,3.99
