1093712960,46,33,3312,103700030,14494,2012-11-17,6.38,OZ,2,3
1093780601,214,31,3101,108983686,16490,2013-01-29,2.45,OZ,1,4.84
1093889951,46,58,5823,104450040,8318,2013-02-03,8,OZ,1,2.78
1093973892,214,33,3307,101030010,5740,2012-06-26,4.41,OZ,1,2.48
1094009284,377,26,2612,107682878,19764,2013-02-03,24,CT,2,5.3
1094121196,46,17,1707,107616878,14153,2012-03-04,0.81,OZ,1,3.99
1094121196,46,53,5307,101450010,20864,2012-10-21,12,OZ,4,8.36
1094131293,46,99,9904,1071575676,5278,2012-08-11,6,OZ,1,2.5
1094131293,46,26,2609,103993838,13584,2012-11-18,8,CT,2,2.98
1094131293,46,97,9753,1088100686,0,2013-05-30,1,CT,1,3
1094304153,214,97,9753,1020401121,0,2012-07-17,1,CT,1,0.91
1094304153,214,21,2113,102800020,56490,2012-11-22,54,OZ,1,2.5
1094443639,46,19,1906,107240070,14199,2012-05-15,10,OZ,1,1.99
1094559816,214,9,902,104122040,23511,2012-07-03,8,OZ,1,2.88
1094559816,214,8,830,104122040,23511,2012-08-03,8,OZ,1,2
1094974493,306,36,3601,101200010,13794,2012-03-24,60,OZ,1,4.49
1095004372,214,37,3703,104122040,20514,2012-06-24,26,OZ,3,4.5
1095004372,214,21,2113,102800020,56490,2012-08-12,54,OZ,2,5.74
1095004372,214,58,5835,107790070,9200,2012-10-13,16,OZ,1,2.98
1095123681,214,0,0,10000,0,2013-03-22,0,,1,-0.5
1095267781,46,63,6315,104125040,11473,2013-05-16,128,OZ,2,5.58
1095317403,214,71,7113,1081655989,25033,2013-05-29,12.5,OZ,1,-0.78
1095317403,214,4,412,1074491171,23861,2013-06-06,22,OZ,1,3.99
1095388396,46,38,3802,104125040,11473,2012-08-07,1,LB,2,2.5
1095388396,46,33,3309,1078113878,13130,2012-08-26,12,OZ,1,2.5
1095388396,46,37,3703,105100050,2820,2013-02-18,10.75,OZ,7,7.93
1095388396,46,63,6315,104125040,11473,2013-03-11,128,OZ,2,5.18
1095388396,46,69,6901,104740040,7196,2013-04-14,4,OZ,1,3.99
1095760688,214,33,3314,107341676,10839,2013-03-17,6,OZ,1,2.69
1095811423,46,26,2634,103700030,3293,2012-04-11,36,RL,1,17.99
1095811423,46,33,3305,104367848,5652,2012-06-01,16,OZ,1,2.99
1095811423,46,97,9753,1020012020,0,2012-06-14,1,CT,1,31.24
1095811423,46,97,9744,104125040,33170,2013-02-09,1,CT,1,1.99
1095874557,214,26,2606,104122040,20514,2013-03-24,100,CT,1,1.49
1095959789,46,56,5610,102100020,9886,2012-06-25,7,OZ,2,6.58
1095959789,46,53,5307,101450010,20864,2012-10-14,10,OZ,1,1.33
1096205731,46,55,5567,107585676,9798,2012-03-04,24,OZ,1,2.5
1096205731,46,19,1904,1071373373,11473,2013-01-12,8,OZ,1,2.5
1096214951,46,29,2930,106414464,3342,2012-07-02,14.5,OZ,1,1.5
1096214951,46,45,4511,102370020,18969,2013-02-07,29,OZ,1,3.99
1097183755,214,95,9518,1061029060,6015,2012-03-19,1,CT,1,3.99
1097183755,214,63,6315,104122040,20449,2013-03-21,64,OZ,1,2.68
1097517978,46,51,5125,101380010,10271,2012-08-27,9.25,OZ,1,2
1097743948,214,26,2626,101258717,7245,2013-04-02,1,CT,1,2.68
1098479277,46,99,9909,103260131,5489,2012-03-13,5,OZ,1,2.5
1098479277,46,63,6311,1082415080,22328,2012-10-07,16,OZ,1,3.99
1098700424,46,33,3303,1071928373,11473,2012-08-24,10,OZ,2,3.98
1098700424,46,63,6315,104125040,11473,2012-09-08,128,OZ,1,2.5
1098727849,46,63,6315,104125040,11473,2012-09-22,128,OZ,1,2.5
1098745069,46,36,3632,107380070,6226,2012-10-16,20,OZ,4,2
1098775244,46,9,907,104125040,11473,2012-05-12,22,OZ,1,1.39
1099136132,214,57,5705,105215959,41981,2012-04-21,16,OZ,1,2
1099136132,214,19,1904,101832212,6089,2013-03-16,32,OZ,1,8.5
1099241449,46,2,201,105150050,14029,2012-04-15,18.25,OZ,1,1
1099738045,214,11,1110,108201181,12197,2013-01-09,9,OZ,1,2.5
1099745242,46,63,6320,104125040,11473,2012-12-07,12,CT,2,2.58
1099856122,214,36,3611,102259222,13400,2012-09-15,405.6,OZ,1,3.98
1100091945,46,9,901,1071860474,12733,2012-11-17,6.88,OZ,2,5
1100091945,46,9,920,104141949,3909,2012-12-28,7,OZ,3,2.29
1100509491,46,27,2712,103017232,13754,2013-01-18,3,CT,1,6.89
1100570531,46,9,907,102412626,8097,2012-06-29,12,OZ,4,7.96
1100570531,46,53,5307,104125040,11473,2012-10-12,16,OZ,6,7
1100587249,214,29,2921,101600010,1756,2012-04-17,4.5,OZ,1,1
1100587249,214,99,9908,103338333,33170,2012-04-17,16,OZ,1,1.14
1100587249,214,34,3406,101700010,4912,2012-05-31,12,OZ,1,2.24
1100587249,214,27,2718,107309171,16206,2012-07-05,1,CT,1,4.47
1100587249,214,59,5906,103450030,10165,2013-03-16,15,OZ,1,1.98
1100637009,122,12,1206,108000080,17292,2012-07-28,6.4,OZ,2,7.7
1100824837,233,9,907,107605777,19395,2012-06-02,15,OZ,1,2
1100824837,233,57,5704,103663232,4568,2013-03-11,16,OZ,1,2.29
1100824837,233,64,6409,109998898,11499,2013-04-23,0.75,LT,1,9.49
1100825830,46,63,6330,104125040,11473,2012-06-27,8,OZ,1,1.5
1100825830,46,16,1601,102200020,71567,2012-09-19,45,CT,1,1.99
1100825830,46,26,2609,1071373373,11473,2012-12-19,24,CT,1,2.29
1100825830,46,5,501,1088491282,86364,2012-12-19,16,OZ,1,2.99
1100855405,214,16,1604,107339070,11515,2012-11-27,15,CT,1,1.37
1100895237,214,33,3310,107349777,5663,2012-04-14,8,OZ,1,3.49
1100982839,214,57,5705,107047070,20230,2012-04-01,24,OZ,1,2
1100982839,214,58,5835,104122040,23511,2013-02-23,16,OZ,1,2.5
1101151312,46,99,9908,1071928373,11473,2012-03-14,6,OZ,1,2
1101151312,46,58,5827,103760030,8501,2012-09-16,16,OZ,1,3.5
1101151312,46,8,811,103620030,1698,2012-10-07,15,OZ,1,2
1101151312,46,9,913,103370030,17593,2012-10-21,15,OZ,1,2.19
1101448319,46,97,9753,1087591282,0,2012-11-21,1,CT,1,29.88
1101750302,214,97,9753,1084639181,0,2013-03-06,1,CT,2,3.76
1101782098,46,72,7211,1031015838,14213,2012-09-05,40,CT,1,3.19
1101782098,46,96,9609,1057023050,88199,2012-09-05,0,,1,-1
1101865376,46,9,908,104125040,11473,2013-01-22,12,OZ,1,3.99
1101865376,46,95,9518,1064541666,25075,2013-04-12,1,CT,1,3.99
1101900048,46,18,1898,103980030,5782,2012-11-30,2,CT,1,4.37
1101950649,46,51,5115,107218070,15035,2012-07-21,11.5,OZ,1,2
1101950649,46,96,9609,1050099757,88199,2012-09-24,0,,1,-0.75
1102277292,214,45,4509,104122040,20514,2012-04-09,16,OZ,1,12.96
1102277292,214,36,3630,107800070,5208,2012-05-25,20,OZ,1,1.67
1102277292,214,43,4302,107027272,15085,2012-06-18,6.5,OZ,1,1.98
1102277292,214,56,5609,107342070,4529,2013-02-06,16,OZ,1,2.18
1102440665,233,9,902,104400040,44236,2012-08-20,7.5,OZ,1,2.5
1102440665,233,28,2804,103900030,13296,2013-05-16,4,OZ,1,1.17
1102763261,46,9,907,107131474,1061,2012-08-11,17,OZ,1,1.5
1102986659,46,72,7209,104125040,11473,2012-12-11,100,YD,3,4.77
1103383697,214,35,3507,105170050,6335,2012-05-15,6.76,OZ,1,3.57
1103383697,214,4,416,104000040,26517,2012-06-15,1.14,OZ,1,0.59
1103383697,214,99,9908,103338333,33170,2012-09-28,16,OZ,1,1.44
1103383697,214,19,1908,104530040,13915,2013-02-18,16.3,OZ,1,2.54
1103423819,46,51,5129,103620030,1698,2013-06-10,24,OZ,1,6.79
1103429552,122,8,810,105210050,11382,2012-04-02,1,OZ,3,3.75
1103429552,122,58,5823,104470040,13310,2012-10-16,16,OZ,1,3.59
1103429552,122,51,5117,104280040,18599,2012-12-28,10.4,OZ,1,1.25
1103835140,214,56,5614,1061980161,10066,2012-08-10,12,OZ,1,3.79
1104042980,46,5,501,103800030,17050,2013-02-20,12.4,OZ,3,7.5
1104102402,46,96,9609,1051600050,88199,2012-08-26,0,,1,-0.5
1104168361,46,57,5704,107047070,20230,2012-05-21,16,OZ,1,2.69
1104168361,46,33,3318,1071928373,11473,2013-02-18,10,OZ,1,1.99
1104245717,214,58,5812,104470040,13310,2012-05-18,16,OZ,1,3.68
1104245717,214,29,2924,101740010,11748,2012-07-22,28,OZ,1,3.78
1104245717,214,7,708,104122040,23511,2012-07-22,32,OZ,1,17.98
1104245717,214,36,3601,104900040,3809,2012-12-06,101.4,OZ,1,3.27
1104430532,214,96,9609,1050000050,88199,2012-03-22,0,,2,-1.86
1104430532,214,3,311,104122040,20514,2012-03-27,16,OZ,1,1.28
1104430532,214,2,202,104144949,9916,2012-08-14,15.5,OZ,2,3.56
1104718483,46,37,3706,104119646,14582,2013-02-14,19,OZ,3,5.64
1104911605,46,99,9908,104125040,11473,2012-04-07,48,OZ,1,1.89
1104911605,46,38,3801,1071928373,11473,2013-01-19,4,LB,1,3.29
1104911838,214,96,9609,1057940050,88199,2012-04-10,0,,1,-1
1104911838,214,35,3504,103500030,330,2012-09-20,30,OZ,1,1.87
1104952754,214,36,3601,104900040,3809,2012-03-25,101.4,OZ,1,3
1104952754,214,97,9753,1022900020,0,2012-09-23,1,CT,1,2.68
1105171630,306,63,6315,107055474,15141,2012-05-08,64,OZ,4,6
1105349481,46,55,5558,104154848,5603,2013-06-15,5.8,OZ,1,1.09
1105462604,46,99,9904,1071575676,5278,2012-06-14,6,OZ,3,5
1105629789,214,64,6409,108751282,15423,2012-04-05,0.75,LT,2,25.14
1105629789,214,99,9904,103338333,33170,2012-05-03,16,OZ,2,3.76
1106147664,214,0,0,10000,0,2012-04-26,0,,1,38.02
1106147664,214,5,516,101600010,12426,2012-08-16,8.9,OZ,1,2.64
1106705545,233,8,836,104130343,38922,2012-11-29,64,OZ,1,1.95
1106936569,48,70,7001,103680030,18533,2012-11-30,1,OZ,1,4.55
1107257958,214,8,836,104122040,20514,2012-03-22,64,OZ,1,1.12
1107257958,214,4,412,104122040,20514,2012-08-01,9.5,OZ,2,1.98
1107333504,214,36,3603,1083010888,23081,2012-04-14,35.2,OZ,4,1.19
1107333504,214,33,3312,103700030,14494,2012-11-14,1.41,OZ,1,0.59
1107339684,214,29,2924,101740010,11748,2013-04-03,14,OZ,1,1.98
1107400993,48,30,3007,107184070,11154,2012-03-12,12,OZ,1,3.99
1107400993,48,32,3203,104656747,14903,2013-02-13,5,OZ,1,2.99
1107447193,46,36,3611,106827464,30855,2013-02-08,405.6,OZ,1,3.5
1107447193,46,58,5824,1070882070,11473,2013-03-09,16,OZ,1,2.5
1107447193,46,4,407,103400030,18947,2013-06-02,5,OZ,1,1.37
1107531905,46,10,1010,102800020,12545,2012-03-25,22,OZ,1,2.27
1107787809,214,97,9753,1063204565,0,2012-12-18,1,CT,1,2.98
1107787809,214,9,902,104122040,20514,2013-01-20,9.5,OZ,1,1.54
1107787809,214,5,501,104122040,23511,2013-01-27,15,OZ,1,2.98
1107840625,214,0,0,10000,0,2012-11-13,0,,1,-0.5
1107963201,214,26,2609,104122040,20514,2012-05-12,50,CT,1,1.72
1107963201,214,8,814,102840020,18584,2012-09-12,15,OZ,3,10.44
1108122013,46,3,302,102800020,30272,2012-10-01,12,OZ,1,2.79
1108589702,214,56,5620,102100020,13967,2012-05-26,8,OZ,1,2.48
1108589702,214,72,7205,103700030,4294,2012-07-07,5.8,OZ,1,2.99
1108589702,214,63,6315,104122040,20449,2012-11-10,64,OZ,1,2.78
1108589702,214,17,1706,104122040,20514,2013-06-21,32,OZ,1,0.97
1108612732,214,29,2904,101600010,7860,2012-11-07,5.2,OZ,1,1.35
1109037392,214,56,5617,104122040,20514,2012-08-06,12,OZ,1,2.44
1109037392,214,26,2633,103040030,683,2012-09-17,6,RL,1,3.72
1109037392,214,97,9753,1020310727,0,2013-03-16,1,CT,1,1.94
1109082328,46,99,9909,103260131,5489,2012-09-14,5,OZ,1,2.5
1109082328,46,59,5902,1071928373,11473,2012-10-04,16,OZ,3,8.37
1109082328,46,29,2914,102100020,9886,2013-01-06,5.5,OZ,2,2.58
1109082328,46,63,6323,104190040,4664,2013-02-26,64,OZ,1,2.79
1109082328,46,32,3203,104125040,11473,2013-03-24,6,OZ,1,2.59
1109082328,46,63,6305,104850040,18799,2013-03-30,89,OZ,1,4.49
1109082328,46,53,5307,101450010,20864,2013-04-06,12,OZ,2,2.76
1109179942,214,62,6201,104122040,20514,2013-03-28,48,OZ,1,4.78
1109440387,214,97,9753,1020478222,0,2012-07-05,1,CT,1,0.83
1109452391,214,4,418,104000040,18946,2012-10-25,22.34,OZ,1,4.68
1109452391,214,41,4109,103940030,71386,2012-12-03,30,OZ,1,2.38
1109452391,214,63,6328,103760030,63690,2012-12-15,24,OZ,1,2.5
1109452391,214,51,5126,102113121,11151,2013-02-20,13,OZ,2,4.96
1109692677,46,9,901,104400040,12279,2012-10-18,21.2,OZ,2,8.98
1109692677,46,41,4108,104125040,11473,2013-01-18,15.5,OZ,1,0.79
1109935610,46,25,2509,104190040,4664,2012-08-19,16,OZ,1,1.59
1109935610,46,97,9753,107308878,0,2013-03-02,1,CT,1,24.99
1110246576,233,63,6305,104190040,4664,2013-02-22,64,OZ,1,2.89
1110273983,214,17,1703,104122040,20514,2013-01-07,32,OZ,1,0.97
1110568348,214,0,0,10000,0,2013-01-22,0,,3,0.27
1110729775,306,29,2914,102100020,9886,2012-09-09,43.5,OZ,1,3.92
1110729775,306,8,805,105440050,23210,2012-09-17,15,OZ,1,6.35
1110729775,306,21,2118,108079383,6926,2013-04-08,16.9,OZ,1,1.34
1110761525,214,60,6011,101800010,14029,2012-03-15,10.2,OZ,1,1.25
1110931155,214,45,4508,1072857575,61737,2012-06-01,16,OZ,1,5.99
1110931155,214,18,1828,106233868,319,2012-11-06,1.34,OZ,1,4.77
1110931155,214,37,3703,105100050,2820,2013-02-02,10.5,OZ,1,1.44
1110931155,214,58,5823,104450040,8318,2013-04-21,8,OZ,1,2.98
1110950749,46,96,9632,1061696060,18643,2013-01-12,1,CT,1,19.99
1110950749,46,9,901,1070882070,11473,2013-05-18,11,OZ,2,3.78
1111296198,46,57,5707,107047070,20230,2012-04-05,18,OZ,2,5.38
1111296198,46,92,9204,109460090,27382,2012-04-10,0.5,OZ,1,1.99
1111296198,46,57,5707,107047070,20230,2013-01-05,18,OZ,1,2.69
1111600721,214,97,9753,1020404626,0,2012-04-06,1,CT,1,1.28
1111600721,214,26,2630,104122040,23511,2012-10-15,258,CT,1,3.19
1111606708,46,58,5812,107495676,8144,2013-03-05,12,OZ,1,3.5
1111862904,233,96,9609,1052000050,88199,2013-01-23,0,,1,-0.5
1112019055,233,81,8101,102820020,11186,2012-10-26,1,CT,1,6.39
1112019055,233,53,5305,102000020,7655,2013-05-26,10,OZ,1,1.99
1112019055,233,81,8115,104130343,38922,2013-06-15,1,CT,1,0.55
1112062224,46,58,5812,105450050,1322,2012-05-24,16,OZ,1,0.97
1112062224,46,99,9904,107143070,5072,2012-06-08,16,OZ,1,1.34
1112062224,46,12,1207,107067070,15112,2012-07-28,3.7,OZ,1,2.19
1112062224,46,74,7407,107033070,1783,2012-10-14,5,CT,1,5.29
1112062224,46,27,2714,107493373,29950,2013-03-22,80,OZ,1,6.69
1112245443,214,41,4107,104122040,20514,2013-01-20,14.5,OZ,2,1.18
1112273632,46,63,6321,104082242,15667,2012-05-23,10,OZ,1,4.29
1112702660,233,99,9909,107143070,5072,2012-10-09,9,OZ,2,4.58
1112702660,233,5,501,103800030,24514,2013-01-04,17,OZ,1,3.99
1112763695,48,99,9909,107127979,6732,2013-03-02,10,OZ,1,2.78
1112775216,214,9,917,1073212474,65258,2012-04-06,24,OZ,1,2.98
1112775216,214,25,2506,104127141,26189,2012-05-09,32,OZ,1,2.58
1112775216,214,1,106,101500010,29555,2012-12-10,2.5,OZ,2,2.92
1112775216,214,5,501,103800030,17050,2013-01-14,13.4,OZ,1,2.74
1112781432,214,51,5128,1071785474,11614,2012-06-29,8,OZ,1,0.84
1112858574,214,58,5824,107456272,2682,2012-07-08,10,OZ,1,1.25
1113174467,214,51,5121,104369545,8522,2012-09-11,9,OZ,2,4.36
1113357708,214,21,2112,107045070,17674,2012-08-11,48,OZ,1,2.97
1113357708,214,29,2928,105480050,19039,2012-08-18,8.8,OZ,1,1.79
1113357708,214,33,3301,104122040,23511,2012-10-27,5,OZ,1,1.79
1113357708,214,23,2310,104122040,20514,2012-12-29,19,OZ,1,2.58
1113373666,46,25,2506,105000050,32115,2012-11-21,32,OZ,2,6
1113398876,46,9,917,1071928373,11473,2012-04-19,16,OZ,2,3.58
1113398876,46,4,411,103825232,6491,2012-10-23,3.5,OZ,1,1.25
1113476181,214,9,913,104812141,18322,2012-04-09,12,OZ,1,1.98
1113476181,214,36,3630,107800070,5208,2012-07-03,144,OZ,1,3.97
1113682392,214,35,3508,103700030,18371,2012-10-21,35,OZ,1,11.97
1113688650,46,73,7309,1076023676,11473,2012-08-21,30,CT,1,3.78
1113715923,214,9,907,104122040,23511,2012-08-07,24,OZ,1,1.58
1113761282,46,28,2805,104125040,11473,2012-12-17,6,OZ,1,1.49
1114194905,224,63,6316,107342070,4529,2012-06-24,16,OZ,3,5
1114251664,46,41,4107,103470030,423,2013-01-11,13.5,OZ,1,1.05
1114619731,214,81,8101,102820020,11186,2013-03-17,1,CT,1,5.69
1114651869,46,9,907,107131474,1061,2012-07-30,24,OZ,1,1.99
1114651869,46,35,3509,102420020,73127,2012-09-15,5.5,OZ,3,3.12
1114696952,233,51,5132,108132383,16856,2012-06-04,13,OZ,2,7.06
1114843499,46,21,2112,102800020,56490,2012-06-12,64,OZ,1,2.5
1115114222,46,9,902,104950848,16730,2012-08-27,7.2,OZ,1,2.5
1115292944,214,9,907,107341070,13291,2012-12-02,11.75,OZ,1,2.48
1115292944,214,73,7302,1032586636,384,2013-05-10,200,CT,1,14.84
1115299325,46,31,3101,1067017161,9581,2013-02-02,2.85,OZ,1,2.17
1115417219,48,99,9908,1080245888,53748,2012-04-07,16,OZ,1,3.49
1115417219,48,25,2506,105000050,32115,2013-03-04,32,OZ,3,13.47
1115542767,46,56,5617,104125040,11473,2012-11-19,16,OZ,1,2.53
1115811349,214,56,5617,104122040,23511,2012-09-03,12,OZ,1,2
1115901687,214,9,901,107232070,17320,2012-07-13,14,OZ,2,3.38
1115901687,214,9,901,107232070,17320,2012-07-18,14,OZ,1,1.69
1116147606,46,96,9609,1053700050,88199,2012-07-02,0,,1,-1
1116147606,46,75,7533,108037686,14577,2012-08-09,2,CT,1,4
1116561638,46,35,3504,103500030,330,2012-08-08,30,OZ,1,1.5
1116561638,46,92,9210,1030813737,1121,2013-05-12,2.5,OZ,1,15.69
1116590924,46,18,1802,106489464,25919,2012-03-10,2,CT,1,2.54
1116590924,46,58,5823,103760030,8501,2012-07-22,8,OZ,1,2.89
1116847271,214,57,5704,107047070,20230,2012-09-02,6,OZ,4,2.32
1116872634,46,18,1898,104125040,11473,2012-11-29,12,CT,1,5.49
1117062216,214,9,917,104122040,23511,2012-08-12,24,OZ,1,1.48
1117160474,214,9,918,101410010,13791,2012-11-04,12.5,OZ,1,5.48
1117208779,46,26,2611,1071373373,11473,2012-09-29,66,CT,1,8.49
1117208779,46,96,9609,1053700050,88199,2013-01-01,0,,1,-0.5
1117414895,233,79,7902,1074090171,44884,2012-04-15,1,CT,1,1.25
1117609808,46,63,6314,104125040,11473,2012-10-17,16,OZ,1,1.69
1117609808,46,56,5609,104125040,11473,2013-03-18,16,OZ,1,2.06
1118189984,46,23,2310,104116444,27731,2012-11-06,16,OZ,2,5
1118281982,214,65,6501,104122040,20514,2012-03-12,6,OZ,1,1.28
1118281982,214,5,517,104122040,20514,2012-07-09,10.4,OZ,1,2.14
1118320898,46,92,9215,107560979,13012,2013-06-21,1.7,OZ,1,18.87
1118385834,214,99,9904,107143070,5072,2012-03-31,16,OZ,1,1.68
1118385834,214,56,5620,104122040,23511,2013-03-27,8,OZ,1,2.48
1118617587,214,29,2907,104122040,23511,2013-02-19,14,OZ,1,1.5
1118860906,46,57,5705,103663232,4568,2012-06-09,16,OZ,1,2.39
1118895890,214,69,6901,107940070,4696,2013-03-27,2.6,OZ,0,0
1119127115,46,58,5824,102781525,5557,2013-01-03,13,OZ,1,2.99
1119313315,46,99,9904,103338333,33170,2012-09-02,6,OZ,1,3.49
1119313315,46,99,9908,103338333,33170,2012-09-25,16,OZ,1,0.79
1119522881,214,8,802,102446323,8627,2012-03-25,18,OZ,1,3.34
1119522881,214,9,905,107341070,888,2012-11-17,14,OZ,1,2.5
1119666991,214,33,3307,101030010,5740,2012-05-14,12,OZ,1,4.48
1119931302,214,44,4404,104122040,20514,2012-11-14,26.4,OZ,1,2.3
1120121131,214,63,6320,1071514171,25530,2012-05-08,12,CT,1,2.62
1120121131,214,18,1819,107591474,7691,2013-02-22,2.8,OZ,1,3.97
1120906802,46,8,818,105100050,14403,2013-05-11,24,OZ,1,1.89
1121173729,214,54,5401,103800030,5618,2012-04-20,12.3,OZ,1,2.28
1121303657,214,49,4901,104497949,73928,2012-05-05,22.5,OZ,1,1.55
1121303657,214,99,9904,107143070,5072,2012-11-09,16,OZ,1,2.28
1121303657,214,56,5604,104122040,23511,2012-12-30,12,OZ,2,7.74
1121617939,46,56,5614,102100020,9886,2013-02-24,12,OZ,1,3.49
1121628798,214,99,9908,104122040,23511,2012-12-15,7,OZ,1,2.97
1121798014,214,60,6007,101800010,14029,2012-10-31,8,OZ,2,4.24
1122344612,46,19,1905,1071928373,11473,2012-07-23,11,OZ,1,2.79
1122344612,46,63,6332,104850040,61745,2012-09-27,59,OZ,1,3.49
1122576949,46,57,5710,1089470080,21065,2012-07-01,5.3,OZ,9,11.25
1122576949,46,26,2633,103700030,3293,2012-10-02,12,RL,1,5.99
1123443801,214,29,2930,105010050,8089,2012-10-20,6.94,OZ,1,2
1123443801,214,31,3101,107175878,2139,2013-04-13,7,OZ,1,3
1123783631,214,0,0,10000,0,2013-01-19,0,,1,-0.5
1123828814,214,43,4302,104300040,4030,2012-10-07,8,OZ,2,2.34
1124173983,214,97,9753,1023870929,0,2012-10-15,1,CT,1,4.72
1124173983,214,97,9707,102570020,20361,2012-11-02,2,CT,1,2.57
1124173983,214,5,501,101862717,9496,2012-11-23,16.3,OZ,1,3.42
1124691009,214,56,5616,102100020,13967,2012-06-04,7,OZ,1,2.48
1125322290,214,12,1207,108660080,2559,2012-08-05,3.75,OZ,1,1.38
1125322290,214,9,920,107641070,10160,2012-09-29,12,OZ,1,2.15
1126052957,214,41,4107,104122040,23511,2012-03-19,14.5,OZ,2,1.44
1126101231,46,44,4404,107002272,15242,2012-06-01,12,OZ,2,5
1126101231,46,73,7308,1031254636,7853,2012-07-13,30,CT,1,1.18
1126101231,46,55,5552,104125040,11473,2012-07-19,56,OZ,2,5
1126101231,46,53,5307,102000020,7655,2012-11-04,24,OZ,1,3.29
1126101231,46,56,5620,104610040,15889,2012-12-21,8,OZ,2,6.38
1126636978,46,33,3309,102840020,18584,2012-05-05,18,OZ,1,3.99
1126636978,46,37,3706,104119646,14582,2012-07-26,18,OZ,2,3.34
1126636978,46,99,9909,107143070,5072,2012-09-13,10,OZ,1,2.5
1126636978,46,17,1726,104460040,3718,2012-10-11,75,CT,1,4.49
1126636978,46,33,3303,102840020,10241,2013-01-09,10,OZ,1,0
1126636978,46,36,3630,107800070,23561,2013-01-31,144,OZ,1,3.67
1126636978,46,27,2701,102310020,13705,2013-02-21,22,OZ,1,1.19
1126661586,46,51,5123,107057575,60780,2012-07-05,28,OZ,1,2
1126661586,46,9,908,102430020,10577,2012-11-01,10,OZ,1,1.67
1126661586,46,5,501,103800030,11732,2013-03-14,24,OZ,1,2.5
1126675216,214,29,2914,102100020,9886,2012-06-09,8.2,OZ,1,3.72
1126675216,214,54,5402,103800030,5618,2012-07-14,14.1,OZ,1,2.62
1126675216,214,97,9753,1020403323,0,2012-09-08,1,CT,1,1.25
1126675216,214,2,211,101600010,1910,2012-10-07,40,OZ,1,2.98
1126675216,214,92,9211,104155444,11347,2012-11-11,0.34,OZ,1,5
1126675216,214,19,1906,105150050,16728,2013-03-23,10,OZ,1,2.22
1126932441,46,59,5902,1071928373,11473,2012-06-23,16,OZ,1,2
1126932441,46,99,9904,1066529060,52314,2012-09-25,16,OZ,1,1.67
1126932441,46,5,501,101600010,85114,2013-02-12,12,OZ,1,2.5
1127355276,46,58,5823,109004696,6379,2013-01-03,16,OZ,1,2.49
1127603380,214,96,9609,1053800050,88199,2013-06-20,0,,1,-1
1127710454,214,25,2506,104122040,23511,2012-04-16,32,OZ,1,2.32
1127710454,214,97,9753,1022223424,0,2012-07-28,1,CT,1,6.4
1127825928,214,45,4508,104440040,7504,2012-03-31,11.4,OZ,1,3.48
1127825928,214,99,9909,107143070,5072,2013-03-15,5,OZ,1,2.88
1128060465,214,63,6320,104122040,20514,2013-04-20,18,CT,1,2.34
1128060465,214,9,901,104400040,3453,2013-06-15,13,OZ,1,1.98
1128060465,214,9,907,104122040,23511,2013-06-24,24,OZ,2,3.76
1128081596,46,5,518,103800030,15251,2012-08-26,12.4,OZ,1,3.34
1128158875,214,4,410,104122040,20514,2013-03-03,5.25,OZ,1,0.99
1128158875,214,29,2930,103760030,72948,2013-04-07,10,OZ,1,1.98
1128930616,214,97,9753,1022401121,0,2013-03-15,1,CT,2,17.9
1129048403,48,9,907,1073734979,1554,2012-11-20,14,OZ,1,4.19
1129054296,46,36,3630,1071928373,11473,2012-06-21,144,OZ,1,2.5
1129054296,46,96,9609,1055272959,88199,2012-12-09,0,,1,-0.55
1129054296,46,26,2630,1088692686,33170,2012-12-10,85,CT,1,1
1129054296,46,21,2105,104900040,14357,2013-02-10,32,OZ,6,4.74
1129246145,214,9,914,107343575,9705,2013-03-07,4.4,OZ,1,0.98
1129493536,46,75,7504,107965676,1346,2012-04-07,8,OZ,1,6.99
1129855611,214,36,3611,107514070,4369,2012-10-30,64,OZ,1,1.59
1129870784,46,56,5616,102100020,9886,2012-03-31,8,OZ,1,2.5
1129870784,46,7,707,104300040,11339,2012-03-31,11.5,OZ,1,3
1129870784,46,9,901,1081612080,36616,2012-06-11,15.2,OZ,1,2.99
1130037776,48,64,6401,1082791282,23973,2012-03-23,22,OZ,1,3.99
1130037776,48,96,9609,1050308454,88199,2012-09-28,0,,1,-2
1130224032,214,33,3301,107942676,15276,2012-12-19,4,OZ,4,5.12
1130894292,214,97,9799,105159656,33170,2012-04-20,1,CT,2,0.6
1131274532,46,63,6305,101630010,6509,2012-09-09,59,OZ,1,3.38
1131963898,214,32,3202,107339171,10732,2012-06-13,64,OZ,1,4.99
1132623556,46,58,5823,104450040,8318,2013-01-05,9,OZ,1,2.5
1132979735,214,27,2712,102685121,19868,2012-05-20,32,OZ,1,3.74
1132980651,46,29,2914,102100020,9886,2012-10-30,5.5,OZ,2,2
1133203573,214,9,907,107294575,15878,2012-07-05,20,OZ,1,1.98
1133203573,214,92,9211,104155444,11347,2012-12-29,0.02,OZ,1,6.44
1134154131,46,63,6332,104850040,61745,2013-01-07,59,OZ,1,2.5
1134287473,214,58,5824,108149888,55302,2013-04-29,40,OZ,1,8.98
1134472037,46,56,5617,102100020,9886,2012-05-03,16,OZ,1,2.79
1134472037,46,36,3618,104900040,23359,2013-05-16,144,OZ,3,12
1134631265,46,5,501,101600010,85114,2012-03-18,21.25,OZ,1,3.33
1134952943,214,26,2630,103600030,9787,2012-09-23,68,CT,1,1.47
1135561523,214,27,2707,107365777,5987,2012-09-01,15,LB,1,18.99
1135618742,396,75,7501,107560979,13012,2013-01-22,2,OZ,1,9.49
1136155737,46,56,5616,1075859070,11102,2012-10-20,8,OZ,1,4.29
1136592181,46,79,7903,1072527474,13776,2012-03-15,1,CT,1,3.99
1136592181,46,99,9908,103338333,33170,2012-12-01,16,OZ,1,1.25
1136592181,46,9,902,101410010,45039,2013-02-06,2,OZ,2,2
1136592181,46,54,5403,107590070,2073,2013-04-13,14,OZ,1,2.5
1137246335,46,37,3707,1071928373,11473,2012-08-27,32,OZ,1,2.42
1137341159,214,33,3311,102840020,27521,2012-08-20,10.5,OZ,1,3.28
1138547676,46,56,5616,104125040,11473,2012-08-11,8,OZ,1,2.79
1138549640,214,58,5812,104470040,13310,2012-04-13,16,OZ,1,2.48
1138549640,214,97,9753,1022026222,0,2012-08-02,1,CT,1,8.45
1138549640,214,31,3101,104122040,20514,2012-08-02,12,OZ,1,0.99
1138549640,214,9,907,104122040,20514,2012-10-25,24,OZ,2,1.76
1138549640,214,26,2629,104200040,5016,2013-04-19,180,CT,1,2.69
1138910791,214,51,5121,104369545,8522,2012-09-18,8,OZ,1,2.18
1139102156,214,29,2923,104100040,9814,2012-11-26,4.2,OZ,2,1.96
1139115889,46,5,501,103800030,6796,2012-03-31,17,OZ,1,2.5
1139115889,46,26,2633,1071373373,11473,2013-02-26,12,RL,1,5.49
1139115889,46,8,818,104125040,11473,2013-03-02,24,OZ,3,3
1139115889,46,44,4404,104125040,11473,2013-04-14,16,OZ,1,1.99
1139741611,214,63,6315,104122040,23511,2012-04-15,128,OZ,1,3.58
1141132684,46,2,202,105150050,14029,2013-05-21,19.5,OZ,1,1.64
1141548029,46,29,2923,102100020,9886,2013-01-23,6.6,OZ,1,1.89
1141932278,214,22,2211,103700030,2246,2012-07-09,40,CT,1,2.07
1141932278,214,41,4108,103940030,71386,2012-11-04,16,OZ,1,0.77
1141932278,214,58,5831,1064220565,23259,2013-02-02,16,OZ,1,3.98
1141969971,46,4,421,107097070,56002,2012-03-25,16,OZ,2,5.58
1141974602,214,9,918,103904737,19575,2012-11-10,6.2,OZ,1,4.99
1142158090,214,36,3611,102259222,13400,2012-03-27,202.8,OZ,1,2.46
1142158090,214,51,5127,104170949,12646,2013-02-04,7.05,OZ,1,2.44
1143072123,46,55,5556,1071928373,11473,2012-04-23,56,OZ,1,3.49
1143517884,214,53,5309,104122040,23511,2012-03-25,6,CT,1,1.68
1143517884,214,63,6315,104122040,20514,2012-09-14,128,OZ,1,2.98
1143517884,214,9,902,101410010,45039,2013-04-12,6.6,OZ,1,1.98
1143517884,214,25,2506,104127141,26189,2013-06-18,16,OZ,1,1.68
1143588811,46,73,7312,1071928373,11473,2012-04-07,0.5,OZ,1,3.49
1143588811,46,34,3405,101700010,18504,2012-12-23,25.5,OZ,1,3.99
1143738731,46,5,501,101862717,9496,2012-06-03,14,OZ,1,3.59
1144393784,46,53,5305,102000020,7655,2012-05-09,7.5,OZ,2,1.98
1144459300,48,55,5567,107756777,6854,2012-07-03,20,OZ,1,2.49
1144459300,48,36,3614,108200080,9301,2012-07-25,59.2,OZ,1,6.99
1144670490,214,71,7113,107940070,3662,2012-09-22,12.7,OZ,1,5.47
1144980608,214,36,3618,104900040,23359,2012-12-29,60,OZ,1,2.97
1145087894,46,23,2301,1070882070,11473,2013-02-08,13.25,OZ,1,1.19
1145087894,46,9,902,101410010,45039,2013-04-26,6.6,OZ,1,1.25
1145087894,46,26,2633,1076023676,11473,2013-06-07,4,RL,1,2.5
1145284454,214,51,5121,104369545,10274,2013-01-21,22.5,OZ,1,5.36
1145284454,214,23,2301,107680878,1393,2013-02-21,16,OZ,1,1.18
1145677327,214,4,410,107920070,20031,2012-10-28,6,OZ,1,0.99
1145677327,214,81,8115,107033070,1783,2013-04-21,2,CT,1,1.99
1145993320,214,26,2619,101258717,7245,2012-10-07,40,CT,1,7.48
1145993320,214,11,1111,1079108373,5499,2013-01-17,44,OZ,1,4.74
1145993320,214,41,4105,104122040,23511,2013-02-14,14.5,OZ,2,1.44
1146565304,46,26,2633,105400050,16048,2012-04-16,4,RL,1,4.17
1146565304,46,9,907,104125040,11473,2012-09-22,19.5,OZ,3,5.97
1146565304,46,8,801,104125040,11473,2012-10-17,24,OZ,1,0.99
1146603963,214,45,4515,107254575,61490,2012-04-05,9,OZ,1,2.99
1146603963,214,9,902,102410020,44209,2012-05-05,7,OZ,1,1.88
1146619050,214,8,805,102484222,2542,2012-10-16,7,OZ,1,3.99
1146619050,214,16,1604,102200020,13228,2013-02-10,14,CT,1,1.06
1146755332,46,9,922,104125040,11473,2012-03-10,26,OZ,1,5.99
1146755332,46,72,7203,104125040,11473,2012-12-30,33.8,OZ,4,12.36
1147196455,46,37,3708,104125040,11473,2013-06-20,2.5,OZ,2,2.24
1147854888,46,56,5616,102100020,9886,2012-05-09,7,OZ,1,2
1147854888,46,23,2301,107130070,15474,2013-03-04,12,OZ,2,2
1148243582,46,26,2630,103700030,14647,2012-08-12,224,CT,1,4.76
1148925511,214,9,917,104122040,23511,2012-11-26,24,OZ,1,1.38
1149739525,214,8,810,107110070,8280,2012-10-23,1.1,OZ,1,1.44
1149791217,46,26,2611,103600030,4814,2012-04-24,16,CT,1,11.84
1150277172,214,64,6408,108859686,40173,2012-10-26,0.75,LT,1,8.97
1150458545,46,57,5704,1076023676,11473,2013-03-29,6,OZ,2,1.98
1150555678,46,26,2628,103700030,2248,2012-11-10,6,RL,1,5.99
1150786317,46,33,3303,102840020,10241,2012-07-25,10.5,OZ,2,6
1150786317,46,37,3703,105100050,2820,2013-01-09,28,OZ,2,3.94
1150916764,46,10,1011,107349171,9883,2013-03-20,16,OZ,1,2.5
1151195268,214,55,5552,107189979,2010,2012-07-31,64,OZ,1,5.25
1151195268,214,99,9909,104122040,23511,2012-09-11,12,OZ,1,3.68
1151694968,214,17,1703,101920010,10882,2012-10-09,32,OZ,1,1.97
1152566532,46,35,3506,105170050,6335,2012-06-02,42.5,OZ,1,10.99
1152566532,46,9,907,104125040,11473,2012-07-29,12,OZ,1,2.99
1152566532,46,9,902,104400040,12279,2012-08-16,16.5,OZ,1,2.63
1153359983,214,46,4606,104122040,23511,2012-03-06,16,OZ,1,3.58
1153359983,214,56,5620,104122040,20514,2012-04-30,32,OZ,1,8.38
1153359983,214,58,5831,1064220565,23259,2013-03-19,16,OZ,2,4.58
1153393377,46,26,2631,103600030,16048,2012-08-19,51,CT,1,1.99
1153393377,46,10,1013,103890030,5072,2013-02-03,16,OZ,1,2.19
1153520436,214,36,3618,104900040,23359,2012-10-19,101.4,OZ,1,3
1154462400,214,29,2908,107423474,15809,2013-02-18,16,OZ,1,0.75
1154675612,46,99,9908,1071631070,15859,2013-05-24,16,OZ,1,2.5
1154863741,214,34,3403,101700010,4912,2012-04-06,32,OZ,1,3.98
1154863741,214,18,1828,106233868,319,2012-05-04,1.34,OZ,1,4.77
1154863741,214,36,3611,106827464,30855,2012-10-18,405.6,OZ,1,3.48
1154863741,214,3,302,104175646,15677,2013-02-07,8,OZ,1,2.98
1155709421,46,12,1206,1076023676,11473,2012-10-06,5,OZ,2,2.98
1155709421,46,27,2706,105000050,6132,2013-03-01,3,OZ,6,3.48
1156012602,46,63,6315,104125040,11473,2013-03-11,32,OZ,1,1.59
1156084032,214,64,6409,101098616,9574,2012-08-10,0.75,LT,1,11.89
1156084032,214,3,311,105150050,14029,2012-09-14,16,OZ,2,2.96
1156084032,214,35,3509,103320030,875,2013-04-21,150,OZ,1,7.88
1156647468,214,57,5704,103663232,4568,2012-07-23,16,OZ,2,4.36
1156647468,214,39,3903,104122040,20514,2013-05-19,16,OZ,1,1.48
1157342263,214,36,3630,107800070,5208,2012-07-06,101.4,OZ,2,6
1157541280,46,51,5125,101380010,10271,2012-04-07,9.75,OZ,3,8.94
1158352716,214,58,5824,104122040,20514,2012-04-15,14,OZ,1,3
1159061866,214,63,6332,104850040,61745,2012-03-09,59,OZ,1,2.98
1159137948,46,69,6901,107940070,4696,2012-05-02,2.6,OZ,1,2.39
1159137948,46,4,418,103400030,8247,2012-05-22,9.3,OZ,1,3
1159276486,214,37,3705,105100050,2820,2012-10-30,18.7,OZ,1,1.5
1159414647,214,58,5833,104122040,33170,2012-12-04,48,OZ,1,8.98
1159555818,46,73,7356,101650010,26872,2013-03-22,65,CT,1,7.29
1159744578,46,54,5401,104125040,11473,2012-10-06,12.3,OZ,1,2.18
1159768457,46,26,2628,103700030,2248,2012-03-23,2,RL,1,3.99
1159768457,46,63,6320,104125040,11473,2012-04-08,24,CT,1,3.19
1159768457,46,33,3318,1076023676,11473,2012-05-18,15,OZ,1,2.09
1159768457,46,2,201,1064420969,5345,2012-10-20,20.8,OZ,1,2.5
1160069043,214,99,9908,103338333,33170,2012-08-14,16,OZ,1,1.44
1160182308,46,9,907,1068833969,6434,2012-11-02,11.2,OZ,1,2.5
1160377283,214,37,3703,105100050,2820,2012-09-25,26,OZ,2,4.58
1160377283,214,33,3303,102840020,15598,2013-01-02,9,OZ,1,2.98
1160377283,214,36,3626,101200010,16391,2013-01-02,144,OZ,1,3.67
1160747379,214,18,1802,104613545,17898,2012-11-18,4,CT,3,5.04
1160747379,214,27,2706,105000050,6132,2013-03-23,36,OZ,2,20.36
1160938861,214,56,5617,104122040,23511,2013-06-09,12,OZ,1,2.68
1160997966,214,36,3630,107800070,5208,2012-08-17,144,OZ,1,3.97
1160997966,214,9,902,101410010,45039,2013-03-29,6.6,OZ,1,1.98
1162206920,214,63,6315,104122040,23511,2012-05-27,64,OZ,1,2.18
1162982644,46,27,2709,105849656,18139,2012-05-03,3,OZ,1,1.5
1162982644,46,36,3618,104900040,23359,2013-02-01,20,OZ,1,1.69
1163078524,46,9,907,1071928373,11473,2012-08-25,20,OZ,1,1.79
1163571231,214,4,416,103400030,8247,2013-01-31,1.55,OZ,1,0.68
1164752874,46,96,9609,1053800050,88199,2012-04-24,0,,1,-1
1164752874,46,63,6315,1074236575,105617,2013-02-05,64,OZ,1,3.29
1165028962,122,4,418,103400030,8247,2012-11-11,40,OZ,1,9.79
1165166134,214,25,2506,105000050,32115,2012-12-21,32,OZ,1,2.78
1165236587,214,64,6401,101820010,2595,2012-07-01,96,OZ,1,4.55
1165236587,214,9,901,104274343,5653,2012-07-09,31.75,OZ,1,3.39
1165236587,214,4,418,104000040,11198,2013-01-16,36,OZ,1,8
1165363600,46,9,912,104812141,18322,2012-03-03,15.7,OZ,1,4.69
1165363600,46,36,3612,104125040,11473,2012-04-07,128,OZ,2,1.74
1165574021,214,36,3601,104122040,20514,2012-03-20,72,OZ,2,2.5
1165574021,214,8,818,103620030,14868,2012-04-26,66,OZ,1,3.93
1165574021,214,58,5812,101590010,1366,2012-04-26,12,OZ,2,1.96
1165574021,214,38,3801,104122040,23511,2012-04-26,10,LB,1,5.72
1165574021,214,29,2906,107066272,12673,2012-05-17,4,OZ,2,1.5
1165981321,46,9,907,1071928373,11473,2012-12-11,20,OZ,1,1.69
1166712178,214,58,5812,102531727,763,2012-06-21,16,OZ,2,15.16
1166712178,214,63,6315,104122040,23511,2012-11-20,128,OZ,1,3.78
1166865322,306,56,5620,104610040,15889,2012-09-01,8,OZ,4,8
1167306480,306,5,502,101600010,86101,2012-10-02,5.3,OZ,1,3.31
1167306480,306,51,5123,102113121,11151,2013-02-06,28,OZ,1,6.49
