3391560265,214,97,9753,1020404222,0,2013-01-26,1,CT,1,2.96
3391561245,214,19,1908,104122040,20514,2012-05-26,40,OZ,1,4.81
3391561245,214,63,6315,104122040,23511,2013-01-20,32,OZ,2,2.7
3391561584,214,54,5403,101800010,14029,2013-01-23,11.5,OZ,1,1.98
3391561732,214,18,1837,107112171,17061,2012-05-24,56,OZ,2,5.94
3391561732,214,99,9904,1081204989,27736,2012-10-04,16,OZ,1,1.78
3391562130,214,58,5823,104122040,20514,2012-04-22,32,OZ,1,4.47
3391563231,214,29,2914,102100020,19279,2012-05-26,9.56,OZ,1,3.58
3391563231,214,99,9904,107143070,5072,2012-08-27,16,OZ,1,1.5
3391565632,214,58,5823,104470040,13310,2013-03-16,9,OZ,2,5.94
3391565960,214,32,3204,1065868666,66265,2012-10-05,25.5,OZ,2,19.98
3391565960,214,4,405,104122040,20514,2012-12-22,10,OZ,1,0.9
3391565960,214,26,2628,103700030,2248,2013-01-11,8,RL,1,5.77
3391566197,214,9,904,104122040,23511,2012-04-25,6,OZ,1,0.89
3391566197,214,9,917,104122040,23511,2012-10-19,27,OZ,1,3.37
3391566390,214,9,901,104400040,3453,2012-03-06,10,OZ,1,2.5
3391566390,214,60,6010,104122040,20514,2012-03-07,12,OZ,6,5.94
3391566390,214,9,901,108610686,10451,2012-03-11,20,OZ,1,1.18
3391566390,214,96,9609,1057181757,88199,2012-03-11,0,,2,-3.34
3391566390,214,58,5812,104122040,20514,2012-03-18,48,OZ,1,4.97
3391566390,214,99,9908,103710232,11930,2012-03-24,8,OZ,1,1.78
3391566390,214,21,2117,104300040,26420,2012-03-24,60,OZ,2,3.56
3391566390,214,51,5125,107265575,8089,2012-03-24,10.3,OZ,1,2.48
3391566390,214,8,810,104146040,14062,2012-03-25,1.61,OZ,1,0.5
3391566390,214,9,901,106404262,10292,2012-03-25,7.4,OZ,1,1.49
3391566390,214,97,9707,107169171,15583,2012-04-04,4,CT,5,12.5
3391566390,214,33,3301,107942676,15276,2012-04-04,3.5,OZ,3,2.94
3391566390,214,21,2114,104122040,20514,2012-04-06,32,OZ,5,8.15
3391566390,214,9,908,107432373,1866,2012-04-06,4.3,OZ,2,2.28
3391566390,214,72,7205,103700030,4294,2012-04-29,0.85,OZ,1,0.97
3391566390,214,8,814,102840020,18584,2012-05-27,15.5,OZ,1,2.98
3391566390,214,30,3008,104122040,20514,2012-06-12,16,OZ,19,18.62
3391566390,214,63,6319,107024272,15045,2012-06-12,16,OZ,4,2
3391566390,214,33,3305,107794878,2753,2012-06-13,12,OZ,1,1.5
3391566390,214,4,418,103400030,15113,2012-06-14,10.5,OZ,1,3.24
3391566390,214,63,6330,104122040,23511,2012-06-14,8,OZ,5,6.95
3391566390,214,45,4511,102370020,18969,2012-06-14,11.5,OZ,2,5.36
3391566390,214,51,5117,104122040,23511,2012-06-14,17.63,OZ,1,5.19
3391566390,214,58,5833,103477939,26663,2012-06-14,48,OZ,13,103.74
3391566390,214,8,803,104122040,20514,2012-06-14,16,OZ,5,4.2
3391566390,214,9,902,104400040,15335,2012-06-15,12.73,OZ,1,2.5
3391566390,214,4,410,102800020,20031,2012-06-15,0.81,OZ,10,2
3391566390,214,35,3509,103700030,6947,2012-06-17,50,OZ,2,9.94
3391566390,214,9,901,104122040,20514,2012-06-17,12,OZ,2,2.36
3391566390,214,4,418,102800020,2631,2012-06-17,12.5,OZ,1,2.97
3391566390,214,72,7214,101254616,18738,2012-06-17,16,CT,1,1.06
3391566390,214,73,7302,1031284333,1500,2012-06-25,20,CT,1,3.32
3391566390,214,9,908,104069747,25321,2012-06-28,2.5,OZ,2,2
3391566390,214,26,2615,107301070,17990,2012-07-02,20,CT,1,3.27
3391566390,214,36,3627,107800070,23362,2012-07-05,8,OZ,1,2.57
3391566390,214,59,5906,104060040,26155,2012-07-05,15,OZ,1,2.47
3391566390,214,63,6314,109220292,49768,2012-07-06,16,OZ,2,3
3391566390,214,32,3201,105010050,885,2012-07-06,16,OZ,6,7.39
3391566390,214,9,901,1068670060,6978,2012-07-06,17.6,OZ,3,2.91
3391566390,214,31,3101,102360424,18914,2012-07-06,1.15,OZ,1,0.99
3391566390,214,13,1306,104122040,23511,2012-07-06,2,LB,11,9.68
3391566390,214,51,5115,107218070,15035,2012-07-06,20.6,OZ,5,14.85
3391566390,214,58,5826,102265525,2626,2012-07-08,6,OZ,1,1.48
3391566390,214,36,3632,107181777,73881,2012-07-12,67.6,OZ,1,1.34
3391566390,214,32,3202,1087694181,13478,2012-07-17,12,OZ,2,2
3391566390,214,24,2415,103760030,11238,2012-07-18,15,OZ,1,2.49
3391566390,214,46,4606,104122040,23511,2012-07-23,20,OZ,1,4.88
3391566390,214,9,917,104122040,23511,2012-07-27,30,OZ,3,4.14
3391566390,214,9,907,104122040,23511,2012-08-01,16,OZ,1,1.49
3391566390,214,30,3008,104122040,23511,2012-08-03,16,OZ,1,1.89
3391566390,214,56,5620,104122040,23511,2012-08-21,12,OZ,3,10.14
3391566390,214,9,907,101410010,13791,2012-08-24,16,OZ,1,2.98
3391566390,214,40,4005,108098787,10089,2012-08-30,1.46,OZ,1,4.99
3391566390,214,9,901,104400040,12885,2012-09-15,16,OZ,1,3.88
3391566390,214,63,6320,104122040,23511,2012-09-15,12,CT,1,2.25
3391566390,214,25,2506,104122040,23511,2012-09-25,32,OZ,2,4.64
3391566390,214,6,605,1018053010,12204,2012-09-25,11,OZ,2,3.94
3391566390,214,36,3631,104122040,20514,2012-10-07,101.4,OZ,1,1.09
3391566390,214,51,5134,107008575,26885,2012-10-13,7,OZ,2,3.76
3391566390,214,51,5121,104369545,8522,2012-10-13,9,OZ,2,4.36
3391566390,214,33,3310,102840020,6911,2012-10-15,0.88,OZ,2,1
3391566390,214,64,6401,101820010,2510,2012-10-22,24,OZ,2,3.7
3391566390,214,63,6305,102500020,16489,2012-11-01,89,OZ,2,10.56
3391566390,214,25,2503,105000050,32115,2012-11-07,35.3,OZ,2,10.96
3391566390,214,33,3303,102840020,15598,2012-11-07,6.5,OZ,2,5
3391566390,214,6,609,107007474,7315,2012-11-07,48,OZ,1,9.44
3391566390,214,40,4001,104100040,10522,2012-11-07,896,OZ,3,14.94
3391566390,214,9,902,1069620060,19647,2012-11-07,3.5,OZ,1,2.98
3391566390,214,30,3001,105250050,5337,2012-11-07,32,OZ,6,20.88
3391566390,214,31,3110,104470040,13310,2012-11-07,2.8,OZ,1,1.88
3391566390,214,36,3635,104150848,27294,2012-11-07,33.8,OZ,1,1.88
3391566390,214,56,5619,102100020,19279,2012-12-07,32,OZ,1,5.88
3391566390,214,63,6305,102500020,16489,2012-12-18,59,OZ,1,3
3391566390,214,25,2507,102800020,12545,2013-01-04,8,OZ,1,0.88
3391566390,214,29,2921,102970020,8711,2013-01-06,3.8,OZ,1,0.77
3391566390,214,9,907,104122040,23511,2013-01-11,24,OZ,4,7.32
3391566390,214,36,3636,107239272,8019,2013-01-13,135.2,OZ,22,18.26
3391566390,214,32,3201,105010050,885,2013-01-13,48,OZ,1,3.48
3391566390,214,9,907,104122040,20514,2013-01-16,12,OZ,2,1.96
3391566390,214,33,3302,104122040,20514,2013-01-21,52.2,OZ,1,5.28
3391566390,214,35,3506,103700030,3068,2013-01-24,75,OZ,1,4.36
3391566390,214,21,2103,104122040,20514,2013-01-24,128,OZ,3,2.97
3391566390,214,26,2615,107830070,14142,2013-01-27,36,CT,1,6.97
3391566390,214,9,902,101410010,45039,2013-01-28,6.6,OZ,2,3.33
3391566390,214,57,5710,1068954464,6086,2013-01-30,5.3,OZ,6,4.5
3391566390,214,96,9609,1054300050,88199,2013-01-31,0,,1,-1
3391566390,214,28,2805,104122040,20514,2013-02-02,10,OZ,1,2.35
3391566390,214,55,5552,107189979,2010,2013-02-07,64,OZ,1,5.75
3391566390,214,31,3101,1074901171,49193,2013-02-07,16,OZ,2,7.98
3391566390,214,99,9909,107143070,5072,2013-02-07,11,OZ,1,4.18
3391566390,214,9,917,104122040,23511,2013-02-07,34,OZ,1,1.78
3391566390,214,23,2301,104122040,23511,2013-02-08,16,OZ,3,2.88
3391566390,214,21,2103,104122040,20514,2013-02-12,128,OZ,1,0.99
3391566390,214,37,3711,105100050,2820,2013-02-18,15.25,OZ,2,3.36
3391566390,214,24,2403,104780040,19058,2013-02-20,4.25,OZ,1,1.53
3391566390,214,37,3709,104178949,11224,2013-02-20,18,OZ,1,1.2
3391566390,214,9,902,104400040,12279,2013-02-20,16,OZ,4,10
3391566390,214,29,2902,101490010,19995,2013-02-23,15,OZ,2,2.5
3391566390,214,29,2920,102970020,8711,2013-02-28,4,OZ,2,1.88
3391566390,214,33,3305,102840020,5141,2013-02-28,1.25,OZ,4,2
3391566390,214,58,5824,1067272464,9879,2013-03-02,24,OZ,4,27.96
3391566390,214,2,214,103000030,1058,2013-03-03,32,OZ,1,2.89
3391566390,214,37,3707,104122040,23511,2013-03-18,14.5,OZ,1,1.99
3391566390,214,29,2925,104122040,23511,2013-03-18,16,OZ,2,1.36
3391568448,214,32,3202,104122040,20514,2012-07-31,48,OZ,1,2.79
3391568448,214,92,9211,104155444,11347,2013-03-10,0.01,OZ,1,4.87
3391568448,214,59,5902,104122040,23511,2013-03-24,16,OZ,1,2.41
3391569321,214,27,2707,1085159989,11516,2013-01-10,6.3,LB,1,7.78
3391571535,214,92,9208,107410878,3947,2012-05-23,1,CT,1,1.09
3391572306,214,9,922,102430020,10577,2012-03-25,12.5,OZ,1,1.5
3391572306,214,33,3310,107373171,11786,2012-12-16,4,OZ,1,1.98
3391572479,214,13,1306,104122040,20514,2012-06-07,5,LB,1,1.84
3391572479,214,18,1890,1087801080,1468,2012-11-12,4,CT,1,1.48
3391572479,214,7,707,104122040,23511,2013-01-07,32,OZ,1,6.74
3391574816,214,58,5823,104122040,29462,2012-06-09,16,OZ,2,2
3391575032,214,36,3632,104122040,23511,2012-11-21,144,OZ,1,2.25
3391575541,214,59,5907,101111515,8760,2013-01-04,16,OZ,1,0.88
3391575541,214,9,917,107373171,11786,2013-03-05,17.5,OZ,1,2.28
3391575541,214,58,5823,107024777,6176,2013-05-14,8,OZ,1,2.48
3391578481,206,63,6320,1071514171,25530,2012-11-23,12,CT,1,2.68
3391578481,206,64,6401,108834585,12595,2013-04-24,144,OZ,1,14.98
3391586883,46,44,4404,107045979,12587,2012-03-12,11.25,OZ,1,1.67
3391586883,46,0,0,10000,0,2013-02-20,0,,-1,-1.25
3391596121,46,25,2509,107026272,25314,2012-06-29,32,OZ,1,3.19
3391596121,46,63,6305,104850040,18799,2012-09-20,59,OZ,2,6
3391596121,46,5,501,1088491282,14900,2013-02-07,25,OZ,2,6.58
3391612027,46,63,6320,1071514171,25530,2012-05-29,12,CT,1,2.69
3391612027,46,3,302,102800020,30272,2012-10-08,12,OZ,1,2.79
3391612027,46,53,5305,104125040,11473,2012-12-10,10,OZ,3,3.27
3391612027,46,16,1604,101254616,17473,2013-03-07,42,CT,8,20
3391626891,46,33,3309,102840020,18584,2012-03-24,18,OZ,1,3.99
3391626891,46,7,707,102550020,6550,2012-11-20,27.8,OZ,1,9.39
3391668705,46,56,5617,102100020,9886,2012-07-29,10.7,OZ,1,2
3391679239,46,97,9731,1065356969,1770,2012-08-31,1,CT,1,9.99
3391679239,46,44,4401,105100050,13791,2012-10-13,19,OZ,1,2.5
3391679239,46,5,501,103800030,4308,2012-12-22,12,OZ,1,2.3
3391692080,46,0,0,10000,0,2012-06-16,0,,2,10.01
3391692080,46,9,901,106731262,19527,2012-12-08,14.1,OZ,1,2.69
3391701302,46,0,0,10000,0,2012-05-26,0,,-1,-1
3391758853,20,8,805,105100050,2820,2012-10-16,9,OZ,3,5.97
3391769081,4,58,5823,104450040,8318,2012-03-09,9,OZ,1,3.99
3391815873,18,55,5552,102113020,15704,2012-10-16,48,OZ,1,4.99
3391815873,18,27,2710,104460040,6743,2012-10-21,20,LB,1,12.49
3392416171,42,5,516,101600010,6283,2013-01-06,4.1,OZ,2,6.78
3392417633,42,23,2301,103340030,15474,2012-03-20,12,OZ,1,2.39
3392810500,285,63,6315,101115010,15530,2012-04-26,64,OZ,1,1.59
3392810500,285,97,9753,10000,0,2012-07-02,1,CT,1,0
3392810500,285,26,2630,103600030,9787,2012-11-20,75,CT,2,3.38
3392810594,285,99,9908,103338333,33170,2012-04-05,1,CT,5,3.45
3392810594,285,27,2704,107910070,27108,2012-09-23,5.6,OZ,1,2.69
3392810594,285,33,3301,1085025181,31505,2013-01-08,4.4,OZ,1,3.39
3392811480,285,64,6406,108470484,9865,2012-12-30,0.75,LT,1,8.99
3392811480,285,26,2633,105400050,16048,2013-01-10,8,RL,1,5.49
3392811822,285,36,3628,101200010,12029,2012-08-24,20,OZ,1,1.59
3392812703,285,56,5610,102100020,9886,2012-05-11,8,OZ,1,3.79
3392812703,285,92,9204,1073150979,9732,2012-12-23,1,CT,1,2.49
3392812703,285,37,3704,104125848,20113,2013-02-20,3.25,OZ,1,2.19
3392812703,285,9,913,104812141,18322,2013-04-23,12,OZ,1,2.49
3392812791,285,58,5826,101115010,15530,2012-03-31,12,OZ,1,2.79
3392812796,285,9,917,102733121,9966,2012-05-27,12.7,OZ,1,3.48
3392812796,285,8,810,104600040,13023,2013-02-18,1,OZ,1,0.73
3392884486,109,0,0,10000,0,2012-07-15,0,,1,4.69
3392884486,109,71,7110,107940070,3662,2013-03-04,12.9,OZ,1,6.49
3392970148,377,63,6315,1071754474,24625,2012-08-11,128,OZ,2,5.89
3392970148,377,99,9909,103022333,18063,2013-03-10,12,OZ,1,1.99
3393023398,377,8,811,104112949,3635,2012-07-09,15,OZ,1,3.39
3393023398,377,27,2709,105849656,18139,2012-12-09,3,OZ,2,3.98
3393028476,377,19,1905,108870282,2167,2013-03-24,13,OZ,3,8.97
3393031188,24,30,3001,104800141,1707,2013-03-03,30,OZ,1,4.28
3393132762,507,97,9753,1020404828,0,2012-08-19,1,CT,4,1.96
3393382188,507,14,1404,101480010,12021,2012-09-08,23.4,OZ,1,1.88
3393382188,507,97,9753,1049245040,0,2012-09-15,4,OZ,1,2.09
3393382188,507,56,5620,108523989,11176,2012-11-03,8,OZ,1,2.36
3393382188,507,26,2614,1030800434,2964,2012-11-17,20,CT,1,0.98
3393382188,507,9,902,104400040,19783,2013-05-11,16,OZ,1,3.67
3393447126,508,9,902,104400040,19783,2012-03-22,9.5,OZ,1,2.39
3393465865,509,97,9753,1049096040,0,2012-04-30,1,CT,1,24.99
3393465865,509,97,9768,107650171,3828,2012-06-20,1,CT,1,11.39
3393465865,509,92,9208,107410878,3947,2013-01-12,1,CT,1,5.99
3393568153,509,34,3402,101910010,1889,2013-03-26,1,OZ,1,6.14
3393613668,507,58,5833,102874929,43198,2013-05-31,32,OZ,1,5.03
3393621501,508,99,9904,1071575676,5278,2012-03-20,16,OZ,1,3.14
3393621501,508,57,5704,107047070,20230,2012-06-18,48,OZ,1,4.71
3393621501,508,97,9753,1021621424,0,2012-11-06,1,CT,1,22.65
3393662619,508,21,2117,1065762262,26129,2012-08-21,54,OZ,3,10.98
3393663453,507,5,504,1072225272,3695,2012-08-20,14.4,OZ,2,10.5
3393672769,508,97,9753,1080521989,0,2012-09-30,1,CT,1,1.05
3393679500,508,33,3316,101356212,713,2012-05-27,9,OZ,1,2.09
3393679500,508,97,9753,10978140393,0,2012-10-18,1,CT,1,1.23
3393679500,508,9,970,103800030,62065,2013-04-18,14.1,OZ,2,4.14
3393696281,508,4,419,104000040,5168,2013-03-23,8.87,OZ,1,3.67
3393712725,509,97,9786,101980010,19934,2012-10-08,25,CT,1,5.21
3393796592,508,63,6320,108523989,11176,2012-09-22,12,CT,1,1.78
3393796592,508,4,418,104000040,11698,2012-10-12,11.24,OZ,1,2.48
3393796592,508,6,610,1061126969,15041,2013-04-18,33.6,OZ,2,6.58
3393798886,510,97,9732,107234878,15493,2012-08-05,24,CT,2,0.42
3393827530,508,51,5125,107265575,8089,2012-11-25,9.5,OZ,1,2.62
3393827530,508,33,3301,107469070,13022,2013-04-28,6,OZ,1,2.33
3393838266,508,97,9753,1020401121,0,2012-06-19,1,CT,1,0.68
3393853333,507,27,2709,102310020,18139,2012-06-01,3,OZ,4,6.38
3393853333,507,97,9753,1087949282,0,2013-02-23,1,CT,4,12.56
3393853333,507,97,9753,109674191,0,2013-03-20,1,CT,1,10.49
3393854484,508,34,3410,107385272,14709,2012-12-27,4,OZ,1,2.54
3393854720,508,29,2928,105480050,19039,2012-06-10,8.8,OZ,1,2.14
3393854720,508,9,907,107341070,13291,2012-08-19,12,OZ,1,2.61
3393854720,508,18,1898,103980030,5782,2012-09-09,10,CT,1,8.81
3393854720,508,29,2928,105480050,19039,2012-12-26,8.8,OZ,2,3.86
3393873279,507,33,3308,102840020,3387,2012-12-24,4.5,OZ,3,6.3
3393873279,507,27,2710,107023070,18373,2013-01-23,25,LB,1,5.5
3393873279,507,4,427,10980090,18366,2013-02-06,4,OZ,1,3.03
3393875807,507,36,3611,108523989,11176,2012-06-28,405.6,OZ,2,5.65
3393875807,507,9,902,102410020,44209,2013-02-12,21,OZ,1,3.76
3393879232,508,36,3601,104900040,3809,2012-12-24,144,OZ,2,6.28
3393879232,508,9,901,104400040,12661,2013-01-25,11,OZ,1,3.34
3393879232,508,97,9799,107314979,17357,2013-02-19,1,CT,1,7.63
3393893055,507,26,2609,104200040,5016,2012-10-24,60,CT,1,3.13
3393893055,507,36,3632,104900040,6137,2012-12-21,67.6,OZ,1,1.4
3393893055,507,97,9748,107251272,13771,2013-01-28,2,CT,1,3.69
3393905839,508,92,9208,104145747,7487,2012-06-08,4,CT,1,4.71
3393905839,508,58,5833,102874929,43198,2012-07-18,16,OZ,1,4.61
3393905839,508,75,7520,104834141,23664,2012-08-02,100,CT,1,2.48
3393905839,508,0,0,10000,0,2012-09-16,0,,1,-0.65
3393905839,508,70,7002,1030813737,25162,2013-03-27,50,CT,1,2.25
3393905839,508,9,907,107073373,4173,2013-04-14,24,OZ,1,2.16
3393905839,508,92,9210,102270020,4197,2013-06-10,0.32,OZ,1,6.24
3393912490,510,26,2620,104200040,5016,2013-01-25,14,CT,1,3.14
3393980753,16,30,3010,1075480777,610,2012-12-08,16,OZ,1,2.79
3393980753,16,2,202,101600010,1756,2012-12-08,17.9,OZ,1,2.95
3393980753,16,58,5827,103760030,8501,2013-03-30,16,OZ,2,11.98
3394004183,240,5,501,101600010,3331,2012-09-01,18,OZ,1,3.34
3394035368,101,95,9518,107000070,7848,2012-09-03,1,CT,1,0.99
3394036155,101,0,0,10000,20405,2012-11-18,0,,1,-0.51
3394036155,101,27,2703,103810030,34324,2013-02-13,72,OZ,1,5.29
3394036155,101,55,5567,107064070,19704,2013-06-18,13.5,OZ,1,4.5
3394036179,101,0,0,10000,20405,2012-05-20,0,,2,-5.14
3394098508,68,63,6320,1072543979,40679,2012-07-21,12,CT,1,1
3394117257,64,63,6320,108741181,60637,2012-10-22,12,CT,1,2.79
3394127283,165,63,6315,107203676,7953,2012-07-06,64,OZ,1,2.89
3394127283,165,9,902,104400040,12279,2013-05-04,16,OZ,1,2.5
3394128229,165,99,9904,107464171,4170,2012-09-01,6,OZ,2,4
3394129616,26,64,6408,108520080,17797,2013-05-19,0.75,LT,1,5.99
3394129687,143,54,5403,101800010,14029,2012-09-23,11.5,OZ,2,3.58
3394129687,143,27,2704,107910070,85180,2013-01-19,7,OZ,2,2.54
3394129687,143,51,5131,101111010,85048,2013-01-26,14.55,OZ,1,4.5
3394129687,143,0,0,10000,0,2013-04-14,0,,1,0
3394132503,83,56,5614,101111010,9907,2012-04-09,1,OZ,1,0.59
3394132503,83,36,3601,101200010,13794,2013-03-01,20,OZ,1,1.25
3394146780,89,29,2914,102100020,19279,2012-03-21,12,OZ,1,2.09
3394148992,63,4,405,1060069969,55864,2012-09-02,10,OZ,2,2
3394148992,63,26,2628,103600030,9787,2012-11-07,6,RL,1,8.54
3394152060,63,63,6315,101111010,6848,2012-08-14,128,OZ,2,2.59
3394152843,63,58,5833,1061266969,21865,2013-02-10,16,OZ,1,6.99
3394171361,2,55,5552,104154848,5603,2012-07-21,48,OZ,1,3.49
3394173902,191,0,0,10000,0,2012-07-13,0,,1,0
3394173902,191,56,5615,107283070,18390,2012-10-14,32,OZ,1,4.99
3394173902,191,36,3612,101111010,6678,2013-04-16,128,OZ,1,0.89
3394182244,89,71,7109,103827636,10851,2012-03-23,1,CT,1,3.49
3394182244,89,26,2613,103700030,13481,2012-10-31,96,CT,1,24.99
3394182244,89,36,3612,101111010,9907,2012-12-29,128,OZ,2,1.78
3394182244,89,1,105,104126040,9907,2013-06-16,23.2,OZ,1,14.19
3394187633,215,8,810,104146040,14062,2012-06-23,2.75,OZ,1,0.99
3394187633,215,41,4110,103940030,71386,2012-08-04,16,OZ,1,1.59
3394187633,215,36,3626,104900040,17186,2012-10-19,144,OZ,1,4.88
3394197918,96,64,6409,108105484,38355,2012-06-01,0.75,LT,2,9.98
3394199389,96,0,0,10000,0,2012-12-07,0,,1,0
3394199568,96,55,5558,107255474,35506,2012-04-29,18.1,OZ,2,7
3394199568,96,28,2804,102818929,7980,2012-07-26,4,OZ,1,1.39
3394199568,96,41,4108,107089070,9218,2012-09-25,15,OZ,1,1
3394199568,96,99,9908,103003434,28496,2012-11-17,8,OZ,2,5
3394199633,96,63,6315,103003434,7175,2012-06-10,128,OZ,1,3.56
3394199633,96,63,6317,102529323,16410,2012-06-12,64,OZ,3,10.47
3394208511,214,96,9609,1050000050,88199,2012-10-28,0,,1,-1.88
3394209943,214,0,0,10000,0,2012-10-23,0,,1,-0.75
3394209943,214,26,2622,104122040,23511,2012-11-23,50,CT,1,2.48
3394211951,214,41,4108,104690040,14917,2012-05-27,15,OZ,2,1.6
3394211951,214,26,2614,1089960383,30664,2012-12-06,14,CT,1,0.67
3394211951,214,7,707,104122040,20514,2013-02-11,13,OZ,1,2.48
3394212145,214,63,6320,104122040,20514,2012-06-04,12,CT,1,1.24
3394212145,214,60,6001,101800010,14029,2012-07-13,30,OZ,2,3.78
3394212145,214,55,5552,107189979,2010,2012-07-24,64,OZ,2,10.5
3394212145,214,9,920,103010030,9530,2012-09-11,11,OZ,1,2
3394212145,214,25,2503,105000050,32115,2012-11-12,16,OZ,1,3.18
3394212383,214,26,2633,105400050,16048,2012-08-10,12,RL,1,9.24
3394212481,214,8,822,104430040,7070,2012-09-02,10,OZ,1,1
3394212481,214,18,1831,104150545,15107,2012-09-23,1,CT,1,0.99
3394212481,214,99,9909,104122040,23511,2012-11-04,12,OZ,1,2.5
3394212481,214,41,4107,104122040,20514,2013-03-10,14.5,OZ,2,1.22
3394213617,214,33,3305,102840020,18584,2012-03-28,13,OZ,1,2.98
3394213617,214,36,3630,107800070,5208,2012-06-16,20,OZ,1,1.67
3394214477,214,96,9609,1050000050,88199,2012-06-24,0,,1,-0.5
3394214477,214,64,6409,108500080,11251,2013-03-10,0.75,LT,1,-1.78
3394216960,214,4,418,104000040,16765,2012-12-19,11.5,OZ,1,2.78
3394216960,214,63,6315,104122040,23511,2013-03-17,32,OZ,3,4.05
3394219778,214,29,2907,104122040,23511,2012-05-03,14,OZ,1,1.35
3394219778,214,99,9904,103338333,33170,2012-06-24,16,OZ,1,1.78
3394220538,214,4,411,102070929,18785,2013-01-18,2,OZ,1,0.79
3394222360,214,62,6202,102484222,2542,2012-08-12,20,OZ,1,6.38
3394222360,214,0,0,10000,0,2013-01-16,0,,1,-1.68
3394222360,214,56,5621,104122040,23511,2013-04-17,16,OZ,1,2.23
3394223182,214,7,709,109955595,68135,2012-04-18,4.8,OZ,1,8.54
3394223182,214,7,709,109955595,68135,2012-12-22,4.8,OZ,1,8.99
3394223182,214,99,9909,107143070,5072,2013-03-10,5,OZ,1,2.58
3394225606,214,9,917,104122040,23511,2012-08-05,21,OZ,1,1.24
3394227110,214,97,9753,1020401121,0,2012-11-26,1,CT,1,2.05
3394227110,214,9,901,104400040,12661,2013-04-24,11,OZ,1,3.18
3394230504,214,63,6315,104122040,23511,2012-07-15,64,OZ,1,1.96
3394231270,214,63,6305,102500020,11749,2012-08-10,128,OZ,1,5.89
3394231270,214,51,5119,102370020,78850,2012-12-27,10,OZ,2,5.36
3394231270,214,63,6315,104122040,20514,2013-01-09,128,OZ,2,5.72
3394231270,214,71,7113,107940070,3662,2013-03-29,12.7,OZ,1,4.98
3394231488,214,63,6320,104122040,20514,2012-03-31,18,CT,1,2.39
3394231488,214,18,1819,107591474,7691,2012-08-25,1,CT,1,1.97
3394231488,214,63,6315,104122040,23511,2012-11-23,32,OZ,1,1.18
3394231488,214,53,5307,104122040,23511,2013-02-09,40,OZ,1,3.55
3394231488,214,18,1898,103980030,5782,2013-03-25,2,CT,1,4.37
3394234454,214,97,9753,1020408727,0,2012-04-16,1,CT,1,3.01
3394234454,214,56,5609,104122040,23511,2012-12-01,24,OZ,1,1.78
3394236634,214,73,7312,102318525,6457,2013-05-29,20,CT,1,3.07
3394236634,214,9,908,107432373,1866,2013-06-01,11.64,OZ,1,2.78
3394238993,214,35,3504,103500030,330,2012-04-27,34,OZ,1,1.87
3394238993,214,9,901,108610686,10451,2012-05-07,10,OZ,1,0.97
3394238993,214,41,4107,107402777,14200,2012-05-07,14.4,OZ,1,1.49
3394238993,214,41,4107,107402777,14200,2012-12-16,15,OZ,1,1.07
3394238993,214,36,3612,104122040,23511,2013-01-25,128,OZ,3,1.89
3394238993,214,36,3601,104122040,23511,2013-03-23,144,OZ,2,4.8
3394239807,214,5,501,104122040,20514,2012-06-03,12.25,OZ,1,1.79
3394239807,214,45,4511,102370020,18969,2012-10-06,48,OZ,1,10.97
3394239807,214,58,5827,104122040,23511,2013-06-18,40,OZ,1,12.98
3394240244,214,71,7113,108087888,13505,2012-04-14,1.7,OZ,2,1.94
3394240244,214,57,5707,105215959,41981,2013-03-24,16,OZ,2,6.28
3394242667,214,26,2628,105400050,16048,2012-06-24,6,RL,2,12.74
3394242667,214,9,922,102430020,10577,2013-01-27,13.1,OZ,2,3.28
3394311284,46,97,9735,102708424,33170,2012-12-14,1,CT,1,3.99
3394317830,46,43,4302,104300040,4030,2012-05-26,8,OZ,1,0.99
3394363528,95,4,418,103400030,8247,2012-10-21,18.5,OZ,1,6.29
3394363528,95,39,3903,103000030,1058,2013-02-18,24,OZ,1,3.99
3394640315,42,51,5125,101380010,10271,2013-04-14,10.5,OZ,1,2.59
3394822869,285,1,106,101500010,29555,2012-09-16,1.48,OZ,2,4
3394822961,285,5,501,101115010,15530,2013-04-13,24,OZ,1,2.59
3394926415,24,37,3711,105260353,13414,2012-08-06,32,OZ,1,3.99
3395114193,510,70,7002,105113151,52,2012-12-31,1,CT,1,3.39
3395183414,31,26,2622,102114020,19950,2012-08-06,150,CT,1,1.29
3395183414,31,58,5823,104450040,8318,2012-12-20,9,OZ,2,6.67
3395183414,31,8,818,103620030,14868,2013-03-06,45,OZ,2,3.79
3395192062,31,64,6401,107199070,4043,2013-04-20,288,OZ,1,18.99
3395219805,85,5,516,103800030,24525,2012-12-12,6.3,OZ,1,2.99
3395234272,100,6,610,1061126969,15041,2012-04-02,33.6,OZ,1,5.99
3395234272,100,5,504,1075004979,1312,2012-06-28,1.76,OZ,2,2
3395234272,100,99,9904,1071752474,4704,2012-10-21,20,OZ,1,4.99
3395234805,100,3,311,105150050,14029,2012-12-09,15,OZ,1,2.99
3395234805,100,9,901,104400040,13243,2012-12-19,15.35,OZ,1,2.99
3395253685,8,9,901,104400040,13243,2012-09-10,15.5,OZ,1,2.99
3395253685,8,36,3611,106827464,30855,2013-01-13,405.6,OZ,1,3.69
3395269179,101,63,6316,1068826767,81691,2012-03-05,8,OZ,1,1.09
3395269179,101,36,3611,108265787,4687,2012-05-04,405.6,OZ,2,7.98
3395269179,101,63,6315,107047474,6965,2012-08-30,128,OZ,1,3.99
3395269179,101,29,2925,105480050,19039,2012-10-27,32,OZ,1,3.11
3395269179,101,36,3601,104900040,3809,2013-01-04,101.4,OZ,2,5.98
3395269179,101,36,3611,1068826767,158,2013-04-25,591.5,OZ,1,4.99
3395269442,101,57,5710,1089470080,21065,2012-10-28,5.3,OZ,12,15
3395272455,77,21,2118,1073951070,16807,2012-04-27,20,OZ,2,3.29
3395272455,77,11,1112,102898929,26666,2012-06-29,8,OZ,1,2.99
3395272455,77,36,3632,107153777,14200,2013-01-24,67.6,OZ,1,1
3395277759,70,97,9753,1020020121,0,2013-02-26,1,CT,1,5.8
3395278992,65,20,2002,105100050,27873,2012-04-29,36,OZ,1,3.4
3395297365,370,99,9904,103338333,33170,2012-05-10,16,OZ,1,1.88
3395297365,370,58,5823,104450040,8318,2012-12-08,8,OZ,1,2.98
3395297365,370,31,3101,104126848,7904,2012-12-21,2.37,OZ,1,1.25
3395342435,165,9,907,107225070,12465,2012-06-22,13,OZ,1,1.99
3395343882,165,17,1701,1067811262,3912,2012-03-29,21,OZ,1,0.99
3395344800,26,26,2619,101111010,9907,2012-06-11,30,CT,1,4.69
3395346100,143,33,3302,102700020,57417,2012-07-31,15,OZ,1,4.47
3395347726,143,55,5560,104154848,5603,2012-03-22,16.1,OZ,1,4.69
3395347726,143,0,0,10000,0,2012-03-27,0,,2,3.9
3395347726,143,36,3634,1078616272,7237,2013-04-26,202.8,OZ,1,8.99
3395347726,143,63,6315,101111010,9907,2013-05-20,64,OZ,1,2.09
3395359634,151,26,2611,103600030,14191,2013-01-29,66,CT,1,9.89
3395359634,151,33,3304,103800030,17050,2013-03-18,4.5,OZ,1,3.79
3395359834,89,6,603,102800020,12545,2012-04-30,10.9,OZ,1,3.69
3395359834,89,26,2635,101111010,9907,2013-04-17,50,CT,1,1.99
3395361559,431,26,2633,101111010,9907,2012-07-13,12,RL,1,4.99
3395361559,431,9,908,107203070,5812,2012-08-15,8.25,OZ,1,2.49
3395361559,431,63,6315,101111010,9907,2012-09-27,128,OZ,1,3.39
3395361559,431,21,2117,103120030,12957,2013-02-19,48,OZ,2,3.98
3395361559,431,96,9609,1053377656,88199,2013-06-21,0,,1,-1
3395369167,12,11,1102,101111010,9907,2012-12-16,160,CT,1,3.79
3395369436,63,57,5710,103663232,4568,2012-08-18,5.3,OZ,4,4
3395371323,63,58,5824,1076401474,304,2012-08-21,14,OZ,1,7.59
3395380360,2,36,3603,104300040,4371,2012-06-25,320,OZ,1,3
3395380360,2,51,5121,104369545,8522,2013-03-11,9,OZ,5,10
3395401246,356,26,2619,101122515,19197,2013-01-12,15,CT,1,1
3395401246,356,29,2908,107013272,9327,2013-04-05,29.5,OZ,1,2.77
3395401404,356,63,6312,102500020,11749,2012-04-15,59,OZ,1,1.79
3395401404,356,29,2907,104856444,7755,2012-05-03,13.2,OZ,3,7.17
3395401404,356,36,3618,104900040,23359,2012-10-26,67.6,OZ,3,5
3395401404,356,33,3308,102840020,3336,2012-12-08,3.75,OZ,1,1.29
3395401404,356,33,3305,102840020,15870,2013-02-09,11,OZ,2,3.76
3395401404,356,9,901,1068670060,6978,2013-04-19,4.9,OZ,2,1
3395409603,96,63,6315,103003434,7175,2012-10-30,128,OZ,1,3.61
3395409768,96,21,2119,101200010,10522,2013-01-07,18.5,OZ,3,5.37
3395409809,96,63,6315,103003434,7175,2012-04-01,64,OZ,1,1.93
3395410147,96,63,6399,104171747,63681,2012-10-14,32,OZ,1,2
3395416055,214,36,3630,107800070,23561,2012-12-15,67.6,OZ,1,0.97
3395416055,214,56,5620,104122040,20514,2013-04-10,8,OZ,1,1.99
3395416055,214,58,5812,107010070,55002,2013-05-30,12,OZ,2,1.56
3395417682,214,10,1004,104300040,26232,2012-08-11,5.9,OZ,1,1.08
3395418978,214,19,1905,104122040,20514,2012-12-09,18,OZ,1,2.08
3395419702,214,21,2119,101200010,10522,2012-07-24,202.8,OZ,1,4.96
3395419788,214,36,3601,104122040,20514,2012-12-06,101.4,OZ,1,1.09
3395421221,214,34,3403,101700010,4912,2013-01-21,12,OZ,1,2.24
3395425203,214,36,3601,104122040,23511,2012-10-29,20,OZ,1,0.45
3395425917,214,9,908,104500040,8511,2012-05-19,4.75,OZ,6,6
3395425917,214,51,5121,104369545,8522,2012-11-07,9,OZ,2,4.36
3395425917,214,33,3307,102840020,12186,2013-03-14,1.38,OZ,6,3
3395425917,214,33,3309,1078113878,13130,2013-05-22,16,OZ,1,3.99
3395428137,214,51,5125,101380010,10271,2012-11-18,10,OZ,3,5.64
3395428137,214,9,922,107235979,2011,2013-02-28,12,OZ,1,2.28
3395431495,214,0,0,10000,0,2013-01-22,0,,1,-2
3395437911,214,36,3618,101200010,23361,2012-03-31,144,OZ,1,3.97
3395443544,214,4,410,107920070,20031,2012-06-16,6,OZ,1,0.97
3395443544,214,9,970,103800030,62065,2013-04-09,14.7,OZ,1,1.98
3395443821,214,37,3703,104122040,20514,2012-10-07,10.5,OZ,2,1.16
3395443821,214,26,2633,103040030,683,2012-10-13,4,RL,1,2.44
3395443821,214,43,4302,104300040,4030,2012-11-21,8,OZ,1,0.88
3395443821,214,63,6320,104122040,20514,2013-03-07,12,CT,1,-0.17
3395447509,214,56,5620,104122040,23511,2012-06-06,8,OZ,1,2.48
3395447643,214,18,1890,105209252,43069,2012-10-18,3,CT,2,5.94
3395447643,214,5,501,101600010,10797,2013-01-27,12,OZ,1,2.5
3395451412,214,29,2928,101530010,58299,2012-08-13,4.9,OZ,1,0.98
3395451412,214,57,5710,1089470080,21065,2013-03-29,5.3,OZ,3,3
3395451412,214,92,9212,1030099737,15219,2013-05-07,0.15,OZ,1,2.22
3395454608,214,25,2505,105000050,32115,2012-05-12,64,OZ,1,3.66
3395454608,214,4,410,104111646,18550,2012-06-25,1.1,OZ,1,1.18
3395454608,214,2,211,101600010,1910,2012-12-11,40,OZ,1,2.98
3395454608,214,21,2106,103120030,12957,2013-02-07,64,OZ,1,2.48
3395455163,214,58,5823,104122040,20514,2013-01-16,16,OZ,1,2.99
3395491670,46,97,9786,1088590989,754,2013-06-16,1,CT,1,19
3395545860,95,51,5133,102113020,15704,2013-02-05,8,OZ,1,3.29
3395842742,42,28,2805,104133141,7531,2012-08-12,2.5,OZ,1,2.59
3395842742,42,9,922,101600010,6283,2013-02-07,5.34,OZ,1,3.19
3395844289,42,21,2111,107468272,27266,2012-10-26,32,OZ,1,5.99
3396004084,285,36,3604,107800070,2829,2012-06-14,67.6,OZ,4,7.56
3396004152,285,36,3612,101115010,15530,2012-12-08,128,OZ,2,1.98
3396100282,24,73,7302,103680030,18533,2012-10-16,50,CT,1,0
3396171676,507,92,9208,104145747,7487,2012-04-21,75,CT,1,2.61
3396171676,507,7,706,104127141,26189,2012-08-13,64,OZ,1,4.19
3396171676,507,41,4107,108523989,11176,2012-08-18,4,OZ,1,0.76
3396171676,507,2,201,101600010,1756,2012-09-26,15.25,OZ,2,2.52
3396171676,507,9,907,107341070,2437,2012-12-03,24,OZ,1,3.35
3396171676,507,6,601,1076211171,17286,2012-12-09,15.2,OZ,1,18.85
3396171676,507,56,5620,108523989,11176,2012-12-23,8,OZ,1,2.46
3396188776,507,5,516,101600010,12426,2013-03-08,17.8,OZ,1,4.99
3396240264,508,97,9753,107538171,0,2013-06-16,1,CT,1,6.99
3396317953,31,56,5620,102100020,9886,2012-08-29,8,OZ,4,8.38
3396320526,31,63,6305,101630010,6509,2012-11-25,89,OZ,1,4.99
3396320526,31,9,914,107165676,25960,2013-02-20,7.5,OZ,1,2.29
3396345692,40,9,906,107142979,20299,2012-06-15,12,OZ,1,1.79
3396345692,40,8,818,105100050,14403,2012-08-25,67,OZ,1,5.99
3396345692,40,35,3504,103700030,4628,2013-01-10,9,OZ,1,1.39
3396369188,21,73,7302,104119040,16347,2012-05-14,120,CT,1,2.49
3396369188,21,60,6011,101800010,14029,2012-06-05,16.3,OZ,1,2.59
3396369188,21,9,902,102410020,44209,2013-01-15,11.5,OZ,1,3.49
3396369188,21,29,2920,102970020,8711,2013-06-05,1.5,OZ,2,2
3396404580,101,51,5117,1068826767,81691,2012-04-29,28.9,OZ,1,3.5
3396404580,101,26,2617,1068826767,7173,2013-02-27,1,CT,1,2.89
3396404743,101,45,4508,101116212,12131,2012-03-11,14.5,OZ,2,6.98
3396404743,101,63,6315,1068826767,81691,2012-03-17,64,OZ,2,3.44
3396404743,101,7,702,102550020,6550,2012-06-18,12,OZ,2,16.98
3396404743,101,96,9609,1051600050,88199,2013-03-28,0,,1,-1
3396446829,65,21,2105,105200050,7054,2012-09-13,160,OZ,1,5.99
3396452317,65,36,3630,107800070,5208,2013-01-28,96,OZ,1,3
3396474122,165,5,501,101600010,7400,2012-12-01,16,OZ,1,3
3396477290,26,12,1206,104800040,38150,2012-11-04,4,OZ,1,1.99
3396477290,26,96,9609,1054410050,88199,2012-11-24,0,,1,-1
3396477290,26,51,5133,1071785474,11614,2013-01-01,5,OZ,5,5
3396483098,12,63,6323,101111010,9907,2012-12-02,64,OZ,1,2.99
3396486257,89,99,9904,1088056383,17348,2012-03-04,12,OZ,1,1.99
3396486257,89,21,2105,105200050,7054,2012-11-14,32,OZ,4,4
3396488387,126,97,9724,105114151,52,2012-11-25,1,CT,2,5.98
3396489617,126,21,2112,103120030,12957,2012-04-30,64,OZ,1,3.19
3396489617,126,99,9904,107143070,5072,2012-05-25,16,OZ,1,2.5
3396489617,126,3,308,101111010,9907,2013-03-31,0.75,OZ,1,1.29
3396489617,126,72,7205,103500030,3830,2013-05-04,5.8,OZ,1,3.19
3396490360,431,36,3601,104900040,3809,2012-05-20,42.2,OZ,1,0.99
3396490616,431,29,2908,101111010,9907,2012-11-06,16,OZ,3,2.67
3396490616,431,9,922,102430020,10577,2013-04-30,12,OZ,1,1.57
3396492849,58,33,3317,101111010,9907,2012-04-15,5,OZ,2,3.58
3396492849,58,27,2704,107910070,85180,2012-08-20,7,OZ,1,1.09
3396492849,58,16,1604,102200020,5558,2013-05-01,60,CT,2,6
