342639351,42,96,9609,1057234353,88199,2012-08-18,0,,5,-5
342654840,42,37,3709,107066272,12673,2013-03-18,6.75,OZ,2,2.18
342656133,42,8,826,101121010,17930,2012-11-10,5,OZ,2,6.78
342668415,42,36,3631,104149747,19710,2012-10-09,144,OZ,1,3.34
342668415,42,97,9753,10000,0,2013-02-21,1,CT,1,2.03
342669448,42,14,1404,101480010,12021,2012-12-06,24,OZ,2,3.98
342669448,42,26,2614,103600030,9878,2012-12-22,105,CT,1,6.79
342669448,42,99,9904,103338333,33170,2013-03-29,48,OZ,1,5.99
342691349,42,9,907,104149747,19710,2012-11-22,20,OZ,2,2.58
342694133,42,99,9904,103338333,33170,2012-11-23,64,OZ,1,4.99
342727913,42,56,5616,104610040,15889,2012-04-21,7,OZ,1,3.79
342727913,42,28,2804,101760010,2443,2012-10-20,7,OZ,1,2.99
342735372,42,9,907,101410010,13791,2012-06-02,16,OZ,1,4.29
342735372,42,36,3604,107153777,14200,2013-02-20,33.8,OZ,1,0.99
342740752,205,18,1842,107179878,14807,2012-05-16,2,CT,1,5.65
342740752,205,18,1898,103980030,5782,2012-09-24,4,CT,1,5.35
342740752,205,17,1726,104460040,3718,2012-11-13,35,CT,2,5
342740752,205,33,3307,102900020,14112,2012-12-11,8,OZ,1,6.59
342761539,42,43,4302,104300040,4030,2012-05-26,8,OZ,2,4
342761539,42,55,5558,107255474,12547,2012-06-09,15,OZ,1,4.49
342761539,42,51,5125,102580020,16668,2012-08-11,9,OZ,1,2.99
342766311,42,55,5558,102073525,18893,2012-05-28,24,OZ,1,3.19
342766311,42,21,2105,105200050,7054,2012-09-29,32,OZ,10,16.9
342776118,42,8,818,103620030,14868,2013-01-25,45,OZ,1,3.29
342776118,42,29,2928,104100040,9814,2013-04-19,5.3,OZ,1,1.39
342776118,42,36,3635,101657111,17037,2013-06-21,204,OZ,1,17.88
342776950,42,55,5559,107756777,14286,2012-03-30,24,OZ,1,4.99
342776950,42,58,5837,104470040,13310,2012-08-16,2.52,OZ,1,4.99
342776950,42,36,3604,107800070,16023,2012-11-26,67.6,OZ,1,1.89
342804485,42,5,501,103000030,45635,2012-03-08,13,OZ,1,3.19
342804485,42,44,4401,105100050,13791,2012-05-28,19.6,OZ,1,3.49
342804485,42,97,9753,1021007323,0,2012-06-22,1,CT,1,2.25
342804485,42,28,2806,104149747,19710,2012-09-18,24,OZ,1,2.29
342809334,42,51,5125,102580020,16668,2012-04-12,9,OZ,1,2.99
342809334,42,56,5607,104149747,19710,2012-10-25,8,OZ,4,9.16
342809334,42,29,2921,101600010,1756,2012-11-07,5,OZ,1,1.79
342809334,42,35,3506,103700030,3068,2012-11-12,10.2,OZ,2,11.18
342817764,205,36,3604,107800070,2829,2013-02-06,67.6,OZ,1,1.89
342863893,42,34,3411,103700030,13012,2012-11-28,23.6,OZ,1,6.99
342897659,205,19,1908,102900020,14112,2012-09-26,16.3,OZ,1,3.29
342911336,205,58,5827,102730020,5898,2013-04-22,16,OZ,1,4.59
342966611,205,7,709,109955595,25373,2012-04-09,1.3,OZ,1,6.59
342974981,42,99,9909,107127979,6732,2012-04-08,9,OZ,2,5.98
342974981,42,5,501,101600010,18781,2012-07-15,14.8,OZ,1,3.99
342974981,42,5,501,1088491282,14900,2012-09-23,20,OZ,2,6.38
342974981,42,4,419,1087218181,4771,2012-12-23,6.4,OZ,1,4.49
342974981,42,9,907,101410010,13791,2013-02-10,16,OZ,1,3.79
342990813,42,60,6007,101800010,14029,2013-01-08,11,OZ,1,2.69
343000185,205,0,0,10000,0,2012-06-20,0,,1,1.49
343000185,205,9,922,102430020,10577,2012-08-22,13,OZ,1,1.79
343001362,205,56,5611,101182616,27899,2012-04-22,4,OZ,1,4.99
343090803,205,60,6012,101800010,14029,2012-03-09,7.3,OZ,1,1
343090803,205,14,1411,103890030,5072,2012-03-16,8,OZ,1,1.07
343090803,205,9,907,107167373,17480,2012-03-22,24,OZ,1,2.5
343090803,205,26,2628,105400050,16048,2012-03-29,6,RL,1,5
343090803,205,9,907,107294575,15878,2012-04-26,20,OZ,1,3.19
343090803,205,51,5119,102370020,78850,2012-05-01,10,OZ,2,5.94
343090803,205,36,3604,107800070,2829,2012-05-19,33.8,OZ,1,1.69
343090803,205,57,5704,105360050,10074,2012-05-26,32,OZ,1,2
343090803,205,25,2506,104127141,26189,2012-06-24,16,OZ,2,4.66
343090803,205,59,5902,101570010,9542,2012-07-07,16,OZ,2,5
343090803,205,36,3635,107252171,19411,2012-07-22,33.8,OZ,1,0.65
343090803,205,23,2301,102666222,4063,2012-08-10,16,OZ,2,2.39
343090803,205,5,501,101600010,6283,2012-08-12,16.2,OZ,1,4.87
343090803,205,63,6305,101630010,6509,2012-09-10,59,OZ,1,3
343090803,205,57,5705,105360050,10074,2012-09-16,6,OZ,4,2
343090803,205,30,3010,104869242,68017,2012-09-21,16,OZ,1,2.87
343090803,205,41,4108,102880020,7907,2012-10-01,15.5,OZ,2,2
343090803,205,99,9908,1060580666,7655,2012-12-16,4,OZ,1,1.5
343090803,205,21,2112,107045070,17674,2013-01-28,64,OZ,1,4.67
343090803,205,25,2509,104130343,38922,2013-02-09,16,OZ,1,1.17
343090803,205,37,3709,104178949,11224,2013-02-19,3,OZ,1,0.25
343090803,205,9,904,107020070,62488,2013-02-24,5,OZ,1,1.5
343090803,205,41,4121,102700020,8612,2013-03-07,8,OZ,2,1
343090803,205,63,6328,107590070,2073,2013-03-21,24,OZ,1,3.79
343705846,205,63,6319,102073525,18893,2012-03-14,64,OZ,4,5
343705846,205,5,501,101600010,3331,2012-05-04,8.9,OZ,1,2
343705846,205,26,2633,105400050,16048,2012-06-05,8,RL,1,5.47
343705846,205,55,5561,1081529484,10491,2012-06-11,36,OZ,1,2.5
343705846,205,63,6315,107654575,17876,2012-07-05,128,OZ,1,3.33
343705846,205,38,3801,104130343,38922,2012-07-07,4,LB,1,2
343705846,205,99,9904,103338333,33170,2012-07-12,16,OZ,2,4
343705846,205,5,516,101600010,12426,2012-08-04,8.9,OZ,2,5
343705846,205,19,1908,102900020,14112,2012-08-13,16.3,OZ,1,2.5
343705846,205,9,922,102560020,18051,2012-10-01,12,OZ,1,2
343705846,205,21,2119,101200010,10522,2012-10-03,202.8,OZ,1,5.5
343705846,205,9,911,103010030,9530,2012-10-14,5,OZ,1,3.29
343705846,205,26,2607,104130343,38922,2012-11-24,1,CT,1,1.97
343705846,205,45,4509,1073621171,38131,2012-12-18,32,OZ,2,25.94
343705846,205,97,9753,1021010929,0,2013-01-13,1,CT,1,1.47
343705846,205,25,2504,105000050,3001,2013-01-14,12,OZ,2,2
343705846,205,53,5307,101450010,20864,2013-01-17,12,OZ,1,1.5
343705846,205,63,6315,107654575,17876,2013-01-17,32,OZ,1,1.06
343705846,205,63,6315,107654575,17876,2013-01-22,32,OZ,1,0.96
343705846,205,33,3303,107493171,11657,2013-01-25,10,OZ,2,7.98
343705846,205,38,3801,104130343,38922,2013-02-05,4,LB,1,2.27
343705846,205,41,4108,103940030,71386,2013-03-21,15.5,OZ,2,2
343705846,205,30,3001,104800141,8178,2013-03-24,30,OZ,1,3
343705846,205,5,501,103800030,15251,2013-04-18,9,OZ,1,3.37
343705846,205,63,6320,1075103676,60313,2013-05-04,12,CT,1,1.67
343705846,205,58,5812,107175575,9933,2013-05-08,48,OZ,1,6.99
343705846,205,33,3316,102840020,12186,2013-05-11,8,OZ,1,3.29
343705846,205,63,6315,107654575,17876,2013-05-27,64,OZ,1,1.69
343755498,205,21,2106,103120030,12957,2013-02-06,64,OZ,1,3.19
343769888,205,26,2630,103600030,9787,2012-06-22,184,CT,2,3.98
343769888,205,58,5827,104470040,13310,2012-10-19,12,OZ,1,6.49
343778048,205,41,4106,107047575,7217,2012-09-16,4,OZ,2,1.78
343856363,205,26,2634,103600030,4139,2012-05-06,12,RL,2,13.94
343856363,205,56,5615,104130343,38922,2013-02-09,16,OZ,1,3.97
343856363,205,27,2702,101780010,95301,2013-04-24,16.5,LB,1,22.99
343858615,205,96,9609,1057342050,88199,2012-08-24,0,,1,-0.45
343887574,205,56,5616,104610040,15889,2012-04-28,8,OZ,1,4.69
343921593,205,27,2707,101780010,3108,2012-08-08,3.15,LB,1,5.65
343921593,205,58,5812,107495676,8144,2012-10-08,11,OZ,1,5.29
343921593,205,2,202,101600010,1756,2013-04-13,18.3,OZ,1,2.25
343933575,205,23,2310,1081441686,14284,2012-03-07,13,OZ,3,3
343933575,205,9,907,107518575,11221,2012-03-18,18,OZ,1,3.49
343933575,205,21,2105,105200050,7054,2012-03-28,160,OZ,1,5
343933575,205,26,2619,104116343,8435,2012-03-28,10,CT,1,3.47
343933575,205,26,2614,103600030,9878,2012-03-31,14,CT,1,5.43
343933575,205,41,4120,102400020,3988,2012-04-03,6,OZ,4,3
343933575,205,23,2301,103340030,15802,2012-04-04,16,OZ,5,5
343933575,205,30,3001,102100020,9886,2012-05-05,30,OZ,1,2.49
343933575,205,9,901,1066973161,4499,2012-05-31,13,OZ,1,1.67
343933575,205,27,2705,107910070,85,2012-06-03,22,OZ,2,3
343933575,205,58,5823,104470040,13310,2012-06-12,12,OZ,1,1
343933575,205,0,0,10000,0,2012-07-08,0,,5,13.39
343933575,205,55,5557,1070916171,35611,2012-07-24,8,OZ,2,2.78
343933575,205,45,4515,107836676,61354,2012-08-14,24,OZ,1,4.97
343933575,205,9,901,1066973161,4499,2012-08-28,13,OZ,2,3.34
343933575,205,9,908,104508444,9076,2012-10-01,17,OZ,1,4.99
343933575,205,36,3631,1072922878,23352,2012-10-12,72,OZ,1,2.17
343933575,205,33,3305,102840020,5141,2012-10-24,2.13,OZ,1,1.09
343933575,205,35,3504,103700030,4628,2012-11-03,9,OZ,2,2.34
343933575,205,27,2707,107119070,4502,2012-11-12,16,LB,2,15.94
343933575,205,63,6315,107654575,17876,2012-11-15,16,OZ,1,0.6
343933575,205,37,3703,105100050,2820,2012-11-19,10.75,OZ,1,1.25
343933575,205,32,3202,105150050,4307,2012-11-19,48,OZ,1,3.97
343933575,205,36,3629,101200010,23360,2012-11-20,144,OZ,1,3.25
343933575,205,5,501,101862717,9496,2012-12-04,16.3,OZ,1,3
343933575,205,23,2301,102920020,12168,2012-12-07,16,OZ,2,2
343933575,205,9,907,107167373,17614,2012-12-22,22,OZ,1,2.29
343933575,205,29,2920,102970020,8711,2013-01-15,2,OZ,1,0.57
343933575,205,23,2301,107020070,623,2013-02-08,12,OZ,2,3
343933575,205,9,901,104510040,19441,2013-03-12,12,OZ,1,1
343933575,205,0,0,10000,0,2013-03-24,0,,4,3.99
343947571,205,63,6316,102100020,2321,2012-12-10,16,OZ,1,3.09
343977286,205,36,3618,104900040,23359,2012-10-18,60,OZ,1,4.5
343977286,205,9,907,107518575,11221,2013-01-24,15,OZ,1,3.49
343994968,205,58,5827,107080070,16704,2012-07-09,16,OZ,1,5.25
344014766,205,28,2806,105410050,19509,2012-11-05,24,OZ,2,4.97
344014766,205,26,2613,103700030,10861,2013-01-22,42,CT,1,7.27
344014766,205,29,2914,102100020,9886,2013-03-17,8.2,OZ,1,3.83
344048012,205,9,901,104400040,12600,2012-10-08,25.2,OZ,1,6.99
344048012,205,58,5835,107590070,2073,2012-10-28,16,OZ,1,4.35
346783282,369,73,7359,103160434,12423,2012-03-26,60,CT,1,10.75
346783282,369,63,6320,1071514171,25530,2012-07-05,12,CT,1,3.57
346783282,369,5,501,1088491282,86364,2012-11-08,16,OZ,1,3.65
346783282,369,13,1306,107025373,13343,2012-11-15,5,LB,1,1.79
347133487,233,56,5610,104130343,38922,2013-02-21,8,OZ,1,2.49
347193513,230,63,6323,107030070,11981,2012-09-17,128,OZ,0,0
347270508,233,57,5710,103663232,4568,2013-02-21,5.3,OZ,4,4
347277090,233,99,9904,103338333,33170,2012-07-07,64,OZ,1,4.49
347277090,233,72,7203,103700030,4294,2012-08-24,33.8,OZ,1,5.65
347277090,233,35,3508,103700030,3330,2013-05-23,50,OZ,1,6.49
347335203,233,5,501,104113040,6449,2012-08-11,20,OZ,2,3
347449701,233,99,9908,103338333,33170,2012-04-06,16,OZ,2,2.49
347449701,233,97,9753,1022111121,0,2012-06-15,1,CT,1,2.8
347450574,233,5,501,103800030,17050,2012-10-30,12.5,OZ,1,3.49
347496081,233,28,2803,104130343,38922,2013-03-03,10,OZ,1,0.99
347529641,233,63,6315,104127040,8723,2012-12-07,64,OZ,1,2.29
347555518,233,33,3304,102840020,6777,2012-08-23,10.5,OZ,3,8.97
347555518,233,33,3302,102389626,14268,2013-02-15,9,OZ,1,2.59
347580535,233,33,3312,102840020,10241,2012-03-02,5.5,OZ,1,1.69
347580535,233,97,9753,1024000222,0,2012-03-02,1,CT,4,7.96
347580535,233,33,3303,107469070,13022,2012-03-03,10,OZ,1,3.99
347580535,233,34,3404,104116343,5845,2012-03-03,32,OZ,1,2.69
347580535,233,16,1604,102200020,20100,2012-03-04,15,CT,2,2.78
347580535,233,41,4110,103940030,71386,2012-03-05,28,OZ,2,4.5
347580535,233,4,410,104131141,2268,2012-03-05,1.6,OZ,10,7.9
347580535,233,41,4120,104113040,4191,2012-03-05,6,OZ,7,4.62
347580535,233,9,907,107341070,13291,2012-03-05,12,OZ,1,3.99
347580535,233,36,3630,102843525,70520,2012-03-08,67.6,OZ,3,2.97
347580535,233,91,9115,108048080,1230,2012-03-09,1,LT,2,30.78
347580535,233,64,6401,103410030,11704,2012-03-10,144,OZ,2,16.78
347580535,233,33,3317,104610040,15889,2012-03-11,5,OZ,2,4.1
347580535,233,58,5812,107930373,32414,2012-03-12,16,OZ,1,3.99
347580535,233,79,7903,109256797,13776,2012-03-13,1,CT,1,3.99
347580535,233,6,603,102800020,12545,2012-03-15,21.8,OZ,1,4.97
347580535,233,56,5611,107015373,15468,2012-03-15,8,OZ,2,11.28
347580535,233,3,304,104113040,6449,2012-03-16,1,OZ,1,3.97
347580535,233,28,2805,104113040,6449,2012-03-18,2.25,OZ,3,3.57
347580535,233,97,9753,1024001525,0,2012-03-18,1,CT,2,3.78
347580535,233,97,9748,107033070,1783,2012-03-19,1,CT,2,5.46
347580535,233,56,5614,107592575,4368,2012-03-20,10,OZ,1,3.69
347580535,233,97,9753,1024005222,0,2012-03-22,1,CT,2,4.58
347580535,233,36,3611,101200010,803,2012-03-22,20,OZ,1,1.59
347580535,233,33,3302,104113040,6449,2012-03-23,32,OZ,5,9.95
347580535,233,55,5558,104767747,16765,2012-03-24,22.2,OZ,1,5.19
347580535,233,51,5115,103913131,1687,2012-03-25,17,OZ,1,3
347580535,233,3,303,105210050,2732,2012-03-25,0.67,OZ,1,2.13
347580535,233,8,815,103900030,13296,2012-03-25,16,OZ,1,2.97
347580535,233,56,5617,107592575,4368,2012-03-28,12,OZ,2,4.98
347580535,233,18,1890,105209252,43069,2012-03-28,3,CT,3,6.25
347580535,233,41,4107,103430030,6667,2012-03-29,32,OZ,1,2.53
347580535,233,55,5558,107255474,35506,2012-03-30,36.8,OZ,1,6.89
347580535,233,9,917,102733121,9966,2012-03-30,27.5,OZ,5,9.65
347580535,233,22,2211,103700030,2246,2012-03-30,70,CT,1,4.49
347580535,233,36,3618,101200010,23361,2012-03-31,288,OZ,5,29.95
347580535,233,25,2509,104190040,4664,2012-03-31,16,OZ,1,1.29
347580535,233,51,5116,107465373,9039,2012-03-31,30.5,OZ,1,4
347580535,233,33,3321,107332171,17710,2012-04-01,13,OZ,1,3.05
347580535,233,99,9908,1071651979,11085,2012-04-02,12,OZ,1,2.99
347580535,233,20,2002,105100050,27873,2012-04-02,33,OZ,2,7.34
347580535,233,21,2108,102800020,56490,2012-04-04,64,OZ,1,4.09
347580535,233,0,0,10000,0,2012-04-04,0,,20,113.1
347580535,233,36,3634,1073951070,16807,2012-04-04,20,OZ,10,10.49
347580535,233,97,9753,1024000222,0,2012-04-05,1,CT,1,1.99
347580535,233,9,908,107010979,25229,2012-04-05,6,OZ,1,1.99
347580535,233,4,418,103400030,8247,2012-04-06,11,OZ,4,12
347580535,233,55,5567,107064070,2014,2012-04-06,45,OZ,1,5.55
347580535,233,12,1205,108000080,17292,2012-04-06,12,OZ,1,3.16
347580535,233,9,914,104113040,28173,2012-04-08,14,OZ,11,10.89
347580535,233,63,6323,107030070,11981,2012-04-08,128,OZ,11,39.05
347580535,233,97,9753,10000,0,2012-04-08,1,CT,7,7.68
347580535,233,64,6401,107199070,9606,2012-04-10,96,OZ,1,3.59
347580535,233,21,2119,1066547969,26418,2012-04-11,14,OZ,2,7.38
347580535,233,63,6323,104190040,4664,2012-04-12,32,OZ,1,1.3
347580535,233,51,5121,104369545,8522,2012-04-13,8.5,OZ,1,2.5
347580535,233,26,2604,101090010,15232,2012-04-13,36,CT,1,0.89
347580535,233,9,907,104113040,4191,2012-04-13,16,OZ,1,1.04
347580535,233,63,6312,105020050,52045,2012-04-14,64,OZ,5,8.05
347580535,233,8,830,104123444,7391,2012-04-14,10,OZ,2,5.38
347580535,233,45,4509,101960010,19214,2012-04-14,7.2,OZ,1,5.73
347580535,233,30,3001,102100020,11761,2012-04-14,30,OZ,1,5.06
347580535,233,25,2509,103450030,10165,2012-04-14,32,OZ,1,2.99
347580535,233,51,5115,104158141,15451,2012-04-15,14.1,OZ,2,5
347580535,233,81,8101,101230010,15736,2012-04-15,1,CT,3,22.2
347580535,233,41,4110,103940030,71386,2012-04-16,21,OZ,1,2
347580535,233,3,302,102800020,30272,2012-04-18,10,OZ,1,3.09
347580535,233,54,5401,103800030,5618,2012-04-18,12.6,OZ,1,2.99
347580535,233,41,4108,103940030,71386,2012-04-19,16,OZ,2,2.38
347580535,233,12,1203,1087694181,13478,2012-04-19,4.3,OZ,1,1
347580535,233,6,610,107084777,11910,2012-04-20,16,OZ,1,1.99
347580535,233,91,9132,1068142565,20119,2012-04-20,0.75,LT,1,20.99
347580535,233,33,3316,101600010,2539,2012-04-21,6,OZ,1,2.99
347580535,233,9,958,102960626,68298,2012-04-23,3.5,OZ,1,2.69
347580535,233,99,9904,103338333,33170,2012-04-23,6,OZ,1,2.99
347580535,233,63,6314,103450030,10165,2012-04-23,16,OZ,1,1.94
347580535,233,59,5907,101111515,8760,2012-04-24,45,OZ,1,2.5
347580535,233,36,3632,104171040,4354,2012-04-27,144,OZ,2,7.99
347580535,233,44,4404,107105272,3829,2012-04-27,8,OZ,3,3
347580535,233,28,2805,105380050,10487,2012-04-27,3.8,OZ,1,1.99
347580535,233,91,9122,107480676,4518,2012-04-28,10,OZ,7,13.93
347580535,233,81,8115,104116343,8435,2012-04-28,1,CT,1,2.67
347580535,233,91,9127,108970888,11887,2012-04-29,1.75,LT,1,20.99
347580535,233,74,7407,104740040,7196,2012-04-29,12,CT,1,8.67
347580535,233,97,9753,1024005424,0,2012-04-29,1,CT,1,2.09
347580535,233,19,1908,104800141,16564,2012-04-29,28,OZ,1,5.24
347580535,233,98,9803,104116343,5845,2012-04-30,2,OZ,1,5.47
347580535,233,2,214,103000030,1058,2012-05-01,32,OZ,2,5.38
347580535,233,51,5116,107192171,25673,2012-05-02,30.7,OZ,1,7.99
347580535,233,26,2609,104113040,28204,2012-05-05,100,CT,2,5.58
347580535,233,50,5001,102113121,11151,2012-05-05,16.5,OZ,2,5
347580535,233,9,902,104400040,15335,2012-05-06,15.1,OZ,6,23.94
347580535,233,97,9709,102622929,12736,2012-05-06,1,CT,1,0.79
347580535,233,55,5567,104148343,9547,2012-05-06,42,OZ,1,3.5
347580535,233,8,803,104113040,6449,2012-05-06,12,OZ,1,0.99
347580535,233,49,4901,104113040,6449,2012-05-07,80,OZ,5,28.1
347580535,233,27,2710,107023070,18373,2012-05-08,20,LB,1,8.73
347580535,233,9,920,102840020,12186,2012-05-10,11.04,OZ,1,2.29
347580535,233,4,411,101900010,10421,2012-05-11,7,OZ,1,1.95
347580535,233,58,5827,104320040,26998,2012-05-11,16,OZ,2,8.98
347580535,233,47,4701,107535575,13044,2012-05-12,12,OZ,2,4.1
347580535,233,58,5824,107778272,9260,2012-05-13,19,OZ,4,22.36
347580535,233,33,3318,107797575,27417,2012-05-13,10,OZ,1,2.59
347580535,233,51,5119,107106878,17311,2012-05-13,10.56,OZ,2,6.94
347580535,233,12,1206,104800040,38150,2012-05-14,5,OZ,2,3.98
347580535,233,26,2606,104116343,8435,2012-05-14,40,CT,1,1.63
347580535,233,28,2804,104600040,13023,2012-05-14,4.5,OZ,1,1.63
347580535,233,9,907,107870070,11257,2012-05-14,16,OZ,3,10.17
347580535,233,44,4404,107105272,3829,2012-05-14,14,OZ,2,4
347580535,233,41,4105,102700020,8612,2012-05-16,14.5,OZ,1,1.79
347580535,233,51,5126,101380010,27474,2012-05-16,15.5,OZ,1,3.77
347580535,233,55,5559,104148343,9547,2012-05-17,21,OZ,2,4.76
347580535,233,79,7903,107143575,18912,2012-05-18,1,CT,1,3.99
347580535,233,33,3316,102840020,12186,2012-05-18,8,OZ,1,2.89
347580535,233,51,5129,101450010,20864,2012-05-19,21,OZ,1,3.99
347580535,233,33,3308,102840020,3387,2012-05-20,3.5,OZ,3,6
347580535,233,8,830,107142979,20299,2012-05-20,10,OZ,1,1.59
347580535,233,36,3628,101200010,12029,2012-05-22,144,OZ,3,8.25
347580535,233,55,5552,104113040,84481,2012-05-24,48,OZ,2,7.98
347580535,233,33,3303,102840020,15598,2012-05-24,2.88,OZ,1,1.49
347580535,233,10,1011,104300040,26232,2012-05-25,19.5,OZ,1,3.65
347580535,233,58,5828,103100030,1358,2012-05-25,6.4,OZ,6,12.3
347580535,233,1,106,101500010,29555,2012-05-25,4.23,OZ,1,1.67
347580535,233,33,3303,102840020,15598,2012-05-26,13.5,OZ,2,8.48
347580535,233,21,2119,101200010,10522,2012-05-26,128,OZ,6,21.54
347580535,233,9,908,104500040,8511,2012-05-26,10.5,OZ,2,4.18
347580535,233,31,3101,107096979,17090,2012-05-26,4.5,OZ,1,1.99
347580535,233,1,106,101500010,7142,2012-05-27,2.5,OZ,4,4.52
347580535,233,36,3627,107800070,23362,2012-05-27,144,OZ,1,5.69
347580535,233,51,5124,107960676,18410,2012-05-27,24,OZ,2,5.98
347580535,233,73,7315,104116343,5845,2012-05-27,0.5,OZ,1,5.63
347580535,233,26,2609,101370010,8154,2012-05-28,24,CT,1,2.5
347580535,233,56,5609,104190040,4664,2012-05-28,24,OZ,3,9.27
347580535,233,33,3304,1061415666,19049,2012-05-29,9,OZ,1,1.29
347580535,233,71,7113,1030815131,1079,2012-05-30,13.5,OZ,2,7.98
347580535,233,78,7802,107001171,12696,2012-05-31,1,CT,3,3
347580535,233,34,3406,103700030,8993,2012-06-02,9.3,OZ,2,2.9
347580535,233,29,2908,107152474,10039,2012-06-02,16,OZ,3,4.29
347580535,233,41,4108,104113040,6449,2012-06-03,15,OZ,1,0.89
347580535,233,26,2632,104116343,1444,2012-06-03,98,CT,1,2.29
347580535,233,99,9902,108569686,11978,2012-06-04,12.3,OZ,1,2.09
347580535,233,51,5121,104369545,8522,2012-06-05,7.5,OZ,2,5
347580535,233,26,2615,103600030,9878,2012-06-07,36,CT,1,5.99
347580535,233,1,104,101500010,7142,2012-06-07,32,OZ,2,4.94
347580535,233,36,3628,101200010,12029,2012-06-09,67.6,OZ,1,1.33
347580535,233,63,6313,103450030,10165,2012-06-09,16,OZ,2,3.38
347580535,233,3,310,103495232,5626,2012-06-09,8,OZ,1,2.39
347580535,233,32,3204,105150050,4307,2012-06-09,16.9,OZ,2,11.68
347580535,233,37,3708,107192373,33746,2012-06-09,1.38,OZ,3,1.47
347580535,233,60,6011,101800010,14029,2012-06-10,16.3,OZ,1,2.19
347580535,233,57,5705,103663232,4568,2012-06-11,6,OZ,3,2.16
347580535,233,71,7114,102240020,25033,2012-06-12,9,OZ,2,4.46
347580535,233,58,5837,104222242,26234,2012-06-13,12,OZ,2,4.78
347580535,233,4,416,103400030,8247,2012-06-14,1.45,OZ,1,0.99
347580535,233,51,5116,104113040,21174,2012-06-14,30.3,OZ,1,5
347580535,233,14,1404,104176040,8792,2012-06-15,24,OZ,1,1.63
347580535,233,56,5611,107592575,4368,2012-06-16,8,OZ,1,3.09
347580535,233,73,7302,1030004535,12020,2012-06-16,20,CT,1,4.63
347580535,233,26,2630,106343565,16050,2012-06-16,75,CT,1,1.39
347580535,233,5,501,104240040,40317,2012-06-17,22,OZ,1,3.19
347580535,233,9,902,104400040,19783,2012-06-18,16,OZ,1,4.19
347580535,233,56,5617,102100020,9886,2012-06-18,12,OZ,1,4.79
347580535,233,33,3305,102840020,18584,2012-06-18,13,OZ,1,3.99
347580535,233,63,6316,104113040,6449,2012-06-19,16,OZ,3,4.89
347580535,233,36,3601,104113040,17690,2012-06-20,144,OZ,2,6
347580535,233,5,504,1072225272,3695,2012-06-20,2.4,OZ,2,4.18
347580535,233,44,4407,107285878,62911,2012-06-21,11.5,OZ,1,1.19
347580535,233,73,7302,1030057333,250,2012-06-22,24,CT,1,4.29
347580535,233,56,5604,102716424,61925,2012-06-22,12,OZ,2,8.58
347580535,233,57,5706,103663232,4568,2012-06-22,32,OZ,1,3.13
347580535,233,26,2632,104116343,1193,2012-06-23,72,CT,1,3.33
347580535,233,9,912,107592575,4368,2012-06-23,14.25,OZ,9,15.21
347580535,233,64,6401,102210020,13410,2012-06-23,360,OZ,2,32.58
347580535,233,21,2111,102800020,56490,2012-06-23,64,OZ,1,4.09
347580535,233,33,3305,107794878,2753,2012-06-24,12,OZ,1,1.99
347580535,233,92,9202,104116343,5845,2012-06-24,1,CT,1,0.45
347580535,233,8,801,102700020,8612,2012-06-25,24,OZ,2,3.58
347580535,233,44,4404,107045979,12587,2012-06-26,13.5,OZ,1,3.49
347580535,233,36,3626,104900040,17186,2012-06-26,144,OZ,2,5
347580535,233,27,2707,105000050,6775,2012-06-29,17.6,LB,1,12.99
347580535,233,37,3703,105100050,2820,2012-06-29,10.5,OZ,1,1.83
347580535,233,64,6401,107199070,9606,2012-06-30,360,OZ,1,14.39
347580535,233,91,9127,108218484,9031,2012-06-30,0.75,LT,4,70.86
347580535,233,21,2114,101660010,15505,2012-07-01,33.8,OZ,1,5.49
347580535,233,57,5704,103663232,4568,2012-07-02,24,OZ,2,4.96
347580535,233,4,427,10980090,18366,2012-07-02,1,OZ,2,2.38
347580535,233,31,3111,104150040,6714,2012-07-02,2.8,OZ,1,2.35
347580535,233,73,7311,1030006535,375,2012-07-02,10,OZ,1,10.89
347580535,233,47,4705,107535575,13044,2012-07-02,12,OZ,12,20.89
347580535,233,35,3513,103700030,5265,2012-07-03,50,OZ,1,10.03
347580535,233,75,7504,107965676,1346,2012-07-03,6,OZ,1,9.06
347580535,233,2,201,107334777,23720,2012-07-04,8,OZ,1,3.39
347580535,233,73,7316,104116343,5845,2012-07-05,4,OZ,1,3.13
347580535,233,51,5115,107192171,25673,2012-07-06,9.5,OZ,2,6
347580535,233,8,805,104130343,38922,2012-07-06,10,OZ,1,3.19
347580535,233,17,1726,101920010,10882,2012-07-06,35,CT,2,5
347580535,233,58,5814,104470040,10837,2012-07-06,3.4,OZ,1,2.15
347580535,233,55,5561,102065222,3161,2012-07-06,32,OZ,1,2.5
347580535,233,9,970,103800030,62065,2012-07-07,14.1,OZ,2,4.88
347580535,233,8,803,104130343,38922,2012-07-07,8,OZ,1,0.89
347580535,233,33,3302,102700020,57417,2012-07-07,11.64,OZ,1,4.49
347580535,233,44,4407,107285878,62911,2012-07-08,11.5,OZ,1,1.19
347580535,233,8,801,101300010,8164,2012-07-08,36,OZ,2,3
347580535,233,58,5827,103760030,8501,2012-07-08,32,OZ,1,10.59
347580535,233,1,105,1030008737,5794,2012-07-08,12.4,OZ,1,17.37
347580535,233,3,310,103495232,5626,2012-07-09,14,OZ,1,7.49
347580535,233,58,5823,105190050,26456,2012-07-10,10,OZ,2,11.14
347580535,233,37,3703,104113040,6449,2012-07-10,26,OZ,2,4.3
347580535,233,73,7307,104116343,5845,2012-07-12,100,CT,1,10.13
347580535,233,5,501,104130343,38922,2012-07-12,14,OZ,1,2.5
347580535,233,56,5616,104610040,15889,2012-07-13,7.5,OZ,4,14
347580535,233,36,3604,104113040,17690,2012-07-13,144,OZ,1,3
347580535,233,35,3504,104815545,14363,2012-07-13,25,OZ,1,1
347580535,233,9,920,104400040,15335,2012-07-15,9.5,OZ,2,7.58
347580535,233,6,610,107084777,11910,2012-07-15,24,OZ,2,4.58
347580535,233,58,5824,107778272,9260,2012-07-16,45.6,OZ,3,32.97
347580535,233,29,2928,105480050,19039,2012-07-17,6.2,OZ,3,4.98
347580535,233,26,2634,103700030,3293,2012-07-18,4,RL,1,3.27
347580535,233,21,2117,104300040,26420,2012-07-19,60,OZ,2,5
347580535,233,36,3618,101200010,23361,2012-07-20,48,OZ,1,2.99
347580535,233,51,5117,107465373,9039,2012-07-20,18.3,OZ,2,6
347580535,233,55,5567,107064070,19704,2012-07-21,21,OZ,1,5.93
347580535,233,91,9120,108200080,9301,2012-07-22,1,LT,2,41.58
347580535,233,14,1416,104130343,38922,2012-07-22,29,OZ,1,1.79
347580535,233,45,4509,107567171,33170,2012-07-22,16,OZ,1,10.39
347580535,233,18,1898,104133343,5379,2012-07-23,4,CT,1,4.55
347580535,233,75,7520,104116343,5845,2012-07-23,375,CT,1,2.35
347580535,233,41,4121,102700020,8612,2012-07-23,8,OZ,2,1.46
347580535,233,58,5823,104470040,13310,2012-07-23,8,OZ,3,11.11
347580535,233,8,801,102700020,8612,2012-07-23,28,OZ,1,2.45
347580535,233,38,3801,107009070,74034,2012-07-24,4,LB,1,3.35
347580535,233,79,7903,107148676,17274,2012-07-25,1,CT,1,3.99
347580535,233,63,6305,102500020,11749,2012-07-25,59,OZ,2,6.58
347580535,233,58,5823,107187171,13310,2012-07-26,16,OZ,1,2.49
347580535,233,33,3307,103495232,5626,2012-07-26,32,OZ,1,3.69
347580535,233,35,3506,1073291373,23643,2012-07-26,45,OZ,1,4.59
347580535,233,51,5117,1061858666,76402,2012-07-26,16.3,OZ,2,5.5
347580535,233,22,2205,104116343,8435,2012-07-27,40,LB,5,29.85
347580535,233,73,7307,104116343,5845,2012-07-27,4,OZ,1,2.95
347580535,233,56,5616,104610040,15889,2012-07-27,8,OZ,2,7
347580535,233,79,7901,107447070,27352,2012-07-28,1,CT,1,4.99
347580535,233,36,3601,104900040,3809,2012-07-28,67.6,OZ,5,6.79
347580535,233,60,6011,101800010,14029,2012-07-28,10.2,OZ,2,2.5
347580535,233,5,516,104000040,9925,2012-07-29,8.3,OZ,1,2.83
347580535,233,5,501,101600010,3396,2012-07-29,13.8,OZ,1,3.17
347580535,233,73,7361,1030004535,5248,2012-07-29,12,CT,1,4.37
347580535,233,56,5614,107636070,1290,2012-07-30,16,OZ,3,11.97
347580535,233,58,5815,103760030,8501,2012-07-31,5,OZ,1,3.79
347580535,233,79,7901,1072527474,45338,2012-08-01,1,CT,2,5.98
347580535,233,35,3508,103700030,18371,2012-08-01,100,OZ,2,32.1
347580535,233,41,4105,107090070,4697,2012-08-02,14.5,OZ,1,1.33
347580535,233,17,1703,104130343,38922,2012-08-03,64,OZ,2,4.38
347580535,233,33,3310,102840020,6911,2012-08-03,6.5,OZ,2,6.98
347580535,233,55,5556,104154848,5603,2012-08-03,48,OZ,1,6.49
347580535,233,64,6401,107199070,9606,2012-08-04,360,OZ,1,14.39
347580535,233,64,6410,1061300868,867,2012-08-05,32,OZ,1,2.79
347580535,233,26,2609,101370010,8154,2012-08-05,20,CT,1,2.67
347580535,233,79,7901,10912898,45190,2012-08-06,1,CT,1,3.5
347580535,233,5,516,101600010,6283,2012-08-09,4.1,OZ,1,3.69
347580535,233,18,1835,104460040,9709,2012-08-09,16.6,LB,3,31.41
347580535,233,9,908,102430020,10577,2012-08-10,10,OZ,1,1.99
347580535,233,9,907,107294575,15878,2012-08-10,12,OZ,2,7.18
347580535,233,81,8101,101230010,2803,2012-08-10,1,CT,4,29.8
347580535,233,47,4701,104113040,6449,2012-08-10,12,OZ,4,7.8
347580535,233,9,907,107605777,19395,2012-08-11,24,OZ,3,10.47
347580535,233,36,3604,107800070,2829,2012-08-11,144,OZ,1,3.66
347580535,233,18,1837,1072100373,33170,2012-08-11,2,CT,3,3
347580535,233,47,4701,107535575,13044,2012-08-12,12,OZ,1,1.77
347580535,233,37,3708,107423575,20113,2012-08-12,6.21,OZ,2,3.18
347580535,233,36,3636,104300040,4371,2012-08-14,169,OZ,3,7.5
347580535,233,56,5616,104113040,6449,2012-08-14,8,OZ,1,3.13
347580535,233,56,5615,104113040,6449,2012-08-14,8,OZ,4,8
347580535,233,55,5558,107255474,35506,2012-08-16,18.1,OZ,1,3.29
347580535,233,7,708,101066818,2807,2012-08-16,12,OZ,1,6.99
347580535,233,72,7208,103500030,3830,2012-08-17,1,CT,1,3.84
347580535,233,51,5115,107192171,18492,2012-08-17,26.9,OZ,1,5.99
347580535,233,5,502,103485636,19713,2012-08-17,9,OZ,6,15
347580535,233,63,6323,103450030,10165,2012-08-19,8,OZ,1,0.42
347580535,233,56,5620,107592575,4368,2012-08-21,8,OZ,14,33.94
347580535,233,79,7901,107482070,4126,2012-08-21,1,CT,3,11.97
347580535,233,56,5607,104130343,38922,2012-08-21,8,OZ,1,1.75
347580535,233,9,901,103420030,15315,2012-08-22,11,OZ,1,3.69
347580535,233,18,1828,104650040,7249,2012-08-22,6,OZ,1,1.19
347580535,233,26,2634,104200040,14813,2012-08-23,6,RL,1,4.99
347580535,233,58,5836,107778272,9260,2012-08-24,12,OZ,8,29.52
347580535,233,6,610,1071941070,24978,2012-08-25,1.93,OZ,2,4.66
347580535,233,2,201,101600010,1756,2012-08-27,15.25,OZ,1,2.09
347580535,233,57,5703,103663232,4568,2012-08-29,6,OZ,1,0.75
347580535,233,56,5610,107592575,4368,2012-08-29,6,OZ,2,4
347580535,233,9,907,107294575,15878,2012-08-30,12,OZ,1,3.69
347580535,233,9,902,104400040,15335,2012-08-30,15.1,OZ,2,5
347580535,233,37,3708,104800141,9814,2012-08-30,1.4,OZ,2,4.78
347580535,233,28,2805,1072914878,6646,2012-08-31,6,OZ,2,3.62
347580535,233,16,1604,102200020,5558,2012-08-31,18,CT,4,4.76
347580535,233,33,3314,103000030,14760,2012-08-31,6.56,OZ,2,4.86
347580535,233,27,2704,104116343,28305,2012-09-01,10,CT,1,6.13
347580535,233,34,3410,107418272,16853,2012-09-01,7.5,OZ,6,13.62
347580535,233,99,9908,103338333,33170,2012-09-01,32,OZ,2,5.78
347580535,233,12,1205,108000080,17292,2012-09-02,5,OZ,7,6.93
347580535,233,5,502,103485636,19713,2012-09-02,9,OZ,1,2.5
347580535,233,8,815,104600040,13023,2012-09-04,8,OZ,1,1.79
347580535,233,56,5615,109194595,5401,2012-09-05,8,OZ,1,1.99
347580535,233,33,3305,102840020,5141,2012-09-05,10.5,OZ,2,7
347580535,233,36,3626,104900040,17186,2012-09-06,20,OZ,1,1.59
347580535,233,79,7901,107447070,47655,2012-09-07,1,CT,2,5
347580535,233,9,921,104500040,8511,2012-09-07,3.15,OZ,2,2
347580535,233,56,5615,107592575,4368,2012-09-07,8,OZ,3,6
347580535,233,2,202,101600010,1756,2012-09-09,18.3,OZ,2,4.66
347580535,233,31,3101,107967979,17087,2012-09-11,1.5,OZ,1,1
347580535,233,33,3319,102840020,18584,2012-09-11,9,OZ,1,3.99
347580535,233,36,3618,101200010,23361,2012-09-11,67.6,OZ,2,3.58
347580535,233,18,1850,102120020,16044,2012-09-11,1,CT,1,2.75
347580535,233,5,516,102430020,17616,2012-09-13,15.85,OZ,1,3.99
347580535,233,81,8102,104210040,9824,2012-09-14,1.2,OZ,1,6.95
347580535,233,51,5131,104227242,648,2012-09-14,6,OZ,2,6.38
347580535,233,97,9753,1024000222,0,2012-09-14,1,CT,4,7.96
347580535,233,44,4404,101800010,14029,2012-09-15,41.6,OZ,4,17.96
347580535,233,36,3614,101660010,15505,2012-09-15,33.8,OZ,1,3.99
347580535,233,70,7002,1030813737,25162,2012-09-17,39,CT,1,3.39
347580535,233,32,3204,105150050,4307,2012-09-18,16.9,OZ,1,5
347580535,233,18,1802,104613545,17898,2012-09-19,2,CT,1,3.73
347580535,233,69,6901,107940070,1141,2012-09-20,2.7,OZ,1,4.63
347580535,233,9,903,104130343,38922,2012-09-20,15,OZ,1,1.89
347580535,233,37,3703,105100050,2820,2012-09-20,26,OZ,7,17.85
347580535,233,63,6321,102540020,1008,2012-09-21,7,OZ,2,5.98
347580535,233,41,4108,103940030,71386,2012-09-21,15,OZ,3,2.97
347580535,233,7,708,1076211171,17286,2012-09-21,12,OZ,1,9.99
347580535,233,5,516,101600010,12426,2012-09-21,7.4,OZ,1,3.53
347580535,233,56,5610,104130343,38922,2012-09-21,8,OZ,4,10
347580535,233,9,917,104113040,2982,2012-09-22,19.2,OZ,4,5
347580535,233,9,901,1070897171,10653,2012-09-22,10.5,OZ,1,3.29
347580535,233,9,911,104113040,15294,2012-09-23,1.75,OZ,1,1.13
347580535,233,56,5620,104610040,15889,2012-09-24,16,OZ,7,21
347580535,233,33,3303,102840020,10241,2012-09-24,8,OZ,2,6.38
347580535,233,14,1404,103732333,12209,2012-09-26,24,OZ,3,8.04
347580535,233,36,3611,104900040,4599,2012-09-26,20,OZ,2,3.38
347580535,233,9,908,102430020,10577,2012-09-26,8.46,OZ,1,1.79
347580535,233,91,9127,108218484,77680,2012-09-27,0.75,LT,1,28.39
347580535,233,9,902,104400040,19783,2012-09-29,8.1,OZ,1,3.49
347580535,233,9,901,1063977565,11782,2012-09-29,6.5,OZ,1,3.99
347580535,233,30,3010,107020070,11244,2012-09-30,12,OZ,1,4.49
347580535,233,9,912,107592575,4368,2012-09-30,14.25,OZ,6,9.72
347580535,233,21,2119,101200010,10522,2012-10-02,33.8,OZ,1,0.99
347580535,233,45,4514,104113040,6165,2012-10-03,48,OZ,1,7.99
347580535,233,26,2609,104116545,16879,2012-10-03,15,CT,2,7.18
347580535,233,9,902,104400040,15335,2012-10-04,8.1,OZ,1,3.49
347580535,233,23,2301,101510010,4255,2012-10-05,12,OZ,1,1.61
347580535,233,60,6001,105000050,30272,2012-10-05,18,OZ,1,3
347580535,233,5,501,104130343,38922,2012-10-06,12.25,OZ,1,2.5
347580535,233,51,5123,107660171,29896,2012-10-06,28.75,OZ,1,4.69
347580535,233,33,3305,102840020,5141,2012-10-06,11.5,OZ,9,35.91
347580535,233,71,7113,107940070,17521,2012-10-07,22.5,OZ,2,3.38
347580535,233,25,2506,105000050,32115,2012-10-09,64,OZ,1,6.73
347580535,233,21,2119,1061300868,867,2012-10-10,128,OZ,4,13.56
347580535,233,6,610,107084777,11910,2012-10-10,24,OZ,3,6.87
347580535,233,63,6320,104113040,6449,2012-10-10,12,CT,13,17.99
347580535,233,99,9908,103338333,33170,2012-10-10,80,OZ,5,9.95
347580535,233,91,9110,108711686,42400,2012-10-11,0.75,LT,1,7.99
347580535,233,5,501,1088491282,13689,2012-10-11,20.5,OZ,5,15
347580535,233,2,202,1064420969,5345,2012-10-11,18.3,OZ,1,2.33
347580535,233,58,5812,107930373,32414,2012-10-12,16,OZ,2,10.98
347580535,233,2,213,101600010,1756,2012-10-13,18.25,OZ,1,2.5
347580535,233,65,6501,107891373,66738,2012-10-13,6,OZ,1,1.97
347580535,233,5,501,103800030,11732,2012-10-14,15,OZ,1,4.04
347580535,233,26,2609,104200040,5016,2012-10-16,24,CT,2,5
347580535,233,36,3618,104900040,23359,2012-10-17,240,OZ,3,17.37
347580535,233,51,5115,107192171,25673,2012-10-18,34.2,OZ,1,6.99
347580535,233,51,5115,107192171,18492,2012-10-19,22.85,OZ,1,5.5
347580535,233,64,6408,101834111,1387,2012-10-19,1.5,LT,4,39.56
347580535,233,91,9127,108218484,9031,2012-10-20,0.75,LT,1,20.99
347580535,233,99,9908,103338333,33170,2012-10-20,16,OZ,16,24.74
347580535,233,51,5125,107265575,8089,2012-10-21,8.6,OZ,3,6
347580535,233,49,4901,101312010,26885,2012-10-21,30,OZ,1,3
347580535,233,29,2902,103760030,8501,2012-10-21,15,OZ,2,4.52
347580535,233,73,7302,1031284333,1500,2012-10-22,32,CT,1,2.79
347580535,233,5,501,103800030,6796,2012-10-22,10.5,OZ,1,4.19
347580535,233,9,907,104500040,20016,2012-10-24,12,OZ,1,2.99
347580535,233,54,5402,1068615161,9916,2012-10-24,19,OZ,1,2.5
347580535,233,4,422,104113040,6449,2012-10-25,9,OZ,2,3
347580535,233,99,9909,107143070,5072,2012-10-25,9,OZ,1,1.99
347580535,233,7,708,1074677474,29659,2012-10-26,1.5,OZ,1,1.39
347580535,233,9,918,101410010,13791,2012-10-26,7.2,OZ,1,3.19
347580535,233,7,708,1076211171,17286,2012-10-28,12,OZ,3,30.37
347580535,233,30,3010,104133545,43106,2012-10-28,16,OZ,1,2.5
347580535,233,36,3634,1078616272,7237,2012-10-30,33.8,OZ,1,1.89
347580535,233,9,914,107343575,9705,2012-10-31,12,OZ,1,3.35
347580535,233,63,6325,102016929,4368,2012-10-31,20,OZ,1,3.29
347580535,233,63,6315,103450030,10165,2012-11-01,32,OZ,1,1.29
347580535,233,29,2914,101356212,713,2012-11-02,6,OZ,3,7.47
347580535,233,91,9134,108500080,25725,2012-11-03,1.75,LT,1,16.79
347580535,233,56,5614,107636070,1290,2012-11-05,16,OZ,1,4.57
347580535,233,30,3009,107096373,8204,2012-11-05,16,OZ,1,2
347580535,233,51,5116,107465373,9039,2012-11-09,28.1,OZ,2,10
347580535,233,36,3628,101200010,12029,2012-11-09,20,OZ,7,11.83
347580535,233,21,2117,101480010,12021,2012-11-10,54,OZ,1,2.99
347580535,233,41,4107,102000020,7655,2012-11-12,14.75,OZ,2,2.42
347580535,233,41,4110,103940030,71386,2012-11-15,16,OZ,5,7.45
347580535,233,58,5824,104450040,8318,2012-11-15,13.5,OZ,1,3.29
347580535,233,73,7311,1031011939,1488,2012-11-16,2,OZ,1,2.87
347580535,233,41,4109,105200050,19212,2012-11-16,15,OZ,1,1
347580535,233,26,2633,104130343,38922,2012-11-17,18,RL,1,10.69
347580535,233,3,310,103495232,5626,2012-11-18,10,OZ,2,12.38
347580535,233,63,6313,102670020,4664,2012-11-18,12,OZ,1,1.5
347580535,233,59,5902,103450030,10165,2012-11-19,7,OZ,1,2.27
347580535,233,64,6401,101820010,2510,2012-11-19,288,OZ,1,16.99
347580535,233,36,3630,101200010,13794,2012-11-20,144,OZ,1,3.25
347580535,233,49,4905,103272939,12073,2012-11-21,10,OZ,2,3.78
347580535,233,22,2211,107261373,16794,2012-11-22,70,CT,1,4.83
347580535,233,63,6315,103450030,10165,2012-11-22,8,OZ,2,0.77
347580535,233,64,6407,108769282,92462,2012-11-22,2.13,LT,1,7.69
