2435036788,42,56,5620,104610040,15889,2013-01-18,8,OZ,2,7.38
2435036788,42,9,902,104400040,15335,2013-03-22,15.1,OZ,1,3.99
2435036788,42,63,6320,104149747,19710,2013-04-05,18,CT,1,2.95
2435037371,42,5,501,101600010,12936,2012-04-13,17,OZ,1,3.99
2435037371,42,97,9753,1020406626,0,2012-07-28,1,CT,1,0.88
2435037722,42,41,4108,102880020,7907,2012-04-24,15.5,OZ,3,3.57
2435038624,42,37,3704,104149747,19710,2012-11-28,3.4,OZ,1,1.79
2435039080,42,35,3504,103700030,4628,2012-07-13,14,OZ,1,2.19
2435039080,42,41,4107,104149747,19710,2012-12-17,8.25,OZ,1,0.79
2435039080,42,58,5823,104450040,8318,2013-04-08,8,OZ,2,9.98
2435039090,42,29,2914,102100020,9886,2012-04-23,2.05,OZ,1,1
2435050975,402,63,6323,107119575,15385,2013-04-13,16,OZ,1,1.07
2435278943,377,55,5552,1071754474,17653,2012-05-05,56,OZ,1,3.49
2435365819,508,5,501,103800030,15251,2012-10-09,12,OZ,1,2.5
2435366231,508,51,5119,108523989,11176,2012-04-26,32,OZ,1,6.99
2435366231,508,4,416,103400030,44358,2012-09-28,1.55,OZ,1,0.69
2435366231,508,26,2630,103700030,14647,2012-11-21,372,CT,1,4.99
2435600620,21,99,9908,1060580666,7655,2012-12-22,80,OZ,1,3.99
2435600620,21,8,809,101300010,8164,2013-03-07,12,OZ,1,1.99
2435602552,21,36,3614,104133141,7531,2012-05-27,15,OZ,2,4.38
2435602552,21,36,3601,101200010,13794,2012-08-13,67.6,OZ,2,3
2435602552,21,5,501,103800030,6790,2012-08-24,9.5,OZ,1,3.39
2435603721,21,75,7501,107214070,12679,2013-02-16,1,OZ,2,1.98
2435603825,21,75,7501,1030006737,9580,2013-02-05,15,OZ,1,7.49
2435604202,21,25,2506,105000050,32115,2012-04-27,32,OZ,1,3.89
2435604479,21,53,5305,102000020,7655,2012-05-20,10,OZ,3,6
2435607779,21,99,9904,1066529060,52314,2012-10-21,16,OZ,1,2.99
2435615159,8,34,3402,104116343,5845,2012-03-24,2,OZ,1,4.49
2435619024,104,21,2106,105100050,27873,2012-07-20,64,OZ,1,3.99
2435619024,104,97,9753,1076163575,0,2013-02-08,1,CT,2,7.98
2435632674,8,5,501,104130343,38922,2012-04-21,11.5,OZ,1,2.49
2435632674,8,63,6315,104116343,365,2012-12-15,64,OZ,1,2.59
2435639002,240,63,6315,104113040,28204,2013-03-22,128,OZ,1,3.99
2435642760,101,63,6315,1068826767,81691,2013-02-23,128,OZ,1,3.42
2435676105,68,23,2301,102920020,12168,2013-03-10,16,OZ,2,2.68
2435694070,68,9,902,103582636,6564,2012-09-08,16,OZ,2,3.32
2435704790,165,97,9781,10000,8255,2013-05-21,1,CT,1,-1.05
2435705300,165,99,9908,104525545,11481,2012-07-04,24,OZ,1,3.99
2435705300,165,99,9908,104525545,11481,2012-08-18,24,OZ,1,3.99
2435705300,165,5,501,101600010,3331,2013-04-28,14,OZ,1,3.89
2435705764,165,33,3307,107203676,7953,2012-10-09,8.5,OZ,1,5.99
2435706778,165,55,5559,107756777,14286,2012-06-03,33,OZ,1,3.49
2435709866,83,33,3305,101111010,9907,2012-05-28,9.75,OZ,2,3
2435709866,83,96,9609,1051600050,88199,2012-07-07,0,,1,-0.5
2435709866,83,27,2702,102310020,13705,2012-09-09,30,LB,1,24.39
2435709866,83,8,811,104112949,3635,2013-03-21,8.1,OZ,2,3.98
2435709866,83,99,9904,1071575676,5278,2013-06-22,32,OZ,1,2.88
2435710194,83,54,5401,101111010,9907,2012-11-10,12.3,OZ,1,1.49
2435710637,143,5,502,101111010,9907,2012-11-16,4.8,OZ,2,1.8
2435710637,143,24,2407,101111010,9907,2012-12-30,5,OZ,1,0.4
2435710637,143,9,908,107247070,9903,2013-02-27,13,OZ,1,2.99
2435716324,431,0,0,10000,0,2012-12-16,0,,2,0
2435716324,431,0,0,10000,0,2013-04-01,0,,1,0
2435716680,133,36,3627,104900040,23363,2012-12-01,67.6,OZ,1,1.25
2435718336,126,8,808,102100020,9886,2012-05-26,12,OZ,1,2.19
2435720314,98,29,2904,101530010,13610,2013-01-08,4.7,OZ,1,1
2435720314,98,9,908,102560020,18051,2013-03-22,12.75,OZ,1,3.99
2435720314,98,55,5552,107189979,2010,2013-04-15,64,OZ,1,4.44
2435720314,98,37,3706,104119646,14582,2013-05-14,19,OZ,1,1
2435721320,98,56,5619,102100020,19279,2013-02-22,32,OZ,1,6.47
2435722295,126,73,7308,1031254636,7853,2012-11-21,30,CT,1,1.25
2435723251,89,75,7504,104126040,9907,2012-03-17,6,OZ,1,2.99
2435723251,89,21,2105,105200050,7054,2012-04-07,16.9,OZ,4,3.56
2435723251,89,33,3305,101111010,9907,2012-04-22,10,OZ,1,1.59
2435723251,89,23,2301,107680878,1393,2013-01-03,13.25,OZ,2,1.98
2435731656,12,96,9609,1054132252,88199,2013-02-17,0,,2,-1
2435731656,12,6,610,1061126969,15041,2013-03-17,8.4,OZ,4,6
2435742583,2,27,2705,105000050,6775,2012-10-02,5.5,OZ,30,15
2435751559,26,30,3008,101111010,9907,2012-06-03,16,OZ,1,1.67
2435751559,26,64,6408,108500080,86330,2012-09-08,0.75,LT,1,10.99
2435751559,26,92,9214,107050171,12554,2012-10-30,25,CT,1,5.24
2435755020,83,95,9518,1072047373,7848,2012-06-14,1,CT,1,3.69
2435755020,83,33,3303,102840020,10241,2012-12-11,10,OZ,1,2.99
2435757489,98,96,9609,1059955555,88199,2012-11-07,0,,1,-2
2435763699,89,5,501,1088491282,8459,2012-10-21,14.5,OZ,2,3.28
2435764310,126,25,2505,102529323,16410,2012-10-08,16,OZ,1,1.79
2435764310,126,67,6702,1030813737,9259,2013-02-24,15,OZ,1,2.89
2435766610,98,56,5620,102100020,19279,2013-02-22,8,OZ,2,5
2435767819,98,34,3402,1030813737,32322,2012-08-27,5,OZ,1,4.84
2435767819,98,9,907,107225070,12465,2013-01-21,24,OZ,1,3.99
2435767819,98,0,0,10000,0,2013-03-14,0,,1,0
2435770431,98,8,818,103620030,14868,2012-04-12,24,OZ,1,1.77
2435770431,98,26,2629,101111010,9907,2012-10-22,100,CT,1,1.5
2435770431,98,63,6315,101111010,61474,2012-10-28,128,OZ,1,2.5
2435773397,58,44,4404,1074816272,16521,2012-11-09,15,OZ,1,2.99
2435773397,58,58,5823,104470040,13310,2012-12-26,9,OZ,2,6.54
2435773397,58,63,6315,101111010,9907,2012-12-31,128,OZ,1,2.89
2435777135,63,26,2630,101111010,9907,2012-06-03,85,CT,1,1.25
2435780361,140,36,3611,101111010,9907,2012-09-22,405.6,OZ,1,2.5
2435780361,140,43,4302,101111010,9907,2013-02-21,8,OZ,1,1
2435792728,191,9,917,107373171,11786,2012-07-22,11.7,OZ,1,1.99
2435793199,191,36,3604,101111010,6678,2012-12-26,67.6,OZ,1,0.78
2435793199,191,51,5115,107192171,78492,2013-03-11,14.1,OZ,1,3.99
2435797362,140,33,3303,101111010,9907,2013-03-01,8.5,OZ,4,8
2435799295,126,58,5827,101111010,9907,2012-05-06,16,OZ,1,3.79
2435799295,126,26,2626,101258717,7245,2012-09-23,1,CT,2,7.18
2435799843,58,36,3618,101200010,23361,2012-04-03,144,OZ,1,5.19
2435799843,58,4,418,103400030,15113,2012-10-15,9,OZ,1,3.39
2435836936,96,45,4511,107274575,13804,2012-03-16,29,OZ,1,7.99
2435836936,96,36,3618,104900040,23359,2012-05-23,20,OZ,1,1.59
2435836936,96,64,6407,108500080,46818,2012-07-13,0.75,LT,1,5.99
2435836936,96,99,9904,1071575676,5278,2012-07-25,16,OZ,2,5
2435836936,96,63,6315,103003434,7175,2012-08-10,128,OZ,1,2.99
2435836936,96,99,9908,103003434,28496,2012-12-20,16,OZ,2,2.58
2435837569,96,21,2105,105200050,7054,2012-06-17,128,OZ,1,4.29
2435837569,96,64,6407,101497414,20035,2012-11-30,4.26,LT,1,15.99
2435837569,96,64,6407,101497414,20035,2013-01-04,4.26,LT,1,16.99
2435840318,96,96,9609,1051115656,88199,2012-11-10,0,,2,-1
2435840318,96,33,3316,101600010,2539,2012-11-10,7.5,OZ,2,3.98
2435840318,96,40,4005,101115616,18190,2013-03-09,2.8,OZ,1,3.49
2435840462,96,5,504,109742191,22339,2012-08-12,2.29,OZ,4,4
2435841379,96,51,5125,101380010,10271,2012-03-30,10,OZ,2,5.98
2435841379,96,26,2634,103600030,4139,2012-04-10,18,RL,2,25.98
2435841379,96,29,2907,107373171,11786,2012-05-09,9.75,OZ,1,2.89
2435857473,214,31,3101,107175878,2139,2012-06-17,6,OZ,1,2.86
2435870700,214,30,3009,104133545,43106,2012-12-09,16,OZ,1,3.28
2435885910,214,56,5620,104122040,20514,2012-08-24,32,OZ,1,7.98
2435886255,214,25,2506,104127141,26189,2012-09-18,32,OZ,2,5.1
2435886255,214,24,2403,104122040,23511,2012-10-28,10,OZ,4,8.36
2435886255,214,34,3405,101111111,5168,2012-12-06,24,OZ,1,6.88
2435886255,214,24,2403,104135848,17845,2013-02-18,50,OZ,2,9.04
2435896868,214,55,5567,104100040,7459,2012-10-06,75.5,OZ,1,9.98
2435896868,214,26,2619,101258717,7245,2012-10-10,65,CT,1,10.47
2435901150,214,99,9904,103338333,33170,2013-04-02,16,OZ,1,1.88
2435917066,206,64,6408,108500080,18437,2012-12-04,0.75,LT,1,4.99
2435917456,206,81,8102,1076244676,18398,2012-06-14,0.82,OZ,3,7.14
2435919764,206,30,3009,102100020,9886,2012-06-28,16,OZ,1,3.28
2435919764,206,44,4404,107002272,15242,2012-11-14,80,OZ,1,5.28
2435927359,46,55,5552,104154848,5603,2012-08-08,48,OZ,1,3.88
2435927359,46,5,521,101313010,4253,2012-12-31,12,OZ,1,3.75
2435928055,46,36,3618,104900040,23359,2012-03-13,144,OZ,2,8
2435928055,46,41,4108,104125040,11473,2012-07-25,15.5,OZ,1,0.75
2435928055,46,36,3601,101200010,13794,2012-08-26,288,OZ,1,4.98
2435928055,46,99,9908,1071928373,11473,2012-10-11,6,OZ,1,1
2435935320,46,97,9753,104525545,0,2012-04-06,1,CT,1,1.99
2435935320,46,39,3903,1064420969,10654,2012-06-01,24,OZ,1,3.79
2435935320,46,9,907,107131474,1061,2012-07-02,12.5,OZ,1,1.25
2435935320,46,58,5832,102370020,18969,2013-01-18,8,OZ,1,2.99
2435936578,46,3,304,105210050,11382,2012-11-18,2,OZ,1,3.96
2435936578,46,4,410,107362171,13946,2013-01-26,0.87,OZ,1,1.69
2435936578,46,97,9753,1020802424,0,2013-02-02,1,CT,1,4.9
2435936578,46,64,6408,108500080,2983,2013-02-23,4,LT,1,13.99
2435936750,46,58,5827,104350040,14162,2012-08-02,16,OZ,1,3
2435936750,46,63,6321,104082242,15667,2013-04-30,10,OZ,1,3
2435939492,46,51,5125,101380010,10271,2012-06-15,9.63,OZ,1,2.5
2435939492,46,33,3318,102840020,15441,2012-10-12,10,OZ,1,3.29
2435942036,46,26,2635,101117919,19084,2012-04-02,1,CT,1,1.5
2435942036,46,9,901,104400040,13243,2012-07-10,15.5,OZ,1,2.79
2435942036,46,21,2117,108768484,2903,2012-10-22,60,OZ,2,3.34
2435942036,46,99,9908,103338333,33170,2013-01-30,80,OZ,1,4.99
2435942036,46,63,6316,107342070,4529,2013-03-20,8,OZ,1,0.99
2435942220,46,69,6901,107940070,4696,2012-05-01,1.7,OZ,1,7.24
2435942220,46,13,1306,101600010,7366,2012-05-30,5,LB,1,2.99
2435942220,46,59,5906,104060040,26155,2012-10-13,45,OZ,1,6.39
2435943636,46,33,3303,107110474,101252,2013-02-09,10,OZ,1,3.29
2435943636,46,99,9908,103338333,33170,2013-02-21,16,OZ,1,0.99
2435943967,46,9,908,104125040,11473,2012-03-17,15,OZ,1,3.49
2435944036,46,63,6315,104125040,11473,2012-07-05,128,OZ,1,2.79
2435944218,46,97,9753,1022007020,0,2012-11-14,1,CT,1,34.81
2435944729,46,12,1205,108000080,17292,2012-04-15,5,OZ,2,1.64
2435944729,46,99,9908,103338333,33170,2013-03-20,16,OZ,1,1.29
2435945048,46,5,501,101600010,3331,2013-05-21,18,OZ,1,3.89
2435946256,46,9,901,103010030,15828,2012-03-28,13,OZ,1,2
2435946256,46,33,3303,1071928373,11473,2012-04-21,10,OZ,1,2
2435946256,46,2,201,1064420969,5345,2012-11-11,18.25,OZ,1,1.25
2435946256,46,5,521,101313010,4253,2012-11-21,12.5,OZ,1,3
2435946256,46,97,9717,109736191,13545,2012-12-18,1,CT,1,19.99
2435946256,46,44,4404,1071928373,11473,2012-12-19,14,OZ,1,1.79
2435946256,46,14,1411,103890030,5072,2012-12-22,20,OZ,1,0.99
2435946256,46,63,6320,104125040,11473,2013-02-16,12,CT,1,1.29
2435946256,46,57,5704,1076023676,11473,2013-03-07,6,OZ,2,1.98
2435946378,46,96,9609,1050099757,88199,2012-09-27,0,,1,-0.75
2435947126,46,56,5617,104125040,11473,2012-07-11,12,OZ,5,10
2435948726,46,5,516,103000030,14760,2012-03-26,6.7,OZ,1,2.49
2435948726,46,19,1908,104800141,16564,2012-05-24,16.3,OZ,1,2.99
2435948726,46,99,9904,103338333,33170,2012-06-09,48,OZ,1,3.49
2435948726,46,59,5902,1070882070,11473,2012-06-15,8,OZ,1,2.59
2435949165,46,26,2628,103700030,2248,2012-04-12,6,RL,1,9.99
2435949165,46,97,9753,10000,0,2012-05-07,1,CT,1,1.93
2435949165,46,30,3002,104800141,8178,2012-10-06,22,OZ,1,2.99
2435950186,46,24,2407,101700010,885,2012-06-01,4.75,OZ,2,1
2435950186,46,5,517,103800030,17050,2013-01-24,9.3,OZ,1,3.99
2435950476,46,19,1905,105150050,16728,2012-07-27,18,OZ,1,1.79
2435950519,46,51,5122,1071373373,11473,2013-02-16,4.6,OZ,1,1.49
2435950519,46,4,412,101070010,9275,2013-03-03,7,OZ,3,5
2435950544,46,36,3632,104125040,11473,2012-04-17,67.6,OZ,1,0.78
2435950544,46,21,2105,105200050,7054,2012-05-19,32,OZ,2,2.1
2435950544,46,26,2619,101258717,7245,2013-02-28,45,CT,1,7.69
2435950585,46,32,3204,107040474,14245,2012-08-17,16,OZ,2,6.28
2435950585,46,96,9609,1051600050,88199,2012-08-31,0,,1,-0.5
2435950585,46,54,5403,1071928373,11473,2013-01-17,32,OZ,2,13.98
2435950585,46,27,2710,107023070,18373,2013-01-17,20,LB,1,8.99
2435950585,46,44,4404,107105272,3829,2013-01-24,15.75,OZ,1,1.67
2435951189,46,33,3303,1071928373,11473,2012-06-22,10,OZ,1,2
2435951189,46,59,5907,102740020,16291,2012-11-24,15,OZ,1,2.19
2435951890,46,40,4005,104100040,10522,2012-10-05,2.5,OZ,1,3.59
2435951890,46,18,1898,104133343,5379,2013-02-01,8,CT,1,6.39
2435951890,46,31,3110,101600010,1756,2013-02-14,3.25,OZ,1,1.65
2435952869,46,79,7901,107447070,45779,2012-09-17,1,CT,1,4.99
2435952906,46,3,310,1076023676,11473,2012-06-29,14,OZ,1,5.49
2435952906,46,63,6321,104082242,15667,2013-03-21,10,OZ,1,3
2435953011,46,55,5564,104190040,4664,2012-10-15,16,OZ,1,3.09
2435953011,46,49,4901,1071928373,11473,2012-12-02,26,OZ,1,2
2435953011,46,64,6401,101820010,2510,2012-12-10,72,OZ,1,6.19
2435953011,46,63,6323,104190040,4664,2012-12-23,64,OZ,2,5.48
2435953185,46,95,9518,106700868,25075,2012-03-18,1,CT,2,4.48
2435953185,46,26,2619,1071373373,11473,2012-07-07,40,CT,1,5.99
2435953185,46,4,407,103400030,18947,2012-10-26,32,OZ,1,3.49
2435953185,46,33,3303,1071928373,11473,2013-04-22,10,OZ,1,2
2435953262,46,63,6314,104125040,11473,2012-04-22,16,OZ,1,1.39
2435953274,46,9,901,104125040,11473,2012-03-31,16,OZ,1,3.29
2435953274,46,7,707,104300040,11339,2012-08-07,10.5,OZ,2,6
2435953274,46,32,3203,106414464,13474,2012-12-18,6,OZ,1,2.99
2435953274,46,5,501,101600010,3331,2013-02-24,21.6,OZ,1,3.34
2435955104,46,21,2112,104125040,11473,2013-02-05,48,OZ,1,2.79
2435963794,46,30,3007,107945373,33170,2012-04-24,3,OZ,1,0.79
2435963794,46,9,902,104400040,18775,2012-10-20,9,OZ,1,2.5
2435964466,46,97,9799,1076419575,105213,2012-08-16,1,CT,2,11.98
2435964466,46,63,6315,104125040,11473,2012-09-16,128,OZ,1,2.5
2435964601,46,55,5552,1071928373,11473,2012-06-27,56,OZ,1,3.49
2435964601,46,8,818,104125040,11473,2012-09-24,24,OZ,2,2
2435964601,46,99,9908,103338333,33170,2013-01-26,32,OZ,1,2.99
2435964938,46,71,7113,108087888,13505,2012-05-15,12.6,OZ,1,3.49
2435965942,46,7,707,104300040,11339,2012-05-09,11,OZ,1,4.49
2435967835,46,36,3632,107380070,6226,2012-03-21,20,OZ,6,3.54
2435967835,46,56,5616,102100020,9886,2012-04-03,7,OZ,1,2
2435967835,46,36,3601,104900040,3809,2012-04-04,288,OZ,2,12
2435967835,46,4,423,101900010,10421,2012-05-01,2.75,OZ,1,1.78
2435967835,46,49,4901,104125040,11473,2012-06-27,32,OZ,1,2.69
2435967835,46,29,2921,104125040,11473,2012-06-27,5.25,OZ,4,5.56
2435967835,46,56,5620,102100020,9886,2013-02-06,8,OZ,2,4
2435967835,46,8,818,103620030,14868,2013-04-23,23.9,OZ,1,1.5
2435971680,46,36,3604,107800070,16023,2012-10-24,60,OZ,1,4
2435977756,46,33,3303,104163343,20842,2012-09-28,10,OZ,1,2.79
2435977756,46,74,7407,104740040,7196,2012-10-25,3,CT,1,10.99
2435977756,46,5,501,101862717,9496,2013-01-10,14,OZ,2,6
2435977756,46,26,2628,103700030,2248,2013-01-31,2,RL,1,3.97
2435977756,46,69,6901,103700030,16139,2013-02-07,5.2,OZ,1,4.39
2435977756,46,53,5307,104125040,11473,2013-02-14,16,OZ,1,1.79
2435982699,46,79,7901,103218232,27924,2012-05-04,1,CT,1,2.99
2435989319,46,73,7312,104125040,11473,2012-03-30,8,OZ,1,3.49
2435989319,46,99,9908,103338333,33170,2012-06-01,16,OZ,1,0.77
2435989319,46,97,9753,1088100686,0,2012-06-15,1,CT,1,2
2435989319,46,4,412,101130010,2272,2012-12-21,16,OZ,1,2.5
2435989319,46,41,4107,104125040,11473,2013-03-27,14.5,OZ,4,2.36
2435989319,46,35,3504,1081793989,11556,2013-03-29,18,OZ,1,2.99
2435989319,46,35,3509,109451494,20153,2013-07-22,75,OZ,2,5
2435991098,46,63,6332,102500020,11749,2012-03-19,59,OZ,1,2.59
2435991098,46,53,5307,1071157575,16108,2012-05-21,14,OZ,1,2.25
2435991098,46,99,9904,1066529060,52314,2012-05-28,16,OZ,1,1.67
2435991098,46,97,9713,105019757,5878,2012-05-29,4,LB,2,11.98
2435991098,46,72,7205,103700030,4294,2012-09-04,4.1,OZ,1,3.5
2435991098,46,8,821,1087992484,100588,2012-10-08,7,OZ,1,3.35
2435991098,46,9,914,104125040,11473,2012-11-06,12,OZ,1,3.49
2435991098,46,41,4121,102700020,8612,2012-11-10,29,OZ,2,3.68
2435991098,46,56,5604,1071156575,41559,2013-01-04,4,OZ,1,4.29
2435991098,46,3,305,103320030,875,2013-02-04,16,OZ,2,1.5
2435991098,46,33,3303,102840020,10241,2013-02-15,9.5,OZ,1,3
2435991098,46,99,9908,105783656,17665,2013-02-15,12,OZ,1,3.49
2435991789,46,26,2629,104200040,5016,2012-11-09,180,CT,1,2
2435992085,46,74,7408,102260020,12295,2012-06-04,0.69,OZ,1,3.86
2435992085,46,27,2712,1071373373,11473,2013-06-20,144,OZ,1,5.49
2435993214,46,99,9909,101284212,29220,2013-03-06,24,OZ,1,3.49
2435993214,46,9,901,106731262,19527,2013-06-22,14.1,OZ,1,2
2435997734,46,63,6312,102500020,11749,2012-05-26,59,OZ,2,1.98
2435997734,46,19,1908,105150050,9189,2013-01-06,28,OZ,1,4.79
2435999785,46,78,7802,103825737,7894,2012-03-31,10,CT,1,10.99
2436000053,46,53,5307,1071928373,11473,2012-09-23,12,OZ,2,2
2436002585,46,79,7903,108995585,27735,2012-09-14,1,CT,1,3.99
2436002585,46,57,5710,1089470080,21065,2012-10-21,5.3,OZ,2,2.38
2436002585,46,63,6315,104125040,11473,2013-06-02,128,OZ,1,2.5
2436003003,46,64,6401,103410030,11704,2012-11-21,144,OZ,1,9.99
2436003003,46,63,6332,104850040,61745,2013-03-06,59,OZ,1,3.49
2436004023,46,53,5307,107056070,14005,2012-06-22,16,OZ,2,2.98
2436006031,46,2,213,107248676,9190,2012-09-12,8.5,OZ,4,2
2436006031,46,63,6316,104125040,11473,2013-03-24,24,OZ,1,1.99
2436014389,46,56,5613,104125040,11473,2013-01-13,8,OZ,1,2
2436018134,46,5,516,103000030,14760,2013-04-14,15.2,OZ,2,7.98
2436021404,46,28,2805,104125040,11473,2012-04-13,5.75,OZ,2,2
2436021404,46,37,3703,105100050,2820,2013-03-03,10.5,OZ,1,1.33
2436024526,46,19,1908,104800141,16564,2012-07-14,28,OZ,1,4.49
2436024526,46,36,3636,104300040,4371,2012-09-08,169,OZ,2,4.38
2436024526,46,9,907,107131474,1061,2012-12-15,12.5,OZ,1,1.5
2436024526,46,79,7902,1064078868,44545,2013-02-03,0,,1,2
2436025477,46,99,9904,103338333,33170,2012-03-18,48,OZ,1,4.49
2436025477,46,57,5705,103663232,4568,2012-05-20,24,OZ,2,3.76
2436025477,46,8,818,103620030,14868,2012-07-31,26,OZ,1,1.5
2436026207,46,73,7302,1031284333,1500,2012-06-29,108,CT,1,6.09
2436026370,46,33,3308,102840020,3336,2012-03-07,9.75,OZ,1,3.49
2436026370,46,5,519,103000030,14760,2012-04-26,14,OZ,1,3.15
2436026452,46,45,4514,104125040,11473,2012-05-25,40,OZ,2,8.94
2436026452,46,51,5125,101380010,10271,2012-10-25,8.63,OZ,1,2.5
2436026452,46,5,516,103800030,24525,2013-03-29,6.3,OZ,2,5
2436027383,46,9,902,104400040,8463,2012-10-22,14.4,OZ,1,2.5
2436027383,46,95,9518,106700868,25075,2012-10-27,1,CT,3,11.47
2436028093,46,41,4106,1071373373,11473,2013-02-22,6.5,OZ,2,1.34
2436030660,46,18,1837,109149292,3162,2013-05-01,1,OZ,1,2.99
2436032003,46,29,2914,106414464,3342,2012-06-16,7.5,OZ,1,0.99
2436032003,46,63,6311,104850040,18799,2013-04-21,46,OZ,1,3.49
2436037240,46,33,3305,1071928373,11473,2012-10-16,12.5,OZ,1,1.99
2436038944,46,25,2503,104125040,11473,2012-03-21,16,OZ,1,2.89
2436038944,46,69,6901,102220020,17067,2012-04-03,0.5,OZ,1,1.25
2436038944,46,63,6305,104125040,11473,2012-04-09,64,OZ,1,2.39
2436038944,46,38,3801,104125040,11473,2012-07-01,5,LB,1,2.99
2436038944,46,60,6007,101800010,14029,2013-03-13,8,OZ,2,4.14
2436039075,46,96,9609,1051090050,88199,2012-11-17,0,,1,-0.75
2436039075,46,51,5119,104132242,6167,2012-12-08,20,OZ,1,4.99
2436039157,46,14,1405,1070882070,11473,2012-05-06,14,OZ,1,1.45
2436039157,46,23,2301,107680878,1393,2012-12-09,16,OZ,1,1
2436039328,46,51,5125,102580020,16668,2012-09-16,10.5,OZ,2,3.6
2436040793,46,57,5704,107047070,20230,2012-05-05,4,OZ,3,2.1
2436040793,46,26,2628,103700030,2248,2013-01-05,6,RL,1,6.49
2436041411,46,51,5122,1070882070,11473,2013-01-26,8.8,OZ,2,5
2436042555,46,96,9609,1054460050,88199,2012-04-15,0,,1,-0.5
2436042835,46,75,7501,1060308464,7034,2012-12-18,1.7,OZ,1,7.29
2436043675,46,95,9518,104282343,28202,2012-06-16,1,CT,1,2.99
2436043675,46,4,418,103400030,8247,2012-07-02,9.3,OZ,2,6
2436045938,46,9,922,104500040,8511,2012-03-20,10,OZ,1,2.5
2436045938,46,96,9609,1053700050,88199,2012-08-26,0,,5,-4
2436045938,46,28,2806,105410050,19509,2012-11-04,16,OZ,1,2.29
2436045938,46,96,9609,1059955555,88199,2013-02-20,0,,1,-1
2436046261,46,5,501,103800030,9543,2013-01-19,10.7,OZ,2,6.58
2436046261,46,36,3611,104125040,11473,2013-02-02,96,OZ,1,1.69
2436046261,46,36,3618,104900040,23359,2013-04-20,144,OZ,1,4
2436046464,46,60,6012,101800010,14029,2012-12-16,12.4,OZ,3,5
2436046464,46,36,3626,107800070,16223,2013-01-12,144,OZ,3,12
2436054617,46,4,418,104000040,16765,2013-04-20,11.16,OZ,1,3.29
2436061116,46,63,6305,102500020,11749,2012-06-29,59,OZ,1,2.79
2436061116,46,0,0,10000,0,2012-07-14,0,,1,7.59
2436061116,46,8,818,104125040,11473,2012-11-01,24,OZ,1,1.59
2436068711,46,26,2609,107695575,62118,2012-12-15,80,CT,1,2.99
2436075127,46,53,5307,1071373373,11473,2012-09-22,8,OZ,1,2.49
2436075127,46,9,902,104157040,2017,2012-09-23,4.25,OZ,1,2.5
2436075127,46,28,2804,107152474,10039,2012-10-12,4,OZ,1,0.99
2436075127,46,5,501,103800030,14900,2012-11-16,18.7,OZ,1,2.5
2436075127,46,58,5824,102781525,5557,2013-01-12,14,OZ,1,2
2436090882,46,97,9753,1081363585,0,2012-11-30,1,CT,1,2.5
2436090882,46,99,9908,1071928373,11473,2012-12-22,6,OZ,1,1.5
2436092884,46,63,6318,1071373373,11473,2013-02-01,24,OZ,1,3.59
2436092884,46,5,501,103000030,99506,2013-03-08,14.5,OZ,2,5
2436098287,46,63,6314,104125040,11473,2012-03-10,16,OZ,1,1.69
2436098287,46,33,3318,1071928373,11473,2012-07-09,10,OZ,4,5
2436098287,46,63,6313,107020070,11244,2012-12-27,15.5,OZ,1,2.5
2436098287,46,63,6320,104125040,11473,2012-12-30,12,CT,1,1.78
2436099784,46,99,9904,1066529060,52314,2012-05-12,16,OZ,3,5
2436102990,46,75,7515,104125040,11473,2012-03-24,1,OZ,1,4.28
2436102990,46,73,7304,1036382434,12163,2012-04-21,6,OZ,1,10.98
2436102990,46,60,6011,101800010,14029,2013-01-05,16.3,OZ,1,0.99
2436104333,46,9,907,104125040,11473,2012-03-31,22,OZ,1,0.99
2436104333,46,24,2415,103760030,11238,2012-05-26,15,OZ,1,2.15
2436144240,17,71,7113,108087888,13505,2012-05-17,25.4,OZ,1,0.49
2436152128,3,35,3509,103320030,875,2012-09-28,75,OZ,2,5.99
2436193500,360,65,6501,101290010,17055,2012-07-14,5,OZ,1,1.79
2436229020,422,99,9909,107127979,6732,2013-02-16,6.5,OZ,1,1.99
2436755135,42,3,311,105150050,14029,2012-07-02,16,OZ,1,1.79
2436755135,42,57,5705,107047070,20230,2013-01-14,6,OZ,2,1.34
2436755707,42,14,1416,101122515,19197,2012-03-08,29,OZ,1,1.49
2436755821,42,8,803,104149747,19710,2013-03-12,12,OZ,1,1.29
2436756322,42,6,601,101570010,17882,2012-03-21,4.4,OZ,2,5.98
2436756322,42,57,5705,104149747,19710,2012-10-11,6,OZ,5,3
2436756336,42,56,5619,104149747,19710,2012-03-27,8,OZ,1,2.79
2436756336,42,9,902,104149747,19710,2012-05-25,14,OZ,1,2.99
2436756336,42,21,2105,104900040,14357,2012-06-15,160,OZ,1,4.99
2436756336,42,56,5615,104149747,19710,2012-06-20,8,OZ,1,2.79
2436756745,42,5,501,104149747,19710,2013-02-22,12,OZ,2,5.98
2436756745,42,63,6320,104149747,19710,2013-03-02,18,CT,1,3.25
2436757246,42,26,2626,104149747,19710,2012-05-12,1,CT,1,2.19
2436757246,42,2,213,101600010,1756,2012-08-13,18.25,OZ,1,2.59
2436757246,42,10,1010,103400030,8247,2012-10-27,48,OZ,1,3.99
2436757246,42,34,3411,103700030,13012,2012-10-27,18,OZ,2,10.98
2436757322,42,21,2109,104180040,19713,2012-11-12,64,OZ,1,4.29
2436757322,42,51,5127,103100030,1358,2012-11-12,7.1,OZ,2,2.5
2436757408,42,55,5558,104149747,19710,2012-03-28,30,OZ,1,3.99
2436757408,42,5,501,103800030,15251,2012-04-23,18,OZ,1,4.79
2436757408,42,33,3315,101030010,5740,2012-09-10,7.5,OZ,1,3.49
2436757408,42,9,901,104400040,3453,2012-11-23,10,OZ,1,3.89
2436757408,42,73,7302,103680030,18533,2012-12-22,100,CT,1,7.99
2436757416,42,33,3314,103000030,14760,2012-05-21,6.56,OZ,1,2.19
2436759564,42,4,407,103400030,18947,2012-04-08,14,OZ,1,2.79
2436759564,42,2,202,104149747,19710,2012-08-19,17.5,OZ,1,1.99
2436759564,42,99,9904,103338333,33170,2012-09-29,16,OZ,1,4.99
2436759632,42,58,5812,102730020,54891,2013-04-07,16,OZ,1,2.99
2436759754,42,26,2620,104149747,19710,2012-07-15,50,CT,1,4.99
2436760449,42,58,5823,102055929,16173,2012-11-16,16,OZ,1,5.99
2436803831,402,26,2609,104200040,5016,2012-03-28,35,CT,2,4
2436877339,404,73,7344,1030014939,80272,2012-12-11,30,CT,1,4.29
2436937899,402,97,9731,1065356969,12234,2012-12-09,1,CT,2,13.98
2437152765,285,35,3507,1075703777,13386,2013-01-09,7,OZ,4,16.16
2437153778,293,23,2301,103340030,15474,2012-03-23,13.25,OZ,2,3.18
2437162566,108,8,814,102840020,18584,2012-04-06,15.5,OZ,1,3.29
2437721055,31,34,3411,101700010,4912,2012-04-03,16,OZ,1,3.99
2437721055,31,26,2633,103040030,683,2012-05-06,6,RL,2,9.38
2437779130,21,5,501,103800030,17050,2012-12-29,11.4,OZ,1,2.98
2437790048,8,51,5126,102113121,11151,2012-05-06,11,OZ,1,3.99
2437790048,8,37,3705,104116343,365,2012-07-29,19,OZ,1,2.69
2437798094,240,7,708,1088133484,5357,2012-11-10,24,OZ,1,16.99
2437798534,240,63,6330,104410040,8481,2012-03-16,16,OZ,1,3.29
2437798534,240,23,2301,107680878,1393,2013-01-11,16,OZ,1,1.65
2437805612,101,29,2904,101600010,7860,2012-03-21,6,OZ,1,1.69
2437805624,101,8,816,104082242,15667,2012-12-11,14,OZ,1,4.49
2437812600,70,4,418,104000040,16765,2012-03-27,11.18,OZ,1,1.99
2437812600,70,63,6315,1072543979,40679,2012-09-30,128,OZ,1,2.89
2437812600,70,41,4107,1072543979,40679,2013-01-30,15.25,OZ,2,0.92
2437834770,83,35,3506,103700030,3068,2012-04-14,12.7,OZ,1,3.99
2437834770,83,26,2634,103600030,4139,2012-04-14,12,RL,1,7.49
2437834770,83,95,9518,107000070,7848,2012-05-27,1,CT,1,0.99
2437834770,83,36,3603,104300040,26420,2012-10-04,64,OZ,2,0.4
2437834829,83,18,1827,103700030,6236,2013-02-25,9.7,OZ,2,7.78
2437835159,143,9,907,107347272,6562,2012-09-02,24,OZ,1,4.99
2437835632,83,9,901,104400040,13243,2012-08-19,8,OZ,2,1.98
2437835632,83,0,0,10000,0,2012-09-29,0,,1,-25
2437835632,83,8,818,103620030,14868,2013-06-29,23.9,OZ,1,1.18
2437837817,58,5,501,103000030,58434,2012-08-18,12.5,OZ,1,2.74
2437847243,126,96,9609,1051380050,88199,2012-06-02,0,,1,-1
2437847243,126,49,4903,101312010,26885,2012-08-25,19,OZ,1,1.99
2437847243,126,72,7205,103500030,3830,2012-10-06,6.4,OZ,1,1.99
2437847243,126,8,810,101111010,9907,2013-01-06,1.5,OZ,2,1.38
2437847243,126,58,5823,104470040,13310,2013-02-16,9,OZ,1,3.27
2437847243,126,36,3635,101657111,17037,2013-03-08,17,OZ,3,3
2437847243,126,96,9609,1051780050,88199,2013-03-10,0,,1,-1
2437873691,63,63,6320,101111010,6848,2012-07-22,6,CT,1,0.79
2437873691,63,10,1011,104300040,26232,2012-11-07,13.5,OZ,1,1.29
2437873691,63,97,9753,1073231373,0,2013-03-10,1,CT,1,2.99
2437897077,96,26,2631,103600030,16048,2012-05-04,51,CT,1,2.79
2437897291,96,9,902,104400040,8463,2012-06-10,28.8,OZ,1,5.69
2437897291,96,19,1908,104800141,16564,2012-08-29,28,OZ,2,9.98
2437910249,214,63,6320,102862121,6175,2012-12-01,12,CT,1,3
2437939432,46,26,2620,104200040,5016,2012-04-17,54,CT,1,2.49
2437941640,46,58,5812,104660040,5557,2012-06-29,16,OZ,2,1.94
2437941640,46,96,9609,1051200050,88199,2012-10-02,0,,1,-1
2437941640,46,25,2503,105000050,32115,2013-04-20,15,OZ,3,12.81
2437948470,46,2,201,105150050,14029,2012-04-14,18.25,OZ,2,2
2437948470,46,33,3304,102840020,6777,2012-12-09,10.5,OZ,1,3
2437948470,46,28,2801,104470040,3640,2013-03-06,32,OZ,1,2.49
2437948659,46,5,501,1071928373,11473,2013-02-24,18.2,OZ,2,5.98
2437954388,46,92,9202,1030099737,15219,2012-03-24,1,CT,1,3.69
2437956412,46,41,4120,102700020,8612,2012-05-07,6,OZ,1,0.59
2437956412,46,27,2709,105849656,18139,2012-07-28,3,OZ,1,1.67
2437956412,46,99,9909,107143070,5072,2012-09-10,8,OZ,2,5
2437956412,46,63,6320,104125040,11473,2012-12-27,12,CT,1,1.68
2437957805,46,96,9609,1054155454,88199,2013-03-03,0,,1,-1
2437957854,46,97,9753,1085395181,0,2012-03-11,1,CT,1,1
2437960379,46,35,3506,103700030,3068,2012-03-18,16.5,OZ,1,5.99
2437960379,46,36,3630,101200010,13794,2012-06-18,67.6,OZ,1,1.34
2437963305,46,28,2806,105410050,19509,2012-11-18,26,OZ,1,3.59
2437963305,46,0,0,10000,0,2013-03-24,0,,2,26.14
2437968138,46,56,5607,104175747,10216,2013-01-06,6,OZ,1,3
2437970131,46,34,3406,101111111,73313,2012-10-28,32,OZ,1,3.99
2437976855,46,26,2630,103600030,9787,2012-11-28,75,CT,4,5
2437977545,46,9,907,107131474,1061,2012-11-16,24,OZ,1,1.29
2437979576,46,30,3011,107020070,11244,2012-10-04,16,OZ,1,3.65
2437998545,46,57,5703,103663232,4568,2012-03-19,6,OZ,6,4.2
2437998545,46,26,2614,1076023676,11473,2012-04-13,44,CT,1,5.75
2437998545,46,26,2634,103700030,3293,2012-12-05,12,RL,1,6.99
2437998545,46,21,2105,105200050,7054,2013-01-16,160,OZ,1,5.84
2437998545,46,29,2923,104100040,9814,2013-03-27,4.1,OZ,1,1
2438006709,46,63,6312,102500020,16487,2012-07-21,59,OZ,1,2.59
2438006709,46,27,2709,105849656,18139,2012-08-08,3,OZ,1,1.79
2438007165,46,5,501,101600010,14900,2012-12-07,17.1,OZ,1,3.5
2438007226,46,9,907,107294575,15878,2012-03-16,24,OZ,1,1.79
2438011149,46,56,5615,102100020,9886,2013-03-23,8,OZ,2,4
2438038652,18,4,427,103400030,8682,2012-05-18,1.5,OZ,1,2.39
2438057299,360,25,2509,104173545,14456,2013-03-05,32,OZ,1,2
2438067953,48,60,6012,1066559666,8750,2012-12-20,16,OZ,1,3.99
2438301598,42,31,3101,105210050,11382,2012-04-05,0.5,OZ,1,1.69
2438301598,42,9,903,102100020,85727,2012-10-07,6,OZ,1,2.99
2438301619,42,8,801,101300010,8164,2013-02-10,20,OZ,1,1.89
2438303477,42,41,4110,102880020,7907,2012-05-02,28,OZ,3,6.57
2438303477,42,19,1908,102900020,14112,2012-07-02,16.3,OZ,1,4.19
2438303477,42,29,2904,101530010,13610,2012-08-19,4.6,OZ,2,2.78
2438303477,42,41,4121,104149747,19710,2012-09-17,15,OZ,2,1.78
2438303477,42,51,5126,101380010,27474,2013-03-20,8.87,OZ,1,3.39
2438362857,402,73,7360,107200070,42652,2013-02-12,100,CT,1,4.29
2438461219,285,51,5115,103913131,1616,2012-11-24,17.31,OZ,1,4.44
2438461219,285,63,6313,101115010,15530,2013-01-30,12,OZ,2,7.98
2438461219,285,0,0,10000,20405,2013-04-10,0,,1,-0.01
2438461270,285,8,807,105410050,13182,2013-02-21,18,OZ,2,3.26
2438463424,293,33,3307,101115010,15530,2012-07-13,16,OZ,1,7.99
2438463424,293,23,2301,107680878,1393,2013-03-09,16,OZ,1,1
2438586648,377,56,5607,1071754474,17653,2012-07-29,8,OZ,1,1.89
2438682251,508,18,1828,103700030,6236,2013-02-17,1,CT,1,2.99
2438682251,508,95,9518,1064541666,2988,2013-05-03,1,CT,1,3.99
2438808105,507,71,7114,107124979,21913,2012-09-19,8,OZ,1,5.97
2438808105,507,71,7114,102279626,13267,2013-01-17,3.3,OZ,2,6.02
2438906293,507,36,3611,104900040,4599,2012-08-14,20,OZ,1,1.49
2438906293,507,21,2117,1084667585,14157,2012-11-02,12.69,OZ,1,3.99
2438906293,507,97,9753,1049053040,0,2013-04-19,1,CT,1,1.99
2438962381,510,97,9753,101864313,0,2012-08-06,1,CT,2,3.66
2438962381,510,92,9211,1030099737,448,2012-10-30,0.01,OZ,1,5.99
2438973049,31,41,4106,102114020,19950,2013-03-04,4,OZ,1,1
2438973656,31,99,9908,103338333,33170,2012-04-07,16,OZ,1,1.29
2438973656,31,37,3703,105100050,2820,2012-10-28,10.75,OZ,1,1.99
2439022131,85,55,5559,1060788060,16965,2013-05-16,42,OZ,1,3.79
2439036845,104,8,818,104130343,38922,2013-02-07,24,OZ,1,1.5
2439040647,101,9,917,107373171,11786,2012-04-17,20,OZ,1,2.5
2439040647,101,63,6315,107999777,15502,2012-08-05,64,OZ,1,2.08
2439040647,101,40,4004,101115616,18190,2012-08-17,4.87,OZ,2,5
2439040647,101,99,9908,1068826767,7173,2012-08-25,8,OZ,1,1.99
2439042796,101,5,520,103000030,14760,2012-11-06,18,OZ,1,2
2439047496,65,33,3308,102840020,3336,2013-01-04,9.75,OZ,2,6.98
2439047496,65,63,6320,1072543979,40679,2013-03-13,12,CT,1,1.88
2439054647,68,0,0,10000,20405,2012-09-13,0,,1,-1.49
2439064056,71,54,5403,107790070,9200,2012-09-10,7,OZ,1,2.59
2439066902,64,40,4004,104100040,10522,2012-10-29,5.25,OZ,1,2.6
2439068725,165,58,5831,107203676,7953,2012-06-16,20.8,OZ,1,4.99
2439072537,26,96,9632,107675070,11386,2012-11-27,1,CT,1,25
2439072678,26,41,4120,101111010,9907,2012-08-11,12,OZ,6,7.14
2439072678,26,69,6901,107940070,1141,2013-04-06,3,OZ,1,3.88
2439076355,431,44,4404,101800010,14029,2012-05-14,25,OZ,1,3.14
2439076355,431,0,0,10000,0,2012-06-26,0,,2,0
2439076355,431,37,3705,105100050,2820,2013-03-06,18.8,OZ,4,5.99
2439076355,431,51,5117,104280040,18599,2013-04-21,10.9,OZ,2,2.5
2439076355,431,55,5558,101111010,4766,2013-05-13,24,OZ,2,5
2439077105,431,7,707,104300040,11339,2012-09-12,30.6,OZ,1,7.49
2439077105,431,0,0,10000,0,2013-03-19,0,,2,0
2439089742,12,53,5307,101111010,9907,2013-06-21,12,OZ,1,0
2439104032,191,27,2707,101780010,3108,2012-03-13,16,LB,1,15.35
2439109125,63,4,416,104000040,16765,2012-07-07,3.29,OZ,1,1
2439109125,63,21,2117,101480010,8019,2013-02-09,60,OZ,1,2.49
2439110790,89,99,9908,101111010,9907,2012-09-22,16,OZ,1,1.49
2439110790,89,51,5125,105010050,8089,2013-06-11,10.5,OZ,1,2
2439127266,96,2,202,104144949,7168,2012-06-22,18,OZ,2,5.58
2439127266,96,9,901,1071860474,12733,2013-06-10,6.88,OZ,1,3.99
2439127474,96,51,5125,101380010,10271,2013-01-13,8.88,OZ,1,2.5
2439127474,96,56,5613,107403070,16922,2013-02-16,32,OZ,1,3.99
2439128385,96,63,6313,107020070,11244,2012-07-16,8.75,OZ,1,3.99
2439128385,96,63,6311,107146474,2142,2013-03-24,32,OZ,1,4.79
2439138755,214,9,920,107978373,1081,2012-05-16,11,OZ,1,2.18
2439138755,214,97,9753,10000,0,2012-09-05,1,CT,1,2.16
2439138755,214,60,6007,101800010,14029,2012-11-03,8,OZ,1,1.98
2439138755,214,99,9904,103338333,33170,2013-01-10,48,OZ,1,-0.4
2439138755,214,40,4005,107695070,23056,2013-04-04,1.12,OZ,1,5.99
2439144851,214,99,9908,103338333,33170,2012-04-14,16,OZ,0,0
2439153739,214,21,2114,107587979,66550,2013-02-24,4,OZ,1,0.88
2439165698,46,9,907,104500040,1574,2012-03-12,16,OZ,1,3.49
2439175002,46,73,7356,1032420838,1488,2012-08-08,120,CT,1,25.83
2439175002,46,72,7205,105310050,804,2012-11-28,5.6,OZ,1,2.69
2439176793,46,41,4105,102400020,4704,2012-03-14,14.5,OZ,2,2.38
2439176793,46,26,2621,104200040,5016,2012-06-25,200,CT,1,2.99
2439176793,46,36,3629,104900040,6716,2012-09-24,67.6,OZ,1,1.25
2439176793,46,56,5607,104125040,11473,2012-12-16,8,OZ,1,2.19
2439178995,46,7,707,102550020,6550,2012-04-23,11.3,OZ,1,3.99
2439181014,46,4,416,104000040,16765,2012-07-09,1.78,OZ,2,1
2439181014,46,99,9904,1078035373,53977,2013-03-15,16,OZ,1,1.5
2439181832,46,3,305,104125040,11473,2012-08-15,16,OZ,1,0.79
2439181832,46,55,5562,1070882070,11473,2012-08-23,48,OZ,1,2.5
2439181832,46,97,9709,107771171,1128,2012-09-03,1,CT,1,1.94
2439182767,46,99,9909,107143070,5072,2012-03-02,12,OZ,1,1.99
2439182767,46,26,2634,103700030,3293,2012-04-19,12,RL,1,7.97
2439184285,46,79,7902,1073714878,47336,2012-03-09,1,CT,1,1
2439184285,46,36,3629,101200010,23360,2012-07-05,144,OZ,2,6.67
2439184285,46,33,3304,102840020,6777,2012-11-16,10.5,OZ,1,3.49
2439184505,46,32,3203,104125040,11473,2012-07-21,6,OZ,1,2.29
2439186351,46,37,3703,104125040,11473,2012-07-25,26,OZ,1,2.05
2439188286,46,6,601,101570010,17882,2013-04-08,10,OZ,2,2.78
2439188618,46,37,3703,104125040,11473,2012-07-05,26,OZ,2,3.58
2439188618,46,62,6201,104125040,11473,2012-10-04,16,OZ,1,2
2439191133,46,4,418,104000040,26517,2013-02-18,9.9,OZ,2,6.24
2439193968,46,9,902,103010030,45064,2012-03-22,16,OZ,2,4.98
2439193968,46,59,5906,103450030,10165,2012-04-12,15,OZ,1,2.99
2439193968,46,71,7113,108087888,13505,2012-09-28,12.6,OZ,1,3.78
2439193968,46,35,3506,103700030,3068,2012-11-29,75,OZ,1,3.99
2439193968,46,9,906,104300040,16249,2012-12-07,5.5,OZ,1,2.15
2439193968,46,56,5620,104610040,15889,2012-12-27,7.5,OZ,1,2.5
