4351032773,191,63,6312,101405414,12973,2013-03-08,12,OZ,2,2.79
4351033425,191,0,0,10000,0,2013-02-14,0,,2,0
4351034063,191,34,3402,101087919,23646,2013-01-30,0.75,OZ,3,5.07
4351049570,96,31,3108,102460020,11990,2012-11-24,26,OZ,1,0.89
4351049570,96,96,9609,1055000050,88199,2013-01-09,0,,1,-1.5
4351049570,96,5,501,101600010,85114,2013-01-12,12.2,OZ,1,0.5
4351097078,214,56,5607,104175747,10216,2013-02-21,6,OZ,1,1.98
4351106356,214,4,419,104000040,5168,2013-03-29,4.5,OZ,2,8
4351106356,214,36,3626,104122040,20514,2013-04-09,72,OZ,1,1.12
4351248011,4,53,5307,107033272,20864,2013-05-20,14,OZ,1,2.99
4351291650,392,72,7205,103500030,3830,2012-12-23,4,OZ,1,2.49
4351300697,390,75,7501,107214070,12679,2012-12-03,8.4,OZ,1,4.11
4351302678,389,74,7409,1075450272,73374,2013-05-08,4,CT,1,9.99
4351317622,390,0,0,10000,0,2012-11-13,0,,4,0
4351317622,390,0,0,10000,0,2012-12-17,0,,2,0
4351317622,390,36,3626,107800070,16223,2013-05-27,67.6,OZ,1,1.69
4351341596,399,21,2118,1061300868,867,2012-11-13,23,OZ,1,0.42
4351354253,392,0,0,10000,0,2013-04-04,0,,1,0
4351360814,398,0,0,10000,0,2013-05-09,0,,3,0
4351361037,398,34,3402,102660626,25362,2013-04-19,8,OZ,2,4.78
4351362493,398,71,7110,103700030,8047,2013-02-23,14.2,OZ,1,5.99
4351364853,398,4,417,103400030,15113,2013-01-29,2.5,OZ,2,2.5
4351392722,399,33,3310,104902242,22148,2012-12-05,2,OZ,1,0.79
4351392722,399,69,6901,107940070,5168,2013-04-14,2.7,OZ,1,2.46
4351392722,399,95,9518,107000070,7848,2013-05-16,1,CT,1,1.95
4351401111,398,5,501,101600010,85114,2012-12-18,12.2,OZ,1,4.49
4351401302,398,0,0,10000,0,2012-11-30,0,,3,0
4351401302,398,0,0,10000,0,2012-12-12,0,,1,0
4351417950,399,73,7305,1031191737,19572,2013-01-21,3,OZ,1,11.99
4351425119,399,0,0,10000,0,2013-04-27,0,,2,0
4351427059,399,27,2712,104902242,13897,2013-03-16,50,CT,1,7.99
4351461307,399,0,0,10000,0,2013-02-23,0,,9,0
4351461307,399,73,7347,1085962686,69933,2013-03-06,1,CT,1,7.99
4351463476,399,97,9799,107384171,15688,2013-02-09,10,LB,2,5.98
4351471598,399,9,917,103862232,5654,2013-04-14,10,OZ,2,0.9
4351473963,399,92,9210,102270020,4197,2012-11-30,0.32,OZ,1,6.49
4351478725,399,16,1604,102200020,13228,2013-03-21,14,CT,1,1.29
4351494417,399,51,5115,103120535,8422,2012-12-22,8.5,OZ,1,3.59
4351498331,399,26,2634,104200040,14813,2012-11-23,9,RL,1,4
4351506369,393,21,2113,1088399080,108177,2013-05-23,6,OZ,1,2.29
4351514372,399,97,9743,105113555,52,2013-01-02,8,CT,1,0
4351519232,399,0,0,10000,0,2013-01-19,0,,2,0
4351519232,399,7,702,102800020,18041,2013-04-25,7,OZ,2,11.24
4351520503,399,36,3601,104900040,3809,2012-12-28,60,OZ,1,2.99
4351526926,399,73,7308,103660232,15274,2012-11-19,24,CT,1,0
4351526926,399,4,410,104137646,6663,2012-11-25,5.3,OZ,1,1.96
4351533084,399,26,2633,104902242,95603,2013-03-10,1,RL,5,2.5
4351536030,399,81,8101,102820020,11186,2013-04-27,1,CT,1,9.49
4351552235,399,81,8101,102820020,11186,2012-11-15,1,CT,1,8.99
4351554206,399,73,7307,1031191737,19572,2013-04-25,36,CT,1,6.79
4351554210,399,0,0,10000,0,2013-05-07,0,,3,0
4351557865,390,4,418,103400030,45489,2012-12-22,8,OZ,1,2.99
4351558639,399,36,3601,101200010,13794,2013-05-22,20,OZ,1,1.27
4351569200,391,0,0,10000,0,2013-01-06,0,,1,0
4351582459,398,26,2613,103600030,8583,2012-11-20,36,CT,2,8.99
4351587422,398,0,0,10000,0,2013-02-05,0,,1,0
4351588871,398,26,2632,103700030,13481,2013-03-07,216,CT,1,5.09
4351590121,398,25,2507,102186323,8799,2013-06-17,32,OZ,1,1.92
4351592203,398,92,9208,104319444,16067,2012-11-23,18,CT,4,5.01
4351592203,398,34,3405,101111111,5168,2012-12-06,3.17,OZ,2,1.98
4351592468,398,75,7520,104902242,17495,2013-01-29,70,CT,1,1.69
4351592784,398,55,5552,104154848,5603,2013-05-21,48,OZ,2,7
4351596770,398,0,0,10000,0,2013-04-11,0,,6,0
4351598795,398,56,5620,102100020,9886,2013-03-05,8,OZ,1,2.99
4351599539,398,26,2632,103600030,8583,2013-05-22,56,CT,1,3.59
4351602225,398,4,410,107920070,20031,2013-05-18,1.65,OZ,1,0.5
4351603342,398,0,0,10000,0,2012-12-22,0,,1,0
4351606589,393,73,7302,1031191737,19572,2012-12-18,20,CT,1,3.99
4351606944,398,0,0,10000,0,2012-12-27,0,,1,0
4351614137,398,26,2613,103700030,10861,2013-05-31,23,CT,1,6.99
4351615015,398,36,3626,104900040,17186,2012-11-07,59.17,OZ,1,0.99
4351620899,393,5,516,104902242,22148,2013-05-08,7,OZ,1,1.99
4351620899,393,26,2628,104902242,22148,2013-06-10,6,RL,1,5.99
4351622426,393,26,2633,104902242,95603,2013-03-24,4,RL,2,3
4351623628,393,0,0,10000,0,2013-02-25,0,,4,0
4351625279,398,92,9208,104902242,17495,2012-12-15,7,CT,1,2.79
4351632285,393,16,1604,102200020,20100,2013-01-27,15,CT,1,1.49
4351633648,393,26,2614,103700030,514,2012-11-18,14,CT,1,3.49
4351633648,393,64,6401,101820010,12358,2013-05-16,24,OZ,2,2.18
4351637598,393,33,3305,102840020,18584,2013-01-25,13,OZ,1,0
4351662081,398,33,3308,104126242,92654,2013-06-09,2.38,OZ,1,0.99
4351669340,398,73,7331,1031191737,19572,2013-01-17,1,CT,1,47.99
4351680290,391,26,2615,104902242,19572,2013-02-21,40,CT,2,7.98
4351680290,391,0,0,10000,0,2013-05-18,0,,3,0
4351684519,393,27,2702,101780010,30972,2012-11-22,3.5,LB,1,5.99
4351694931,393,4,421,107046272,17815,2013-04-26,3.1,OZ,1,1
4351697528,393,16,1604,102200020,6021,2012-11-10,15,CT,1,1.19
4351712098,393,92,9204,1068804767,33039,2012-11-29,7.5,OZ,1,3.99
4351740392,393,92,9204,1073385474,27382,2013-05-21,0.5,OZ,1,1.99
4351743855,393,72,7205,1031015838,16196,2013-02-06,4,OZ,1,6.29
4351752999,393,72,7214,101254616,18738,2013-03-16,16,CT,1,0.99
4351758226,393,4,418,103400030,45489,2013-04-08,19.75,OZ,1,4.49
4351760736,393,0,0,10000,0,2013-05-23,0,,1,0
4351766983,393,37,3711,105100050,2820,2012-11-07,15.4,OZ,1,2.49
4351771216,393,15,1506,103120030,12957,2012-11-08,9,OZ,1,3
4351779717,393,0,0,10000,0,2013-02-26,0,,3,0
4351782305,393,38,3801,104902242,22148,2013-03-08,4,LB,1,3.99
4351785380,393,0,0,10000,0,2013-04-19,0,,2,0
4351789900,389,0,0,10000,0,2012-12-21,0,,1,0
4351791978,390,97,9748,104588848,20305,2013-04-04,2,CT,1,5.49
4351800804,390,72,7205,103320030,875,2013-01-09,6,OZ,1,4.49
4351824389,392,37,3706,104119646,14582,2012-11-19,18.5,OZ,1,2.75
4351828613,392,72,7214,102200020,13228,2012-11-29,54,CT,1,2.97
4351836551,392,64,6408,108500080,21883,2013-04-29,1.5,LT,2,15.98
4351841270,389,0,0,10000,0,2013-01-10,0,,5,0
4351854012,392,0,0,10000,0,2013-04-06,0,,2,0
4351855286,392,34,3405,101111111,5168,2012-12-18,24,OZ,1,8.49
4351877979,391,72,7203,104116747,193,2013-05-29,18,OZ,2,8.98
4351889887,392,75,7520,1030052131,27166,2012-11-14,170,CT,1,2.8
4351889887,392,96,9609,1051111151,88199,2012-12-21,0,,1,-1
4351897350,392,34,3405,101111111,5168,2013-03-01,3.15,OZ,1,0.85
4351913851,392,37,3703,105100050,2820,2013-01-05,10.75,OZ,1,1.49
4351913851,392,35,3504,103700030,4628,2013-04-01,9,OZ,1,0.99
4351913920,390,36,3611,101200010,803,2013-03-08,20,OZ,2,3
4351919403,392,4,416,104000040,11698,2012-12-03,1.1,OZ,1,0.33
4351920626,392,33,3305,102840020,5141,2013-01-27,2.13,OZ,1,0.93
4351920626,392,36,3635,104902242,22148,2013-06-04,16.9,OZ,1,0.79
4351933367,392,73,7304,104110040,4082,2013-02-16,20,CT,1,4.24
4351946839,392,79,7901,102710020,4126,2013-03-04,1,CT,1,3.99
4351950180,392,4,418,103400030,452,2013-02-12,4.8,OZ,1,1.69
4351970014,392,79,7903,109256797,13776,2012-12-17,1,CT,1,3.99
4351979324,392,18,1813,105113151,19770,2012-12-01,1,RL,1,1.49
4351979324,392,34,3403,104902242,19572,2013-02-23,4.5,OZ,10,3.9
4351983072,392,72,7214,101254616,18738,2012-11-28,60,CT,2,8.58
4351992890,392,96,9609,1054650050,88199,2013-06-25,0,,1,-1
4352017872,391,0,0,10000,0,2012-12-01,0,,1,0
4352018870,391,33,3307,104157040,2017,2013-06-17,6,OZ,1,4.29
4352035553,391,92,9208,107410878,3947,2013-03-26,1,CT,1,10.5
4352039684,391,92,9212,1071748979,11687,2012-11-21,0.17,OZ,1,2.46
4352040611,391,0,0,10000,0,2013-03-26,0,,1,0
4352040611,391,0,0,10000,0,2013-06-13,0,,2,0
4352053120,391,96,9609,1053500050,88199,2013-05-21,0,,5,-5.5
4352055109,391,33,3301,1084357181,14274,2012-11-17,6.75,OZ,1,1.99
4352058698,389,4,421,107046272,16934,2013-02-13,3.5,OZ,1,1.35
4352072320,391,29,2906,104178949,11224,2013-04-11,4,OZ,1,1.1
4352072320,391,16,1604,101254616,4806,2013-06-20,9,CT,1,0.84
4352088489,391,0,0,10000,0,2013-01-09,0,,2,0
4352114836,391,35,3509,103320030,875,2013-04-20,50,OZ,2,4.79
4352118503,390,0,0,10000,0,2013-01-18,0,,2,0
4352135049,390,4,412,104902242,22148,2013-01-10,21,OZ,1,1.79
4352154677,390,0,0,10000,0,2013-04-21,0,,2,0
4352170125,390,92,9208,104145747,7487,2012-11-10,12,CT,1,2.99
4352171743,390,33,3311,102840020,27521,2012-12-29,3.25,OZ,1,1.27
4352176807,390,8,801,101300010,8164,2013-02-04,32,OZ,1,3.79
4352189440,390,79,7901,107224676,20014,2013-06-16,1,CT,1,1.79
4352191120,390,71,7113,102279626,13267,2013-01-12,8,OZ,1,4.99
4352228432,390,97,9799,104902242,10623,2012-11-17,1,CT,6,50.94
4352238204,389,9,902,101410010,45039,2013-03-17,6.6,OZ,1,2.49
4352238404,389,75,7501,103428535,272,2012-12-25,8,OZ,1,1.69
4352238404,389,4,407,103400030,18947,2013-06-06,4.2,OZ,1,1.06
4352258027,389,21,2119,1061300868,867,2012-11-20,128,OZ,1,2.5
4352273868,389,35,3504,103700030,4628,2013-06-12,9,OZ,1,1.35
4352274263,389,27,2702,102310020,13705,2012-11-13,13.5,LB,1,13.59
4352274875,389,64,6407,108068686,78236,2013-04-12,0.75,LT,1,4
4352275822,389,4,410,104902242,22148,2012-12-23,3.75,OZ,1,0.99
4352281371,389,96,9609,1053500050,88199,2012-12-04,0,,1,-0.5
4352288128,389,26,2628,104902242,18859,2013-03-02,8,RL,1,5
4352293192,389,4,417,103400030,9739,2013-05-31,3,OZ,1,1.52
4352297871,389,4,427,10980090,18366,2012-12-02,1,OZ,1,0.99
4352298299,389,33,3310,102840020,3387,2013-03-24,6,OZ,1,1.7
4352318867,389,0,0,10000,0,2013-02-14,0,,1,0
4352319218,389,36,3611,107929878,5984,2013-02-22,33.8,OZ,1,1
4352319218,389,5,501,103800030,14900,2013-04-29,18.2,OZ,1,4.99
4352319218,389,92,9208,106520363,49577,2013-06-11,1,CT,1,1
4352319971,389,92,9206,10360734636,4142,2012-12-26,0.38,OZ,1,2.12
4352323368,389,7,706,101200010,17286,2013-05-11,9.5,OZ,1,1.1
4352324503,389,0,0,10000,0,2013-02-18,0,,1,0
4352338125,389,33,3317,104610040,15889,2013-01-17,3.62,OZ,2,2
4352338125,389,9,908,107203070,5812,2013-05-19,10.5,OZ,1,2.99
4352339687,389,81,8101,102820020,11186,2013-04-25,1,CT,2,10.78
4352355726,389,73,7311,1031011939,1488,2013-02-15,24,OZ,1,15.29
4352358237,389,95,9518,1072047373,7848,2013-05-30,1,CT,6,28.94
4352360738,389,0,0,10000,0,2013-06-19,0,,1,0
4352387305,389,73,7302,1030057333,250,2013-05-22,20,CT,1,5.49
4352397746,397,33,3307,104902242,22148,2013-06-06,2.25,OZ,1,0.87
4352411445,395,33,3307,104157040,2017,2013-01-31,16,OZ,1,7.99
4352425549,396,33,3303,102840020,10241,2012-11-24,2.88,OZ,1,1.49
4352445938,394,70,7004,103566434,9224,2013-04-18,1,CT,1,20.99
4352477166,394,71,7113,1060559262,12610,2013-02-08,33.8,OZ,3,14.01
4352493946,394,0,0,10000,0,2013-01-29,0,,1,0
4352511905,394,0,0,10000,0,2013-01-28,0,,2,0
4352540529,394,73,7308,1031191737,19572,2013-01-18,100,CT,1,1.99
4352550078,394,33,3308,102840020,3336,2013-01-15,3.75,OZ,1,1.27
4352565864,395,26,2628,104902242,18859,2013-04-03,1,RL,1,0.5
4352566622,395,18,1842,104178545,12907,2013-03-03,1,CT,1,5.99
4352578425,395,0,0,10000,0,2012-12-13,0,,1,0
4352581113,395,0,0,10000,0,2012-12-23,0,,1,0
4352595275,395,57,5710,1089470080,21065,2013-02-07,5.3,OZ,1,1.59
4352595361,395,0,0,10000,0,2012-12-21,0,,1,0
4352595361,395,0,0,10000,0,2013-04-09,0,,1,0
4352598356,395,0,0,10000,0,2013-01-03,0,,1,0
4352598356,395,26,2628,105400050,16048,2013-04-01,6,RL,1,4.25
4352606809,395,26,2611,1031191737,19572,2013-06-08,52,CT,1,18.99
4352609189,396,22,2210,103700030,5174,2012-11-07,34,OZ,1,6.49
4352610659,395,71,7113,108087888,13505,2013-01-18,10.1,OZ,1,8.99
4352619479,395,27,2702,101780010,30972,2013-05-11,3.5,LB,1,7.99
4352620596,395,34,3402,108730080,50958,2013-05-21,2,OZ,1,4.86
4352632858,395,4,416,105025555,15334,2013-03-29,3.5,OZ,1,2.8
4352638932,395,0,0,10000,0,2012-12-18,0,,1,0
4352652471,395,33,3307,104902242,62202,2013-01-01,10.6,OZ,1,8.49
4352657823,395,0,0,10000,0,2013-06-24,0,,2,0
4352660792,395,26,2632,1061035262,59037,2013-04-08,120,CT,1,2
4352662087,395,33,3350,101708212,9033,2012-12-11,2,OZ,1,2.29
4352662454,395,64,6408,101834111,1387,2012-12-27,0.75,LT,2,11.98
4352677689,396,92,9214,107124979,21913,2013-06-13,4,OZ,2,11.98
4352680046,397,0,0,10000,0,2013-03-14,0,,2,0
4352690159,396,51,5122,104902242,62202,2013-05-07,10.9,OZ,1,4.24
4352690630,395,4,417,103400030,15113,2013-06-09,2.8,OZ,1,1.49
4352699639,394,0,0,10000,0,2013-02-01,0,,1,0
4352714912,397,34,3411,104902242,19572,2013-05-05,12,OZ,1,5.49
4352715662,397,0,0,10000,0,2013-06-14,0,,2,0
4352715662,397,16,1604,107339070,11515,2013-06-19,50,CT,1,3.59
4352721384,394,72,7205,103500030,3830,2012-11-30,6,OZ,2,10.58
4352745046,394,4,419,107726070,15624,2012-11-27,1,OZ,2,0.5
4352751693,394,73,7302,1030006737,5995,2013-05-24,200,CT,1,16.99
4352753560,394,4,418,103400030,8247,2012-11-28,6.3,OZ,1,2.54
4352770341,394,73,7305,1032390030,19348,2013-02-08,0.01,OZ,2,12.98
4352786982,396,26,2632,1061035262,59037,2012-11-14,120,CT,1,2
4352800960,396,33,3303,102840020,10241,2013-02-27,1.88,OZ,2,1.5
4352824647,395,5,516,101600010,6283,2013-05-23,5.85,OZ,1,1.99
4352828924,396,73,7344,1030014939,80272,2013-03-06,16,OZ,1,7.99
4352829433,396,26,2619,104902242,22148,2013-03-18,40,CT,1,4.99
4352853279,396,12,1207,107114070,7078,2013-01-22,3.75,OZ,1,1.99
4352867906,396,74,7407,104740040,7196,2013-01-03,3,CT,1,12.99
4352867906,396,0,0,10000,0,2013-04-19,0,,1,0
4352896922,396,0,0,10000,0,2013-01-06,0,,4,0
4352898781,396,4,416,103400030,44358,2013-03-24,1.55,OZ,1,0.67
4352902134,396,4,419,1074759979,7168,2013-01-17,5.32,OZ,1,3.69
4352911752,396,4,416,101070010,56124,2013-01-03,1.85,OZ,2,1
4352930383,395,33,3315,104902242,28866,2012-12-18,13,OZ,2,5
4352930383,395,0,0,10000,0,2013-04-25,0,,9,0
4352931241,395,33,3350,101708212,9033,2013-03-27,3.25,OZ,2,9
4352940455,395,4,419,107674070,19828,2012-12-24,12,OZ,1,9.99
4352960910,395,6,610,1061126969,15041,2013-03-06,12,OZ,1,2.54
4352960910,395,0,0,10000,0,2013-03-28,0,,2,0
4352969122,395,6,607,1085406989,4070,2013-03-09,1.76,OZ,2,1.98
4352973477,395,81,8101,101230010,2803,2013-04-03,1,CT,1,6.91
4352975475,395,95,9517,104902242,8410,2012-11-30,20,CT,2,1.48
4352975475,395,92,9208,104145747,7487,2013-01-29,6,CT,1,2.99
4352975475,395,4,412,107279979,19735,2013-03-25,5.5,OZ,1,2.49
4352982723,397,36,3618,104900040,23359,2013-06-17,20,OZ,2,3
4352984756,397,92,9215,104902242,19572,2013-04-26,1.7,OZ,1,12.99
4352986101,397,97,9799,104902242,10623,2012-11-22,1,CT,1,4.24
4352986101,397,9,908,104902242,22148,2013-05-25,7,OZ,2,1.94
4352993067,397,0,0,10000,0,2013-06-02,0,,2,0
4353002116,397,0,0,10000,0,2012-12-19,0,,2,0
4353002116,397,73,7344,1031191737,19572,2013-01-08,150,CT,1,3.19
4353016677,397,0,0,10000,0,2013-03-19,0,,2,0
4353020924,397,20,2002,105100050,27873,2013-06-14,46,OZ,1,4.49
4353040945,397,75,7507,104902242,19572,2013-05-01,5,OZ,1,4.59
4353043372,397,73,7304,1031191737,19572,2013-02-18,120,CT,2,39.98
4353044483,397,36,3634,1073951070,16807,2013-03-20,20,OZ,2,3
4353063680,397,0,0,10000,0,2013-02-14,0,,3,0
4353063680,397,36,3635,104902242,22148,2013-06-12,16.9,OZ,3,2
4353078749,397,6,607,107431272,12440,2012-12-17,16,OZ,2,33.98
4353257229,109,1,106,101500010,29555,2013-01-06,6,OZ,1,2.79
4353257229,109,21,2108,107417575,20614,2013-02-06,64,OZ,1,1.99
4353301606,24,63,6315,1071754474,17653,2013-02-02,64,OZ,1,2.99
4353413849,507,97,9735,1074677575,5000,2013-04-19,1,CT,1,3.49
4353433118,507,1,103,101500010,29555,2012-11-07,5.5,OZ,1,2.84
4353433118,507,1,106,101500010,29555,2012-11-13,6,OZ,1,1.32
4353602083,508,74,7405,104740040,7196,2013-05-08,10,CT,0,0
4353647535,510,10,1010,105150050,16728,2013-05-31,12.25,OZ,1,2.19
4353662657,510,63,6320,108523989,833,2013-04-24,12,CT,1,4.19
4353690435,510,97,9784,1088590989,754,2012-11-07,1,CT,1,295
4353732755,368,18,1854,104902242,22148,2012-12-19,2,CT,1,2.79
4353744368,368,9,908,107203070,5812,2013-01-13,13.5,OZ,1,2.99
4353809195,40,9,901,103010030,19370,2013-04-30,14.2,OZ,1,1.98
4353826440,101,63,6328,1068826767,81691,2013-01-14,24,OZ,1,3.37
4353826440,101,96,9609,1055000050,88199,2013-05-10,0,,1,-1
4353826440,101,71,7113,107940070,17521,2013-05-24,22.5,OZ,1,1.5
4353829680,6,75,7503,104138848,1993,2012-05-24,0.15,OZ,1,1.5
4353829680,6,63,6311,108259282,12297,2012-06-14,15.2,OZ,1,2.99
4353829806,6,29,2928,101530010,58299,2012-08-15,4.3,OZ,4,6
4353829854,6,59,5902,1068826767,12475,2012-07-22,16,OZ,1,4.79
4353829854,6,58,5827,104470040,13310,2012-07-22,12,OZ,1,7.49
4353829854,6,26,2622,1068826767,16965,2012-08-18,50,CT,1,1.99
4353829854,6,35,3508,107261373,19976,2012-10-15,50,OZ,2,13.78
4353829855,6,9,902,104400040,12279,2012-11-28,16.5,OZ,1,3.29
4353839175,62,54,5403,101800010,14029,2013-01-16,11.5,OZ,2,4
4353839175,62,9,901,104400040,3453,2013-07-13,13,OZ,2,3.98
4353848439,65,63,6305,102500020,11749,2013-02-03,59,OZ,1,2.79
4353880834,165,27,2704,107910070,30096,2012-12-15,24,OZ,1,3.99
4353922446,191,25,2506,104410040,8481,2012-12-31,16,OZ,1,2.19
4353922446,191,58,5832,103760030,8501,2013-07-03,6,OZ,1,3
4353922446,191,9,907,107304070,25881,2013-07-10,24,OZ,1,2.59
4353922446,191,58,5833,101111010,6848,2013-07-22,16,OZ,1,2.29
4353922522,191,26,2609,104200040,5016,2013-01-05,40,CT,1,5.29
4353922522,191,97,9709,107978474,33170,2013-03-03,0,,1,3.29
4353922910,191,96,9609,1054610050,88199,2013-03-20,0,,1,-1
4353922937,191,26,2630,103600030,9787,2013-03-01,30,CT,1,1.49
4353923242,191,18,1890,107173676,10390,2012-11-14,1,CT,1,7.49
4353923242,191,38,3802,101580010,2649,2012-12-14,2,LB,1,2.27
4353924413,191,99,9908,101111010,9907,2013-04-20,16,OZ,1,1.29
4353942326,96,0,0,10000,0,2012-11-23,0,,1,0
4353947459,214,29,2914,104122040,23511,2013-03-18,12,OZ,1,1.68
4353947459,214,97,9716,107919171,3104,2013-03-23,32,OZ,2,8.72
4353951777,214,41,4121,107538676,4702,2012-11-12,7.4,OZ,4,1.08
4354005832,214,1,106,101500010,29555,2012-12-02,6,OZ,2,2.92
4354008879,214,25,2506,105000050,32115,2012-12-03,32,OZ,2,5.56
4354032320,206,11,1110,108201181,12197,2013-02-23,6,OZ,1,3.07
4354032320,206,5,501,103800030,17050,2013-03-28,13.5,OZ,2,8.62
4354032320,206,97,9707,108685484,10218,2013-06-04,3,CT,1,2.68
4354136743,389,97,9799,103890535,14896,2012-12-18,1,CT,0,0
4354136743,389,33,3303,102840020,10241,2013-02-01,10,OZ,1,1.99
4354137793,389,36,3626,104900040,17186,2012-11-25,20,OZ,1,1.52
4354145702,388,95,9518,107000070,7848,2013-04-28,1,CT,1,2.99
4354150341,390,4,419,107674070,19828,2013-02-21,6.25,OZ,1,3.49
4354150341,390,36,3611,1063256565,6303,2013-05-22,16.9,OZ,1,1.39
4354153581,390,19,1908,105150050,9189,2013-02-26,18,OZ,1,3.99
4354156326,397,92,9208,104319444,16067,2013-06-05,2,CT,1,2.79
4354195763,392,81,8101,102720020,13461,2013-05-19,1,CT,1,4.19
4354195947,392,73,7307,1031191737,19572,2013-04-28,48,CT,1,5.99
4354219637,399,97,9744,104902242,19770,2013-03-01,1,CT,1,2.39
4354220965,393,92,9211,104155444,11347,2013-02-10,0.09,OZ,1,1.99
4354222572,393,81,8115,107033070,1783,2013-03-27,1,CT,1,1.99
4354226582,398,0,0,10000,0,2013-03-29,0,,1,0
4354226582,398,92,9207,107964272,1443,2013-05-23,1,CT,1,9.99
4354226673,398,71,7114,107940070,17521,2013-04-21,11,OZ,1,2.99
4354227772,398,35,3509,103700030,174,2013-01-01,20,OZ,1,3.49
4354228267,398,71,7106,103700030,8047,2013-03-02,14.2,OZ,1,5.99
4354229912,398,5,516,101600010,6283,2013-02-25,7,OZ,1,2
4354230854,393,21,2119,1061300868,867,2013-04-15,23,OZ,2,1
4354233424,393,36,3611,104902242,22148,2013-02-28,405.6,OZ,2,4.98
4354250098,399,97,9709,104205444,6394,2013-05-06,1,CT,1,2.49
4354251729,399,4,427,102200020,506,2013-05-18,1.76,OZ,1,1.99
4354252240,399,4,419,104000040,5168,2012-12-06,7.94,OZ,1,5.29
4354268691,399,9,907,107432373,1866,2012-11-28,20,OZ,1,1.99
4354268691,399,25,2509,104190040,4664,2013-02-27,14,OZ,1,1.49
4354275275,398,9,907,107082171,8388,2013-03-03,24,OZ,1,2.89
4354275539,399,33,3315,102620020,4615,2013-02-26,5.25,OZ,2,2
4354278908,391,33,3315,104902242,22148,2013-05-09,3.5,OZ,1,0.79
4354279334,399,10,1004,104300040,26232,2013-05-27,1,OZ,1,0.79
4354279482,398,72,7205,103320030,25445,2013-05-22,6,OZ,1,2.29
4354284031,399,16,1604,102200020,13228,2013-04-12,42,CT,2,4
4354291248,399,67,6706,1030052131,19243,2013-01-26,3.75,OZ,1,3.99
4354294583,399,6,609,1069341363,6018,2013-05-07,5.64,OZ,1,5.49
4354294711,399,92,9204,1073150979,9732,2013-05-21,31,CT,1,7.49
4354297537,399,73,7303,1085707484,79624,2013-06-18,3,OZ,1,14.99
4354314768,399,9,901,103010030,6852,2013-04-06,11.5,OZ,1,1.69
4354315293,399,0,0,10000,0,2013-03-13,0,,1,0
4354345645,399,5,501,103800030,17050,2013-02-03,12,OZ,1,2.5
4354345645,399,0,0,10000,0,2013-03-03,0,,2,0
4354347025,399,71,7113,108087888,13505,2012-11-26,12.6,OZ,2,8.23
4354354561,399,0,0,10000,0,2012-12-09,0,,1,0
4354356918,399,72,7205,103320030,875,2013-01-10,6,OZ,1,4.99
4354385651,399,73,7344,1030076636,18877,2013-05-27,96,CT,1,6.99
4354393296,399,72,7203,103700030,4294,2013-02-20,33.8,OZ,1,4.99
4354421752,398,26,2632,1031191737,19572,2012-12-25,78,CT,1,1.83
4354431319,398,0,0,10000,0,2013-01-17,0,,3,0
4354431440,398,4,421,107097070,56002,2013-04-06,5,OZ,1,1.27
4354432979,398,72,7205,103700030,4294,2013-06-02,2.7,OZ,0,0
4354434512,398,33,3307,104902242,22148,2013-01-22,16,OZ,1,3.19
4354436742,398,4,418,103400030,15113,2013-03-30,3.4,OZ,1,2.19
4354436742,398,58,5823,104470040,13310,2013-05-21,8,OZ,1,1.79
4354437788,398,0,0,10000,0,2013-06-11,0,,1,0
4354441387,398,69,6901,107940070,1141,2013-06-26,2.7,OZ,1,4.23
4354442585,398,0,0,10000,0,2013-02-16,0,,1,0
4354456443,398,97,9704,102521525,11327,2013-01-22,5,CT,5,10
4354456779,398,26,2632,103600030,8583,2013-04-08,16,CT,1,1.99
4354460145,398,27,2701,101113212,491,2013-06-15,13.2,OZ,1,1.29
4354460185,398,9,907,101342111,102770,2013-05-11,14,OZ,1,2.19
4354460556,398,1,106,108816989,7142,2013-02-19,4,OZ,2,1.49
4354460556,398,0,0,10000,0,2013-04-20,0,,1,0
4354466414,398,1,106,108816989,7142,2012-11-27,4,OZ,1,0.79
4354479345,393,4,416,104000040,11698,2012-12-23,1.91,OZ,2,1.79
4354488773,393,4,417,102800020,2631,2012-12-31,3.5,OZ,1,1
4354488773,393,4,417,107172070,9365,2012-12-31,4,OZ,1,1
4354490579,393,36,3628,101200010,12029,2013-01-11,67.6,OZ,1,1.69
4354510956,393,4,419,103746636,10488,2012-11-23,3.5,OZ,3,9.87
4354515581,393,73,7347,1085965484,69833,2012-11-23,1,CT,1,7.48
4354517936,393,22,2210,103500030,17523,2012-11-25,33.8,OZ,10,12.7
4354538800,393,4,419,104142040,6264,2012-12-05,2.65,OZ,3,5.97
4354538800,393,55,5552,104902242,19572,2013-03-16,16,OZ,1,0.98
4354547360,393,16,1604,102200020,6021,2013-02-07,15,CT,3,2
4354549751,393,22,2211,107261373,16794,2013-04-09,80,CT,1,4.79
4354555310,393,92,9210,104155444,11347,2013-01-25,1,OZ,1,3.4
4354571816,393,43,4302,107027272,15085,2012-12-25,6.5,OZ,1,2.79
4354601632,393,4,419,104000040,5168,2012-11-21,1.44,OZ,1,0.99
4354602804,393,33,3305,102840020,18584,2013-03-25,10,OZ,1,4.29
4354610546,393,0,0,10000,0,2012-11-21,0,,2,0
4354621140,392,8,807,101340919,17823,2013-04-01,18,OZ,1,2.79
4354657496,392,26,2633,104902242,22148,2013-05-20,12,RL,1,4.99
4354667310,392,21,2105,105200050,7054,2013-06-17,48,OZ,1,2.99
4354679412,392,92,9204,107417070,15743,2013-05-15,0.31,OZ,1,3.39
4354698193,392,34,3411,102279626,13267,2013-03-20,13,OZ,1,3.65
4354706641,392,36,3611,108304686,8688,2013-05-21,405.6,OZ,1,6.49
4354715543,392,4,416,102800020,4346,2012-12-30,1.55,OZ,6,3
4354732569,390,95,9518,107000070,7848,2013-04-23,1,CT,1,4.99
4354748857,392,0,0,10000,0,2013-03-01,0,,4,0
4354748857,392,21,2119,101200010,10522,2013-04-16,33.8,OZ,1,0.84
4354748857,392,36,3618,101200010,23361,2013-04-21,67.6,OZ,1,1.69
4354752058,392,26,2609,104902242,33170,2012-11-30,50,CT,2,4
4354753985,392,73,7308,1031254636,7853,2013-03-13,20,CT,2,5
4354781478,392,81,8101,102610020,12599,2013-01-04,1,CT,1,5.99
4354788326,392,97,9748,107033070,1783,2013-03-29,5,CT,1,2.99
4354790822,390,92,9206,102616929,2098,2013-01-27,11.2,OZ,2,8.5
4354793935,389,72,7215,1081445787,10849,2012-11-27,2.6,OZ,1,4.99
4354800822,392,69,6901,107940070,5168,2013-03-22,0.5,OZ,1,1.44
4354802685,391,95,9517,104902242,8410,2012-12-11,30,CT,1,2.99
4354803643,389,0,0,10000,0,2012-11-08,0,,14,0
4354855548,391,26,2634,103700030,3293,2013-02-04,6,RL,1,3.99
4354866192,391,69,6901,101700010,15288,2013-02-14,2.6,OZ,2,1.44
4354982317,390,33,3308,102840020,3336,2013-03-05,2.38,OZ,2,2.18
4354982317,390,5,517,103800030,17050,2013-05-25,4.86,OZ,1,2.99
4355020480,390,81,8101,102720020,13461,2013-01-23,1,CT,0,0
4355029905,390,33,3310,102829323,2385,2012-12-10,3.5,OZ,1,1.99
4355037401,390,0,0,10000,0,2013-01-24,0,,1,0
4355091449,389,72,7205,103500030,3830,2013-03-25,4,OZ,2,2.54
4355105414,389,4,419,10980090,6267,2012-12-24,6.6,OZ,1,8.92
4355116831,389,7,706,101200010,17286,2013-05-21,15,OZ,1,3.29
4355126597,389,36,3632,102500020,11749,2012-11-25,67.6,OZ,1,0.99
4355127059,389,36,3632,107800070,17635,2012-12-09,67.6,OZ,1,1.49
4355144089,389,34,3411,101700010,3764,2013-01-15,24,OZ,1,4
4355150026,389,81,8101,102820020,11186,2013-01-11,1,CT,2,9.46
4355150026,389,26,2632,1089775282,2179,2013-05-09,30,CT,1,3.99
4355155479,389,0,0,10000,0,2013-02-21,0,,8,0
4355158153,389,0,0,10000,0,2013-02-25,0,,8,0
4355165119,389,63,6315,107072070,31414,2012-12-03,128,OZ,1,3.99
4355186274,389,5,504,1078656070,24808,2012-12-24,3.52,OZ,1,1.52
4355204995,395,4,416,104000040,16765,2013-02-02,1.86,OZ,4,2.36
4355227651,397,21,2106,105100050,27873,2013-05-13,64,OZ,1,2.79
4355231174,397,33,3307,104157040,2017,2013-03-09,16,OZ,7,32.69
4355238263,397,0,0,10000,0,2013-02-01,0,,1,0
4355239487,396,4,417,103400030,9739,2013-06-08,3,OZ,1,1.49
4355260158,397,95,9517,104902242,28130,2013-02-16,1,CT,1,0.99
4355275158,397,36,3629,101200010,23360,2013-02-26,20,OZ,1,1.35
4355279426,397,0,0,10000,0,2013-05-21,0,,1,0
4355282505,397,74,7402,1084105888,5593,2013-01-28,7,OZ,1,2.99
4355303178,397,73,7359,109296191,80886,2013-01-29,50,CT,1,5.95
4355315009,397,4,423,101130010,2272,2012-11-25,3.5,OZ,1,2.69
4355322162,397,0,0,10000,0,2013-03-03,0,,1,0
4355335034,397,5,516,103000030,14760,2013-01-04,1.23,OZ,2,0.84
4355335034,397,33,3303,102840020,10241,2013-01-20,10.5,OZ,1,0
4355345670,397,0,0,10000,0,2012-12-02,0,,2,0
4355354747,397,96,9609,1053600050,88199,2013-01-18,0,,2,-4
4355367084,397,26,2634,104200040,14813,2013-05-17,9,RL,1,4.29
4355369802,395,33,3302,107615070,194,2013-01-31,8.25,OZ,1,2.49
4355387135,397,18,1828,101980010,15181,2013-03-08,7.5,OZ,3,2.52
4355406296,394,0,0,10000,0,2013-04-13,0,,1,0
4355409637,397,34,3402,107050171,12554,2013-03-27,6.7,OZ,1,7.29
4355414253,397,63,6315,104127141,12927,2013-04-20,128,OZ,3,8.97
4355437378,396,0,0,10000,0,2013-01-28,0,,1,0
4355448199,396,72,7205,1031015838,16196,2012-12-13,4,OZ,1,4.99
4355460471,396,0,0,10000,0,2012-11-30,0,,1,0
4355486283,394,21,2118,1061300868,867,2013-03-07,23,OZ,1,0.84
4355493808,396,27,2706,105000050,6132,2012-12-12,3,OZ,8,6
4355500657,396,34,3402,1030029939,3224,2012-12-11,16,OZ,1,7.99
4355523739,396,34,3402,108730080,50958,2013-04-12,5,OZ,1,8.49
4355559036,396,57,5705,107047070,20230,2013-02-25,6,OZ,2,1.98
4355564505,396,72,7205,105310050,804,2013-01-12,6.4,OZ,1,1.5
4355568647,394,92,9208,107872979,19364,2013-04-07,1,CT,1,2.99
4355569238,396,37,3705,105100050,2820,2013-03-06,18.6,OZ,2,2.54
4355575140,396,9,908,107116676,17802,2012-12-21,6,OZ,1,2.99
4355584688,395,26,2633,104902242,15006,2012-11-20,12,RL,1,5
4355584688,395,19,1904,104902242,22148,2013-06-01,12,OZ,1,4.49
4355584688,395,27,2702,101901414,8664,2013-06-07,3.3,LB,1,7.99
4355585172,395,92,9208,104319444,16067,2013-03-25,2,CT,1,5.29
4355585172,395,27,2702,102310020,13705,2013-05-14,3.5,LB,1,4.99
4355608046,395,92,9208,104902242,17495,2012-11-11,30,CT,1,3.19
4355610953,395,72,7212,1067293565,5195,2013-03-26,1,CT,1,5.99
4355627183,395,33,3307,104902242,22148,2012-12-19,9.5,OZ,2,5.98
4355647666,395,0,0,10000,0,2012-12-30,0,,1,0
4355665651,395,0,0,10000,0,2013-02-12,0,,1,0
4355679406,395,26,2630,104902242,22148,2013-05-11,15,CT,2,1
4355693012,395,33,3303,104902242,62202,2013-04-21,8.5,OZ,1,2.29
4355718946,394,63,6315,103450030,10165,2013-06-06,128,OZ,2,5.18
4355745853,394,73,7359,1031191737,19572,2013-05-23,2,OZ,11,27.5
4355753794,394,81,8115,107033070,1783,2012-12-23,1,CT,2,3.98
4355766518,394,4,407,103400030,18947,2013-04-27,11,OZ,1,2
4355767615,394,0,0,10000,0,2013-03-23,0,,1,0
4355768023,394,72,7203,1081445787,10849,2013-04-26,16,OZ,1,4.49
4355768023,394,26,2609,104902242,22148,2013-06-11,45,CT,2,5
4355792948,394,0,0,10000,0,2013-04-26,0,,5,0
4355797877,394,0,0,10000,0,2013-02-03,0,,6,0
4355799239,394,4,416,102800020,2631,2013-04-24,2.1,OZ,2,1
4355805984,394,4,427,10980090,18366,2013-05-06,1,OZ,1,0.99
4355824171,394,71,7102,107537171,1211,2012-11-12,16.5,OZ,1,3.99
4356084875,377,63,6315,1074236575,8499,2012-12-07,64,OZ,2,8.27
4356086450,377,51,5134,104280040,18599,2013-01-20,7.5,OZ,1,1.99
4356086450,377,36,3633,103410030,8206,2013-03-29,72,OZ,1,4.49
4356359291,508,51,5115,107192171,78492,2012-12-21,15.3,OZ,1,4.73
4356566544,368,72,7205,105310050,804,2013-04-11,6,OZ,1,4.49
4356570684,368,0,0,10000,0,2013-01-12,0,,3,0
4356570684,368,9,908,104902242,22148,2013-02-15,4.75,OZ,1,0.89
4356582131,368,0,0,10000,0,2013-02-14,0,,2,0
4356665215,31,37,3703,105100050,2820,2013-02-01,10.75,OZ,3,3
4356719126,31,58,5835,107790070,9200,2013-05-04,16,OZ,1,3.99
4356745040,21,33,3321,107332171,17710,2012-11-10,13,OZ,2,5.58
4356745040,21,22,2201,104119040,16347,2012-12-12,96,OZ,2,3.18
4356745481,21,32,3202,104119040,16347,2012-12-09,128,OZ,4,35.96
4356753788,6,36,3611,108265787,4687,2012-10-10,405.6,OZ,2,9.98
4356753788,6,56,5617,102100020,19279,2013-01-14,16,OZ,2,6.98
4356754030,6,97,9753,1073231373,0,2013-01-29,1,CT,2,2.58
4356754030,6,9,907,1068826767,81691,2013-03-18,12,OZ,1,1.29
4356763595,77,45,4509,107078474,18552,2012-12-31,16,OZ,2,18.8
4356880481,165,97,9781,10000,8255,2013-01-14,1,CT,1,-1.05
4356883212,165,97,9781,10000,8255,2012-12-29,1,CT,1,-1.05
4356883212,165,9,917,107373171,11786,2013-04-04,9.2,OZ,1,1
4356904800,431,16,1604,102200020,20100,2012-12-01,15,CT,1,1
4356904800,431,51,5126,101380010,27474,2013-05-09,19.13,OZ,1,2.59
4356904800,431,29,2914,102100020,19279,2013-05-12,2.39,OZ,1,1
4356928880,191,99,9909,101111010,28083,2012-11-25,12,OZ,1,2.68
4356928910,191,26,2634,103700030,3293,2013-02-15,12,RL,2,19.38
4356928910,191,4,407,104801444,29178,2013-04-16,4,OZ,2,2.5
4356930018,191,99,9904,1071575676,5278,2013-03-27,16,OZ,2,5
4356930018,191,9,907,101111010,6678,2013-03-27,18,OZ,2,5.98
4356930428,191,56,5615,107283070,18390,2013-03-01,32,OZ,1,9.89
4356930515,191,55,5552,101111010,9907,2013-07-06,48,OZ,1,2.5
4356979665,191,10,1013,102400020,4704,2012-11-10,16,OZ,1,2.29
4356980314,191,97,9730,1074677575,11302,2012-12-15,1,CT,1,5.35
4356980630,191,53,5307,101111010,6678,2013-04-02,12,OZ,1,0.79
4356980901,191,56,5620,102100020,9886,2012-12-30,8,OZ,3,8.97
4356980901,191,55,5555,107457070,26051,2013-04-02,28,OZ,1,5.99
4356981923,191,5,501,103800030,6796,2013-03-24,15,OZ,1,2.99
4356981966,191,26,2609,101111010,6678,2012-11-21,48,CT,1,2.89
4356981966,191,4,411,104223848,7932,2012-12-19,5,OZ,1,1.29
4356981966,191,5,516,101111010,6678,2013-01-06,15.2,OZ,1,3.99
4356981966,191,56,5617,101111010,9907,2013-03-16,16,OZ,1,3.5
4356981966,191,5,501,103800030,11732,2013-04-15,18,OZ,1,4.79
4357014097,166,30,3010,102066222,12598,2012-12-28,16,OZ,-1,-3.79
4357028132,96,57,5710,103663232,4568,2012-11-23,5.3,OZ,4,5
4357028132,96,96,9609,1054300050,88199,2013-03-08,0,,1,-1
4357030559,96,63,6315,103003434,7175,2012-12-22,128,OZ,1,2.99
4357171251,214,51,5121,105150050,16728,2012-11-11,8,OZ,1,2.68
4357218327,206,41,4107,102400020,4704,2013-04-11,14.75,OZ,2,2.86
4357230335,46,69,6901,107940070,5168,2013-05-05,2.6,OZ,2,5.18
4357231816,46,9,902,103010030,47346,2013-06-08,9.5,OZ,1,2.5
4357233073,46,24,2403,103760030,8501,2013-02-16,5,OZ,1,1.86
4357280170,46,33,3302,102389626,14268,2012-11-19,9.6,OZ,2,3
4357280170,46,9,902,104157040,2017,2012-11-19,4.25,OZ,2,5.98
4357280170,46,4,410,107053878,2081,2012-12-03,9,OZ,1,1.5
4357280170,46,60,6011,101800010,14029,2013-02-28,16.3,OZ,4,4
