2967768616,508,99,9909,107127979,6732,2012-03-04,16,OZ,1,1.76
2967768616,508,29,2904,101600010,3412,2013-06-10,7,OZ,1,1.04
2967811417,510,33,3307,102900020,14112,2012-07-02,10.25,OZ,1,4.71
2967811417,510,97,9753,10978044898,0,2012-08-09,1,CT,1,3.77
2967811417,510,97,9713,103224737,16051,2013-02-28,12.5,LB,1,14.64
2967844211,509,71,7113,1030813737,1121,2012-06-06,10.5,OZ,1,5.22
2967885639,31,21,2108,101480010,12021,2012-04-05,64,OZ,1,2.5
2967891696,31,35,3509,102114020,19950,2012-04-02,50,OZ,1,5.99
2967893981,31,26,2609,102114020,19950,2012-11-29,24,CT,1,2
2967908238,31,99,9909,107143070,5072,2012-04-10,11.2,OZ,1,2.5
2967908238,31,36,3628,101200010,12029,2013-02-16,144,OZ,3,9.98
2967914308,40,36,3618,104900040,23359,2012-09-25,144,OZ,2,8
2967935794,21,8,809,105100050,2820,2012-04-01,10.5,OZ,2,2.98
2967935794,21,9,901,104400040,11047,2012-10-14,8,OZ,1,2.99
2967935794,21,9,922,107203070,5812,2013-02-10,8.5,OZ,1,4.49
2967937179,21,0,0,10000,20405,2012-08-22,0,,1,2.05
2967937371,21,27,2705,105000050,6775,2013-04-13,5.5,OZ,4,2.08
2967937595,21,9,907,107341070,888,2012-05-31,18,OZ,1,3.99
2967937595,21,9,907,107341070,888,2012-07-16,14,OZ,1,3
2967937595,21,18,1828,106233868,319,2012-10-13,1.34,OZ,2,11.58
2967964354,77,21,2119,1061300868,867,2012-07-25,23,OZ,2,1.58
2967964354,77,27,2712,102205323,12451,2012-12-03,1,CT,1,3.29
2967982749,70,37,3703,1072543979,40679,2012-04-27,26,OZ,1,1.79
2967982749,70,27,2712,103270030,7966,2012-11-20,1,CT,1,8.49
2967982749,70,5,517,103582636,6564,2013-05-04,10.4,OZ,1,2.59
2967991597,70,64,6408,108500080,6967,2012-12-08,0.75,LT,1,5.99
2968033438,165,3,311,105150050,14029,2012-04-01,15.6,OZ,1,1.5
2968034602,165,56,5620,102100020,9886,2012-11-29,7,OZ,1,3.75
2968039692,83,36,3612,108304686,8688,2012-03-26,128,OZ,2,1.18
2968045701,89,99,9908,103338333,33170,2013-04-20,16,OZ,1,0.99
2968045701,89,44,4404,101111010,9907,2013-05-11,16,OZ,1,1.88
2968045728,151,33,3305,102840020,18584,2013-04-03,13,OZ,1,3.79
2968045796,89,73,7304,104126040,9907,2012-09-03,20,OZ,1,7.09
2968045796,89,59,5907,101111010,9907,2012-10-21,45,OZ,1,2.59
2968048661,89,36,3618,101111010,1814,2012-03-06,67.6,OZ,1,0.87
2968048661,89,8,814,1079783373,6780,2013-03-16,16,OZ,1,2.99
2968050456,431,23,2301,103340030,15474,2012-04-01,12,OZ,1,2.09
2968050456,431,10,1011,102400020,4704,2012-04-22,6,OZ,1,1.08
2968050456,431,73,7304,1064786565,322,2012-09-07,32,CT,1,6.8
2968051466,151,46,4606,101111010,20588,2013-03-31,16,OZ,1,3.69
2968051565,89,99,9909,101111010,28083,2012-05-19,10,OZ,1,2
2968051565,89,21,2118,108079383,6926,2012-08-02,16.9,OZ,6,5.28
2968051565,89,9,922,102430020,10577,2012-12-09,12,OZ,1,1.99
2968051565,89,58,5835,107387575,7286,2013-04-13,16,OZ,2,9.38
2968056126,126,13,1305,101111010,9907,2012-10-11,12,OZ,1,2.29
2968056126,126,44,4402,1061278161,11151,2013-03-13,28,OZ,1,4.99
2968056126,126,7,709,109955595,2706,2013-03-13,6.3,OZ,1,6.99
2968056126,126,29,2923,101600010,17539,2013-06-13,7.75,OZ,1,1.5
2968056988,89,5,501,101600010,3331,2012-04-15,11.3,OZ,1,3.99
2968056988,89,56,5616,104610040,15889,2012-09-09,6.67,OZ,1,2.99
2968056988,89,5,501,103800030,4089,2012-11-25,12.5,OZ,1,3.44
2968056988,89,36,3634,105200050,14597,2013-03-02,101.4,OZ,1,4.29
2968066252,12,9,907,101111010,9698,2013-04-29,14,OZ,1,1.34
2968096471,96,41,4120,1072534272,12171,2013-02-10,6,OZ,1,1.39
2968096869,96,99,9909,103003434,28496,2012-05-14,8,OZ,1,2.49
2968096869,96,51,5125,101380010,10271,2012-07-16,9,OZ,1,3.5
2968096949,96,21,2105,105200050,7054,2012-07-15,32,OZ,2,1.76
2968096949,96,5,516,101600010,12426,2012-12-01,8.9,OZ,1,3.39
2968097938,96,29,2914,1075928373,1243,2013-04-15,6,OZ,3,8.57
2968102691,214,36,3634,1078616272,7237,2012-10-26,20,OZ,1,1
2968120210,214,99,9909,107143070,5072,2012-09-07,9,OZ,1,2.47
2968120210,214,25,2508,102529323,16410,2013-02-28,64,OZ,1,2.98
2968123839,214,97,9753,1023870929,0,2012-06-03,1,CT,1,4.45
2968143306,206,71,7113,102279626,13267,2012-09-09,13,OZ,2,13.96
2968278937,4,10,1004,104300040,26232,2012-08-22,5.1,OZ,1,1.99
2968278937,4,36,3635,102113020,15704,2012-10-12,33.8,OZ,6,7.14
2968278937,4,36,3635,102113020,15704,2013-01-24,144,OZ,3,7.97
2968337629,360,29,2906,107613272,17592,2012-07-08,8,OZ,1,1.69
2968337639,360,3,302,102800020,30272,2012-09-03,10,OZ,1,2.99
2968603809,42,74,7404,101150919,793,2012-06-24,3.5,OZ,1,3.39
2968603809,42,63,6315,104149747,19710,2012-10-03,64,OZ,1,1.84
2968759885,400,55,5552,104154848,5603,2012-04-09,48,OZ,2,8.98
2968759885,400,51,5106,103100030,9626,2013-04-21,8.8,OZ,2,5
2968781273,285,27,2710,107023070,18373,2012-09-16,40,LB,1,7.98
2968869411,377,21,2114,1071754474,17649,2013-03-17,32,OZ,1,2.39
2968873705,24,26,2628,104200040,2308,2012-04-07,3,RL,1,3.48
2968944400,508,36,3627,107800070,23362,2013-04-04,20,OZ,1,1.67
2969042624,508,57,5705,103663232,4568,2012-06-13,48,OZ,1,5.02
2969042624,508,97,9732,1065356969,27063,2012-11-13,1,CT,1,14.56
2969042624,508,37,3703,105100050,2820,2013-03-01,10.75,OZ,1,1.33
2969065967,508,67,6708,106224363,86907,2012-05-11,1,CT,1,20.68
2969065967,508,58,5827,104470040,13310,2012-09-06,12,OZ,1,5.65
2969066375,508,34,3411,101111111,5168,2012-05-13,32,OZ,1,7.86
2969066375,508,97,9753,1076546878,0,2013-01-19,1,CT,1,4.2
2969066375,508,1,106,101500010,7142,2013-03-02,7,OZ,6,6.84
2969066375,508,54,5402,103800030,5618,2013-03-10,12.7,OZ,1,3.09
2969066375,508,26,2628,103700030,2248,2013-05-12,1,RL,2,4.28
2969066506,508,9,907,107294575,15878,2012-10-29,20,OZ,1,1.99
2969076935,508,63,6320,107954878,10165,2012-06-18,12,CT,1,2.89
2969141710,510,26,2614,103600030,9878,2012-06-21,16,CT,2,8.38
2969141710,510,10,1013,108523989,11176,2012-10-07,16,OZ,2,3.86
2969171977,31,57,5709,1085664888,29616,2013-06-18,64,OZ,1,5.99
2969180812,31,9,907,104500040,20016,2012-03-24,12,OZ,2,2.07
2969213222,85,27,2702,103680030,13656,2012-06-08,4.4,LB,1,5.19
2969219128,21,3,311,101600010,1756,2012-11-10,14.5,OZ,1,1.99
2969219260,21,9,902,101410010,45039,2013-01-25,2,OZ,3,3
2969220121,21,69,6901,103700030,16139,2012-05-04,1.6,OZ,1,1.99
2969220379,21,99,9908,104525545,11481,2012-09-05,24,OZ,1,3.99
2969221054,21,25,2506,105000050,32115,2012-12-24,32,OZ,1,3.89
2969224125,240,97,9753,1063204565,0,2012-05-16,1,CT,1,3.99
2969224125,240,9,901,104400040,25172,2012-12-21,2.13,OZ,2,3
2969224125,240,63,6315,107545777,7025,2013-01-29,64,OZ,1,2.79
2969240825,101,10,1010,103400030,8247,2012-05-27,24,OZ,1,1.88
2969240825,101,9,908,104500040,8511,2012-08-25,3,OZ,1,1
2969241210,101,22,2204,1079922878,2246,2012-06-26,16,OZ,1,2.79
2969241210,101,53,5329,102000020,7655,2012-12-15,12,OZ,1,1.89
2969242092,101,1,106,101500010,7142,2012-05-09,7,OZ,3,3.43
2969242092,101,5,517,103800030,17050,2012-10-23,4.4,OZ,2,5
2969242092,101,0,0,10000,0,2012-10-31,0,,3,6.87
2969242307,101,55,5561,1065724363,35849,2012-05-08,18,OZ,1,2.59
2969242307,101,99,9908,1068826767,7173,2012-05-18,32,OZ,1,1.99
2969242307,101,5,516,101600010,6283,2012-08-22,6,OZ,1,2.5
2969247698,77,97,9781,10000,8255,2012-07-05,1,CT,1,-4.34
2969271014,65,27,2702,101780010,14717,2012-09-29,3.5,LB,1,7.99
2969276887,65,31,3101,103582636,6564,2012-06-25,2.12,OZ,1,1.24
2969306033,64,33,3312,103700030,14494,2013-03-14,13.3,OZ,1,6.49
2969317961,133,28,2806,101111010,9907,2012-04-06,24,OZ,2,7.1
2969317961,133,0,0,10000,0,2012-04-28,0,,1,0
2969317961,133,97,9753,10000,0,2012-11-12,1,CT,1,5.57
2969317961,133,45,4511,102370020,18969,2013-03-16,26,OZ,1,4.99
2969317961,133,95,9518,1061029060,7848,2013-04-22,1,CT,1,3.99
2969338942,140,26,2609,101111010,9907,2012-06-30,60,CT,1,5.49
2969338942,140,37,3709,104178949,11224,2012-08-11,36,OZ,1,3.6
2969346488,2,9,907,107341070,13291,2012-04-05,12,OZ,1,4.19
2969346488,2,57,5710,1089470080,21065,2012-10-25,16,OZ,1,3.99
2969346488,2,99,9904,105410757,33170,2013-01-05,80,OZ,1,7.99
2969372951,96,29,2921,101600010,1756,2012-03-03,4.7,OZ,1,2
2969372951,96,9,907,107632373,13281,2012-08-07,16,OZ,1,2.89
2969372951,96,0,0,10000,0,2013-02-12,0,,1,0
2969388038,214,10,1007,104300040,26232,2013-05-13,0.3,OZ,2,1.24
2969417362,206,63,6320,1074236575,8499,2012-06-26,6,CT,1,2.38
2969437448,46,26,2614,103600030,9878,2012-12-10,36,CT,2,11.28
2969437448,46,5,501,101600010,3331,2013-01-04,9,OZ,1,2.5
2969457975,46,36,3611,1071928373,11473,2012-11-12,20,OZ,1,0.88
2969536839,360,33,3314,103000030,14760,2012-09-03,5.5,OZ,1,2.39
2969835544,402,36,3627,107800070,23362,2013-05-29,144,OZ,2,8
2970155975,507,33,3304,102840020,6777,2012-06-28,10.5,OZ,1,3.56
2970155975,507,33,3303,102840020,10241,2012-08-08,10.5,OZ,1,3.15
2970155975,507,95,9518,1064541666,2988,2012-11-06,1,CT,1,3.14
2970155975,507,97,9799,102570020,20361,2013-03-26,1,CT,2,11.74
2970247715,509,35,3504,1081793989,11556,2013-04-25,18,OZ,1,2.79
2970308389,31,63,6315,102114020,19950,2013-01-10,64,OZ,1,2.79
2970310289,31,9,908,107203070,5812,2012-07-07,15,OZ,2,3.34
2970310289,31,71,7113,107124979,21913,2013-06-30,12.6,OZ,2,9.98
2970320347,31,4,418,103400030,8247,2012-04-09,11,OZ,1,2
2970320347,31,9,907,102114020,19950,2012-06-14,11,OZ,1,1.49
2970331841,40,8,822,1018554414,25941,2012-09-13,14,OZ,1,4.99
2970336693,40,9,908,107225070,2011,2013-01-20,11.5,OZ,1,1.99
2970339080,40,5,516,101600010,12426,2012-09-23,7.4,OZ,1,3
2970353718,21,51,5125,107265575,8089,2012-10-07,8.5,OZ,2,5
2970353718,21,78,7801,107420070,10310,2012-11-21,1,CT,1,3.99
2970356425,240,3,309,104130343,38922,2012-12-02,14,OZ,1,2.49
2970357612,240,63,6320,104567444,16284,2012-03-06,12,CT,1,2.09
2970357612,240,33,3303,108411484,9596,2012-08-10,8.5,OZ,1,3.99
2970358512,100,58,5815,103760030,8501,2012-05-13,7,OZ,1,3.99
2970358512,100,4,416,104000040,18946,2012-07-27,1.79,OZ,1,0.89
2970374499,101,55,5567,107064070,2014,2013-06-21,22.5,OZ,1,3.99
2970378657,77,72,7205,103320030,875,2012-06-01,4.5,OZ,1,4.59
2970378657,77,64,6401,101820010,2510,2013-02-02,144,OZ,1,10.99
2970378937,77,44,4404,105100050,13791,2012-12-05,11.75,OZ,1,2.47
2970378937,77,2,202,101600010,1756,2013-03-16,17.5,OZ,1,2.49
2970380134,77,10,1012,102700020,23332,2012-11-11,13,OZ,1,1
2970380134,77,37,3709,107066272,12673,2012-12-30,3,OZ,4,1.34
2970388025,70,63,6311,102500020,11749,2012-10-07,59,OZ,1,2.99
2970444422,165,54,5402,101800010,14029,2013-02-25,16.4,OZ,1,2.39
2970444422,165,45,4509,104440040,7504,2013-04-06,7.1,OZ,1,1.51
2970447426,83,63,6314,107342070,4529,2012-11-20,16,OZ,1,1.99
2970447426,83,26,2633,101111010,9907,2012-11-20,12,RL,1,4.99
2970454387,151,58,5823,101111010,9907,2013-01-16,9,OZ,2,6
2970459595,98,29,2914,102100020,9886,2013-02-04,5.5,OZ,1,0.5
2970464820,133,54,5401,101111010,9907,2013-04-09,12.3,OZ,1,1.85
2970471000,151,63,6313,101111010,9907,2012-07-12,12,OZ,1,3.5
2970471593,151,28,2803,105410050,19509,2012-11-12,10,OZ,1,1.99
2970471593,151,58,5833,101111010,9907,2013-04-10,16,OZ,1,4.49
2970474198,151,63,6316,101111010,9907,2012-05-12,12,OZ,1,1.69
2970474198,151,55,5552,101111010,9907,2012-05-27,48,OZ,1,2.1
2970474198,151,5,517,101111010,9907,2012-07-19,10.4,OZ,1,2.19
2970474198,151,8,814,102840020,18584,2013-05-11,15.5,OZ,1,2.99
2970494067,215,49,4901,101312010,26885,2013-01-29,30,OZ,1,2.99
2970507972,96,26,2628,103040030,17034,2012-08-25,8,RL,1,5.69
2970507972,96,26,2604,107116979,2732,2012-11-18,100,CT,1,2.5
2970507972,96,29,2914,102100020,19279,2013-01-15,12,OZ,2,4
2970526022,214,10,1011,103345636,66730,2012-12-22,24,OZ,2,4.96
2970526022,214,56,5620,104122040,20514,2013-03-22,32,OZ,1,6.98
2970534379,214,56,5620,104122040,23511,2012-04-26,6,OZ,1,2.5
2970534379,214,4,418,104000040,26517,2013-04-01,12.6,OZ,1,1.24
2970540737,214,6,610,1061126969,15041,2012-11-08,33.6,OZ,1,6.36
2970561866,206,9,907,108685484,10218,2012-10-30,24,OZ,1,2.19
2970595483,46,9,907,107131474,1061,2012-08-24,12.5,OZ,2,4
2970595483,46,4,418,103400030,15113,2013-03-12,7.2,OZ,1,3
2970647100,4,63,6320,102113020,10786,2012-04-21,18,CT,2,7.38
2971168549,507,97,9753,1075103272,0,2013-02-14,1,CT,3,3
2971170593,507,10,1013,102400020,4704,2012-05-30,16,OZ,2,4.34
2971170593,507,97,9753,105114151,0,2012-08-16,1,CT,1,2.38
2971190879,507,16,1604,102200020,6021,2013-02-14,45,CT,1,2.35
2971244254,508,19,1908,105150050,9189,2012-07-21,17.3,OZ,1,3.29
2971258563,508,5,501,103800030,11732,2012-04-06,15.8,OZ,1,2.99
2971317253,510,26,2614,103600030,9878,2012-05-06,28,CT,1,6.34
2971317253,510,19,1904,108523989,11176,2012-08-03,24,OZ,1,5.5
2971343694,31,26,2633,103040030,683,2012-07-17,12,RL,1,5
2971343694,31,21,2106,103120030,12957,2013-01-14,64,OZ,2,7.98
2971350779,31,9,901,104400040,13243,2012-12-24,2,OZ,1,0.55
2971350779,31,36,3634,1078616272,7237,2013-03-27,33.8,OZ,1,1.59
2971381558,85,58,5827,107080070,16704,2012-07-30,16,OZ,1,3.24
2971381558,85,33,3307,102900020,14112,2012-11-09,8.25,OZ,1,3.22
2971391068,21,63,6320,104119040,16347,2013-03-13,18,CT,1,2.79
2971408629,240,62,6202,102484222,2542,2012-12-19,9,OZ,1,5.49
2971409107,101,63,6320,1068826767,81691,2012-03-29,12,CT,2,4.38
2971409107,101,9,907,107518575,11221,2012-08-01,15,OZ,1,3.49
2971409107,101,63,6315,107047474,6965,2012-08-14,64,OZ,1,2.2
2971409107,101,11,1102,1030002535,5842,2012-10-27,230,CT,1,3.39
2971409107,101,35,3508,107261373,19976,2013-01-29,50,OZ,1,6.25
2971409107,101,17,1707,106233868,32453,2013-05-31,16,OZ,1,4.85
2971409120,101,5,504,1072225272,3695,2012-05-02,2.4,OZ,8,8
2971409120,101,9,917,102514727,18874,2013-02-17,13.75,OZ,1,3.99
2971409120,101,53,5305,102190828,3073,2013-03-22,10,OZ,2,5.98
2971422637,64,63,6315,1072543979,40679,2012-11-03,128,OZ,1,3.71
2971423959,65,45,4517,107254575,61490,2012-10-26,32,OZ,1,4.49
2971426351,65,56,5616,104610040,15889,2012-09-23,7.5,OZ,1,3.29
2971426351,65,37,3706,104119646,14582,2013-05-20,18.5,OZ,2,4.25
2971473732,165,14,1404,1089000080,11289,2012-10-21,12.8,OZ,1,2.99
2971473732,165,53,5307,102000020,7655,2013-01-18,12,OZ,2,6
2971485678,211,63,6305,101630010,6509,2012-06-16,59,OZ,1,3.29
2971485678,211,41,4107,101111010,9907,2012-09-14,14.5,OZ,1,0.69
2971489389,98,33,3315,101111010,9907,2012-05-14,14,OZ,1,3.99
2971489389,98,55,5562,107265575,8089,2013-03-17,12,OZ,2,4
2971496893,98,33,3325,102840020,21452,2012-11-04,20,OZ,1,5.99
2971496893,98,33,3305,102840020,5141,2013-01-20,10.5,OZ,1,2.5
2971496893,98,37,3707,105260353,13414,2013-02-17,32,OZ,1,3.69
2971497361,2,57,5710,1068954464,6086,2012-06-18,6,OZ,1,1.69
2971501042,63,56,5620,101111010,9907,2012-05-26,8,OZ,2,3.33
2971501042,63,96,9609,1051284353,88199,2012-10-14,0,,1,-1
2971505122,2,51,5117,107731979,10902,2012-08-03,12.5,OZ,2,12.98
2971505122,2,34,3410,107385272,14709,2012-12-13,1,OZ,1,1.29
2971505247,140,47,4705,107088575,8027,2012-08-14,12,OZ,5,6.25
2971505247,140,9,907,1068833969,6434,2012-09-23,11.2,OZ,2,3.29
2971505247,140,36,3634,1078616272,7237,2012-10-07,20,OZ,2,2
2971505247,140,0,0,10000,0,2012-10-19,0,,1,0
2971531091,96,9,907,103003434,7175,2012-06-01,12,OZ,1,0.99
2971531091,96,57,5704,103003434,7175,2012-11-05,6,OZ,5,3
2971531160,96,96,9609,10990000090,88199,2013-03-23,0,,2,19
2971532599,96,28,2805,103003434,7175,2012-07-03,5.75,OZ,1,1.49
2971532599,96,27,2709,102310020,18139,2012-08-26,3.45,OZ,1,2
2971532599,96,96,9632,107675070,21472,2012-12-21,1,CT,1,40
2971532599,96,63,6320,103003434,7175,2013-04-06,12,CT,2,3.8
2971532599,96,25,2506,104410040,8481,2013-05-26,32,OZ,1,3.89
2971551334,214,99,9909,107143070,5072,2012-08-14,5,OZ,1,2.78
2971552740,214,2,201,105150050,14029,2013-04-22,15.25,OZ,3,3.24
2971568800,214,32,3202,104122040,20514,2012-10-13,24,OZ,1,1.75
2971576949,46,19,1905,104125040,11473,2012-05-23,18,OZ,1,1.5
2971576949,46,26,2635,104125040,11473,2013-02-20,50,CT,1,1
2971598959,46,99,9904,105410757,33170,2012-12-03,48,OZ,1,4.99
2971598959,46,57,5710,1089470080,21065,2012-12-03,5.3,OZ,5,5
2971600399,46,33,3311,102840020,27521,2012-12-02,10.5,OZ,1,2.5
2971600399,46,96,9609,1055150050,88199,2012-12-16,0,,1,-0.35
2971600399,46,33,3316,101600010,3397,2013-02-28,8.75,OZ,3,3
2971600399,46,9,902,104400040,44236,2013-04-14,7.5,OZ,1,2.5
2971628545,4,9,921,102113020,15704,2012-04-24,4,OZ,2,1
2972000549,401,26,2614,107200070,28354,2012-09-27,36,CT,1,4.99
2972000549,401,26,2626,101258717,7245,2012-12-23,1,CT,1,2.49
2972028338,108,63,6315,1075480777,610,2012-04-18,64,OZ,1,2.25
2972098606,377,56,5609,104990040,9818,2012-08-21,16,OZ,2,5.98
2972098606,377,56,5607,102100020,13967,2012-10-05,16,OZ,1,5.28
2972098606,377,29,2902,106414464,4790,2012-11-20,15,OZ,3,5.37
2972189983,508,97,9709,104517343,13672,2012-03-09,1,CT,1,0.34
2972189983,508,2,201,101600010,1756,2012-04-28,15.25,OZ,1,1.41
2972189983,508,58,5833,103760030,8501,2012-05-28,15,OZ,1,3.66
2972209670,508,58,5814,104470040,10837,2012-06-29,3.2,OZ,1,1.88
2972209670,508,56,5613,1073882474,21469,2012-08-09,12,OZ,1,4.71
2972248968,510,16,1604,102200020,20100,2012-07-10,45,CT,2,5.24
2972253217,510,5,501,101600010,3331,2012-08-30,18,OZ,1,3.14
2972259317,510,57,5705,103663232,4568,2012-06-08,24,OZ,2,3.92
2972259317,510,4,407,103400030,18947,2013-02-13,21,OZ,1,2.62
2972270119,510,92,9208,107410878,3947,2012-08-29,1,CT,1,4.19
2972292962,31,49,4901,101312010,26885,2012-08-14,28,OZ,1,3.99
2972302357,31,9,918,101410010,13791,2013-05-07,8.6,OZ,1,2.79
2972327962,31,58,5823,103150636,4946,2012-11-19,16,OZ,1,3.99
2972327962,31,56,5620,104610040,15889,2013-02-17,8,OZ,2,5
2972343813,21,26,2629,104119040,16347,2012-03-21,250,CT,1,1.69
2972343813,21,36,3611,106827464,30855,2012-03-28,405.6,OZ,1,3.99
2972348669,100,63,6330,107047272,26467,2012-09-26,32,OZ,1,5.49
2972363384,101,10,1013,102400020,4704,2012-09-13,16,OZ,1,2
2972363996,101,5,518,102739323,7279,2012-04-05,5.5,OZ,1,3
2972363996,101,7,709,109955595,7661,2012-12-21,4.02,OZ,1,7.99
2972364443,101,9,901,104400040,13243,2013-03-19,15.25,OZ,1,3
2972364443,101,4,410,107097070,13717,2013-03-30,3,OZ,2,3
2972376100,370,33,3315,104126848,7904,2012-08-25,18,OZ,1,3.68
2972376100,370,56,5620,1072543979,40679,2012-09-09,8,OZ,3,5.64
2972376100,370,27,2707,107910070,85,2012-10-06,3.15,LB,1,3.56
2972376100,370,63,6315,1072543979,40679,2013-04-06,128,OZ,1,2.8
2972376100,370,26,2633,103040030,683,2013-06-15,4,RL,1,2.44
2972390256,70,23,2310,104116444,27731,2013-01-18,16,OZ,1,2.89
2972390256,70,63,6312,102500020,11749,2013-03-23,59,OZ,1,1.89
2972390256,70,36,3635,103582636,6564,2013-03-26,67.6,OZ,2,1.98
2972390256,70,57,5704,103663232,4568,2013-05-08,16,OZ,1,2.59
2972419555,65,9,901,107641070,10160,2012-08-09,13.2,OZ,1,3.19
2972433883,26,9,907,107131979,16021,2012-07-07,22,OZ,1,1.79
2972434957,83,4,418,103400030,15113,2012-04-05,4.8,OZ,2,6.58
2972434957,83,9,907,101111010,9907,2012-09-04,20,OZ,2,2
2972437797,143,5,516,101600010,12426,2012-03-02,7.4,OZ,1,2.79
2972437797,143,16,1604,101254616,4806,2012-03-03,40,CT,1,1.19
2972437797,143,63,6316,107342070,4529,2012-03-16,16,OZ,1,1.99
2972437797,143,33,3318,104141949,3909,2012-10-04,7,OZ,2,3.78
2972437797,143,71,7113,1030815131,3609,2012-12-22,10.1,OZ,1,1.9
2972440885,89,63,6312,105020050,52045,2012-03-05,64,OZ,1,1.83
2972440885,89,58,5823,104660040,5557,2012-04-14,16,OZ,1,2.99
2972440885,89,54,5403,104227242,648,2012-05-19,6,OZ,2,3.42
2972440885,89,58,5814,104470040,10837,2012-07-05,6.7,OZ,2,2.5
2972440885,89,5,501,1088462383,1538,2012-11-21,13.3,OZ,1,1.99
2972440885,89,36,3630,107800070,23561,2013-03-29,144,OZ,3,8.97
2972441038,89,71,7114,108087888,13505,2012-04-11,6.6,OZ,1,4.19
2972441038,89,59,5902,101111010,9907,2012-06-26,16,OZ,1,1.59
2972441038,89,4,421,104000040,16565,2013-01-28,2.17,OZ,1,0.59
2972443999,58,1,105,1030008737,5794,2012-11-14,12.6,OZ,1,24.86
2972452094,211,0,0,10000,0,2012-07-14,0,,1,0
2972453412,431,41,4107,101111010,9907,2012-10-09,15.25,OZ,2,1.38
2972453412,431,0,0,10000,0,2013-01-28,0,,1,0
2972456068,211,58,5823,104470040,13310,2012-04-14,7.5,OZ,1,3.96
2972456068,211,9,902,104400040,15335,2013-01-03,15.1,OZ,1,2.77
2972456068,211,59,5906,104060040,26155,2013-01-24,15,OZ,1,1.99
2972456705,98,21,2117,108768484,2903,2012-10-07,60,OZ,1,2.28
2972456705,98,99,9904,107464171,4170,2012-11-03,32,OZ,1,13.99
2972462224,12,63,6330,101570010,11414,2012-11-20,16,OZ,1,3.99
2972462224,12,29,2908,104430040,15487,2013-03-24,16,OZ,2,2
2972494280,96,25,2509,104949444,11113,2012-10-17,32,OZ,1,2.59
2972494950,96,26,2609,101122515,19197,2012-07-24,40,CT,1,1
2972495265,96,73,7312,1067811262,3668,2012-08-31,0.5,OZ,1,3.59
2972495265,96,4,419,107726070,15624,2012-12-20,12,OZ,1,4.99
2972498282,214,29,2914,102100020,9886,2012-11-19,8.2,OZ,1,3.72
2972513412,214,23,2301,107112070,66627,2012-09-19,5,OZ,2,0.54
2972529825,214,44,4404,1074816272,16521,2012-07-21,15,OZ,1,2.58
2972529825,214,37,3707,104122040,23511,2013-01-16,32,OZ,1,1.99
2972566386,46,25,2506,104127141,26189,2013-01-13,16,OZ,1,1.34
2972568136,46,9,911,107209272,9316,2012-04-02,2.75,OZ,1,1.58
2972568136,46,56,5617,102100020,9886,2013-06-23,16,OZ,1,1.99
2972604357,17,33,3310,101566515,22310,2013-01-02,6,OZ,1,6.99
2972608340,14,10,1012,102113020,15704,2012-05-03,13,OZ,2,2.09
2972614859,95,50,5001,102113121,11151,2013-02-07,16,OZ,2,5
2973197374,507,95,9517,1082053080,62617,2012-10-15,1,CT,1,2.92
2973221137,507,17,1701,1067811262,3912,2012-07-12,21,OZ,1,0.94
2973224294,507,63,6315,108523989,11176,2012-05-18,128,OZ,1,3.14
2973249120,507,37,3705,105100050,2820,2012-06-27,18.8,OZ,1,1.89
2973291334,508,17,1726,104460040,3718,2012-03-30,105,CT,1,5.79
2973334211,510,34,3411,107704373,17223,2012-05-03,3,OZ,1,0.99
2973357938,509,27,2704,101780010,30972,2012-03-10,11,OZ,2,7.74
2973357938,509,15,1506,108523989,833,2012-06-04,1.75,OZ,1,3.14
2973394283,31,9,918,101410010,13791,2012-05-07,7.2,OZ,1,3.49
2973436116,31,95,9518,1061029060,7848,2012-04-29,1,CT,1,1.99
2973436116,31,9,918,101410010,13791,2012-09-01,5.5,OZ,2,5.95
2973436116,31,96,9609,1054740050,88199,2012-10-22,0,,2,-6
2973436116,31,58,5815,103760030,8501,2012-12-02,7,OZ,1,3.99
2973437167,31,9,901,104400040,3453,2012-05-20,13.72,OZ,1,0
2973437167,31,29,2904,101530010,13610,2013-03-29,6.2,OZ,2,2.5
2973452131,31,38,3802,102114020,19950,2013-01-27,2,LB,1,1.99
2973488184,16,56,5617,1075480777,610,2012-05-18,16,OZ,1,4.49
2973488184,16,57,5705,103663232,4568,2012-08-04,24,OZ,1,2.69
2973496745,85,14,1411,102400020,4704,2012-06-13,15.25,OZ,1,0.79
2973503476,85,32,3202,105150050,4307,2012-08-03,48,OZ,1,4.56
2973505213,85,36,3631,1068826767,107341,2013-01-26,48,OZ,1,1.66
2973521885,21,97,9753,10000,0,2012-09-07,1,CT,1,0.79
2973521885,21,99,9908,103338333,33170,2013-01-18,80,OZ,1,2.5
2973522469,21,1,105,1030008737,5794,2012-07-08,24,OZ,1,18.99
2973523997,21,21,2119,107336070,867,2012-06-30,128,OZ,1,1.99
2973524519,21,10,1004,107239272,12247,2012-09-20,6.25,OZ,4,5
2973524519,21,43,4302,104119040,16347,2012-11-24,6.5,OZ,1,2.19
2973525131,21,41,4107,104119040,16347,2012-04-27,14.5,OZ,2,1.5
2973548527,240,36,3631,1078036979,2919,2012-09-26,48,OZ,1,3.99
2973557902,104,36,3612,107109171,8329,2012-04-23,128,OZ,18,18
2973557902,104,29,2928,104100040,9814,2012-06-23,5.5,OZ,1,1.59
2973557902,104,26,2630,103600030,9787,2012-06-30,240,CT,1,2.49
2973572904,101,63,6315,107654575,17876,2012-07-23,64,OZ,1,2.02
2973572904,101,9,902,104400040,19783,2013-07-15,15,OZ,1,3.99
2973576650,77,23,2310,107623979,11065,2012-07-21,12,OZ,1,2.79
2973576650,77,63,6328,107111777,15194,2012-10-15,20,OZ,2,2.29
2973576650,77,23,2301,107130070,15474,2012-12-03,16,OZ,2,2
2973579336,101,99,9908,103338333,33170,2012-04-01,8,OZ,1,1.99
2973579336,101,37,3704,103360030,8209,2013-03-21,4,OZ,1,3.19
2973579844,101,55,5561,107332171,10815,2012-10-06,24,OZ,1,2.89
2973580238,101,19,1908,102900020,14112,2012-04-26,28,OZ,1,3.99
2973580238,101,29,2914,102100020,19279,2013-03-07,12,OZ,2,4
2973580238,101,33,3303,102840020,10241,2013-04-18,8.5,OZ,1,3
2973591399,70,33,3312,103700030,14494,2012-04-01,6.38,OZ,2,3.97
2973595569,70,56,5616,104610040,15889,2012-04-01,7,OZ,1,2.99
2973613871,68,30,3009,102100020,9886,2012-06-23,16,OZ,2,4
2973676664,65,51,5115,107218070,15035,2013-07-11,23.45,OZ,1,3
2973702676,64,26,2620,1072543979,21664,2012-08-19,20,CT,3,4.5
2973721619,68,99,9909,107127979,6732,2013-03-02,8,OZ,2,3.98
2973721619,68,8,810,105210050,11382,2013-03-02,1.5,OZ,2,2.78
2973738473,165,22,2207,106233868,15197,2012-05-03,32,OZ,1,2.5
2973746949,151,0,0,10000,0,2012-12-21,0,,2,3.49
2973747668,126,53,5307,101111010,9907,2012-04-19,16,OZ,1,2.29
2973747668,126,51,5115,107192171,25673,2012-11-09,24.8,OZ,1,4.99
2973760556,98,18,1827,106233868,319,2012-09-23,8,OZ,1,0.97
2973760556,98,69,6901,107940070,17521,2012-09-23,1.4,OZ,1,1
2973760556,98,26,2630,101111010,9907,2012-11-11,100,CT,1,1.08
2973760556,98,37,3706,104119646,14582,2012-11-26,19,OZ,1,1.48
2973761181,58,36,3630,107800070,23561,2012-07-13,144,OZ,1,4
2973761181,58,55,5552,101111010,9907,2012-12-05,48,OZ,2,5.98
2973761181,58,51,5122,105150050,16728,2013-05-08,8,OZ,1,3.49
2973761181,58,5,501,101111010,9907,2013-06-05,13.8,OZ,2,3.54
2973768200,12,63,6315,104138343,10091,2013-04-15,64,OZ,2,8.28
2973783867,191,99,9908,101111010,9907,2012-07-16,16,OZ,1,1.99
2973783867,191,63,6315,101111010,6678,2013-01-10,64,OZ,3,2.97
2973783867,191,73,7306,1031074232,11513,2013-03-05,1.5,OZ,1,2.69
2973797567,89,63,6315,101111010,9907,2012-05-15,128,OZ,2,4.78
2973803263,98,26,2634,103700030,3293,2012-08-19,9,RL,1,13.89
2973804122,98,56,5615,107283070,18390,2013-01-02,16,OZ,1,5.79
2973804122,98,56,5613,1073882474,21469,2013-02-11,8,OZ,1,3.99
2973822660,2,51,5127,1065827666,8605,2012-05-18,15,OZ,2,4.98
2973822660,2,51,5126,101380010,27474,2013-03-04,12,OZ,2,5
2973831917,140,4,405,1060069969,55864,2012-12-16,10,OZ,1,1
2973878388,96,96,9609,1052550050,88199,2013-01-11,0,,1,-1
2973880356,96,55,5552,103003434,7175,2012-07-23,48,OZ,1,3.99
2973880356,96,28,2805,107299979,98643,2013-06-04,6.75,OZ,1,5.09
2973880470,96,63,6320,103003434,7175,2012-04-06,12,CT,1,1.79
2973880470,96,74,7407,104740040,7196,2012-12-30,3,CT,1,7.49
2973880470,96,17,1709,104460040,3718,2013-02-16,10,CT,1,5.39
2973892530,214,31,3101,107175878,2139,2013-01-05,7,OZ,1,2.28
2973892530,214,36,3632,104122040,23511,2013-01-27,144,OZ,3,7.44
2973892530,214,56,5620,102100020,9886,2013-06-21,8,OZ,2,5.04
2973896856,214,21,2111,104175545,26430,2012-06-12,32,OZ,1,2
2973932508,214,63,6315,104122040,23511,2012-07-06,128,OZ,1,3.55
2973932508,214,53,5307,104122040,23511,2012-08-29,16,OZ,2,3.6
2973932508,214,22,2204,101750010,6219,2012-10-31,20,OZ,3,2.91
2973944945,214,2,214,104146040,14062,2012-09-10,32,OZ,2,3.08
2973944945,214,9,907,101410010,13791,2012-11-03,16,OZ,2,5.96
2973944945,214,9,914,107343575,9705,2012-12-31,12,OZ,1,3.49
2973954287,214,8,814,104122040,20514,2012-04-22,24,OZ,1,1.98
2973958756,214,56,5620,102100020,9886,2013-03-03,8,OZ,1,2.52
2973958756,214,9,917,104122040,23511,2013-05-05,25.5,OZ,1,1.38
2973965378,214,58,5827,101590010,1366,2013-02-04,12,OZ,1,2.98
2973965907,214,34,3411,1080812484,12129,2013-03-09,33,OZ,1,8.99
2974029477,46,31,3108,1071373373,11473,2013-05-30,18,OZ,1,2.59
2974031983,46,51,5125,102580020,16668,2013-04-28,10.5,OZ,1,2
2974130531,46,97,9731,1088614484,33170,2012-12-26,1,CT,1,4.49
2974150725,88,58,5827,102113020,15704,2012-07-03,16,OZ,1,5.99
2974170199,15,5,516,101862717,9496,2012-12-10,7.4,OZ,2,11.28
2974172510,15,9,917,107373171,11786,2012-06-11,17.5,OZ,1,3.29
2974172510,15,9,902,104400040,19783,2013-02-03,9,OZ,1,3.99
2974229340,360,9,908,104500040,8511,2012-03-25,10.5,OZ,1,2.99
2974229340,360,58,5812,107495676,8144,2012-05-26,12,OZ,1,5.49
2974229340,360,28,2801,1079357373,59584,2013-05-10,32,OZ,1,4.59
2974235375,360,56,5620,102100020,9886,2012-09-15,7,OZ,1,3.79
2974235375,360,8,818,105100050,14403,2013-01-05,24,OZ,1,2.99
2974256862,48,49,4901,1083418383,385,2012-10-22,15,OZ,1,2.99
2974258341,48,9,908,104656747,14903,2012-07-06,9,OZ,1,3.99
2974274777,48,55,5556,104154848,5603,2012-05-19,48,OZ,4,23.96
2974842067,42,51,5125,101380010,10271,2013-03-17,9.88,OZ,2,6.38
2975258304,285,9,907,107341070,888,2012-03-17,14,OZ,1,2.99
2975292677,134,91,9128,108292888,2835,2012-03-10,1.75,LT,1,14.98
2975292677,134,55,5552,107160070,4664,2012-03-15,56,OZ,1,4.99
2975292677,134,41,4108,101121313,17040,2012-07-02,15.5,OZ,1,0.89
2975292677,134,14,1411,103890030,5072,2012-08-09,8,OZ,1,1.19
2975292677,134,26,2630,101121313,17040,2012-10-26,230,CT,2,3.98
2975292677,134,97,9753,10000,0,2013-02-28,1,CT,2,3.96
2975322355,109,43,4302,107417575,20614,2012-09-04,8,OZ,1,1.49
2975335152,109,14,1416,102400020,4704,2012-07-25,15.25,OZ,2,3
2975354159,109,26,2609,107417575,20614,2012-07-23,24,CT,1,2.69
2975354159,109,15,1506,107102272,11145,2012-11-25,5,OZ,1,4.49
2975354159,109,63,6309,101405414,12973,2013-03-15,12,OZ,3,7.5
2975354159,109,25,2506,105000050,32115,2013-06-07,32,OZ,1,2.99
2975420884,377,95,9517,106700868,25075,2013-03-09,1,CT,1,2.39
2975424340,377,99,9904,103338333,33170,2012-03-31,20,OZ,1,1.99
2975605837,508,31,3101,108523989,11176,2012-08-24,2.37,OZ,1,2.37
2975625756,508,97,9753,108523989,0,2012-11-14,1,CT,2,20.98
2975625756,508,72,7209,1030813737,14982,2013-03-10,55,YD,2,1.88
2975629865,508,97,9753,10509990959,0,2012-09-10,1,CT,1,14.69
2975631225,508,97,9761,103501131,62607,2012-11-02,1,CT,2,8.38
2975667297,508,97,9732,107166272,4239,2012-08-02,64,CT,1,2.98
2975791133,507,56,5616,102100020,9886,2012-08-23,7,OZ,1,2.57
2975791133,507,27,2710,104460040,6743,2013-02-03,25,LB,1,11.76
2975896730,508,97,9753,1049076040,0,2012-07-18,1,CT,3,15.75
2975907478,508,72,7208,107103171,23664,2012-06-15,4,CT,1,4.34
2975907478,508,21,2105,105200050,7054,2012-12-15,32,OZ,1,1.11
2975907478,508,75,7533,101101717,25703,2012-12-29,1,CT,1,5.24
2975907478,508,35,3506,107261373,23664,2013-02-16,12.6,OZ,2,6.28
2975993688,508,33,3315,108523989,833,2012-03-26,7.5,OZ,1,3.14
2975993688,508,56,5621,108523989,11176,2012-12-08,8,OZ,1,2.36
2976055911,510,97,9753,102241525,0,2012-05-25,1,CT,2,5.96
2976055911,510,58,5833,102874929,43198,2013-03-09,16,OZ,1,3.14
2976078730,510,26,2628,103700030,2248,2012-11-02,6,RL,1,7.34
2976082738,510,26,2632,103600030,8583,2012-08-19,64,CT,1,1.99
2976105122,31,9,907,102114020,19950,2012-04-14,20,OZ,1,1.89
2976109597,31,55,5552,102114020,19950,2012-05-17,56,OZ,1,3.5
2976109597,31,29,2914,102100020,19279,2012-09-27,2.39,OZ,2,2.5
2976114508,31,56,5604,109393696,4786,2012-05-24,8,OZ,1,6.99
2976114508,31,64,6401,101820010,11616,2013-05-08,144,OZ,1,10.99
2976128815,31,26,2609,104200040,5016,2012-05-21,24,CT,1,3.29
2976128815,31,29,2923,104100040,9814,2012-06-11,4.3,OZ,1,1
2976174678,21,9,902,104400040,3334,2012-03-27,12,OZ,1,2.39
2976179377,240,9,908,104114444,16284,2012-04-29,20,OZ,1,4.59
2976179377,240,5,501,108634181,27627,2013-03-19,14,OZ,1,4.59
2976200585,101,99,9904,103338333,33170,2012-04-22,64,OZ,1,3.99
2976200585,101,9,907,1068826767,81691,2012-10-26,12,OZ,1,1.25
2976200585,101,9,922,102430020,10577,2012-12-26,8,OZ,1,1.67
2976216776,64,27,2707,105000050,6775,2012-03-14,3.15,LB,1,4
2976286109,65,1,106,101500010,7142,2012-05-08,7,OZ,2,1.96
2976286109,65,96,9609,1051600050,88199,2012-07-14,0,,1,-1
2976300993,165,36,3601,104900040,3809,2013-02-20,144,OZ,1,5.69
2976318363,126,7,706,101200010,17286,2012-04-02,38,OZ,4,23.96
2976318363,126,69,6901,103320030,875,2013-01-09,2.6,OZ,1,2.38
2976318363,126,8,811,104112949,3635,2013-03-29,15,OZ,2,5.38
2976342237,2,43,4302,101111010,14907,2012-05-16,7,OZ,1,2.29
2976346647,140,73,7304,1030003131,15393,2012-08-07,4,OZ,1,5.89
2976365918,166,51,5131,104227242,648,2012-05-18,9,OZ,3,11.37
2976365918,166,33,3313,102840020,10241,2012-05-19,15,OZ,1,3.89
2976375823,96,0,0,10000,0,2012-11-21,0,,1,0
2976375823,96,0,0,10000,0,2013-04-07,0,,1,0
2976376054,96,51,5132,101578818,27883,2013-02-18,13.75,OZ,1,4.58
2976376054,96,63,6330,103003434,7175,2013-03-18,8,OZ,1,1.99
2976376700,96,73,7307,1030004535,17534,2013-04-05,24,CT,1,5.99
2976376700,96,27,2707,105000050,6775,2013-05-15,6.3,LB,1,8.99
2976409928,214,58,5813,101590010,1366,2012-08-31,16,OZ,1,1.28
2976433617,46,35,3509,103700030,5848,2013-01-19,50,OZ,1,2.99
2976462092,46,9,904,1071928373,11473,2012-07-25,5,OZ,1,0.99
2976462092,46,63,6320,104125040,11473,2012-11-18,12,CT,2,2.58
2976472819,46,49,4902,104670444,18213,2012-05-26,13.5,OZ,1,5.46
2976472819,46,51,5127,103100030,1358,2012-10-28,10.25,OZ,1,1.05
2976479117,46,59,5902,103450030,10165,2012-04-11,8,OZ,1,2.49
2976479117,46,36,3618,101200010,23361,2012-06-21,135.2,OZ,1,4
2976479117,46,9,902,104400040,8463,2012-07-26,14.4,OZ,1,3.99
2976500557,46,51,5128,1071785474,11614,2013-03-03,5,OZ,1,1
2976824182,42,97,9753,1020818222,0,2012-05-06,1,CT,1,4.23
2976824182,42,58,5827,104149747,19710,2012-09-02,16,OZ,1,4.49
2976824182,42,33,3316,101600010,3397,2012-10-21,7,OZ,1,2.59
2976824182,42,36,3636,104300040,4371,2013-04-14,192,OZ,1,3.99
2976824182,42,4,412,101900010,10421,2013-05-14,13,OZ,1,2.99
2976911321,403,97,9748,107283878,14030,2012-09-05,3,CT,1,1
2976979970,401,4,418,103400030,15449,2012-12-27,11,OZ,1,1.84
2977001638,285,9,920,104400040,8463,2013-01-15,7.04,OZ,2,6.38
2977045721,109,95,9518,10920090,534,2012-04-07,1,CT,2,5.58
2977093323,377,12,1206,108000080,17292,2012-10-01,12,OZ,1,5.29
2977228233,507,36,3611,107572070,14196,2012-07-30,405.6,OZ,1,3.79
2977291935,508,21,2112,108523989,11176,2012-06-03,64,OZ,1,2.82
2977381781,31,58,5812,104470040,13310,2012-07-03,16,OZ,1,5.29
2977381781,31,41,4121,102400020,4704,2012-08-06,8,OZ,2,1.2
2977384959,31,40,4001,104100040,10522,2012-03-21,320,OZ,1,4.59
2977388127,31,72,7205,103500030,3830,2012-09-11,6.4,OZ,2,1.98
2977390737,31,15,1506,1074928979,58382,2012-05-07,7,OZ,2,4.79
2977390737,31,45,4508,104440040,7504,2012-05-16,13.3,OZ,1,4.99
2977397637,31,55,5552,107189979,2010,2012-05-17,64,OZ,1,4.99
2977397637,31,21,2119,1061300868,867,2013-03-17,128,OZ,1,2.99
2977431906,85,34,3403,101700010,4912,2012-07-04,12,OZ,1,2
2977431906,85,73,7307,103680030,18533,2012-12-20,14,CT,1,3.99
2977431906,85,9,907,107225070,12465,2013-01-31,20,OZ,1,3.19
2977451980,240,79,7901,109256797,25222,2012-07-15,1,CT,2,15.98
2977503318,64,14,1411,103582636,6564,2012-05-06,8,OZ,1,0.79
2977503318,64,41,4107,1072543979,40679,2012-08-11,15.25,OZ,2,-2.26
2977517306,83,59,5907,102740020,16291,2012-08-05,45,OZ,1,2.99
2977517306,83,4,407,104137646,6663,2012-09-29,1.75,OZ,1,0.89
2977517306,83,9,901,104400040,3453,2013-03-03,13,OZ,1,2.77
2977518942,26,81,8101,101100010,14745,2013-02-01,1,CT,2,7.66
