2841087919,21,9,901,104119040,16347,2012-11-08,7,OZ,1,3.49
2841089344,21,8,818,105100050,14403,2012-05-14,23,OZ,4,10
2841089344,21,36,3634,1073951070,16807,2012-05-26,20,OZ,1,1
2841090787,100,4,419,104000040,5168,2012-10-22,3.3,OZ,1,1.99
2841092377,240,23,2301,107680878,1393,2013-03-15,9,OZ,1,1.83
2841108557,101,3,310,107045070,4913,2013-02-27,10,OZ,1,4.99
2841108557,101,34,3410,101920010,10882,2013-03-04,8.5,OZ,1,3.69
2841109304,101,9,914,107518575,11221,2013-02-14,15,OZ,2,7.38
2841116921,77,63,6315,107078474,18552,2012-07-08,128,OZ,1,3.44
2841116921,77,5,501,101600010,3331,2012-12-14,14,OZ,1,3.69
2841156484,64,22,2201,1072543979,21664,2012-06-21,96,OZ,2,3.98
2841156484,64,56,5615,103582636,6564,2012-07-01,16,OZ,1,3.89
2841174258,64,33,3305,102840020,18584,2012-10-06,10,OZ,1,1.99
2841185986,26,28,2804,10930090,12157,2012-06-22,12,OZ,1,2.39
2841190856,83,9,908,101111010,9907,2012-04-07,7.5,OZ,1,1
2841191776,98,41,4107,107032070,17550,2012-12-23,40,OZ,1,1.99
2841191776,98,26,2629,101111010,9907,2013-02-06,500,CT,1,3.14
2841199084,58,37,3711,105100050,2820,2012-10-02,15.7,OZ,1,3.79
2841206071,211,63,6316,101111010,9907,2012-03-04,16,OZ,1,1.74
2841206071,211,55,5561,101111010,9907,2012-03-15,32,OZ,1,1.75
2841220751,140,15,1506,101111010,14907,2012-07-29,10,OZ,1,2.69
2841227205,2,33,3307,104157040,2017,2012-05-12,6,OZ,1,2.5
2841227205,2,64,6409,1071090979,40488,2012-07-14,0.75,LT,1,19.99
2841227205,2,36,3634,1078616272,7237,2013-03-16,33.8,OZ,1,1
2841231018,191,63,6320,101111010,6678,2012-07-25,18,CT,2,3.98
2841231018,191,33,3305,107794878,2753,2012-08-06,12,OZ,1,1.99
2841231018,191,45,4509,101111010,9907,2012-08-10,16,OZ,2,11.58
2841249256,96,36,3627,104900040,23363,2013-04-09,144,OZ,1,3.67
2841249724,96,0,0,10000,0,2012-12-20,0,,1,0
2841250278,96,63,6315,1074236575,8499,2012-03-15,64,OZ,1,4.89
2841250278,96,26,2622,103003434,7175,2012-12-19,30,CT,1,3
2841250278,96,56,5619,102100020,19279,2013-02-18,32,OZ,1,5.99
2841250278,96,41,4107,104122343,16783,2013-03-28,14,OZ,1,1.49
2841250278,96,25,2509,103003434,7175,2013-05-04,64,OZ,1,4.29
2841271259,214,23,2301,107112070,13342,2012-08-25,24,OZ,1,1.29
2841271259,214,97,9753,1020477020,0,2012-10-15,1,CT,1,1.5
2841271259,214,55,5552,107189979,2010,2013-06-15,16,OZ,4,7.44
2841314848,46,51,5115,107570676,13458,2012-11-02,19.1,OZ,1,3.99
2841368402,20,9,970,103800030,62065,2012-09-29,14.7,OZ,2,4.58
2841385280,18,9,907,102113020,30626,2012-11-10,16,OZ,1,0.88
2841394507,360,28,2805,104173545,14456,2013-01-08,2.25,OZ,2,2.38
2841663790,233,51,5115,107192171,18492,2012-07-08,21.6,OZ,2,8
2841664258,233,97,9753,1022013121,0,2012-10-23,1,CT,1,1.48
2841672439,42,26,2628,104200040,2308,2012-06-02,1,RL,1,1.99
2841672439,42,29,2930,106414464,3342,2012-06-23,7.5,OZ,2,2.18
2841672439,42,9,917,104149747,19710,2012-12-02,10,OZ,1,1.19
2841672439,42,54,5401,103800030,5618,2013-03-16,9.8,OZ,1,2.99
2841672439,42,29,2928,105480050,19039,2013-05-10,6.2,OZ,1,2.19
2841672439,42,41,4108,102400020,4704,2013-06-22,8.5,OZ,1,0.99
2841672706,42,58,5831,107274575,13804,2012-05-06,24,OZ,4,35.96
2841672706,42,33,3318,107260070,8245,2012-10-28,16,OZ,1,3.29
2841672706,42,99,9904,105410757,33170,2013-01-13,48,OZ,1,4.99
2841824741,285,8,810,105210050,11382,2012-09-23,1.5,OZ,1,1.69
2841826518,285,33,3316,102410020,44209,2012-06-11,10.5,OZ,1,3.78
2841828315,169,9,907,107341070,888,2012-07-03,14,OZ,1,2
2841828315,169,58,5835,107790070,9200,2013-02-06,16,OZ,1,3.79
2841828315,169,26,2634,103600030,4139,2013-02-27,12,RL,1,6.99
2841931436,507,99,9909,107127979,6732,2012-03-14,12,OZ,1,2.36
2841931436,507,58,5823,104470040,13310,2012-11-26,9,OZ,2,6.54
2841931436,507,5,501,104240040,40317,2012-12-19,28,OZ,1,4.43
2841946789,507,92,9210,104438646,27042,2012-05-05,0.3,OZ,1,11.49
2841958939,507,97,9753,1049086040,0,2012-12-03,1,CT,1,10.49
2841980243,507,16,1604,102200020,6021,2012-05-01,15,CT,1,0.99
2842001026,507,37,3706,104119646,14582,2012-06-13,19,OZ,2,3.96
2842003913,507,5,501,101600010,3331,2012-04-21,12,OZ,1,3.12
2842003913,507,5,501,1088491282,8459,2012-08-04,18,OZ,2,6.28
2842003913,507,5,501,103800030,17050,2012-09-22,17.5,OZ,2,7.42
2842003913,507,58,5831,103927232,26234,2012-11-24,20,OZ,1,4.92
2842003913,507,95,9518,1064541666,2988,2012-11-24,1,CT,1,3.14
2842003913,507,97,9753,1022113222,0,2013-03-08,1,CT,1,5.52
2842017624,507,58,5833,102874929,43198,2012-06-15,16,OZ,1,3.98
2842053008,508,97,9753,1049222040,0,2012-07-01,1,CT,1,12.47
2842053008,508,9,902,101410010,45039,2012-11-11,6.6,OZ,3,6.24
2842053008,508,63,6313,102670020,4664,2012-12-23,16,OZ,1,1.77
2842053008,508,97,9753,107316878,0,2013-01-17,1,CT,4,11.56
2842053008,508,4,421,104000040,17287,2013-03-13,7.3,OZ,1,2.4
2842068407,508,31,3101,1066062868,26492,2012-11-16,1.8,OZ,2,5.96
2842085346,508,97,9753,1049042040,0,2012-10-03,1,CT,2,12.56
2842113085,510,8,803,108523989,11176,2012-07-31,14,OZ,1,0.88
2842113085,510,63,6315,108523989,11176,2012-10-10,64,OZ,1,1.98
2842113085,510,21,2117,108768484,2903,2013-02-18,60,OZ,1,2.56
2842113085,510,63,6315,108523989,11176,2013-03-25,128,OZ,2,6.15
2842113085,510,97,9753,1049096141,0,2013-05-26,1,CT,1,20.99
2842114039,510,97,9753,1088680484,0,2012-10-01,1,CT,1,0.94
2842119092,510,73,7316,101559414,994,2012-07-13,5,OZ,1,7.79
2842119092,510,4,417,103400030,15113,2013-02-04,2.4,OZ,1,1
2842206991,40,31,3111,102114020,19950,2012-08-12,4,OZ,1,2
2842206991,40,33,3325,102840020,21452,2013-05-24,20,OZ,1,7.49
2842209182,31,9,906,107165676,25960,2013-01-23,6,OZ,1,1.19
2842209182,31,99,9909,107143070,5072,2013-01-27,9,OZ,1,2.99
2842209182,31,45,4509,102114020,28428,2013-02-22,16,OZ,4,31.96
2842209182,31,17,1708,104173747,29,2013-02-28,3.5,OZ,2,7.58
2842209182,31,56,5616,103651434,7627,2013-03-09,16,OZ,1,6.99
2842209182,31,28,2806,10930090,12157,2013-03-09,16,OZ,2,6.58
2842209182,31,36,3626,104900040,17186,2013-03-20,20,OZ,1,1.69
2842209182,31,71,7114,103878535,1079,2013-03-30,14,OZ,1,3.79
2842209182,31,27,2709,102310020,18139,2013-04-04,3.45,OZ,1,2
2842209182,31,29,2902,103760030,8501,2013-04-17,15,OZ,1,1.99
2842209182,31,21,2105,105200050,7054,2013-04-24,128,OZ,2,9.98
2842210503,40,23,2301,102114020,19950,2012-04-28,16,OZ,1,1.59
2842268915,85,9,907,1060788060,16965,2012-05-12,16,OZ,1,0.1
2842268915,85,36,3632,101480010,8019,2013-02-16,128,OZ,2,5
2842293610,85,33,3308,102840020,3336,2012-08-11,9.75,OZ,2,6.98
2842299321,21,56,5604,107027777,1008,2012-04-29,6,OZ,1,4.99
2842299321,21,56,5613,107177979,1782,2013-03-09,16,OZ,1,4.99
2842300296,21,53,5307,101450010,20864,2012-04-06,12,OZ,5,12.5
2842300795,21,55,5552,102983929,6763,2012-09-08,48,OZ,1,2.99
2842300795,21,36,3601,101200010,13794,2012-11-02,20,OZ,1,1.69
2842300795,21,9,907,107167373,17480,2012-11-21,22,OZ,1,1.99
2842302337,21,99,9901,104119040,16347,2013-02-09,2,OZ,1,0.66
2842302782,21,31,3101,105210050,17081,2013-01-18,0.87,OZ,1,1.19
2842345032,101,73,7326,101650010,6484,2012-07-28,60,CT,1,6.49
2842345032,101,9,908,107203070,5812,2012-12-16,8.25,OZ,1,4.49
2842351994,77,8,810,107078474,18552,2012-03-08,1,OZ,1,0.67
2842351994,77,5,501,1079339676,21967,2012-11-29,14,OZ,2,3.99
2842352864,77,63,6330,107078474,18552,2012-12-17,16,OZ,1,2.49
2842352864,77,26,2609,101122515,19197,2013-05-09,70,CT,1,1.69
2842352864,77,58,5823,107080070,16704,2013-05-29,16,OZ,1,4.69
2842356836,101,71,7112,107940070,17521,2012-03-09,12,OZ,3,5.67
2842356836,101,33,3350,102620020,16611,2012-08-23,4.2,OZ,1,3.59
2842356836,101,63,6320,1068826767,81691,2012-09-21,18,CT,1,2.49
2842356836,101,51,5134,107008575,1262,2012-10-25,31.1,OZ,1,8.99
2842357333,101,10,1011,104300040,26232,2012-09-07,6.7,OZ,1,2
2842359371,101,37,3705,105100050,2820,2012-11-09,18.7,OZ,2,4
2842361144,77,19,1908,104530040,13915,2012-06-02,13,OZ,1,1.99
2842361144,77,58,5812,107384979,27281,2012-06-27,48,OZ,1,8.99
2842361144,77,63,6315,107078474,18552,2012-08-19,128,OZ,1,2.29
2842361144,77,10,1011,101570010,17882,2012-10-09,24,OZ,2,3.99
2842361144,77,9,905,107078474,18552,2012-10-27,6,OZ,2,2.99
2842361144,77,59,5902,107078474,18552,2013-01-20,16,OZ,2,3.98
2842362086,77,63,6315,107078474,18552,2012-08-19,128,OZ,1,2.29
2842364113,77,22,2210,103700030,5174,2012-11-16,51,OZ,1,5.49
2842364113,77,60,6007,101800010,14029,2012-12-26,8,OZ,2,4
2842410309,64,27,2705,105000050,6775,2013-02-01,5.5,OZ,10,5.5
2842410400,64,29,2904,1072543979,40679,2013-03-23,5.6,OZ,1,0.28
2842410400,64,63,6315,1072543979,40679,2013-05-27,128,OZ,1,3.73
2842410400,64,8,818,103582636,6564,2013-06-08,24,OZ,1,0.64
2842415380,62,33,3303,102840020,10241,2013-03-11,1.13,OZ,2,1
2842459957,70,63,6315,1072543979,12469,2013-05-05,64,OZ,4,13.16
2842461152,70,36,3601,101200010,13794,2012-12-14,101.4,OZ,1,3
2842461152,70,36,3631,104900040,1414,2013-01-18,67.6,OZ,3,2.97
2842461152,70,36,3618,101200010,23361,2013-03-07,144,OZ,1,2.75
2842502332,65,5,501,1072543979,40679,2012-07-30,12,OZ,1,1.99
2842506317,68,58,5823,1078533171,7796,2013-04-20,4,OZ,1,0.99
2842531018,165,9,907,104500040,20016,2012-10-16,20,OZ,1,2.69
2842531166,165,5,501,103800030,16674,2012-06-03,17.5,OZ,1,3.09
2842534397,83,70,7002,101111010,9907,2012-03-29,60,CT,1,1
2842534397,83,57,5710,101111010,9907,2012-04-14,6,OZ,1,0.99
2842534397,83,6,607,101111010,9907,2012-09-15,48,OZ,1,4.67
2842534397,83,63,6328,107590070,2073,2013-01-15,24,OZ,1,3.27
2842534397,83,53,5307,101111010,9907,2013-02-03,12,OZ,2,1.8
2842534397,83,36,3626,101200010,16391,2013-03-01,67.6,OZ,1,1.5
2842536708,83,37,3707,101111010,9907,2013-03-01,14,OZ,1,0.89
2842541709,211,4,416,103400030,2689,2012-04-16,1.2,OZ,1,0.89
2842541709,211,59,5907,101111010,9907,2012-08-30,16,OZ,1,0.69
2842541709,211,8,817,102700020,8612,2012-11-08,24,OZ,1,1
2842541709,211,51,5132,101380010,10271,2013-01-11,8,OZ,4,8
2842542910,133,33,3325,102840020,21452,2012-03-26,32,OZ,1,13.32
2842542910,133,4,418,104000040,26517,2012-12-12,42,OZ,1,8.99
2842553992,2,5,501,101600010,3396,2012-04-19,14,OZ,1,4.49
2842553992,2,35,3504,103700030,4628,2012-08-01,24,OZ,2,5.58
2842557588,2,63,6305,101111010,14907,2012-08-10,64,OZ,1,1.99
2842557588,2,0,0,10000,0,2012-09-17,0,,1,0
2842565407,2,29,2902,103760030,8501,2012-12-20,15,OZ,1,1.49
2842568382,98,21,2119,1061300868,867,2012-06-21,23,OZ,2,1.76
2842568382,98,3,302,102800020,30272,2012-11-20,12,OZ,1,2.5
2842577825,98,0,0,10000,0,2012-05-12,0,,1,0
2842577825,98,21,2103,103120030,12957,2012-09-23,64,OZ,1,2.53
2842577825,98,0,0,10000,0,2012-10-13,0,,1,0
2842582621,191,8,803,104150040,6714,2012-11-16,12,OZ,1,3.08
2842585495,26,63,6320,101111010,9907,2012-05-28,18,CT,1,1.89
2842601306,151,96,9609,1053120050,88199,2012-07-14,0,,1,-1
2842605850,151,36,3634,105200050,14597,2012-07-25,101.4,OZ,1,4.19
2842605850,151,36,3630,107800070,23561,2013-01-07,144,OZ,1,4.99
2842605850,151,97,9799,107994676,5723,2013-01-14,1,CT,2,4.98
2842605850,151,37,3703,105100050,2820,2013-02-05,10.75,OZ,3,2.37
2842610167,431,8,803,104150040,6714,2012-06-17,12,OZ,1,2.39
2842610167,431,30,3010,104133545,43106,2012-08-24,16,OZ,1,3.45
2842610167,431,71,7114,1080921989,19814,2012-12-22,7,OZ,1,1
2842611088,89,62,6201,101111010,9907,2012-05-17,16,OZ,1,2.29
2842611088,89,18,1890,107200979,11772,2012-09-11,1,CT,1,12.99
2842611088,89,0,0,10000,0,2012-12-31,0,,1,0
2842611526,58,36,3631,107800070,23209,2012-03-17,144,OZ,3,14.97
2842611526,58,36,3630,107800070,23561,2012-10-06,20,OZ,1,1.69
2842611526,58,51,5126,102113121,11151,2013-02-02,14,OZ,1,1.99
2842614091,63,26,2634,103600030,4139,2012-08-25,12,RL,1,6.49
2842614091,63,53,5307,101450010,20864,2013-05-03,12,OZ,2,4
2842614091,63,64,6410,1063598565,11683,2013-06-28,67.2,OZ,1,7.99
2842617305,63,63,6314,101111010,9907,2012-04-04,16,OZ,1,1.69
2842617305,63,59,5907,101111010,9907,2013-01-15,16,OZ,1,0.67
2842617305,63,34,3410,107418272,16853,2013-04-19,8,OZ,1,1.29
2842617305,63,96,9609,1054150050,88199,2013-05-20,0,,1,-0.5
2842632276,2,51,5126,102113121,11151,2012-08-19,10,OZ,2,4.98
2842638508,191,56,5609,101111010,6678,2012-03-10,24,OZ,1,2.79
2842639260,83,96,9609,1051410050,88199,2012-12-19,0,,1,-0.4
2842639260,83,58,5827,101111010,9907,2013-01-14,16,OZ,1,3.69
2842640628,215,51,5115,107192171,25673,2012-09-10,31.2,OZ,1,6.99
2842675717,96,19,1906,105150050,16728,2012-04-15,10,OZ,2,7
2842676463,96,26,2622,102570020,20361,2012-05-28,50,CT,1,5.39
2842676463,96,63,6320,1071514171,25530,2012-12-15,18,CT,1,3.99
2842676463,96,99,9909,107127979,6732,2013-04-21,12,OZ,1,1.74
2842677344,96,9,907,107131979,16021,2012-08-17,18,OZ,1,3.29
2842678412,96,18,1898,103980030,5782,2012-09-03,2,CT,1,5.29
2842679094,96,63,6315,103003434,7175,2012-11-03,64,OZ,3,10.37
2842679366,96,8,814,104123545,12134,2012-03-17,16,OZ,1,3.99
2842679366,96,63,6315,103003434,7175,2012-09-16,64,OZ,2,4.18
2842679366,96,4,418,103400030,20231,2012-12-02,11,OZ,2,7
2842679832,96,73,7349,1030000535,2789,2012-12-22,90,CT,1,12.49
2842680662,96,96,9609,1057045959,88199,2013-03-24,0,,1,-0.4
2842681071,96,58,5837,107389070,17549,2012-12-07,2.1,OZ,2,7.98
2842681071,96,8,805,102840020,6777,2013-02-02,9,OZ,1,2.99
2842681071,96,0,0,10000,0,2013-04-26,0,,1,0
2842681288,96,25,2504,105000050,3001,2012-11-20,12,OZ,1,1
2842709927,214,9,914,107343575,9705,2012-07-23,12,OZ,1,3.49
2842712708,214,18,1837,104874545,82195,2012-10-26,4,CT,1,1.99
2842718037,214,18,1890,105209252,43069,2012-03-23,2,CT,1,1.97
2842718037,214,30,3002,104800141,8178,2012-06-05,22,OZ,1,3.98
2842762330,214,99,9908,1075166676,52506,2012-05-20,16,OZ,1,1.98
2842762330,214,99,9908,103338333,33170,2012-11-02,16,OZ,2,3.36
2842771501,214,57,5705,104122040,23511,2012-07-13,6,OZ,1,0.44
2842792467,206,9,913,104812141,18322,2012-05-25,12,OZ,1,3.99
2842792467,206,58,5837,104470040,13310,2012-09-14,2.52,OZ,2,7.76
2842792467,206,59,5906,104060040,26155,2012-11-30,15,OZ,1,3.48
2842792467,206,23,2310,104116444,27731,2013-05-18,16,OZ,1,3
2842813401,46,53,5307,104125040,11473,2012-04-26,16,OZ,1,1
2842813401,46,73,7309,104125040,11473,2012-07-18,10,OZ,2,2.48
2842813401,46,5,516,103000030,14760,2013-02-22,6.5,OZ,1,2
2842813401,46,36,3630,107800070,23561,2013-03-13,144,OZ,1,4
2842820745,46,41,4105,1070882070,11473,2012-03-08,28,OZ,1,1.5
2842851574,46,26,2617,101090010,15232,2012-03-03,1,CT,1,8.37
2842870776,46,99,9904,1066529060,52314,2012-06-28,16,OZ,1,1.5
2842884682,46,4,416,104000040,18946,2012-04-04,1.79,OZ,3,1.5
2842884682,46,41,4107,102400020,4704,2012-08-05,14.5,OZ,2,2.2
2842884682,46,36,3628,101200010,12029,2012-08-05,288,OZ,1,6.5
2842884682,46,36,3601,104900040,3809,2012-08-24,144,OZ,3,12
2842884682,46,29,2907,104600040,13023,2013-03-16,12.5,OZ,2,3.72
2842924754,46,22,2210,103700030,6947,2012-08-26,1.92,OZ,1,5.99
2842937922,46,33,3303,1071928373,11473,2012-04-23,8.5,OZ,1,2.5
2842937922,46,26,2628,104200040,2308,2012-07-29,6,RL,1,8.99
2842937922,46,5,502,101600010,86101,2012-07-29,6.6,OZ,1,1.99
2842937922,46,4,418,104000040,26517,2012-08-26,12.6,OZ,1,2.5
2842972521,17,26,2614,1030800434,17323,2012-07-30,22,CT,1,3.49
2842972521,17,29,2925,102113020,15704,2012-10-07,16,OZ,2,3.58
2842972521,17,14,1404,103890030,5072,2013-03-24,12.8,OZ,1,2.29
2842972521,17,99,9904,1071575676,5278,2013-05-05,16,OZ,1,2.5
2842984701,88,14,1404,1084667585,14157,2013-01-28,12.69,OZ,1,2.99
2843033257,15,63,6311,102500020,16474,2012-04-17,59,OZ,1,2.99
2843033257,15,54,5403,102580020,16668,2012-06-27,3.95,OZ,1,2
2843033257,15,97,9753,1021003626,0,2012-11-13,1,CT,1,5.49
2843651716,42,99,9909,107127979,6732,2012-08-04,6,OZ,1,3.89
2844080236,285,51,5115,107192171,78492,2012-05-12,14.2,OZ,1,5.49
2844080236,285,56,5621,101115010,15530,2013-04-27,8,OZ,1,2
2844084906,285,0,0,10000,20405,2012-08-03,0,,1,0
2844084906,285,32,3204,107680878,1393,2013-01-02,17,OZ,1,13.99
2844084906,285,63,6320,1071514171,25530,2013-02-18,12,CT,1,3.69
2844088873,285,97,9753,10000,0,2012-08-25,1,CT,1,0
2844089740,285,9,902,101115010,15530,2012-04-08,16,OZ,1,1.5
2844089740,285,58,5831,107274575,13804,2013-05-22,16,OZ,1,3
2844089956,293,41,4110,103940030,71386,2012-04-30,16,OZ,2,2
2844123566,134,63,6313,102670020,4664,2012-08-21,8,OZ,1,1.59
2844123566,134,26,2630,103600030,9787,2012-10-19,184,CT,2,3.38
2844123566,134,72,7208,103500030,3830,2013-03-05,1,CT,1,3.99
2844123566,134,18,1827,103700030,6236,2013-05-07,9.7,OZ,1,3.49
2844123566,134,8,838,102700020,11091,2013-05-24,24,OZ,1,2.29
2844254280,377,31,3101,104498949,5644,2013-03-18,3,OZ,1,1.99
2844290480,377,56,5609,104990040,9818,2012-07-14,32,OZ,1,4.48
2844357500,507,10,1011,104300040,26232,2012-09-11,6.7,OZ,1,1.22
2844357500,507,40,4001,104100040,10522,2013-06-15,101.4,OZ,2,2.6
2844373454,507,6,609,107007474,7315,2013-04-04,46,OZ,1,8.39
2844380022,507,36,3618,104900040,23359,2012-10-26,101.4,OZ,2,6.3
2844388444,507,18,1898,1060952565,5379,2012-09-19,1,CT,1,22.03
2844389613,507,26,2634,103700030,3293,2013-03-04,12,RL,1,11.81
2844464009,508,63,6315,108523989,11176,2012-06-29,128,OZ,2,7.32
2844464009,508,36,3618,101200010,23361,2012-08-14,144,OZ,3,9.45
2844467962,508,72,7205,103700030,4294,2012-03-28,7.6,OZ,1,4.29
2844467962,508,97,9753,107533878,0,2012-07-08,1,CT,1,7.89
2844485196,508,9,907,107073373,4173,2012-11-28,24,OZ,1,2.61
2844485196,508,8,816,108523989,833,2012-12-09,16,OZ,1,3.13
2844493013,508,8,807,1078099373,6126,2012-03-04,20,OZ,1,2.4
2844493013,508,97,9753,1020404828,0,2012-05-25,1,CT,3,1.54
2844493013,508,33,3319,102840020,15598,2013-02-15,9,OZ,1,3.15
2844493017,508,56,5613,103114232,25202,2012-04-17,8,OZ,1,3.66
2844493017,508,5,501,103800030,9891,2012-06-27,11.4,OZ,3,7.86
2844493017,508,9,907,107294575,15878,2012-09-17,12,OZ,1,2.4
2844493017,508,99,9908,108523989,11176,2012-10-14,80,OZ,1,2.61
2844509176,508,71,7115,105233656,27412,2012-06-03,9,OZ,1,2.45
2844519604,508,8,810,103900030,13296,2012-10-05,1.25,OZ,1,0.72
2844519604,508,26,2628,106343565,23664,2013-04-22,2,RL,1,3.66
2844548238,510,75,7520,1030052131,27166,2013-02-19,30,CT,1,1.02
2844559369,510,97,9753,1049047545,0,2012-12-19,1,CT,1,19.99
2844559369,510,99,9904,1071575676,5278,2013-04-21,6,OZ,1,3.49
2844632475,507,26,2629,104200040,19231,2012-09-04,40,CT,1,2.55
2844694428,507,97,9735,102708424,5000,2012-04-02,1,CT,3,2.97
2844758527,507,21,2105,105200050,7054,2012-12-04,144,OZ,1,6.28
2844758527,507,21,2105,105200050,7054,2013-01-13,144,OZ,1,6.29
2844778100,507,9,907,107225070,12465,2013-03-09,15,OZ,1,2.93
2844821311,508,4,416,104000040,16765,2012-07-14,2.07,OZ,1,0.73
2844821311,508,0,0,10000,0,2012-08-03,0,,1,-1
2844866160,508,4,419,104000040,5168,2013-04-12,8.5,OZ,2,7.34
2844870941,508,8,829,1073762878,18216,2012-03-27,11.09,OZ,1,3.35
2844886292,508,99,9909,103022333,18065,2012-04-22,5,OZ,1,3.67
2845056899,85,51,5130,101380010,27474,2012-03-14,11.25,OZ,1,2.5
2845056899,85,5,501,101600010,85114,2013-02-10,12,OZ,1,2.5
2845056899,85,51,5127,103100030,1358,2013-03-09,6.75,OZ,1,1.1
2845056899,85,51,5125,101380010,10271,2013-03-09,6.38,OZ,1,2.99
2845072402,21,9,902,101410010,45039,2012-04-07,30,OZ,1,8.49
2845073175,21,51,5129,101450010,20864,2012-03-25,12,OZ,2,3.58
2845073175,21,5,518,103800030,15251,2012-07-22,6.2,OZ,1,2.69
2845101323,101,5,516,103000030,14760,2012-07-01,6.5,OZ,2,4
2845101323,101,51,5128,107142979,20299,2012-11-18,10,OZ,1,2.5
2845135394,65,10,1013,103582636,6564,2012-05-26,16,OZ,1,1.99
2845135394,65,41,4105,106414464,70939,2012-08-23,10,OZ,1,1.19
2845135394,65,9,902,103010030,20332,2012-11-03,16,OZ,1,2.49
2845142576,64,59,5902,103450030,10165,2012-10-03,16,OZ,1,3
2845142576,64,18,1828,103700030,6236,2013-06-01,0.88,OZ,3,17.83
2845159969,65,56,5617,102100020,9886,2012-05-13,16,OZ,1,5.29
2845172787,65,96,9609,1053890050,88199,2012-04-21,0,,1,-0.5
2845172787,65,51,5115,107218070,15035,2012-09-30,21.06,OZ,1,4.19
2845172787,65,63,6312,102500020,2362,2012-11-17,59,OZ,1,0.69
2845185939,83,7,708,1076211171,17286,2012-03-12,12,OZ,2,21.38
2845185939,83,58,5812,105450050,1322,2012-04-17,16,OZ,2,7.38
2845185939,83,64,6401,107031070,7107,2012-04-25,24,OZ,2,2.18
2845185939,83,51,5115,107218070,18520,2012-08-11,7.12,OZ,6,6
2845185939,83,8,818,101111010,9907,2013-03-27,24,OZ,3,3.75
2845191618,143,95,9518,1072047373,7848,2012-08-07,1,CT,1,4.99
2845191618,143,9,901,101111010,9907,2012-09-16,16,OZ,1,1.89
2845191618,143,13,1302,103997838,2082,2013-04-03,16,OZ,1,4.39
2845202299,98,33,3307,101111010,9907,2012-03-17,16,OZ,1,2.4
2845202299,98,73,7357,103160434,12423,2012-09-13,160,CT,2,14.99
2845202299,98,23,2301,103340030,15474,2013-05-21,12,OZ,2,2.5
2845202299,98,5,504,1072225272,3695,2013-05-30,1.59,OZ,6,6
2845204141,151,9,903,102100020,85727,2012-03-02,6,OZ,1,2.99
2845213585,98,21,2105,105200050,7054,2012-04-01,32,OZ,1,1.09
2845213585,98,36,3618,104900040,23359,2012-06-03,60,OZ,1,2.99
2845213585,98,73,7302,1030057333,250,2013-02-02,16,CT,1,4.99
2845214105,431,8,818,101111010,9907,2012-04-15,26,OZ,1,1.35
2845214105,431,23,2301,101111010,9907,2012-07-10,16,OZ,1,1
2845218011,63,29,2908,104430040,15487,2012-07-06,16,OZ,4,3.88
2845218011,63,0,0,10000,0,2012-11-04,0,,1,-0.25
2845218011,63,33,3305,107796676,11590,2013-01-18,9,OZ,2,1.98
2845218011,63,63,6320,101111010,6848,2013-03-05,12,CT,1,1.93
2845218011,63,57,5707,107047070,20230,2013-03-31,18,OZ,3,2.97
2845237879,191,8,811,1070601070,1393,2012-09-30,24,OZ,1,2
2845253530,184,25,2506,105000050,32115,2013-03-02,32,OZ,2,7.18
2845254840,96,63,6315,1089695888,31382,2012-08-30,64,OZ,1,3.65
2845255248,96,8,837,107241272,8376,2012-09-03,16,OZ,1,2.09
2845255248,96,57,5710,1089470080,21065,2012-11-04,5.3,OZ,4,4
2845255989,96,34,3410,107418272,16853,2012-11-10,32,OZ,1,3.99
2845256511,96,36,3611,103003434,7175,2013-06-14,405.6,OZ,1,2.78
2845256844,96,32,3202,105150050,4307,2012-04-05,48,OZ,1,5.49
2845256844,96,26,2633,105400050,16048,2013-03-16,4,RL,1,4.49
2845256844,96,9,901,104400040,13243,2013-03-23,11.3,OZ,1,3
2845256977,96,56,5607,103003434,7175,2012-06-16,8,OZ,1,1.99
2845256977,96,63,6320,103003434,7175,2012-10-21,12,CT,1,1
2845257287,96,55,5562,1085673282,93384,2012-09-16,16,OZ,1,4.29
2845257287,96,0,0,10000,0,2012-12-29,0,,1,-15
2845257287,96,22,2207,104460040,3718,2013-02-24,33,OZ,1,6.99
2845287542,214,38,3801,104122040,23511,2012-05-04,4,LB,1,2.36
2845287542,214,63,6315,1076352878,14594,2013-03-10,64,OZ,1,2.98
2845323263,46,2,213,104144949,9916,2012-10-02,15,OZ,1,1.67
2845323263,46,33,3325,102840020,21452,2013-05-14,20,OZ,1,6.99
2845328891,46,14,1404,101480010,12021,2012-08-12,24,OZ,1,2
2845331385,46,99,9908,1060580666,7655,2012-03-24,24,OZ,1,3.29
2845331385,46,21,2111,107535575,13044,2012-10-13,64,OZ,1,2
2845386644,17,9,902,102410020,45518,2012-10-19,16,OZ,1,1.99
2845386644,17,21,2108,102113020,15704,2012-11-26,64,OZ,1,2.79
2845386644,17,4,416,103400030,15113,2012-12-16,1.5,OZ,2,2.38
2845386644,17,8,811,104112949,3635,2013-01-27,24,OZ,2,4.98
2845688197,42,51,5129,101450010,20864,2012-05-07,10,OZ,1,2.19
2845688197,42,27,2723,1089762989,5067,2012-09-23,14,OZ,1,3.39
2845688197,42,69,6901,101204414,13056,2013-01-23,2.6,OZ,1,4.99
2845688197,42,63,6320,1071514171,25530,2013-02-23,12,CT,1,3.79
2845905749,285,8,826,104150040,6667,2012-07-14,12,OZ,1,1.99
2845909132,285,37,3709,104178949,11224,2012-03-04,3,OZ,6,1.5
2845909132,285,26,2628,101115010,15530,2013-03-17,2,RL,1,3.7
2845910451,285,64,6401,103410030,11704,2012-08-25,360,OZ,2,25.58
2845910451,285,8,810,105210050,11382,2012-12-26,1,OZ,4,3.96
2845998608,377,56,5616,1071754474,17653,2012-07-03,8,OZ,2,4
2846011332,24,63,6315,1071754474,17653,2012-04-15,128,OZ,1,3.69
2846053965,507,57,5710,103663232,4568,2013-03-24,21.2,OZ,1,4.14
2846085116,507,95,9518,106700868,2988,2012-04-03,1,CT,4,15.08
2846085116,507,9,912,104812141,18322,2013-05-06,15,OZ,2,5.64
2846090437,507,97,9753,1049022040,0,2013-05-04,1,CT,1,5
2846193022,508,41,4107,102400020,4704,2012-07-07,14.5,OZ,1,1.04
2846193022,508,16,1604,101254616,18738,2012-07-20,14,CT,1,1.35
2846195823,508,99,9904,1071575676,5278,2012-07-28,16,OZ,1,1.88
2846220710,508,95,9518,1064541666,2988,2013-01-19,1,CT,1,4.19
2846220909,508,97,9728,104549646,12667,2012-08-09,1,CT,1,20.99
2846220909,508,63,6316,107032272,13036,2013-06-15,16,OZ,2,3.78
2846236616,508,58,5814,104660040,885,2012-09-05,2.9,OZ,2,2.1
2846237073,508,97,9731,1065356969,28185,2012-12-05,1,CT,2,7.58
2846241742,508,25,2508,102529323,16410,2012-12-14,64,OZ,1,3.14
2846244489,508,58,5833,102874929,43198,2012-06-04,16,OZ,2,7.34
2846250100,508,9,907,107294575,15878,2012-03-14,12,OZ,1,2.59
2846256854,508,69,6901,104740040,7196,2012-09-19,2.6,OZ,1,4.17
2846260666,508,4,410,1076839575,6954,2012-05-28,0.8,OZ,1,2.09
2846260666,508,33,3317,10980090,12851,2012-09-07,1.8,OZ,6,9.24
2846284061,510,5,501,1088491282,86364,2012-06-21,16,OZ,1,3.14
2846308722,510,97,9748,1071496373,18229,2012-09-05,1,CT,2,2.6
2846340828,510,97,9753,107314979,0,2012-11-09,1,CT,3,62.97
2846416386,21,23,2301,107130070,15474,2012-06-03,16,OZ,3,4.47
2846416386,21,9,918,101410010,13791,2013-02-10,7,OZ,2,6.2
2846416580,21,46,4606,104119040,16347,2012-12-21,10,OZ,1,3.99
2846416619,21,29,2914,102100020,9886,2012-07-26,5.5,OZ,2,2.98
2846417471,21,56,5615,102100020,4218,2012-03-20,10,OZ,1,3.99
2846417471,21,9,901,104400040,13243,2012-08-15,11.3,OZ,1,4.49
2846417471,21,30,3007,107184070,11154,2012-09-01,12,OZ,1,2.99
2846417471,21,8,810,104600040,13023,2013-02-02,1,OZ,1,0.99
2846418555,21,99,9904,103338333,33170,2012-05-29,16,OZ,1,2.49
2846418555,21,99,9909,107143070,5072,2013-01-11,12,OZ,1,1.99
2846485141,64,41,4108,1088439585,10793,2012-08-23,15,OZ,1,0.69
2846488954,64,97,9753,1023812525,0,2013-02-05,1,CT,1,4.99
2846498463,64,45,4517,1066009464,54983,2012-06-19,18,OZ,1,6.99
2846498463,64,9,922,102430020,10577,2012-08-08,13,OZ,1,1.57
2846498463,64,60,6011,103582636,6564,2012-12-01,16,OZ,1,1.59
2846498463,64,9,907,107102575,2570,2012-12-18,20,OZ,1,2.39
2846498463,64,26,2609,101370010,8154,2013-05-05,50,CT,1,2
2846512526,165,63,6318,107203676,7953,2012-06-10,26,OZ,1,7.99
2846512526,165,97,9781,10000,8255,2013-01-05,1,CT,2,-2.1
2846512856,165,99,9908,104525545,11481,2013-01-09,24,OZ,1,3.99
2846512927,165,58,5811,105020353,54660,2013-03-14,16,OZ,2,23.98
2846514729,26,58,5812,105450050,1322,2013-01-31,16,OZ,1,2.79
2846515442,83,27,2707,101780010,3108,2012-08-03,3.15,LB,1,3.79
2846515442,83,58,5813,104222242,26234,2012-09-22,16,OZ,1,1.99
2846515442,83,18,1890,101111010,9907,2012-10-03,16,CT,1,2.99
2846516949,143,58,5833,101111010,9907,2012-12-08,16,OZ,1,3.5
2846517695,143,37,3703,105100050,2820,2012-06-09,10.5,OZ,2,3
2846517695,143,9,907,107518575,11221,2013-04-06,20,OZ,1,3.49
2846523877,98,51,5125,105010050,8089,2013-03-17,11.5,OZ,1,2
2846527524,126,22,2201,104460040,3718,2012-08-11,96,OZ,1,2.09
2846527524,126,58,5831,101111010,9907,2012-09-06,48,OZ,1,6.99
2846527524,126,51,5117,104280040,18599,2012-09-09,10.5,OZ,1,1.33
2846529280,98,14,1415,101111010,9907,2012-04-07,15,OZ,1,1.08
2846529280,98,44,4404,101800010,14029,2013-02-09,25,OZ,1,3.14
2846529280,98,9,901,103010030,6852,2013-03-21,11.5,OZ,1,1.99
2846532576,126,26,2613,103600030,8583,2012-07-08,21,CT,1,8.99
2846532576,126,63,6318,101111010,9907,2012-07-08,24,OZ,1,2.85
2846533419,89,0,0,10000,0,2012-05-14,0,,1,0
2846534844,89,63,6320,101111010,9907,2012-04-16,12,CT,1,1.69
2846534844,89,99,9904,1071575676,5278,2012-12-11,16,OZ,1,3.99
2846535632,211,99,9908,101111010,9907,2012-11-30,16,OZ,2,2
2846537714,151,9,901,104157343,33170,2012-06-22,13.5,OZ,1,3.49
2846537714,151,96,9609,1057045959,88199,2013-02-23,0,,2,-0.8
2846560901,191,55,5552,107283070,18390,2012-09-15,56,OZ,1,3.5
2846564375,215,9,907,107225070,12465,2012-06-08,16,OZ,1,3.19
2846576033,96,55,5556,102073525,18893,2012-07-22,48,OZ,1,2.99
2846577563,96,41,4108,103940030,71386,2012-03-07,16,OZ,2,2.38
2846617189,206,49,4901,108685484,10218,2012-09-07,64,OZ,1,2.68
2846633085,46,58,5833,101122515,19197,2012-05-15,48,OZ,1,7.99
2846677047,46,9,907,107131575,9826,2012-05-04,24,OZ,1,2.19
2846677047,46,99,9904,103338333,33170,2012-10-22,48,OZ,2,5
2846679093,46,97,9784,1088590989,754,2012-12-22,1,CT,0,0
2846711278,15,35,3504,103500030,13470,2012-09-05,25,OZ,1,-2.98
2846711278,15,92,9206,107940070,5168,2012-09-21,3,OZ,1,2.69
2846711278,15,99,9908,102876424,15811,2012-10-27,10,OZ,1,2.99
2846712655,18,45,4511,103100030,1358,2012-03-13,24,OZ,2,7.98
2846713557,15,9,912,104812141,18322,2012-10-17,20,OZ,1,4.69
2846717463,18,59,5902,102640020,4584,2013-03-02,16,OZ,1,3.79
2846724497,360,99,9908,103338333,33170,2012-04-21,16,OZ,1,1.99
2846724497,360,96,9609,1051114151,88199,2012-04-29,0,,1,-1
2846724497,360,23,2301,104173545,14456,2013-02-04,16,OZ,2,2
2846998150,42,57,5705,107047070,20230,2012-03-14,6,OZ,6,4
2847262137,507,9,902,101410010,45039,2012-12-03,6.6,OZ,1,2.09
2847289028,507,18,1813,105114151,16044,2012-08-15,1,RL,2,2.1
2847289028,507,73,7304,1037003030,23664,2012-12-24,20,CT,1,6.29
2847289028,507,9,901,104400040,18112,2013-02-21,12,OZ,1,3.7
2847289028,507,34,3410,107278575,23664,2013-03-13,64,OZ,1,4.08
2847291909,507,12,1205,108000080,17292,2012-07-17,3,OZ,6,7.08
2847291909,507,54,5403,107790070,9200,2012-07-19,18.4,OZ,1,6.29
2847291909,507,95,9518,1064541666,2988,2013-03-05,1,CT,1,2.82
2847304956,507,58,5823,104222242,26234,2012-08-23,32,OZ,1,5.21
2847348746,507,18,1829,103700030,6236,2013-01-25,1,CT,1,5.24
2847371126,508,97,9753,1020406525,0,2012-05-25,1,CT,1,0.62
2847371126,508,56,5619,102100020,19279,2012-09-07,32,OZ,1,5.71
2847371384,508,95,9518,1088351585,2988,2012-05-13,1,CT,1,1.04
2847371384,508,11,1112,102898929,26666,2012-05-21,9.5,OZ,1,3.14
2847378567,508,29,2928,107142979,20299,2012-03-11,7,OZ,1,1.8
2847378567,508,59,5902,103450030,10165,2012-05-06,15,OZ,1,3.93
2847378567,508,97,9753,1020401121,0,2012-08-02,1,CT,1,-0.13
2847397947,508,9,902,103010030,3744,2012-07-09,11,OZ,1,2.45
2847397947,508,58,5833,102874929,43198,2012-09-03,16,OZ,2,7.54
2847397947,508,26,2633,106343565,23664,2012-10-20,12,RL,1,6.85
2847410150,508,17,1726,104650040,14149,2012-09-28,25,CT,1,4.07
2847410150,508,97,9753,10978059494,0,2012-11-03,1,CT,1,15.68
2847411732,508,51,5123,103620030,1698,2012-06-05,24,OZ,1,5.89
2847414364,508,97,9730,1065356969,33170,2012-05-17,1,CT,1,21.02
2847414364,508,14,1404,1089000080,11289,2012-10-02,12.8,OZ,2,4.8
2847416130,508,75,7520,104834141,23664,2012-12-18,500,CT,1,2.66
2847416130,508,19,1908,104800141,16564,2013-02-01,40,OZ,1,6.55
2847435238,509,97,9753,1020407222,0,2012-06-04,1,CT,0,-1.14
2847458733,510,25,2506,105000050,32115,2013-04-22,32,OZ,3,10.35
2847476800,510,21,2113,101480010,12021,2012-06-16,64,OZ,0,0
2847476800,510,5,501,101600010,3331,2012-08-27,21.6,OZ,1,4.19
2847476800,510,9,901,104400040,13243,2012-11-21,15.35,OZ,1,3.03
2847553451,21,57,5707,107047070,20230,2013-04-13,16,OZ,2,4
2847558879,240,99,9908,103338333,33170,2012-06-19,16,OZ,1,1.29
2847561662,104,62,6201,107750979,35426,2012-06-28,22,OZ,1,2.99
2847561662,104,63,6315,104128040,9181,2012-08-12,128,OZ,2,5.38
2847646036,165,33,3305,107797575,27417,2012-03-19,16,OZ,1,2.5
2847646036,165,7,706,104127141,26189,2012-05-23,64,OZ,1,3.49
2847646036,165,96,9609,1055100050,88199,2012-11-11,0,,2,-0.8
2847646036,165,21,2105,105200050,7054,2013-02-03,32,OZ,1,1
2847646667,165,96,9609,1050813757,88199,2012-04-19,0,,2,-2
2847651211,143,96,9609,1057073454,88199,2012-03-03,0,,1,-1
2847652503,26,62,6201,101111010,9907,2012-08-17,48,OZ,1,5.99
2847656341,58,27,2712,103270030,7966,2012-08-16,120,CT,1,6.99
2847656341,58,96,9609,1057261353,88199,2013-02-23,0,,1,-1
2847665848,89,1,105,107007474,16452,2012-11-19,23.2,OZ,1,26.24
2847666554,98,56,5610,107580575,17344,2012-10-30,8,OZ,1,4.49
2847666554,98,29,2928,105480050,19039,2013-02-18,6,OZ,2,3.18
2847666554,98,64,6409,108981989,1677,2013-03-29,0.75,LT,1,6.99
2847669028,63,9,970,103800030,62065,2012-03-23,14.7,OZ,1,2.34
2847669028,63,58,5823,101590010,1366,2012-06-21,16,OZ,1,1.99
2847669028,63,51,5121,104369545,10274,2012-10-27,9,OZ,3,6
2847669028,63,14,1411,103890030,5072,2012-11-27,20,OZ,2,2
2847671565,63,10,1013,103890030,5072,2013-03-08,8,OZ,2,5
2847671573,63,9,907,107343575,9705,2013-05-04,12,OZ,2,6.58
2847686174,2,63,6320,101111010,14907,2012-12-11,18,CT,1,2.99
2847691967,191,63,6315,101111010,6678,2012-06-09,64,OZ,1,1.85
2847691967,191,0,0,10000,0,2012-11-21,0,,2,-0.4
2847708222,96,19,1908,105150050,9189,2012-05-17,80,OZ,1,14.99
2847708222,96,36,3635,103003434,7175,2012-08-29,33.8,OZ,12,8.28
2847744715,214,9,907,107313070,13291,2012-03-24,21,OZ,1,2.82
2847744715,214,28,2805,104133141,7531,2012-04-23,9,OZ,1,3.45
2847744715,214,51,5115,107192171,25673,2012-04-29,22.1,OZ,1,5.28
2847744715,214,32,3203,106414464,13474,2013-03-24,6,OZ,1,2.62
2847744715,214,73,7312,104122040,23511,2013-04-20,0.5,OZ,1,2.38
2847750622,206,63,6305,104850040,5072,2012-12-21,59,OZ,1,3.48
2847833155,95,5,501,1088491282,86364,2012-05-15,14,OZ,1,1.99
2847833155,95,3,310,1082429585,13234,2012-12-14,11.5,OZ,1,5.99
2847833155,95,63,6320,102113020,10786,2013-02-16,12,CT,1,1.79
2847834810,4,64,6409,108711080,18456,2012-10-02,0.75,LT,1,16.49
2847834810,4,6,610,101200010,17286,2012-11-19,12,OZ,1,-1.72
2848132466,42,51,5116,107192171,25673,2012-10-10,28.2,OZ,1,7.39
2848132860,42,9,907,107130171,17614,2013-01-06,18,OZ,1,1.99
2848132860,42,63,6313,102670020,4664,2013-03-05,16,OZ,1,1.99
2848299128,108,97,9799,108149282,26186,2013-01-05,1,CT,1,2.19
2848362055,377,64,6401,101820010,2510,2013-01-09,24,OZ,2,3.18
2848429099,507,13,1306,108523989,11176,2012-12-12,2,LB,1,1.6
2848429099,507,26,2630,103600030,9787,2013-04-08,75,CT,1,1.65
2848489648,507,29,2923,104100040,9814,2012-10-15,4.3,OZ,2,1.7
2848489648,507,36,3601,101200010,13794,2013-05-18,144,OZ,1,4.72
2848545445,508,97,9753,1020401121,0,2012-06-07,1,CT,1,0.93
2848553696,508,5,519,103000030,14760,2012-09-10,14.1,OZ,3,9.57
2848569937,508,71,7113,108087888,13505,2012-07-30,12.6,OZ,2,8.08
2848569937,508,6,606,105000050,3001,2012-09-26,12.6,OZ,1,4.49
2848569937,508,9,907,107073373,4173,2013-02-05,24,OZ,1,2.49
2848599066,510,71,7113,103700030,19364,2013-01-27,25.3,OZ,2,7.98
2848599654,510,63,6320,108523989,11176,2012-08-24,18,CT,1,1.96
2848644227,386,63,6315,107880070,19118,2012-10-31,64,OZ,2,2
2848708727,21,33,3308,104178040,19154,2013-01-20,23,OZ,1,6.99
2848708727,21,45,4513,104222242,26234,2013-03-19,32,OZ,2,6.98
2848709556,21,9,907,104119040,16347,2012-09-20,20,OZ,1,1.27
2848709556,21,27,2710,104119040,16347,2012-10-18,10,LB,1,1.99
2848729368,101,8,822,107287878,5119,2012-03-25,8.25,OZ,1,3.49
2848729756,101,26,2630,103600030,9787,2013-01-20,174,CT,1,1.5
2848729756,101,92,9214,107050171,12554,2013-05-27,25,CT,1,5.79
2848729756,101,57,5705,107047070,20230,2013-06-09,6,OZ,5,3
2848730032,101,27,2709,102310020,18139,2013-03-17,6.3,OZ,1,3.29
2848736522,77,0,0,10000,20405,2012-12-20,0,,1,-3.35
2848792752,64,9,902,104400040,19783,2012-11-09,8.5,OZ,1,3.19
2848792752,64,13,1305,103000030,14760,2012-12-20,80,OZ,1,2.29
2848806489,143,55,5559,101111010,9907,2012-04-29,16.5,OZ,2,5
2848808107,83,58,5831,107274575,13804,2012-08-26,24,OZ,1,5.99
2848808107,83,9,902,101410010,45039,2012-08-26,6.6,OZ,1,1.49
2848818735,211,58,5824,107705272,7766,2012-05-26,16,OZ,2,11.98
2848818735,211,21,2109,104180040,19713,2012-08-31,64,OZ,2,4.68
2848818735,211,63,6328,101111010,9907,2012-11-30,24,OZ,2,5
2848824138,63,7,708,101111010,9907,2013-02-27,34.5,OZ,2,10.56
2848850023,23,63,6320,107110171,12412,2012-06-23,12,CT,1,3.99
2848850023,23,99,9908,101111010,9907,2012-12-13,10,OZ,1,2.99
2848850023,23,3,308,101792919,15072,2013-01-13,0.75,OZ,1,2.09
2848850023,23,74,7402,104740040,7196,2013-03-11,2.5,OZ,1,2.19
2848867243,96,1,105,107007474,16452,2013-02-02,23.2,OZ,2,51.98
2848867580,96,0,0,10000,0,2012-05-24,0,,1,0
2848867580,96,36,3618,104900040,23359,2012-10-21,240,OZ,1,6.99
2848867580,96,56,5615,102100020,4218,2013-02-26,8,OZ,1,3.99
2848867602,96,33,3305,101583919,7001,2012-10-17,8.1,OZ,1,3.99
