3515572509,83,33,3312,103700030,14494,2012-04-18,6.38,OZ,3,4.71
3515572509,83,9,901,102750020,837,2012-11-07,8.75,OZ,1,3.29
3515574908,143,5,501,101600010,3331,2012-03-14,17,OZ,1,4.19
3515574908,143,9,907,101111010,9907,2012-06-04,20,OZ,1,1
3515574908,143,97,9735,102708424,8530,2012-08-03,1,CT,2,1.78
3515574908,143,64,6401,101820010,2510,2012-09-28,288,OZ,1,15.99
3515575205,26,36,3603,104300040,4371,2012-03-07,320,OZ,1,2.69
3515575205,26,9,920,101111010,9907,2012-06-17,11,OZ,1,1.99
3515575205,26,9,902,104400040,19783,2012-07-16,9.1,OZ,2,4
3515575205,26,75,7503,104138848,1993,2013-04-09,0.15,OZ,1,1.59
3515578657,98,0,0,10000,0,2012-08-30,0,,1,0
3515578657,98,26,2633,103040030,683,2013-01-14,4,RL,2,2
3515578657,98,9,901,104400040,13243,2013-02-05,14.3,OZ,1,2.48
3515582694,98,25,2507,107235070,68047,2012-08-18,15.5,OZ,12,16.68
3515582694,98,51,5126,102113121,11151,2012-09-02,14,OZ,1,2.49
3515592213,431,55,5556,101111010,9907,2012-05-07,48,OZ,1,3.09
3515592213,431,23,2301,1076738777,5261,2012-06-27,13.25,OZ,2,4
3515592213,431,41,4105,101111010,9907,2012-10-29,28,OZ,2,2.58
3515592213,431,41,4105,107294070,15051,2013-04-22,14.5,OZ,1,0.99
3515594698,211,99,9908,1075166676,52506,2012-05-17,10.5,OZ,1,2
3515597733,12,43,4302,107027272,15085,2012-12-18,13,OZ,1,3.99
3515597733,12,45,4511,103100030,1358,2013-01-08,29.5,OZ,1,3.99
3515600415,12,99,9909,101111010,28083,2012-04-03,12,OZ,1,2.99
3515600415,12,63,6320,101111010,9698,2013-03-08,30,CT,1,4.88
3515611908,140,51,5116,107192171,25673,2012-09-21,28.3,OZ,1,5.5
3515611908,140,9,907,107294575,15878,2013-05-26,20,OZ,1,2.99
3515615542,191,57,5706,104319242,12309,2012-12-07,32,OZ,1,2.79
3515619627,83,58,5831,103927232,26234,2012-05-22,20,OZ,2,9.58
3515619627,83,36,3626,107380070,6226,2012-06-26,67.6,OZ,1,1.19
3515619627,83,36,3632,101480010,8019,2012-07-03,128,OZ,1,1.99
3515619627,83,55,5559,107756777,14286,2012-07-27,33,OZ,1,3.84
3515619627,83,9,922,101111010,9907,2012-09-06,16,OZ,1,6.99
3515619627,83,28,2804,107321474,11575,2013-01-29,16,OZ,1,1.99
3515619627,83,9,907,107131474,1061,2013-03-15,16,OZ,1,2.59
3515619627,83,21,2117,108768484,2903,2013-05-25,60,OZ,1,2.29
3515619627,83,56,5617,101111010,9907,2013-06-28,12,OZ,1,1.79
3515620787,26,56,5619,101111010,9907,2012-11-09,8,OZ,1,2.29
3515620787,26,25,2506,104410040,8481,2013-01-19,16,OZ,1,2.39
3515622074,143,6,610,107084777,11910,2013-02-01,16,OZ,1,1.79
3515627933,58,57,5710,1089470080,21065,2012-06-15,5.3,OZ,2,2.5
3515631542,126,73,7302,101111010,9907,2012-04-30,500,CT,1,5
3515631542,126,71,7113,107940070,17521,2012-09-12,12.6,OZ,2,2.98
3515635647,98,56,5611,104175747,14459,2013-05-30,12,OZ,1,2.89
3515642039,89,99,9908,101111010,9907,2012-03-16,80,OZ,1,1.99
3515642039,89,41,4109,105200050,19212,2012-04-06,15,OZ,2,1.98
3515642039,89,99,9908,101111010,9907,2012-05-04,80,OZ,1,1.99
3515642039,89,36,3618,101111010,1814,2012-06-22,144,OZ,2,5
3515642039,89,22,2207,106233868,15197,2012-11-09,60,OZ,1,5.29
3515642039,89,26,2622,101370010,8154,2013-03-01,18,CT,1,2.79
3515642039,89,9,907,107294575,15878,2013-03-15,20,OZ,1,2.99
3515642039,89,56,5617,102100020,9886,2013-03-29,8,OZ,2,7.98
3515642404,211,1,104,107109171,12846,2012-04-11,128,OZ,1,1.39
3515642404,211,33,3303,102840020,10241,2012-04-26,10,OZ,1,2.5
3515642404,211,33,3308,102840020,3336,2013-02-17,9.75,OZ,2,3.2
3515650622,12,41,4107,102000020,7655,2012-11-11,14.75,OZ,1,0.49
3515663904,63,8,810,104140949,3957,2013-02-21,1.2,OZ,1,0.89
3515663904,63,9,917,101111010,6848,2013-07-12,30,OZ,1,2.89
3515667868,26,51,5126,101380010,27474,2013-03-03,6,OZ,1,2.74
3515674597,58,58,5823,104470040,13310,2012-05-09,16,OZ,1,2.79
3515674597,58,9,907,101111010,9907,2012-06-23,20,OZ,1,1
3515674597,58,56,5609,1068692464,9907,2012-12-09,16,OZ,1,0.59
3515674597,58,4,427,103400030,8682,2013-03-26,1.5,OZ,1,1.99
3515674597,58,96,9609,1052000050,88199,2013-04-06,0,,1,-1
3515674597,58,5,501,1088491282,14900,2013-04-21,25,OZ,1,3.44
3515675219,58,0,0,10000,0,2012-10-06,0,,1,0
3515675682,89,58,5823,101111010,9907,2012-05-01,7,OZ,1,3
3515675682,89,58,5824,107778272,9260,2012-05-26,14,OZ,1,2.5
3515675682,89,29,2928,101530010,58299,2012-09-27,5.9,OZ,1,1
3515678230,98,60,6011,101800010,14029,2012-05-07,16.3,OZ,1,1
3515678230,98,26,2622,101111010,9907,2013-02-05,60,CT,1,1
3515678230,98,63,6319,101111010,9907,2013-04-14,128,OZ,1,1.5
3515679516,98,36,3612,101111010,9907,2013-05-23,128,OZ,2,1.58
3515685247,133,45,4509,101111010,9907,2012-08-18,16,OZ,1,6.99
3515685247,133,8,830,107185171,2181,2012-08-25,9,OZ,1,2.49
3515685247,133,45,4509,101111010,9907,2012-09-29,16,OZ,2,9.98
3515685249,133,36,3601,104900040,3809,2012-05-25,144,OZ,1,3.25
3515685249,133,70,7002,101111010,9907,2012-11-20,16,OZ,1,1.88
3515686325,126,23,2301,101111010,9907,2012-03-31,16,OZ,2,1.76
3515691701,211,20,2002,105100050,27873,2012-07-08,33,OZ,1,3.35
3515700349,63,36,3612,101111010,9907,2012-04-22,128,OZ,2,1.96
3515700349,63,51,5125,105010050,8089,2013-04-10,10.5,OZ,1,2.19
3515700349,63,96,9609,1054760050,88199,2013-06-28,0,,2,-1
3515703631,140,63,6320,101111010,16706,2012-08-03,18,CT,1,2.49
3515703631,140,97,9753,10000,0,2013-02-10,1,CT,2,1.58
3515707461,2,58,5828,107790070,9200,2012-09-29,9.6,OZ,1,4.49
3515707461,2,63,6330,101111010,14907,2012-12-29,16,OZ,2,5
3515719483,191,64,6409,108981989,11526,2012-06-07,0.75,LT,1,5.99
3515719917,191,62,6201,107111777,6678,2012-05-08,16,OZ,2,2.5
3515723268,143,63,6318,1083041585,59425,2012-06-27,24.96,OZ,1,8.99
3515723268,143,99,9908,103338333,33170,2012-07-01,16,OZ,1,1.34
3515725604,83,57,5707,103663232,4568,2013-03-01,18.6,OZ,1,2
3515725604,83,56,5621,101111010,9907,2013-05-20,8,OZ,1,1.79
3515727885,89,51,5125,107265575,8089,2012-11-11,9.9,OZ,1,2.18
3515727885,89,25,2503,101111010,9907,2013-03-24,35.3,OZ,1,5.69
3515727885,89,21,2119,101200010,10522,2013-04-27,202.8,OZ,1,5.48
3515728032,89,0,0,10000,0,2012-03-24,0,,1,3.23
3515728032,89,33,3318,107684777,21568,2012-07-29,15,OZ,1,2.99
3515728032,89,14,1404,101111010,9907,2013-03-09,24,OZ,1,2.29
3515729806,58,21,2106,101111010,9907,2012-05-28,64,OZ,1,2.44
3515729806,58,58,5823,101111010,9907,2012-09-03,2.5,OZ,4,2
3515729806,58,9,917,107373171,11786,2013-02-10,27.5,OZ,1,1.99
3515729806,58,58,5834,103760030,8501,2013-04-14,15,OZ,2,7.98
3515732405,58,99,9909,101111010,9907,2012-06-08,12,OZ,1,0.44
3515732405,58,99,9904,1071575676,5278,2012-06-23,6,OZ,1,2
3515732405,58,96,9609,10992310090,88199,2012-11-03,0,,1,-0.5
3515732405,58,16,1604,102200020,6021,2013-03-15,45,CT,1,2.37
3515737526,98,33,3307,101111010,9907,2012-07-08,16,OZ,1,2.64
3515737526,98,59,5902,103450030,10165,2012-12-14,16,OZ,1,3.25
3515740080,89,9,970,103800030,62065,2012-10-14,4.8,OZ,1,2.99
3515740080,89,37,3703,105100050,2820,2012-12-30,11,OZ,1,1
3515745758,211,4,427,103400030,8682,2012-07-05,1.2,OZ,1,1.5
3515746338,151,33,3316,101600010,7018,2012-04-07,8.6,OZ,1,2.99
3515746338,151,17,1703,101920010,10882,2012-08-12,22,OZ,1,3.19
3515746338,151,32,3203,106414464,13474,2012-09-23,5,OZ,1,2.99
3515748863,211,35,3508,107261373,19976,2013-02-06,50,OZ,1,4.49
3515815515,96,38,3802,103003434,7175,2012-11-21,2,LB,1,2
3515815515,96,49,4902,103003434,28496,2013-03-08,8,OZ,2,2.58
3515815669,96,99,9908,103338333,33170,2012-04-15,6,OZ,1,3.49
3515816755,96,36,3611,101200010,803,2012-09-04,405.6,OZ,1,3.34
3515816755,96,5,519,105844959,12466,2013-02-25,14,OZ,1,3.5
3515817603,96,63,6320,103003434,7175,2012-04-28,12,CT,1,1.32
3515817603,96,21,2119,101200010,10522,2012-07-28,111,OZ,2,14.98
3515817730,96,10,1011,104300040,26232,2012-05-19,19.5,OZ,1,3.5
3515817730,96,59,5907,102740020,16291,2013-02-09,15,OZ,1,2.5
3515819684,96,45,4509,103738636,20816,2012-09-26,32,OZ,1,17.98
3515819684,96,58,5834,103760030,8501,2012-10-30,15,OZ,1,7.49
3515820414,96,37,3711,1081571282,7175,2012-04-29,24,OZ,1,5.99
3515820414,96,33,3308,103003434,7175,2012-05-29,9,OZ,1,1.99
3515821871,96,26,2622,102570020,20361,2012-08-11,20,CT,1,2.19
3515821871,96,5,501,101600010,15114,2012-11-11,18,OZ,1,3
3515821871,96,5,501,103800030,4089,2013-03-23,9.2,OZ,1,2
3515822003,96,56,5614,104171646,6769,2012-06-03,12,OZ,1,3.5
3515823909,96,9,920,107641070,10160,2012-03-17,11,OZ,1,2.5
3515823909,96,29,2908,104600040,13023,2012-05-06,16,OZ,1,1.69
3515823909,96,63,6315,103003434,7175,2012-09-23,64,OZ,1,3.99
3515824203,96,5,501,103800030,17050,2012-04-03,12.5,OZ,1,3
3515824203,96,99,9901,103003434,28496,2012-04-09,1,OZ,1,2.5
3515824203,96,19,1905,105150050,16728,2013-05-04,12,OZ,1,2.98
3515899846,214,7,708,1076211171,17286,2012-04-27,12,OZ,1,7.98
3515922996,214,7,709,102550020,6550,2012-11-20,3.81,OZ,2,14.98
3515929798,214,98,9802,1035128535,53442,2013-04-12,1,CT,1,46.97
3515943858,214,11,1111,103800030,17050,2012-06-28,4.76,OZ,1,2.5
3515943858,214,56,5616,102100020,9886,2012-12-31,8,OZ,1,2.48
3515952312,214,3,302,103400030,8247,2012-03-12,11.5,OZ,1,1.88
3515952312,214,58,5834,103760030,8501,2012-08-13,12,OZ,1,3.17
3515965234,214,8,810,105210050,11382,2012-11-19,0.87,OZ,4,3.84
3515965234,214,56,5620,104122040,20514,2013-03-08,8,OZ,2,4.1
3515973942,214,17,1703,101920010,10882,2012-08-22,40,OZ,1,2.47
3515973942,214,99,9908,104122040,23511,2012-09-22,16,OZ,1,2.97
3515997326,214,34,3406,103700030,8993,2012-03-11,18,OZ,1,2.75
3515997326,214,36,3603,104300040,4186,2013-04-15,1088,OZ,1,9.38
3516006688,206,51,5131,104227242,648,2012-05-31,14,OZ,1,5.98
3516007719,206,63,6305,101630010,6509,2013-03-09,59,OZ,1,3.78
3516007719,206,7,707,104300040,7161,2013-04-16,12,OZ,1,8.98
3516011294,206,27,2706,105000050,6132,2012-03-14,3,OZ,3,2
3516034117,46,36,3611,108304686,8688,2013-02-04,405.6,OZ,1,4.29
3516053117,46,9,901,103010030,9530,2012-10-10,9.5,OZ,2,3.98
3516053117,46,29,2904,101600010,7860,2013-02-04,5.8,OZ,1,1.25
3516173198,46,63,6314,107342070,4529,2012-07-31,8,OZ,1,1.39
3516173467,46,3,304,105210050,11382,2012-11-27,1,OZ,1,3.27
3516173467,46,96,9639,1071373373,11473,2012-12-18,1,CT,1,20
3516245268,46,10,1012,102700020,23332,2012-04-01,39,OZ,1,2.85
3516245268,46,58,5823,104450040,8318,2012-07-02,9,OZ,1,3.59
3516245268,46,23,2310,104116444,27731,2012-09-30,16,OZ,1,2
3516245268,46,29,2904,101530010,13610,2013-04-30,4.7,OZ,2,2
3516245268,46,37,3703,105100050,2820,2013-05-07,10.75,OZ,2,1.98
3516249110,46,5,501,1088491282,8459,2013-01-06,14.5,OZ,1,1.99
3516262143,46,96,9609,1054610050,88199,2012-11-02,0,,1,-0.55
3516265109,46,35,3504,103700030,4628,2012-04-08,14,OZ,1,1.83
3516265109,46,10,1010,104164242,16879,2012-07-27,13,OZ,2,3.98
3516265109,46,36,3601,104900040,3809,2012-11-20,288,OZ,2,11
3516265109,46,4,421,107097070,56002,2012-12-12,36,OZ,1,5.49
3516265109,46,9,912,107680070,10333,2013-03-01,17.1,OZ,1,1.59
3516326395,17,56,5620,102100020,9886,2013-01-07,8,OZ,2,6.98
3516331101,3,26,2634,103700030,3293,2012-03-20,4,RL,1,3.5
3516331101,3,75,7520,102113020,15704,2012-07-18,500,CT,1,3.49
3516331101,3,27,2707,105000050,6132,2012-08-28,1,LB,1,2.69
3516331101,3,8,805,102840020,6777,2013-02-02,9,OZ,1,3.19
3516368088,14,9,907,107294575,15878,2012-12-28,20,OZ,1,2.99
3516368959,14,9,907,107294575,15878,2013-05-24,20,OZ,1,2.89
3516397459,18,41,4108,104133141,7531,2012-09-29,15.5,OZ,1,1.69
3516408003,14,6,603,1075174676,13359,2012-08-05,12,OZ,1,4.19
3516408003,14,9,907,102113020,15704,2012-10-14,17,OZ,1,2.5
3516408003,14,19,1910,10980090,12851,2012-12-16,13,OZ,1,4.29
3516408003,14,53,5307,102000020,7655,2013-02-24,12,OZ,1,2.29
3516417893,88,26,2609,102113020,15704,2012-07-22,100,CT,1,3.99
3516442169,17,36,3601,104900040,3809,2013-04-15,67.6,OZ,1,1.79
3516455097,20,21,2119,101200010,10522,2012-06-29,202.8,OZ,1,5.99
3516483001,360,5,501,101600010,9773,2012-07-09,18,OZ,1,4.49
3516483001,360,14,1405,103120030,12957,2013-01-29,14,OZ,1,1.99
3516484907,360,56,5620,104173545,14456,2013-02-25,8,OZ,2,5.38
3516492097,360,63,6319,104173545,14456,2012-03-18,67.6,OZ,1,1
3516492097,360,51,5126,101380010,27474,2012-07-08,10,OZ,2,3.82
3516492097,360,7,707,104300040,11339,2012-09-01,29.3,OZ,1,9.99
3516492097,360,34,3411,103500030,8919,2013-06-04,15,OZ,1,2.56
3517526448,42,97,9753,1021007323,0,2012-06-12,1,CT,1,4.49
3517527603,42,58,5824,104149747,19710,2012-05-05,16,OZ,1,3.99
3517641337,400,57,5705,107047070,20230,2013-02-10,6,OZ,3,1.5
3517641337,400,63,6320,107894373,59266,2013-04-29,12,CT,1,1.29
3518076853,285,8,826,104150040,6667,2013-02-24,5,OZ,1,1.18
3518077091,285,63,6320,104950242,22301,2012-11-24,12,CT,1,2.99
3518079327,285,56,5617,101115010,15530,2012-03-03,16,OZ,1,4.29
3518081586,293,36,3618,104900040,23359,2012-03-29,144,OZ,1,5.19
3518081586,293,33,3302,102700020,57417,2012-05-11,32.91,OZ,1,7.69
3518081586,293,63,6305,104850040,18799,2012-08-04,128,OZ,1,6.99
3518082204,285,29,2928,105480050,19039,2012-04-21,8.5,OZ,2,4.92
3518082204,285,91,9109,1061776868,17801,2013-04-11,1.75,LT,1,19.99
3518346684,377,54,5403,107790070,9200,2013-05-22,18.4,OZ,1,5.99
3518471531,376,58,5823,101590010,1366,2013-03-12,12,OZ,1,2.98
3518489589,85,56,5617,105300050,2199,2013-02-16,16,OZ,1,3.32
3518490041,85,11,1102,104480040,22777,2012-08-10,100,CT,1,1.45
3518490041,85,44,4402,104145848,5602,2013-05-31,6.5,OZ,1,2.5
3518491923,85,35,3504,103500030,13470,2012-12-30,25,OZ,1,2.5
3518497128,85,9,907,101220010,11528,2012-08-14,12,OZ,2,2.48
3518497128,85,29,2903,1060788060,16965,2012-08-29,4.3,OZ,1,0.8
3518497128,85,29,2920,1060788060,16965,2012-11-15,4,OZ,2,1.78
3518497128,85,28,2806,10930090,12157,2013-04-22,24,OZ,1,2.99
3518497128,85,8,805,105440050,23210,2013-06-10,10,OZ,1,4.09
3518498374,85,9,901,104400040,3453,2012-07-12,13.72,OZ,1,3
3518498374,85,57,5704,103663232,4568,2012-10-18,16,OZ,6,12
3518498374,85,14,1416,1060788060,16965,2013-06-01,15,OZ,1,1
3518506546,85,60,6001,101800010,14029,2013-05-22,16,OZ,1,3
3518506550,85,44,4401,1089173989,5336,2013-03-12,16,OZ,0,0
3518506607,85,56,5617,1060788060,16965,2012-03-31,16,OZ,1,2.5
3518506607,85,96,9609,1054610050,88199,2013-04-12,0,,2,-1.1
3518506662,85,51,5125,102580020,16668,2012-04-19,9,OZ,2,4.5
3518506662,85,5,516,103800030,24525,2013-06-01,6.3,OZ,2,5.56
3518509982,85,8,818,103620030,14868,2012-06-08,45,OZ,2,6.58
3518513345,85,64,6401,101820010,2595,2013-02-02,216,OZ,1,11.99
3518514833,85,53,5307,101450010,20864,2012-05-09,12,OZ,2,5.04
3518515077,85,26,2614,103700030,514,2012-04-04,80,CT,1,5.99
3518515077,85,63,6320,1071514171,25530,2013-02-20,18,CT,1,3.89
3518524805,85,99,9909,107127979,6732,2012-05-03,16,OZ,9,12.96
3518525106,85,21,2105,104900040,14357,2012-03-10,160,OZ,1,4.99
3518525106,85,63,6314,1060788060,16965,2012-09-18,16,OZ,1,1.89
3518525106,85,13,1306,1060788060,16965,2012-10-30,5,LB,1,2.59
3518528715,85,53,5305,102000020,7655,2012-11-17,9,OZ,1,1.73
3518532116,85,26,2608,1060788060,16965,2012-11-30,48,CT,1,1
3518532116,85,57,5710,107047070,20230,2013-02-23,5.3,OZ,5,4.95
3518532116,85,9,907,107341070,2437,2013-06-22,24,OZ,1,1.99
3518533291,85,97,9753,1023010323,0,2012-05-20,1,CT,1,4.93
3518533291,85,45,4508,104440040,7504,2012-06-01,13.3,OZ,1,4.49
3518533291,85,41,4106,1060788060,16965,2012-08-11,4,OZ,6,5.88
3518533291,85,32,3202,103680030,3679,2013-02-16,32,OZ,1,0.18
3518533377,85,9,920,102840020,12186,2012-12-14,11.04,OZ,1,2
3518533715,85,5,501,101600010,3331,2013-04-12,18,OZ,1,2.5
3518534979,85,10,1012,1060788060,16965,2012-03-28,14,OZ,3,2.67
3518534979,85,37,3706,105100050,2820,2013-03-22,10.75,OZ,1,1.59
3518536121,85,14,1411,103890030,5072,2012-03-25,8,OZ,5,3.95
3518536121,85,33,3309,102840020,18584,2012-05-12,18,OZ,2,4.98
3518536121,85,2,212,101330010,11211,2012-06-29,7,OZ,4,4
3518543500,85,2,213,101600010,1756,2012-06-10,18.25,OZ,1,2.92
3518543519,85,64,6401,107204070,17481,2012-06-17,144,OZ,1,7.99
3518543519,85,23,2301,102920020,12168,2012-10-28,16,OZ,1,0.99
3518543519,85,56,5607,102100020,13967,2012-12-21,8,OZ,4,7.16
3518543863,85,64,6401,101820010,2595,2012-03-10,288,OZ,1,16.99
3518544733,85,65,6503,1061278161,11151,2012-11-21,16,OZ,1,3.89
3518544733,85,23,2301,102920020,12168,2013-03-03,16,OZ,1,1.25
3518545337,85,99,9908,103338333,33170,2012-05-14,16,OZ,1,1.99
3518545776,85,54,5401,1060788060,16965,2012-04-03,12.3,OZ,1,1.66
3518545776,85,7,702,102550020,6550,2012-07-31,0.49,OZ,2,2.18
3518545961,85,9,918,101410010,13791,2012-10-24,8.6,OZ,1,3.49
3518545961,85,73,7329,1069986666,12440,2013-03-21,60,CT,1,9.79
3518548126,85,96,9609,1053320050,88199,2012-04-25,0,,1,-1
3518548126,85,51,5117,1060788060,16965,2012-08-31,24.8,OZ,1,3.18
3518550714,85,51,5124,107320272,9303,2012-07-01,5,OZ,2,2.5
3518552931,85,63,6315,1060788060,16965,2012-04-29,128,OZ,1,3.55
3518658671,507,72,7212,1076687878,875,2012-06-27,1,CT,1,7.92
3518667089,507,4,416,107097070,13717,2013-03-28,1.5,OZ,5,7.9
3518714521,508,97,9748,107283878,14030,2012-09-17,5,CT,1,6.24
3518714521,508,95,9518,105958454,28718,2013-04-23,1,CT,2,13.9
3518743438,510,97,9731,103989737,5000,2012-11-01,1,CT,1,20.93
3518901763,508,58,5831,102410525,28615,2012-05-29,56,OZ,1,4.07
3518917108,508,97,9717,1078693676,2516,2012-11-20,1,CT,1,15.75
3519015151,510,97,9717,108539181,33170,2012-12-11,1,CT,1,7.99
3519018705,510,37,3703,105100050,2820,2013-06-07,10.75,OZ,4,8.36
3519053714,507,97,9744,105113151,16044,2013-06-18,2,OZ,1,4.71
3519060156,507,4,418,104000040,26517,2013-03-20,12.6,OZ,2,6.7
3519061431,507,57,5710,103663232,4568,2013-04-26,21.2,OZ,1,3.69
3519206486,508,97,9753,1049077040,0,2012-12-02,1,CT,1,15
3519252422,510,97,9768,107650171,3828,2012-05-08,1,CT,1,6.99
3519280413,510,97,9753,1049215040,0,2012-04-27,1,CT,1,4
3519280413,510,97,9753,1074189575,0,2012-12-09,1,CT,1,19.99
3519400415,507,97,9753,104310040,0,2012-12-26,1,CT,1,1.5
3519400415,507,33,3318,107797575,27417,2013-01-08,16,OZ,1,2.89
3519420314,508,10,1012,102700020,23332,2012-08-27,39,OZ,1,2.63
3519438407,508,67,6706,106715363,23664,2012-08-04,13,OZ,1,2.46
3519653891,8,64,6401,103410030,8692,2012-08-21,24,OZ,1,2
3519653891,8,33,3308,102840020,3336,2012-08-27,9.75,OZ,1,3
3519653891,8,64,6401,101820010,2510,2012-09-27,96,OZ,1,6.99
3519653891,8,56,5604,1073654777,21538,2012-11-02,4,OZ,1,4.79
3519653891,8,41,4120,104113040,28204,2012-11-03,6,OZ,1,0.5
3519653891,8,63,6320,104789646,15500,2012-12-12,18,CT,1,2.79
3519653891,8,9,908,104130343,1287,2013-03-18,11.25,OZ,1,3.99
3519707718,240,2,213,107248676,9190,2012-11-02,8.5,OZ,2,1
3519707718,240,63,6320,104567444,16284,2012-11-27,12,CT,1,2.89
3519735298,240,9,922,101600010,6283,2013-03-28,5.34,OZ,1,2.75
3519779014,10,54,5401,108994787,19234,2013-02-04,9,OZ,1,2.99
3519779014,10,33,3318,1067852363,7326,2013-05-15,14.1,OZ,1,5.99
3519789292,205,63,6320,102685525,7667,2012-07-27,12,CT,1,1.59
3519794082,205,21,2106,103120030,12957,2012-12-26,64,OZ,1,1.99
3519822846,180,14,1411,1087694181,13478,2013-06-15,15,OZ,1,1
3519847992,77,96,9609,1051780050,88199,2012-05-15,0,,1,-1
3519847992,77,37,3707,104800141,9814,2013-02-09,4.66,OZ,1,3.29
3519848748,77,8,818,107764474,64256,2012-03-11,24,OZ,2,4
3519848748,77,21,2117,101480010,8019,2012-04-15,60,OZ,1,2.49
3519848748,77,55,5552,107576777,13862,2012-09-12,48,OZ,1,5.69
3519856156,63,58,5836,101111010,9907,2012-12-10,12,OZ,1,2.5
3519858181,12,0,0,10000,0,2012-12-11,0,,1,0
3519860025,63,51,5129,103620030,1698,2013-04-28,24,OZ,1,4.99
3519860025,63,58,5827,103760030,8501,2013-06-23,16,OZ,1,3.99
3519870440,140,9,917,107373171,11786,2012-05-30,20,OZ,1,2.5
3519875961,191,63,6315,101111010,6678,2012-05-07,128,OZ,1,3.09
3519875961,191,9,907,1078142171,21825,2012-05-28,12,OZ,1,2.99
3519875961,191,5,502,101600010,101199,2012-10-04,5.4,OZ,1,3.09
3519888589,4,54,5403,102580020,16668,2012-03-03,3.95,OZ,3,5.9
3520030388,42,8,818,105100050,14403,2012-05-06,24,OZ,2,4.38
3520030388,42,33,3303,102840020,10241,2012-11-22,10,OZ,2,8.58
3520030947,42,46,4606,104149747,19710,2013-02-11,20,OZ,1,3.49
3520030947,42,56,5615,107357070,8185,2013-03-17,8,OZ,1,2.99
3520031455,42,63,6315,107047272,26467,2012-05-27,64,OZ,1,1.93
3520031455,42,21,2106,105100050,27873,2013-01-12,64,OZ,1,2.39
3520031709,42,63,6319,102073525,18893,2012-07-22,64,OZ,1,2.19
3520031709,42,31,3110,103760030,8501,2012-08-20,3,OZ,1,2.59
3520031709,42,53,5305,102000020,7655,2012-12-01,9,OZ,1,1.79
3520031709,42,63,6315,104149747,19710,2013-01-19,32,OZ,1,1.02
3520031709,42,51,5125,1063748060,1011,2013-06-01,9,OZ,1,3.99
3520103441,507,33,3318,102840020,15441,2013-01-16,16,OZ,1,3.14
3520112329,507,58,5831,102410525,54646,2012-12-06,20,OZ,1,2.82
3520114040,507,18,1898,104133343,5379,2012-03-14,20,CT,1,14.48
3520132914,507,10,1013,102400020,4704,2012-09-03,47,OZ,1,6.28
3520132914,507,97,9731,1065356969,28178,2012-11-17,1,CT,1,24.14
3520286049,509,5,501,103800030,6796,2012-06-27,10.5,OZ,3,8.94
3520295363,508,60,6007,101800010,14029,2012-04-04,8,OZ,2,4.2
3520295363,508,75,7503,1089299282,5830,2012-12-26,0.25,OZ,1,3.14
3520317572,508,24,2403,107478575,19183,2012-12-03,10,OZ,2,4.6
3520317572,508,14,1404,1089000080,11289,2012-12-05,38.4,OZ,1,7.34
3520317572,508,56,5620,102100020,9886,2012-12-27,7,OZ,2,5.44
3520317572,508,97,9753,1060610565,0,2013-02-11,1,CT,2,6.06
3520317572,508,22,2207,103700030,18371,2013-03-13,1.01,OZ,1,7.23
3520328068,507,97,9753,1049024040,0,2012-08-24,1,CT,1,34.99
3520347879,508,97,9753,1049025040,0,2013-04-26,1,CT,4,7.56
3520399842,508,29,2914,102100020,9886,2012-03-05,5.5,OZ,2,2.1
3520399842,508,97,9753,1084838888,0,2013-02-17,1,CT,2,9.74
3520413041,507,97,9743,104310040,11411,2012-11-16,3,CT,1,2.09
3520465098,510,5,501,103800030,11732,2013-02-27,14,OZ,1,2.89
3520492746,31,44,4404,1074816272,16521,2012-08-14,11,OZ,1,3.99
3520495730,31,54,5401,103800030,5618,2012-03-17,11.6,OZ,1,3.29
3520521605,40,95,9519,107000070,7848,2012-07-27,8,CT,1,4.99
3520533351,21,20,2002,105100050,27873,2013-02-27,46,OZ,1,2.99
3520533351,21,34,3402,108730080,12806,2013-04-12,8,OZ,2,7.98
3520534336,21,63,6315,107060070,29609,2012-05-26,64,OZ,1,3.49
3520534489,21,9,922,104500040,8511,2012-11-10,16,OZ,1,4.29
3520537969,101,51,5199,1068826767,7173,2012-12-29,256,LB,2,4.98
3520537969,101,41,4108,104133141,7531,2013-06-05,15.5,OZ,1,0.99
3520538747,101,49,4901,1068826767,20616,2012-09-03,26,OZ,1,2
3520538747,101,0,0,10000,20405,2012-12-31,0,,1,-0.51
3520538747,101,41,4107,1068826767,20616,2013-05-13,15,OZ,1,0.67
3520539008,101,27,2702,101780010,95301,2012-03-26,8,LB,1,10.29
3520539008,101,79,7901,1072262777,44822,2013-03-15,1,CT,1,3.5
3520539008,101,55,5558,1068826767,7173,2013-07-05,38.4,OZ,1,2.5
3520539346,101,7,708,1088133484,5357,2012-05-06,12,OZ,1,7.99
3520539346,101,37,3705,104119646,14582,2012-11-19,19,OZ,1,1.33
3520539346,101,34,3410,107418272,16853,2013-02-04,8.5,OZ,1,2.79
3520539346,101,29,2923,104100040,9814,2013-03-25,4,OZ,2,2
3520539346,101,37,3703,105100050,2820,2013-04-08,10.5,OZ,1,1.39
3520539346,101,26,2622,102570020,20361,2013-04-29,75,CT,1,2.85
3520543664,77,96,9609,1051952151,88199,2012-04-16,0,,1,-1
3520543664,77,56,5614,104610040,15889,2012-04-30,9,OZ,1,3.99
3520544883,77,10,1004,104300040,26232,2012-05-24,3.4,OZ,1,1
3520595294,64,56,5615,102100020,9886,2012-06-19,8,OZ,1,2.5
3520619511,143,45,4509,101111010,20588,2013-02-03,16,OZ,1,2.99
3520619511,143,33,3309,101111010,9907,2013-02-18,10,OZ,1,1
3520620000,143,36,3611,104900040,4599,2012-05-21,405.6,OZ,1,4.99
3520621506,58,39,3903,101111010,9907,2012-06-26,24,OZ,2,4.36
3520621506,58,14,1415,101111010,9907,2012-08-14,15.25,OZ,1,1
3520621506,58,2,201,105150050,14029,2012-08-14,15.25,OZ,2,2.38
3520623467,58,51,5130,101111010,9907,2012-05-27,5.3,OZ,1,1
3520623467,58,45,4514,101111010,9907,2012-12-01,48,OZ,1,10.99
3520623700,89,73,7345,101111010,9907,2012-08-27,30,CT,1,3.39
3520623700,89,22,2215,1079922878,5174,2013-02-10,16.9,OZ,1,4.19
3520625271,431,37,3709,104178949,11224,2012-06-13,2.25,OZ,3,0.87
3520627704,126,33,3305,102840020,5141,2012-03-25,11.5,OZ,1,3.29
3520627704,126,58,5828,107790070,9200,2013-06-02,9.6,OZ,1,3.99
3520627992,126,22,2210,103700030,6947,2012-03-11,129,OZ,1,11.49
3520627992,126,32,3202,101111010,9907,2012-11-11,48,OZ,1,2.97
3520628108,126,9,901,104400040,3453,2012-07-21,13.72,OZ,1,2.49
3520628443,126,9,907,101111010,9907,2012-08-18,13,OZ,2,3.38
3520630335,133,99,9909,107143070,5072,2012-06-22,9,OZ,1,2.39
3520630335,133,63,6315,104126040,4962,2012-07-01,128,OZ,1,3.53
3520630335,133,36,3634,1073951070,16807,2012-07-18,20,OZ,4,5
3520630335,133,56,5621,101111010,9907,2012-08-10,16,OZ,1,2.99
3520630335,133,4,410,103080030,17028,2012-12-18,6,OZ,2,2
3520630335,133,44,4404,101111010,9907,2012-12-21,14,OZ,1,1.99
3520636819,98,18,1828,106233868,319,2012-11-17,1.34,OZ,1,4.49
3520639950,98,23,2301,102924323,10022,2012-09-01,16,OZ,3,2
3520641339,63,18,1898,104133343,5379,2012-10-06,8,CT,1,6.47
3520641339,63,99,9909,107143070,5072,2013-03-25,6,OZ,1,2.5
3520641764,63,9,902,102410020,44209,2012-11-18,13.7,OZ,1,3.19
3520644671,12,25,2509,101111010,9698,2012-05-03,64,OZ,1,3.79
3520647237,140,56,5607,102100020,13967,2012-06-30,8,OZ,1,2.89
3520647237,140,9,918,101410010,13791,2012-07-06,7.5,OZ,2,7.98
3520648230,63,36,3626,101200010,16391,2012-03-10,67.6,OZ,1,1.99
3520648230,63,33,3315,107172575,639,2012-10-08,10,OZ,1,2.24
3520652059,2,9,922,101600010,6283,2012-07-14,5.34,OZ,1,3.49
3520661130,191,57,5707,105215959,41981,2013-01-21,16,OZ,1,2.69
3520661130,191,27,2701,101113212,491,2013-03-18,22,OZ,1,1.43
3520662804,63,62,6201,101111010,9907,2012-05-24,48,OZ,1,4.49
3520662804,63,5,501,101862717,9496,2012-12-07,14,OZ,1,2.99
3520662804,63,96,9609,1053600050,88199,2013-01-11,0,,1,-1
3520675255,356,9,917,107373171,11786,2012-06-15,78.6,OZ,1,2.79
3520675255,356,41,4107,103470030,74991,2013-04-28,15.25,OZ,4,2.36
3520675255,356,58,5824,104869646,15230,2013-05-10,12,OZ,1,1.69
3520675255,356,4,411,103190333,6560,2013-06-05,3.75,OZ,1,0.99
3520695725,214,17,1703,1085695484,21544,2012-12-03,24,OZ,1,4.99
3520700547,214,45,4508,104440040,7504,2012-03-14,14,OZ,1,4.92
3520700547,214,63,6320,104122040,20514,2012-04-11,12,CT,3,1.5
3520700547,214,29,2914,102100020,9886,2012-08-12,2.05,OZ,1,0.98
3520700547,214,97,9753,1022131424,0,2012-12-26,1,CT,2,4.06
3520700705,214,96,9609,1053500050,88199,2012-03-11,0,,3,-1.5
3520700705,214,99,9904,103338333,33170,2012-11-11,32,OZ,1,1.97
3520703911,214,9,901,104400040,3453,2012-09-10,13.72,OZ,1,2.5
3520717831,214,8,818,103620030,14868,2012-05-10,14,OZ,1,1.44
3520826352,18,23,2301,107270070,11079,2012-03-13,12,OZ,2,5.58
3520826352,18,97,9753,107427070,0,2012-12-30,1,CT,1,2.79
3521239729,285,99,9904,1081204989,27736,2012-05-27,8,OZ,2,4
3521239729,285,63,6317,102529323,16410,2012-11-22,64,OZ,1,3.29
3521239729,285,63,6317,102529323,16410,2012-12-04,64,OZ,1,3.29
3521335759,85,56,5610,102100020,9886,2012-04-21,8,OZ,1,3.79
3521335759,85,56,5615,1060788060,16965,2012-07-11,8,OZ,1,2.45
3521335759,85,21,2105,105200050,7054,2012-08-04,64,OZ,1,1.66
3521335759,85,70,7002,103680030,18533,2013-03-16,60,CT,1,1.39
3521341554,85,62,6201,1060788060,28897,2012-04-20,16,OZ,1,2.99
3521341554,85,35,3506,1060788060,16965,2012-06-03,75,OZ,1,3.88
3521341554,85,63,6312,102500020,16487,2012-09-26,89,OZ,1,3.99
3521341554,85,64,6401,103410030,11704,2012-11-01,144,OZ,1,9.99
3521341554,85,51,5130,101380010,27474,2012-12-18,12.38,OZ,4,12
3521341554,85,44,4404,105100050,13791,2013-04-05,11.25,OZ,2,3.18
3521341554,85,59,5902,1060788060,16965,2013-07-05,16,OZ,2,3.96
3521342127,85,27,2704,107910070,85180,2012-03-14,25,OZ,1,3.99
3521342127,85,31,3101,1060788060,16965,2012-06-20,0.85,OZ,1,1.99
3521342127,85,11,1112,102898929,26666,2012-07-13,8,OZ,1,4.83
3521342127,85,58,5815,103545737,11061,2012-08-25,6,OZ,1,3.37
3521342127,85,63,6315,1076912373,2209,2012-12-02,64,OZ,1,3.99
3521342127,85,27,2712,107944171,19221,2013-02-13,1,CT,4,14.76
3521342275,85,9,902,102410020,44209,2012-03-15,11.5,OZ,1,4.29
3521342275,85,41,4109,105200050,19212,2012-05-23,15,OZ,4,2.32
3521342831,85,2,202,105150050,14029,2012-05-11,19.5,OZ,2,2.5
3521344654,85,9,970,103800030,62065,2012-05-09,14.7,OZ,1,1.49
3521344673,85,5,501,101600010,3331,2012-08-15,11.25,OZ,1,1.92
3521344673,85,41,4107,102000020,7655,2013-02-27,11,OZ,2,2
3521344673,85,96,9609,1054150050,88199,2013-04-24,0,,2,-2
3521401308,507,6,608,105844959,12466,2012-07-24,6,OZ,1,3.66
3521460158,508,72,7205,103500030,3830,2012-03-14,5.5,OZ,1,4.19
3521468788,508,41,4108,104133141,7531,2012-10-24,15.5,OZ,1,0.97
3521480456,508,74,7402,104740040,7196,2013-03-16,14,OZ,1,3.99
3521545861,510,7,709,1083425989,70246,2013-02-02,7,OZ,1,10.99
3521633097,224,63,6316,107253070,13753,2012-11-05,8,OZ,1,1.19
3521635230,205,4,427,10980090,18366,2012-10-18,1,OZ,1,1.29
3521635230,205,73,7302,1031015838,1516,2013-02-21,6,CT,1,1.39
3521692990,21,33,3320,1079042979,22943,2012-07-05,5,OZ,1,5.99
3521698130,101,63,6305,101630010,6509,2012-11-17,89,OZ,1,4.54
3521698756,101,5,501,1060265262,9673,2013-02-24,11,OZ,1,5.59
3521698756,101,63,6315,1068826767,81691,2013-03-06,64,OZ,1,1.9
3521698756,101,33,3304,101566515,15385,2013-03-25,6,OZ,1,2.99
3521753354,64,26,2615,1072543979,23587,2013-02-15,20,CT,1,2.99
3521764748,71,63,6305,101630010,6509,2012-03-09,59,OZ,1,3.19
3521772380,83,53,5307,101111010,9907,2012-06-19,12,OZ,2,1.6
3521774024,143,35,3508,103700030,18371,2012-05-07,50,OZ,1,5.49
3521774024,143,96,9609,1053076858,88199,2012-05-29,0,,1,-2
3521774024,143,55,5556,101111010,9907,2012-09-11,48,OZ,1,2.5
3521774024,143,33,3307,101411313,23033,2013-06-25,1.5,OZ,1,1
3521788220,89,72,7203,1031254737,10554,2013-02-24,16.9,OZ,1,2.79
3521790136,126,21,2108,101111010,9907,2013-02-16,64,OZ,1,1.58
3521797849,12,0,0,10000,0,2013-02-27,0,,2,7.34
3521833845,96,41,4110,103940030,71386,2013-04-28,16,OZ,2,3.18
3521840539,214,96,9609,1054300050,88199,2012-08-30,0,,1,-2.5
3521853684,214,97,9753,1085229888,0,2013-04-24,1,CT,1,1.77
3521957238,20,99,9909,102113020,15704,2013-03-03,6.25,OZ,1,3.09
3521961159,4,19,1908,105150050,9189,2012-07-01,18,OZ,1,3.49
3521961680,4,5,519,103000030,14760,2012-03-20,12.3,OZ,2,4.69
3521974909,18,63,6323,102113020,10786,2012-04-19,128,OZ,1,3.19
3521974909,18,56,5617,102113020,10786,2013-04-12,12,OZ,1,2.5
3521976557,18,5,501,101862717,9496,2012-06-14,14,OZ,1,3.99
3521976557,18,55,5555,107684070,32094,2012-09-23,16,OZ,1,3.99
3522251012,42,5,501,101600010,15114,2012-06-17,18,OZ,2,8.78
3522251044,42,26,2628,103700030,2248,2012-10-25,1,RL,1,2.19
3522251044,42,21,2118,1061300868,867,2012-11-28,23,OZ,1,0.99
3522395460,285,51,5115,1064313060,7208,2012-06-03,11,OZ,1,2.99
3522485406,24,37,3703,1071754474,17649,2012-11-19,10.5,OZ,2,1.78
3522493855,85,26,2633,1060788060,16965,2012-11-10,4,RL,2,5.96
3522494900,85,29,2903,105100050,72482,2012-06-08,15,OZ,2,2.38
3522494900,85,36,3630,107800070,5208,2012-06-17,144,OZ,1,4
3522494900,85,9,901,103010030,3454,2012-06-19,14.8,OZ,2,3.74
3522496557,85,56,5617,105300050,2199,2012-04-22,12,OZ,2,5.38
3522496557,85,34,3405,101700010,4912,2012-10-14,12,OZ,1,2
3522501622,85,55,5552,107189979,2010,2012-06-05,64,OZ,1,3.99
3522501622,85,9,907,107225070,12465,2012-11-26,20,OZ,1,2.49
3522501622,85,36,3630,107800070,5208,2013-03-07,101.4,OZ,1,3.69
3522600620,508,4,418,103400030,8247,2012-10-16,19.8,OZ,2,9.38
3522630102,508,92,9208,104145747,7487,2012-07-31,29,CT,1,2.5
3522643876,508,63,6315,108523989,11176,2012-07-20,128,OZ,1,3.19
3522654537,509,27,2702,101780010,30972,2012-12-18,3.5,LB,1,5.69
3522659155,510,70,7002,101727616,23664,2012-04-06,30,CT,1,1.99
3522661264,510,5,501,1088491282,13689,2012-12-10,15,OZ,1,3.29
3522706495,510,45,4514,108523989,11176,2013-06-09,40,OZ,1,7.49
3522753788,278,62,6202,102484222,2542,2012-12-21,9,OZ,1,4.49
3522790370,31,74,7402,104740040,7196,2013-03-01,7,OZ,1,3.79
3522790370,31,10,1012,102700020,23332,2013-05-22,13,OZ,2,2
3522790531,31,45,4514,102114020,19950,2012-05-20,40,OZ,2,10.99
3522793890,31,60,6011,101800010,14029,2013-02-16,10.2,OZ,2,2
3522807767,31,44,4401,107770070,12137,2012-03-16,32,OZ,1,6.39
3522807767,31,9,913,102114020,19950,2012-11-06,12,OZ,1,1.25
3522807927,31,58,5834,103760030,8501,2012-03-29,15,OZ,1,5.74
3522807927,31,29,2922,107067272,14984,2012-09-01,15,OZ,1,1
3522807927,31,27,2710,109668999,16037,2013-01-15,25,LB,1,9.99
3522807927,31,10,1004,104300040,26232,2013-03-25,3.9,OZ,1,0.88
3522807927,31,27,2709,105849656,18139,2013-04-16,6.3,OZ,5,14.95
3522808191,31,63,6320,102114020,19950,2012-03-03,12,CT,2,3
3522809047,31,29,2914,102100020,9886,2012-08-17,14,OZ,2,5
3522809047,31,64,6401,101820010,2510,2012-12-27,72,OZ,1,4.99
3522809047,31,63,6315,103680030,3679,2013-03-22,128,OZ,1,3.69
3522809393,31,2,212,101330010,11211,2012-03-13,7.4,OZ,2,2
3522809571,31,10,1010,102800020,12545,2012-12-12,22,OZ,1,2.29
3522810167,31,31,3101,103384434,1257,2012-07-24,10.5,OZ,1,4.49
3522811693,31,55,5558,102114020,19950,2013-05-26,38.4,OZ,2,6
3522831615,16,99,9904,103338333,33170,2012-07-25,32,OZ,2,7.48
3522833890,21,19,1905,105150050,16728,2012-11-07,12,OZ,1,2.49
3522849134,68,36,3603,104300040,26420,2012-04-15,256,OZ,1,3.47
3522849134,68,9,907,107101070,15998,2012-06-24,20,OZ,1,1.99
3522863135,70,41,4107,1072543979,40679,2012-12-11,15.25,OZ,2,0.05
3522912078,165,64,6408,108143484,22447,2012-03-25,0.75,LT,2,10
3522914923,26,0,0,10000,0,2012-07-16,0,,3,0
3522916653,143,97,9753,101111010,0,2012-10-13,1,CT,1,2.99
3522916653,143,0,0,10000,0,2013-04-23,0,,2,0
3522921345,58,26,2633,105400050,16048,2012-03-31,12,RL,1,11.39
3522935609,431,5,501,103800030,758,2012-04-06,12.2,OZ,1,3.59
3522937340,126,99,9904,103338333,33170,2012-07-18,16,OZ,1,2.5
3522937340,126,14,1416,101111010,9907,2013-01-23,29,OZ,2,3.38
3522937340,126,35,3509,103320030,875,2013-01-23,57.12,OZ,2,10.58
3522937340,126,20,2002,105100050,27873,2013-04-10,46,OZ,2,3.76
3522974749,96,0,0,10000,0,2012-12-27,0,,1,0
3522974749,96,36,3601,104900040,3809,2013-01-15,144,OZ,3,11
3522974749,96,99,9908,1075166676,52506,2013-02-10,10.5,OZ,1,3.99
3522974877,96,63,6315,103003434,7175,2012-09-29,128,OZ,2,5.76
3522975171,96,60,6001,101800010,14029,2012-09-22,16.5,OZ,1,2.79
3522975584,96,96,9609,10990000090,88199,2013-05-03,0,,1,30
3522993301,214,96,9609,1052200050,88199,2013-03-11,0,,1,-1.06
3523012623,214,14,1404,104122040,23511,2013-01-31,24,OZ,1,1.68
3523020976,214,99,9908,103338333,287,2012-05-03,48,OZ,3,11.01
