2857525778,507,2,213,1064420969,5345,2012-08-24,17.8,OZ,1,2.97
2857525778,507,97,9753,104721343,0,2013-02-06,1,CT,2,12.49
2857525778,507,3,302,102800020,30272,2013-05-15,12,OZ,1,2.82
2857527952,507,97,9753,1079936676,0,2013-02-03,1,CT,1,27
2857530738,507,22,2201,104460040,3718,2012-10-28,96,OZ,1,1.77
2857530738,507,21,2112,1089899989,19445,2013-04-08,33.8,OZ,1,4.73
2857631861,508,36,3634,1078616272,7237,2012-07-09,20,OZ,4,3.76
2857716886,510,97,9753,1049202040,0,2012-10-14,1,CT,1,6.28
2857782104,85,9,907,1060788060,16965,2012-06-01,20,OZ,2,2.9
2857782104,85,8,803,105250050,15919,2012-09-10,32,OZ,1,1.43
2857789382,21,63,6315,104119040,16347,2012-05-25,128,OZ,1,3.99
2857789824,21,30,3008,104119040,16347,2012-06-23,16,OZ,2,3.33
2857789824,21,5,501,101600010,85114,2012-07-17,12.2,OZ,1,3.69
2857789824,21,21,2106,103120030,12957,2012-10-07,46,OZ,1,2.39
2857790086,21,8,815,103900030,13296,2012-04-23,8,OZ,1,1.79
2857790086,21,99,9908,103338333,33170,2013-03-12,16,OZ,1,1.19
2857790987,21,7,707,1078778070,12564,2013-02-22,9,OZ,1,5.99
2857790987,21,33,3308,102840020,3336,2013-05-24,12,OZ,1,4.29
2857792574,21,18,1841,107179878,14807,2012-07-03,1,CT,1,8.99
2857793287,240,3,305,103320030,875,2012-03-24,16,OZ,1,0.89
2857794691,100,75,7520,104116343,5845,2012-07-09,80,CT,1,3.49
2857794691,100,41,4110,101300010,8164,2012-11-21,16,OZ,2,2.98
2857811864,101,10,1010,105260050,6520,2012-09-22,16,OZ,1,1.99
2857811864,101,33,3305,102840020,18584,2012-12-03,10,OZ,1,3.89
2857812872,101,57,5707,107047070,20230,2012-09-14,18,OZ,1,2.29
2857817969,77,33,3307,107078474,18552,2012-04-20,10.3,OZ,1,4.49
2857817969,77,39,3903,107468373,56499,2012-06-05,8.5,OZ,1,6.49
2857870222,64,63,6315,1072543979,40679,2012-08-20,128,OZ,1,3.48
2857892478,143,60,6001,101800010,14029,2012-12-09,16,OZ,1,2.5
2857892478,143,19,1908,105150050,9189,2012-12-23,18,OZ,2,7.08
2857892478,143,33,3302,102700020,57417,2013-07-16,11.64,OZ,1,4.47
2857895900,98,26,2628,103700030,2248,2012-03-05,8,RL,1,9.48
2857895900,98,21,2105,105200050,7054,2012-07-04,32,OZ,4,3.06
2857895900,98,97,9753,10000,0,2012-12-11,1,CT,1,1.19
2857895900,98,63,6315,101111010,61474,2013-02-22,128,OZ,2,6.56
2857898775,151,5,519,101111010,9907,2012-05-01,12.5,OZ,1,1.59
2857898775,151,33,3308,102840020,3336,2012-06-19,9.75,OZ,1,1.99
2857907543,126,9,907,101111010,9907,2012-08-10,16,OZ,1,0.88
2857907543,126,58,5836,101111010,9907,2013-04-04,12,OZ,1,2.99
2857907543,126,9,907,101111010,9907,2013-05-05,21,OZ,1,1.79
2857911301,58,27,2709,102310020,18139,2012-06-05,3,OZ,2,3
2857911301,58,26,2628,101111010,9907,2012-11-18,1,RL,2,1.8
2857911301,58,37,3706,104227242,648,2013-05-31,14.4,OZ,1,3.59
2857948555,96,73,7302,1031284333,1500,2012-12-22,80,CT,1,9.99
2857948555,96,21,2119,101200010,10522,2013-05-19,202.8,OZ,4,23.96
2857950276,96,27,2704,107910070,27108,2012-11-26,5.6,OZ,4,10
2857950276,96,0,0,10000,0,2013-02-08,0,,1,0
2857950276,96,26,2614,103700030,514,2013-03-05,14,CT,1,3
2858006206,46,56,5620,104125040,11473,2012-04-21,32,OZ,1,9.49
2858006206,46,56,5620,104125040,11473,2012-10-19,32,OZ,1,9.49
2858010018,46,33,3303,1071928373,11473,2013-03-19,10,OZ,1,1.99
2858049867,46,99,9908,107266878,52135,2012-04-07,16,OZ,2,3.78
2858056255,46,25,2506,104410040,8481,2013-02-03,16,OZ,3,4
2858097640,18,33,3303,102840020,10241,2012-05-12,10,OZ,2,7.8
2858104337,360,58,5824,104173545,14456,2012-07-24,16,OZ,1,3.99
2858104337,360,9,922,102430020,10577,2012-09-20,13.1,OZ,1,1.79
2858393903,42,3,302,103400030,8247,2012-03-26,11.5,OZ,1,2.89
2858393903,42,9,902,101410010,45039,2012-08-09,6.6,OZ,1,2.39
2858393903,42,37,3703,105100050,2820,2012-10-06,10.75,OZ,2,3.98
2858393927,42,12,1206,104800040,38150,2012-05-16,12,OZ,2,7.78
2858393927,42,9,906,104300040,16249,2013-04-14,11,OZ,1,3.99
2858533144,403,27,2705,105000050,6775,2012-12-14,5.5,OZ,3,1.77
2858592589,285,43,4302,104300040,4030,2012-10-15,8,OZ,2,2.86
2858595929,106,36,3635,107572070,14196,2012-04-03,101.4,OZ,1,3.99
2858595929,106,41,4121,102400020,4704,2012-04-25,8,OZ,1,0.85
2858659010,180,56,5610,109194595,5401,2012-04-18,6,OZ,1,2.69
2858659010,180,3,311,101600010,1756,2013-03-31,12,OZ,1,2.19
2858679821,24,26,2614,104160848,17568,2012-03-02,0.8,OZ,1,2.19
2858679821,24,99,9904,1071575676,5278,2012-10-26,16,OZ,1,3.99
2858681143,24,73,7309,103700030,11551,2012-04-25,15,OZ,1,12.99
2858681143,24,41,4107,1071754474,17649,2012-07-02,8.5,OZ,1,0.89
2858731240,507,63,6315,108523989,102445,2012-11-09,64,OZ,1,4.24
2858731240,507,51,5131,104227242,648,2013-05-29,9,OZ,6,18.9
2858771937,507,97,9728,104787545,86305,2012-08-21,1,CT,2,18.88
2858771937,507,9,908,107203070,5812,2012-11-25,8.25,OZ,3,9.42
2858783924,507,51,5122,108523989,11176,2013-03-03,6,OZ,1,3.14
2858799973,507,36,3630,101200010,23361,2012-11-29,144,OZ,1,3.85
2858799973,507,56,5610,108523989,11176,2013-05-17,8,OZ,1,2.97
2858819797,508,72,7205,1031015838,16196,2012-12-17,4,OZ,1,5.23
2858822547,508,99,9908,1060580666,11481,2012-07-03,5.5,OZ,1,1.12
2858822547,508,45,4509,108523989,11176,2012-11-24,16,OZ,1,7.52
2858822547,508,97,9753,1022711424,0,2013-04-18,1,CT,1,11.92
2858824030,508,9,910,101410010,13791,2012-09-09,5.9,OZ,1,2.5
2858824030,508,9,901,108523989,11176,2012-12-02,10.6,OZ,1,2.09
2858824030,508,18,1828,108705282,3595,2012-12-19,16,OZ,2,13.98
2858824030,508,4,418,103400030,8247,2013-02-07,26,OZ,1,6.19
2858849657,508,9,902,104400040,18775,2012-03-26,9,OZ,1,1.97
2858849657,508,13,1305,103000030,14760,2012-08-22,24,OZ,1,0.62
2858849657,508,51,5125,102580020,16668,2013-03-18,9,OZ,3,6.24
2858856736,508,53,5305,108523989,833,2012-07-19,16,OZ,1,2.14
2858965342,31,29,2914,102100020,9886,2012-05-02,1.9,OZ,1,1.25
2859036149,21,51,5123,107057575,60780,2013-01-15,28,OZ,1,3.79
2859036508,21,35,3509,1088596787,5428,2012-09-24,50,OZ,2,5.98
2859036508,21,99,9909,107143070,5072,2012-12-28,14,OZ,1,1.67
2859039047,21,63,6315,104119040,16347,2012-03-30,64,OZ,1,1.99
2859039047,21,21,2113,108259282,12297,2013-03-17,11.2,OZ,2,3.98
2859060523,101,99,9904,1071575676,5278,2013-01-14,16,OZ,2,4.99
2859083720,70,9,907,1068833969,6434,2012-05-06,11.2,OZ,1,3.29
2859088979,65,99,9908,103338333,33170,2012-05-31,80,OZ,1,2.97
2859088979,65,21,2119,101200010,10522,2012-08-30,20,OZ,1,1.69
2859088979,65,33,3307,107520070,11130,2012-11-26,13.5,OZ,2,2.58
2859100842,64,63,6315,1072543979,40679,2012-09-08,128,OZ,1,3.46
2859138105,70,40,4005,107231070,1841,2012-11-01,0.91,OZ,2,4
2859141401,70,41,4107,1072543979,40679,2012-07-20,14.5,OZ,1,0.67
2859162891,26,9,970,103800030,62065,2012-05-27,14.7,OZ,1,2.09
2859162891,26,18,1841,103700030,17864,2012-07-23,16,CT,1,5.19
2859162891,26,36,3635,101657111,17037,2012-08-01,17,OZ,2,2
2859162891,26,23,2301,107680878,1393,2013-03-23,14.5,OZ,1,1.99
2859164702,83,82,8201,101111010,9907,2013-02-06,1,CT,1,5.99
2859170829,89,63,6315,101111010,9907,2012-08-19,128,OZ,1,2.39
2859170829,89,9,907,104500040,20016,2012-10-03,20,OZ,1,2.99
2859170829,89,18,1802,104122646,5981,2012-12-15,1,CT,1,6.28
2859170829,89,8,807,1071592373,53207,2012-12-22,28,OZ,1,3.28
2859173474,126,53,5307,101111010,9907,2012-11-11,12,OZ,1,1
2859175095,126,9,970,103800030,62065,2012-05-12,22,OZ,1,3.59
2859175095,126,0,0,10000,0,2012-11-08,0,,1,0
2859175095,126,18,1850,105114151,16044,2013-02-21,3,CT,1,3.79
2859175875,431,29,2914,101356212,713,2012-03-30,6,OZ,1,2.75
2859178333,211,5,501,101600010,3331,2013-06-06,9,OZ,1,2.5
2859179468,58,9,907,101111010,9907,2012-12-15,20,OZ,1,1
2859179468,58,56,5615,101111010,9907,2012-12-15,8,OZ,3,5.3
2859192622,63,21,2114,101111010,9907,2012-07-29,32,OZ,1,3.59
2859192622,63,21,2111,102800020,56490,2012-10-26,64,OZ,1,2.67
2859192747,98,41,4107,102000020,7655,2012-11-04,14.5,OZ,2,1
2859201536,2,0,0,10000,0,2013-01-31,0,,1,0
2859201536,2,27,2706,105000050,6132,2013-02-20,3,OZ,7,4.06
2859207818,191,33,3303,102840020,15598,2012-06-13,8,OZ,1,4.49
2859232440,96,36,3611,104900040,4599,2012-09-20,20,OZ,1,1.69
2859233876,96,58,5813,105450050,1322,2012-04-26,14,OZ,2,11.96
2859247217,214,36,3611,102259222,13400,2012-06-08,405.6,OZ,1,3.98
2859271330,214,72,7209,103700030,26880,2012-11-03,30,CT,1,3.62
2859271330,214,26,2630,103700030,14647,2012-12-09,56,CT,2,2.94
2859271396,214,29,2923,102100020,9886,2012-04-29,6.4,OZ,2,3
2859271396,214,9,904,104122040,23511,2012-08-12,6,OZ,1,0.89
2859285306,206,99,9908,103338333,33170,2012-08-18,13,OZ,1,2.98
2859285306,206,64,6409,108500080,38711,2013-03-14,0.75,LT,1,16.29
2859290518,46,45,4509,104125040,11473,2012-03-11,16,OZ,2,7
2859290518,46,51,5124,107100777,5656,2012-04-08,10,OZ,5,5.45
2859290518,46,51,5123,103100030,1358,2013-05-05,26,OZ,1,3
2859310901,46,29,2928,101530010,58299,2012-09-14,6.2,OZ,1,0.99
2859334841,46,49,4901,101312010,26885,2012-03-29,32,OZ,1,2.5
2859334841,46,26,2633,1071373373,11473,2012-07-11,12,RL,1,6.49
2859334841,46,3,302,102800020,30272,2013-01-04,12,OZ,1,2.19
2859379472,95,9,901,104400040,43492,2012-08-24,9.44,OZ,1,5.79
2859379472,95,25,2506,102113020,10786,2013-04-21,32,OZ,2,5.98
2859393344,18,21,2119,1061300868,867,2012-04-02,128,OZ,2,8
2859393344,18,95,9518,1072047373,7848,2013-03-05,1,CT,1,3.95
2859420064,360,26,2609,103680030,3679,2012-11-19,100,CT,1,2.19
2859420064,360,21,2106,103120030,12957,2013-02-27,64,OZ,1,3.39
2859480664,390,0,0,10000,0,2012-08-30,0,,2,0
2859480664,390,81,8101,102820020,11186,2012-12-09,1,CT,2,8.88
2859480664,390,81,8101,102820020,11186,2013-05-07,1,CT,2,8.88
2859717908,42,14,1416,104149747,19710,2012-04-24,16,OZ,6,8.94
2859906315,401,74,7408,107417070,15743,2012-04-17,2.5,OZ,1,5.39
2859929494,285,24,2415,101700010,885,2012-08-22,4.5,OZ,1,2.96
2859929494,285,63,6315,101115010,15530,2012-09-23,128,OZ,1,2.29
2859987084,109,38,3801,101580010,2649,2012-03-30,1,LB,1,1.49
2859987084,109,35,3504,103700030,4628,2012-05-07,24,OZ,2,5.66
2859987084,109,9,907,101853717,15806,2012-05-31,24,OZ,2,8.38
2859987084,109,99,9908,1070935171,5534,2012-08-09,12,OZ,1,1.99
2859987084,109,26,2609,104200040,5016,2012-12-26,24,CT,1,2.99
2859987084,109,63,6305,104850040,18799,2013-03-28,59,OZ,1,3
2860144370,507,26,2614,103700030,514,2012-09-03,20,CT,1,0.98
2860144535,507,27,2707,105000050,6775,2012-03-24,3.15,LB,1,4.19
2860144535,507,97,9753,1049214040,0,2012-07-19,1,CT,1,19.94
2860144535,507,9,901,104400040,13243,2012-12-09,15.35,OZ,1,3.14
2860186111,508,26,2615,107830070,14142,2012-03-26,36,CT,1,6.99
2860186111,508,6,607,108523989,11176,2012-12-14,8.8,OZ,1,3.99
2860186111,508,5,517,101862717,9496,2013-01-20,7.2,OZ,3,8.22
2860186111,508,18,1831,101931919,62617,2013-03-04,8,CT,1,2.89
2860196181,508,4,418,103400030,45489,2013-03-28,11,OZ,1,2.89
2860209752,508,97,9753,1049065141,0,2012-11-03,1,CT,1,5.33
2860298676,510,9,907,107294575,15878,2012-06-20,12,OZ,1,2.09
2860313099,510,26,2622,102570020,20361,2012-07-21,100,CT,3,8.4
2860336630,507,21,2119,107618373,16756,2012-12-16,96,OZ,3,15.72
2860344016,507,97,9799,107314979,29003,2012-06-07,1,CT,1,3.14
2860344016,507,4,421,104000040,16565,2013-01-30,14,OZ,1,2.62
2860350079,507,73,7302,1037003030,23664,2012-04-12,50,CT,1,2.44
2860428901,507,27,2709,101780010,19793,2012-04-26,4,OZ,2,3.6
2860428901,507,4,418,104000040,26517,2012-10-18,11.23,OZ,1,2.82
2860428901,507,53,5307,108523989,833,2013-03-19,12,OZ,2,3.77
2860458294,507,97,9730,1081055888,33170,2013-01-04,1,CT,2,2.82
2860461972,507,39,3903,105150050,8604,2012-03-06,27.6,OZ,1,2.72
2860461972,507,33,3310,1082951585,27766,2012-07-17,7,OZ,2,6.04
2860461972,507,36,3636,104300040,29501,2012-07-24,192,OZ,1,3.97
2860461972,507,21,2105,105200050,7054,2012-10-10,160,OZ,1,5.24
2860575428,40,8,818,102114020,19950,2012-12-02,24,OZ,1,2.19
2860575428,40,1,106,101500010,29555,2013-03-10,1.48,OZ,1,2.29
2860575428,40,96,9609,1053600050,88199,2013-06-08,0,,1,-1.5
2860649723,85,44,4404,107105272,3829,2012-03-21,7,OZ,1,0
2860649723,85,33,3317,104400040,36320,2012-03-21,6.54,OZ,1,0.89
2860649723,85,25,2507,107235070,68047,2012-07-18,132,OZ,1,5.99
2860674810,21,79,7901,107482070,46077,2013-02-02,1,CT,1,3.99
2860676692,21,99,9908,1078670575,27139,2012-09-06,80,OZ,1,2.99
2860676692,21,5,501,105844959,12466,2013-05-10,10.6,OZ,2,5.98
2860676829,21,35,3509,1088596787,330,2012-03-09,50,OZ,1,2.88
2860681493,240,63,6321,104411545,3167,2012-12-21,16,OZ,1,4.99
2860681493,240,51,5125,101380010,10271,2013-03-15,8.63,OZ,2,6.98
2860684140,104,58,5827,109194595,5401,2012-04-28,16,OZ,2,7
2860684140,104,71,7113,1084399282,1885,2013-04-05,13.5,OZ,1,18.99
2860700743,240,63,6305,104850040,18799,2012-07-03,59,OZ,1,3
2860700743,240,9,907,107149474,15588,2012-10-26,16,OZ,1,2.99
2860700876,240,17,1703,103700030,12071,2012-05-11,32,OZ,2,5
2860700876,240,9,907,1060699161,63479,2012-06-12,16,OZ,1,3.49
2860721157,101,63,6315,107115676,22511,2013-03-13,64,OZ,1,2.18
2860721943,101,33,3305,102840020,18584,2012-11-02,10,OZ,1,3.89
2860730064,101,96,9609,1054300050,88199,2012-04-01,0,,1,-1
2860730064,101,10,1011,104300040,26232,2012-05-29,21,OZ,1,2.99
2860730109,101,36,3611,1068826767,158,2012-04-15,591.5,OZ,2,7.98
2860730109,101,36,3618,104900040,23359,2012-05-19,101.4,OZ,5,14.95
2860730109,101,54,5403,102580020,16668,2012-05-24,8,OZ,2,5
2860733030,101,27,2702,101780010,30972,2012-11-06,7,LB,1,9.49
2860815618,370,36,3618,101200010,23361,2012-12-01,67.6,OZ,1,1.23
2860815618,370,58,5828,103100030,1358,2013-03-09,6.4,OZ,1,1.18
2860815618,370,54,5402,104126848,7904,2013-03-09,16,OZ,1,2.29
2860815618,370,19,1905,104126848,7904,2013-04-06,18,OZ,1,1.48
2860815618,370,36,3618,101200010,23361,2013-07-09,144,OZ,1,3.98
2860856859,65,36,3626,101200010,16391,2012-06-22,96,OZ,1,3.99
2860856859,65,51,5115,107218070,15035,2013-03-07,21.06,OZ,1,3
2860864156,64,45,4508,104440040,7504,2013-02-17,19,OZ,1,4.99
2860883645,165,96,9609,1055410050,88199,2012-04-20,0,,2,-1.5
2860883645,165,29,2914,106414464,3342,2012-10-13,7.5,OZ,3,2.9
2860883645,165,33,3303,102840020,10241,2012-10-25,10.5,OZ,1,4.29
2860884733,165,72,7203,1031254737,10554,2012-08-12,50.7,OZ,2,9.98
2860886164,165,33,3316,102410020,44209,2012-09-05,10.5,OZ,1,2.5
2860886164,165,26,2630,103600030,9787,2012-11-27,80,CT,1,2.99
2860886164,165,9,907,107203676,7953,2012-12-13,8.8,OZ,1,2.99
2860886164,165,54,5403,101800010,14029,2013-01-23,11.5,OZ,2,5.98
2860886474,165,28,2805,108915686,15849,2012-10-02,8,OZ,1,5.99
2860895162,151,10,1013,103890030,5072,2012-08-30,16,OZ,1,2.49
2860895162,151,36,3609,107007474,13702,2013-02-08,33.8,OZ,1,5.49
2860895162,151,72,7208,1030004131,26880,2013-06-05,1,CT,6,6
2860905102,211,36,3611,106827464,30855,2012-12-02,101.4,OZ,2,2.5
2860918048,140,56,5609,101111010,9907,2012-03-27,24,OZ,1,2.44
2860918048,140,3,311,1064420969,5345,2012-12-01,16,OZ,1,1.5
2860930578,191,5,504,1072225272,3695,2012-06-05,2.4,OZ,6,5.34
2860930578,191,9,917,103723232,9970,2012-08-05,16,OZ,1,2.19
2860930578,191,41,4107,107372373,6272,2013-03-24,15,OZ,2,2.7
2860933527,83,27,2707,101780010,14717,2013-02-09,1,LB,3,10.17
2860937465,83,5,501,103800030,11732,2012-11-08,24,OZ,1,2.49
2860937465,83,26,2609,101111010,9907,2013-03-25,115,CT,1,5.49
2860937465,83,9,907,107347272,6562,2013-04-26,24,OZ,1,3.59
2860938296,83,56,5616,104610040,15889,2012-05-07,8,OZ,1,2.39
2860939718,133,59,5910,103377636,16650,2012-06-13,15,OZ,1,3.19
2860941617,89,33,3309,101111010,9907,2012-08-24,10,OZ,3,3.75
2860941617,89,99,9908,101111010,9907,2013-05-20,10,OZ,1,1.99
2860946311,58,49,4901,101111010,9907,2013-03-03,32,OZ,1,1.99
2860947468,431,7,707,104300040,11339,2013-04-16,30.6,OZ,1,7.99
2860947468,431,22,2211,107261373,16794,2013-05-09,80,CT,1,3.99
2860948981,58,21,2105,105200050,7054,2012-05-29,32,OZ,3,2.37
2860950134,58,9,902,102410020,44209,2012-07-20,13.7,OZ,2,6.16
2860978140,126,36,3618,104900040,23359,2012-12-10,101.4,OZ,4,10
2860978140,126,5,501,1088491282,86364,2013-01-17,16,OZ,1,2.69
2860983200,126,29,2903,101111010,9907,2012-03-14,15,OZ,1,0.77
2860983200,126,0,0,10000,0,2012-07-25,0,,3,-3.48
2860983200,126,26,2633,101111010,9907,2013-02-01,4,RL,1,2.88
2860983200,126,5,501,103800030,6790,2013-02-11,12.2,OZ,1,3.47
2860983200,126,24,2415,107161575,8230,2013-03-06,12,OZ,1,4.29
2860984964,98,58,5827,101111010,9907,2012-03-17,16,OZ,1,4.49
2860984964,98,27,2710,103320030,875,2012-04-19,14,LB,1,6.99
2860984964,98,21,2105,104900040,14357,2012-12-14,32,OZ,6,4.68
2860984964,98,37,3703,105100050,2820,2012-12-24,10.75,OZ,1,1
2860984964,98,51,5121,104369545,10274,2013-02-13,9,OZ,1,1.88
2860984964,98,34,3411,107418272,16853,2013-03-14,7.5,OZ,1,0.88
2860989199,191,99,9909,101111010,9907,2012-12-23,12,OZ,2,1.76
2860989726,191,36,3601,101200010,13794,2012-10-17,288,OZ,1,7.99
2860991010,133,9,902,104400040,18775,2012-12-13,9,OZ,1,1.99
2861009682,166,35,3504,103500030,13470,2012-03-29,25,OZ,1,3.69
2861031255,96,26,2617,101090010,15232,2012-12-23,1,CT,1,3.99
2861031329,96,30,3008,102100020,9886,2012-08-15,8,OZ,1,1
2861031329,96,33,3303,103757838,16287,2012-08-18,8.5,OZ,1,2.5
2861031600,96,36,3618,101200010,23361,2012-07-18,20,OZ,1,1.59
2861031600,96,58,5823,103003434,7175,2012-08-25,8,OZ,1,3.5
2861031600,96,58,5831,1064220565,23259,2012-11-20,30,OZ,1,9.99
2861032608,96,10,1012,102700020,23332,2012-07-30,13,OZ,4,5
2861065527,214,5,519,103000030,14760,2012-08-25,12.6,OZ,1,2.52
2861089372,214,58,5822,104450040,8318,2012-05-01,14,OZ,1,3.98
2861089372,214,55,5552,104122040,82828,2012-05-01,64,OZ,1,4.48
2861091235,214,16,1604,107339070,11515,2013-03-15,14,CT,1,1.34
2861091235,214,64,6401,107289070,8159,2013-05-02,24,OZ,1,2.55
2861102280,214,5,501,1070510575,103785,2012-06-05,16,OZ,1,4.28
2861106703,214,71,7114,1030815131,3609,2012-11-30,6,OZ,1,2.52
2861143523,214,5,501,102190828,3073,2012-09-29,13,OZ,2,5.74
2861143523,214,53,5307,101450010,20864,2013-02-03,19,OZ,1,1.58
2861166760,46,29,2908,1071928373,11473,2013-02-03,15,OZ,1,1.29
2861218579,46,4,418,103400030,8247,2013-06-02,8,OZ,2,5.5
2861222844,46,5,501,103800030,43577,2012-06-03,18,OZ,1,3.5
2861222844,46,51,5134,104280040,18599,2013-05-26,19.8,OZ,2,5
2861232371,46,97,9753,10000,0,2012-09-28,1,CT,1,3.19
2861232371,46,58,5824,102781525,5557,2013-01-18,13,OZ,1,2.99
2861278179,46,99,9908,103338333,33170,2012-04-06,16,OZ,1,0.99
2861278179,46,9,902,104400040,15335,2013-03-13,15.1,OZ,1,2.5
2861297027,46,96,9609,1054300050,88199,2013-03-28,0,,1,-1
2861340778,46,33,3315,104400040,16738,2012-07-07,4.68,OZ,1,2.79
2861340778,46,97,9799,1079749676,14438,2012-12-29,9.5,LB,1,6.69
2861349334,46,97,9753,106602262,0,2013-01-24,1,CT,1,2.5
2861349334,46,60,6007,101800010,14029,2013-04-07,8,OZ,1,2.07
2861349334,46,58,5827,104470040,13310,2013-04-07,16,OZ,1,3.99
2861430817,4,97,9753,1063204565,0,2012-11-02,1,CT,1,3.99
2861430817,4,26,2633,105400050,16048,2013-03-23,12,RL,1,9.99
2861433614,4,9,922,102430020,10577,2012-06-25,16.2,OZ,1,1.79
2861466176,360,9,920,107978373,1081,2012-07-08,7.4,OZ,2,2
2861481174,360,63,6315,1089263282,30968,2012-06-04,128,OZ,1,3.99
2861481174,360,16,1604,101254616,4806,2012-10-18,60,CT,1,3.79
2861485144,360,73,7312,107430070,19436,2013-02-16,1,OZ,1,7.99
2862081313,224,26,2617,101090010,15232,2012-07-14,1,CT,1,4.15
2862084465,42,99,9908,103338333,33170,2012-09-08,16,OZ,2,7.98
2862329626,401,26,2632,107200070,28354,2012-08-13,42,CT,1,2.49
2862660574,293,58,5836,107778272,9260,2013-03-13,10.28,OZ,1,1.99
2862819896,377,32,3204,107321070,17274,2012-10-16,16.9,OZ,1,5.99
2862863525,377,41,4110,103940030,71386,2012-05-20,16,OZ,1,1.99
2862863525,377,5,501,101600010,3331,2013-04-05,17,OZ,1,4.99
2862913492,508,33,3307,101030010,5740,2012-11-16,12,OZ,1,4.82
2862916076,508,56,5620,108523989,11176,2013-03-14,8,OZ,1,2.56
2862938116,508,9,907,108523989,833,2012-03-09,24,OZ,1,2.64
2862938116,508,97,9732,1065356969,27063,2013-01-18,1,CT,1,10.91
2862952976,508,5,517,103000030,14760,2013-02-05,12.6,OZ,1,2.78
2862991331,509,36,3632,107800070,17635,2012-03-30,67.6,OZ,1,1.4
2863029347,510,97,9753,104310040,0,2012-08-05,1,CT,2,2.07
2863029347,510,97,9753,1080771686,0,2012-08-17,1,CT,1,5.24
2863065725,508,27,2710,107023070,18373,2013-01-13,35,LB,1,11.31
2863065725,508,56,5607,102100020,13967,2013-04-24,8,OZ,4,9.2
2863065725,508,10,1013,102400020,4704,2013-05-06,48,OZ,1,7.23
2863065725,508,10,1011,104300040,26232,2013-05-09,13.5,OZ,2,2.6
2863065725,508,97,9753,102773626,0,2013-05-24,1,CT,15,15
2863145484,507,9,907,107341070,2437,2013-04-28,24,OZ,1,2.79
2863165220,507,97,9753,1022055525,0,2012-11-06,1,CT,1,0.1
2863165220,507,35,3509,107261373,401,2012-12-19,50.7,OZ,1,11.33
2863171345,507,27,2702,101780010,14665,2013-06-11,16.5,LB,1,10.53
2863173632,507,27,2704,1061565060,4972,2012-10-19,35,CT,1,17.69
2863275889,508,59,5906,104060040,26155,2012-03-03,15,OZ,1,2.82
2863275889,508,16,1604,102200020,20100,2013-03-16,45,CT,1,3.14
2863280193,508,34,3410,1081793989,11556,2013-04-09,10,OZ,1,1.48
2863298719,508,9,907,108523989,11176,2012-10-28,24,OZ,1,1.25
2863315549,508,5,501,103800030,17050,2012-09-16,17.5,OZ,1,3.54
2863336822,508,5,502,101600010,7104,2013-04-13,3.8,OZ,1,3.45
2863363100,508,63,6320,108523989,11176,2012-06-16,12,CT,1,1.04
2863363100,508,97,9753,1049067141,0,2012-07-06,1,CT,1,26.24
2863363100,508,35,3507,105170050,6335,2012-08-09,8.45,OZ,2,8.06
2863363100,508,55,5557,107457070,26051,2013-02-12,3.6,OZ,10,13.34
2863370286,508,7,709,109955595,5752,2012-06-05,7.41,OZ,1,10.95
2863370286,508,36,3618,101200010,23361,2012-11-18,20,OZ,1,1.75
2863385030,508,63,6305,108523989,11176,2012-07-08,64,OZ,2,3.54
2863400517,510,1,106,1084667585,14157,2012-12-03,4,OZ,1,1.77
2863437004,510,26,2630,103600030,23664,2013-01-17,60,CT,1,1.23
2863437004,510,97,9753,108443181,0,2013-02-03,1,CT,1,2.1
2863463878,510,29,2914,108523989,11176,2012-06-14,7.25,OZ,5,3.6
2863502712,386,92,9204,1084098686,14415,2013-05-16,6,OZ,1,0.99
2863570961,85,29,2914,1060788060,16965,2012-05-13,14,OZ,2,3.39
2863572576,21,9,907,104119040,16347,2013-03-14,20,OZ,1,1.27
2863573988,21,71,7114,107940070,17521,2012-05-23,9.4,OZ,1,2.99
2863576226,21,27,2704,107910070,30370,2012-08-12,3,OZ,1,2.99
2863576226,21,9,907,107294575,15878,2013-03-04,20,OZ,1,2.49
2863577908,240,56,5607,104567444,16284,2012-04-27,8,OZ,2,3.38
2863600375,101,33,3303,107493171,11657,2013-02-02,16,OZ,1,4.99
2863601048,101,26,2617,1068826767,7173,2013-02-10,1,CT,1,2.89
2863615976,68,11,1112,102898929,26666,2012-06-05,9.5,OZ,1,4.39
2863615976,68,45,4508,101116212,12131,2012-09-10,20,OZ,1,4.99
2863615976,68,51,5130,101380010,27474,2012-10-01,12.38,OZ,2,6.58
2863641052,64,36,3603,107239272,74166,2012-06-29,640,OZ,1,1.39
2863641052,64,51,5117,1072543979,40679,2012-07-05,6.5,OZ,6,5.94
2863694465,241,21,2119,1065762262,26129,2012-03-19,16,OZ,2,3.98
2863694465,241,25,2509,107042474,16706,2013-02-24,16,OZ,1,1.79
2863696269,165,27,2707,101780010,95301,2013-01-29,3.5,LB,1,8.89
2863696269,165,97,9781,10000,8255,2013-06-06,1,CT,1,-1.05
2863696761,26,54,5402,101960010,1058,2012-10-11,12.5,OZ,1,1.94
2863696761,26,4,410,101130010,2272,2012-11-15,7,OZ,2,3.34
2863696761,26,16,1601,102200020,9347,2012-11-29,45,CT,2,3
2863701148,143,73,7326,1075942777,92856,2013-02-10,60,CT,2,6.98
2863702196,83,73,7302,1030057333,250,2012-08-07,24,CT,1,3.79
2863702196,83,26,2614,1030800434,17323,2012-08-22,24,CT,1,1.99
2863702473,83,51,5134,101111010,9907,2012-04-30,11.5,OZ,2,6.58
2863702473,83,56,5617,101111010,9907,2012-05-23,16,OZ,1,4.69
2863702473,83,58,5836,107778272,9260,2012-08-13,12,OZ,1,2.99
2863703679,133,9,914,104157343,4962,2012-11-20,14,OZ,1,1.99
2863703679,133,9,902,104400040,18775,2012-12-31,9,OZ,1,1.99
2863703679,133,9,907,107341070,13291,2013-04-22,12,OZ,1,3.99
2863703679,133,33,3350,101708212,9033,2013-05-07,3.25,OZ,1,2.7
2863712455,126,96,9632,107675070,2271,2012-12-18,1,CT,4,100
2863713753,151,29,2914,102100020,9886,2013-04-28,2.05,OZ,3,3
2863714521,89,63,6315,101111010,85048,2012-08-29,128,OZ,1,5.39
2863714521,89,64,6401,101820010,2510,2012-12-22,144,OZ,1,9.99
2863720861,98,30,3010,104133545,43106,2012-05-09,16,OZ,1,1.89
2863720861,98,18,1890,107089676,19921,2013-02-26,1,CT,2,4.25
2863727133,12,55,5555,1018685212,22794,2012-04-08,16,OZ,1,4.99
2863727133,12,9,908,101111010,9698,2012-09-29,16,OZ,2,5.76
2863727133,12,54,5401,1068615161,9916,2012-12-02,12.3,OZ,1,2.99
2863728013,63,63,6320,101111010,6848,2012-12-09,12,CT,1,1.93
2863730971,12,21,2114,104140949,3957,2012-09-24,4.5,OZ,1,1.49
2863739528,2,54,5402,1068615161,9916,2012-10-23,16,OZ,1,3.69
2863739528,2,58,5823,104470040,13310,2012-11-12,9,OZ,1,4.49
2863739528,2,63,6320,101111010,14907,2012-11-18,12,CT,1,1.89
2863746082,2,35,3509,107261373,401,2012-08-04,50,OZ,1,4.49
2863746082,2,99,9909,101111010,28083,2012-12-22,10,OZ,2,3.98
2863746082,2,56,5614,107455070,14391,2013-01-25,12,OZ,1,4.49
2863770906,96,96,9609,10990000090,88199,2012-03-29,0,,1,9
2863771721,96,64,6408,108312080,6670,2012-10-11,5,LT,1,15.99
2863771721,96,60,6007,101800010,14029,2013-02-02,8,OZ,3,7.5
2863771818,96,49,4901,101312010,26885,2012-05-26,32,OZ,1,3
2863771885,96,64,6408,108312080,6670,2012-05-13,5,LT,1,13.99
2863772984,96,8,818,103620030,14868,2012-12-06,16,OZ,2,3.98
2863772987,96,30,3002,102100020,9886,2012-04-18,30,OZ,1,4.99
2863772987,96,36,3630,107800070,23561,2013-01-06,144,OZ,1,4.34
2863777719,214,30,3002,102100020,9886,2013-02-23,30,OZ,1,3.58
2863788813,214,21,2117,108768484,2903,2012-09-14,60,OZ,1,3.48
2863813634,214,17,1704,104460040,18389,2012-08-07,32,OZ,1,2.48
2863813634,214,46,4606,104122040,23511,2012-08-28,10,OZ,1,3.98
2863813634,214,8,803,104150040,6714,2012-10-17,14,OZ,1,1.48
2863817790,214,8,805,102484222,2542,2012-03-03,7,OZ,1,3.99
2863817790,214,37,3711,105260353,13414,2012-10-07,17.6,OZ,1,2.65
2863820533,214,58,5823,104470040,13310,2013-02-20,10,OZ,1,2.5
2863847081,46,36,3628,101200010,12029,2012-09-02,67.6,OZ,1,1.33
2863851846,46,26,2634,103700030,3293,2012-07-27,6,RL,1,6.97
2863907522,46,53,5307,1071373373,11473,2012-10-28,8,OZ,1,2.49
2863907713,46,51,5134,104280040,18599,2012-04-21,59.3,OZ,1,10.29
2863907713,46,8,810,105210050,11382,2012-12-01,1.25,OZ,1,0.6
2863966942,15,26,2619,101258717,7245,2012-04-09,78,CT,1,11.6
2863966942,15,36,3601,104900040,3809,2012-08-31,144,OZ,2,12.98
2863966942,15,33,3307,104157040,2017,2013-06-16,16,OZ,1,8.39
2863968881,15,71,7110,107124979,21913,2012-03-02,13,OZ,1,3.49
2863968881,15,99,9904,107490474,3457,2012-05-08,14,OZ,1,3.49
2863968881,15,63,6320,102113020,10786,2012-11-04,18,CT,1,3.19
2863968881,15,63,6318,101800010,14029,2013-02-26,13.8,OZ,1,2.5
2863969641,18,63,6323,102113020,10786,2012-07-02,12,OZ,4,4
2864271870,42,63,6315,104149747,19710,2012-10-24,128,OZ,1,2.49
2864271870,42,51,5122,101960010,3174,2012-11-26,6,OZ,5,10
2864272272,42,9,902,102410020,44209,2012-06-13,7,OZ,4,10.36
2864415262,401,22,2207,1075703777,13386,2012-11-03,45,OZ,1,7.99
2864444294,401,95,9517,106700868,25075,2012-03-17,8,CT,1,2.49
2864503284,134,27,2702,101780010,30972,2012-10-14,15.5,LB,1,17.99
2864644892,507,97,9753,106700868,0,2012-12-31,1,CT,1,0.95
2864692155,507,36,3604,10827484,15107,2012-04-07,48,OZ,1,5.24
2864692155,507,58,5831,102410525,54646,2012-07-29,14,OZ,1,5.76
2864692155,507,72,7205,1031015838,16196,2013-03-10,0.8,OZ,1,1.13
2864692155,507,97,9753,1049014040,0,2013-06-06,1,CT,1,29.39
2864697533,510,97,9753,1069318666,0,2012-04-07,1,CT,1,1.24
2864701439,507,97,9753,10978140393,0,2012-10-11,1,CT,1,0.57
2864701439,507,5,501,101600010,3331,2012-10-19,14,OZ,3,8.61
2864701439,507,97,9717,1088390484,33170,2012-11-23,1,CT,1,4.2
2864714550,507,9,907,107294575,15878,2012-08-06,20,OZ,1,2.09
2864718397,507,97,9753,108576181,0,2013-02-27,1,CT,1,3.15
2864751060,507,55,5558,107255474,35506,2013-02-07,18.1,OZ,2,6.96
2864781132,507,73,7302,1030057333,250,2012-04-01,40,CT,1,6.6
2864842749,508,57,5707,107047070,20230,2012-07-06,18,OZ,1,1.91
2864855683,508,4,417,107172070,9365,2012-09-09,4,OZ,1,1
2864872007,508,34,3410,107278575,23664,2013-02-20,64,OZ,1,4.68
2864878782,508,16,1604,102200020,20100,2012-07-15,45,CT,1,2.63
2864878782,508,26,2634,103700030,3293,2012-11-03,30,RL,1,16.79
2864930808,510,33,3307,104157040,2017,2012-05-20,6,OZ,2,5.64
2864953824,509,97,9753,1061848060,0,2012-09-15,1,CT,1,5.25
2864953824,509,41,4108,108523989,11176,2012-10-07,15.5,OZ,4,3.08
2864984575,510,95,9518,106700868,2988,2012-07-24,1,CT,1,1.31
2864984575,510,92,9208,107459070,15166,2013-03-30,1,CT,1,5.25
2864984575,510,4,419,103129030,7346,2013-03-30,7,OZ,2,20.98
2865001551,510,57,5706,107527070,12031,2013-02-02,32,OZ,2,6.7
2865001551,510,18,1898,103980030,5782,2013-02-24,8,CT,1,11.26
2865056960,40,96,9609,1055100050,88199,2012-11-01,0,,1,-0.5
2865059314,40,8,810,105210050,11382,2013-03-05,1.5,OZ,1,1
2865090097,240,29,2903,106414464,3342,2012-05-21,15,OZ,1,1.49
2865090097,240,21,2113,101480010,12021,2012-10-08,54,OZ,1,3.29
2865090097,240,8,836,104130343,38922,2012-10-16,32,OZ,1,1.29
2865091436,240,9,917,107373171,11786,2013-02-22,20,OZ,1,2
2865091436,240,3,310,107045070,4913,2013-04-15,8,OZ,1,4.99
2865115047,101,26,2609,104200040,19231,2012-04-02,18,CT,1,2
2865117127,77,97,9781,10000,8255,2012-07-06,1,CT,2,-2.06
2865117127,77,63,6316,107251070,1909,2012-08-25,16,OZ,1,1.5
2865117127,77,26,2633,107078474,18552,2012-11-26,1,RL,2,1.95
2865117127,77,26,2628,105400050,16048,2012-12-04,6,RL,1,5.84
2865117127,77,99,9909,107127979,6732,2012-12-27,8,OZ,1,2.5
2865117127,77,97,9781,10000,8255,2013-01-06,1,CT,1,-1.62
2865117179,77,36,3632,102122424,73849,2012-06-29,144,OZ,1,5
2865117179,77,21,2119,101200010,10522,2012-07-27,202.8,OZ,2,10
2865117179,77,99,9908,103338333,33170,2012-09-08,16,OZ,1,1.99
2865117179,77,3,302,103400030,8247,2013-01-26,12,OZ,1,2.5
2865117179,77,36,3618,101200010,23361,2013-02-09,50.7,OZ,1,1
2865117179,77,26,2622,102570020,20361,2013-02-09,12,CT,1,3.49
2865206297,26,73,7307,104116747,30343,2012-03-30,45,CT,1,23.94
2865209387,83,58,5814,104470040,10837,2012-05-14,13.1,OZ,1,3.49
2865217582,98,9,901,104400040,12885,2012-09-13,8,OZ,1,2.69
2865217582,98,99,9908,101111010,9907,2012-09-23,16,OZ,1,0.88
2865220417,126,9,907,101111010,9907,2012-07-06,11,OZ,1,1
2865220417,126,63,6314,101111010,9907,2012-07-06,16,OZ,1,1
2865220417,126,99,9908,103338333,33170,2012-11-01,16,OZ,2,2.38
2865223372,126,0,0,10000,0,2012-04-29,0,,1,0
2865223372,126,51,5131,104227242,648,2012-10-07,6,OZ,2,4.98
2865230303,58,8,801,101111010,9907,2012-12-03,36,OZ,1,1.39
2865230503,98,3,311,105150050,14029,2012-12-19,16,OZ,1,1.67
2865232194,211,33,3312,103700030,14494,2012-09-06,6.38,OZ,1,1.49
2865232194,211,56,5620,102100020,9886,2012-11-29,8,OZ,2,5.98
2865232194,211,26,2609,101111010,9907,2013-01-24,100,CT,1,1.79
2865244825,2,63,6320,101111010,14907,2012-04-18,12,CT,1,2.39
2865244825,2,58,5824,105050050,6170,2013-02-23,8,OZ,1,1.68
2865249685,2,49,4901,101312010,26885,2012-07-21,30,OZ,1,3.99
2865249685,2,41,4120,101111010,14907,2012-10-13,12,OZ,1,1.19
2865259612,89,82,8201,101111010,9907,2012-12-01,1,CT,1,5.99
2865277823,96,99,9908,103003434,28496,2012-12-23,12,OZ,2,5
2865277823,96,45,4509,1061458363,60845,2013-01-28,16,OZ,2,9.98
2865277823,96,9,908,102560020,18051,2013-03-28,16,OZ,1,3.99
2865278086,96,21,2113,102800020,56490,2012-08-29,54,OZ,2,5.98
2865278471,96,55,5552,103003434,7175,2012-07-24,48,OZ,1,3
2865278471,96,0,0,10000,0,2013-03-05,0,,2,1.79
2865280708,96,21,2106,103003434,7175,2013-02-10,64,OZ,1,2.99
2865281662,115,8,818,105100050,14403,2012-09-19,67,OZ,1,5.19
2865328807,214,99,9909,104122040,23511,2012-04-20,12,OZ,1,2.5
2865328807,214,96,9609,1053700050,88199,2012-05-04,0,,1,-1
2865328807,214,33,3301,104122040,23511,2012-12-20,4,OZ,2,3.58
2865328807,214,17,1703,104460040,6608,2013-03-22,22,OZ,1,1.98
2865336261,214,58,5827,103760030,8501,2013-03-25,16,OZ,2,8.56
2865338213,214,97,9753,107675373,0,2012-11-07,1,CT,1,1.48
2865422124,46,95,9518,106700868,25075,2012-12-23,1,CT,1,3.49
2865446954,17,99,9904,103338333,33170,2012-10-14,80,OZ,1,3.77
2865459177,95,63,6320,102113020,10786,2012-12-26,12,CT,1,1.89
2865459177,95,1,106,107989373,11873,2013-01-15,4,OZ,3,2.47
2865459177,95,5,501,102113020,15704,2013-01-27,18,OZ,1,2.99
2865459177,95,97,9753,1022213222,0,2013-02-07,1,CT,2,1.45
2865459177,95,56,5609,102113020,10786,2013-04-18,16,OZ,1,1.99
2865466920,4,64,6409,108130888,14758,2012-04-12,0.75,LT,2,4.18
2865466920,4,72,7205,105310050,804,2012-09-27,6.4,OZ,2,0.98
2865473937,15,71,7113,102240020,25033,2012-07-07,15,OZ,2,1.58
2865473937,15,25,2506,102113020,10786,2012-08-10,32,OZ,1,2.99
2865473937,15,36,3631,102113020,15704,2012-08-26,67.6,OZ,1,0.99
2865473937,15,15,1506,103120030,12957,2012-12-15,10,OZ,1,3.79
2865806542,42,58,5835,107790070,9200,2012-08-04,16,OZ,2,9.98
2865806542,42,97,9707,101258717,7245,2012-08-15,3,CT,1,3.19
2865806542,42,97,9744,101122515,157,2012-08-26,8,OZ,1,1.99
2865807375,42,36,3604,107800070,2829,2012-10-06,144,OZ,1,5.99
2865807375,42,58,5824,1079891373,54293,2013-04-03,16,OZ,1,4.99
2866026962,293,8,810,105210050,11382,2013-03-05,1.5,OZ,2,2.54
2866091802,109,99,9909,101122515,28575,2012-07-05,6,OZ,1,2.5
2866091802,109,9,921,104500040,8511,2012-08-24,3.5,OZ,1,0.99
2866091802,109,63,6319,108390080,7368,2013-01-08,59,OZ,1,2.5
2866202217,507,45,4511,108523989,11176,2012-07-07,40,OZ,1,5.76
2866202217,507,97,9731,1074677575,20108,2012-08-24,1,CT,1,11.54
2866202217,507,37,3705,105100050,2820,2012-10-03,18.8,OZ,2,2.98
2866202217,507,34,3410,101920010,10882,2013-03-21,8.5,OZ,1,3.13
2866218960,507,58,5814,104470040,10837,2013-01-07,4.3,OZ,2,2.54
2866218960,507,73,7304,1037003030,23664,2013-04-06,12,OZ,2,9.76
2866233663,507,50,5001,101380010,27474,2013-01-17,16,OZ,2,6.18
2866262473,507,75,7501,1030813737,14727,2012-03-26,4,OZ,1,8.22
2866262473,507,97,9753,1049051040,0,2012-11-29,1,CT,5,17.75
2866343844,508,54,5401,103800030,5618,2012-03-31,12.3,OZ,1,2.67
2866343844,508,97,9753,1049238141,0,2012-07-01,1,CT,2,41.98
2866349116,508,97,9753,10978039595,0,2012-04-05,1,CT,1,6.25
2866349116,508,5,517,103800030,69260,2012-07-12,10.4,OZ,1,2.53
2866349116,508,25,2506,105000050,32115,2012-09-27,16,OZ,1,1.88
2866349723,508,21,2108,108523989,11176,2012-08-03,64,OZ,1,1.89
2866350013,508,41,4121,108523989,11176,2012-08-08,8,OZ,2,0.72
2866350013,508,1,103,101500010,7142,2013-01-23,7,OZ,1,1.04
2866350013,508,33,3311,102840020,27521,2013-04-01,10.5,OZ,1,3.15
2866350013,508,63,6305,108523989,11176,2013-07-08,64,OZ,1,2.56
2866355359,508,63,6323,107206070,8303,2012-08-17,64,OZ,1,2.67
2866355359,508,63,6314,107342070,4529,2013-01-17,16,OZ,1,1.88
2866395240,510,26,2630,103600030,9787,2013-02-03,200,CT,1,8.14
2866404376,510,26,2630,103600030,9787,2013-02-07,184,CT,2,3.3
2866438957,509,57,5704,107047070,20230,2012-11-16,24,OZ,1,1.92
2866468970,510,17,1701,102340020,16836,2012-12-01,28.6,OZ,1,2.93
2866555482,386,21,2119,1085774181,58208,2013-02-15,16,OZ,1,1.99
2866609729,40,33,3303,102840020,10241,2012-04-27,10.5,OZ,1,3.5
2866609729,40,2,213,107248676,9190,2012-12-23,8.5,OZ,2,1
2866623198,85,8,811,102066222,12598,2012-10-10,15,OZ,2,5.25
2866623198,85,51,5117,107570676,13458,2012-11-07,21,OZ,2,13.98
2866645632,21,63,6315,104119040,16347,2012-12-13,64,OZ,1,2.19
2866645859,21,53,5305,102000020,7655,2012-09-25,10,OZ,1,2
2866646440,21,30,3002,104119040,16347,2012-05-20,30,OZ,1,2.49
