218409477,108,55,5552,107756777,2347,2012-09-11,48,OZ,7,31.43
218409477,108,49,4902,1075480777,610,2012-09-11,30,OZ,1,3.59
218409477,108,9,901,104400040,13243,2012-09-12,15.25,OZ,1,4.99
218409477,108,10,1006,1075480777,610,2012-09-14,5,OZ,1,1.79
218409477,108,36,3604,107800070,16023,2012-09-14,33.8,OZ,2,2.78
218409477,108,32,3203,106414464,13474,2012-09-14,5,OZ,1,3.79
218409477,108,56,5616,102100020,4218,2012-09-16,7,OZ,2,8.98
218409477,108,3,303,107116979,2732,2012-09-17,1.75,OZ,1,2.65
218409477,108,64,6401,1071905777,14431,2012-09-18,72,OZ,1,8.49
218409477,108,2,202,104144949,7168,2012-09-18,18,OZ,1,3.29
218409477,108,36,3611,107572070,14196,2012-09-18,101.4,OZ,3,3.87
218409477,108,53,5305,101450010,20864,2012-09-22,9,OZ,3,9.09
218409477,108,9,901,104400040,25172,2012-09-22,2.13,OZ,1,1.95
218409477,108,92,9211,107780272,28813,2012-09-22,0.04,OZ,1,1.09
218409477,108,9,908,107203070,5812,2012-09-23,16,OZ,4,21.96
218409477,108,26,2619,101258717,7245,2012-09-23,40,CT,2,18.98
218409477,108,45,4511,102370020,18969,2012-09-25,22,OZ,1,9.49
218409477,108,30,3010,104100040,19975,2012-09-25,8,OZ,4,8.6
218409477,108,1,103,101500010,29555,2012-09-26,1.48,OZ,1,2.45
218409477,108,82,8201,107062575,23583,2012-09-27,1,CT,2,16.98
218409477,108,19,1910,10980090,12851,2012-09-29,13,OZ,4,19.96
218409477,108,26,2619,101370010,8154,2012-09-30,45,CT,1,9.99
218409477,108,9,970,103800030,62065,2012-09-30,14.1,OZ,1,2.89
218409477,108,15,1504,104114343,17593,2012-10-01,6,OZ,2,4.98
218409477,108,5,501,101600010,12936,2012-10-01,18,OZ,1,4.79
218409477,108,5,517,103800030,17050,2012-10-02,9.45,OZ,1,6.49
218409477,108,26,2609,104200040,5016,2012-10-02,48,CT,1,3.59
218409477,108,9,901,104400040,13243,2012-10-04,15.35,OZ,1,4.99
218409477,108,19,1908,107062575,23583,2012-10-05,18,OZ,2,11.98
218409477,108,31,3107,104780040,162,2012-10-06,2,OZ,1,3.69
218409477,108,2,201,101600010,1756,2012-10-07,15.25,OZ,4,10.6
218409477,108,63,6311,108259282,12297,2012-10-07,15.2,OZ,9,23
218409477,108,58,5814,104470040,10837,2012-10-07,4.4,OZ,1,1.99
218409477,108,99,9909,107127979,6732,2012-10-07,4.5,OZ,1,3.59
218409477,108,33,3308,102840020,3336,2012-10-08,3.75,OZ,1,1.49
218409477,108,21,2118,107618373,16756,2012-10-11,16,OZ,2,2
218409477,108,21,2117,108768484,2903,2012-10-11,60,OZ,2,5.38
218409477,108,16,1604,107339070,11515,2012-10-12,15,CT,3,4.77
218409477,108,9,901,107203070,5812,2012-10-14,12,OZ,2,9.98
218409477,108,37,3707,105100050,17812,2012-10-14,14.5,OZ,1,1.49
218409477,108,56,5604,107790171,14428,2012-10-14,6,OZ,2,14.98
218409477,108,75,7520,1030052131,27166,2012-10-15,500,CT,2,7.58
218409477,108,21,2111,1018012717,23074,2012-10-17,14,OZ,5,11.95
218409477,108,36,3604,107800070,2829,2012-10-17,60,OZ,1,4.99
218409477,108,26,2611,1030800434,18144,2012-10-17,36,CT,1,17.99
218409477,108,64,6409,108130888,21408,2012-10-18,3,LT,2,35.94
218409477,108,33,3318,104126242,19971,2012-10-19,16,OZ,1,3.29
218409477,108,21,2112,1018012717,23074,2012-10-20,14,OZ,2,4.78
218409477,108,37,3706,104119646,14582,2012-10-20,19,OZ,2,5.38
218409477,108,4,407,104801444,29178,2012-10-20,4,OZ,1,1.39
218409477,108,9,920,103010030,3744,2012-10-21,11,OZ,1,3.29
218409477,108,33,3314,1075480777,610,2012-10-21,6.52,OZ,1,2.09
218409477,108,17,1708,104460040,3718,2012-10-22,2.47,OZ,1,4.99
218409477,108,99,9909,107127979,6732,2012-10-23,7.25,OZ,1,3.99
218409477,108,18,1831,107116979,2732,2012-10-23,12,CT,1,3.69
218409477,108,26,2608,1075480777,610,2012-10-23,24,CT,1,1.39
218409477,108,99,9908,103338333,33170,2012-10-24,4,OZ,1,2.49
218409477,108,64,6409,1089418585,40222,2012-10-24,0.75,LT,2,6.66
218409477,108,17,1708,104460040,3718,2012-10-25,7,OZ,1,7.99
218409477,108,29,2924,101740010,11748,2012-10-25,8.8,OZ,1,2.59
218409477,108,45,4511,107274575,13804,2012-10-25,29,OZ,1,7.99
218409477,108,22,2211,103700030,2246,2012-10-26,40,CT,1,3.69
218409477,108,41,4107,102000020,7655,2012-10-27,15.25,OZ,2,2.98
218409477,108,40,4005,107017777,18928,2012-10-28,1.41,OZ,1,3.59
218409477,108,3,311,101600010,1756,2012-10-28,12,OZ,3,7.05
218409477,108,58,5815,103760030,8501,2012-10-29,7,OZ,1,5.49
218409477,108,9,913,104812141,18322,2012-10-29,24,OZ,3,14.97
218409477,108,6,607,107007474,5810,2012-10-30,56,OZ,1,10.99
218409477,108,36,3632,104900040,6137,2012-10-30,67.6,OZ,3,5.67
218409477,108,9,917,1065488363,8803,2012-11-01,6.34,OZ,1,4.99
218409477,108,29,2920,101600010,1756,2012-11-03,6.1,OZ,1,2.39
218409477,108,18,1850,1075480777,610,2012-11-04,1,CT,2,2.78
218409477,108,73,7309,1030013232,6454,2012-11-05,9,OZ,1,2.15
218409477,108,33,3308,102840020,3336,2012-11-05,11,OZ,1,3.99
218409477,108,63,6330,1075480777,610,2012-11-05,32,OZ,1,4.99
218409477,108,58,5828,104120848,18062,2012-11-05,6,OZ,9,26.91
218409477,108,33,3319,102840020,15598,2012-11-06,8.5,OZ,1,4.29
218409477,108,9,901,103010030,3454,2012-11-07,14.8,OZ,3,14.07
218409477,108,9,917,107373171,11786,2012-11-08,16,OZ,1,3.69
218409477,108,58,5827,103760030,8501,2012-11-08,16,OZ,1,5.99
218409477,108,26,2633,105400050,16048,2012-11-08,20,RL,1,17.99
218409477,108,23,2310,1075480777,610,2012-11-10,13,OZ,1,2.95
218409477,108,26,2614,104131040,23609,2012-11-10,40,CT,1,2.99
218409477,108,9,918,107351070,17346,2012-11-11,6.1,OZ,2,6.38
218409477,108,25,2505,105000050,32115,2012-11-11,64,OZ,1,5.49
218409477,108,36,3626,107800070,16223,2012-11-11,67.6,OZ,5,8.45
218409477,108,9,901,105435858,706,2012-11-14,5.25,OZ,3,8.07
218409477,108,79,7901,109256797,25842,2012-11-14,1,CT,1,3.99
218409477,108,72,7210,1031015838,14214,2012-11-14,2.2,OZ,1,4.99
218409477,108,30,3002,104800141,8178,2012-11-15,9,OZ,1,3.69
218409477,108,57,5705,107047070,20230,2012-11-18,6,OZ,5,5
218409477,108,9,907,1018379111,19704,2012-11-20,13,OZ,1,4.49
218409477,108,97,9753,1079136171,0,2012-11-21,1,CT,1,5
218409477,108,18,1837,104874545,82195,2012-11-22,2,CT,2,3.5
218409477,108,60,6001,101800010,14029,2012-11-24,16,OZ,1,4.29
218409477,108,2,214,101600010,1910,2012-11-24,28,OZ,1,3.29
218409477,108,55,5552,107756777,2347,2012-11-25,48,OZ,2,8.98
218409477,108,3,303,105210050,2732,2012-11-27,1.75,OZ,1,1.99
218409477,108,51,5126,101380010,27474,2012-11-28,16,OZ,1,4.69
218409477,108,33,3305,102840020,18584,2012-11-30,13,OZ,1,3.99
218409477,108,3,309,103997838,2082,2012-12-03,12,OZ,1,4.29
218409477,108,36,3601,104900040,3809,2012-12-04,101.4,OZ,2,7.98
218409477,108,8,810,104600040,13023,2012-12-04,1,OZ,2,2.58
218409477,108,26,2610,103760434,27723,2012-12-05,150,CT,1,2.49
218409477,108,99,9909,107127979,6732,2012-12-07,9,OZ,2,7.18
218409477,108,58,5812,105450050,1322,2012-12-08,16,OZ,1,5.49
218409477,108,64,6401,107167070,15884,2012-12-09,72,OZ,3,25.47
218409477,108,9,907,109247494,94794,2012-12-10,21,OZ,1,4.19
218409477,108,18,1828,101980010,15181,2012-12-10,7.5,OZ,2,3.7
218409477,108,5,501,103000030,58434,2012-12-10,12.5,OZ,2,8.38
218409477,108,69,6901,107940070,4696,2012-12-11,5.4,OZ,1,6.49
218409477,108,63,6320,1075480777,610,2012-12-11,18,CT,5,14.45
218409477,108,63,6399,1073286979,29065,2012-12-12,7,OZ,2,12.98
218409477,108,5,501,101600010,3789,2012-12-13,11.8,OZ,1,4.69
218409477,108,21,2119,1061300868,867,2012-12-15,64,OZ,2,5.18
218409477,108,51,5115,107218070,15035,2012-12-17,11.2,OZ,2,9.38
218409477,108,63,6320,1081565282,26794,2012-12-17,12,CT,1,3.79
218409477,108,55,5567,104154848,5603,2012-12-17,5.8,OZ,1,1.49
218409477,108,64,6408,108500080,2983,2012-12-19,1.5,LT,1,8.99
218409477,108,45,4511,102370020,18969,2012-12-22,22,OZ,1,9.49
218409477,108,26,2629,1075480777,610,2012-12-22,40,CT,2,3.78
218409477,108,58,5833,107080070,16704,2012-12-23,18.4,OZ,1,8.99
218409477,108,72,7214,102200020,13228,2012-12-23,60,CT,1,3.59
218409477,108,26,2609,104116545,16879,2012-12-23,20,CT,2,8.18
218409477,108,17,1706,1075480777,610,2012-12-23,32,OZ,1,2.49
218409477,108,3,302,103400030,8247,2012-12-24,12,OZ,2,6.98
218409477,108,11,1102,1072277676,17117,2012-12-24,1,CT,1,7.49
218409477,108,91,9131,1072105979,3007,2012-12-26,0.75,LT,2,27.94
218409477,108,5,501,101600010,3331,2012-12-26,9,OZ,1,4.99
218409477,108,27,2713,102310020,3223,2012-12-28,3.5,OZ,8,6.96
218409477,108,63,6305,104850040,18799,2012-12-28,59,OZ,9,35.91
218409477,108,79,7903,10928191,26715,2012-12-31,1,CT,1,3.79
218409477,108,9,922,1077098171,94010,2012-12-31,10,OZ,3,11.07
218409477,108,5,501,103000030,58434,2013-01-02,20,OZ,1,3.99
218409477,108,40,4001,104300040,4371,2013-01-04,256,OZ,2,7.98
218409477,108,8,805,1074016979,13914,2013-01-05,12.6,OZ,1,4.99
218409477,108,4,416,101070010,56124,2013-01-05,1.85,OZ,1,1
218409477,108,25,2506,105000050,32115,2013-01-06,16,OZ,1,3.29
218409477,108,55,5567,107585676,9798,2013-01-06,14,OZ,1,4.69
218409477,108,26,2633,105400050,16048,2013-01-07,20,RL,1,17.99
218409477,108,62,6201,107349171,9883,2013-01-07,22,OZ,1,4.49
218409477,108,63,6315,107045272,6176,2013-01-08,64,OZ,3,13.17
218409477,108,17,1703,101920010,10882,2013-01-09,22,OZ,1,3.29
218409477,108,51,5130,101380010,27474,2013-01-10,10.25,OZ,1,4.49
218409477,108,16,1604,102200020,13228,2013-01-10,14,CT,1,1.29
218409477,108,33,3307,104157040,2017,2013-01-11,6,OZ,1,3.79
218409477,108,21,2109,104180040,19713,2013-01-12,64,OZ,1,3.99
218409477,108,99,9901,1087520888,21532,2013-01-12,4,OZ,1,4.99
218409477,108,37,3705,104119646,14582,2013-01-13,18.5,OZ,1,2.99
218409477,108,26,2613,103600030,8583,2013-01-13,23,CT,1,10.99
218409477,108,63,6319,108390080,7368,2013-01-14,59,OZ,2,6.38
218409477,108,99,9909,107127979,6732,2013-01-15,5,OZ,2,7.18
218409477,108,16,1604,101254616,17473,2013-01-16,14,CT,2,2.58
218409477,108,36,3612,107572070,14196,2013-01-16,128,OZ,8,11.92
218409477,108,9,902,104400040,12279,2013-01-17,16,OZ,3,10.77
218409477,108,58,5831,107274575,13804,2013-01-19,96,OZ,1,10.99
218409477,108,57,5704,104667545,20216,2013-01-19,6,OZ,2,2
218409477,108,1,106,105220050,1569,2013-01-19,4,OZ,19,13.87
218409477,108,99,9908,103260131,5489,2013-01-22,48,OZ,1,3.99
218409477,108,4,416,103400030,15113,2013-01-22,1.5,OZ,4,4
218409477,108,33,3316,101600010,3397,2013-01-25,18,OZ,2,8.98
218409477,108,9,908,107203070,5812,2013-01-28,11.5,OZ,1,4.69
218409477,108,33,3312,103700030,14494,2013-01-28,5.82,OZ,1,2.79
218409477,108,31,3101,105210050,11382,2013-01-29,1.75,OZ,2,23.98
218409477,108,23,2301,107680878,1393,2013-01-30,13.25,OZ,1,1.59
218409477,108,45,4509,109254292,51825,2013-01-31,32,OZ,1,11.98
218409477,108,5,501,101600010,7400,2013-02-02,16,OZ,1,4.99
218409477,108,8,801,1075480777,610,2013-02-02,36,OZ,1,2.55
218409477,108,31,3101,104133141,7531,2013-02-03,1.41,OZ,1,1.19
218409477,108,58,5823,104470040,13310,2013-02-04,12,OZ,1,4.99
218409477,108,54,5403,107790070,9200,2013-02-05,18,OZ,1,6.99
218409477,108,41,4105,106414464,70939,2013-02-06,10,OZ,1,1.69
218409477,108,55,5552,102983929,6763,2013-02-08,48,OZ,11,43.89
218409477,108,63,6320,107205070,31277,2013-02-08,12,CT,1,3.49
218409477,108,58,5815,104242141,2071,2013-02-08,6.5,OZ,1,3.99
218409477,108,28,2806,105410050,19509,2013-02-08,24,OZ,1,3.59
218409477,108,36,3604,107800070,2829,2013-02-10,144,OZ,1,5.49
218409477,108,21,2109,102800020,56490,2013-02-10,64,OZ,1,4.29
218409477,108,1,106,1085382686,51749,2013-02-11,1.1,OZ,4,17.96
218409477,108,10,1012,102700020,23332,2013-02-12,13,OZ,1,1.85
218409477,108,29,2903,106414464,3342,2013-02-12,15,OZ,6,7.5
218409477,108,54,5403,101800010,14029,2013-02-13,11.5,OZ,2,7.58
218409477,108,37,3708,104100040,10522,2013-02-14,4.9,OZ,1,1.95
218409477,108,36,3635,107478070,13856,2013-02-14,25.3,OZ,1,1.79
218409477,108,97,9753,1023618525,0,2013-02-14,1,CT,1,4.76
218409477,108,11,1114,107027272,5613,2013-02-15,16,OZ,1,3.69
218409477,108,5,504,1078656070,24808,2013-02-17,3.52,OZ,2,5.38
218409477,108,25,2506,104410040,8481,2013-02-19,16,OZ,1,3.29
218409477,108,8,801,101300010,8164,2013-02-21,20,OZ,2,4.98
218409477,108,51,5125,107265575,8089,2013-02-22,8.75,OZ,1,3.19
218409477,108,57,5703,103663232,4568,2013-02-22,6,OZ,4,3.72
218409477,108,21,2106,105100050,27873,2013-02-23,64,OZ,1,2.49
218409477,108,7,709,109955595,25747,2013-02-24,4.1,OZ,2,14.98
218409477,108,9,908,102430020,10577,2013-02-24,8.27,OZ,1,2.59
218409477,108,63,6311,108259282,12297,2013-02-24,15.2,OZ,1,3.99
218409477,108,36,3611,107572070,14196,2013-02-24,142.2,OZ,1,3.19
218409477,108,28,2801,104470040,3640,2013-02-26,32,OZ,1,3.99
218409477,108,30,3009,104133545,43106,2013-02-27,16,OZ,2,8.98
218409477,108,56,5609,107170070,1142,2013-02-27,16,OZ,1,3.79
218409477,108,63,6311,104850040,18799,2013-02-28,59,OZ,1,3.99
218409477,108,9,907,107102575,102885,2013-02-28,15,OZ,2,8.38
218409477,108,6,601,105000050,12547,2013-03-03,4.27,OZ,1,1.99
218409477,108,37,3705,1085832888,20002,2013-03-04,14.5,OZ,2,6.58
218409477,108,9,908,107203070,5812,2013-03-04,15,OZ,1,5.29
218409477,108,58,5823,107597171,15878,2013-03-05,10,OZ,1,5.99
218409477,108,41,4121,102700020,8612,2013-03-06,15,OZ,1,1.05
218409477,108,23,2301,1075480777,610,2013-03-07,13.25,OZ,1,1.59
218409477,108,22,2210,107062575,23583,2013-03-09,32,OZ,1,4.49
218409477,108,56,5614,107104070,76668,2013-03-10,9,OZ,1,5.99
218409477,108,73,7304,1036382434,12163,2013-03-10,14,CT,1,11.49
218409477,108,64,6409,101289414,15501,2013-03-11,0.75,LT,2,17.94
218409477,108,56,5613,1075480777,610,2013-03-12,6,OZ,1,3.79
218409477,108,9,907,107130575,17614,2013-03-14,20,OZ,1,2.19
218409477,108,36,3618,101200010,23361,2013-03-15,101.4,OZ,2,7.98
218409477,108,26,2608,1075480777,610,2013-03-17,24,CT,1,1.39
218409477,108,70,7001,104131040,23609,2013-03-18,16,OZ,2,3.1
218409477,108,4,417,103400030,15113,2013-03-18,2.4,OZ,1,1.45
218409477,108,92,9208,104145747,7487,2013-03-19,18,CT,4,6.76
218409477,108,51,5126,1073891272,2225,2013-03-20,14,OZ,1,5.49
218409477,108,33,3307,1075480777,610,2013-03-20,14,OZ,1,4.99
218409477,108,30,3010,109099797,13073,2013-03-23,8,OZ,1,2.69
218409477,108,29,2905,107079676,3198,2013-03-24,15,OZ,1,1.59
218409477,108,2,211,104140949,3957,2013-03-24,13.7,OZ,1,2.99
218409477,108,5,501,1088491282,8459,2013-03-24,13,OZ,1,4.69
218409477,108,36,3635,107252171,19411,2013-03-24,33.8,OZ,6,4.98
218409477,108,4,417,103400030,2689,2013-03-24,4.8,OZ,1,3.49
218409477,108,63,6330,1075480777,610,2013-03-25,8,OZ,1,1.19
218409477,108,12,1205,108660080,2559,2013-03-26,3.6,OZ,1,2.35
218410121,116,72,7203,104131040,23609,2012-03-03,50.7,OZ,1,4.79
218410121,116,33,3302,102700020,57417,2012-03-04,4.65,OZ,2,7.58
218410121,116,12,1206,1075480777,610,2012-03-05,5,OZ,4,5.4
218410121,116,5,519,103000030,14760,2012-03-05,15.1,OZ,1,4.49
218410121,116,57,5703,105215959,41981,2012-03-06,6,OZ,3,4.17
218410121,116,58,5826,104022444,54383,2012-03-06,40,OZ,1,9.99
218410121,116,37,3705,104119646,14582,2012-03-09,18.5,OZ,4,11.16
218410121,116,69,6901,101700010,5296,2012-03-09,3.25,OZ,2,9.98
218410121,116,9,902,102840020,17248,2012-03-10,8,OZ,2,7.98
218410121,116,36,3601,101200010,13794,2012-03-10,67.6,OZ,1,1.79
218410121,116,9,914,107246575,33343,2012-03-10,15,OZ,2,7.18
218410121,116,25,2506,105000050,32115,2012-03-11,32,OZ,4,19.96
218410121,116,21,2106,105100050,27873,2012-03-12,64,OZ,5,12.5
218410121,116,9,907,107167373,17480,2012-03-12,13,OZ,3,5.97
218410121,116,81,8115,107033070,1783,2012-03-14,1,CT,1,4.99
218410121,116,1,104,101500010,7142,2012-03-15,32,OZ,1,2.69
218410121,116,5,517,101862717,9496,2012-03-15,7.2,OZ,1,4.19
218410121,116,33,3302,102700020,57417,2012-03-15,8.6,OZ,1,3.79
218410121,116,53,5307,107062575,29352,2012-03-15,16,OZ,1,2.79
218410121,116,56,5617,1075480777,610,2012-03-16,12,OZ,2,6.18
218410121,116,5,516,101600010,12426,2012-03-16,8.9,OZ,1,3.99
218410121,116,5,502,103800030,9543,2012-03-18,8,OZ,1,3.29
218410121,116,5,516,101600010,12426,2012-03-18,7.4,OZ,2,7.98
218410121,116,26,2629,104303242,11116,2012-03-19,400,CT,1,4.79
218410121,116,9,908,107203070,5812,2012-03-20,8.25,OZ,3,13.47
218410121,116,36,3635,104150848,27294,2012-03-21,25.3,OZ,1,1.99
218410121,116,26,2609,101370010,8154,2012-03-21,60,CT,1,3.79
218410121,116,11,1113,104345444,10440,2012-03-22,12,OZ,1,4.29
218410121,116,30,3010,104133545,43106,2012-03-24,9,OZ,1,2.59
218410121,116,59,5910,103377636,16650,2012-03-24,13,OZ,1,4.99
218410121,116,95,9518,1066152666,25075,2012-03-25,1,CT,1,2.99
218410121,116,73,7344,1030076636,18877,2012-03-26,36,CT,1,3.99
218410121,116,99,9909,107127979,6732,2012-03-28,9,OZ,3,9.47
218410121,116,29,2925,101740010,3008,2012-03-30,48,OZ,1,4.49
218410121,116,30,3010,104133545,43106,2012-03-30,16,OZ,1,4.49
218410121,116,9,902,102840020,17248,2012-04-01,8,OZ,2,7.98
218410121,116,26,2630,103600030,9787,2012-04-01,75,CT,2,4.9
218410121,116,2,201,1064420969,5345,2012-04-02,18.25,OZ,1,1.89
218410121,116,5,502,101600010,86101,2012-04-03,5,OZ,1,3.29
218410121,116,5,501,101862717,9496,2012-04-05,13.4,OZ,1,3.49
218410121,116,7,709,109955595,7661,2012-04-07,3.7,OZ,1,8.99
218410121,116,26,2629,103770030,3447,2012-04-07,40,CT,1,2.35
218410121,116,9,907,104500040,1574,2012-04-08,16,OZ,1,3.69
218410121,116,36,3635,104150848,27294,2012-04-08,66.9,OZ,1,4.99
218410121,116,33,3313,107260070,8245,2012-04-08,8.5,OZ,1,2.99
218410121,116,21,2105,105200050,7054,2012-04-08,72,OZ,1,4.79
218410121,116,7,707,1075480777,610,2012-04-09,33,OZ,1,10.49
218410121,116,26,2614,103700030,514,2012-04-11,34,CT,1,4.19
218410121,116,9,920,103010030,9530,2012-04-14,11,OZ,3,9.87
218410121,116,34,3405,101111111,2966,2012-04-14,12.6,OZ,1,3.99
218410121,116,99,9904,105410757,33170,2012-04-15,80,OZ,1,8.99
218410121,116,26,2613,103600030,8583,2012-04-16,27,CT,1,10.99
218410121,116,28,2803,10930090,12157,2012-04-16,10,OZ,1,2.49
218410121,116,9,918,1068386666,4713,2012-04-17,5.3,OZ,1,3.29
218410121,116,26,2630,1075480777,610,2012-04-18,160,CT,2,3.18
218410121,116,36,3626,104900040,17186,2012-04-20,144,OZ,1,5.89
218410121,116,57,5704,1075480777,610,2012-04-22,32,OZ,1,3.19
218410121,116,5,501,101600010,6283,2012-04-23,14.25,OZ,1,4.99
218410121,116,35,3506,103700030,3068,2012-04-23,12.7,OZ,1,6.49
218410121,116,31,3101,107032878,13014,2012-04-24,6,OZ,1,4.99
218410121,116,58,5825,104450040,8318,2012-04-24,13,OZ,1,4.49
218410121,116,71,7113,107940070,17521,2012-04-25,22.5,OZ,1,1.95
218410121,116,4,418,104000040,26517,2012-04-25,12.6,OZ,1,3.69
218410121,116,23,2310,104116444,27731,2012-04-25,16,OZ,6,22.74
218410121,116,53,5307,101450010,20864,2012-04-26,16,OZ,1,3.39
218410121,116,31,3101,105210050,11382,2012-04-26,2.5,OZ,1,3.99
218410121,116,13,1306,104030040,8145,2012-04-27,5,LB,1,3.19
218410121,116,51,5134,104227242,648,2012-04-27,6,OZ,1,4.69
218410121,116,53,5305,1075480777,610,2012-04-28,10,OZ,8,10.32
218410121,116,16,1604,1075480777,610,2012-05-02,20,CT,1,1.29
218410121,116,26,2628,103700030,2248,2012-05-03,6,RL,1,11.49
218410121,116,11,1102,1072277676,17117,2012-05-04,400,CT,1,9.49
218410121,116,99,9908,107266878,52135,2012-05-07,18,OZ,1,2.99
218410121,116,33,3310,101566515,22310,2012-05-08,4,OZ,1,2.79
218410121,116,9,902,102410020,44209,2012-05-09,11.5,OZ,2,9.58
218410121,116,58,5812,107577777,7981,2012-05-10,16,OZ,1,3.99
218410121,116,63,6328,107590070,2073,2012-05-12,24,OZ,1,4.49
218410121,116,8,805,104115343,15915,2012-05-13,19,OZ,1,4.49
218410121,116,53,5307,101450010,20864,2012-05-13,12,OZ,3,9.77
218410121,116,32,3204,104173646,6305,2012-05-14,50.7,OZ,1,8.99
218410121,116,36,3601,101200010,13794,2012-05-17,101.4,OZ,1,3.69
218410121,116,58,5831,107232272,27348,2012-05-17,20.8,OZ,3,14.67
218410121,116,71,7102,1030813737,1121,2012-05-19,12,OZ,1,7.49
218410121,116,2,202,101600010,1756,2012-05-19,18.4,OZ,1,2.69
218410121,116,9,901,102750020,837,2012-05-20,8.75,OZ,1,3.59
218410121,116,8,809,101300010,8164,2012-05-22,12,OZ,5,10.75
218410121,116,51,5126,101380010,27474,2012-05-23,6,OZ,1,4.69
218410121,116,57,5705,107047070,20230,2012-05-24,6,OZ,17,17
218410121,116,35,3504,103500030,13470,2012-05-27,10,OZ,1,2.15
218410121,116,7,708,1078535777,24311,2012-05-28,12,OZ,2,22.98
218410121,116,36,3605,104300040,17997,2012-05-29,192,OZ,1,3.99
218410121,116,26,2626,101258717,7245,2012-05-31,1,CT,1,1.95
218410121,116,63,6315,1075480777,610,2012-05-31,128,OZ,4,14.71
218410121,116,56,5614,107104070,76668,2012-06-02,12,OZ,1,5.99
218410121,116,32,3204,1070695070,20990,2012-06-02,101,OZ,4,63.96
218410121,116,4,421,107046272,17815,2012-06-05,8,OZ,1,2.19
218410121,116,18,1827,103700030,6236,2012-06-06,9.7,OZ,2,8.38
218410121,116,33,3310,101566515,22310,2012-06-08,4,OZ,1,2.79
218410121,116,17,1703,103500030,6073,2012-06-10,28,OZ,1,2.75
218410121,116,31,3101,105210050,11382,2012-06-10,4.41,OZ,1,4.69
218410121,116,57,5710,105215959,41981,2012-06-10,5.3,OZ,1,2.29
218410121,116,63,6330,1075480777,610,2012-06-11,32,OZ,2,10.98
218410121,116,4,427,10980090,18366,2012-06-11,1,OZ,2,2.58
218410121,116,58,5824,102836424,14418,2012-06-12,16,OZ,2,8.98
218410121,116,99,9908,107878373,26033,2012-06-15,16,OZ,1,1.99
218410121,116,18,1890,105209252,43069,2012-06-17,1,CT,1,3.99
218410121,116,99,9909,107127979,6732,2012-06-18,9,OZ,4,12.56
218410121,116,63,6320,1075480777,610,2012-06-18,12,CT,8,17.72
218410121,116,2,201,1064420969,5345,2012-06-19,16.5,OZ,1,1.89
218410121,116,97,9744,107357777,182,2012-06-22,2,CT,1,2.99
218410121,116,26,2608,1075480777,610,2012-06-23,96,CT,1,3.49
218410121,116,17,1703,1075480777,610,2012-06-25,32,OZ,1,2.49
218410121,116,4,416,103400030,2689,2012-06-26,3.5,OZ,1,1.89
218410121,116,35,3507,105170050,6335,2012-06-29,16,OZ,1,8.99
218410121,116,23,2310,1073948373,67028,2012-07-01,16,OZ,2,10.68
218410121,116,9,907,1075480777,610,2012-07-02,12,OZ,5,7.95
218410121,116,9,902,101410010,45039,2012-07-03,30,OZ,1,8.49
218410121,116,57,5703,105215959,41981,2012-07-04,6,OZ,2,2.78
218410121,116,28,2805,1075480777,610,2012-07-04,7,OZ,1,2.85
218410121,116,99,9909,1075480777,28605,2012-07-06,32,OZ,1,6.49
218410121,116,14,1416,1075480777,610,2012-07-07,29,OZ,2,4.58
218410121,116,36,3618,104900040,23359,2012-07-07,96,OZ,2,9.38
218410121,116,58,5827,103760030,8501,2012-07-07,16,OZ,1,5.99
218410121,116,41,4108,102880020,7907,2012-07-07,15.5,OZ,2,3.1
218410121,116,92,9202,1072297474,11177,2012-07-09,1,CT,1,0.89
218410121,116,99,9909,107127979,6732,2012-07-10,10.5,OZ,1,3.99
218410121,116,14,1416,102400020,4704,2012-07-11,14.5,OZ,2,4.78
218410121,116,41,4108,107079676,3198,2012-07-14,19,OZ,1,1.65
218410121,116,73,7357,104131040,23609,2012-07-14,100,CT,1,3.69
218410121,116,5,501,1075480777,610,2012-07-14,12.8,OZ,2,5.5
218410121,116,7,707,104300040,7161,2012-07-14,12,OZ,1,8.99
218410121,116,5,501,104131040,23609,2012-07-14,15,OZ,1,2.45
218410121,116,51,5116,1075480777,610,2012-07-16,28.2,OZ,1,6.49
218410121,116,97,9753,1020111828,0,2012-07-18,1,CT,1,5.39
218410121,116,36,3618,101200010,23361,2012-07-23,67.6,OZ,8,14.32
218410121,116,31,3101,105210050,11382,2012-07-24,4,OZ,1,5.49
218410121,116,26,2633,105400050,16048,2012-07-25,1,RL,3,3.75
218410121,116,33,3318,107797575,27417,2012-07-25,10,OZ,2,5.98
218410121,116,4,418,103400030,452,2012-07-29,11.3,OZ,1,4.69
218410121,116,58,5831,107232272,27348,2012-07-29,20.8,OZ,1,4.89
218410121,116,10,1010,105150050,16728,2012-08-01,20,OZ,1,3.19
218410121,116,99,9908,103338333,33170,2012-08-02,32,OZ,1,2.49
218410121,116,16,1604,102200020,6021,2012-08-06,15,CT,1,1.29
218410121,116,36,3618,104900040,23359,2012-08-08,67.6,OZ,4,7.56
218410121,116,5,501,103800030,6796,2012-08-09,2.1,OZ,6,7.74
218410121,116,33,3302,103377636,16650,2012-08-09,12,OZ,1,3.79
218410121,116,37,3705,104119646,14582,2012-08-11,18.6,OZ,1,2.69
218410121,116,21,2119,101200010,10522,2012-08-11,18.5,OZ,10,14.9
218410121,116,99,9908,103338333,33170,2012-08-12,16,OZ,2,3
218410121,116,33,3319,102840020,10241,2012-08-15,9,OZ,1,3.99
218410121,116,8,830,107461575,65031,2012-08-18,7,OZ,1,2.99
218410121,116,96,9609,10990000090,88199,2012-08-21,0,,3,13.49
218410121,116,56,5620,104610040,15889,2012-08-22,8,OZ,1,3.99
218410121,116,4,416,104000040,26517,2012-08-27,1.14,OZ,1,1.49
218410121,116,97,9753,1063204565,0,2012-08-31,1,CT,3,8.97
218410121,116,32,3202,1075480777,610,2012-09-02,32,OZ,2,5.18
218410121,116,57,5703,1075480777,610,2012-09-03,6,OZ,4,3.32
218410121,116,9,907,107246575,33343,2012-09-04,15,OZ,1,4.49
218410121,116,58,5832,107274575,13804,2012-09-05,12,OZ,1,4.49
218410121,116,49,4901,107271474,11375,2012-09-06,26,OZ,1,4.29
218410121,116,5,517,107203070,5812,2012-09-06,9,OZ,2,5.38
218410121,116,39,3903,104300040,10654,2012-09-07,24,OZ,1,2.99
218410121,116,8,801,101300010,8164,2012-09-07,101,OZ,1,7.49
218410121,116,26,2629,1075480777,610,2012-09-09,100,CT,1,1.75
218410121,116,30,3010,107062575,29352,2012-09-09,12,OZ,1,2.75
218410121,116,45,4511,102370020,18969,2012-09-13,25,OZ,1,9.49
218410121,116,29,2914,102100020,9886,2012-09-13,5.5,OZ,2,3.9
218410121,116,15,1506,107102272,11145,2012-09-14,4,OZ,2,6.98
218410121,116,33,3318,107797575,27417,2012-09-16,16,OZ,1,3.29
218410121,116,28,2805,107321474,11575,2012-09-17,9.5,OZ,1,8.49
218410121,116,33,3318,1075480777,610,2012-09-17,24,OZ,1,4.99
218410121,116,3,302,103400030,8247,2012-09-20,12,OZ,2,6.58
218410121,116,33,3303,104178040,19154,2012-09-20,8,OZ,1,3.69
218410121,116,4,419,1074759979,7168,2012-09-22,4.63,OZ,1,3.99
218410121,116,36,3604,1075480777,610,2012-09-23,33.8,OZ,3,2.07
218410121,116,4,418,103400030,452,2012-09-24,4.8,OZ,1,1.89
218410121,116,9,908,107203070,5812,2012-09-27,15,OZ,2,8.98
218410121,116,36,3635,104150848,27294,2012-10-01,40.5,OZ,2,9.38
218410121,116,19,1910,10980090,12851,2012-10-04,13,OZ,1,4.99
218410121,116,41,4108,104119646,14582,2012-10-04,19,OZ,1,1.39
218410121,116,63,6311,102500020,16489,2012-10-07,59,OZ,1,3.79
218410121,116,5,517,103800030,69260,2012-10-07,10.4,OZ,1,3.99
218410121,116,56,5615,107592575,4368,2012-10-09,8,OZ,1,3.69
218410121,116,51,5125,101380010,10271,2012-10-11,10.5,OZ,2,9.38
218410121,116,36,3601,104900040,3809,2012-10-11,67.6,OZ,1,1.89
218410121,116,97,9753,1023556626,0,2012-10-13,1,CT,2,6.98
218410121,116,56,5620,1075480777,610,2012-10-13,8,OZ,1,3.49
218410121,116,9,910,101410010,13791,2012-10-15,7.5,OZ,1,2.99
218410121,116,9,907,107130575,11013,2012-10-16,20,OZ,2,7.98
218410121,116,9,922,1077098171,94010,2012-10-17,8.8,OZ,1,3.49
218410121,116,4,419,107022171,18468,2012-10-18,3.52,OZ,1,2.15
218410121,116,63,6320,1071514171,25530,2012-10-20,18,CT,2,9.98
218410121,116,15,1504,104114343,17593,2012-10-24,6,OZ,2,5.98
218410121,116,51,5125,102580020,16668,2012-10-24,9,OZ,4,13.56
218410121,116,18,1802,104667747,13970,2012-10-24,2,CT,4,12.76
218410121,116,9,922,1077098171,94010,2012-10-25,8.8,OZ,1,3.69
218410121,116,59,5910,103377636,16650,2012-10-25,13,OZ,2,9.48
218410121,116,9,902,104400040,12279,2012-10-26,16.5,OZ,1,3.59
218410121,116,63,6315,104138343,10091,2012-10-26,32,OZ,7,18.83
218410121,116,15,1504,1075480777,610,2012-10-27,20,OZ,2,7.98
218410121,116,19,1906,107240070,14199,2012-10-28,10,OZ,3,9.27
218410121,116,17,1726,101920010,10882,2012-10-28,50,CT,1,7.49
218410121,116,63,6317,104157040,2017,2012-10-29,64,OZ,1,3.99
218410121,116,4,416,104000040,56360,2012-10-30,2.13,OZ,1,1.49
218410121,116,63,6305,101630010,6509,2012-11-02,59,OZ,1,4.29
218410121,116,8,810,104150040,6714,2012-11-03,1.75,OZ,3,4.47
218410121,116,34,3411,103500030,8919,2012-11-05,15,OZ,1,5.49
218410121,116,8,818,1075480777,610,2012-11-05,24,OZ,1,2.39
218410121,116,95,9518,106700868,25075,2012-11-08,1,CT,2,7.98
218410121,116,3,304,105210050,11382,2012-11-08,1,OZ,2,10.98
218410121,116,33,3305,102840020,18584,2012-11-11,13,OZ,2,7.98
218410121,116,9,917,104335444,25412,2012-11-12,16,OZ,1,2.49
218410121,116,99,9908,1064963262,4983,2012-11-13,2.75,OZ,2,3
218410121,116,63,6305,1075480777,610,2012-11-13,89,OZ,1,4.69
218410121,116,18,1898,104133343,5379,2012-11-14,8,CT,1,8.29
218410121,116,26,2630,106343565,16050,2012-11-15,70,CT,3,5.19
218410121,116,36,3635,106150060,19411,2012-11-16,33.8,OZ,1,0.83
218410121,116,5,501,103800030,4086,2012-11-17,12,OZ,1,3.59
218410121,116,12,1206,107079676,3198,2012-11-20,5,OZ,2,5.98
218410121,116,26,2628,103700030,2248,2012-11-20,8,RL,3,26.97
218410121,116,63,6312,101405414,12973,2012-11-22,12,OZ,1,2.59
218410121,116,56,5620,102100020,9886,2012-11-25,8,OZ,1,3.99
218410121,116,18,1802,104667747,13970,2012-11-25,4,CT,2,7.58
218410121,116,14,1417,107045070,17674,2012-11-27,25,OZ,1,3.49
218410121,116,40,4005,104100040,10522,2012-11-28,1.2,OZ,1,4.99
218410121,116,63,6315,1074236575,8499,2012-11-30,64,OZ,1,5.49
218410121,116,37,3709,107066272,12673,2012-12-01,18,OZ,2,4.98
218410121,116,18,1828,107092272,19905,2012-12-02,2.96,OZ,1,4.49
218410121,116,33,3308,102840020,3336,2012-12-02,3.75,OZ,2,4.58
218410121,116,99,9908,103260131,5489,2012-12-03,16,OZ,6,14.94
218410121,116,36,3618,101200010,23361,2012-12-04,67.6,OZ,2,3.58
218410121,116,56,5616,104610040,15889,2012-12-04,7,OZ,1,4.99
218410121,116,33,3303,102840020,10241,2012-12-08,10.5,OZ,5,21.45
218410121,116,97,9753,104716747,0,2012-12-09,1,CT,1,4.99
218410121,116,19,1905,105150050,16728,2012-12-10,20,OZ,1,3.19
218410121,116,9,918,101410010,13791,2012-12-10,6.75,OZ,1,3.49
218410121,116,56,5615,107835474,2675,2012-12-11,8,OZ,1,4.19
218410121,116,4,416,104000040,26517,2012-12-11,1.74,OZ,1,1.49
218410121,116,5,516,101600010,12426,2012-12-16,8.9,OZ,2,7.18
218410121,116,41,4110,103940030,71386,2012-12-17,16,OZ,3,6.27
218410121,116,63,6315,104138343,10091,2012-12-17,32,OZ,2,5.38
218410121,116,59,5906,104060040,26155,2012-12-18,15,OZ,1,3.99
218410121,116,25,2507,1074236575,8499,2012-12-19,48,OZ,1,7.49
218410121,116,3,304,1075480777,610,2012-12-21,1,OZ,1,2.35
218410121,116,33,3309,102840020,18584,2012-12-22,20,OZ,2,9.98
218410121,116,9,914,101410010,13791,2012-12-23,13.9,OZ,3,10.47
218410121,116,26,2607,101090010,15232,2012-12-23,1,CT,2,3.5
218410121,116,60,6001,101800010,14029,2012-12-23,11,OZ,2,8.58
218410121,116,56,5604,107027777,1008,2012-12-23,6,OZ,1,4.99
218410121,116,44,4401,105100050,13791,2012-12-23,19.6,OZ,1,6.49
218410121,116,97,9753,107357474,0,2012-12-24,1,CT,1,3.99
218410121,116,58,5823,103760030,8501,2012-12-29,8,OZ,1,4.49
218410121,116,1,106,101500010,7142,2012-12-29,7,OZ,12,16.2
218410121,116,19,1905,104180040,19713,2013-01-01,22,OZ,1,2.95
218410121,116,36,3631,107800070,23209,2013-01-04,144,OZ,1,5.49
218410121,116,37,3704,104800141,9814,2013-01-05,2.1,OZ,1,1.69
218410121,116,26,2630,107062575,23583,2013-01-10,120,CT,1,1.79
218410121,116,26,2630,103700030,14647,2013-01-11,372,CT,1,6.79
218410121,116,9,902,104400040,15335,2013-01-13,15.1,OZ,1,4.19
218410121,116,27,2701,101113212,491,2013-01-14,13,OZ,1,1
218410121,116,15,1506,107102272,11145,2013-01-18,6,OZ,1,4.99
218410121,116,13,1306,1075480777,610,2013-01-18,5,LB,1,2.09
218410121,116,36,3601,101200010,13794,2013-01-18,101.4,OZ,1,3.99
218410121,116,24,2403,107478575,19183,2013-01-19,5,OZ,2,4.3
218410121,116,56,5618,103377636,16651,2013-01-21,8,OZ,2,7.18
218410121,116,73,7306,1032390030,19348,2013-01-23,1.76,OZ,1,6.49
218410121,116,18,1842,1075480777,610,2013-01-23,1,CT,1,2.75
218410121,116,21,2105,105200050,7054,2013-01-23,32,OZ,1,1.39
218410121,116,56,5615,107062575,29352,2013-01-24,8,OZ,1,4.49
218410121,116,18,1802,104667747,13970,2013-01-25,2,CT,1,3.89
218410121,116,29,2904,101600010,7860,2013-01-27,5.5,OZ,1,2.69
218410121,116,99,9908,103338333,33170,2013-01-29,24,OZ,2,6.98
218410121,116,23,2301,102409424,4649,2013-01-29,16,OZ,2,5.3
218410121,116,58,5831,107274575,13804,2013-01-31,16,OZ,1,5.49
218410121,116,63,6311,104850040,5072,2013-02-01,59,OZ,2,5.98
218410121,116,13,1306,105150050,29007,2013-02-01,2,LB,1,3.99
218410121,116,30,3007,107245777,19570,2013-02-01,12,OZ,1,3.99
218410121,116,82,8201,1070935171,5534,2013-02-03,1,CT,2,19.98
218410121,116,63,6316,107148171,6765,2013-02-03,16,OZ,1,2.89
218410121,116,41,4108,1075480777,610,2013-02-05,40.5,OZ,2,4.7
218410121,116,35,3509,103320030,875,2013-02-05,50,OZ,1,6.49
218410121,116,11,1114,1075480777,610,2013-02-07,16,OZ,2,7.18
218410121,116,35,3509,103320030,875,2013-02-09,50,OZ,1,6.49
218410121,116,2,211,101600010,1910,2013-02-10,20,OZ,1,3.09
218410121,116,63,6319,102073525,18893,2013-02-11,64,OZ,1,2.15
218410121,116,58,5835,107080070,9078,2013-02-17,16,OZ,1,2.99
218410121,116,9,902,104400040,18775,2013-02-17,9,OZ,2,8.58
218410121,116,57,5707,107047070,20230,2013-02-17,12,OZ,1,2.49
218410121,116,63,6308,101630010,6509,2013-02-20,59,OZ,1,4.29
218410121,116,36,3601,104900040,3809,2013-02-21,67.6,OZ,1,1.89
218410121,116,58,5823,104470040,13310,2013-02-22,8,OZ,1,5.99
218410121,116,33,3305,102840020,5141,2013-02-22,11.5,OZ,3,12.87
218410121,116,56,5620,104610040,15889,2013-02-24,7,OZ,1,3.89
218410121,116,43,4302,107027272,15085,2013-02-24,13,OZ,1,5.49
218410121,116,25,2506,105000050,32115,2013-02-27,16,OZ,1,3.29
218410121,116,26,2611,103600030,4814,2013-03-01,18,CT,1,12.99
218410121,116,4,419,1074759979,7168,2013-03-02,3.5,OZ,1,2.69
218410121,116,8,801,1075480777,610,2013-03-03,24,OZ,1,1.75
218410121,116,63,6316,107253070,13753,2013-03-03,8,OZ,3,5.55
218410121,116,40,4004,107231070,1841,2013-03-03,1.37,OZ,1,3.29
218410121,116,16,1604,102200020,13228,2013-03-07,14,CT,2,2.58
218410121,116,30,3008,102100020,9886,2013-03-07,16,OZ,1,3.99
218410121,116,5,501,103800030,24514,2013-03-08,17,OZ,1,4.49
218410121,116,33,3315,104400040,16738,2013-03-10,4.68,OZ,1,4.19
218410121,116,26,2630,103600030,9787,2013-03-12,100,CT,1,1.45
218410121,116,29,2906,107066272,12673,2013-03-13,3.63,OZ,1,1.29
218410121,116,4,418,103400030,9739,2013-03-15,10,OZ,1,4.49
218410121,116,40,4005,107231070,1841,2013-03-18,0.91,OZ,1,3.29
218410121,116,51,5115,104111848,11376,2013-03-19,18.3,OZ,1,5.49
218410121,116,59,5902,103450030,10165,2013-03-21,16,OZ,3,16.47
218410121,116,36,3626,104900040,17186,2013-03-23,67.6,OZ,2,3.78
218410121,116,2,202,104144949,7168,2013-03-23,18,OZ,2,5.98
218410121,116,26,2609,1075480777,610,2013-03-24,100,CT,1,4.49
218410121,116,9,901,104400040,12600,2013-03-26,14,OZ,1,4.99
218412769,108,97,9753,10000,0,2012-10-06,1,CT,1,6.38
218413155,108,82,8201,1075480777,610,2012-09-06,1,CT,1,6.99
218413155,108,63,6315,107060070,29609,2013-01-24,32,OZ,1,1.89
218413155,108,63,6315,107060070,29609,2013-04-15,32,OZ,1,1.89
218436587,108,56,5614,104610040,15889,2012-07-24,12,OZ,1,4.49
218436587,108,8,818,107023474,19354,2012-12-04,25,OZ,3,22.47
218452662,106,7,707,107103878,25424,2012-04-25,10.3,OZ,1,5.99
218452662,106,3,310,1075480777,610,2013-04-24,6,OZ,1,4.49
218467458,106,25,2506,105000050,32115,2013-02-12,16,OZ,2,6.98
218471856,108,8,818,107764474,64256,2013-01-31,24,OZ,1,2.09
218474118,108,36,3612,108265787,4687,2013-01-15,128,OZ,1,1.29
218474118,108,21,2108,1075480777,610,2013-03-09,64,OZ,1,2.39
218483488,116,23,2301,103340030,15802,2012-04-06,16,OZ,1,1.85
218483488,116,8,809,105100050,2820,2012-12-09,10.25,OZ,6,9.9
218483488,116,9,907,107167373,17480,2012-12-29,22,OZ,1,3.39
218483488,116,9,901,102840020,14760,2013-05-05,8.8,OZ,1,3.29
218497267,106,23,2301,1075480777,610,2013-02-07,16,OZ,1,1.35
218502873,108,37,3707,102400020,3843,2012-03-05,32,OZ,2,6.58
218502873,108,26,2634,104200040,14813,2012-07-25,6,RL,1,5.99
218502873,108,25,2509,1075480777,610,2013-03-27,32,OZ,1,2.79
218512645,106,26,2619,101370010,8154,2012-09-22,60,CT,1,13.49
218520809,106,63,6305,102500020,11749,2012-04-01,59,OZ,1,3.59
218524404,106,9,922,107203070,5812,2012-03-03,10.5,OZ,2,12.98
218524404,106,9,908,107203070,5812,2012-03-03,8.25,OZ,2,8.98
218524404,106,27,2705,1082927484,11516,2012-03-04,33,OZ,1,7.99
218524404,106,58,5823,104470040,13310,2012-03-04,8,OZ,1,3.99
218524404,106,41,4108,107062575,29352,2012-03-05,15,OZ,8,11.6
218524404,106,97,9736,104110040,13409,2012-03-06,133,CT,3,5.97
218524404,106,29,2907,104150141,13296,2012-03-08,21.3,OZ,1,4.69
