2240888697,140,36,3601,104900040,3809,2012-03-23,101.4,OZ,1,3.99
2240888697,140,36,3629,104900040,6716,2012-06-08,67.6,OZ,2,1.98
2240888697,140,26,2630,101111010,9907,2012-07-28,100,CT,3,3
2240890297,140,56,5619,102100020,19279,2013-03-21,16,OZ,1,5.29
2240890628,140,8,818,103620030,14868,2012-05-11,23.9,OZ,1,1.35
2240890628,140,29,2907,104600040,13023,2012-10-02,4.6,OZ,1,1.29
2240891456,140,53,5307,102000020,7655,2012-03-11,12,OZ,2,5.98
2240891456,140,21,2117,108768484,2903,2012-11-11,60,OZ,2,5
2240891456,140,29,2905,104112949,3635,2012-12-02,14,OZ,2,3.78
2240891456,140,36,3634,1073951070,16807,2013-01-06,20,OZ,5,5.95
2240898464,140,58,5827,101111010,9907,2012-05-07,16,OZ,1,3.5
2240898464,140,31,3111,104150040,6714,2012-12-24,6,OZ,1,2.99
2240902862,140,16,1604,103400030,8682,2012-12-01,40,CT,2,6
2240902862,140,63,6315,101111010,85048,2013-03-27,64,OZ,1,2.99
2240908194,191,0,0,10000,0,2012-06-18,0,,2,0
2240910541,26,9,905,104300040,17447,2012-09-29,6,OZ,1,2.39
2240910541,26,9,901,104400040,3453,2012-10-20,13.72,OZ,2,4
2240910541,26,63,6330,101111010,9907,2013-01-05,8,OZ,1,1.3
2240910541,26,51,5125,101380010,10271,2013-01-31,8.63,OZ,1,2.99
2240936680,96,26,2622,103003434,7175,2012-06-29,40,CT,1,3.49
2240936680,96,63,6323,103003434,7175,2012-10-16,128,OZ,1,3.99
2240936680,96,14,1405,103003434,7175,2012-10-20,14,OZ,1,1
2240936680,96,9,907,101122515,19197,2012-10-29,11,OZ,1,0.79
2240936680,96,27,2705,107910070,85,2013-03-24,22,OZ,3,6.87
2240937092,96,9,907,103003434,7175,2012-03-19,20,OZ,1,2.29
2240937669,96,60,6001,101800010,14029,2013-02-03,14,OZ,2,6.78
2240937669,96,63,6320,103003434,7175,2013-05-12,12,CT,1,1.65
2240938035,96,56,5609,103003434,7175,2012-04-03,16,OZ,1,2.59
2240938035,96,96,9632,107675070,18637,2012-05-17,1,CT,1,50
2240938035,96,9,901,1018274111,22110,2012-06-19,2.64,OZ,1,3.69
2240938035,96,4,416,102800020,4346,2012-07-15,1.3,OZ,2,2
2240938035,96,7,709,107017777,18928,2012-09-23,1.36,OZ,1,6.99
2240938055,96,4,410,103003434,7175,2012-12-27,9.5,OZ,3,3.27
2240970273,206,53,5307,107056070,14005,2012-06-02,24,OZ,1,3.88
2240983760,46,9,907,101410010,13791,2012-06-27,12,OZ,1,3
2241015270,46,11,1102,104480040,12350,2013-01-10,500,CT,1,3.59
2241015270,46,57,5710,105215959,41981,2013-01-16,5.3,OZ,3,3
2241015270,46,41,4108,104125040,11473,2013-05-26,15.25,OZ,1,0.79
2241036631,14,47,4704,102500020,11749,2013-04-20,12,OZ,3,4.77
2241036631,14,26,2619,102113020,15704,2013-04-30,45,CT,1,6.49
2241044897,88,37,3703,105100050,2820,2012-06-03,10.5,OZ,8,12.72
2241044897,88,9,912,107294575,15878,2013-02-20,20,OZ,1,2.99
2241060858,18,56,5616,104610040,15889,2012-05-04,7.5,OZ,2,3
2241061704,18,17,1703,104129444,14048,2012-09-21,28,OZ,1,2.49
2241354851,233,46,4606,101818414,3848,2012-03-19,40,OZ,3,20.37
2241354979,233,7,707,102550020,6550,2012-03-16,22.6,OZ,1,8.47
2241354979,233,56,5609,104148343,9547,2012-05-13,24,OZ,1,1.99
2241355351,233,5,501,103800030,6796,2012-05-02,26.8,OZ,1,4.75
2241355351,233,36,3618,101200010,23361,2012-05-02,144,OZ,1,4.99
2241365054,42,25,2503,104149747,19710,2012-04-03,16,OZ,1,2.79
2241366160,42,53,5307,104149747,19710,2012-08-11,8,OZ,1,1.19
2241366160,42,3,305,103320030,875,2012-11-14,8,OZ,1,0.55
2241366160,42,9,907,104149747,19710,2012-12-28,12,OZ,1,1.29
2241631820,40,73,7312,1067811262,3668,2012-07-10,0.5,OZ,2,8.38
2241631820,40,33,3313,102840020,6777,2012-09-13,9,OZ,1,2.99
2241631820,40,81,8101,102820020,11186,2013-02-08,1,CT,2,9.06
2241658446,85,36,3611,104900040,4599,2012-07-04,405.6,OZ,1,3.99
2241658446,85,51,5125,107265575,8089,2012-12-30,10.6,OZ,1,1.98
2241659045,85,9,908,107225070,2011,2013-02-17,11.5,OZ,1,1.99
2241661935,85,99,9908,103338333,33170,2012-10-08,16,OZ,1,1.99
2241661935,85,29,2928,104100040,9814,2013-05-16,5.6,OZ,1,1
2241665334,85,53,5307,1060788060,16965,2013-05-11,16,OZ,1,0.99
2241666713,85,63,6315,103680030,3679,2012-07-17,128,OZ,1,3.67
2241666713,85,3,302,103400030,8247,2012-08-11,8,OZ,1,3.49
2241666963,85,26,2633,1060788060,16965,2013-06-16,4,RL,1,2.98
2241667507,85,5,519,1060788060,16965,2012-03-09,15.1,OZ,1,1.9
2241667507,85,9,907,107294575,15878,2012-06-17,20,OZ,1,1.99
2241668551,85,44,4401,104145848,5602,2012-03-26,5.6,OZ,1,2.99
2241668551,85,45,4509,1060788060,16965,2012-04-07,16,OZ,1,4.99
2241669363,85,37,3706,104119646,14582,2012-09-12,18.5,OZ,7,15.34
2241669363,85,33,3311,102840020,27521,2012-10-23,10.5,OZ,2,3.98
2241669363,85,59,5907,102740020,16291,2012-11-21,45,OZ,1,3.59
2241670463,85,53,5307,101450010,20864,2012-03-10,11,OZ,1,1.36
2241670463,85,63,6315,1060788060,16965,2012-06-08,64,OZ,1,2.59
2241670463,85,99,9908,1068896262,53503,2012-07-21,1,CT,1,3
2241671776,85,26,2628,103700030,2248,2012-11-11,2,RL,1,6.99
2241674397,85,45,4513,105115050,56494,2013-01-02,26,OZ,1,1.32
2241674680,85,5,501,103800030,4086,2012-09-28,24,OZ,1,4.17
2241675281,85,9,907,107341070,888,2012-04-27,12,OZ,1,3.69
2241675281,85,60,6001,105000050,30272,2012-11-03,18,OZ,1,3
2241675751,85,27,2709,101780010,19793,2012-05-08,3,OZ,2,2
2241675997,85,26,2617,101090010,15232,2013-05-06,1,CT,1,2.94
2241678540,85,29,2914,102100020,19279,2012-07-08,24,OZ,1,5.19
2241678979,85,36,3630,101200010,23361,2012-07-29,67.6,OZ,7,6.05
2241682526,85,8,818,103620030,14868,2012-08-07,24,OZ,2,1.98
2241682526,85,26,2619,1060788060,16965,2013-01-11,35,CT,1,4.28
2241683903,85,22,2210,107261373,16794,2012-05-22,64,OZ,1,3.69
2241683903,85,2,212,101330010,11211,2013-04-23,7,OZ,1,1
2241685077,85,9,907,1060788060,16965,2012-10-20,12,OZ,1,1.39
2241685740,85,2,212,107029272,20610,2013-05-04,6,OZ,1,0.87
2241685740,85,99,9908,1070935171,5534,2013-05-26,12,OZ,2,3.98
2241686786,85,56,5611,104175747,10216,2013-03-11,6,OZ,1,2.99
2241686891,85,26,2611,103600030,4814,2012-08-19,18,CT,1,12.49
2241696117,240,39,3903,103000030,1058,2012-10-25,24,OZ,1,4.59
2241696117,240,8,810,104140949,3957,2013-03-09,1.2,OZ,1,0.99
2241734940,77,0,0,10000,20405,2012-03-09,0,,2,-3.83
2241734940,77,57,5705,107047070,20230,2012-09-14,6,OZ,10,5
2241734974,77,8,805,105440050,23210,2012-08-30,10,OZ,1,3
2241736388,77,6,610,1061126969,15041,2012-04-29,16,OZ,1,3.68
2241737276,101,29,2914,102100020,9886,2012-03-09,7.25,OZ,4,4.77
2241737276,101,97,9781,10000,8255,2012-04-07,1,CT,1,-0.69
2241737276,101,40,4005,107231070,1841,2012-05-04,0.73,OZ,1,2.99
2241737276,101,58,5823,104450040,8318,2012-11-16,9,OZ,1,3.34
2241737276,101,58,5831,107274575,13804,2013-02-09,24,OZ,1,7.99
2241743873,77,51,5122,107142171,14012,2013-03-04,4.6,OZ,2,4.98
2241756993,68,9,903,102100020,85727,2012-03-13,6,OZ,1,2.99
2241756993,68,99,9909,107127979,6732,2012-11-12,6.5,OZ,1,3.59
2241756993,68,63,6315,1072543979,12469,2013-01-09,64,OZ,1,3.39
2241798271,165,55,5558,104767747,11698,2012-11-10,12,OZ,1,2.34
2241801646,165,8,837,107241272,8376,2012-10-08,16,OZ,1,3.89
2241802802,165,36,3626,104900040,17186,2012-12-16,144,OZ,1,4.99
2241803915,165,56,5621,107203676,7953,2013-05-21,8,OZ,4,7.01
2241808596,26,5,519,103000030,14760,2012-10-17,11.9,OZ,1,2.49
2241810722,151,51,5131,101862717,9496,2012-03-23,11.9,OZ,1,5.99
2241816413,431,5,502,101600010,86101,2012-08-17,5.3,OZ,1,1.88
2241816413,431,9,922,102430020,10577,2012-10-26,13.1,OZ,1,1.58
2241820009,98,49,4901,101111010,9907,2012-03-09,32,OZ,1,1.28
2241820009,98,5,502,101111010,9907,2012-06-17,5.4,OZ,1,1
2241820009,98,60,6010,101111010,9907,2012-12-26,7.5,OZ,2,0.96
2241820009,98,37,3704,101111010,9907,2013-01-01,3.25,OZ,1,1.59
2241837875,140,9,918,101410010,13791,2012-06-08,7.2,OZ,1,2
2241837875,140,29,2914,101600010,1756,2013-01-30,5.6,OZ,3,2.97
2241837875,140,63,6315,101111010,12028,2013-03-14,128,OZ,2,0
2241838516,140,26,2628,101111010,9907,2012-06-15,1,RL,3,3
2241838516,140,73,7307,101111010,9907,2012-08-15,10,CT,2,4.56
2241843660,140,57,5704,103663232,4568,2012-04-06,16,OZ,1,2.18
2241843660,140,5,520,103000030,14760,2012-05-29,42,OZ,1,5.39
2241843660,140,5,501,101111010,9907,2012-08-20,18,OZ,1,2.67
2241844328,140,45,4511,102370020,18969,2012-04-06,25,OZ,1,7.57
2241844528,140,54,5403,107790070,9200,2012-10-31,18,OZ,2,6.98
2241844528,140,36,3638,101906313,6830,2012-12-09,96,OZ,1,2.99
2241844528,140,39,3903,104300040,10654,2013-04-13,24,OZ,1,4.29
2241844579,140,9,917,107373171,11786,2012-04-13,16,OZ,2,4.58
2241845027,140,96,9609,1052570050,88199,2013-03-16,0,,1,-1.5
2241846197,140,21,2118,1073951070,16807,2013-01-03,20,OZ,4,2.76
2241849847,2,51,5125,101380010,10271,2012-03-18,10,OZ,1,3.29
2241858372,143,59,5907,102900020,2012,2012-05-14,16,OZ,1,0.97
2241892503,12,31,3101,108983686,16490,2012-08-25,3.64,OZ,1,6.49
2241894022,140,8,801,101300010,8164,2012-06-30,32,OZ,2,4
2241894022,140,9,904,101111010,9907,2012-09-22,5,OZ,2,2
2241894343,140,55,5567,107979272,14419,2012-10-03,15,OZ,1,2.5
2241894343,140,40,4005,107695070,23056,2012-12-22,1.12,OZ,1,4.69
2241894574,140,9,901,104400040,8463,2013-03-18,10,OZ,1,3.59
2241896142,140,75,7501,1030029939,3224,2012-06-08,16,OZ,1,12.07
2241896142,140,63,6315,101111010,12028,2012-09-04,128,OZ,1,2.49
2241897797,140,26,2608,101111010,9907,2013-05-11,180,CT,1,5.49
2241897852,140,58,5837,101111010,9907,2012-04-14,2.1,OZ,2,6.98
2241897852,140,29,2928,101530010,58299,2012-04-28,6.2,OZ,2,1.76
2241897852,140,73,7318,1081506686,79127,2012-08-11,32,CT,1,11.49
2241898692,140,97,9748,107033070,1783,2012-11-07,10,CT,1,3.99
2241898692,140,9,914,101111010,16706,2013-03-31,12,OZ,3,3
2241898692,140,63,6305,104850040,18799,2013-06-10,89,OZ,1,5.39
2241899254,140,41,4107,101111010,9907,2013-03-04,15.25,OZ,2,1.58
2241901252,140,99,9904,1081204989,27736,2012-09-16,1,CT,1,3.49
2241901252,140,33,3305,104886747,9327,2012-09-16,15,OZ,1,2.19
2241901252,140,44,4404,107002272,15242,2012-12-23,48,OZ,1,3.5
2241902522,140,41,4107,102400020,4704,2012-09-01,15.25,OZ,2,2
2241902522,140,51,5121,104369545,8522,2012-10-30,9,OZ,2,4.68
2241902522,140,16,1604,102200020,5558,2012-12-22,54,CT,1,2.69
2241903588,140,97,9709,101111010,12987,2012-03-05,1,CT,1,1.39
2241903588,140,58,5827,101111010,9907,2013-01-05,16,OZ,2,8.58
2241904355,140,51,5127,103100030,1358,2012-10-01,8,OZ,1,1
2241904355,140,8,803,101111010,9907,2012-11-18,14,OZ,1,1.19
2241905235,140,33,3303,102840020,10241,2012-04-03,10.5,OZ,1,2.99
2241905235,140,63,6305,101111010,9907,2013-05-11,128,OZ,1,1.49
2241905998,140,0,0,10000,0,2012-11-13,0,,2,0
2241913634,2,9,908,104157343,14907,2013-03-24,5,OZ,1,4.99
2241916870,191,0,0,10000,0,2012-11-03,0,,1,0
2241916870,191,58,5825,101111010,9907,2012-11-28,14,OZ,2,7
2241916870,191,33,3313,102840020,15598,2013-01-04,15,OZ,1,4.49
2241919118,63,63,6315,102830020,16257,2013-03-09,12,OZ,1,1.29
2241984788,96,45,4516,107708373,15508,2012-05-28,32,OZ,1,6.99
2241986287,96,58,5812,107389070,17549,2012-03-25,48,OZ,1,5.59
2241986287,96,55,5567,107585676,9798,2012-07-14,24,OZ,1,3.5
2241986287,96,63,6320,103003434,7175,2012-08-15,12,CT,1,0.99
2241986287,96,26,2622,101090010,15232,2013-02-03,4,CT,1,2.29
2241986287,96,8,838,101300010,8164,2013-02-16,12.5,OZ,1,2.79
2241986287,96,62,6201,107349171,9883,2013-03-09,22,OZ,1,3.29
2241986287,96,26,2633,103003434,7175,2013-04-07,4,RL,1,2.99
2241986287,96,17,1712,101920010,15197,2013-04-09,22,OZ,2,11.38
2241986831,96,63,6315,102047121,55078,2012-03-16,128,OZ,1,3.98
2241986831,96,36,3627,101200010,16391,2012-05-19,144,OZ,1,3.25
2241986831,96,56,5614,102100020,9886,2012-11-29,12,OZ,1,2.99
2242015952,214,97,9753,1020403323,0,2012-09-11,1,CT,1,1
2242015952,214,97,9753,1020401121,0,2012-11-20,1,CT,1,1.16
2242015952,214,63,6311,108259282,12297,2013-02-08,15.2,OZ,1,2.97
2242093613,46,73,7304,1071928373,11473,2012-09-18,18,CT,1,2.49
2242118266,46,99,9908,103338333,33170,2012-03-20,16,OZ,2,3
2242118266,46,73,7349,1030008838,26895,2012-08-18,120,CT,1,10.49
2242118266,46,97,9753,1085356181,0,2012-11-15,1,CT,1,2.5
2242129064,46,36,3604,107800070,16023,2012-05-07,33.8,OZ,2,2.5
2242129064,46,37,3707,105100050,17812,2012-08-24,14.5,OZ,2,2.3
2242155822,46,33,3305,102840020,18584,2012-11-03,10,OZ,1,2.5
2242185733,46,57,5705,103663232,4568,2012-05-21,24,OZ,2,3.76
2242185733,46,58,5823,1071928373,11473,2012-06-12,9,OZ,2,5
2242245666,14,51,5126,1073891272,2225,2013-03-15,14,OZ,1,2.5
2242249244,3,99,9909,102113020,15704,2012-05-01,18,OZ,1,2.99
2242249244,3,97,9753,1076163575,0,2012-11-21,1,CT,2,5.98
2242249244,3,65,6503,1061278161,11151,2012-12-22,16,OZ,1,3.5
2242249244,3,63,6330,102113020,10786,2013-01-27,16,OZ,1,2.79
2242249244,3,9,907,102113020,15704,2013-03-31,12,OZ,2,3
2242280580,17,60,6001,101800010,14029,2012-10-17,11,OZ,2,5
2242297619,88,95,9518,1072047373,7848,2012-09-08,1,CT,1,0.99
2242297619,88,97,9707,102570020,20361,2012-10-21,4,CT,1,2.99
2242297619,88,57,5704,107283070,18390,2012-12-01,6,OZ,1,0.59
2242297619,88,51,5131,103879434,3166,2013-03-03,11,OZ,1,4.19
2242298365,88,41,4107,107321474,11575,2012-09-29,6.5,OZ,1,2.59
2242341444,360,55,5558,102983929,6763,2012-08-21,6,OZ,1,1.5
2242341444,360,56,5607,102100020,13967,2013-01-18,8,OZ,1,2.69
2242344474,360,97,9732,1067341969,10312,2012-09-03,1,CT,1,8.99
2242344474,360,22,2210,103700030,5174,2013-03-10,103,OZ,1,10.79
2242347064,360,33,3307,1079042979,22943,2013-01-13,8,OZ,1,3.99
2242912006,233,60,6001,101800010,14029,2012-11-29,30,OZ,1,2.99
2242912167,233,56,5609,104148343,9547,2012-03-06,22,OZ,2,5
2242912167,233,45,4514,104113040,6165,2012-10-11,48,OZ,1,4.5
2242916407,233,9,907,104113040,4191,2012-06-19,24,OZ,1,1.73
2242916407,233,8,817,102700020,8612,2012-07-31,24,OZ,6,6
2242916407,233,3,302,102800020,30272,2012-09-25,12,OZ,2,5
2242916407,233,29,2914,102100020,9886,2013-04-23,7.25,OZ,3,3
2242934521,42,36,3634,1078616272,7237,2012-11-14,20,OZ,10,15.9
2242935007,42,95,9518,106700868,25075,2012-05-02,1,CT,1,2.79
2242935007,42,9,907,107341070,888,2012-05-06,12,OZ,1,3.99
2242935007,42,27,2709,105849656,18139,2012-07-15,3,OZ,1,1.59
2242935007,42,36,3612,104149747,19710,2013-02-16,384,OZ,2,5.58
2242936407,42,99,9908,1071651979,11085,2012-03-03,12,OZ,1,2.99
2242936407,42,37,3708,104100040,10522,2012-06-03,4.5,OZ,1,1.19
2242936407,42,38,3801,104149747,19710,2012-12-30,4,LB,1,2.69
2243077036,307,9,913,104812141,18322,2012-05-02,12,OZ,1,3.99
2243077036,307,41,4105,102700020,8612,2012-09-04,14.5,OZ,4,5
2243077036,307,9,901,104400040,3453,2012-12-03,13,OZ,1,2.99
2243123875,180,9,908,103922636,35385,2012-05-21,13,OZ,2,5
2243123875,180,36,3630,107800070,5208,2012-06-16,67.6,OZ,1,1.89
2243156704,24,36,3601,104900040,3809,2012-05-09,240,OZ,2,13.98
2243156704,24,63,6311,102500020,16489,2012-06-13,59,OZ,1,4.29
2243156704,24,9,901,104400040,3453,2013-05-15,13,OZ,1,3.29
2243307839,510,12,1205,108000080,17292,2012-07-14,2.6,OZ,2,2.74
2243319591,510,73,7347,1030076636,12640,2012-05-03,160,CT,2,129.98
2243319591,510,18,1842,102120020,16044,2013-02-02,1,CT,1,3.39
2243380357,508,97,9786,1060958565,13970,2013-01-22,1,CT,1,14.29
2243456481,85,58,5823,104470040,13310,2012-03-17,7,OZ,1,3.33
2243457648,85,55,5567,107756777,93410,2012-06-09,19.2,OZ,2,6.56
2243457648,85,44,4404,1074816272,16521,2013-04-15,15.8,OZ,1,3.99
2243458660,85,39,3903,103057636,670,2012-10-02,16,OZ,1,9.59
2243458771,85,9,902,104400040,19783,2012-03-24,8,OZ,1,2.5
2243458771,85,56,5616,1060788060,16965,2012-06-15,8,OZ,1,2.29
2243458771,85,51,5121,104369545,8522,2012-09-15,9,OZ,2,3.76
2243460493,85,51,5126,101380010,27474,2012-03-13,14,OZ,1,3.63
2243460493,85,55,5552,1060788060,16965,2013-03-14,56,OZ,2,8.98
2243462171,85,57,5710,107047070,20230,2012-11-21,12,OZ,1,2.99
2243462857,85,33,3316,102840020,12186,2012-07-18,8,OZ,1,3
2243462857,85,16,1604,102200020,13228,2013-04-07,55,CT,1,3.49
2243463348,85,11,1112,1075928373,2083,2013-01-24,12,OZ,1,4.09
2243466842,21,8,801,101300010,8164,2012-05-05,32,OZ,1,3.49
2243469244,240,51,5130,101380010,27474,2012-12-11,12.5,OZ,1,2.5
2243471781,278,55,5557,107756777,11005,2012-04-04,10.14,OZ,1,4.39
2243486085,101,96,9609,1052066252,88199,2013-04-28,0,,1,-1
2243486085,101,36,3604,1068826767,81691,2013-05-23,33.8,OZ,1,0.59
2243487630,101,21,2117,108768484,2903,2012-06-26,60,OZ,1,2.5
2243487696,101,58,5831,107274575,13804,2012-09-17,24,OZ,1,9.99
2243489114,101,0,0,10000,20405,2012-07-08,0,,2,-18.53
2243489114,101,49,4901,101312010,26885,2012-07-15,22,OZ,1,3
2243489114,101,33,3304,102840020,6777,2013-01-13,10.5,OZ,1,3.2
2243511820,65,54,5403,107229070,18158,2013-06-09,29,OZ,1,7.69
2243517883,64,18,1813,107535373,5324,2012-04-15,1,RL,1,1.49
2243517883,64,63,6316,102100020,2321,2012-04-15,8,OZ,1,1.49
2243517883,64,97,9753,1023807020,0,2012-11-18,1,CT,1,2.86
2243520817,165,63,6305,102500020,11749,2012-07-03,59,OZ,1,2.77
2243520817,165,63,6317,1074447373,16798,2012-08-23,64,OZ,1,3.19
2243530750,211,9,908,107203070,5812,2012-07-19,18.5,OZ,1,5.29
2243554473,140,5,516,103000030,14760,2012-05-19,6.7,OZ,1,1.99
2243554473,140,56,5621,101111010,9907,2013-01-10,16,OZ,1,4.99
2243554888,140,40,4004,107017777,18928,2012-03-25,1.41,OZ,1,3.19
2243555614,140,25,2506,105000050,32115,2012-12-23,32,OZ,1,2.99
2243555614,140,37,3703,105100050,2820,2013-01-21,10.75,OZ,1,0.79
2243555614,140,29,2928,101111010,9907,2013-03-02,5.7,OZ,1,0.79
2243555614,140,26,2614,103700030,514,2013-06-06,28,CT,1,5.79
2243555614,140,75,7501,104589343,17521,2013-07-13,18,OZ,1,2.5
2243556553,140,9,907,1087668181,58343,2013-03-20,8.8,OZ,2,5.98
2243556553,140,97,9736,102316727,5507,2013-03-24,1,CT,1,2.24
2243604791,96,25,2509,103450030,10165,2012-03-08,16,OZ,1,1.99
2243604791,96,28,2806,105410050,19509,2013-01-18,16,OZ,1,3.49
2243605988,96,33,3318,107027171,668,2012-04-27,24,OZ,1,5.39
2243605988,96,45,4511,102370020,18969,2012-12-17,13.25,OZ,1,3
2243615274,214,56,5614,104171646,6769,2013-04-07,10,OZ,1,2.98
2243627582,214,11,1102,104122040,20514,2013-03-10,200,CT,1,1.5
2243627582,214,29,2908,101760010,3054,2013-04-27,16,OZ,1,0.78
2243629125,214,41,4107,104122040,20514,2012-11-04,14.5,OZ,2,1
2243629125,214,97,9753,1022034424,0,2013-03-23,1,CT,1,7.43
2243635635,214,99,9904,103338333,33170,2012-05-30,32,OZ,1,2.98
2243635635,214,51,5117,104280040,18599,2012-11-09,9.8,OZ,2,2.5
2243635635,214,63,6315,104122040,20514,2013-02-22,128,OZ,1,3.08
2243644730,206,9,902,101410010,45039,2012-09-26,7.2,OZ,1,2.39
2243644730,206,38,3801,108685484,10218,2012-11-28,4,LB,1,2.58
2243644750,206,26,2609,101370010,8154,2013-03-24,20,CT,2,5.76
2243678218,46,63,6315,104125040,11473,2012-08-26,128,OZ,2,5.58
2243689523,46,36,3611,1063256565,6303,2012-03-06,66.9,OZ,1,5.49
2243689523,46,36,3601,101200010,13794,2012-05-19,144,OZ,1,3.34
2243689523,46,33,3315,1088692686,11473,2012-07-02,16,OZ,1,4.99
2243689523,46,30,3009,102100020,9886,2012-07-14,16,OZ,1,1.89
2243689523,46,10,1011,104300040,26232,2012-11-16,15.5,OZ,1,2.19
2243689523,46,26,2634,104200040,14813,2013-01-18,6,RL,1,2.39
2243701863,46,64,6406,108500080,1387,2012-12-27,0.75,LT,1,6.99
2243714644,46,36,3631,104900040,1414,2012-11-20,67.6,OZ,1,1.25
2243714644,46,58,5823,104470040,13310,2013-03-05,9,OZ,1,2.49
2243716129,46,8,810,107382575,49067,2012-03-03,4.4,OZ,2,4.58
2243746184,4,3,311,107116979,1756,2012-11-21,8.4,OZ,2,7.54
2243746184,4,33,3308,102840020,3336,2013-03-02,3.75,OZ,1,1.49
2243752127,18,63,6316,107342070,4529,2012-12-11,8,OZ,1,1.75
2243752127,18,51,5117,104280040,18599,2013-05-03,10.7,OZ,1,1.25
2243759775,15,97,9753,1021900424,0,2012-08-27,1,CT,1,2.97
2243759775,15,99,9908,10000,33170,2012-12-13,10,OZ,1,0.1
2243793662,48,36,3604,107800070,2829,2012-10-01,67.6,OZ,2,2.5
2244033703,42,25,2506,104127141,26189,2012-12-03,16,OZ,3,6.57
2244033703,42,23,2301,103340030,15802,2012-12-11,8,OZ,1,1.99
2244035540,42,99,9904,103338333,33170,2012-03-31,16,OZ,2,9.98
2244035540,42,56,5616,103150636,4946,2013-03-24,8,OZ,1,5.99
2244035671,42,5,501,1088491282,68868,2012-11-03,24,OZ,1,3.79
2244154403,24,10,1011,104300040,26232,2013-01-26,13,OZ,2,7.98
2244162540,377,63,6305,1071754474,17653,2012-10-11,64,OZ,1,2.69
2244257451,507,57,5707,105215959,41981,2012-11-04,16,OZ,1,2.29
2244257451,507,4,418,104000040,26517,2013-02-10,12.6,OZ,2,6.38
2244624700,507,26,2617,101090010,15232,2012-12-27,1,CT,1,5.39
2244809474,510,63,6315,107293575,1678,2012-10-24,128,OZ,1,4.99
2244943157,507,97,9753,104429444,0,2013-04-28,1,CT,3,81.89
2245098739,507,97,9753,1049083040,0,2013-05-19,1,CT,1,1.04
2245167605,508,75,7503,1079285070,2593,2012-03-10,0.15,OZ,1,6.6
2245203636,31,9,908,107203070,5812,2012-06-21,8.25,OZ,1,-0.17
2245203636,31,53,5307,101450010,20864,2012-08-06,12,OZ,1,2.79
2245236380,16,9,902,1075480777,610,2012-09-24,14.4,OZ,1,3.29
2245236380,16,36,3612,102658222,14181,2012-10-28,128,OZ,2,1.98
2245238593,85,9,901,103010030,15828,2012-10-03,13,OZ,1,1.87
2245238704,85,58,5827,107367575,3012,2012-04-17,12,OZ,2,6.49
2245238704,85,37,3703,105100050,2820,2013-01-19,10.75,OZ,2,3.38
2245239197,85,26,2629,103700030,2248,2012-09-16,100,CT,1,1.85
2245245927,85,9,907,107130979,17614,2013-03-17,20,OZ,1,1.99
2245246214,85,63,6315,1060788060,16965,2012-10-18,64,OZ,1,2.76
2245252709,21,26,2622,102570020,20361,2012-04-14,24,CT,1,3.49
2245254689,240,44,4401,103210030,15878,2012-05-29,17,OZ,1,5.69
2245254689,240,9,901,104113040,28204,2013-01-29,25,OZ,1,2.39
2245269953,101,4,418,103400030,15113,2012-03-19,10,OZ,3,10.36
2245269953,101,53,5305,102000020,7655,2012-12-16,10,OZ,2,2
2245271715,101,33,3301,103304939,11221,2012-10-28,4.5,OZ,1,1
2245272808,101,25,2506,104410040,8481,2012-12-09,16,OZ,2,2.78
2245272808,101,21,2119,1061300868,867,2013-06-14,128,OZ,2,5
2245277785,70,53,5307,107056070,14005,2012-07-24,14,OZ,1,2.59
2245277785,70,64,6401,101820010,12358,2012-10-19,288,OZ,1,13.99
2245277785,70,81,8102,104210040,10361,2013-02-13,3,OZ,1,4.79
2245277785,70,23,2301,1072543979,40679,2013-02-27,16,OZ,1,0.98
2245277785,70,0,0,10000,20405,2013-04-24,0,,1,-0.5
2245279813,65,36,3601,101200010,13794,2013-02-04,144,OZ,1,2.5
2245288900,65,58,5811,1081971181,82692,2012-04-25,7,OZ,1,3.29
2245288900,65,58,5823,107367575,3012,2013-01-23,10,OZ,1,2.99
2245311455,133,45,4511,102370020,18969,2012-07-28,26,OZ,1,5.99
2245314171,151,95,9517,1061029060,7848,2012-04-16,1,CT,3,9.27
2245314171,151,8,814,102840020,18584,2012-08-27,15.5,OZ,1,2.49
2245332634,140,5,501,101600010,3331,2012-11-15,9,OZ,1,2
2245335942,140,69,6901,102260020,912,2012-08-19,2.7,OZ,1,2.29
2245336150,140,99,9904,10505037252,3457,2012-06-12,1,CT,1,2.99
2245337680,140,59,5907,102740020,16291,2012-03-09,45,OZ,1,3.13
2245337680,140,57,5705,103663232,4568,2012-06-10,32,OZ,2,4
2245337680,140,64,6401,101820010,2510,2012-07-14,360,OZ,1,18.99
2245338070,140,19,1908,101111010,9907,2012-07-09,18,OZ,1,2.5
2245338158,140,55,5552,107756777,2347,2013-06-27,48,OZ,1,2.99
2245338307,140,8,807,101111010,9907,2013-01-19,18,OZ,1,1.19
2245338307,140,29,2923,104100040,9814,2013-02-11,4.4,OZ,2,2
2245338307,140,43,4302,101111010,9907,2013-05-28,8,OZ,1,1
2245338695,140,75,7515,1031254737,12531,2012-05-26,6,OZ,1,12.99
2245338695,140,18,1828,104650040,7249,2012-05-26,0.67,OZ,1,8.49
2245338695,140,33,3316,101600010,7018,2012-08-19,8.6,OZ,1,1.99
2245338695,140,9,907,104157343,62044,2012-09-15,14,OZ,1,2.69
2245338695,140,53,5305,102000020,7655,2012-11-23,10,OZ,7,7
2245376470,96,63,6311,108259282,12297,2012-07-13,15.2,OZ,4,10
2245378427,96,56,5609,103003434,7175,2012-06-18,24,OZ,1,3
2245415309,46,5,516,103800030,24525,2012-12-13,6.3,OZ,2,5.5
2245415309,46,29,2902,101490010,19995,2013-05-03,15,OZ,1,1.69
2245426594,46,56,5620,102100020,9886,2013-05-25,8,OZ,1,2
2245426594,46,56,5607,102100020,13967,2013-05-25,8,OZ,2,3.34
2245478006,17,26,2628,102113020,15704,2012-12-21,1,RL,2,4.38
2245501173,18,41,4108,103940030,71386,2012-09-14,15,OZ,2,1.89
2245502911,18,26,2633,102113020,15704,2012-07-15,24,RL,1,11.99
2245502911,18,55,5567,107756777,93410,2012-08-13,19.2,OZ,1,3.09
2245502911,18,26,2613,103600030,8583,2012-09-10,27,CT,-1,-9.49
2245502911,18,29,2921,101600010,1756,2012-09-16,4.7,OZ,2,3.58
2245502911,18,41,4107,102400020,4704,2012-10-07,14.5,OZ,2,3.58
2245502911,18,21,2118,107618373,16756,2012-10-29,32,OZ,1,1.99
2245502911,18,9,907,107222070,6669,2013-02-06,15,OZ,1,2.61
2245502911,18,26,2634,104200040,14813,2013-03-13,12,RL,1,6.99
2245502911,18,53,5307,102113020,30626,2013-04-07,12,OZ,1,0.99
2245518773,360,12,1206,108660080,2559,2012-04-15,5,OZ,3,9.87
2245801121,42,9,907,104149747,19710,2012-11-11,19,OZ,1,1.89
2245989609,508,71,7113,107940070,17521,2012-06-30,32,OZ,1,3.04
2245989609,508,71,7113,107940070,17521,2013-01-26,28,OZ,1,3.09
2246042599,40,9,921,107247070,9903,2012-11-03,4,OZ,4,4.36
2246061626,85,9,907,107225070,12465,2012-03-18,20,OZ,1,3.09
2246061626,85,25,2506,104127141,26189,2012-04-09,32,OZ,1,3.69
2246061626,85,5,501,103800030,6790,2012-07-24,17,OZ,1,3
2246061626,85,60,6001,105000050,30272,2012-09-01,16,OZ,1,2.64
2246062806,85,58,5824,107367575,3012,2012-03-28,14,OZ,1,4.99
2246062806,85,44,4404,105100050,13791,2012-06-27,11.25,OZ,1,0
2246062806,85,59,5902,103450030,10165,2012-09-13,8,OZ,2,4.3
2246062806,85,9,907,107341070,888,2012-12-20,24,OZ,1,2.99
2246062920,85,97,9707,101258717,7245,2012-06-10,3,CT,1,2.79
2246062920,85,29,2903,106414464,3342,2013-01-21,14.5,OZ,2,2.5
2246067275,85,45,4516,102781525,885,2013-01-30,14,OZ,1,2.24
2246067275,85,38,3801,101620010,5018,2013-03-31,4,LB,1,1.99
2246071070,21,45,4509,104440040,7504,2012-03-27,6.3,OZ,2,5.78
2246089496,101,36,3628,101200010,12029,2012-07-07,144,OZ,1,5.29
2246089496,101,25,2501,1065272969,5453,2013-01-04,14,OZ,2,5
2246089496,101,4,418,103400030,16463,2013-05-03,5.6,OZ,1,3.34
2246093218,101,58,5835,107590070,2073,2012-09-02,16,OZ,2,7.98
2246094074,77,97,9753,10000,0,2012-06-27,1,CT,38,0.76
2246094074,77,27,2707,107119070,4502,2012-12-29,1.01,LB,1,1.99
2246120152,165,74,7407,104740040,7196,2012-12-13,4,CT,1,7.69
2246120152,165,33,3305,102840020,18584,2013-01-17,13,OZ,1,3.5
2246129376,151,56,5607,102100020,13967,2012-12-15,8,OZ,2,2
2246141071,89,9,902,101111010,20588,2012-06-22,8,OZ,1,2.29
2246141071,89,91,9122,107031070,16095,2012-07-20,10,OZ,4,7.96
2246141071,89,8,810,105210050,11382,2012-07-29,1.25,OZ,3,3
2246141071,89,8,810,105210050,11382,2012-09-21,0.71,OZ,3,4.29
2246141071,89,56,5610,101111010,9907,2012-11-14,8,OZ,1,2.77
2246141071,89,26,2630,103600030,9787,2013-03-24,120,CT,2,3.98
2246141071,89,9,902,102840020,17248,2013-04-28,18,OZ,1,4.99
2246141071,89,36,3626,104900040,17186,2013-05-17,144,OZ,1,3.67
2246152234,140,45,4514,102370020,18969,2012-05-21,40,OZ,1,7.49
2246152234,140,33,3303,102840020,10241,2012-06-06,10,OZ,1,2.99
2246152234,140,12,1207,104125343,12324,2013-03-10,2,OZ,1,1.69
2246154080,140,99,9904,1081204989,27736,2012-03-10,16,OZ,1,2.99
2246154080,140,99,9909,101111010,20588,2012-11-27,5,OZ,1,2.99
2246154080,140,34,3410,107682878,19764,2012-12-19,1,OZ,1,0.99
2246154474,140,36,3635,104150848,27294,2012-09-01,66.9,OZ,1,3.99
2246154636,140,33,3303,102840020,10241,2012-04-05,10,OZ,2,5.98
2246154636,140,96,9609,1053500050,88199,2012-05-09,0,,1,-0.4
2246155519,140,30,3006,107110070,8280,2012-09-04,16,OZ,1,1.99
2246191545,96,27,2704,1088424484,5068,2012-06-09,5,OZ,2,5.98
2246191545,96,27,2704,107910070,30096,2012-07-28,28.6,OZ,1,3.99
2246193199,96,0,0,10000,0,2012-12-23,0,,1,0
2246223099,214,30,3001,102100020,9886,2012-04-29,128,OZ,1,9.42
2246275750,46,99,9908,103338333,33170,2012-07-31,16,OZ,1,0.99
2246290966,46,9,907,107131474,16833,2012-03-16,24,OZ,2,4
2246321221,88,15,1504,104114343,17593,2012-10-22,20,OZ,1,4.99
2246321221,88,18,1898,104133343,5379,2013-06-07,8,CT,1,8.69
2246327483,4,63,6320,102113020,10786,2012-06-07,12,CT,1,1.99
2246327483,4,39,3903,102113020,15704,2013-03-10,12,OZ,1,1.49
2246329160,4,64,6401,108066080,4098,2012-09-06,144,OZ,0,0
2246334015,15,24,2406,104450040,25930,2012-10-02,15.2,OZ,1,7
2246343251,15,9,902,101410010,45039,2012-04-15,30,OZ,1,7.49
2246350194,360,23,2301,104173545,14456,2012-03-16,16,OZ,1,1.09
2246350194,360,36,3611,107572070,14196,2012-08-18,405.6,OZ,1,4.99
2246350383,360,5,516,101600010,12426,2012-03-04,8.9,OZ,2,7.18
2246350383,360,7,709,109955595,37013,2012-11-08,5.71,OZ,1,11.79
2246637309,42,36,3611,104149747,19710,2012-12-30,405.6,OZ,1,4.99
2246638395,42,5,518,104149747,19710,2012-12-13,6.2,OZ,1,2.39
2246638395,42,30,3010,102066222,12598,2013-02-17,16,OZ,1,3.79
2246638451,42,53,5307,104149747,19710,2012-12-09,16,OZ,1,1.99
2246639797,42,18,1828,102340020,15181,2012-04-11,0.27,OZ,1,2.39
2246639797,42,41,4108,102880020,7907,2012-04-26,15.5,OZ,1,1.29
2246639797,42,4,418,107279979,15285,2012-05-02,10,OZ,1,3.19
2246639797,42,17,1704,102340020,16836,2012-08-08,25.4,OZ,1,3.59
2246931616,85,99,9901,1068379262,48461,2012-06-23,0.75,OZ,1,2.5
2246932440,85,99,9908,103338333,33170,2012-08-08,160,OZ,1,2.99
2246932968,85,36,3636,104900040,4599,2013-03-02,256,OZ,1,3.19
2246932968,85,36,3628,104900040,11484,2013-04-07,67.6,OZ,1,1.25
2246933018,85,56,5615,102100020,9886,2012-04-26,8,OZ,1,3.89
2246933277,85,22,2211,1060788060,16965,2012-09-28,40,CT,2,3.28
2246933277,85,91,9122,103807535,46983,2012-12-03,25.4,OZ,1,5.99
2246933277,85,5,501,103800030,6790,2013-05-06,12.2,OZ,1,4.29
2246934277,85,45,4508,104132242,16106,2012-04-18,14,OZ,1,4.49
2246934428,85,69,6901,103700030,16139,2012-07-27,4,OZ,1,2.74
2246936437,85,99,9908,103338333,33170,2012-03-12,16,OZ,1,1.69
2246936931,85,26,2633,105400050,16048,2013-03-29,12,RL,1,10.69
2246936931,85,26,2630,106343565,16050,2013-04-27,120,CT,1,1.79
2246937762,85,51,5115,107570676,13458,2012-06-14,16.95,OZ,4,13.96
2246937762,85,12,1207,1079852575,16784,2013-02-05,6.5,OZ,2,3.18
2246937942,85,8,821,104139040,9659,2012-06-14,15,OZ,1,2.29
2246937942,85,56,5615,1060788060,16965,2012-07-09,8,OZ,1,2
2246937942,85,56,5615,1060788060,16965,2012-09-09,16,OZ,1,4.99
2246937942,85,7,707,104300040,11339,2012-12-18,30.65,OZ,1,7.99
2246937942,85,9,920,107641070,10160,2013-01-30,1.5,OZ,1,0.59
2246941931,85,41,4107,103470030,423,2012-05-06,28,OZ,1,1.5
2246945063,21,5,501,108634181,27627,2012-07-14,14,OZ,2,7.98
2246945063,21,99,9909,103260131,5489,2012-11-27,5,OZ,1,3.99
2246965378,101,0,0,10000,20405,2012-09-15,0,,1,-0.09
2246966213,101,44,4407,1068826767,7173,2012-04-15,20,OZ,1,2.39
2246966213,101,36,3603,104300040,4186,2013-01-06,256,OZ,1,2.99
2246966661,101,58,5823,104470040,13310,2013-06-06,12,OZ,2,2.29
2246970969,70,9,904,1078735979,6734,2012-07-06,5,OZ,1,1.99
2246971223,70,26,2609,104200040,5016,2012-10-27,45,CT,1,2
2246971223,70,54,5401,103800030,5618,2013-03-05,12.3,OZ,2,5
2247003211,26,99,9908,103338333,33170,2012-03-16,16,OZ,2,3.98
2247003211,26,45,4508,104132242,16106,2013-01-02,22,OZ,1,9.99
2247004992,98,10,1004,104300040,26232,2012-03-25,1.5,OZ,1,1.49
2247008410,133,9,907,101111010,4962,2012-05-31,24,OZ,1,1.25
2247008410,133,39,3903,103000030,1058,2012-11-16,24,OZ,1,2.93
2247008410,133,8,810,104600040,13023,2013-01-22,1,OZ,3,2.37
2247027194,140,36,3609,101111010,9907,2012-06-21,33.8,OZ,1,3.59
2247029923,140,96,9632,107675070,11386,2012-09-02,1,CT,1,25
2247032280,140,57,5707,101111010,9907,2012-11-07,18,OZ,1,2.29
2247033553,140,38,3801,101111010,9907,2013-01-05,4,LB,1,2.88
2247039301,2,33,3315,102840020,21452,2012-10-06,4.25,OZ,1,0.99
2247039301,2,5,501,103800030,6790,2012-12-16,12.2,OZ,2,3.76
2247042474,191,57,5707,107047070,20230,2012-08-05,16,OZ,2,4
2247042474,191,58,5823,101111010,9907,2013-04-28,2.5,OZ,4,2.76
2247066095,166,63,6320,1071514171,25530,2012-12-04,12,CT,1,2.99
2247071125,96,27,2704,101780010,30972,2012-06-17,11,OZ,1,3
2247071125,96,26,2628,103700030,2248,2012-08-24,8,RL,3,20.97
2247071125,96,5,501,103800030,4352,2012-10-20,14.1,OZ,1,3.99
2247071125,96,18,1898,104133343,5379,2012-12-10,8,CT,2,15.98
2247071125,96,26,2631,103600030,4139,2013-02-24,84,CT,1,3.99
2247071659,96,56,5604,103114232,25202,2012-03-26,5,OZ,1,4.99
2247071659,96,21,2106,103120030,12957,2012-09-20,64,OZ,2,6.98
2247071659,96,55,5558,107255474,12547,2012-10-23,24.7,OZ,1,3.67
2247071659,96,41,4121,102700020,8612,2012-11-27,15,OZ,1,0.99
2247071659,96,99,9904,1071575676,5278,2013-06-03,6,OZ,2,3.98
2247094435,214,57,5710,107047070,20230,2013-02-26,5.3,OZ,2,2
2247197763,15,9,907,107989373,29344,2012-05-28,21,OZ,1,2.5
2247486451,233,18,1835,104460040,9709,2012-03-09,16.6,LB,1,10.19
2247486451,233,64,6401,101820010,2595,2012-03-28,360,OZ,1,15.99
2247495390,42,51,5126,101380010,27474,2012-10-24,12,OZ,1,2.79
2247495390,42,0,0,10000,0,2013-03-28,0,,1,-0.2
2247773548,510,2,202,101600010,1756,2012-06-24,20.5,OZ,1,1.35
2247773548,510,97,9753,102844424,0,2012-12-20,1,CT,2,3
2247773548,510,72,7205,1031015838,16196,2013-02-16,8,OZ,1,10.69
2247822066,85,58,5814,104470040,10837,2012-03-25,10.6,OZ,2,6
2247822066,85,79,7902,104090141,45085,2012-06-01,0,,1,1
2247822066,85,11,1102,104480040,22777,2012-07-04,500,CT,1,4.39
2247822066,85,36,3601,104900040,3809,2013-03-04,67.6,OZ,1,1
2247822066,85,63,6305,1060788060,16965,2013-05-10,64,OZ,1,2.29
2247822627,85,63,6315,1060788060,16965,2012-10-31,128,OZ,1,3.88
2247822627,85,81,8101,102820020,11186,2012-11-28,1,CT,1,4.05
2247822866,85,30,3009,1060788060,16965,2013-05-08,24,OZ,1,3.59
2247824220,85,58,5827,1078533171,7796,2012-10-11,12,OZ,1,3.89
2247824220,85,37,3703,105100050,2820,2013-01-10,10.75,OZ,2,1.56
2247824643,85,29,2914,102100020,19279,2012-03-23,9.4,OZ,2,2.96
2247824724,85,63,6315,103680030,3679,2012-06-12,128,OZ,1,3.64
2247824800,85,4,416,103400030,44358,2012-06-24,1.55,OZ,1,0.75
2247824800,85,41,4109,103680030,3679,2013-03-07,16,OZ,2,1.18
2247824800,85,9,907,103680030,3679,2013-03-07,12,OZ,1,0.39
2247827147,85,9,908,107203070,5812,2012-09-24,10,OZ,1,2.99
2247827518,85,64,6408,108312080,6670,2012-12-06,5,LT,1,12.99
2247828353,85,33,3302,107615070,194,2013-03-10,8.75,OZ,1,3.69
2247830361,85,58,5812,104470040,13310,2013-04-08,16,OZ,1,5
2247831460,85,41,4108,103940030,71386,2013-01-01,16,OZ,2,1.98
2247835662,21,33,3318,107260070,8245,2012-09-25,16,OZ,2,3.98
2247835662,21,34,3403,103500030,8919,2012-11-06,30,OZ,1,4.49
2247838520,240,63,6305,102500020,16489,2012-10-19,59,OZ,1,3.99
2247854593,101,63,6312,102500020,16487,2012-04-12,59,OZ,1,2.69
2247857357,101,96,9609,1054173757,88199,2012-04-05,0,,1,-1
2247858133,101,58,5823,104470040,13310,2012-06-01,16,OZ,2,4.79
2247858133,101,58,5899,107175575,9933,2012-09-23,16,OZ,1,2.99
2247858133,101,26,2620,1068826767,7740,2013-04-03,14,CT,2,1
