4622965291,6,33,3302,102700020,57417,2013-01-27,8.7,OZ,2,7.18
4622966584,152,17,1703,103700030,12071,2012-09-28,40,OZ,1,4.19
4622966584,152,9,902,10898282,107971,2012-12-02,10.5,OZ,1,4.99
4622966584,152,53,5307,101450010,20864,2013-03-01,12,OZ,1,2.5
4622967453,6,58,5811,1089465989,48020,2012-12-29,32,OZ,1,9.99
4622967453,6,55,5556,107756777,2347,2013-04-30,48,OZ,1,4.99
4622968580,152,21,2103,101480010,12021,2012-11-25,64,OZ,1,3.39
4622968580,152,75,7515,1034152030,2963,2013-02-25,1,OZ,1,3.49
4622969549,153,92,9209,1076131878,15219,2013-01-18,1,CT,1,23.99
4622969976,6,29,2914,102100020,9886,2012-04-11,7.25,OZ,2,2.5
4622970533,153,63,6320,1068826767,81691,2012-07-11,12,CT,1,1.49
4622970533,153,59,5906,104060040,26155,2013-01-28,16,OZ,2,7.18
4622970799,6,10,1012,102700020,23332,2012-07-29,13,OZ,6,9
4622971833,152,63,6320,1071514171,25530,2012-07-02,12,CT,1,3.49
4622971833,152,22,2211,103320030,875,2013-02-28,40,CT,1,1.99
4622975965,152,60,6001,105000050,30272,2012-12-13,32,OZ,1,4.99
4622976991,153,41,4110,103940030,71386,2012-07-02,21.5,OZ,4,8.36
4622978528,153,23,2301,104112949,14481,2012-06-30,16,OZ,1,1.45
4622978528,153,72,7210,103700030,6414,2013-01-11,2.4,OZ,1,4.79
4622978528,153,33,3310,1068826767,12475,2013-01-11,8,OZ,2,7.98
4622980652,6,37,3711,105260353,13414,2012-10-27,17.6,OZ,2,6.68
4622987816,6,29,2928,107142979,20299,2013-03-09,8,OZ,1,2.35
4622988045,6,63,6315,1074236575,8499,2012-11-20,64,OZ,1,4.59
4622988289,6,37,3707,105100050,2820,2013-03-30,10.5,OZ,2,3.58
4622989358,6,19,1906,105150050,16728,2013-03-16,15.5,OZ,1,3.99
4622989481,6,41,4121,102700020,8612,2012-10-27,15,OZ,2,2.44
4622991033,153,99,9908,103338333,33170,2012-03-24,8,OZ,1,1.99
4622991033,153,99,9904,1071575676,5278,2012-06-09,6,OZ,1,3.99
4622991033,153,28,2805,1068826767,81691,2012-06-25,6,OZ,1,1.5
4622991033,153,31,3110,103760030,8501,2013-01-12,3,OZ,1,2.99
4622991708,152,9,916,104400040,19783,2013-05-04,5.5,OZ,1,3.95
4622995611,152,9,902,104157040,2017,2012-07-01,4.25,OZ,1,2.99
4622995814,6,5,501,103800030,16674,2013-04-06,17.5,OZ,1,4.19
4622997963,152,23,2301,102409424,4649,2012-04-28,16,OZ,1,2.39
4622997963,152,59,5902,102100020,2321,2012-11-25,8,OZ,1,3.39
4623006507,153,9,902,104400040,18775,2012-12-05,9,OZ,1,3.79
4623007727,153,21,2113,102800020,56490,2012-05-11,54,OZ,1,2.5
4623007840,153,63,6305,104850040,18799,2012-12-10,59,OZ,1,3.59
4623007840,153,22,2201,104460040,3718,2013-02-08,55,OZ,1,2.49
4623010131,153,7,707,107103878,25424,2012-08-20,11.3,OZ,1,5.49
4623010131,153,56,5620,1068826767,81691,2012-11-12,8,OZ,1,3.19
4623011425,6,58,5834,103760030,8501,2012-10-06,15,OZ,1,5.49
4623011425,6,9,907,107130575,11013,2013-04-04,20,OZ,1,3.69
4623011452,153,29,2906,104430040,9977,2012-09-21,5,OZ,1,1.59
4623013643,153,30,3010,104100040,19975,2012-03-10,16,OZ,1,2.99
4623013643,153,23,2301,1089505989,1393,2012-09-23,16,OZ,1,2.19
4623013643,153,29,2904,101530010,13610,2013-02-23,4.7,OZ,2,3
4623013643,153,63,6315,104410040,8481,2013-07-01,128,OZ,1,3.99
4623016208,6,65,6501,107891373,66738,2012-09-01,6,OZ,2,4.78
4623017826,6,99,9904,1076101070,11786,2013-04-18,1,CT,1,4.99
4623020530,6,36,3626,104900040,17186,2012-12-23,144,OZ,1,5.69
4623020962,152,9,907,1060699161,63479,2012-03-26,10.5,OZ,1,2.19
4623020962,152,55,5559,107756777,14286,2012-06-11,10,OZ,1,3.99
4623020962,152,99,9909,107143070,5072,2013-02-01,9.9,OZ,3,11.07
4623023032,152,99,9908,103338333,33170,2012-06-04,16,OZ,1,3.99
4623023032,152,10,1004,104300040,9886,2012-08-16,8,OZ,1,3.79
4623023032,152,99,9909,1068826767,81691,2012-08-16,7,OZ,2,7.38
4623023032,152,99,9908,1073434777,52469,2012-11-05,20,OZ,1,2.49
4623023032,152,9,917,1068826767,81691,2012-11-15,16,OZ,1,1.5
4623023032,152,15,1504,104114343,17593,2013-03-13,10,OZ,1,3.49
4623023130,6,33,3302,102389626,14268,2013-02-01,19.2,OZ,1,4.85
4623023877,152,58,5812,1068826767,12475,2012-07-20,16,OZ,3,17.97
4623023877,152,63,6320,1068826767,12475,2012-09-30,12,CT,1,2.99
4623023877,152,8,807,107273676,2510,2012-12-23,18,OZ,1,2.69
4623024530,152,99,9904,1071575676,5278,2012-10-22,16,OZ,1,3.99
4623027414,153,57,5705,104667545,20216,2012-04-15,15,OZ,1,2.99
4623027414,153,33,3303,102068525,2892,2012-06-09,8.5,OZ,1,3.79
4623027414,153,36,3628,104900040,11484,2012-08-26,144,OZ,1,5.49
4623027414,153,18,1890,107048575,8154,2012-12-23,5,CT,2,3.98
4623027597,152,33,3325,102840020,21452,2012-10-13,20,OZ,1,8.99
4623029918,153,9,901,104400040,3453,2012-05-24,14,OZ,1,3.45
4623029918,153,51,5116,107192171,25673,2012-12-23,28.2,OZ,1,6.69
4623029918,153,33,3316,1068826767,81691,2013-02-15,8.75,OZ,1,2
4623029918,153,54,5403,1068826767,12475,2013-03-23,18.4,OZ,1,4.49
4623030406,152,9,902,101410010,45039,2013-04-03,6.6,OZ,2,4.98
4623033554,6,55,5552,102073525,18893,2013-01-18,48,OZ,1,4.29
4623037393,152,63,6315,105215959,41981,2012-03-15,64,OZ,1,3.99
4623037393,152,73,7358,103160434,12423,2012-11-14,180,CT,1,16.99
4623038230,6,73,7304,104110040,4082,2012-07-14,20,CT,1,5.99
4623038230,6,63,6305,102500020,11749,2013-01-09,59,OZ,1,3.49
4623039642,6,63,6314,107342070,4529,2012-04-19,8,OZ,1,1.49
4623039642,6,45,4508,103549333,26303,2012-12-11,10,OZ,1,5.99
4623041035,153,3,311,1064420969,5345,2012-07-15,16,OZ,1,2.19
4623041035,153,29,2928,104100040,9814,2012-09-23,5.3,OZ,1,1.09
4623042986,153,54,5403,1074300272,43084,2012-10-26,14.8,OZ,1,4.99
4623042986,153,22,2207,104650040,16355,2013-03-15,14,OZ,1,3.29
4623042986,153,51,5125,107265575,8089,2013-04-25,9,OZ,1,2.29
4623046360,153,5,501,103000030,45635,2012-06-15,18,OZ,1,4.49
4623049516,153,5,516,102190828,10187,2012-08-05,1.7,OZ,1,1.39
4623049516,153,14,1411,103890030,5072,2013-03-25,20,OZ,2,3.58
4623052737,152,7,709,102550020,6550,2012-12-16,3.81,OZ,1,8.49
4623055511,6,21,2108,1068826767,81691,2012-07-17,64,OZ,2,5.18
4623055511,6,37,3703,1068826767,81691,2012-10-27,10.5,OZ,2,2.3
4623059218,152,27,2704,107910070,16761,2012-03-28,12,OZ,1,3.19
4623059218,152,41,4121,104133141,7531,2012-06-05,8,OZ,3,1.35
4623059218,152,9,904,1078735979,6734,2012-08-09,5,OZ,1,1.99
4623059218,152,63,6311,107146474,2142,2013-01-31,32,OZ,1,3.99
4623059318,152,56,5615,1068826767,81691,2012-03-28,8,OZ,1,3.29
4623059318,152,26,2629,1068826767,18552,2012-11-19,250,CT,1,1.89
4623061574,152,57,5710,1089470080,21065,2012-12-11,5.3,OZ,1,1.34
4623061574,152,36,3632,1068826767,81691,2013-01-13,67.6,OZ,1,0.99
4623067824,152,97,9753,1020408020,0,2012-04-03,1,CT,1,4.19
4623070390,6,9,912,107680070,10333,2012-05-24,17.1,OZ,1,1.89
4623070390,6,45,4511,107274575,13804,2013-01-15,26,OZ,2,19.98
4623071034,6,72,7205,103500030,3830,2012-04-21,6,OZ,1,3.29
4623071100,6,5,501,1068826767,7173,2012-09-17,32,OZ,1,3.99
4623071100,6,57,5704,104667545,20216,2012-09-23,16,OZ,3,8.97
4623071903,152,57,5710,1089470080,21065,2012-12-09,5.3,OZ,1,1.33
4623072409,153,58,5828,103100030,1358,2012-04-01,6.4,OZ,5,9.95
4623072409,153,63,6320,102809929,54722,2012-08-26,12,CT,1,2.89
4623075044,152,21,2119,107336070,867,2012-04-07,128,OZ,1,3.29
4623075044,152,72,7208,104152040,2963,2012-07-06,2,CT,1,2
4623075288,153,26,2614,1030800434,17323,2012-07-20,18,CT,1,3.59
4623075288,153,41,4108,1068826767,81691,2012-07-20,15.5,OZ,1,0.85
4623075288,153,9,902,104400040,15335,2012-09-09,15.1,OZ,1,3.85
4623077659,153,56,5616,104610040,15889,2012-03-10,6.84,OZ,1,4.49
4623077659,153,36,3635,1068826767,81691,2012-04-04,144,OZ,2,5.98
4623077659,153,5,501,101862717,9496,2013-02-02,13.1,OZ,1,3.99
4623077659,153,5,504,1075004979,1312,2013-02-27,1.76,OZ,3,3.75
4623078035,152,26,2622,101370010,8154,2012-04-15,18,CT,1,2.89
4623078035,152,39,3903,1074053777,24416,2012-12-22,8,OZ,1,5.99
4623078035,152,9,908,107203070,5812,2013-03-29,14,OZ,1,6.69
4623078941,152,63,6311,107146474,2142,2012-09-29,32,OZ,1,3.99
4623083946,152,19,1908,105150050,9189,2012-08-24,18,OZ,1,3.79
4623083946,152,33,3301,104126242,19971,2012-11-23,6.5,OZ,1,3.29
4623083946,152,36,3635,1068826767,81691,2013-03-25,67.6,OZ,1,0.89
4623085263,153,63,6320,1068826767,81691,2012-05-07,12,CT,1,1.19
4623090527,152,25,2507,108425383,15248,2012-03-31,32,OZ,2,5.98
4623090527,152,12,1202,108660080,2559,2012-11-11,14.75,OZ,1,4.39
4623090661,153,57,5705,107047070,20230,2012-04-11,6,OZ,10,7.5
4623090661,153,23,2301,104112949,14481,2013-01-09,16,OZ,2,2.9
4623093239,152,9,907,1068833969,6434,2012-09-03,9,OZ,1,3.99
4623093239,152,9,907,101410010,13791,2012-09-23,16,OZ,1,3.79
4623093239,152,9,907,107133070,25887,2012-11-04,24,OZ,1,4.19
4623093239,152,36,3638,104900040,4599,2013-03-20,20,OZ,1,1.69
4623093420,153,33,3311,102840020,27521,2013-01-22,10.5,OZ,1,3.99
4623097806,153,9,907,1068826767,81691,2012-09-24,16,OZ,1,2.19
4623098907,153,73,7311,104152040,2963,2013-03-29,12,OZ,1,5.99
4623099950,6,97,9753,1076163575,0,2013-02-15,1,CT,2,9.98
4623102980,153,33,3301,102840020,16680,2012-07-09,9,OZ,2,7.98
4623102980,153,57,5710,1089470080,21065,2012-10-23,14,OZ,1,3.29
4623102980,153,5,504,1075004979,1312,2012-11-15,1.76,OZ,8,10
4623102980,153,5,501,1088491282,86364,2013-01-12,16,OZ,1,3.99
4623104027,152,97,9753,1020401626,0,2012-03-02,1,CT,1,0.86
4623104027,152,17,1726,1068826767,7173,2012-03-30,110,CT,1,5.19
4623104027,152,36,3611,1068826767,158,2012-04-14,405.6,OZ,1,3.99
4623104027,152,25,2509,1068826767,81691,2012-07-31,16,OZ,1,1.39
4623104027,152,37,3703,105100050,2820,2012-09-30,10.75,OZ,3,5.37
4623104027,152,99,9904,103338333,33170,2012-12-23,80,OZ,1,8.99
4623104027,152,99,9908,102112020,20616,2013-01-18,32,OZ,1,1.99
4623105210,152,58,5815,104242141,2071,2013-01-29,6,OZ,1,3.99
4623105210,152,58,5827,104470040,13310,2013-02-06,16,OZ,2,14.98
4623105210,152,33,3351,104400040,16738,2013-04-07,5.3,OZ,1,3.99
4623106240,152,29,2928,105480050,19039,2012-06-08,8.5,OZ,2,4.78
4623106240,152,63,6315,105215959,41981,2012-11-16,64,OZ,2,7.98
4623106240,152,99,9909,107143070,5072,2013-01-18,12,OZ,1,3.69
4623108667,153,34,3405,101111111,5168,2012-05-31,24,OZ,1,7.49
4623109763,153,41,4105,102700020,8612,2012-08-12,28,OZ,1,2.25
4623109763,153,36,3612,1068826767,158,2012-10-17,320,OZ,2,5.38
4623110385,152,36,3604,107800070,2829,2013-01-25,67.6,OZ,3,5.67
4623110781,152,10,1004,104300040,26232,2012-05-18,1.4,OZ,2,1.58
4623110781,152,34,3410,104152040,2963,2012-06-22,2,OZ,3,3.87
4623110781,152,33,3303,104178040,19154,2012-11-30,10,OZ,1,4.29
4623115100,152,5,502,1068826767,81691,2012-11-26,4.8,OZ,2,5
4623115143,152,31,3101,1068826767,81691,2013-01-10,2.5,OZ,1,2.99
4623115262,6,41,4107,1068826767,7173,2012-12-27,16,OZ,1,1.99
4623115262,6,58,5824,1076401474,304,2013-03-02,12,OZ,1,5.99
4623118204,153,99,9904,103338333,33170,2012-05-26,48,OZ,1,3.99
4623118204,153,9,907,1068826767,81691,2012-12-02,16,OZ,0,0
4623118301,152,58,5812,104242141,2071,2012-04-24,16,OZ,1,5.99
4623118301,152,23,2301,107680878,1393,2013-01-05,16,OZ,1,1.39
4623118334,6,56,5617,102100020,9886,2012-05-26,16,OZ,1,5.29
4623118981,152,56,5615,102100020,4218,2012-09-16,8,OZ,1,3.69
4623120661,152,51,5125,101380010,10271,2013-03-16,12.5,OZ,3,10.47
4623120693,6,9,901,1081612080,36616,2012-05-07,12,OZ,1,2.99
4623120693,6,99,9909,107143070,5072,2013-04-09,6,OZ,2,7.38
4623122212,152,53,5307,101450010,20864,2012-06-16,12,OZ,3,6
4623122212,152,63,6315,107060070,29609,2013-02-21,64,OZ,1,2.79
4623125247,152,21,2119,107618373,16756,2012-07-15,16,OZ,1,1.25
4623125247,152,39,3903,1068826767,7173,2012-08-26,24,OZ,1,2.99
4623125995,6,4,421,101070010,9275,2012-04-02,2.06,OZ,3,3.27
4623126692,152,11,1113,104345444,10440,2012-07-04,14,OZ,1,4.49
4623126692,152,97,9734,107666676,33170,2013-05-08,0,,2,2
4623126692,152,37,3706,104119646,14582,2013-05-18,18.5,OZ,2,2.98
4623126692,152,40,4005,107231070,1841,2013-06-22,0.91,OZ,2,5.58
4623126692,152,7,702,1068826767,81691,2013-07-13,4,OZ,1,3.39
4623127380,153,5,501,1088491282,16363,2012-06-05,15,OZ,1,3.39
4623127380,153,15,1506,1080276383,17674,2012-12-18,9,OZ,1,3.49
4623127735,152,99,9908,103338333,33170,2012-10-07,24,OZ,1,3.99
4623128633,152,51,5126,1073891272,2225,2013-02-24,16,OZ,0,0
4623128984,152,36,3611,1068826767,158,2012-10-02,405.6,OZ,3,11.97
4623129218,6,34,3403,103500030,8919,2012-07-26,11.25,OZ,1,2.49
4623129259,153,25,2505,105000050,32115,2012-03-09,32,OZ,1,3.29
4623129259,153,73,7302,1030057333,250,2012-11-04,50,CT,1,5.99
4623130598,6,56,5607,102100020,13967,2012-08-18,8,OZ,1,2.89
4623130598,6,36,3629,101200010,23360,2012-11-17,67.6,OZ,1,1.99
4623130598,6,32,3202,102700020,19737,2013-04-18,48,OZ,1,5.69
4623130598,6,36,3604,1068826767,81691,2013-05-01,33.8,OZ,2,1.5
4623131314,153,59,5906,104060040,26155,2013-03-22,15,OZ,6,21.54
4623132732,152,36,3635,1068826767,81691,2012-12-18,67.6,OZ,1,0.89
4623133820,152,4,407,103400030,18947,2012-04-27,17.6,OZ,1,2.5
4623133820,152,37,3707,102400020,3843,2012-10-11,32,OZ,1,2.79
4623133820,152,9,901,103010030,3454,2013-04-10,14.2,OZ,1,4.29
4623134263,153,36,3603,104300040,4186,2012-04-05,256,OZ,1,2.89
4623134263,153,9,907,1068826767,81691,2012-10-13,20,OZ,1,2
4623134420,6,0,0,10000,0,2013-03-26,0,,5,0
4623135405,152,9,901,104400040,3453,2012-09-30,13.72,OZ,1,3.75
4623135405,152,9,901,104400040,13243,2013-02-20,14.3,OZ,1,3.99
4623136152,152,58,5824,107232272,27348,2013-01-20,20,OZ,1,3.99
4623136152,152,21,2119,101200010,10522,2013-02-10,202.8,OZ,1,4.99
4623137250,152,21,2112,1089899989,19445,2013-03-26,16.9,OZ,2,5.98
4623138642,152,58,5831,107274575,13804,2013-01-02,24,OZ,2,20.98
4623139382,153,41,4107,1068826767,12475,2012-05-03,15,OZ,1,1.65
4623139382,153,26,2631,103600030,4139,2012-11-18,42,CT,2,5.18
4623139382,153,9,920,103010030,9530,2013-04-10,11.04,OZ,2,5.7
4623140321,152,29,2914,102100020,19279,2012-06-09,12,OZ,1,2.79
4623141107,153,73,7357,103160434,12423,2012-06-06,180,CT,1,19.99
4623141107,153,25,2506,105000050,32115,2012-08-15,32,OZ,1,4.29
4623141107,153,63,6315,104410040,8481,2012-11-30,64,OZ,1,2.99
4623141107,153,8,814,102840020,18584,2013-03-02,23,OZ,1,4.69
4623144475,152,31,3108,102460020,11990,2012-04-29,26,OZ,1,0.79
4623144475,152,35,3508,103700030,18371,2012-08-05,150,OZ,1,20.99
4623144819,152,73,7344,1030076636,18877,2012-10-27,96,CT,1,4.29
4623145462,153,29,2904,102100020,19279,2012-09-04,11.3,OZ,1,2.69
4623149681,152,33,3307,101411313,23033,2012-12-19,8,OZ,2,9.98
4623153273,153,97,9734,102675323,58725,2012-05-20,1,CT,2,14.98
4623153273,153,45,4509,1068826767,7173,2012-05-25,16,OZ,1,6.99
4623153273,153,58,5899,107232272,27348,2012-10-22,20.8,OZ,1,4.99
4623153273,153,9,916,103361737,19613,2012-11-26,8.1,OZ,1,3.69
4623153948,152,33,3315,102620020,4615,2012-09-02,6,OZ,2,3.1
4623155960,152,26,2633,105400050,16048,2012-04-02,4,RL,1,3.89
4623156261,152,9,910,105929050,3034,2012-11-21,4.25,OZ,1,3.99
4623159458,152,28,2806,105410050,19509,2013-02-17,24,OZ,1,2.99
4623159458,152,5,516,101600010,12426,2013-03-02,7.4,OZ,1,3.59
4623160893,152,21,2119,1065762262,26129,2013-01-25,16.9,OZ,1,1.5
4623164395,152,56,5620,1068826767,81691,2012-08-03,16,OZ,1,4.99
4623164395,152,8,810,105210050,11382,2012-08-03,0.87,OZ,5,6.96
4623164395,152,99,9904,1076101070,11786,2013-03-10,1,CT,1,4.99
4623165750,152,56,5615,107835474,2675,2012-07-02,8,OZ,1,3.69
4623165750,152,58,5827,104350040,14162,2012-09-08,16,OZ,1,5.99
4623165962,153,25,2506,104410040,8481,2012-08-09,32,OZ,2,8.5
4623165962,153,56,5609,1068826767,81691,2012-10-13,16,OZ,1,2.29
4623165962,153,71,7114,102240020,18715,2012-11-10,1.5,OZ,6,7.14
4623168412,6,9,901,104400040,13243,2013-04-26,11.3,OZ,2,7.98
4623169096,6,25,2509,1068826767,81691,2012-07-16,32,OZ,1,2.59
4623169096,6,9,902,104400040,12279,2012-08-28,16,OZ,1,3.29
4623170722,6,18,1828,107584777,1093,2012-03-04,4,CT,1,2.49
4623171045,152,49,4901,1068826767,20616,2012-09-02,32,OZ,2,6.38
4623174963,6,36,3632,107800070,17635,2012-08-16,144,OZ,1,5.99
4623174963,6,44,4402,104145848,5602,2013-01-15,5.34,OZ,1,2.89
4623179538,6,56,5607,102100020,13967,2012-11-07,8,OZ,2,5.38
4623180333,152,26,2606,1085274888,81409,2012-12-22,1,CT,1,11.99
4623180333,152,38,3802,104920040,5098,2012-12-22,1,LB,1,1.59
4623182485,152,31,3101,107240070,14199,2012-05-10,4.5,OZ,1,2.49
4623182485,152,64,6410,108043282,16095,2012-06-14,44.8,OZ,2,9.98
4623182702,152,41,4108,103470030,423,2013-02-22,15.5,OZ,2,4
4623183503,152,8,836,1068826767,81691,2012-04-05,16,OZ,1,0.95
4623183503,152,5,501,103000030,45635,2013-02-20,13,OZ,2,7.18
4623183503,152,26,2629,1068826767,18552,2013-04-16,250,CT,1,2.39
4623183869,153,99,9904,103338333,33170,2012-11-18,64,OZ,1,4.99
4623183869,153,27,2702,101780010,14717,2013-06-02,3.5,LB,1,8.49
4623184431,152,9,902,102840020,17248,2012-05-19,8,OZ,1,2.99
4623185418,6,99,9908,101228919,20877,2012-10-20,6,OZ,1,1.5
4623185418,6,63,6323,1074236575,8499,2013-03-05,64,OZ,1,4.29
4623188509,6,74,7407,1084105888,15983,2012-08-19,3,CT,1,7.49
4623189058,153,97,9753,1020413121,0,2013-01-12,1,CT,1,2.1
4623189058,153,26,2613,103600030,7484,2013-04-11,27,CT,1,19.98
4623189491,152,63,6316,102100020,2321,2012-05-13,16,OZ,1,3.19
4623189491,152,99,9908,1068826767,7173,2012-08-02,16,OZ,1,1.29
4623189491,152,99,9908,101833717,26028,2012-12-21,32,OZ,1,6.99
4623189491,152,23,2301,107680878,1393,2013-03-23,16,OZ,2,2.78
4623189491,152,21,2111,103120030,12957,2013-04-06,64,OZ,1,4.59
4623189556,153,63,6317,102529323,16410,2012-07-28,64,OZ,2,7.98
4623191380,152,63,6315,1068826767,81691,2012-05-29,64,OZ,1,2.59
4623192346,152,79,7901,107099272,26174,2012-05-27,1,CT,1,4.99
4623192346,152,97,9753,1020401121,0,2013-01-27,1,CT,1,1.19
4623194701,6,99,9909,107143070,5072,2013-01-29,9,OZ,1,3.69
4623195617,153,1,106,101500010,7142,2012-03-30,5,OZ,1,1.05
4623195617,153,1,106,101500010,29555,2012-04-06,1.48,OZ,1,2.19
4623197054,153,32,3203,1068826767,81691,2013-07-05,6,OZ,1,2.99
4623197059,152,25,2501,1068826767,81691,2012-12-02,14,OZ,1,2.15
4623197204,152,8,818,105100050,14403,2012-07-14,67,OZ,1,4.99
4623197204,152,26,2628,103600030,9787,2013-04-11,60,CT,1,3.49
4623197884,153,39,3903,1068826767,81691,2012-10-25,12,OZ,1,1.99
4623199417,152,99,9909,107143070,5072,2012-11-10,6,OZ,2,7.38
4623199417,152,9,906,104300040,13361,2012-11-18,4.2,OZ,2,4.98
4623199417,152,5,501,101600010,3331,2012-12-09,11.25,OZ,1,3.99
4623199417,152,29,2907,104150141,13296,2013-04-28,13.5,OZ,1,2.99
4623199478,6,41,4121,102700020,8612,2012-03-29,8,OZ,2,1.74
4623199478,6,63,6315,1068826767,81691,2013-01-01,128,OZ,1,3.99
4623200629,6,26,2622,1068826767,7173,2012-06-14,20,CT,1,2.09
4623200629,6,26,2630,1068826767,81691,2012-10-26,80,CT,1,1
4623200629,6,51,5125,102580020,16668,2012-12-07,9.5,OZ,1,3
4623200629,6,51,5115,101960010,3174,2013-01-17,5.22,OZ,1,1.25
4623200629,6,20,2002,105100050,27873,2013-04-14,48,OZ,1,4.99
4623200629,6,34,3402,1030029939,3224,2013-04-14,4.5,OZ,1,4.29
4623202728,152,99,9909,107143070,5072,2012-06-06,8,OZ,1,1.5
4623202728,152,26,2630,1068826767,81691,2013-03-06,144,CT,2,2
4623203034,153,33,3312,103700030,14494,2012-05-10,13.3,OZ,1,6.99
4623203034,153,30,3010,102100020,9886,2013-02-05,16,OZ,1,3.49
4623203034,153,25,2506,105000050,32115,2013-02-17,16,OZ,2,5.18
4623203034,153,36,3630,107800070,5208,2013-03-22,67.6,OZ,1,1.79
4623203139,153,33,3312,103700030,14494,2012-12-27,5.82,OZ,1,3.15
4623203139,153,49,4901,101312010,26885,2013-03-30,28,OZ,1,3.39
4623206170,153,9,907,107347272,6562,2012-03-17,24,OZ,1,4.99
4623206951,6,4,418,104000040,26517,2012-11-01,11,OZ,1,3.69
4623207215,152,97,9753,1020454929,0,2012-08-17,1,CT,1,1.45
4623209957,6,9,907,107519979,2771,2012-12-01,13,OZ,1,3.49
4623212131,6,33,3303,104178040,19154,2012-08-10,14.5,OZ,1,4
4623212131,6,26,2604,101090010,15232,2012-10-26,36,CT,2,5
4623213706,152,9,921,101123313,17933,2012-04-04,4,OZ,1,0.79
4623213706,152,8,818,107764474,64256,2012-06-06,24,OZ,8,16
4623218062,152,26,2630,103700030,14647,2012-05-25,372,CT,1,6.19
4623218062,152,7,709,1076211171,18071,2012-06-25,1.51,OZ,1,9.99
4623218062,152,59,5906,104060040,26155,2012-08-29,15,OZ,1,3.79
4623218095,152,9,907,107518575,11221,2012-03-24,15,OZ,1,3.49
4623218188,152,95,9518,107000070,7848,2012-08-12,1,CT,1,0.99
4623218188,152,67,6703,107214070,5929,2013-01-24,3,OZ,1,7.69
4623219684,152,21,2113,102500020,11749,2013-04-21,67.5,OZ,2,6.98
4623220779,153,63,6315,107545777,7025,2012-10-12,32,OZ,1,1.89
4623222153,6,57,5707,107047070,20230,2012-04-27,18,OZ,1,2.99
4623223352,153,5,501,101600010,3396,2012-11-18,14,OZ,1,3.99
4623223352,153,35,3509,107261373,401,2012-12-09,50,OZ,1,4.99
4623224921,152,72,7209,103700030,26880,2012-04-29,43.7,YD,1,3.99
4623224921,152,4,419,103746636,10488,2012-09-08,4.4,OZ,1,2.79
4623225560,6,36,3601,101200010,13794,2012-05-18,67.6,OZ,1,1.99
4623225560,6,59,5906,104060040,26155,2012-06-20,15,OZ,2,5.98
4623225560,6,58,5823,102730020,5898,2012-09-21,3,OZ,1,2.99
4623225560,6,40,4004,104100040,10522,2012-11-28,1.25,OZ,1,1.39
4623225560,6,5,520,103000030,14760,2012-12-07,18,OZ,1,2.99
4623225741,153,31,3110,103760030,8501,2012-06-03,3,OZ,1,2.59
4623225741,153,51,5125,102580020,16668,2013-02-07,8.5,OZ,1,2.5
4623225741,153,31,3101,1068826767,81691,2013-03-02,0.75,OZ,1,1.99
4623226173,152,9,901,104400040,13243,2012-05-12,15.35,OZ,1,4.38
4623227835,153,18,1854,1068826767,7740,2012-07-20,8,CT,1,1
4623227835,153,26,2619,1068826767,20429,2012-11-05,30,CT,1,2.39
4623229793,152,23,2301,107680878,1393,2013-02-15,16,OZ,1,1.39
4623230753,152,56,5616,104610040,15889,2012-06-10,8,OZ,1,4.29
4623230753,152,57,5706,1068826767,81691,2012-08-01,32,OZ,1,2.19
4623232294,6,8,811,103620030,1698,2012-03-25,15,OZ,1,3.19
4623233186,152,7,707,1068826767,7740,2012-10-26,34.5,OZ,1,5.5
4623234319,152,2,214,107468373,56499,2012-04-26,24,OZ,1,4.19
4623234742,153,10,1010,105260050,6520,2012-03-21,7.5,OZ,1,1.19
4623234742,153,9,901,1068826767,81691,2012-04-04,8.9,OZ,1,1
4623234742,153,9,913,1083584181,6283,2012-07-18,12,OZ,2,7.98
4623234742,153,21,2111,104124444,11218,2012-12-19,25.4,OZ,1,3.69
4623234951,152,57,5710,1068954464,6086,2013-03-04,5.3,OZ,4,5.96
4623236684,152,56,5620,1068826767,81691,2012-04-12,32,OZ,1,7.59
4623236684,152,14,1404,1085441787,20938,2012-09-04,32,OZ,1,9.99
4623236684,152,57,5705,103663232,4568,2012-11-08,16,OZ,1,2.79
4623237825,153,9,902,104400040,18775,2012-07-14,9,OZ,1,3.29
4623237825,153,19,1908,104800141,16564,2013-05-25,16.3,OZ,1,2.69
4623238173,6,37,3706,104119646,14582,2013-01-18,19,OZ,1,2
4623238173,6,56,5609,107148171,6765,2013-06-07,5,OZ,6,6
4623239863,6,39,3903,1064420969,74550,2012-04-14,24,OZ,1,3.99
4623239863,6,31,3101,1068826767,7173,2012-12-23,5.75,OZ,1,3.49
4623239863,6,26,2628,103040030,17034,2013-03-02,2,RL,1,3.49
4623245306,153,9,902,108136383,12592,2012-08-05,7.2,OZ,1,3.5
4623251063,152,63,6319,102073525,18893,2012-05-16,128,OZ,1,2.99
4623254394,153,49,4901,105621050,25366,2012-04-01,21.16,OZ,1,2.29
4623255077,153,96,9609,10992800090,88199,2012-04-07,0,,1,0
4623255077,153,39,3903,1068826767,7173,2012-04-07,36,OZ,1,3.29
4623255077,153,17,1704,102570020,27327,2012-08-05,20,OZ,2,9.76
4623255959,153,25,2506,105000050,32115,2012-11-06,16,OZ,3,7.47
4623258175,152,99,9904,1088100686,22121,2012-04-30,6,OZ,1,3.99
4623259603,152,36,3618,104900040,23359,2013-02-22,101.4,OZ,3,13.47
4623259603,152,56,5607,102100020,2321,2013-04-05,8,OZ,1,2.79
4623259646,152,18,1828,101980010,15181,2012-06-18,7.5,OZ,2,2.78
4623259646,152,33,3310,1081422686,56884,2012-11-17,4.5,OZ,1,3.99
4623261230,152,7,707,102550020,6550,2013-05-11,27.8,OZ,1,11.99
4623269351,153,99,9904,1071575676,5278,2012-05-21,6,OZ,2,7.98
4623269601,6,23,2301,1068826767,7173,2013-03-02,12,OZ,1,1
4623272903,152,27,2713,102310020,3223,2012-04-25,3.5,OZ,3,2.25
4623276418,153,63,6330,104410040,8481,2012-03-03,16,OZ,1,2.09
4623276418,153,97,9799,104152040,16665,2012-11-04,1,CT,1,1.99
4623276418,153,4,418,103400030,20231,2012-12-07,12,OZ,1,4.19
4623278021,6,36,3626,104900040,17186,2012-11-05,20,OZ,1,1.79
4623279145,153,9,907,105040050,95440,2012-09-02,12,OZ,1,3.29
4623279172,152,44,4405,104164141,7378,2012-11-15,13,OZ,1,4.59
4623279172,152,37,3708,107107272,382,2013-01-14,6,OZ,2,5.3
4623281614,153,33,3319,102840020,15598,2012-07-13,9,OZ,1,3.99
4623281614,153,51,5125,102580020,16668,2012-12-29,6,OZ,2,6
4623283700,152,63,6321,107020070,11244,2013-01-22,8.75,OZ,1,3.99
4623292956,152,37,3707,105100050,17812,2012-03-05,14.5,OZ,1,1.25
4623292956,152,3,310,107045070,4913,2012-04-07,2.25,OZ,1,2.99
4623298391,152,63,6305,101630010,6509,2012-04-27,16,OZ,2,3.18
4623301376,152,23,2310,107484777,16228,2012-09-17,14,OZ,3,10.5
4623301376,152,63,6313,107170070,1142,2013-02-15,16,OZ,1,2.69
4623302520,153,9,902,104400040,18775,2013-04-19,7.6,OZ,1,3.49
4623304340,153,59,5907,1068826767,81691,2013-05-09,16,OZ,1,1.69
4623304809,153,9,908,107203070,5812,2013-01-08,14,OZ,2,13.38
4623308288,153,99,9909,102112020,20616,2012-09-17,12,OZ,1,3.99
4623310658,6,58,5831,1068826767,7173,2013-07-16,20.8,OZ,1,6.99
4623312005,152,99,9908,102112020,20616,2012-04-20,16,OZ,1,1.89
4623313051,152,57,5710,103000030,12172,2012-10-20,5.3,OZ,2,2.9
4623313051,152,5,501,101600010,3331,2013-01-12,13.1,OZ,1,3.99
4623313067,152,26,2628,103600030,9787,2012-06-10,8,RL,1,15.49
4623316500,6,37,3705,105100050,2820,2013-02-27,18.6,OZ,1,2.19
4623324844,152,26,2629,1068826767,18552,2013-01-11,250,CT,1,2.19
4623325149,153,54,5401,103800030,5618,2012-04-22,11.6,OZ,2,5.98
4623325149,153,57,5704,104667545,20216,2012-09-12,6,OZ,4,3.56
4623325149,153,56,5613,103114232,25202,2012-12-02,8,OZ,1,4.99
4623325149,153,9,901,104400040,13243,2013-06-18,15.35,OZ,1,3.79
4623325215,153,58,5824,104450040,8318,2012-04-07,12,OZ,1,4.99
4623325215,153,5,501,101600010,10797,2012-12-02,16,OZ,1,4.69
4623325215,153,58,5824,1068826767,81691,2013-01-16,16,OZ,1,3.99
4623326352,153,33,3305,102840020,5141,2012-10-23,11.5,OZ,2,8.58
4623326352,153,5,501,101600010,15114,2013-07-06,13,OZ,1,3.29
4623329865,152,33,3305,102840020,5141,2013-03-16,12,OZ,1,4.29
4623331612,6,21,2119,108390080,12546,2012-10-05,67.6,OZ,1,1.49
4623331612,6,73,7329,103076838,40874,2012-12-28,80,CT,2,59.98
4623338908,152,56,5609,102100020,2321,2012-03-05,16,OZ,1,3.49
4623339302,6,99,9908,101228919,20877,2012-09-07,6,OZ,1,1.5
4623343069,153,51,5117,1068826767,7173,2012-03-08,6.5,OZ,1,1
4623343069,153,10,1011,102354525,9997,2012-03-30,8,OZ,1,1.59
4623343069,153,10,1011,102354525,9997,2012-04-03,6.75,OZ,1,0.79
4623343995,153,27,2706,105000050,6132,2012-04-02,3,OZ,5,3
4623348878,153,37,3703,105100050,2820,2012-12-26,10.75,OZ,2,2.78
4623350289,152,27,2705,105000050,6775,2012-06-07,5.5,OZ,8,4.24
4623350289,152,27,2707,101780010,3108,2012-08-01,3.15,LB,1,4.99
4623350289,152,26,2633,105400050,16048,2012-11-30,12,RL,1,10.69
4623353250,152,5,502,101600010,1756,2012-05-06,16,OZ,1,4.49
4623354952,6,63,6312,102500020,11749,2012-07-02,59,OZ,1,2.19
4623356953,152,7,707,104300040,11339,2013-03-05,29.3,OZ,0,0
4623357243,153,25,2508,105385959,84,2013-02-14,64,OZ,2,7.98
4623358377,6,18,1813,105113151,16044,2012-07-17,1,RL,1,3.49
4623358377,6,60,6012,101800010,14029,2012-12-31,17.5,OZ,1,3.99
4623358377,6,63,6315,1068826767,81691,2012-12-31,128,OZ,1,3.99
4623358377,6,17,1719,101920010,10882,2013-02-25,6.17,OZ,2,9.98
4623360711,6,7,709,109955595,68135,2012-11-23,4.8,OZ,1,8.49
4623363542,153,63,6315,104138343,10091,2012-04-01,96,OZ,1,5.99
4623363542,153,9,901,104400040,12600,2012-07-08,14,OZ,1,4.49
4623364673,152,99,9908,1071651979,11085,2012-05-06,6,OZ,1,3.79
4623376823,6,22,2211,103320030,875,2012-07-29,40,CT,1,1.99
4623376823,6,2,202,101600010,1756,2012-11-10,19.9,OZ,1,2.29
4623378297,152,30,3008,104133545,43106,2013-06-09,16,OZ,1,4.49
4623378989,152,36,3635,1068826767,107379,2012-09-04,33.8,OZ,2,1.34
4623378989,152,63,6321,104082242,15667,2012-09-09,4.56,OZ,2,4
4623379300,152,26,2634,103600030,4139,2012-05-04,6,RL,1,5.99
4623383382,152,9,917,104335444,25412,2013-02-03,17,OZ,1,2.19
4623385217,153,36,3629,104900040,6716,2013-03-04,144,OZ,1,5.79
4623388424,152,36,3604,107800070,2829,2012-07-04,144,OZ,1,5.99
4623391608,6,55,5567,1078978575,16558,2012-07-15,5.8,OZ,3,4.5
4623391608,6,27,2709,102310020,18139,2012-08-28,3.45,OZ,1,2
4623391608,6,9,907,107519979,2771,2012-09-14,15,OZ,1,3.49
4623391608,6,99,9904,1071575676,5278,2012-09-27,16,OZ,1,3.99
4623391608,6,9,907,101410010,13791,2012-10-27,16,OZ,2,8.58
4623391608,6,53,5307,1068826767,20616,2013-01-24,16,OZ,2,3.34
4623392498,153,56,5615,102100020,4218,2012-05-28,8,OZ,3,11.07
4623392498,153,11,1111,103800030,17050,2013-03-11,40,OZ,1,6.99
4623393132,153,63,6320,107954878,10165,2012-04-02,12,CT,2,5.78
4623393132,153,97,9753,1081204989,0,2012-06-05,1,CT,1,5.99
4623395782,152,73,7302,1034152030,2963,2012-06-08,100,CT,1,2.49
4623395782,152,28,2805,104133141,7531,2012-06-16,2,OZ,1,1.69
4623395782,152,25,2506,105000050,32115,2012-06-29,16,OZ,1,2.69
4623396991,153,49,4901,1068826767,7173,2013-01-11,32,OZ,1,2.99
4623399536,152,4,405,1060069969,55864,2012-03-06,10.5,OZ,1,1.69
4623400384,153,63,6312,102066222,12598,2012-08-03,59,OZ,1,2.59
4623400384,153,25,2505,105000050,32115,2013-02-22,32,OZ,3,10.47
4623403918,152,95,9518,1061029060,7848,2012-04-30,1,CT,1,2.69
4623403918,152,18,1828,102340020,15181,2012-08-12,7.5,OZ,1,1.39
4623403918,152,26,2609,1068826767,20616,2013-01-30,100,CT,1,2.75
4623405108,152,4,416,104000040,26517,2012-06-04,3.18,OZ,1,1.39
4623405108,152,41,4121,107294070,18909,2012-07-30,28,OZ,1,1.79
4623405516,153,74,7407,107033070,1783,2012-07-07,4,CT,1,6.29
4623405516,153,51,5121,104369545,10274,2012-10-27,9,OZ,2,6
4623405516,153,27,2704,107910070,85180,2013-03-02,7,OZ,1,1.69
4623407660,152,9,907,1068826767,81691,2012-03-15,18,OZ,1,2
4623407660,152,33,3301,107781777,1235,2012-03-26,4,OZ,1,2.79
4623407660,152,71,7114,108087888,13505,2012-03-28,11.5,OZ,1,4.29
4623407660,152,9,901,104400040,13243,2012-07-04,15.35,OZ,1,4.39
4623407660,152,29,2904,101530010,13610,2012-12-18,4.6,OZ,2,3
4623407660,152,4,418,103400030,57369,2012-12-31,10,OZ,1,4.19
4623408470,6,71,7113,104589343,5168,2012-06-12,12,OZ,2,7.98
4623411089,152,59,5902,1068826767,81691,2013-03-30,16,OZ,1,3.99
4623411089,152,31,3101,1068826767,7173,2013-03-31,1.4,OZ,1,2.19
4623411089,152,59,5902,103450030,10165,2013-04-13,8,OZ,2,4.58
4623413236,153,56,5614,107403070,16922,2012-04-11,12,OZ,1,4.49
4623413236,153,37,3703,105100050,2820,2013-02-17,10.75,OZ,1,1.89
4623414794,152,9,902,101410010,45039,2013-02-22,6.6,OZ,1,2.39
4623415885,152,27,2705,105000050,6775,2012-05-10,5.5,OZ,4,2.12
4623415885,152,51,5115,101960010,3174,2012-06-28,6.15,OZ,1,1.25
4623416965,152,0,0,10000,20405,2013-03-11,0,,1,13.74
4623417106,152,9,901,103010030,6852,2012-03-03,10,OZ,1,4.29
4623418144,6,8,818,105100050,14403,2013-01-13,45,OZ,1,3.79
4623419247,153,51,5126,101380010,27474,2012-04-13,20,OZ,1,4.19
4623419247,153,56,5611,104175747,10216,2012-10-12,6,OZ,1,3.69
4623420725,152,29,2906,102548424,12334,2012-12-15,12,OZ,2,5.98
4623420746,152,19,1905,1018028616,25820,2013-03-30,12.3,OZ,1,4.29
4623422159,152,9,902,1068826767,16481,2012-03-04,4.4,OZ,1,2.19
4623423052,152,58,5824,1068826767,81691,2012-12-01,16,OZ,2,7.98
4623423702,152,33,3303,108411484,9596,2012-06-12,8.5,OZ,1,3.69
4623423702,152,63,6316,102100020,2321,2012-12-26,16,OZ,2,5.78
4623425680,153,63,6314,1068826767,81691,2013-02-23,16,OZ,1,1.99
4623426106,152,4,418,102363727,42939,2012-03-29,16,OZ,1,4.19
4623426106,152,51,5125,101380010,10271,2012-04-22,15.38,OZ,2,8.58
4623428613,6,56,5616,104610040,15889,2012-07-22,7,OZ,1,3.49
4623428613,6,37,3707,105100050,17812,2012-10-27,32,OZ,1,2.75
4623428613,6,63,6305,104850040,18799,2013-01-14,59,OZ,1,3.99
4623428824,153,59,5906,104060040,26155,2012-05-25,15,OZ,1,3.59
4623428924,152,18,1802,104152040,16665,2013-03-11,1,CT,3,3.87
4623437372,152,41,4107,102400020,4704,2012-12-16,14.75,OZ,3,4.05
4623437372,152,63,6305,102500020,16489,2013-01-20,59,OZ,2,7.18
4623437417,152,55,5564,101626414,21015,2012-07-07,60,OZ,1,19.99
4623438219,153,7,707,1068826767,7740,2013-01-12,11,OZ,1,2
4623438219,153,97,9707,1068826767,7173,2013-03-30,3,CT,1,2.65
4623438752,6,2,214,105150050,8604,2013-02-07,32,OZ,1,2.99
4623439168,153,10,1010,105150050,16728,2012-06-18,20,OZ,1,3.15
4623439168,153,56,5621,1068826767,33170,2012-08-17,8,OZ,1,2.29
4623439168,153,33,3307,104157040,2017,2013-03-29,4.38,OZ,1,2.85
4623442862,152,25,2505,105000050,32115,2013-01-31,64,OZ,1,4.79
4623445759,152,73,7304,1030004535,18961,2013-01-04,8,OZ,1,6.99
4623446493,153,97,9753,1020407323,0,2012-05-05,1,CT,1,2.27
4623446493,153,97,9753,1020406525,0,2012-05-22,1,CT,1,2.33
4623451375,152,56,5616,104242141,2071,2012-12-08,7,OZ,1,5.99
4623451375,152,33,3303,1068826767,81691,2012-12-23,10,OZ,1,2.5
4623453595,6,8,818,1068826767,81691,2012-04-27,26,OZ,1,2.99
4623453595,6,97,9753,1020449828,0,2012-08-17,1,CT,1,8.14
4623453595,6,63,6316,107342070,4529,2012-08-20,8,OZ,1,1.59
