2265787564,165,71,7107,107124979,21913,2013-03-08,1,CT,1,7.99
2265797588,151,57,5705,107047070,20230,2013-02-22,6,OZ,5,3
2265804623,12,29,2902,106414464,4790,2013-03-06,15,OZ,2,3.98
2265810944,89,97,9753,1021006222,0,2012-11-15,1,CT,1,12.84
2265810944,89,57,5707,107047070,20230,2013-03-12,12,OZ,1,2
2265810944,89,60,6012,101800010,14029,2013-06-03,12.4,OZ,1,2.18
2265821028,140,63,6320,104157343,16706,2012-04-19,6,CT,1,0.95
2265821028,140,63,6315,101111010,16706,2013-02-19,128,OZ,1,2.99
2265826191,2,9,912,101111010,19214,2012-05-03,18,OZ,1,1.99
2265826191,2,0,0,10000,0,2012-06-27,0,,2,0
2265826191,2,9,907,101111010,19751,2012-07-08,24,OZ,1,1.49
2265826733,140,36,3629,104900040,6716,2012-03-14,144,OZ,2,10.98
2265826733,140,8,836,101111010,9907,2012-09-13,32,OZ,1,1.12
2265829578,140,33,3307,101111010,9907,2012-11-15,12,OZ,2,3.34
2265847391,166,55,5567,107064070,2014,2012-07-01,45,OZ,1,5.99
2265847391,166,6,603,105000050,3001,2013-01-27,13,OZ,1,3.99
2265861105,184,9,907,1074164373,10768,2012-11-12,20,OZ,1,1.49
2265863805,184,29,2906,102548424,12334,2013-02-06,16,OZ,1,2.99
2265865669,184,26,2629,103700030,2248,2012-11-05,200,CT,2,7.3
2265881811,96,58,5837,104470040,13310,2013-06-19,2.52,OZ,2,7.98
2265882192,96,64,6408,108500080,86330,2012-06-03,0.75,LT,2,23.98
2265882192,96,95,9518,1061029060,6015,2012-12-28,1,CT,1,3.99
2265903196,214,99,9908,1073447575,52605,2012-08-31,16,OZ,1,1.98
2265910284,214,23,2301,107112070,66627,2012-04-10,5,OZ,1,0.27
2265910284,214,4,419,107432373,15275,2012-06-17,1.59,OZ,1,0.5
2265910284,214,19,1905,104122040,20514,2012-11-08,18,OZ,1,1.72
2265910284,214,10,1013,104122040,23511,2013-04-15,16,OZ,1,1.76
2265956709,46,17,1704,102570020,27327,2013-03-10,22,OZ,1,2.5
2266005561,4,9,904,1078735979,6734,2012-10-10,5,OZ,1,1.99
2266009665,4,29,2927,107225171,12502,2012-10-28,4.7,OZ,1,2.99
2266031897,360,21,2119,101200010,10522,2012-10-09,288,OZ,1,8.99
2266031897,360,5,501,1088491282,8459,2012-11-08,14.5,OZ,2,8.38
2266031897,360,37,3709,104178949,11224,2013-05-09,18,OZ,1,1.49
2266305135,233,56,5607,102100020,13967,2013-03-25,12,OZ,1,3.79
2266313298,42,21,2118,108079383,6926,2012-08-18,33.8,OZ,1,1.29
2266313298,42,18,1835,104460040,9709,2012-08-26,12.5,LB,1,9.49
2266313298,42,36,3630,104900040,3809,2012-11-24,144,OZ,1,5.49
2266313298,42,16,1604,102200020,6021,2013-01-24,15,CT,1,1.29
2266313298,42,33,3321,107332171,17710,2013-02-01,9,OZ,2,5.98
2266314879,42,9,908,107203070,5812,2012-03-08,4,OZ,1,1.59
2266425804,376,30,3008,107110070,8280,2013-03-14,24,OZ,1,3.74
2266425804,376,63,6315,1071754474,17653,2013-05-30,32,OZ,1,1.17
2266641520,31,14,1415,103890030,5072,2012-11-02,15.25,OZ,4,6.67
2266641520,31,14,1415,103890030,5072,2013-02-08,15.25,OZ,4,8
2266645823,31,99,9908,107464171,4170,2013-01-03,7,OZ,1,2.5
2266686894,31,96,9609,1052529353,88199,2012-04-23,0,,1,-0.55
2266686894,31,22,2201,104460040,3718,2013-01-08,55,OZ,2,3.95
2266686894,31,4,405,102114020,19950,2013-04-02,10,OZ,2,1.95
2266688773,31,57,5705,103663232,4568,2012-03-15,24,OZ,1,2
2266720147,31,22,2207,103700030,18371,2012-03-29,21,OZ,1,3.79
2266720147,31,41,4108,102114020,19950,2013-01-06,15.5,OZ,4,2.32
2266720147,31,9,902,101410010,45039,2013-01-31,6.6,OZ,2,2.39
2266720147,31,21,2105,104900040,14357,2013-03-07,32,OZ,6,6
2266720147,31,51,5126,1073891272,2225,2013-03-27,14.5,OZ,1,2.79
2266722062,31,27,2707,101901414,8664,2013-01-09,3.5,LB,1,6.99
2266737158,16,26,2620,104200040,5016,2012-06-22,100,CT,1,3.99
2266737158,16,63,6315,1075480777,610,2012-09-09,64,OZ,1,2.75
2266737856,16,25,2508,107062575,29352,2012-03-28,64,OZ,1,2.89
2266742480,85,51,5117,103680030,3679,2012-03-22,6.1,OZ,2,1.76
2266744416,85,5,501,1060788060,16965,2012-04-11,17.3,OZ,1,0.24
2266744416,85,9,908,107247070,9903,2012-06-06,9.7,OZ,1,2.99
2266744416,85,22,2210,103700030,6947,2013-02-27,64,OZ,1,3.48
2266745029,85,1,106,101500010,29555,2012-07-22,1,OZ,1,2.99
2266745029,85,36,3601,104900040,3809,2012-08-14,67.6,OZ,4,4.79
2266748595,85,2,213,107248676,9190,2013-01-19,8.5,OZ,1,0.5
2266762895,21,9,902,103010030,3744,2012-04-06,16,OZ,1,3.29
2266762895,21,53,5307,102880020,7907,2012-12-06,14,OZ,4,5.72
2266762895,21,97,9753,1020000525,0,2013-01-11,1,CT,1,5.38
2266763004,21,9,907,107167373,17480,2013-01-07,11,OZ,1,3.19
2266763522,21,63,6305,102500020,11749,2012-09-16,59,OZ,2,3.98
2266765856,21,12,1203,107030373,16112,2012-11-26,4.38,OZ,1,1.79
2266793729,100,74,7402,105100959,1372,2012-06-20,10,OZ,2,3.38
2266793729,100,9,920,103010030,9530,2012-07-28,11,OZ,1,2.5
2266794570,100,53,5305,102000020,7655,2013-03-06,10,OZ,7,7
2266794815,100,7,708,1078778070,12564,2012-04-23,11,OZ,1,4.99
2266794815,100,16,1604,102200020,20100,2012-12-14,15,CT,1,1
2266805544,8,36,3635,104113040,17690,2012-05-16,33.8,OZ,2,2.38
2266805544,8,58,5824,104450040,8318,2012-12-30,12,OZ,1,4.99
2266815580,101,58,5823,101590010,1366,2012-04-04,12,OZ,1,1.25
2266815580,101,0,0,10000,20405,2012-06-08,0,,1,-1.51
2266815580,101,33,3303,107493171,11657,2012-07-30,2.5,OZ,1,0.99
2266815580,101,36,3601,101200010,13794,2012-09-10,20,OZ,1,1.59
2266815858,101,31,3101,1068826767,7173,2012-10-31,2.12,OZ,1,2.05
2266821367,77,56,5620,102100020,9886,2012-12-24,8,OZ,1,3.49
2266821367,77,27,2705,107910070,85,2013-03-13,22,OZ,1,2
2266821710,77,26,2620,104116545,16879,2012-08-03,30,CT,1,2.5
2266821710,77,4,407,103400030,18947,2012-08-13,12.4,OZ,1,2
2266825288,101,58,5824,102836424,14418,2013-01-02,16,OZ,1,3.5
2266838145,70,63,6316,1072543979,40679,2012-07-04,16,OZ,1,1.57
2266846743,65,4,412,107279979,19735,2012-06-05,10,OZ,2,6.29
2266892941,83,47,4706,107120272,5072,2012-11-23,4,OZ,8,17.52
2266892941,83,96,9632,107675070,2576,2012-12-21,1,CT,1,25
2266897373,98,41,4105,102700020,8612,2012-04-01,14.5,OZ,1,0.98
2266897373,98,0,0,10000,0,2012-12-24,0,,2,0
2266897373,98,9,907,1068833969,6434,2013-03-11,11.2,OZ,2,3.99
2266899438,211,55,5552,102073525,18893,2012-06-30,48,OZ,1,2.99
2266899788,431,33,3313,102840020,10241,2012-04-08,15,OZ,2,7.38
2266899788,431,36,3630,107800070,5208,2012-07-27,20,OZ,1,1.59
2266899788,431,63,6316,101111010,9907,2012-10-16,16,OZ,1,1.5
2266902703,126,58,5828,107790070,9200,2012-04-15,9.6,OZ,1,4.49
2266903000,133,60,6011,101800010,14029,2012-08-10,16.3,OZ,2,2.58
2266911286,89,26,2632,103600030,8583,2012-12-17,56,CT,1,1.99
2266911286,89,58,5824,104450040,8318,2013-03-16,13.5,OZ,2,5
2266916727,58,10,1013,101111010,9907,2012-08-23,16,OZ,2,3.16
2266922669,140,63,6312,102500020,16487,2013-04-05,59,OZ,1,2.29
2266924101,140,95,9518,1061029060,6015,2012-06-13,1,CT,1,3.99
2266924101,140,29,2904,101530010,13610,2013-06-11,4.9,OZ,2,2
2266924497,140,97,9744,107934070,10649,2012-04-18,0.14,OZ,4,15.56
2266925773,140,58,5823,101111010,20588,2012-07-31,8,OZ,1,4.59
2266940329,26,28,2806,1079783373,6780,2012-11-17,25,OZ,1,2.79
2266940329,26,58,5823,104470040,13310,2013-01-31,9,OZ,1,2.74
2266940427,83,51,5127,103100030,1358,2012-10-26,7.1,OZ,1,1
2266940427,83,51,5126,102113121,11151,2013-02-22,14,OZ,4,11.08
2266949159,89,99,9908,101111010,9907,2013-02-16,16,OZ,1,1.69
2266961386,89,41,4107,101111010,9907,2012-11-04,15,OZ,3,4.07
2266961386,89,63,6305,102500020,16489,2013-05-30,89,OZ,1,6.99
2266962482,431,27,2701,101111010,13891,2012-04-16,22,OZ,6,5.7
2266962482,431,51,5115,107218070,18520,2013-05-12,15,OZ,1,1.99
2266964808,58,37,3703,105100050,2820,2012-11-03,10.75,OZ,1,0.79
2266964808,58,33,3318,101111010,9907,2013-01-27,12,OZ,1,1.64
2266976208,140,99,9909,101111010,28083,2012-06-28,8,OZ,1,1.99
2266976593,140,9,908,104500040,8511,2012-05-28,3,OZ,1,1
2266976593,140,51,5121,104369545,8522,2012-11-03,9,OZ,1,2.34
2266976593,140,33,3312,103700030,14494,2012-11-03,6.38,OZ,3,2.97
2266976593,140,9,902,104400040,18775,2013-01-05,7.6,OZ,1,2.77
2266977403,140,33,3303,101111010,9907,2012-06-25,11,OZ,1,2
2266991785,191,33,3309,101111010,6678,2012-04-21,10,OZ,1,1
2266991785,191,51,5126,101380010,27474,2013-01-15,12,OZ,2,4.68
2267058630,184,37,3703,105100050,2820,2013-02-16,10.75,OZ,2,2.18
2267058630,184,37,3703,105100050,2820,2013-02-16,10.5,OZ,2,3.5
2267066040,184,30,3001,105250050,5337,2012-06-28,32,OZ,1,4.15
2267066040,184,73,7344,103680030,18533,2013-02-27,30,CT,1,6.45
2267074172,184,33,3318,107797575,27417,2012-04-20,16,OZ,1,3.29
2267074172,184,26,2628,103700030,2248,2012-07-09,8,RL,1,9.99
2267074172,184,9,922,102430020,10577,2013-01-08,11,OZ,1,1.79
2267076096,184,73,7310,103680030,18533,2012-04-29,24,CT,2,9.98
2267076096,184,19,1908,105150050,9189,2013-04-30,80,OZ,1,12.99
2267086089,184,9,920,107641070,10160,2012-05-28,7.8,OZ,2,5.98
2267086841,184,8,810,105210050,11382,2012-11-30,1,OZ,2,2.78
2267093186,96,9,970,103800030,62065,2013-02-23,14,OZ,1,2
2267094275,96,73,7357,103076838,17627,2012-06-18,100,CT,6,18.74
2267094275,96,30,3009,104100040,19975,2012-08-02,16,OZ,1,2
2267094275,96,45,4511,102370020,18969,2012-08-31,25.5,OZ,1,5.99
2267094371,96,95,9518,1061029060,7848,2012-06-17,1,CT,1,3.69
2267094371,96,53,5307,102880020,7907,2012-11-30,10,OZ,2,3.98
2267094371,96,54,5402,101960010,1058,2013-03-11,12.5,OZ,1,2.99
2267094955,96,0,0,10000,0,2012-07-02,0,,1,0
2267095330,96,33,3307,104157040,2017,2012-10-21,6,OZ,2,6
2267095330,96,33,3317,104400040,36320,2012-12-10,5.52,OZ,2,5
2267095330,96,7,709,109955595,17882,2012-12-18,6.3,OZ,1,6.99
2267095345,96,36,3618,104900040,23359,2012-09-23,144,OZ,6,21.66
2267095345,96,29,2920,101114010,8604,2013-02-23,3.75,OZ,5,5
2267097104,96,16,1604,102200020,6021,2012-08-26,15,CT,1,1
2267097128,96,36,3601,101200010,13794,2012-03-30,67.6,OZ,2,3.98
2267097128,96,96,9632,107675070,27203,2012-05-25,1,CT,1,25
2267097128,96,95,9518,1072047373,7848,2013-05-26,1,CT,1,3.49
2267097439,96,8,807,101300010,9031,2012-03-24,19,OZ,1,2.99
2267120064,214,55,5558,104767747,26517,2013-02-08,24,OZ,1,3.5
2267128925,214,27,2701,101113212,491,2012-04-15,13,OZ,3,2.04
2267130123,214,8,836,104122040,20514,2012-08-06,128,OZ,1,1.98
2267130123,214,26,2619,104122040,23511,2012-08-11,20,CT,1,6.88
2267214977,46,9,907,107131474,1061,2012-05-07,17,OZ,1,3.29
2267214977,46,5,519,103000030,14760,2012-12-19,2.46,OZ,1,1.79
2267214977,46,96,9609,1052570050,88199,2012-12-19,0,,1,-1
2267214977,46,41,4120,102700020,8612,2013-01-25,6,OZ,1,0.55
2267330379,46,41,4107,101760010,2443,2012-03-20,40,OZ,1,2.29
2267359548,17,99,9901,1087520888,21532,2012-07-27,4,OZ,1,3
2267360981,17,59,5902,103450030,10165,2012-12-18,16,OZ,1,3.49
2267434802,18,51,5125,105010050,8089,2012-03-11,10.7,OZ,1,2.5
2267461698,360,10,1010,103400030,8247,2012-09-03,24,OZ,1,2.59
2268041128,233,3,302,104130343,38922,2012-10-23,12,OZ,2,4.98
2268056293,42,51,5125,101380010,10271,2012-08-03,6,OZ,2,6.58
2268056696,42,79,7903,107098979,13776,2012-07-10,1,CT,1,3.99
2268057912,42,51,5115,107192171,78492,2012-05-28,13.5,OZ,1,6.99
2268059628,42,63,6315,101122515,19197,2013-04-12,128,OZ,1,3.19
2268059628,42,25,2503,105000050,32115,2013-04-14,11,OZ,1,2.69
2268059837,42,8,836,107040474,14245,2012-12-23,16,OZ,1,2.29
2268060086,42,5,516,101600010,12426,2012-11-24,6,OZ,2,7.38
2268060086,42,57,5710,103663232,4568,2013-02-18,21.2,OZ,2,7.98
2268060127,42,33,3305,102840020,5141,2012-12-15,11.5,OZ,1,4.29
2268060666,42,55,5552,102073525,18893,2012-03-05,16,OZ,1,2.39
2268061357,42,25,2509,104149747,19710,2012-06-10,16,OZ,1,1.49
2268098216,108,63,6320,1075480777,610,2012-03-23,12,CT,1,2.49
2268098216,108,71,7113,106799060,6324,2012-04-27,13,OZ,2,7.58
2268291369,376,63,6315,1071754474,17653,2012-08-26,128,OZ,1,3.54
2268294822,24,99,9909,107127979,6732,2013-03-10,5,OZ,1,3
2268297571,24,26,2634,103700030,3293,2013-02-03,4,RL,1,3.99
2268313706,377,14,1416,102400020,4704,2013-01-04,14.5,OZ,1,1.85
2268370987,384,53,5309,104218747,1722,2012-07-12,8,CT,2,10.18
2268370987,384,51,5116,107192171,25673,2012-10-20,26.4,OZ,1,11.59
2268370987,384,8,808,102100020,9886,2013-01-07,12,OZ,1,3.39
2268875904,31,27,2702,107910070,33128,2012-06-15,17.6,LB,1,10.96
2268875904,31,24,2415,103760030,11238,2012-11-10,15,OZ,6,14
2268876023,31,33,3303,102840020,10241,2012-08-04,10,OZ,2,7
2268876023,31,4,418,103400030,8247,2012-10-11,18.5,OZ,1,4.99
2268913134,31,36,3601,104900040,3809,2013-01-18,101.4,OZ,3,9
2268913513,31,55,5552,107756777,2347,2012-11-12,48,OZ,4,12.98
2268914980,16,45,4511,1075480777,610,2012-07-05,28,OZ,1,4.99
2268918406,85,8,818,105100050,14403,2012-10-26,45,OZ,1,2.99
2268921146,85,55,5558,108793282,13877,2012-10-21,35,OZ,1,5.76
2268932117,240,41,4108,104133141,7531,2012-04-28,15.5,OZ,1,0.89
2268932117,240,97,9753,1085078989,0,2013-02-26,1,CT,1,3.99
2268932434,240,63,6305,104567444,16284,2012-08-14,64,OZ,1,2.99
2268955423,101,56,5613,107403070,16922,2012-05-06,16,OZ,1,3
2268955423,101,63,6317,102529323,16410,2013-06-04,64,OZ,1,3.19
2268965442,70,9,907,1072543979,33170,2012-03-04,15,OZ,1,3.29
2268965442,70,18,1835,104460040,9709,2012-04-03,12.5,LB,1,11.99
2268967240,64,36,3636,104300040,4371,2012-07-15,118.3,OZ,1,2
2268989745,83,64,6401,107031070,26445,2013-01-19,230,OZ,1,13.99
2268990062,143,0,0,10000,0,2012-05-15,0,,2,-0.61
2268990062,143,99,9908,101111010,9907,2012-09-11,32,OZ,1,1.99
2268993435,83,25,2509,104126040,9041,2012-03-10,16,OZ,1,1.79
2269014210,58,71,7114,102240020,18715,2013-02-21,9,OZ,1,1.89
2269029014,140,9,902,101111010,9907,2012-03-31,9,OZ,1,1.89
2269029014,140,23,2301,101111010,9907,2012-04-21,13.25,OZ,1,2.49
2269029014,140,29,2907,104600040,13023,2012-05-20,4.7,OZ,2,2.94
2269029014,140,65,6502,101800010,14029,2012-09-11,14.1,OZ,1,3.89
2269031059,191,79,7901,107485171,43654,2012-12-24,1,CT,1,5.99
2269031059,191,63,6330,101111010,6678,2013-04-11,8,OZ,1,1.19
2269037490,191,19,1905,104277444,19581,2012-05-14,32,OZ,1,5.13
2269040237,143,63,6305,101630010,6509,2012-03-30,89,OZ,1,5.19
2269040237,143,51,5125,107265575,8089,2012-12-06,10,OZ,1,2
2269064972,184,5,516,101862717,9496,2012-11-16,7.4,OZ,1,3.99
2269082691,96,23,2310,103003434,7175,2013-01-26,25,OZ,1,2.99
2269083549,96,69,6901,104589343,4696,2012-11-21,2.6,OZ,1,3.5
2269083549,96,74,7407,101122515,19197,2013-06-20,10,CT,1,1.29
2269083932,96,8,814,103760030,25412,2012-03-06,15.5,OZ,1,3.29
2269091029,214,56,5616,104122040,23511,2012-10-03,16,OZ,1,2.47
2269241422,15,63,6305,101405414,12973,2012-08-19,64,OZ,1,5.99
2269241422,15,99,9908,10000,33170,2013-04-29,10,OZ,2,0.2
2269511659,42,97,9799,107675373,1781,2012-11-02,1,CT,1,16.99
2269514031,42,53,5307,101450010,20864,2012-04-28,12,OZ,1,2.49
2269514031,42,4,418,104000040,16765,2012-10-27,11.18,OZ,2,7.98
2269514257,42,32,3203,106414464,13474,2012-06-19,5,OZ,1,3.79
2269514257,42,97,9753,1020407828,0,2012-07-29,1,CT,2,5.98
2269514257,42,63,6315,104149747,19710,2012-08-24,32,OZ,1,1.69
2269514288,42,10,1010,103400030,8247,2012-03-03,16,OZ,1,2.49
2269514288,42,12,1206,108660080,2559,2013-02-18,5,OZ,1,2.29
2269525887,285,97,9799,1072722373,8757,2012-11-17,1,CT,2,3.98
2270005617,508,58,5833,102874929,43198,2012-03-30,16,OZ,2,7
2270203205,508,2,213,101600010,1756,2012-04-24,18.25,OZ,1,2.69
2270203205,508,5,519,103000030,14760,2012-05-31,14.1,OZ,2,6.08
2270203205,508,92,9214,107488777,23664,2012-06-18,30,CT,1,3.84
2270203205,508,33,3302,108523989,11176,2013-06-24,30,OZ,1,3.59
2270685303,508,33,3311,108523989,833,2012-04-15,10,OZ,1,2.25
2270775207,509,41,4110,103940030,71386,2012-07-04,22,OZ,1,1.68
2270775207,509,8,810,108523989,833,2013-01-11,1.8,OZ,2,3.78
2270916354,508,64,6401,108769282,15787,2012-12-29,144,OZ,1,13.49
2271026982,31,29,2904,101530010,13610,2012-03-16,4.6,OZ,2,1.89
2271026982,31,74,7402,104740040,7196,2012-11-15,7,OZ,1,2.99
2271026982,31,58,5823,104450040,8318,2013-03-02,16,OZ,1,6.99
2271065413,85,55,5558,108793282,13877,2012-12-16,35,OZ,2,6.99
2271065413,85,36,3629,101200010,23360,2013-01-09,50.7,OZ,1,0.99
2271066152,85,36,3618,104900040,23359,2012-09-29,67.6,OZ,3,3
2271066152,85,3,310,1088370282,33170,2012-11-20,12,OZ,1,7.99
2271066152,85,41,4107,1060788060,16965,2013-01-06,15.25,OZ,1,0.59
2271066152,85,24,2415,103760030,11238,2013-02-09,15,OZ,1,2
2271068439,85,30,3002,105250050,5337,2012-08-31,11.5,OZ,1,2.59
2271068439,85,64,6410,101820010,2510,2013-01-30,96,OZ,1,10.99
2271068439,85,1,103,101500010,7142,2013-06-08,6,OZ,3,2.25
2271071064,21,64,6401,101820010,2595,2012-03-09,360,OZ,1,17.99
2271071064,21,33,3318,104119040,16347,2012-04-13,16,OZ,1,1.39
2271071064,21,51,5122,101960010,3174,2012-07-07,6,OZ,2,1.98
2271071064,21,36,3601,101200010,13794,2012-11-15,20,OZ,1,1.69
2271072615,21,21,2112,104175545,10177,2012-11-15,64,OZ,1,3.99
2271072633,21,99,9908,108670585,27139,2012-12-05,80,OZ,1,2.99
2271072633,21,30,3002,104800141,8178,2013-03-22,30,OZ,1,3.99
2271073637,21,63,6315,104119040,16347,2013-01-29,16,OZ,1,0.89
2271075393,100,10,1011,102400020,4704,2012-05-21,7,OZ,1,1.66
2271075393,100,9,907,107341070,888,2012-09-18,12,OZ,1,3.99
2271088807,104,9,907,101410010,13791,2012-07-04,16,OZ,1,3.89
2271088807,104,96,9609,1051114151,88199,2012-07-23,0,,1,-1
2271088807,104,96,9609,1057800050,88199,2012-09-07,0,,1,-1
2271097813,101,4,417,101070010,11692,2013-02-03,5,OZ,1,1.29
2271098332,101,4,411,102363727,18552,2012-07-02,19,OZ,1,3.49
2271098332,101,0,0,10000,20405,2012-11-18,0,,1,-6.77
2271098332,101,7,707,1068826767,16481,2013-03-08,12,OZ,2,9.98
2271104416,68,99,9908,1068896262,53503,2012-10-25,7,OZ,1,3.14
2271109952,64,41,4107,1072543979,40679,2012-12-01,15.25,OZ,1,0.67
2271117729,64,25,2506,104410040,8481,2012-07-05,16,OZ,1,2.29
2271124702,165,63,6315,1074236575,8499,2012-03-05,64,OZ,2,8.7
2271124702,165,75,7503,1079285070,2593,2012-03-24,0.15,OZ,1,3.99
2271124702,165,9,912,104812141,18322,2012-03-31,20,OZ,1,4.69
2271124702,165,55,5555,107457070,26051,2012-05-19,14,OZ,1,4.59
2271124702,165,63,6323,1074236575,8499,2012-11-11,64,OZ,1,4.79
2271124702,165,25,2507,102800020,12545,2013-01-27,32,OZ,1,4.39
2271124702,165,99,9909,107203676,7953,2013-05-11,5,OZ,1,3.49
2271124829,165,57,5710,1068954464,6086,2012-09-23,5.3,OZ,2,2.98
2271124829,165,99,9908,107203676,7953,2013-02-10,16,OZ,1,1.39
2271124829,165,39,3903,103057636,670,2013-06-15,32,OZ,1,19.99
2271141112,126,19,1905,101111010,9907,2012-07-08,20.5,OZ,1,1.89
2271142563,98,65,6502,101800010,14029,2012-09-17,14.1,OZ,2,6.58
2271147649,98,33,3305,102840020,5141,2013-01-24,11.5,OZ,1,2.5
2271170503,191,0,0,10000,0,2012-05-22,0,,1,0
2271170503,191,99,9904,1071575676,5278,2012-07-05,6,OZ,1,3.98
2271173398,191,79,7902,1071417070,46238,2012-04-23,1,CT,1,2
2271173398,191,26,2628,101111010,9907,2012-05-27,3,RL,1,1.99
2271173398,191,0,0,10000,0,2012-07-18,0,,1,0
2271173398,191,4,410,101120616,16681,2013-01-22,16,OZ,1,2.89
2271173398,191,31,3101,101111010,9907,2013-02-17,4,OZ,1,3.38
2271173398,191,47,4705,107088575,8027,2013-07-03,12,OZ,3,2.64
2271196216,184,73,7305,1030002434,80071,2013-01-24,0.5,OZ,1,5.49
2271198288,184,33,3316,101600010,3397,2012-09-08,8.75,OZ,2,5.98
2271199785,184,56,5620,102100020,9886,2013-01-23,8,OZ,4,14.76
2271203676,184,9,907,107225070,12465,2012-03-11,20,OZ,1,3.29
2271203676,184,56,5616,1074164373,10768,2012-06-17,8,OZ,1,2.89
2271203676,184,1,106,101500010,7142,2012-06-24,7,OZ,1,1.09
2271203676,184,1,105,105000050,7142,2012-07-08,23.2,OZ,1,26.25
2271208699,184,64,6401,107199070,2034,2012-06-03,72,OZ,1,7.99
2271231853,214,18,1841,103700030,17864,2012-07-18,12,CT,1,6.52
2271232183,214,29,2902,104122040,20514,2012-09-26,15,OZ,1,1.09
2271232183,214,4,412,101900010,10421,2012-11-03,6.25,OZ,1,1.78
2271232183,214,4,416,102800020,2631,2013-02-05,3.9,OZ,1,0.97
2271240767,214,41,4108,104133141,7531,2012-05-18,15.5,OZ,1,0.84
2271240767,214,33,3308,102840020,3336,2012-06-08,1,OZ,2,1
2271240767,214,27,2704,1080702080,14717,2012-09-20,3.5,OZ,0,0
2271261337,46,29,2904,101530010,13610,2012-10-30,4.7,OZ,2,2
2271325252,88,9,917,107153878,10013,2012-08-16,24,OZ,2,6.78
2271340531,18,8,803,102113020,15704,2012-08-29,12,OZ,1,1.59
2271340531,18,5,501,101600010,3331,2013-02-21,12.9,OZ,1,3.59
2271640291,42,9,907,101410010,13791,2012-09-02,13,OZ,1,3.49
2271640576,42,44,4407,104149747,19710,2012-09-13,12,OZ,1,1.39
2271641359,42,97,9753,10000,0,2012-11-20,1,CT,1,2
2271737989,180,41,4110,103940030,71386,2012-08-14,28,OZ,2,4.38
2271737989,180,64,6408,108500080,1387,2013-02-10,0.75,LT,1,8.49
2271751564,376,8,817,102400020,4704,2012-12-16,26.5,OZ,2,1.38
2271763612,377,33,3307,102900020,14112,2012-11-18,34.5,OZ,1,8.99
2271973957,31,73,7307,1030004535,20403,2012-05-17,40,CT,1,16.89
2271973957,31,99,9904,103338333,33170,2012-07-03,16,OZ,1,2.5
2271975370,31,40,4004,107231070,1841,2013-01-19,1.5,OZ,1,2.95
2272029909,8,41,4108,103940030,71386,2012-11-13,16,OZ,4,4
2272041547,101,57,5704,103663232,4568,2012-04-04,16,OZ,1,2.39
2272041547,101,59,5902,1068826767,81691,2012-11-07,16,OZ,1,2.49
2272041547,101,9,902,104400040,12279,2013-05-16,13.6,OZ,1,2.99
2272042077,101,59,5907,102740020,16291,2012-05-05,15,OZ,1,2.16
2272042077,101,44,4407,107680070,10333,2012-08-27,12,OZ,1,1.69
2272042077,101,63,6315,1068826767,81691,2013-02-02,128,OZ,2,6.88
2272042129,101,29,2914,102100020,19279,2012-05-23,12,OZ,1,2
2272042129,101,37,3705,105100050,2820,2012-10-25,19,OZ,1,1.5
2272042291,101,37,3708,104800141,9814,2013-01-15,1.4,OZ,2,3.98
2272074811,71,36,3629,101200010,23360,2012-06-15,96,OZ,1,3.49
2272074811,71,13,1306,1072543979,40679,2012-11-16,2,LB,1,0.83
2272080552,143,9,901,103000030,14760,2012-03-06,9.3,OZ,1,2.99
2272080552,143,0,0,10000,0,2012-08-31,0,,1,0
2272080552,143,0,0,10000,0,2013-04-22,0,,1,0
2272080552,143,36,3632,1085862989,86570,2013-05-29,20,OZ,2,1.98
2272080552,143,59,5905,102900020,6455,2013-06-11,16,OZ,1,2
2272081791,26,99,9909,1068692464,5072,2012-07-17,10,OZ,3,5.37
2272092220,151,99,9904,1071575676,5278,2012-09-22,6,OZ,1,3.49
2272107086,140,82,8201,104157343,16706,2012-05-12,2,CT,1,3.98
2272107086,140,56,5620,101111010,9907,2013-01-27,32,OZ,1,6.99
2272114628,140,58,5827,101590010,1366,2012-06-16,16,OZ,1,2.99
2272114628,140,56,5617,102100020,9886,2013-01-28,12,OZ,1,1.99
2272143146,184,55,5552,107524373,11352,2012-04-09,48,OZ,1,5.99
2272152996,184,43,4302,104300040,4030,2012-10-26,8,OZ,1,1.55
2272160789,96,51,5130,101380010,27474,2013-05-11,12.5,OZ,1,2.99
2272165936,214,9,901,104122040,23511,2012-12-19,14,OZ,1,2.5
2272165936,214,8,826,104973343,3492,2013-03-12,5,OZ,1,2.28
2272175449,214,8,814,104156545,13412,2012-08-16,16,OZ,1,1.72
2272175449,214,9,912,104812141,18322,2013-02-07,20,OZ,1,2.98
2272222343,46,36,3601,104900040,3809,2012-09-01,42.2,OZ,1,0.99
2272571592,42,22,2210,103700030,6947,2012-12-11,51,OZ,1,4.99
2272664298,377,63,6311,102816525,1422,2012-05-18,64,OZ,1,3.99
2272895973,31,4,416,101070010,8131,2012-03-21,1.4,OZ,1,0
2272938694,21,58,5823,102531727,763,2013-01-18,4,OZ,1,6.49
2272939354,100,72,7209,104770141,4800,2012-04-23,90,CT,1,3.39
2272962563,77,45,4515,107254575,61490,2012-03-26,9,OZ,2,5.49
2272976769,64,58,5833,1072543979,6564,2012-09-05,48,OZ,1,6.99
2273012258,211,30,3002,102100020,9886,2012-04-17,30,OZ,1,4.99
2273012258,211,41,4105,102700020,8612,2012-10-15,14.5,OZ,3,3
2273012258,211,9,917,101111010,9907,2013-06-16,16,OZ,1,1.39
2273020945,89,63,6315,101111010,9907,2012-11-11,128,OZ,1,2.59
2273029669,12,81,8101,102820020,11186,2013-02-06,1,CT,2,10.74
2273032386,140,64,6408,108312080,6670,2013-06-01,5,LT,1,17.49
2273034318,140,97,9753,10000,0,2012-03-06,1,CT,0,0
2273034968,140,9,901,101111010,9907,2012-04-24,15.35,OZ,2,5.98
2273034968,140,63,6315,101111010,12028,2013-04-06,128,OZ,1,2.5
2273035386,140,17,1703,104129444,14048,2013-04-22,40,OZ,1,2.49
2273076905,184,14,1416,102400020,4704,2012-09-13,15,OZ,1,2.29
2273081546,96,8,836,103915333,3811,2012-11-29,17,OZ,1,5.49
2273081546,96,41,4121,107294070,18909,2013-01-11,28,OZ,1,1.99
2273081546,96,4,416,102800020,16558,2013-03-01,1,OZ,2,2
2273081705,96,28,2804,107152474,10039,2012-09-23,11.5,OZ,1,2.79
2273081917,96,51,5128,1071785474,11614,2012-09-15,8,OZ,1,1
2273081917,96,33,3303,103003434,7175,2013-03-04,8.5,OZ,1,2.99
2273082588,96,31,3101,103003434,7175,2013-01-31,1.41,OZ,1,4.79
2273121443,46,33,3307,1088692686,11473,2013-03-06,16,OZ,1,6.49
2273172540,46,19,1904,107222373,7627,2013-03-30,12,OZ,1,3.69
2273198037,95,36,3618,101200010,23361,2013-02-23,67.6,OZ,1,2.19
2273505368,42,9,907,104149747,19710,2013-03-05,20,OZ,1,1.19
2273505368,42,51,5121,104369545,10274,2013-05-09,9,OZ,2,5
2273505558,42,9,902,103010030,20332,2012-05-03,16,OZ,1,3.19
2273506854,42,9,913,104812141,18322,2012-12-24,12,OZ,2,8.38
2273507188,42,8,810,105210050,11382,2012-03-13,1.31,OZ,1,1.79
2273507456,42,60,6001,105000050,30272,2012-11-07,16,OZ,2,7.18
2273507456,42,63,6399,107111777,15194,2012-11-14,22,OZ,1,4.99
2273508029,42,14,1416,104149747,19710,2012-05-10,15.3,OZ,1,1.39
2273519112,293,26,2622,101370010,8154,2013-02-27,30,CT,3,5.13
2273611100,376,1,106,101500010,7142,2012-11-14,2.5,OZ,16,17.28
2273672125,507,30,3008,107110070,8280,2012-05-01,8,OZ,1,2.19
2273672125,507,71,7113,102240020,18715,2013-02-22,32,OZ,3,10.47
2273807236,510,97,9753,1079936676,0,2012-12-19,1,CT,2,30
2273833931,31,27,2709,102310020,18139,2012-09-13,2.47,OZ,1,2
2273834174,31,55,5552,102114020,19950,2012-07-12,56,OZ,1,3.5
2273834174,31,5,519,1088392181,24630,2013-02-27,7.55,OZ,2,2
2273838484,31,79,7901,107336171,25999,2012-08-28,1,CT,1,3.49
2273840774,31,7,707,102114020,19950,2012-04-20,11,OZ,1,2.79
2273840774,31,32,3204,102114020,19950,2012-09-14,17,OZ,1,4.79
2273840774,31,36,3604,107800070,2829,2012-11-20,67.6,OZ,2,1.99
2273873009,16,9,903,104119646,14582,2013-01-31,15,OZ,1,2.65
2273873165,16,30,3002,104800141,8178,2013-06-17,9,OZ,1,3.69
2273874672,85,8,805,107105373,3831,2012-10-17,4,OZ,1,1.79
2273881942,21,12,1205,108660080,2559,2012-06-04,12,OZ,3,8.97
2273881942,21,56,5612,104175747,10216,2012-06-08,4.2,OZ,1,2.99
2273881942,21,16,1601,102200020,20100,2012-10-31,45,CT,1,2.59
2273883353,21,25,2509,104119040,16347,2012-06-06,16,OZ,1,1.49
2273883353,21,56,5610,107580575,17344,2012-06-14,5,OZ,1,2.99
2273898982,104,12,1207,103480030,9694,2012-03-29,2,OZ,1,2.39
2273898982,104,19,1908,104800141,16564,2012-12-03,16.3,OZ,1,3.49
2273898982,104,38,3801,104920040,5098,2012-12-03,4,LB,1,2.99
2273914158,68,56,5607,102100020,13967,2013-06-22,8,OZ,1,2.29
2273921190,69,14,1415,103890030,5072,2012-05-10,15,OZ,2,3.58
2273921612,68,21,2105,105200050,7054,2012-06-08,32,OZ,5,5
2273921612,68,58,5824,104450040,8318,2012-10-08,13.5,OZ,1,2.5
2273924101,68,21,2108,1072543979,40679,2012-04-09,64,OZ,3,7.15
2273924101,68,33,3301,104178040,19154,2012-06-08,6.5,OZ,1,2
2273934739,65,8,818,103620030,14868,2012-12-10,26,OZ,1,1.5
2273938630,64,23,2301,102920020,12168,2012-04-01,16,OZ,2,3.58
2273947301,71,63,6315,1072543979,40679,2013-01-03,64,OZ,1,2.58
2273958388,26,8,805,105440050,23210,2012-08-07,10,OZ,1,3.48
2273958388,26,25,2504,101111010,9907,2012-11-18,12,OZ,2,1.58
2273958388,26,26,2629,101111010,9907,2012-12-01,120,CT,1,1
2273970603,431,41,4110,103940030,71386,2012-07-27,22,OZ,1,2.09
2273976082,89,29,2930,105010050,8089,2012-05-13,6.94,OZ,1,2.89
2273976082,89,0,0,10000,0,2013-01-12,0,,1,0
2273991801,140,41,4108,101111010,9907,2012-11-11,15,OZ,1,0.69
2274026869,184,36,3632,107800070,17635,2012-04-07,67.6,OZ,1,1.79
2274026869,184,63,6315,107145272,10768,2013-04-15,64,OZ,1,2.69
2274026869,184,9,901,104400040,12600,2013-04-29,12,OZ,2,8.98
2274035405,96,53,5307,102000020,7655,2012-10-19,11,OZ,2,5
2274036174,96,4,416,103400030,9739,2012-04-02,1.5,OZ,1,1
2274036174,96,36,3629,101200010,23360,2012-06-14,20,OZ,1,1.59
2274069786,206,37,3706,104119646,14582,2012-03-07,19,OZ,1,2.18
2274069786,206,99,9904,103338333,33170,2012-06-18,48,OZ,1,3.98
2274069786,206,15,1506,104114343,17593,2012-07-08,6,OZ,1,2.78
2274140686,3,9,901,104400040,85927,2012-08-09,8.8,OZ,2,6
2274140686,3,19,1908,105150050,9189,2012-10-20,28,OZ,1,5.69
2274161520,4,9,908,107116676,17802,2012-09-16,16,OZ,1,6.39
2274180269,360,96,9609,1054410050,88199,2012-05-17,0,,1,-3
2274460142,42,63,6328,102016929,16492,2012-10-28,24,OZ,1,3.89
2274480797,106,21,2106,1075480777,610,2012-11-20,64,OZ,1,3.39
2274568237,377,8,822,104150141,10197,2012-09-05,28,OZ,1,2.69
2274570742,377,18,1837,104210040,8523,2012-11-02,15,OZ,1,4.49
2275941106,31,63,6315,102114020,19950,2013-03-24,64,OZ,1,2.69
2275941939,31,12,1207,104800040,38150,2012-03-06,3.75,OZ,3,5
2275941939,31,29,2903,105100050,72482,2012-09-27,14.75,OZ,8,10
2275979859,31,5,519,103000030,14760,2012-06-23,13,OZ,1,3.99
2275979859,31,63,6315,102114020,19950,2012-07-07,64,OZ,1,2.65
2275979859,31,57,5704,103663232,4568,2012-09-08,16,OZ,1,2
2275980719,31,56,5620,102100020,9886,2012-05-04,8,OZ,4,10
2275982233,31,63,6315,102114020,19950,2012-05-14,128,OZ,1,3.65
2275982233,31,51,5128,1071785474,11614,2012-09-02,8,OZ,1,1
2276024702,16,26,2632,104131040,29395,2012-12-23,80,CT,1,1.99
2276028115,85,33,3302,1060788060,16965,2012-07-06,10.5,OZ,1,1.99
2276028115,85,63,6399,1083749585,61578,2012-08-28,9.9,OZ,1,7.49
2276028115,85,9,907,107294575,15878,2013-04-16,20,OZ,1,1.99
2276030387,85,25,2504,105000050,3001,2012-03-30,12,OZ,1,1.09
2276030387,85,28,2806,105410050,19509,2012-07-28,32,OZ,1,1.69
2276039123,85,71,7113,1060308464,7034,2012-07-04,25.4,OZ,2,11.98
2276042653,85,8,805,102840020,6777,2012-06-07,9,OZ,2,5.98
2276042653,85,99,9909,107127979,6732,2012-07-30,6.5,OZ,1,3.89
2276042653,85,70,7002,1088438989,4419,2013-03-19,25,CT,1,2.39
2276047187,21,21,2103,104133141,7531,2012-08-12,17.6,OZ,3,2.97
2276047187,21,26,2608,104142646,4913,2013-02-18,24,CT,1,0.75
2276047187,21,53,5307,102354525,9997,2013-03-10,16,OZ,1,2.09
2276047668,21,99,9909,107127979,6732,2012-12-11,12,OZ,1,1.67
2276049700,21,63,6315,104119040,16347,2012-03-12,16,OZ,1,0.89
2276051637,21,29,2907,103900030,13296,2012-04-19,10,OZ,3,8.97
2276051637,21,36,3618,104900040,23359,2013-01-31,144,OZ,1,4.69
2276051637,21,56,5607,102100020,13967,2013-05-27,8,OZ,2,5
2276051637,21,23,2301,107680878,1393,2013-06-09,13.25,OZ,3,4.47
2276056659,100,63,6316,107253070,13753,2012-03-12,8,OZ,2,3.58
2276076834,240,54,5403,107790070,9200,2012-03-25,18,OZ,1,5.99
2276076834,240,58,5832,107274575,13804,2012-07-02,9,OZ,1,5.99
2276091690,104,14,1404,101480010,12021,2012-03-10,23,OZ,1,1.99
2276091690,104,9,912,104812141,18322,2013-05-18,20,OZ,1,3.94
2276093698,104,41,4107,103430030,6667,2012-05-18,14,OZ,1,1.39
2276094924,104,45,4508,104440040,7504,2012-07-22,10.5,OZ,1,5.99
2276104056,77,5,516,101862717,9496,2012-06-19,7,OZ,1,2.5
2276104056,77,36,3612,107078474,18552,2013-02-24,128,OZ,2,2.19
2276110372,101,95,9518,1061029060,7848,2012-08-12,1,CT,1,3.99
2276110372,101,8,810,105210050,11382,2012-12-02,1.25,OZ,2,2
2276117471,64,3,302,103400030,8247,2012-12-07,8,OZ,1,2.89
2276126248,68,32,3203,103582636,6564,2012-05-29,5,OZ,1,2.49
2276126248,68,21,2119,1061300868,867,2012-08-28,128,OZ,1,2.39
2276134484,64,17,1703,101920010,10882,2013-04-21,40,OZ,1,2.99
2276162094,68,26,2630,103700030,14647,2012-03-27,200,CT,2,4.58
2276162094,68,23,2301,104732545,12168,2012-12-09,12,OZ,2,4.18
2276164596,70,54,5401,103800030,5618,2012-05-26,11.6,OZ,1,2.79
2276181050,68,38,3801,1072543979,40679,2012-09-22,4,LB,1,2.35
2276181050,68,63,6315,1072543979,40679,2013-02-16,128,OZ,2,6.38
2276181050,68,9,922,102430020,10577,2013-04-28,10.14,OZ,1,1.79
2276181895,65,41,4107,102400020,4704,2012-11-23,14.5,OZ,1,1.49
2276181895,65,41,4109,105200050,19212,2013-04-15,8,OZ,1,0.89
2276195148,64,60,6010,103582636,6564,2012-12-28,9.5,OZ,2,2.5
2276202329,165,9,920,107641070,10160,2012-03-27,12,OZ,1,3.49
2276202329,165,55,5567,107585676,9798,2012-06-05,27,OZ,1,4.45
2276202329,165,41,4108,107203676,7953,2012-09-21,15.5,OZ,1,0.77
2276202329,165,29,2928,105480050,19039,2013-02-05,8.8,OZ,1,2.29
2276202398,165,51,5115,107192171,78492,2013-02-24,6.1,OZ,3,10
2276205751,165,97,9781,10000,8255,2012-06-27,1,CT,1,-1.05
2276205751,165,99,9908,103338333,33170,2012-07-02,16,OZ,1,1.44
2276205751,165,57,5704,104667545,20216,2012-07-21,6,OZ,5,3
2276205751,165,9,922,107203676,7953,2013-01-18,18,OZ,1,5.79
2276206114,165,37,3709,107066272,12673,2012-04-20,18,OZ,1,1
2276206670,165,56,5620,104610040,15889,2013-01-06,7.5,OZ,1,2.5
