378964359,230,4,416,102800020,2631,2013-02-04,1.41,OZ,21,8.19
378964359,230,36,3611,107800070,4698,2013-02-04,405.6,OZ,1,4.79
378964359,230,9,917,107373171,11786,2013-02-04,20,OZ,2,5.18
378964359,230,51,5115,107218070,15035,2013-02-04,5.77,OZ,2,5
378964359,230,75,7501,101018111,13468,2013-02-04,8.5,OZ,1,4.63
378964359,230,75,7501,107431272,12440,2013-02-04,2,OZ,1,3.79
378964359,230,5,501,103800030,3555,2013-02-05,9,OZ,4,7.96
378964359,230,63,6315,103450030,10165,2013-02-05,32,OZ,108,176.04
378964359,230,7,709,102550020,6550,2013-02-05,6,OZ,1,9.01
378964359,230,51,5130,107218070,15035,2013-02-05,11,OZ,2,5
378964359,230,25,2501,1065272969,5453,2013-02-05,14,OZ,2,4.9
378964359,230,73,7304,107025373,13343,2013-02-06,6,CT,2,8.38
378964359,230,29,2928,105480050,19039,2013-02-06,6,OZ,3,5.88
378964359,230,75,7501,101910010,9158,2013-02-06,10,OZ,1,4.09
378964359,230,13,1306,101600010,7366,2013-02-06,2,LB,2,3.36
378964359,230,51,5115,107218070,15035,2013-02-06,28,OZ,1,5.5
378964359,230,97,9799,105210050,2732,2013-02-06,5,CT,2,3.76
378964359,230,55,5558,107255474,35506,2013-02-06,36.8,OZ,3,18.06
378964359,230,45,4508,101960010,19214,2013-02-06,12.25,OZ,2,10.24
378964359,230,16,1604,101254616,4806,2013-02-06,16,CT,1,1.08
378964359,230,51,5128,107218070,13438,2013-02-06,12,OZ,4,10
378964359,230,1,103,101500010,29555,2013-02-06,4.5,OZ,1,1.57
378964359,230,18,1854,101650010,27270,2013-02-06,4,CT,1,1.15
378964359,230,31,3101,105210050,11382,2013-02-06,1.5,OZ,4,12.5
378964359,230,27,2707,105000050,6775,2013-02-07,3.15,LB,2,9.38
378964359,230,41,4121,102700020,8612,2013-02-07,15,OZ,14,15.34
378964359,230,99,9902,104525545,11481,2013-02-07,18,OZ,1,2.99
378964359,230,5,502,101600010,86101,2013-02-07,5,OZ,10,23.5
378964359,230,99,9909,107143070,5072,2013-02-08,15,OZ,5,18.4
378964359,230,35,3509,103700030,5848,2013-02-08,150,OZ,1,10.23
378964359,230,54,5401,107025373,13343,2013-02-08,29.6,OZ,1,4.59
378964359,230,36,3611,107025373,13343,2013-02-08,101.4,OZ,12,13.08
378964359,230,21,2117,102500020,26108,2013-02-08,67.5,OZ,15,37.5
378964359,230,18,1829,1064412464,21858,2013-02-08,1,CT,1,5.99
378964359,230,63,6330,107042272,29449,2013-02-08,16,OZ,112,143.36
378964359,230,99,9908,107878373,26033,2013-02-08,10,OZ,5,9.9
378964359,230,33,3313,107245777,19570,2013-02-09,12,OZ,1,4.29
378964359,230,9,902,103010030,45064,2013-02-09,15,OZ,1,3.55
378964359,230,31,3101,105210050,11382,2013-02-09,0.09,OZ,1,1.73
378964359,230,6,603,1073583676,12632,2013-02-09,1.05,OZ,1,1.88
378964359,230,26,2609,104116545,16879,2013-02-09,15,CT,1,3.19
378964359,230,17,1708,1085609181,63113,2013-02-09,3.4,OZ,1,1
378964359,230,79,7901,107336171,44400,2013-02-10,1,CT,1,5.99
378964359,230,57,5710,1089470080,21065,2013-02-10,5.3,OZ,22,28.38
378964359,230,30,3002,107025373,13343,2013-02-10,30,OZ,1,2.93
378964359,230,8,805,101300010,8164,2013-02-11,12,OZ,1,1.6
378964359,230,70,7001,107025373,13343,2013-02-11,1,OZ,1,5.99
378964359,230,9,922,102808121,7934,2013-02-11,16,OZ,1,4.19
378964359,230,3,302,102800020,12547,2013-02-11,4,OZ,2,3.64
378964359,230,31,3101,105210050,11382,2013-02-11,0.35,OZ,1,2.69
378964359,230,9,903,104119646,14582,2013-02-11,8,OZ,9,22.11
378964359,230,32,3203,104815545,8105,2013-02-11,5,OZ,4,4
378964359,230,9,901,103010030,9530,2013-02-11,16.8,OZ,1,4.99
378964359,230,63,6328,102016929,16492,2013-02-11,24,OZ,10,28.5
378964359,230,4,415,107339070,11515,2013-02-12,1.32,OZ,5,4.03
378964359,230,49,4901,101312010,26885,2013-02-12,26,OZ,9,27
378964359,230,29,2906,1073762878,18216,2013-02-12,8.8,OZ,1,2.89
378964359,230,33,3313,107469070,13022,2013-02-12,9,OZ,1,2.79
378964359,230,58,5823,104470040,13310,2013-02-12,7,OZ,3,11.64
378964359,230,99,9909,103260131,5489,2013-02-13,5,OZ,2,7.96
378964359,230,29,2930,103760030,72948,2013-02-13,10,OZ,46,98.44
378964359,230,75,7507,1083997787,3681,2013-02-13,4,OZ,1,8.95
378964359,230,36,3632,107800070,23209,2013-02-13,67.6,OZ,1,1.25
378964359,230,8,807,107460979,9524,2013-02-13,28,OZ,1,2.83
378964359,230,24,2403,105100050,17812,2013-02-13,10.5,OZ,1,1.57
378964359,230,29,2928,105480050,19039,2013-02-13,6.1,OZ,1,1.96
378964359,230,18,1802,107025373,13343,2013-02-13,3,CT,1,6.59
378964359,230,26,2634,103700030,3293,2013-02-13,4,RL,10,32.84
378964359,230,29,2914,107025373,13343,2013-02-14,5.5,OZ,18,8.46
378964359,230,3,302,102800020,30272,2013-02-14,11,OZ,6,16.14
378964359,230,4,410,107613878,13021,2013-02-14,4,OZ,1,2.29
378964359,230,26,2630,103700030,14647,2013-02-14,124,CT,11,23.87
378964359,230,5,501,102430020,8121,2013-02-14,16,OZ,3,7.5
378964359,230,58,5814,104470040,10837,2013-02-15,8.5,OZ,1,2.88
378964359,230,36,3601,107025373,13343,2013-02-15,67.6,OZ,3,3.75
378964359,230,45,4514,107025373,13343,2013-02-15,48,OZ,17,116.91
378964359,230,29,2904,101600010,7860,2013-02-15,5.1,OZ,1,2
378964359,230,36,3618,101200010,23361,2013-02-15,67.6,OZ,36,54
378964359,230,9,907,107294575,15878,2013-02-15,16,OZ,29,104.11
378964359,230,4,416,103400030,20231,2013-02-15,1.4,OZ,6,4.01
378964359,230,24,2415,103760030,11238,2013-02-15,15,OZ,8,20
378964359,230,26,2634,103700030,3293,2013-02-16,4,RL,10,31.34
378964359,230,9,903,104119646,14582,2013-02-16,8,OZ,1,2.39
378964359,230,97,9734,107166272,4239,2013-02-16,12,CT,4,2.76
378964359,230,97,9753,1020991323,0,2013-02-16,1,CT,5,17.89
378964359,230,96,9631,107675070,19430,2013-02-17,1,CT,3,112.85
378964359,230,30,3008,102100020,9886,2013-02-17,8,OZ,29,41.87
378964359,230,45,4508,104132242,16106,2013-02-17,20,OZ,1,9.99
378964359,230,37,3704,107025373,13343,2013-02-17,4,OZ,2,4.38
378964359,230,9,970,103800030,62065,2013-02-17,20.3,OZ,1,2.99
378964359,230,29,2914,102100020,9886,2013-02-17,5.5,OZ,31,42.31
378964359,230,26,2619,101258717,7245,2013-02-17,80,CT,2,17.18
378964359,230,15,1506,104114343,17593,2013-02-17,6,OZ,4,12.48
378964359,230,9,901,103010030,15287,2013-02-18,4.44,OZ,3,8.64
378964359,230,60,6007,107025373,13343,2013-02-18,8,OZ,1,1.99
378964359,230,8,826,104150040,6667,2013-02-18,12,OZ,5,14.33
378964359,230,51,5133,107100777,5656,2013-02-18,21,OZ,2,12.98
378964359,230,8,835,102240020,12114,2013-02-18,12,OZ,1,2.92
378964359,230,5,501,103800030,758,2013-02-18,12.2,OZ,1,3.64
378964359,230,79,7903,1072527474,13776,2013-02-18,1,CT,1,3.99
378964359,230,63,6317,1074447373,16798,2013-02-18,64,OZ,2,8.3
378964359,230,37,3704,104800141,9814,2013-02-19,3.1,OZ,6,8.34
378964359,230,4,410,107172070,18529,2013-02-19,26,OZ,1,4.81
378964359,230,36,3603,104300040,4371,2013-02-19,256,OZ,4,9.98
378964359,230,33,3302,102700020,57417,2013-02-19,17.41,OZ,1,4.89
378964359,230,51,5134,104280040,18599,2013-02-19,19.8,OZ,16,55.84
378964359,230,73,7344,107025373,13343,2013-02-20,24,CT,2,13.98
378964359,230,7,707,107025373,13343,2013-02-20,30.9,OZ,2,16.98
378964359,230,9,917,104856444,7755,2013-02-20,22.5,OZ,18,37.02
378964359,230,36,3628,101200010,12029,2013-02-20,50.7,OZ,58,57.52
378964359,230,51,5122,104143343,4722,2013-02-20,4.5,OZ,30,45
378964359,230,45,4510,103100030,1358,2013-02-20,28,OZ,2,11.98
378964359,230,8,807,101300010,9031,2013-02-20,28,OZ,1,3.09
378964359,230,9,907,1085675080,34759,2013-02-20,18,OZ,2,9.76
378964359,230,21,2103,107114070,7078,2013-02-20,13.5,OZ,1,1.99
378964359,230,6,603,105000050,3001,2013-02-20,13,OZ,4,14.96
378964359,230,9,902,102410020,44209,2013-02-20,13.7,OZ,11,38.39
378964359,230,58,5815,103760030,8501,2013-02-20,7,OZ,29,102.41
378964359,230,26,2620,107025373,13343,2013-02-21,40,CT,1,2.55
378964359,230,73,7312,1030006535,375,2013-02-21,0.28,OZ,1,13.75
378964359,230,33,3316,102410020,44209,2013-02-21,9.75,OZ,1,3.49
378964359,230,33,3311,103068434,41540,2013-02-21,7,OZ,1,3.19
378964359,230,3,303,107116979,1756,2013-02-21,6.4,OZ,2,10.58
378964359,230,36,3604,107800070,2829,2013-02-21,33.8,OZ,22,22.18
378964359,230,27,2704,101780010,30972,2013-02-21,12.5,OZ,1,4.09
378964359,230,26,2620,103770030,3447,2013-02-21,18,CT,1,3.36
378964359,230,36,3632,104900040,6137,2013-02-21,60,OZ,1,2.5
378964359,230,56,5620,107025373,13343,2013-02-21,8,OZ,82,184.77
378964359,230,5,501,101600010,19786,2013-02-21,10.9,OZ,2,6.58
378964359,230,58,5831,1064220565,23259,2013-02-21,19.2,OZ,22,79.11
378964359,230,58,5833,103760030,8501,2013-02-21,24,OZ,16,99.23
378964359,230,19,1904,104158545,26594,2013-02-21,12,OZ,3,10.45
378964359,230,9,920,104400040,15335,2013-02-22,6,OZ,2,6.9
378964359,230,55,5559,1074349070,4926,2013-02-22,10.5,OZ,2,8.34
378964359,230,79,7903,107099272,27869,2013-02-22,1,CT,3,13.47
378964359,230,36,3630,107025373,13343,2013-02-22,67.6,OZ,3,3.75
378964359,230,21,2105,105200050,7054,2013-02-22,32,OZ,51,63.75
378964359,230,4,416,104000040,18946,2013-02-22,1.68,OZ,1,0.88
378964359,230,51,5125,107265575,8089,2013-02-22,9.2,OZ,1,2.49
378964359,230,51,5125,102580020,16668,2013-02-22,8.5,OZ,2,5.07
378964359,230,1,105,105000050,7142,2013-02-22,33.8,OZ,2,12.98
378964359,230,4,418,103400030,15449,2013-02-22,12,OZ,1,3.99
378964359,230,57,5704,107047070,20230,2013-02-22,32,OZ,14,34.86
378964359,230,36,3618,107025373,13343,2013-02-22,67.6,OZ,2,1.98
378964359,230,8,838,104525545,11481,2013-02-23,6,OZ,1,3.29
378964359,230,33,3302,102700020,57417,2013-02-23,17.4,OZ,7,34.23
378964359,230,19,1908,105150050,9189,2013-02-23,40,OZ,11,64.61
378964359,230,55,5567,1078978575,16558,2013-02-23,5.8,OZ,5,6.5
378964359,230,9,970,103800030,62065,2013-02-23,14.1,OZ,4,9
378964359,230,5,501,107025373,13343,2013-02-23,26,OZ,2,4.96
378964359,230,8,821,104139040,9659,2013-02-24,11.5,OZ,1,2.04
378964359,230,72,7205,103500030,3830,2013-02-24,6,OZ,5,18.71
378964359,230,73,7316,101150919,19168,2013-02-24,1,OZ,1,4.87
378964359,230,27,2711,101780010,9763,2013-02-24,1,LB,1,2.19
378964359,230,25,2507,108425383,15248,2013-02-24,32,OZ,1,1.5
378964359,230,54,5403,103800030,17050,2013-02-25,14.4,OZ,1,5.63
378964359,230,3,310,107744979,20507,2013-02-25,6,OZ,1,3.45
378964359,230,25,2504,105000050,3001,2013-02-25,12,OZ,7,9.23
378964359,230,36,3628,101200010,12029,2013-02-25,144,OZ,110,467.66
378964359,230,55,5567,107025373,13343,2013-02-26,30,OZ,2,5.9
378964359,230,30,3006,104300040,9886,2013-02-26,12,OZ,1,1.33
378964359,230,28,2803,107025373,13343,2013-02-26,9,OZ,2,3.54
378964359,230,10,1010,107298070,12135,2013-02-26,16,OZ,2,5.92
378964359,230,69,6901,107940070,1141,2013-02-26,3,OZ,4,18.36
378964359,230,36,3611,104900040,4599,2013-02-26,33.8,OZ,6,5.94
378964359,230,8,821,107505070,8546,2013-02-26,11.5,OZ,2,9.14
378964359,230,75,7503,108307888,2997,2013-02-26,0.35,OZ,2,3.16
378964359,230,9,913,107605777,34466,2013-02-26,12,OZ,1,3.79
378964359,230,35,3509,103700030,5848,2013-02-27,100,OZ,3,23.07
378964359,230,33,3307,101411313,23033,2013-02-27,8,OZ,1,4.99
378964359,230,30,3009,104159040,19747,2013-02-27,128,OZ,2,28.14
378964359,230,21,2117,108768484,2903,2013-02-27,60,OZ,9,25.11
378964359,230,36,3628,101200010,12029,2013-02-27,60,OZ,1,2.99
378964359,230,58,5812,107495676,8144,2013-02-27,12,OZ,2,10.15
378964359,230,9,903,104119646,14582,2013-02-28,15,OZ,1,1.69
378964359,230,2,213,107151878,8349,2013-02-28,7.5,OZ,1,1.89
378964359,230,36,3603,104300040,4371,2013-02-28,256,OZ,2,5.98
378964359,230,55,5558,107585676,9798,2013-02-28,24,OZ,2,7.58
378964359,230,26,2622,107025373,13343,2013-02-28,10,CT,1,2.19
378964359,230,49,4901,103272939,12073,2013-02-28,31.7,OZ,9,23.22
378964359,230,27,2704,103270030,7966,2013-02-28,2,CT,2,11.26
378964359,230,19,1910,1073753979,17621,2013-02-28,16,OZ,2,9.98
378964359,230,29,2925,107273474,2872,2013-02-28,12,OZ,1,5.29
378964359,230,33,3307,102900020,14112,2013-02-28,8.5,OZ,1,6.79
378964359,230,37,3708,104125848,20113,2013-03-01,5.93,OZ,1,3.39
378964359,230,28,2805,1070581474,98643,2013-03-01,6,OZ,12,20.59
378964359,230,9,907,107870070,11257,2013-03-01,21,OZ,4,13.96
378964359,230,21,2110,107057070,1835,2013-03-01,46,OZ,9,22.71
378964359,230,97,9753,1020950222,0,2013-03-01,1,CT,1,3.27
378964359,230,97,9734,102899828,16624,2013-03-01,1,CT,8,7.92
378964359,230,5,501,101600010,85114,2013-03-01,12,OZ,1,2.99
378964359,230,36,3618,104900040,23359,2013-03-01,67.6,OZ,33,59.07
378964359,230,97,9707,102570020,20361,2013-03-02,2,CT,2,6.34
378964359,230,29,2928,101530010,58299,2013-03-02,6.8,OZ,7,8.75
378964359,230,47,4704,107535575,13044,2013-03-02,12,OZ,3,3.57
378964359,230,33,3302,107025373,13343,2013-03-02,8.7,OZ,1,1.39
378964359,230,31,3101,1061001464,50034,2013-03-02,3,OZ,6,15.88
378964359,230,9,901,108201181,1369,2013-03-03,9,OZ,1,1
378964359,230,33,3307,101411313,23033,2013-03-03,7,OZ,6,23.94
378964359,230,58,5823,107187171,13310,2013-03-03,16,OZ,4,10.14
378964359,230,26,2628,103700030,2248,2013-03-03,6,RL,19,148.99
378964359,230,36,3636,104300040,4371,2013-03-03,118.3,OZ,2,5.98
378964359,230,27,2701,101113212,491,2013-03-03,13,OZ,2,1.78
378964359,230,9,901,103420030,15315,2013-03-03,11,OZ,1,3.39
378964359,230,37,3708,1076026373,1537,2013-03-03,10.4,OZ,2,8.72
378964359,230,25,2506,104127141,26189,2013-03-03,16,OZ,25,61.75
378964359,230,97,9748,104154040,26982,2013-03-03,2,CT,1,1.89
378964359,230,36,3628,104900040,11484,2013-03-04,288,OZ,2,15.98
378964359,230,37,3708,104100040,10522,2013-03-04,4.9,OZ,4,5.66
378964359,230,26,2615,107301070,17990,2013-03-04,36,CT,1,7.99
378964359,230,79,7903,107148676,17274,2013-03-04,1,CT,3,11.97
378964359,230,30,3008,107110070,8280,2013-03-04,15,OZ,1,4.49
378964359,230,1,105,105000050,7142,2013-03-05,12.4,OZ,39,659.47
378964359,230,5,520,103000030,14760,2013-03-05,18,OZ,7,17.43
378964359,230,71,7110,101150919,2464,2013-03-05,4.5,OZ,1,5.69
378964359,230,5,501,101600010,3331,2013-03-05,10,OZ,1,3.43
378964359,230,9,907,107073373,4173,2013-03-05,24,OZ,131,354.59
378964359,230,28,2804,107025373,13343,2013-03-06,12,OZ,5,7.9
378964359,230,18,1841,103700030,17864,2013-03-06,10,CT,1,8.99
378964359,230,33,3302,1088485383,12332,2013-03-06,9,OZ,1,1.99
378964359,230,41,4107,102400020,4704,2013-03-06,8.25,OZ,6,5.59
378964359,230,29,2928,104100040,9814,2013-03-06,5.3,OZ,1,1.25
378964359,230,36,3626,107025373,13343,2013-03-06,67.6,OZ,1,0.99
378964359,230,63,6315,1074236575,8499,2013-03-06,64,OZ,5,27.24
378964359,230,21,2119,101200010,10522,2013-03-07,64,OZ,2,3.98
378964359,230,41,4107,102400020,4704,2013-03-07,14.5,OZ,1,1.63
378964359,230,31,3105,104300040,73687,2013-03-07,1.75,OZ,1,2.97
378964359,230,12,1205,104800040,38150,2013-03-07,5,OZ,69,64.67
378964359,230,79,7901,107485171,44346,2013-03-07,1,CT,1,6.99
378964359,230,45,4513,104222242,26234,2013-03-07,32,OZ,1,5.49
378964359,230,97,9716,10911494,20306,2013-03-07,32,OZ,1,2.29
378964359,230,8,810,107025373,13343,2013-03-07,0.75,OZ,2,1
378964359,230,73,7344,101650010,25043,2013-03-08,36,CT,1,4.87
378964359,230,33,3305,107469070,56808,2013-03-08,10.5,OZ,3,9
378964359,230,69,6901,103700030,16139,2013-03-08,2.7,OZ,1,1.99
378964359,230,41,4108,107025373,13343,2013-03-08,15,OZ,60,51.18
378964359,230,9,902,103010030,47346,2013-03-08,11.7,OZ,3,8.97
378964359,230,27,2707,101780010,3108,2013-03-08,6.3,LB,6,53.98
378964359,230,4,418,103400030,15113,2013-03-08,15,OZ,2,7.58
378964359,230,9,902,102410020,45518,2013-03-09,16,OZ,2,5.98
378964359,230,41,4109,105200050,19212,2013-03-09,28,OZ,3,4.5
378964359,230,5,501,1088397989,29441,2013-03-09,13,OZ,3,5
378964359,230,41,4107,107980171,24576,2013-03-09,128,OZ,1,5.29
378964359,230,8,810,105210050,11382,2013-03-09,1,OZ,4,6.56
378964359,230,2,211,107025373,13343,2013-03-09,40,OZ,1,2.69
378964359,230,12,1207,108000080,17292,2013-03-10,2.6,OZ,2,3.78
378964359,230,33,3314,103000030,14760,2013-03-10,7.23,OZ,3,6.57
378964359,230,41,4120,107025373,13343,2013-03-10,12,OZ,8,10.64
378964359,230,37,3708,1076026373,1537,2013-03-10,9.8,OZ,4,11.97
378964359,230,26,2615,107025373,13343,2013-03-11,20,CT,1,2.49
378964359,230,73,7302,1036373636,649,2013-03-11,100,CT,1,8.57
378964359,230,5,501,103800030,15251,2013-03-11,18,OZ,2,7.38
378964359,230,51,5115,103913131,1616,2013-03-11,17.08,OZ,7,27.93
378964359,230,41,4107,107025373,13343,2013-03-11,32,OZ,2,4.14
378964359,230,33,3302,102578828,16757,2013-03-11,10.5,OZ,1,1
378964359,230,97,9748,104154040,26982,2013-03-11,1,CT,1,2.53
378964359,230,35,3509,103320030,875,2013-03-11,125,OZ,2,19.16
378964359,230,5,516,102430020,17616,2013-03-11,11,OZ,1,2.69
378964359,230,8,818,105100050,14403,2013-03-11,24,OZ,26,55.42
378964359,230,45,4512,107025373,13343,2013-03-12,48,OZ,0,0
378964359,230,36,3629,101200010,23360,2013-03-12,67.6,OZ,42,52.5
378964359,230,30,3001,102100020,9886,2013-03-12,12,OZ,1,2.59
378964359,230,4,418,101130010,2272,2013-03-12,7.5,OZ,5,13.45
378964359,230,27,2704,109109393,15741,2013-03-12,10,CT,5,12.15
378964359,230,57,5704,107047070,20230,2013-03-12,24,OZ,1,2.49
378964359,230,97,9709,107575575,18536,2013-03-13,6,CT,1,1.27
378964359,230,57,5707,103663232,4568,2013-03-13,18.6,OZ,2,5.9
378964359,230,56,5699,104175747,10216,2013-03-13,4.2,OZ,1,4.57
378964359,230,41,4108,107152474,10039,2013-03-13,15,OZ,4,5.76
378964359,230,4,407,104136444,16758,2013-03-13,5.5,OZ,5,9.95
378964359,230,4,418,103400030,8247,2013-03-14,10,OZ,9,29.61
378964359,230,27,2704,1061565060,4972,2013-03-14,7,CT,1,3.93
378964359,230,37,3707,105260353,13414,2013-03-14,32,OZ,1,3.65
378964359,230,18,1828,1081214888,1468,2013-03-14,1,OZ,1,1
378964359,230,8,801,107025373,13343,2013-03-14,36,OZ,8,12.72
378964359,230,8,808,101300010,8164,2013-03-14,12.5,OZ,2,3.98
378964359,230,27,2702,101780010,95301,2013-03-15,16.5,LB,1,22.73
378964359,230,37,3705,107025373,13343,2013-03-15,19,OZ,15,20.07
378964359,230,12,1206,108000080,17292,2013-03-15,5,OZ,4,6.76
378964359,230,51,5115,107218070,15035,2013-03-15,21.06,OZ,7,28
378964359,230,36,3611,107929878,5984,2013-03-15,101.4,OZ,1,6.99
378964359,230,5,501,101862717,9496,2013-03-15,14,OZ,1,3.79
378964359,230,51,5131,104227242,648,2013-03-15,4,OZ,2,5.14
378964359,230,33,3313,107426575,19866,2013-03-15,13.4,OZ,1,3.07
378964359,230,19,1908,105150050,9189,2013-03-16,40,OZ,9,53.17
378964359,230,55,5561,107042272,29449,2013-03-16,64,OZ,3,9.75
378964359,230,56,5604,103884636,5055,2013-03-16,7,OZ,1,5.29
378964359,230,5,520,103997838,2082,2013-03-16,24,OZ,1,6.39
378964359,230,44,4404,104158141,1687,2013-03-16,15,OZ,3,9.99
378964359,230,8,821,104139040,9659,2013-03-16,15,OZ,2,5.36
378964359,230,4,418,104000040,11198,2013-03-17,10.5,OZ,2,6.98
378964359,230,29,2920,102970020,8711,2013-03-17,4.1,OZ,9,12.06
378964359,230,33,3302,107615070,194,2013-03-17,8.25,OZ,8,15.12
378964359,230,14,1411,103890030,5072,2013-03-17,8,OZ,8,7.76
378964359,230,16,1604,102200020,6021,2013-03-17,45,CT,14,37.09
378964359,230,9,917,109041999,4356,2013-03-18,12,OZ,3,6.81
378964359,230,23,2301,1076738777,63766,2013-03-18,12,OZ,12,9.83
378964359,230,4,416,104000040,26517,2013-03-18,3.4,OZ,3,3.27
378964359,230,8,810,107025373,13343,2013-03-18,0.85,OZ,3,2.01
378964359,230,4,411,101130010,2272,2013-03-18,14,OZ,1,1.99
378964359,230,73,7305,107025373,13343,2013-03-18,1.5,OZ,1,2.87
378964359,230,4,417,103400030,15113,2013-03-19,4,OZ,1,1.15
378964359,230,8,818,105100050,14403,2013-03-19,14,OZ,3,4.89
378964359,230,4,416,104000040,16765,2013-03-19,2.07,OZ,12,8.46
378964359,230,9,902,101410010,45039,2013-03-19,8,OZ,2,4.98
378964359,230,9,922,102430020,10577,2013-03-19,12.5,OZ,3,5.97
378964359,230,11,1113,104345444,10440,2013-03-19,12,OZ,1,4.07
378964359,230,34,3411,107940070,17521,2013-03-19,12,OZ,4,9.96
378964359,230,56,5611,102100020,9886,2013-03-19,5,OZ,2,7.1
378964359,230,27,2704,104152242,11418,2013-03-19,22.5,OZ,1,3.27
378964359,230,2,214,101112616,6199,2013-03-19,5.3,OZ,2,1.98
378964359,230,51,5127,103100030,1358,2013-03-19,9,OZ,1,1.89
378964359,230,8,836,107025373,13343,2013-03-20,16,OZ,4,4.77
378964359,230,29,2914,102100020,71587,2013-03-20,12.9,OZ,1,3.19
378964359,230,29,2904,105010050,1358,2013-03-20,30.9,OZ,2,7.98
378964359,230,73,7302,1031284333,1500,2013-03-20,20,CT,1,3.89
378964359,230,53,5307,107025373,13343,2013-03-21,12,OZ,3,5.07
378964359,230,5,501,104240040,40317,2013-03-21,21,OZ,8,24.85
378964359,230,26,2606,107025373,13343,2013-03-21,100,CT,2,3.34
378964359,230,5,502,101600010,12021,2013-03-21,19.2,OZ,1,3.99
378964359,230,28,2803,107025373,13343,2013-03-21,16,OZ,1,1.99
378964359,230,19,1905,104180040,19713,2013-03-21,18,OZ,1,2.28
378964359,230,18,1850,107025373,13343,2013-03-21,2,CT,1,1.79
378964359,230,33,3307,102900020,14112,2013-03-22,8,OZ,5,28.58
378964359,230,37,3708,104100040,10522,2013-03-22,1.8,OZ,2,2.98
378964359,230,63,6309,103450030,10165,2013-03-22,12,OZ,9,13.67
378964359,230,51,5115,102870424,29892,2013-03-22,23,OZ,1,7.89
378964359,230,14,1404,101480010,12021,2013-03-22,24,OZ,8,20.38
378964359,230,36,3630,107800070,5208,2013-03-22,96,OZ,4,16
378964359,230,26,2633,103040030,683,2013-03-22,12,RL,19,123.31
378964359,230,12,1205,107025373,13343,2013-03-22,12,OZ,3,8.01
378964359,230,97,9748,107164171,15835,2013-03-23,4,CT,1,4.59
378964359,230,27,2710,107023070,18373,2013-03-23,27,LB,2,19.78
378964359,230,8,805,105440050,23210,2013-03-23,15,OZ,2,11.58
378964359,230,23,2310,107788676,21920,2013-03-23,16,OZ,1,4.29
378964359,230,21,2109,104180040,19713,2013-03-23,64,OZ,10,40.81
378964359,230,56,5614,107592575,4368,2013-03-24,8,OZ,5,14.45
378964359,230,1,105,105000050,7142,2013-03-24,12.7,OZ,11,173.87
378964359,230,57,5704,103450030,10165,2013-03-24,24,OZ,6,12.81
378964359,230,8,810,105210050,11382,2013-03-24,1.5,OZ,17,18.31
378964359,230,8,802,102446323,8627,2013-03-24,17,OZ,3,10.77
378964359,230,53,5307,101312010,26885,2013-03-25,12,OZ,5,6.48
378964359,230,4,419,107726070,15624,2013-03-25,1.13,OZ,2,1.58
378964359,230,63,6340,101037414,2999,2013-03-25,32,OZ,1,11.79
378964359,230,59,5906,104060040,26155,2013-03-25,15,OZ,39,113.11
378964359,230,4,418,104000040,26517,2013-03-25,9.9,OZ,1,3.29
378964359,230,97,9753,1020951121,0,2013-03-25,1,CT,1,3.37
378964359,230,73,7359,103160434,12423,2013-03-25,100,CT,1,10.03
378964359,230,63,6323,104190040,4664,2013-03-25,64,OZ,15,35.74
378964359,230,4,419,104177040,2430,2013-03-25,5,OZ,1,3.47
378964359,230,41,4121,107090070,4697,2013-03-25,8,OZ,6,2.64
378964359,230,4,416,103400030,9739,2013-03-26,1.5,OZ,23,16.87
378964359,230,58,5812,107010070,9243,2013-03-26,40,OZ,6,30.95
378964359,230,14,1404,103732333,12209,2013-03-26,48,OZ,3,12.97
378964359,230,36,3635,101657111,17037,2013-03-26,17,OZ,42,42
378964359,230,32,3204,102920525,1606,2013-03-26,68,OZ,2,41.6
378964359,230,31,3101,107025373,13343,2013-03-26,2.25,OZ,1,1.85
378964359,230,9,911,107025373,13343,2013-03-26,2.75,OZ,1,1.49
378964359,230,36,3601,104900040,3809,2013-03-27,12,OZ,1,1.19
378964359,230,37,3705,105100050,2820,2013-03-27,18.6,OZ,17,37.23
378964359,230,25,2509,107042272,29449,2013-03-27,16,OZ,17,25.42
378964359,230,8,810,107025373,13343,2013-03-27,1.45,OZ,1,0.67
378964359,230,36,3611,107289171,3452,2013-03-28,405.6,OZ,4,14.97
378964359,230,43,4302,107027272,15085,2013-03-28,13,OZ,2,7.98
378964359,230,8,810,104800141,9814,2013-03-28,0.9,OZ,5,8.95
378964359,230,3,307,107025373,13343,2013-03-28,16,OZ,1,1.29
378964359,230,6,601,105000050,12547,2013-03-28,27.7,OZ,2,7.38
378964359,230,26,2615,107301070,17990,2013-03-28,36,CT,1,7.99
378964359,230,33,3302,102700020,57417,2013-03-28,30,OZ,1,5.95
378964359,230,8,826,104540040,19200,2013-03-28,12,OZ,1,0.99
378964359,230,92,9212,102270020,4197,2013-03-28,0.13,OZ,1,5.39
378964359,230,57,5705,107047070,20230,2013-03-28,48,OZ,1,5.29
378964359,230,4,418,103400030,8247,2013-03-28,7.2,OZ,7,29.33
378964359,230,5,501,104240040,40317,2013-03-29,21.5,OZ,14,35.79
378964359,230,44,4409,107002272,15242,2013-03-29,48,OZ,1,2.99
378964359,230,58,5807,107010070,9243,2013-03-30,16,OZ,11,40.48
378964359,230,33,3315,1075351979,21695,2013-03-30,2.75,OZ,3,3
378964359,230,26,2633,104303242,11116,2013-03-30,4,RL,2,2.82
378964359,230,97,9707,107169171,15583,2013-03-30,3,CT,1,8.37
378964359,230,45,4511,102370020,18969,2013-03-30,26,OZ,2,11.96
378964359,230,4,416,104000040,56360,2013-03-30,1.92,OZ,2,1.56
378964359,230,51,5115,1089807585,3976,2013-03-30,24.79,OZ,1,4.44
378964359,230,51,5116,107192171,25673,2013-03-31,9.2,OZ,5,14.95
378964359,230,5,501,101600010,85114,2013-03-31,12,OZ,1,2.99
378964359,230,4,412,107279979,19735,2013-03-31,5.5,OZ,4,8.32
378964359,230,37,3705,105100050,2820,2013-03-31,18.8,OZ,3,6.19
378964359,230,9,902,102840020,17248,2013-03-31,7.33,OZ,1,3.19
378964359,230,29,2905,107025373,13343,2013-04-01,6.5,OZ,4,2.68
378964359,230,56,5616,102100020,9886,2013-04-01,7.2,OZ,1,3.29
378964359,230,36,3630,107025373,13343,2013-04-01,67.6,OZ,4,3.16
378964359,230,97,9770,107807373,33170,2013-04-01,1,CT,1,6.99
378964359,230,35,3508,103700030,18371,2013-04-01,59,OZ,1,17.85
378964359,230,26,2630,103700030,14647,2013-04-01,372,CT,6,34.92
378964359,230,56,5617,102100020,19279,2013-04-01,16,OZ,4,14
378964359,230,58,5830,105190050,26456,2013-04-01,8,OZ,1,2.69
378964359,230,7,708,1076211171,17286,2013-04-01,12,OZ,1,8.99
378964359,230,41,4107,107090070,16430,2013-04-01,99,OZ,1,4.46
378964359,230,71,7113,107940070,17521,2013-04-01,22.5,OZ,3,5.97
378964359,230,27,2704,102310020,13705,2013-04-02,6,OZ,2,8.7
378964359,230,47,4701,107535575,13044,2013-04-02,12,OZ,9,15.01
378964359,230,19,1905,107025373,13343,2013-04-02,32,OZ,5,9.91
378964359,230,7,709,109955595,25747,2013-04-02,3.7,OZ,4,23.16
378964359,230,44,4404,107045979,12587,2013-04-02,13.5,OZ,2,8.23
378964359,230,30,3001,102100020,11761,2013-04-02,12,OZ,1,2.59
378964359,230,9,903,104119646,14582,2013-04-03,15,OZ,1,1.69
378964359,230,45,4517,105450050,1322,2013-04-03,18,OZ,2,14.66
378964359,230,33,3318,104141949,3909,2013-04-03,6.3,OZ,1,1.99
378964359,230,18,1827,1080882989,10794,2013-04-03,10,OZ,1,1
378964359,230,4,418,103400030,45489,2013-04-04,11,OZ,18,30.06
378964359,230,53,5307,102000020,7655,2013-04-04,11.8,OZ,7,16.03
378964359,230,4,417,102800020,2631,2013-04-05,4.4,OZ,2,3
378964359,230,73,7344,107025373,13343,2013-04-05,36,CT,1,3.49
378964359,230,47,4705,107025373,13343,2013-04-05,12,OZ,1,1.45
378964359,230,5,501,101600010,3331,2013-04-05,25.25,OZ,1,4.48
378964359,230,3,311,1064420969,5345,2013-04-05,0.17,OZ,1,0.83
378964359,230,58,5827,107682979,32441,2013-04-05,48,OZ,1,9.67
378964359,230,51,5122,101590010,1366,2013-04-07,48,OZ,6,35.94
378964359,230,73,7302,107025373,13343,2013-04-07,120,CT,2,5.98
378964359,230,13,1306,101600010,7366,2013-04-07,2,LB,5,8.4
378964359,230,5,501,103000030,99506,2013-04-07,14.5,OZ,7,24.43
378964359,230,33,3310,102840020,15671,2013-04-07,4.5,OZ,1,2
378964359,230,51,5126,101380010,27474,2013-04-07,12.63,OZ,4,10
378964359,230,5,517,103000030,14760,2013-04-07,12.6,OZ,2,5.58
378964359,230,4,418,102800020,16558,2013-04-07,4.65,OZ,4,15.96
378964359,230,55,5567,107025373,13343,2013-04-07,42,OZ,2,9.48
378964359,230,36,3612,109117898,75016,2013-04-07,384,OZ,2,3.3
378964359,230,29,2902,105100050,2820,2013-04-07,19,OZ,2,4.94
378964359,230,29,2904,101600010,7860,2013-04-07,11.2,OZ,1,3.63
378964359,230,18,1854,105113151,16044,2013-04-07,3,CT,1,2.89
378964359,230,69,6901,107940070,4696,2013-04-07,2.7,OZ,2,7.38
378964359,230,56,5614,102100020,9886,2013-04-07,9,OZ,2,9.38
378964359,230,26,2630,1080882989,10794,2013-04-07,80,CT,1,1
378964359,230,9,904,1078735979,6734,2013-04-08,5,OZ,17,33.66
378964359,230,8,822,107025373,13343,2013-04-08,10,OZ,1,1.27
378964359,230,27,2704,102310020,13705,2013-04-08,6,OZ,3,13.05
378964359,230,41,4105,106414464,70939,2013-04-08,10,OZ,10,14.54
378964359,230,8,801,107025373,13343,2013-04-08,32,OZ,3,4.77
378964359,230,5,501,107025373,13343,2013-04-08,17,OZ,7,14
378964359,230,29,2924,101740010,11748,2013-04-08,14,OZ,7,15.74
378964359,230,37,3709,104178949,11224,2013-04-08,2.25,OZ,19,13.02
378964359,230,27,2704,105079252,5058,2013-04-09,1,CT,1,1
378964359,230,8,805,104150040,6714,2013-04-10,5,OZ,1,0.98
378964359,230,5,519,103000030,14760,2013-04-10,15.1,OZ,4,13.56
378964359,230,92,9208,107410878,3947,2013-04-10,12,CT,1,2.57
378964359,230,29,2906,107025373,13343,2013-04-10,6,OZ,1,1.08
378964359,230,51,5115,107192171,18492,2013-04-10,21.4,OZ,6,26.64
378964359,230,44,4409,107002272,15242,2013-04-10,19,OZ,3,12.57
378964359,230,4,416,102800020,2631,2013-04-10,1.28,OZ,4,2.89
378964359,230,18,1898,104133343,5379,2013-04-10,1,CT,1,3.87
378964359,230,8,810,104139040,9659,2013-04-11,1,OZ,1,0.79
378964359,230,9,901,102840020,14760,2013-04-11,8.8,OZ,4,9.96
378964359,230,58,5811,107188878,54885,2013-04-11,30,OZ,2,15.78
378964359,230,15,1505,107045070,17674,2013-04-11,18,OZ,1,3.23
378964359,230,99,9908,103144636,52826,2013-04-11,20,OZ,2,7.96
378964359,230,9,902,103010030,47346,2013-04-11,16,OZ,8,23.92
378964359,230,57,5705,107025373,13343,2013-04-11,6,OZ,14,7.98
378964359,230,58,5825,104450040,8318,2013-04-12,13,OZ,8,27.52
378964359,230,17,1726,104460040,3718,2013-04-12,35,CT,1,2.99
378964359,230,51,5116,107465373,9039,2013-04-12,29,OZ,1,4.99
378964359,230,23,2301,107151878,8349,2013-04-13,12,OZ,1,2.69
378964359,230,16,1601,102200020,1827,2013-04-13,45,CT,1,2.66
378964359,230,4,412,101070010,9275,2013-04-13,7,OZ,1,1.99
378964359,230,97,9753,1027508525,0,2013-04-13,1,CT,2,8.25
378964359,230,29,2928,101530010,58299,2013-04-13,6.2,OZ,2,2.5
378964359,230,79,7901,107244070,47298,2013-04-13,1,CT,2,25.98
378964359,230,4,421,101130010,2272,2013-04-13,24,OZ,3,9.39
378964359,230,37,3707,105100050,17812,2013-04-13,49.5,OZ,3,8.76
378964359,230,21,2106,101480010,8019,2013-04-13,64,OZ,2,3.58
378964359,230,6,607,1063810262,20375,2013-04-14,1.58,OZ,2,2.54
378964359,230,1,105,107007474,16452,2013-04-14,12.6,OZ,30,483.9
378964359,230,58,5828,103100030,1358,2013-04-14,6.4,OZ,6,13.38
378964359,230,21,2113,107057070,1835,2013-04-14,36,OZ,1,3.27
378964359,230,24,2403,102370020,18969,2013-04-14,12.5,OZ,1,3.69
378964359,230,51,5126,101380010,27474,2013-04-14,9.63,OZ,6,18
378964359,230,97,9763,10000,33170,2013-04-14,1,CT,59,58.41
378964359,230,63,6312,108259282,12297,2013-04-14,15.2,OZ,1,3.48
378964359,230,30,3008,104174343,5143,2013-04-14,16,OZ,3,9.51
378964359,230,26,2609,104116545,16879,2013-04-15,44,CT,2,5.96
378964359,230,9,901,104400040,13243,2013-04-15,15.35,OZ,19,56.81
378964359,230,9,913,107605777,4173,2013-04-15,24,OZ,4,9.96
378964359,230,29,2904,101530010,13610,2013-04-15,6.2,OZ,1,1.25
378964359,230,72,7208,107025373,13343,2013-04-16,1,CT,5,6.73
378964359,230,13,1306,107464878,4535,2013-04-16,5,LB,19,61.81
378964359,230,36,3618,101200010,23361,2013-04-16,48,OZ,9,9
378964359,230,71,7110,107940070,17521,2013-04-16,7,OZ,1,3.09
378964359,230,33,3312,103700030,14494,2013-04-16,6.38,OZ,13,23.01
378964359,230,5,501,103800030,6796,2013-04-16,10.5,OZ,2,6.48
378964359,230,45,4516,102781525,885,2013-04-17,14,OZ,5,16.23
378964359,230,33,3302,102819020,26252,2013-04-17,9.6,OZ,5,8.34
378964359,230,9,908,102430020,10577,2013-04-17,10,OZ,3,5.97
378964359,230,97,9753,1020951323,0,2013-04-17,1,CT,1,3.25
378964359,230,47,4701,102500020,11749,2013-04-17,12,OZ,12,26.28
378964359,230,31,3108,105210050,11382,2013-04-18,2.12,OZ,1,2
378964359,230,33,3351,106414464,25513,2013-04-18,10,OZ,2,6.26
378964359,230,21,2119,101200010,10522,2013-04-19,24,OZ,3,2.97
378964359,230,35,3508,103700030,18371,2013-04-19,150,OZ,1,22.99
378964359,230,51,5128,1069511969,8839,2013-04-19,18,OZ,3,17.49
378964359,230,75,7534,1037513737,6704,2013-04-19,0.31,OZ,1,5.85
378964359,230,99,9908,107878373,26033,2013-04-19,16,OZ,1,1.98
378964359,230,36,3632,107800070,23209,2013-04-19,67.6,OZ,2,3.58
378964359,230,27,2702,101311010,31436,2013-04-19,35,LB,1,18.97
378964359,230,51,5117,107465373,9039,2013-04-20,18.1,OZ,4,13.32
378964359,230,63,6315,103450030,10165,2013-04-20,8,OZ,12,5.18
378964359,230,28,2806,107025373,13343,2013-04-20,16,OZ,21,36.79
378964359,230,55,5561,107025373,13343,2013-04-20,56,OZ,1,2.75
378964359,230,4,418,103400030,15113,2013-04-20,40,OZ,1,9.99
378964359,230,26,2620,107025373,13343,2013-04-20,36,CT,1,1.99
378964359,230,9,917,104128949,1158,2013-04-21,14,OZ,4,7.96
378964359,230,53,5305,102000020,7655,2013-04-22,8,OZ,1,1.67
378964359,230,11,1114,1070662474,13528,2013-04-22,12,OZ,1,2.36
378964359,230,9,901,103010030,9530,2013-04-22,16.8,OZ,1,4.99
378964359,230,4,416,104000040,26517,2013-04-22,1.69,OZ,15,10.03
378964359,230,4,421,104000040,16565,2013-04-22,14,OZ,1,2.99
386430724,278,4,416,101070010,8131,2012-12-09,1.4,OZ,1,0.79
386554141,278,56,5609,101570010,11414,2013-01-18,24,OZ,4,17.96
386554141,278,18,1898,103980030,5782,2013-03-15,2,CT,1,5.99
386582951,104,9,908,104500040,8511,2012-05-15,11.25,OZ,1,2
386668663,104,9,907,1078142171,21825,2013-01-07,16,OZ,1,3.99
386773685,100,25,2509,107509070,182,2012-05-06,32,OZ,1,2.69
386773685,100,9,912,104812141,18322,2012-05-18,13,OZ,1,2.99
386775251,240,9,912,104567444,16284,2012-08-06,22,OZ,1,2.79
386775251,240,63,6315,104567444,16284,2012-08-30,128,OZ,1,2.99
386775251,240,9,902,104950848,16730,2012-10-09,7.2,OZ,1,2.79
386775251,240,29,2924,101740010,11748,2013-03-08,14,OZ,1,2.59
386813889,100,23,2301,1076738777,5261,2012-05-18,13.25,OZ,1,2
386813889,100,32,3203,106414464,13474,2012-06-10,8,OZ,1,5.79
386904130,240,9,907,101410010,13791,2012-11-24,24,OZ,1,3.99
386949853,104,9,907,107341070,888,2012-04-14,12,OZ,1,3.19
386949853,104,59,5902,104128040,9181,2012-05-06,16,OZ,1,3.19
386992456,8,9,901,1070897171,10653,2012-03-24,13.5,OZ,1,2.99
386992456,8,12,1205,104130343,38922,2012-05-22,5,OZ,2,1.96
386992456,8,4,421,103400030,18947,2012-11-01,22,OZ,3,1.5
386992456,8,51,5121,104369545,8522,2012-11-11,9,OZ,4,10
386997244,240,9,902,108136383,12592,2012-03-12,7.2,OZ,1,3.49
387011426,8,57,5704,103663232,4568,2012-06-24,16,OZ,3,6
387011426,8,28,2801,104470040,3640,2012-06-24,32,OZ,1,4.59
387148409,8,63,6315,107039979,497,2012-05-05,64,OZ,1,3.59
387148409,8,41,4105,104116343,365,2012-07-05,14.5,OZ,1,0.62
387148409,8,5,504,1075004979,1312,2012-10-14,1.76,OZ,3,2.25
387192808,8,9,907,107294575,15878,2012-06-08,20,OZ,1,2.49
387192808,8,51,5127,1065827666,8605,2012-09-02,15,OZ,4,17.16
387200138,8,4,427,103400030,8682,2012-09-23,1.5,OZ,1,2
387200138,8,51,5122,107142171,14012,2012-11-10,5.6,OZ,2,3
387229128,8,29,2905,107313070,2079,2012-05-08,10,OZ,1,3.99
387229128,8,63,6311,104850040,5072,2012-05-23,59,OZ,1,3.99
387229128,8,99,9908,103710232,11930,2012-10-07,10,OZ,1,2.99
387229128,8,55,5558,107585676,9798,2012-10-14,27,OZ,1,3.99
387229128,8,43,4302,104130343,38922,2013-01-19,6.5,OZ,1,2.24
387268381,8,45,4512,104113040,6165,2012-09-10,48,OZ,1,7.19
387291065,8,26,2630,104130343,38922,2012-12-29,240,CT,1,2.25
387344391,8,64,6408,1076961171,16902,2012-06-21,0.75,LT,1,22.99
387379098,278,16,1604,102200020,20100,2012-05-12,15,CT,2,2
387379098,278,43,4302,107027272,15085,2012-10-20,6.5,OZ,4,7.96
387379098,278,29,2904,101600010,3412,2013-02-16,4.8,OZ,2,3
387379098,278,9,901,104400040,13243,2013-02-24,15.35,OZ,1,2.99
387400356,240,11,1114,104567444,16284,2012-08-23,16,OZ,1,2.69
387400356,240,5,516,103000030,14760,2012-10-28,3.5,OZ,1,1.99
387433700,8,58,5814,104470040,10837,2012-03-11,10.7,OZ,1,3.39
387433700,8,33,3318,102840020,15441,2012-11-15,10,OZ,1,2.5
387452262,104,81,8115,107025777,16060,2012-10-13,1,CT,1,5.29
387463997,8,6,610,1081809484,15414,2012-10-09,12,OZ,1,1.5
387470246,8,36,3628,101200010,12029,2012-03-27,20,OZ,1,1.79
387470246,8,63,6315,104113040,28204,2012-10-05,128,OZ,1,2.78
387476952,8,5,501,101600010,3789,2012-09-22,11.8,OZ,1,1.49
387476952,8,29,2921,102970020,8711,2012-12-10,3.8,OZ,2,2.5
387479693,8,73,7302,1030057333,250,2012-10-26,50,CT,1,4.99
387479693,8,13,1306,104130343,38922,2013-01-09,5,LB,1,3.23
387664727,8,51,5119,1081334181,77090,2013-03-13,7,OZ,1,3.3
387670522,278,20,2002,105100050,2820,2012-12-15,64,OZ,1,3.99
387690320,240,57,5710,105215959,41981,2012-11-04,5.3,OZ,3,3.75
387690360,8,63,6313,104116343,365,2012-11-16,14,OZ,1,2.42
387696787,8,63,6323,104116343,365,2012-11-14,64,OZ,1,3.59
387696787,8,29,2904,101600010,7860,2012-12-04,6.2,OZ,1,2
387696787,8,51,5132,107218070,13438,2013-01-26,7.27,OZ,1,4.29
387701241,8,63,6305,104116343,365,2012-06-18,64,OZ,1,2.7
387701241,8,36,3611,107514070,4369,2012-06-20,50.7,OZ,1,0.89
387701241,8,55,5560,104154848,5603,2012-08-01,18,OZ,2,6
387738276,8,33,3307,102900020,14112,2012-03-11,16,OZ,1,3.99
387878193,8,25,2506,105000050,32115,2012-07-30,32,OZ,1,4.69
387878193,8,56,5620,104130343,38922,2012-08-09,8,OZ,1,3.19
387959532,240,26,2609,104130343,38922,2012-11-03,100,CT,1,3.99
388052772,8,10,1010,105150050,16728,2012-04-01,12.25,OZ,1,3.29
388052772,8,99,9904,103338333,33170,2013-02-05,6,OZ,2,3.99
388053696,240,63,6315,104567444,16284,2012-12-09,128,OZ,1,4.12
388059675,8,36,3612,107514070,4369,2012-07-04,128,OZ,4,4
388059675,8,63,6315,104113040,28204,2012-10-14,128,OZ,2,6.18
388059675,8,8,811,104112949,3635,2012-10-28,15,OZ,1,2.29
388095199,100,36,3611,107572070,14196,2012-07-10,64,OZ,2,4
388681553,8,58,5823,104470040,13310,2012-03-13,12,OZ,2,9.78
388840441,278,56,5604,104113040,21174,2012-05-23,4,OZ,2,5.98
388869609,100,9,904,1078735979,6734,2012-07-30,5,OZ,1,2.5
388915767,240,56,5607,102100020,13967,2012-08-09,8,OZ,1,2.99
