3961732902,214,34,3411,103700030,13012,2013-04-06,15.2,OZ,1,7.98
3961740669,214,0,0,10000,0,2012-11-27,0,,1,-1.5
3961741040,214,29,2902,101490010,19995,2012-09-18,11,OZ,2,2.76
3961741040,214,58,5835,104122040,23511,2012-11-17,16,OZ,1,2
3961741040,214,51,5129,101380010,27474,2013-03-01,25,OZ,1,3.76
3961769893,214,63,6320,104122040,20514,2012-06-02,18,CT,1,2.49
3961769893,214,8,816,1071826272,49572,2012-09-17,16,OZ,1,2.98
3961793462,46,36,3636,1071373373,11473,2012-12-29,192,OZ,2,5.98
3961796596,46,57,5705,1070882070,11473,2012-09-16,6,OZ,2,1
3961796596,46,51,5115,107218070,15035,2013-01-06,11.2,OZ,2,5.98
3961827435,46,97,9799,107734171,4438,2012-06-17,3,CT,1,2.79
3961827435,46,36,3601,104900040,3809,2012-07-08,144,OZ,1,3.67
3961830380,46,8,838,102100020,9886,2012-06-02,12,OZ,1,1.99
3961830380,46,99,9904,1078035373,53977,2012-11-02,16,OZ,1,2.5
3961850796,4,56,5609,102113020,10786,2013-02-04,16,OZ,2,5.18
3962174014,42,99,9904,103338333,33170,2013-01-07,64,OZ,2,9.98
3962337205,109,0,0,10000,0,2012-12-10,0,,1,2.99
3962337205,109,4,421,107046272,16934,2013-01-14,14,OZ,1,2.99
3962371805,377,25,2502,104175646,15677,2012-10-30,120,OZ,1,4.79
3962400632,85,38,3801,101620010,5018,2012-05-16,4,LB,2,4.38
3962406255,85,41,4107,102400020,4704,2013-02-24,8,OZ,1,0.95
3962408537,85,36,3611,101200010,803,2012-07-04,405.6,OZ,1,3.49
3962435373,525,6,605,1083342383,22364,2012-11-07,2.9,OZ,6,14.34
3962436790,524,63,6315,107280474,31082,2012-12-07,128,OZ,1,2.95
3962441281,524,16,1604,101254616,18738,2013-02-16,18,CT,1,1.29
3962459246,526,73,7304,1032390030,19348,2013-05-06,24,OZ,1,16.99
3962471963,526,73,7359,101182212,15327,2012-11-13,30,CT,2,0
3962488296,526,21,2118,1061300868,867,2013-04-01,23,OZ,1,0.99
3962667397,507,21,2112,108523989,11176,2012-07-24,64,OZ,1,2.69
3962667397,507,9,917,107373171,11786,2012-09-01,16,OZ,1,2.67
3962667397,507,3,305,103320030,875,2013-02-15,16,OZ,1,0.72
3962667397,507,58,5823,103760030,8501,2013-06-09,8,OZ,2,5.34
3962986218,510,97,9732,1067341969,10312,2012-04-03,1,CT,4,57.72
3963074885,510,18,1828,101980010,15181,2012-10-04,7.5,OZ,3,2.91
3963074885,510,22,2201,104460040,3718,2012-12-06,96,OZ,1,1.99
3963223677,306,5,501,1070887575,21340,2012-11-02,12,OZ,1,4.45
3963260805,31,33,3303,102840020,10241,2012-05-23,10.5,OZ,1,0
3963260805,31,9,907,107763373,17614,2012-10-03,15,OZ,1,2.49
3963260805,31,36,3601,102114020,23503,2013-04-25,72,OZ,1,0.5
3963288077,77,29,2923,104100040,9814,2012-05-29,4,OZ,1,1
3963288077,77,26,2630,106343565,16050,2012-10-20,60,CT,1,1
3963288077,77,33,3302,102700020,57417,2012-12-13,8.7,OZ,3,4.47
3963299602,70,4,416,104000040,26517,2012-07-09,1.69,OZ,2,1.58
3963323282,68,2,211,101600010,1910,2012-05-18,20,OZ,1,2.49
3963323282,68,30,3008,102100020,9886,2012-05-18,8,OZ,1,1
3963348764,165,26,2619,101370010,8154,2013-01-31,40,CT,1,8.99
3963348764,165,58,5831,107203676,7953,2013-02-07,20.8,OZ,1,-28.82
3963348764,165,58,5828,103100030,1358,2013-02-28,6.4,OZ,2,3.98
3963348764,165,79,7903,1072527474,27869,2013-03-02,1,CT,1,4.99
3963354462,83,33,3303,102840020,10241,2013-05-22,8.5,OZ,1,2
3963355818,143,8,802,107550070,18204,2013-05-11,10,OZ,1,0.79
3963370005,133,55,5561,101111010,9907,2012-06-06,128,OZ,1,4.99
3963370005,133,21,2105,104900040,14357,2013-06-08,32,OZ,2,1.78
3963374617,431,0,0,10000,0,2012-12-20,0,,1,0
3963377314,12,58,5835,107790070,9200,2012-07-01,16,OZ,1,3.84
3963377314,12,5,501,105844959,12466,2012-07-27,13.25,OZ,1,3.29
3963377314,12,58,5835,107790070,9200,2012-10-06,16,OZ,1,3.84
3963377314,12,92,9210,104155444,11347,2013-01-31,1,OZ,1,11.49
3963379047,63,63,6317,102529323,16410,2012-04-28,64,OZ,2,5.94
3963395253,191,49,4901,101312010,26885,2012-08-29,26,OZ,1,2.69
3963431102,184,60,6012,101800010,14029,2012-12-22,13.9,OZ,2,4.7
3963431102,184,97,9724,1071921878,14671,2013-04-27,1,CT,2,13.98
3963434814,96,63,6305,104850040,18799,2013-02-24,89,OZ,1,4.99
3963435444,96,9,901,104400040,13243,2012-07-19,15.25,OZ,1,3.69
3963435444,96,63,6320,103003434,7175,2012-09-24,12,CT,1,2.2
3963436142,96,73,7316,1030800434,32363,2012-04-10,2.5,OZ,3,20.07
3963449785,214,26,2613,103700030,13481,2012-06-11,23,CT,1,9.47
3963449785,214,56,5614,104171646,6769,2012-10-08,12,OZ,1,3.48
3963458531,214,57,5710,1068954464,6086,2012-10-16,17.6,OZ,1,3.37
3963483683,214,64,6409,108825484,27336,2012-09-08,0.75,LT,1,17.09
3963487372,214,36,3618,104900040,23359,2012-07-02,101.4,OZ,1,3
3963487372,214,99,9909,104122040,23511,2012-08-12,16,OZ,1,3.48
3963494253,46,29,2923,102100020,9886,2012-06-27,7.1,OZ,1,0.99
3963494253,46,51,5134,104280040,18599,2012-10-09,23.7,OZ,1,3.5
3963500877,46,16,1604,102200020,5558,2012-10-14,60,CT,1,3.29
3963500877,46,58,5827,104470040,13310,2013-03-25,12,OZ,1,3.99
3963534790,46,63,6315,104125040,11473,2012-06-06,128,OZ,1,2.79
3963534790,46,8,810,105210050,11382,2012-08-03,1.25,OZ,1,0.64
3963534790,46,8,810,104600040,13023,2013-01-09,1,OZ,2,1.58
3963538753,46,18,1841,103700030,17864,2012-04-22,42.2,OZ,1,5.49
3963538753,46,8,801,102700020,8612,2013-01-10,35,OZ,1,1.75
3963538753,46,78,7802,104916848,19917,2013-01-18,3,CT,1,4.99
3963538753,46,72,7205,1031015838,16196,2013-06-10,4,OZ,1,4.92
3963551990,46,33,3318,1071928373,11473,2012-07-09,10,OZ,1,1.25
3963551990,46,34,3411,107940070,17521,2013-03-01,12,OZ,2,3.88
3963567696,88,23,2301,107680878,1393,2013-01-27,12,OZ,1,0.99
3963584344,18,8,815,107210171,10069,2012-09-02,15,OZ,1,2.79
3963584415,18,56,5607,102100020,13967,2012-07-13,8,OZ,1,-1.5
3963589722,360,33,3305,102840020,15870,2012-07-16,11,OZ,1,2
3963590063,360,99,9908,107143070,5072,2012-06-28,12,OZ,2,5
3964048884,285,36,3618,104900040,23359,2012-06-04,288,OZ,1,7.99
3964048884,285,51,5125,101380010,10271,2012-06-16,8.25,OZ,1,1.99
3964049189,285,57,5703,103663232,4568,2013-03-25,6,OZ,1,0.5
3964076999,109,29,2902,107417575,20614,2012-06-02,15,OZ,1,1.39
3964076999,109,63,6316,107342070,4529,2012-08-11,16,OZ,1,2.49
3964076999,109,63,6399,107049272,6621,2012-10-27,7,OZ,2,3.58
3964076999,109,13,1305,104144949,362,2013-04-20,20,OZ,1,1.79
3964104789,377,99,9909,1082486282,18063,2012-04-23,12.74,OZ,2,5.98
3964128803,85,63,6318,1060788060,28897,2012-04-24,23.1,OZ,4,23.96
3964128803,85,91,9122,107031070,16095,2012-07-07,10,OZ,2,3.98
3964128803,85,56,5611,107015373,15468,2012-10-13,8,OZ,2,13.98
3964176063,524,9,901,107210878,11951,2013-05-08,6,OZ,2,1.8
3964185402,526,97,9763,107248979,13751,2012-12-23,3,CT,1,3.99
3964185402,526,64,6401,107143979,15448,2013-01-27,96,OZ,1,5.29
3964185402,526,64,6408,108500080,21883,2013-02-21,1.5,LT,2,11.98
3964185402,526,36,3628,101200010,12029,2013-02-24,67.6,OZ,1,1.25
3964189733,526,72,7208,107094272,75834,2013-06-05,1,CT,3,9.57
3964250486,507,4,418,104000040,26517,2013-03-14,12.6,OZ,1,2.89
3964473386,507,7,708,1076211171,17286,2012-05-26,12,OZ,1,7.99
3964473386,507,97,9744,105114151,52,2012-07-17,0.14,OZ,1,3.49
3964473386,507,97,9734,1065356969,12538,2013-05-10,1,CT,1,19.99
3964504562,507,97,9731,106224363,36473,2013-02-02,1,CT,2,33.58
3964523668,508,26,2614,103700030,514,2012-10-15,2.25,OZ,1,3.64
3964539160,508,97,9753,104721343,0,2012-04-24,1,CT,1,9.99
3964539160,508,26,2628,106343565,23664,2012-10-17,8,RL,1,10.19
3964737165,510,63,6315,107039979,497,2012-09-03,64,OZ,1,2.61
3964737165,510,4,418,104000040,26517,2012-11-12,13.2,OZ,1,4.5
3964737165,510,34,3405,101111111,5168,2013-02-03,16,OZ,1,4.7
3964737165,510,33,3308,102840020,3336,2013-03-09,9.5,OZ,1,3.56
3964769363,510,97,9753,104650040,0,2012-11-05,1,CT,1,2.62
3964769363,510,26,2613,103700030,13481,2013-04-12,13,CT,1,9.44
3964769363,510,97,9753,1020422525,0,2013-05-14,1,CT,1,1.56
3964784812,510,36,3601,104900040,3809,2012-08-27,67.6,OZ,1,1.98
3964906849,100,71,7113,1030815131,3609,2012-08-18,1.7,OZ,2,2
3964906849,100,8,809,101300010,8164,2012-09-23,12,OZ,1,1.99
3964966640,31,56,5610,107580575,17344,2012-11-02,5,OZ,1,4.99
3964966640,31,18,1850,101117111,2615,2013-02-02,2,CT,1,2.99
3964989783,31,99,9909,107143070,5072,2012-10-15,9.7,OZ,2,3.99
3965000133,31,36,3611,107343070,20325,2012-07-05,405.6,OZ,1,3.94
3965000133,31,63,6320,102114020,19950,2013-03-30,12,CT,1,2.19
3965082389,70,63,6316,1072543979,40679,2013-02-02,16,OZ,1,1.47
3965082389,70,63,6316,1072543979,40679,2013-05-11,16,OZ,1,1.47
3965096508,143,0,0,10000,0,2012-09-24,0,,1,0
3965103602,126,9,901,101111010,9907,2012-07-26,12,OZ,2,3.74
3965103602,126,0,0,10000,0,2012-09-06,0,,1,2.29
3965104811,431,8,803,101111010,9907,2012-06-23,14,OZ,1,0.89
3965104811,431,51,5122,104157343,9698,2013-01-21,4,OZ,1,1.79
3965104811,431,9,903,101111010,9907,2013-02-22,15,OZ,1,1.05
3965104811,431,29,2925,101740010,47096,2013-06-07,14,OZ,1,2.49
3965105129,126,33,3309,102840020,18584,2012-12-08,12,OZ,1,2.5
3965105435,431,37,3705,101111010,9907,2012-12-24,18.8,OZ,2,2.6
3965120288,12,4,410,101130010,2272,2012-04-18,10.5,OZ,1,2.99
3965120288,12,96,9609,1051411353,88199,2012-05-10,0,,1,-1
3965120288,12,3,302,102800020,30272,2012-11-29,11,OZ,2,4.58
3965120288,12,97,9753,10000,0,2013-01-17,1,CT,1,5.17
3965120288,12,56,5607,102100020,13967,2013-03-27,12,OZ,1,3.79
3965122280,12,0,0,10000,0,2012-06-05,0,,2,0
3965122280,12,10,1004,105833656,25702,2012-08-19,3.7,OZ,1,1.69
3965122280,12,36,3635,101111010,9907,2012-12-07,67.6,OZ,1,0.87
3965122280,12,56,5616,101111010,9907,2013-02-23,6,OZ,1,2.5
3965139611,191,34,3411,103700030,13056,2012-06-02,16,OZ,1,4.39
3965139611,191,18,1802,104316848,25919,2012-10-26,2,CT,1,4.58
3965139611,191,0,0,10000,0,2012-11-29,0,,1,0
3965139611,191,0,0,10000,0,2013-04-23,0,,2,0
3965178507,96,5,519,103000030,14760,2012-04-10,11.5,OZ,1,3.75
3965178978,96,33,3310,107797575,21299,2012-11-15,7,OZ,1,3.99
3965183215,214,21,2121,107640676,9356,2012-12-18,11.3,OZ,3,1.14
3965183934,214,63,6315,104122040,23511,2012-12-08,64,OZ,2,5.76
3965192873,214,38,3801,104122040,23511,2012-08-06,4,LB,1,2.36
3965192873,214,37,3709,104178949,11224,2012-10-12,3,OZ,10,1.7
3965225982,214,9,917,104122040,23511,2012-07-17,42,OZ,1,-0.18
3965225982,214,36,3632,104122040,23511,2013-04-12,144,OZ,2,5.34
3965231230,214,36,3632,109047898,9098,2012-06-03,12.5,OZ,1,0.5
3965231230,214,25,2507,103400030,8247,2013-04-26,8,OZ,5,3.95
3965240615,46,99,9904,1066529060,52314,2012-06-28,16,OZ,1,1.67
3965240615,46,36,3604,107800070,2829,2013-03-13,60,OZ,1,4.49
3965245997,46,9,907,1071373373,11473,2012-05-12,19.5,OZ,1,1.88
3965245997,46,26,2629,1071373373,11473,2013-01-19,500,CT,1,3.49
3965245997,46,57,5705,107047070,20230,2013-03-09,6,OZ,10,6
3965319950,20,3,302,102800020,30272,2012-07-09,11.5,OZ,1,2.5
3965332426,95,55,5555,107684070,32094,2013-03-02,16,OZ,2,3.98
3965355365,360,9,907,107130575,11013,2012-11-24,18,OZ,1,3.99
3965668098,42,58,5831,107274575,13804,2013-05-03,24,OZ,1,8.99
3965821589,285,56,5610,103114232,25202,2013-01-31,5,OZ,1,3.49
3965858007,109,63,6305,104850040,5072,2013-02-09,59,OZ,1,2.99
3965884980,377,55,5562,1071754474,17653,2012-11-23,56,OZ,2,5
3965884980,377,63,6314,107342070,4529,2013-02-07,16,OZ,1,1.99
3965907259,85,64,6410,101820010,2510,2012-08-15,96,OZ,1,10.99
3965911530,85,9,920,104400040,15335,2013-02-17,3,OZ,1,1
3965911530,85,4,411,101900010,10421,2013-04-07,7,OZ,1,1.99
3965952419,524,92,9210,104155444,11347,2012-11-16,0.16,OZ,1,5.55
3965969587,526,16,1604,102200020,6021,2012-08-16,15,CT,1,1
3965969587,526,63,6315,107293575,1678,2013-01-23,128,OZ,1,3.09
3966128682,507,97,9753,1049032040,0,2013-06-13,1,CT,1,10.5
3966288796,507,34,3411,1030813737,1121,2012-11-02,18,OZ,1,7.44
3966407128,508,26,2632,103700030,13481,2012-04-05,448,CT,1,10.99
3966420475,508,26,2622,101121717,23664,2013-05-28,80,CT,1,2.61
3966446521,508,33,3303,107469070,13022,2012-05-27,15,OZ,1,4.92
3966446521,508,49,4901,101312010,26885,2013-04-28,32,OZ,1,2.62
3966451284,508,9,901,104400040,13243,2013-05-25,14.3,OZ,2,5.98
3966601706,510,97,9748,107166272,4239,2012-08-08,10,CT,1,1.3
3966601706,510,4,418,103400030,8247,2013-05-20,11,OZ,1,3.82
3966601706,510,4,416,104000040,16765,2013-06-16,3.29,OZ,1,1.2
3966628369,510,33,3305,1075752878,1381,2013-05-03,4,OZ,1,1.09
3966764011,10,5,501,101600010,3331,2013-04-07,16.2,OZ,1,4.69
3966852554,31,58,5812,105450050,1322,2012-04-16,16,OZ,1,4.99
3966852554,31,31,3101,102114020,19950,2012-06-04,4,OZ,1,4.29
3966852554,31,58,5812,1063690666,12339,2012-06-05,14,OZ,1,5.59
3966852554,31,59,5907,102740020,16291,2012-06-16,15,OZ,1,2.79
3966852554,31,13,1306,102114020,19950,2012-06-23,2,LB,1,1.59
3966852554,31,9,902,103010030,20332,2012-08-01,16,OZ,1,3.19
3966852554,31,51,5123,101380010,27474,2012-08-06,35,OZ,1,7.99
3966852554,31,23,2301,102920020,12168,2012-08-08,16,OZ,1,1.89
3966852554,31,57,5707,107047070,20230,2012-09-16,16,OZ,1,2.29
3966852554,31,8,807,101340919,17823,2012-10-10,18,OZ,1,2.59
3966852554,31,58,5823,104470040,13310,2012-10-22,9,OZ,1,4.59
3966852554,31,33,3350,102620020,16611,2012-10-23,0.97,OZ,1,1.19
3966852554,31,8,810,105210050,11382,2012-10-24,0.87,OZ,2,2.98
3966852554,31,4,416,103400030,8247,2012-10-26,1.55,OZ,2,2.18
3966852554,31,21,2103,103680030,3679,2012-10-29,128,OZ,2,2.54
3966852554,31,36,3632,102114020,24545,2012-10-30,67.6,OZ,2,2
3966852554,31,21,2106,103120030,12957,2012-10-31,101.4,OZ,1,5.99
3966852554,31,9,907,107225070,4558,2012-11-01,24,OZ,2,6.38
3966852554,31,58,5836,107790070,9200,2012-11-01,10,OZ,3,11.97
3966852554,31,9,902,103010030,3744,2012-11-01,11,OZ,1,3.99
3966852554,31,55,5555,107457070,26051,2012-11-01,14,OZ,1,4.89
3966852554,31,36,3632,108908787,86570,2012-11-04,67.6,OZ,1,2.29
3966852554,31,63,6317,104157040,2017,2012-11-04,64,OZ,1,3.49
3966852554,31,14,1404,101480010,12021,2012-11-05,24,OZ,4,11.16
3966852554,31,9,902,104400040,15335,2012-11-06,14.6,OZ,1,3.99
3966852554,31,9,907,107341070,2437,2012-11-06,22,OZ,1,3.49
3966852554,31,51,5134,104369545,8522,2012-11-09,10,OZ,1,2.99
3966852554,31,51,5125,102580020,16668,2012-11-09,9,OZ,1,3.89
3966852554,31,25,2506,104127141,26189,2012-11-09,16,OZ,1,2.29
3966852554,31,33,3313,102840020,15598,2012-11-11,15,OZ,1,4.29
3966852554,31,53,5307,103680030,3679,2012-11-11,16,OZ,1,0.98
3966852554,31,33,3325,102840020,21452,2012-11-12,19,OZ,2,15.98
3966852554,31,47,4704,102114020,19950,2012-11-15,12,OZ,1,1.39
3966852554,31,19,1905,103680030,3679,2012-11-18,32,OZ,1,1.78
3966852554,31,63,6311,104180040,19713,2012-11-21,59,OZ,9,22.5
3966852554,31,16,1604,101254616,18738,2012-11-21,18,CT,2,2.5
3966852554,31,29,2914,102100020,19279,2012-11-21,12,OZ,10,29.9
3966852554,31,73,7319,1081483282,27007,2012-12-01,4,OZ,2,13.98
3966852554,31,58,5813,1078533171,7796,2012-12-03,16,OZ,6,10.74
3966852554,31,56,5613,107403070,16922,2012-12-04,15,OZ,1,3.39
3966852554,31,8,807,102100020,51933,2012-12-05,18,OZ,1,2.59
3966852554,31,26,2634,103700030,3293,2012-12-06,6,RL,1,9.99
3966852554,31,64,6401,107825070,17336,2012-12-09,64,OZ,1,3.99
3966852554,31,5,519,103000030,14760,2012-12-09,15.1,OZ,1,3.99
3966852554,31,21,2105,105200050,7054,2012-12-10,72,OZ,9,38.61
3966852554,31,58,5827,102114020,19950,2012-12-12,16,OZ,1,5.49
3966852554,31,19,1908,103400030,15113,2012-12-13,18,OZ,1,3.29
3966852554,31,6,606,105000050,3001,2012-12-16,12.6,OZ,2,11.18
3966852554,31,41,4107,101760010,2443,2012-12-18,29,OZ,1,2.99
3966852554,31,12,1206,108000080,17292,2012-12-19,5,OZ,1,1.59
3966852554,31,9,902,103680030,3679,2012-12-22,16,OZ,1,1.59
3966852554,31,63,6320,1071514171,25530,2012-12-22,12,CT,1,3.59
3966852554,31,53,5309,101450010,20864,2012-12-24,12,CT,1,4.69
3966852554,31,97,9753,1023087626,0,2012-12-24,1,CT,3,11.67
3966852554,31,56,5620,102114020,19950,2012-12-26,8,OZ,1,3.59
3966852554,31,99,9904,103338333,33170,2012-12-27,48,OZ,1,4.49
3966852554,31,64,6401,108248888,1555,2012-12-29,144,OZ,1,14.99
3966852554,31,51,5106,103100030,9626,2012-12-30,7.6,OZ,2,5.58
3966852554,31,5,501,102114020,19950,2013-01-01,17,OZ,1,3.29
3966852554,31,33,3312,103700030,14494,2013-01-04,0.74,OZ,1,6.99
3966852554,31,13,1305,103000030,14760,2013-01-05,24,OZ,1,2.39
3966852554,31,36,3626,104900040,17186,2013-01-08,42.2,OZ,1,1.59
3966852554,31,13,1305,102114020,19950,2013-01-09,32,OZ,1,1.79
3966852554,31,44,4404,102114020,19950,2013-01-10,11.25,OZ,1,2.69
3966852554,31,63,6320,102114020,19950,2013-01-11,12,CT,4,11.56
3966852554,31,8,818,105100050,14403,2013-01-13,45,OZ,2,8.38
3966852554,31,5,501,103800030,11732,2013-01-14,24,OZ,1,5.39
3966852554,31,9,908,1089506383,36033,2013-01-18,27,OZ,1,4.49
3966852554,31,5,501,102114020,19950,2013-01-20,12.8,OZ,1,3.59
3966852554,31,28,2806,10930090,12157,2013-01-20,24,OZ,1,3.29
3966852554,31,36,3618,104900040,23359,2013-01-20,42.2,OZ,1,1.59
3966852554,31,36,3601,104900040,3809,2013-01-21,96,OZ,1,4.59
3966852554,31,14,1416,102114020,19950,2013-01-21,15,OZ,2,3.18
3966852554,31,5,520,103000030,14760,2013-01-22,18,OZ,4,11.96
3966852554,31,30,3009,102100020,9886,2013-01-23,8,OZ,1,2.19
3966852554,31,31,3101,102114020,19950,2013-01-23,12,OZ,1,2.19
3966852554,31,51,5125,101380010,10271,2013-01-27,10,OZ,2,6.48
3966852554,31,31,3101,103680030,3679,2013-01-27,4,OZ,1,2.32
3966852554,31,58,5812,102114020,19950,2013-01-27,12,OZ,8,16
3966852554,31,9,907,1078648070,20257,2013-01-28,28,OZ,3,12.87
3966852554,31,31,3101,103384434,1257,2013-01-30,10.5,OZ,1,2.99
3966852554,31,27,2713,102310020,3223,2013-01-31,3.5,OZ,2,1.8
3966852554,31,25,2507,104164242,2199,2013-02-06,32,OZ,1,4.49
3966852554,31,30,3008,104133545,43106,2013-02-11,16,OZ,2,7.38
3966852554,31,9,901,1070897171,10653,2013-02-12,13.5,OZ,1,3.99
3966852554,31,36,3611,104900040,4599,2013-02-12,20,OZ,1,1.69
3966852554,31,9,902,103010030,9530,2013-02-13,28,OZ,1,4.89
3966852554,31,41,4109,105200050,19212,2013-02-14,15,OZ,10,10
3966852554,31,22,2201,104460040,3718,2013-02-17,64,OZ,1,2.39
3966852554,31,4,416,104000040,18946,2013-02-18,3.02,OZ,2,3.38
3966852554,31,36,3611,102114020,19950,2013-02-19,101.4,OZ,1,1.99
3966852554,31,33,3310,102840020,6911,2013-02-20,0.88,OZ,5,2.5
3966852554,31,26,2614,103680030,18533,2013-02-22,24,CT,2,5.98
3966852554,31,26,2613,103600030,7484,2013-02-22,9,CT,1,11.79
3966852554,31,10,1013,103890030,5072,2013-02-25,16,OZ,1,2.99
3966852554,31,33,3305,102840020,5141,2013-03-01,3.38,OZ,1,1.49
3966852554,31,9,907,107341070,2437,2013-03-03,24,OZ,1,4.29
3966852554,31,41,4105,103680030,3679,2013-03-03,14.5,OZ,2,1.36
3966852554,31,59,5907,102900020,2012,2013-03-04,16,OZ,1,0.99
3966852554,31,6,610,107084777,11910,2013-03-05,16,OZ,1,2.59
3966852554,31,1,106,105220050,1569,2013-03-06,2.5,OZ,5,3.59
3966852554,31,56,5616,102100020,9886,2013-03-08,8,OZ,6,19.74
3966852554,31,63,6316,102100020,2321,2013-03-09,8,OZ,1,1.79
3966852554,31,31,3101,103384434,1257,2013-03-09,2,OZ,1,1.69
3966852554,31,56,5617,102100020,9886,2013-03-12,12,OZ,3,10.47
3966852554,31,31,3101,104133141,7531,2013-03-14,3.52,OZ,1,2.59
3966852554,31,4,418,103400030,452,2013-03-15,4.8,OZ,1,1.79
3966852554,31,37,3707,102114020,19950,2013-03-15,14,OZ,5,5.45
3966852554,31,29,2923,104100040,9814,2013-03-16,4.2,OZ,1,1.79
3966852554,31,9,901,104133141,7531,2013-03-16,5.6,OZ,1,1.19
3966852554,31,63,6305,104850040,18799,2013-03-19,128,OZ,1,7.59
3966852554,31,30,3008,107110070,8280,2013-03-20,16,OZ,1,3.99
3966852554,31,63,6315,107036070,11372,2013-03-21,16,OZ,1,1.99
3966852554,31,13,1305,103000030,14760,2013-03-22,80,OZ,2,7.98
3966852554,31,31,3101,102150020,10238,2013-03-28,2.25,OZ,1,3.59
3966852554,31,18,1836,102114020,28452,2013-03-29,32,OZ,1,4.59
3966852554,31,8,805,105440050,23210,2013-03-29,10,OZ,1,4.39
3966852554,31,63,6315,104949444,11113,2013-03-30,32,OZ,1,2.99
3966852554,31,2,213,103680030,3679,2013-03-31,7.5,OZ,1,0.5
3966852554,31,31,3101,105210050,11382,2013-03-31,2.75,OZ,1,2.79
3966852554,31,97,9771,107169171,15583,2013-03-31,1,CT,1,5.79
3966852554,31,9,922,102430020,10577,2013-03-31,10.15,OZ,1,1.79
3966852554,31,63,6315,107045272,6176,2013-04-03,64,OZ,1,3.99
3966852554,31,63,6312,102073525,18893,2013-04-08,64,OZ,1,1.99
3966852554,31,14,1416,102400020,4704,2013-04-08,15.25,OZ,2,3.98
3966852554,31,36,3626,104900040,17186,2013-04-09,20,OZ,4,6.76
3966852554,31,9,901,104400040,3453,2013-04-10,13,OZ,1,3.69
3966852554,31,9,902,102410020,44209,2013-04-11,15,OZ,1,5.99
3966852554,31,33,3303,102840020,10241,2013-04-11,10,OZ,3,12.87
3966852554,31,21,2103,108908787,58376,2013-04-12,24,OZ,2,2
3966852554,31,22,2201,104460040,3718,2013-04-14,64,OZ,1,2.39
3966852554,31,22,2210,103700030,5174,2013-04-14,64,OZ,1,3.99
3966852554,31,36,3632,101480010,8019,2013-04-14,128,OZ,24,60
3966852554,31,29,2907,104600040,13023,2013-04-15,14,OZ,2,6.58
3966852554,31,34,3402,108730080,50958,2013-04-16,2,OZ,1,5.99
3966852554,31,21,2106,103120030,12957,2013-04-19,64,OZ,1,3.99
3966852554,31,31,3101,102050222,9119,2013-04-19,7,OZ,1,1.99
3966852554,31,27,2701,103680030,3679,2013-04-23,13.2,OZ,1,0.65
3966852554,31,8,814,102840020,18584,2013-04-24,24,OZ,2,7.98
3966852554,31,5,501,103800030,6790,2013-04-25,12.6,OZ,2,8.98
3966852554,31,3,311,101600010,1756,2013-04-26,16,OZ,1,2
3966852554,31,29,2928,107107272,19376,2013-04-26,5,OZ,1,0.79
3966852554,31,9,907,102114020,19950,2013-04-27,11,OZ,11,16.39
3966852554,31,55,5552,107756777,2347,2013-04-30,48,OZ,4,25.96
3966852554,31,5,519,102114020,19950,2013-04-30,15.1,OZ,1,2.99
3966852554,31,56,5620,104610040,15889,2013-05-03,8,OZ,3,12.57
3966852554,31,18,1802,104316848,25919,2013-05-03,4,CT,1,5.99
3966852554,31,63,6305,102500020,11749,2013-05-03,59,OZ,3,9.87
3966852554,31,19,1908,103680030,3679,2013-05-04,18,OZ,2,4.78
3966852554,31,9,902,104400040,8463,2013-05-06,12.2,OZ,1,4.19
3966852554,31,14,1411,107458474,10383,2013-05-06,20,OZ,1,1.99
3966852554,31,36,3601,101200010,13794,2013-05-09,144,OZ,3,16.47
3966852554,31,24,2401,103760030,4979,2013-05-14,15,OZ,3,6.57
3966852554,31,33,3308,102840020,3336,2013-05-15,1,OZ,4,2
3966852554,31,8,835,107566979,8671,2013-05-16,24,OZ,1,1.49
3966852554,31,62,6201,102114020,19950,2013-05-17,16,OZ,3,8.37
3966852554,31,99,9909,107143070,5072,2013-05-18,14,OZ,1,2.29
3966852554,31,63,6316,102100020,2321,2013-05-19,16,OZ,4,11.96
3966852554,31,58,5835,107790070,9200,2013-05-19,16,OZ,1,3.99
3966852554,31,25,2508,102529323,16410,2013-05-19,128,OZ,1,6.29
3966852554,31,33,3310,101963111,57257,2013-05-21,9,OZ,1,4.39
3966852554,31,5,501,104240040,40317,2013-05-23,27,OZ,4,11.96
3966852554,31,32,3202,102114020,19950,2013-05-30,24,OZ,1,2.49
3966852554,31,9,907,107225070,4558,2013-05-31,24,OZ,1,3.19
3966852554,31,29,2930,103760030,72948,2013-06-02,10,OZ,2,5.58
3966852554,31,99,9909,107143070,5072,2013-06-04,12,OZ,3,7.07
3966852554,31,29,2928,101530010,58299,2013-06-06,6.5,OZ,1,1.79
3966852554,31,58,5827,102114020,19950,2013-06-09,12,OZ,3,12.57
3966852554,31,2,213,107248676,9190,2013-06-09,8.5,OZ,13,8.97
3966852554,31,1,106,101500010,7142,2013-06-11,6,OZ,1,0.79
3966852554,31,55,5556,103680030,3679,2013-06-12,128,OZ,1,5.99
3966852554,31,63,6319,102114020,19950,2013-06-12,128,OZ,4,10
3966852554,31,5,501,104240040,40317,2013-06-14,28,OZ,3,12.87
3966852554,31,3,305,1076172070,854,2013-06-16,12,OZ,1,1.99
3966852554,31,63,6315,102114020,19950,2013-06-17,32,OZ,1,1.89
3966852554,31,29,2914,102100020,19279,2013-06-17,24,OZ,2,11.98
3966852554,31,9,917,107373171,11786,2013-06-19,27.5,OZ,2,4.98
3966852554,31,57,5707,105215959,41981,2013-06-22,16,OZ,1,2.69
3966852554,31,9,907,107225070,4558,2013-06-29,12,OZ,1,2.69
3966852554,31,1,103,101500010,29555,2013-07-02,1.48,OZ,1,2.29
3966852554,31,33,3305,102840020,15870,2013-07-02,11,OZ,1,2
3966852554,31,58,5827,102114020,19950,2013-07-03,12,OZ,1,3.79
3966852554,31,26,2634,103700030,3293,2013-07-03,6,RL,1,9.49
3966852554,31,29,2928,107142979,20299,2013-07-04,12,OZ,1,3.19
3966852554,31,99,9908,103338333,33170,2013-07-05,48,OZ,1,2.5
3966852554,31,8,803,104150040,6714,2013-07-05,8,OZ,1,1.89
3966852554,31,8,836,103680030,3679,2013-07-06,128,OZ,1,2.38
3966852554,31,33,3308,102840020,3336,2013-07-07,1.13,OZ,8,4
3966852554,31,55,5556,103680030,3679,2013-07-12,128,OZ,2,9.98
3966852554,31,36,3618,101200010,23361,2013-07-13,20,OZ,2,3.38
3966852554,31,28,2803,10930090,12157,2013-07-14,10,OZ,1,2.19
3966852554,31,36,3604,107800070,16023,2013-07-20,67.6,OZ,2,2.5
3966852554,31,44,4404,107045979,12587,2013-07-20,13.5,OZ,1,2.5
3966852554,31,36,3635,107576070,17896,2013-07-22,33.8,OZ,1,0.79
3966852554,31,51,5126,101380010,27474,2013-07-23,11,OZ,2,5.6
3966863401,31,5,516,102114020,19950,2012-05-29,7.4,OZ,2,6.58
3966863401,31,5,501,101600010,85114,2012-12-14,16.2,OZ,1,4.59
3966866987,31,36,3628,101200010,12029,2012-05-16,101.4,OZ,1,3.99
3966866987,31,51,5128,101450010,20864,2013-05-27,10,OZ,4,4.53
3966884135,31,8,801,102114020,19950,2012-04-10,24,OZ,1,1
3966884135,31,37,3708,104100040,10522,2012-05-17,1.8,OZ,1,1.89
3966884135,31,55,5552,102114020,17735,2012-09-23,64,OZ,1,3.49
3966884135,31,56,5620,102114020,19950,2013-03-20,28,OZ,2,5
3966919097,21,23,2310,107623979,11065,2012-04-15,12,OZ,2,5.98
3966919097,21,9,907,104119040,16347,2012-04-15,20,OZ,1,1.27
3966919097,21,5,501,103800030,4086,2012-06-08,18,OZ,1,3.59
3966921053,21,21,2118,107618373,16756,2012-06-26,192,OZ,1,7.24
3966922355,21,99,9904,103338333,33170,2012-05-29,16,OZ,1,3.99
3966932587,101,56,5604,1068826767,81691,2012-06-14,4,OZ,1,1.99
3966932587,101,63,6319,102073525,18893,2012-08-31,128,OZ,1,2.49
3966934279,101,49,4901,1068826767,7173,2012-04-07,32,OZ,1,2
3966949504,70,58,5831,107274575,13804,2012-09-10,20,OZ,1,1.39
3966949504,70,26,2634,104200040,14813,2012-09-26,9,RL,1,5.49
3966960522,370,59,5907,1072543979,40679,2013-01-09,45,OZ,1,2.48
3966964227,70,25,2505,105000050,32115,2012-10-03,32,OZ,4,13.61
3966968380,64,51,5124,1072543979,40679,2013-02-15,4,OZ,2,0.6
3967035396,70,63,6315,1072543979,40679,2012-06-23,128,OZ,1,3.03
3967035396,70,29,2903,106414464,3342,2013-01-20,15,OZ,1,1
3967086404,65,64,6408,108520080,17797,2012-05-10,0.75,LT,1,5.49
3967086404,65,59,5907,102740020,16291,2013-02-21,45,OZ,1,3.29
3967086404,65,29,2903,106414464,3342,2013-02-25,14.75,OZ,2,2.25
3967111950,165,27,2702,101780010,95301,2012-09-17,4,LB,1,8.75
3967111950,165,41,4106,107047575,7217,2013-02-23,6,OZ,1,1.99
3967111950,165,37,3703,107203676,7953,2013-05-04,10.75,OZ,2,1.44
3967115201,83,99,9908,103338333,33170,2013-07-21,13,OZ,2,2.5
3967132891,98,2,214,101111010,9907,2012-04-11,32,OZ,1,1.89
3967132891,98,34,3410,1081452181,13481,2012-08-15,8.4,OZ,1,2.99
3967132891,98,57,5710,107047070,20230,2012-09-26,5.3,OZ,2,2
3967132891,98,56,5618,101111010,9907,2012-10-30,8,OZ,1,1
3967132891,98,64,6401,101820010,2510,2013-03-05,72,OZ,1,7.39
3967140098,151,63,6315,101111010,9907,2012-11-09,128,OZ,1,3.15
3967140098,151,56,5609,101111010,9907,2012-12-14,24,OZ,1,2.99
3967144124,26,96,9609,1057274555,88199,2012-10-06,0,,1,-1
3967144124,26,99,9904,1071575676,5278,2013-01-19,6,OZ,2,2
3967144124,26,63,6305,101111010,9907,2013-03-29,128,OZ,1,1.99
3967144124,26,96,9609,1051114151,88199,2013-05-14,0,,1,-1
3967149381,63,25,2506,101111010,9907,2013-05-11,32,OZ,1,2.5
3967167891,83,9,901,103010030,6852,2012-05-07,11.5,OZ,1,2.59
3967168108,83,4,416,101070010,56124,2012-06-04,1.85,OZ,1,0.99
3967188904,98,63,6315,101111010,61474,2012-04-07,128,OZ,1,3.48
3967189443,89,51,5126,101380010,27474,2012-07-22,6,OZ,1,1.88
3967189443,89,51,5132,103620030,52004,2012-09-12,12.5,OZ,1,4.49
3967192489,126,26,2632,101111010,9907,2012-08-04,140,CT,1,2.18
3967192489,126,25,2508,101111010,85048,2012-08-13,64,OZ,1,2.5
3967218600,2,56,5613,101111010,14907,2012-12-20,30,OZ,1,5.99
3967223231,2,9,907,105040050,17593,2012-05-19,16,OZ,1,3
3967223231,2,27,2705,105000050,6775,2012-12-22,5.5,OZ,28,14
3967322864,184,99,9904,103338333,33170,2012-11-18,48,OZ,1,4.99
3967326609,96,33,3305,103003434,7175,2013-03-08,13,OZ,1,2.99
3967327012,96,0,0,10000,0,2013-05-25,0,,1,0
3967327774,96,0,0,10000,0,2012-12-03,0,,1,-0.24
3967327774,96,51,5115,107192171,78492,2013-01-09,13.6,OZ,1,7.69
3967328301,96,9,907,107131979,16021,2012-07-31,20,OZ,2,4.38
3967328301,96,33,3305,102840020,18584,2012-12-02,9.75,OZ,1,3.99
3967329680,96,17,1704,101920010,10882,2012-06-24,32,OZ,1,4.59
3967332749,96,45,4517,103003434,7175,2012-10-19,32,OZ,1,8.99
3967332796,96,9,913,104812141,18322,2012-06-18,12,OZ,2,3.98
3967332796,96,9,902,103010030,45064,2012-10-15,15,OZ,1,3.39
3967332796,96,26,2630,103600030,9787,2013-01-19,170,CT,1,2.79
3967340709,214,17,1709,104460040,3718,2012-12-03,24,OZ,1,1.86
3967368509,214,58,5814,104470040,10837,2013-04-29,4.3,OZ,1,1.38
3967372648,214,4,418,104000040,26517,2013-01-11,12.6,OZ,1,2.88
3967382865,214,29,2904,101600010,21633,2012-10-02,5.6,OZ,1,1.35
3967382865,214,56,5620,104122040,23511,2012-11-09,16,OZ,1,4.78
3967382865,214,57,5705,107047070,20230,2013-04-12,24,OZ,1,2
3967386681,214,9,907,104122040,20514,2012-12-08,18.25,OZ,2,2.96
3967393720,214,9,902,104400040,12279,2012-08-13,16,OZ,1,2.5
3967393720,214,99,9909,107143070,5072,2012-10-05,5,OZ,1,2.68
3967405532,214,99,9908,103338333,33170,2012-11-19,32,OZ,1,1.98
3967405532,214,32,3201,105150050,4307,2013-02-11,48,OZ,1,4.68
3967405532,214,25,2503,104127141,26189,2013-05-06,16,OZ,1,2.48
3967421507,214,99,9908,107146474,2142,2012-07-05,12,OZ,1,1.78
3967421507,214,23,2301,104122040,23511,2012-09-08,16,OZ,1,1.08
3967422431,214,99,9908,103338333,33170,2012-06-17,20,OZ,1,2.48
3967435212,214,96,9609,1054300050,88199,2013-04-07,0,,2,-1.96
3967459071,214,9,907,107195575,2623,2012-09-15,20,OZ,2,4.36
3967459071,214,96,9609,1053600050,88199,2012-11-21,0,,1,-1
3967459071,214,97,9753,1020449929,0,2012-11-24,1,CT,1,3.74
3967459071,214,8,822,104600040,13023,2013-01-10,19,OZ,2,4
3967467009,214,14,1411,103890030,5072,2012-04-21,8,OZ,1,0.89
3967467009,214,96,9609,1053010050,88199,2012-05-14,0,,1,-2
3967467009,214,10,1012,102700020,23332,2012-05-14,13,OZ,2,2
3967467009,214,9,907,101410010,13791,2012-12-13,24,OZ,1,2.98
3967504694,46,9,908,104125040,11473,2012-08-12,16,OZ,1,3.99
3967504694,46,4,416,101070010,8131,2012-09-23,1.4,OZ,3,1.5
3967506726,46,9,903,104125040,11473,2012-04-06,15,OZ,1,0.99
3967506726,46,36,3628,101200010,12029,2012-06-22,67.6,OZ,1,1.34
3967506726,46,35,3506,103700030,3068,2013-04-05,75,OZ,1,3.99
3967506726,46,23,2301,104125040,11473,2013-05-24,16,OZ,2,1.78
3967513083,46,51,5133,107100777,5656,2012-04-06,22.4,OZ,1,6.99
3967513083,46,30,3008,107110070,8280,2012-09-03,16,OZ,1,3.09
3967540972,46,63,6313,107020070,11244,2012-11-05,15.5,OZ,1,3.49
3967541125,46,58,5812,105450050,1322,2012-04-21,16,OZ,1,2.5
3967545834,46,58,5814,104470040,10837,2012-12-09,4.3,OZ,3,4.74
3967545834,46,73,7304,101650010,25043,2012-12-17,20,CT,1,5.96
3967545834,46,99,9908,107878373,25326,2013-03-10,6.75,OZ,1,2.49
3967590257,46,18,1841,103700030,17864,2012-09-16,42.2,OZ,1,5.39
3967602178,46,99,9908,107146474,2142,2012-08-04,12,OZ,1,1.69
3967635325,46,36,3626,107800070,16223,2012-08-04,144,OZ,1,3
3967646232,46,41,4107,104125040,11473,2012-08-02,15,OZ,2,2.28
3967681203,46,8,816,1064767161,6994,2012-05-05,16,OZ,1,3.99
3967681203,46,9,922,104500040,8511,2012-06-09,17,OZ,1,2.5
3967681203,46,36,3636,104300040,29501,2012-12-22,144,OZ,1,3.99
3967687937,46,5,520,103000030,14760,2012-10-25,42,OZ,1,4.12
3967691916,17,33,3312,103800030,14494,2013-05-28,5.96,OZ,1,1.67
3967691916,17,56,5620,102100020,9886,2013-06-16,16,OZ,1,5.99
3967713092,4,63,6320,102113020,10786,2012-05-17,12,CT,1,2.59
3967713092,4,30,3010,107020070,7224,2012-10-12,12,OZ,1,4.79
3967713092,4,33,3310,101566515,22310,2013-06-10,4,OZ,1,2.5
3967722562,15,31,3101,104760040,19679,2012-04-27,5.5,OZ,2,3.49
3967758370,95,72,7203,103700030,16040,2013-04-13,25.4,OZ,1,4.49
3967787291,360,9,904,107020070,62488,2013-01-22,5,OZ,2,4.38
3967803454,360,27,2704,102310020,13705,2013-05-10,24,OZ,1,4.29
3968574507,42,36,3618,101200010,23361,2012-08-09,67.6,OZ,1,1.89
3968574507,42,34,3411,107704373,17223,2012-09-02,13.5,OZ,1,2.99
3968574507,42,37,3705,105100050,2820,2012-09-14,18.8,OZ,6,14.34
3968574507,42,31,3101,105210050,11382,2013-01-19,2.37,OZ,1,3.29
3969025242,285,35,3506,103700030,3068,2012-04-07,12.7,OZ,1,4.59
3969030407,106,33,3305,102840020,5141,2012-10-24,11.5,OZ,1,4.29
3969047281,134,30,3009,101121313,17040,2012-06-17,16,OZ,1,1.5
3969052528,134,99,9904,103338333,33170,2012-09-01,48,OZ,1,4.99
3969115563,109,22,2214,102420020,14716,2012-06-20,28,OZ,1,5.99
3969177321,377,37,3709,104178949,11224,2013-01-27,2.15,OZ,1,0.44
3969188910,24,56,5620,104610040,15889,2012-10-28,8,OZ,1,3.79
3969205162,377,63,6309,101405414,12973,2013-02-23,27,OZ,1,4.99
3969243887,85,99,9904,103338333,33170,2013-01-17,16,OZ,2,5.98
3969244408,85,9,970,103800030,62065,2012-04-28,14.7,OZ,1,1.66
3969244408,85,41,4107,102000020,7655,2012-09-21,15.25,OZ,2,1.16
3969244408,85,96,9609,1054740050,88199,2012-11-16,0,,1,-2
3969244408,85,9,902,1081075787,15976,2013-03-30,7,OZ,1,6.69
3969244408,85,56,5616,104610040,15889,2013-05-03,6.67,OZ,1,3.19
3969270605,85,55,5552,103680030,3679,2012-04-22,56,OZ,1,2.65
3969302938,525,34,3402,107560979,13012,2012-11-03,2,OZ,1,3.14
3969307252,524,69,6901,103320030,875,2013-04-06,2.8,OZ,3,10.77
3969329452,526,26,2622,101182212,15327,2012-09-21,50,CT,1,2.59
3969329452,526,17,1719,104815545,14363,2012-11-22,12,OZ,2,2
3969329452,526,74,7405,101182212,15327,2013-03-17,15,CT,2,0
3969333543,526,91,9115,108954080,11045,2012-08-16,0.75,LT,1,9.99
3969333543,526,26,2633,101182212,16472,2013-04-28,4,RL,1,1
3969392446,524,73,7309,101182212,15327,2012-06-30,96,CT,1,13.49
3969402459,526,75,7520,104834141,73689,2012-06-26,80,CT,1,3.79
3969403175,526,26,2611,103600030,4814,2012-06-16,3,CT,1,3.99
3969415804,526,71,7102,1030813737,9259,2012-05-05,15,OZ,1,4.04
3969420810,526,27,2707,101780010,31090,2012-10-15,3.5,LB,2,9.98
3969420810,526,27,2707,105000050,6775,2013-05-04,3.15,LB,1,7.29
3969422915,526,64,6401,107199070,4043,2013-04-04,360,OZ,1,16.99
3969544421,507,97,9748,1067212565,25112,2012-10-18,10,CT,2,11.98
3969896077,508,97,9753,103228131,0,2013-05-19,1,CT,3,114.97
3969905686,508,73,7304,1036382434,12163,2013-01-19,28,CT,1,20.89
3969905686,508,9,907,107087070,12106,2013-03-29,11,OZ,1,2.49
3970012520,508,58,5823,104470040,13310,2012-07-08,7.5,OZ,2,7.74
3970012520,508,97,9733,106224363,33170,2012-08-24,1,CT,1,15.73
3970012520,508,63,6305,108523989,11176,2012-11-11,64,OZ,2,4.92
3970012520,508,9,902,102410020,44209,2013-01-22,13.7,OZ,3,8.37
3970012520,508,60,6011,101800010,14029,2013-02-23,17.3,OZ,2,3.28
3970012520,508,29,2903,106414464,3342,2013-03-19,15,OZ,3,3.12
3970012520,508,97,9753,1020401121,0,2013-04-21,1,CT,1,1.58
3970017668,508,72,7205,1031015838,16196,2012-10-24,4.3,OZ,1,7.04
3970027761,508,97,9763,1088230686,33170,2012-06-24,1,CT,1,8.39
3970116620,508,12,1207,108660080,2559,2013-05-04,6,OZ,1,3.81
3970116620,508,9,908,108523989,833,2013-05-17,10.25,OZ,2,7.32
