3838630706,233,30,3001,102100020,11761,2012-04-07,30,OZ,2,5.96
3838630706,233,1,106,101500010,29555,2012-04-09,6,OZ,7,10.15
3838630706,233,99,9902,108569686,11978,2012-04-12,12.3,OZ,1,2.99
3838630706,233,9,922,102430020,10577,2012-04-16,9.5,OZ,1,1.79
3838630706,233,58,5831,102410525,28615,2012-04-17,32,OZ,1,8.05
3838630706,233,30,3008,102066222,12598,2012-05-02,16,OZ,1,3.49
3838630706,233,69,6901,102220020,17067,2012-05-03,3,OZ,2,4.98
3838630706,233,64,6409,108847484,41670,2012-05-07,0.75,LT,1,11.99
3838630706,233,9,907,1068833969,6434,2012-05-22,14,OZ,1,3.99
3838630706,233,26,2620,104116545,16879,2012-05-24,50,CT,1,3
3838630706,233,56,5616,109194595,5401,2012-05-28,8,OZ,3,7.77
3838630706,233,33,3305,102840020,18584,2012-05-28,9.75,OZ,2,7.98
3838630706,233,19,1906,105150050,16728,2012-06-08,10,OZ,2,5.66
3838630706,233,9,912,104812141,18322,2012-06-09,13,OZ,1,3.99
3838630706,233,63,6323,104148343,9547,2012-06-09,64,OZ,1,2.39
3838630706,233,51,5106,103100030,9626,2012-06-12,8,OZ,1,2.25
3838630706,233,14,1415,102400020,4704,2012-06-15,15,OZ,1,2.07
3838630706,233,36,3631,107800070,23209,2012-06-16,101.4,OZ,6,15
3838630706,233,9,901,104113040,28204,2012-06-24,12,OZ,1,2.09
3838630706,233,8,801,104113040,6449,2012-06-30,32,OZ,1,2.09
3838630706,233,99,9904,1071575676,5278,2012-07-04,6,OZ,1,3.98
3838630706,233,56,5616,109194595,5401,2012-07-07,8,OZ,1,2.49
3838630706,233,14,1411,102400020,4704,2012-07-14,20,OZ,2,3
3838630706,233,56,5619,102100020,19279,2012-07-18,16,OZ,1,4.59
3838630706,233,28,2805,104113040,6449,2012-07-22,2.25,OZ,2,1.98
3838630706,233,5,518,101600010,3331,2012-07-30,8.5,OZ,2,5
3838630706,233,64,6409,101235414,10486,2012-07-30,0.75,LT,2,14.98
3838630706,233,63,6317,104157040,2017,2012-08-01,64,OZ,1,3.83
3838630706,233,26,2630,103600030,9787,2012-08-02,174,CT,1,1.5
3838630706,233,51,5199,104602646,33170,2012-08-07,6,LB,1,1.79
3838630706,233,91,9127,108218484,9031,2012-08-18,1.75,LT,1,44.99
3838630706,233,33,3308,107672171,56587,2012-08-26,10,OZ,1,2.5
3838630706,233,56,5615,102100020,9886,2012-08-29,8,OZ,3,7.5
3838630706,233,96,9609,1052840050,88199,2012-09-03,0,,1,-1
3838630706,233,4,421,103495232,5626,2012-09-04,16,OZ,1,2.69
3838630706,233,33,3305,102840020,18584,2012-09-21,18,OZ,1,4.49
3838630706,233,58,5835,107024777,6176,2012-09-22,16,OZ,1,1.89
3838630706,233,56,5620,109194595,5401,2012-10-09,16,OZ,1,4.49
3838630706,233,9,907,107341070,2437,2012-12-14,24,OZ,1,2.49
3838630706,233,9,902,103010030,3744,2013-01-30,16,OZ,1,3.49
3838630706,233,57,5710,1081829080,21065,2013-02-16,14,OZ,1,3.09
3838630706,233,31,3111,104150040,6714,2013-02-18,6,OZ,2,7.78
3838630706,233,26,2628,104113040,28204,2013-02-22,6,RL,1,4.65
3838630706,233,8,818,105100050,14403,2013-02-25,24,OZ,2,4.58
3838630706,233,7,706,101200010,17286,2013-03-03,13.7,OZ,2,5.18
3838630706,233,97,9753,106602262,0,2013-03-03,1,CT,1,3.99
3838630706,233,69,6901,102220020,17067,2013-03-10,2.7,OZ,1,3.87
3838630706,233,8,810,104600040,13023,2013-03-25,1,OZ,1,0.93
3838630706,233,36,3626,104900040,17186,2013-03-26,96,OZ,1,4.49
3838630706,233,99,9908,103338333,33170,2013-04-01,16,OZ,1,0.99
3838630706,233,3,310,103495232,5626,2013-04-02,10,OZ,1,3.29
3838630706,233,21,2103,104180040,19713,2013-04-03,64,OZ,1,3.29
3838630706,233,10,1013,104130343,38922,2013-04-05,16,OZ,1,2.87
3838630706,233,27,2701,101113212,491,2013-04-06,13.2,OZ,6,5.7
3838630706,233,1,106,101500010,29555,2013-04-10,1.48,OZ,1,2
3838630706,233,30,3001,104130343,38922,2013-04-14,30,OZ,1,4.25
3838630706,233,45,4509,101102919,94495,2013-04-22,16,OZ,1,3.49
3838630714,233,63,6305,102500020,16489,2012-04-30,13.5,OZ,1,1.38
3838630714,233,33,3305,102840020,5141,2013-01-26,11.5,OZ,2,8.58
3838631204,233,6,610,1081809484,15414,2012-03-24,16,OZ,1,1.99
3838631204,233,36,3601,101200010,13794,2012-04-10,67.6,OZ,1,1.79
3838631204,233,28,2805,104130343,38922,2012-12-12,2.25,OZ,2,2.46
3838632064,233,36,3631,107800070,23209,2012-11-28,101.4,OZ,1,3
3838632064,233,59,5902,107917676,64589,2012-12-05,16,OZ,1,3.49
3838632071,233,12,1205,108000080,17292,2012-03-07,5,OZ,1,0.99
3838632071,233,99,9908,103338333,33170,2012-04-02,32,OZ,1,1.98
3838632071,233,2,211,101600010,1910,2012-04-06,60,OZ,1,5.39
3838632071,233,56,5604,107027777,1008,2012-04-16,4,OZ,64,223.36
3838632071,233,20,2002,105100050,27873,2012-04-19,48,OZ,64,255.36
3838632071,233,26,2633,104113040,28204,2012-04-21,4,RL,64,74.88
3838632071,233,96,9609,1051600050,88199,2012-04-22,0,,1,-1
3838632071,233,21,2119,107618373,16756,2012-05-08,64,OZ,1,2.69
3838632071,233,40,4001,104144949,484,2012-05-13,80,OZ,1,2.77
3838632071,233,6,610,107084777,11910,2012-05-15,15.5,OZ,1,1.66
3838632071,233,31,3101,1072567777,47103,2012-05-17,3,OZ,1,2.54
3838632071,233,23,2301,104113040,6449,2012-05-18,12,OZ,1,1.65
3838632071,233,29,2905,101600010,1756,2012-05-31,6.5,OZ,1,0.99
3838632071,233,36,3631,101200010,12170,2012-06-01,144,OZ,4,15.96
3838632071,233,44,4402,103100030,1358,2012-06-02,7,OZ,1,0.89
3838632071,233,5,501,103800030,6796,2012-06-02,19,OZ,1,3
3838632071,233,64,6401,102210020,13410,2012-06-02,144,OZ,1,7.99
3838632071,233,97,9799,107675373,7452,2012-06-03,1,CT,1,5.23
3838632071,233,8,835,102240020,12114,2012-06-03,12,OZ,1,2.89
3838632071,233,63,6320,104113040,6449,2012-06-04,12,CT,3,4.05
3838632071,233,99,9909,107143070,5072,2012-06-04,12,OZ,1,3.29
3838632071,233,72,7203,104116747,193,2012-06-04,18,OZ,1,5.25
3838632071,233,36,3628,101200010,12029,2012-06-06,50.7,OZ,5,4.95
3838632071,233,45,4508,104440040,7504,2012-06-06,17.3,OZ,1,4.19
3838632071,233,56,5604,1071073676,75169,2012-06-08,12,OZ,1,5.59
3838632071,233,56,5615,104113040,6449,2012-06-11,8,OZ,18,29.88
3838632071,233,53,5307,101450010,20864,2012-06-11,12,OZ,5,11.4
3838632071,233,97,9753,10000,0,2012-06-12,1,CT,6,13.51
3838632071,233,41,4121,102700020,8612,2012-06-12,15,OZ,1,0.97
3838632071,233,4,418,103400030,8247,2012-06-13,9.3,OZ,3,15.15
3838632071,233,14,1411,103890030,5072,2012-06-13,20,OZ,1,1.85
3838632071,233,14,1416,104113040,6449,2012-06-15,15,OZ,3,3.78
3838632071,233,16,1604,107339070,11515,2012-06-16,50,CT,1,3.49
3838632071,233,91,9115,108048080,1230,2012-06-16,1.75,LT,4,108.46
3838632071,233,51,5121,104369545,8522,2012-06-19,7.5,OZ,1,2.5
3838632071,233,64,6410,108200080,16696,2012-06-21,67.2,OZ,1,7.49
3838632071,233,3,302,102800020,30272,2012-06-21,11.5,OZ,1,2.99
3838632071,233,9,902,104400040,12279,2012-06-24,16,OZ,1,3.19
3838632071,233,47,4705,104850040,5072,2012-06-26,12,OZ,1,1.95
3838632071,233,46,4606,104113040,6449,2012-06-26,16,OZ,2,5.9
3838632071,233,7,707,102550020,6550,2012-06-29,27.8,OZ,2,23.34
3838632071,233,36,3614,107049171,62474,2012-06-29,33.8,OZ,1,3.69
3838632071,233,41,4121,102700020,8612,2012-06-30,15,OZ,1,0.97
3838632071,233,45,4509,1074873474,27334,2012-07-02,16,OZ,2,18.98
3838632071,233,20,2002,104113040,6449,2012-07-03,46,OZ,1,2.69
3838632071,233,14,1404,103732333,12209,2012-07-13,24,OZ,1,2.7
3838632071,233,55,5556,104148343,9547,2012-07-13,132,OZ,2,15.78
3838632071,233,35,3504,103500030,330,2012-07-15,30,OZ,1,2.29
3838632071,233,8,821,1073762878,18216,2012-07-18,6.76,OZ,1,4.49
3838632071,233,58,5814,104470040,10837,2012-07-19,11.4,OZ,2,6
3838632071,233,91,9109,108200080,16696,2012-07-19,1.75,LT,1,25.49
3838632071,233,9,907,1078142171,21825,2012-07-21,12,OZ,2,6.48
3838632071,233,63,6315,101153515,19868,2012-07-21,64,OZ,1,3.98
3838632071,233,72,7203,104116343,5845,2012-07-23,33.8,OZ,1,3.23
3838632071,233,49,4903,101312010,26885,2012-07-24,19,OZ,1,3.93
3838632071,233,58,5833,103760030,8501,2012-07-26,24,OZ,1,10.79
3838632071,233,54,5401,103800030,5618,2012-07-31,12.3,OZ,2,5.98
3838632071,233,25,2503,104127141,26189,2012-08-14,10.5,OZ,1,3.16
3838632071,233,56,5610,109194595,5401,2012-08-15,8,OZ,2,5.78
3838632071,233,5,501,101862717,9496,2012-08-20,13.8,OZ,1,3.39
3838632071,233,36,3618,104900040,23359,2012-08-23,240,OZ,2,11.98
3838632071,233,64,6401,101820010,2510,2012-09-06,144,OZ,1,11.49
3838632071,233,9,907,107341070,2437,2012-09-09,24,OZ,7,17.5
3838632071,233,33,3312,103700030,14494,2012-09-09,6.41,OZ,2,3.7
3838632071,233,37,3711,105100050,2820,2012-09-12,10.75,OZ,1,1.25
3838632071,233,56,5620,109194595,5401,2012-09-25,8,OZ,1,2.49
3838632071,233,58,5832,107492070,16022,2012-09-29,32,OZ,1,6.79
3838632071,233,99,9909,107143070,5072,2012-10-24,9,OZ,2,4.98
3838632071,233,38,3802,104130343,38922,2012-11-05,2,LB,1,1.89
3838632071,233,32,3204,104179040,1698,2012-12-16,17,OZ,1,5.49
3838632071,233,45,4511,107701373,14026,2013-01-03,27,OZ,1,7.85
3838632071,233,28,2805,107299979,98643,2013-01-03,5.75,OZ,1,1.93
3838632071,233,99,9904,103338333,33170,2013-01-11,80,OZ,1,2.98
3838632071,233,9,901,104400040,8463,2013-01-14,13,OZ,1,2.98
3838632071,233,40,4005,107073474,25373,2013-01-30,1.5,OZ,1,3.49
3838632071,233,37,3707,105100050,17812,2013-02-01,14.5,OZ,1,1.15
3838632071,233,9,907,107605777,21104,2013-02-03,24,OZ,2,2.76
3838632071,233,99,9908,103338333,33170,2013-02-13,16,OZ,2,3.96
3838632071,233,99,9908,103338333,33170,2013-02-20,48,OZ,1,4.99
3838632071,233,57,5710,103663232,4568,2013-02-23,21.2,OZ,1,3.98
3838632071,233,26,2622,104130343,38922,2013-03-09,10,CT,2,4.84
3838632071,233,50,5002,104227242,648,2013-03-10,7.5,OZ,1,3.89
3838632520,233,36,3611,107289171,11460,2012-06-15,405.6,OZ,1,2.98
3838632520,233,79,7901,102710020,20012,2013-04-26,1,CT,1,2.79
3838632535,233,9,901,103010030,15828,2012-06-15,12.8,OZ,1,2.49
3838632535,233,95,9518,106700868,25075,2013-04-10,1,CT,1,5.99
3838632790,233,29,2914,102100020,71587,2012-06-22,12.9,OZ,1,3.35
3838632790,233,33,3303,107672171,56587,2013-02-01,10,OZ,1,2.5
3838632965,233,1,103,101500010,7142,2012-05-26,8,OZ,1,2.13
3838632965,233,55,5558,107585676,9798,2012-10-30,24,OZ,1,3.99
3838634034,233,63,6315,104148343,9547,2013-01-24,64,OZ,1,2.49
3838634572,233,97,9753,10000,0,2013-05-05,1,CT,1,0.99
3838635165,233,36,3604,107297979,16095,2012-04-16,67.6,OZ,64,80
3838636802,233,29,2903,105100050,72482,2012-10-27,14.75,OZ,1,1.25
3838636812,233,0,0,10000,0,2012-04-15,0,,1,22.29
3838636812,233,36,3601,101200010,13794,2012-07-27,288,OZ,1,6.99
3838638061,233,5,516,101600010,12426,2012-05-14,8.94,OZ,1,3.49
3838638061,233,58,5823,104470040,13310,2012-08-20,7.5,OZ,1,3.5
3838638061,233,5,501,104130343,38922,2012-08-27,20,OZ,1,2.5
3838638061,233,3,311,1064420969,5345,2012-10-29,0.1,OZ,1,0.99
3838639353,233,55,5552,107262373,16006,2012-04-01,64,OZ,1,3.49
3838639353,233,43,4302,104300040,4030,2013-03-23,8,OZ,2,2
3838639539,233,63,6320,104461949,11460,2012-07-02,12,CT,1,1.4
3838642256,233,63,6328,102016929,16492,2012-03-31,20,OZ,1,2.4
3838642256,233,45,4514,101398515,11625,2013-02-07,40,OZ,2,9.98
3838642256,233,99,9909,107143070,5072,2013-03-30,9,OZ,1,2.49
3838642805,233,49,4901,101312010,26885,2012-05-23,26,OZ,2,6.38
3838642805,233,43,4302,104300040,4030,2012-05-25,8,OZ,1,1.11
3838644593,233,25,2509,104148343,9547,2013-01-15,16,OZ,1,1.11
3838646235,233,37,3703,105100050,2820,2013-04-17,10.75,OZ,2,2.1
3838646330,233,99,9909,107143070,5072,2012-03-07,18,OZ,1,3.69
3838646330,233,19,1910,10980090,12851,2012-11-27,13,OZ,1,4.13
3838646330,233,9,907,107294575,15878,2013-01-02,20,OZ,1,2.79
3838646669,233,37,3703,105100050,2820,2013-03-27,10.75,OZ,1,1.05
3838713439,31,36,3612,102114020,19950,2012-09-30,128,OZ,2,1.78
3838732771,21,56,5607,104119040,16347,2012-05-06,8,OZ,1,1.49
3838732771,21,29,2907,104600040,13023,2012-12-05,12.5,OZ,1,2.99
3838736651,101,44,4406,103800030,5618,2013-05-30,12.9,OZ,1,2.34
3838736944,101,57,5710,1089470080,21065,2012-03-18,5.3,OZ,5,5
3838736944,101,56,5617,102100020,9886,2013-05-04,12,OZ,1,2.26
3838736944,101,55,5552,102073525,18893,2013-05-18,48,OZ,1,2.5
3838737183,101,8,801,101300010,8164,2012-11-27,15,OZ,1,2.29
3838737183,101,36,3635,1068826767,81691,2012-12-22,144,OZ,1,2.99
3838737509,101,9,907,1068826767,81691,2012-07-01,12,OZ,2,2
3838737509,101,45,4517,1070463979,2468,2012-07-13,32,OZ,1,9.99
3838737509,101,3,311,105150050,14029,2012-10-27,13.5,OZ,1,3.19
3838752032,370,45,4508,101960010,19214,2012-07-15,19.45,OZ,1,4.76
3838752032,370,99,9909,107127979,6732,2013-06-17,18,OZ,1,2.98
3838775875,65,28,2806,10930090,12157,2012-09-02,24,OZ,1,2.64
3838808367,165,72,7208,1030004131,26880,2013-05-08,2,CT,1,3.99
3838810551,143,5,501,101111010,9907,2013-01-29,28,OZ,1,2.5
3838812660,83,3,303,107116979,1756,2012-11-16,0.67,OZ,2,3.98
3838812660,83,8,801,101111010,9907,2013-04-17,64,OZ,1,2.79
3838813653,143,36,3601,101111010,1814,2012-05-07,288,OZ,1,4.98
3838813653,143,56,5618,101111010,9907,2012-05-07,12,OZ,1,2.59
3838813653,143,0,0,10000,0,2012-07-23,0,,1,0
3838814363,83,57,5710,103663232,4568,2012-09-23,21.2,OZ,2,7.98
3838814363,83,99,9904,103338333,33170,2013-02-24,16,OZ,1,1.44
3838822972,98,24,2403,105100050,17812,2012-10-30,12.5,OZ,4,14.76
3838822972,98,56,5613,101111010,9907,2013-04-29,6,OZ,1,1.59
3838825639,126,36,3618,101111010,1814,2012-06-05,67.6,OZ,2,1.58
3838828484,431,41,4107,101111010,9907,2012-03-24,15.25,OZ,2,1.16
3838828484,431,9,917,107225070,11587,2012-08-29,15,OZ,1,1.59
3838828484,431,26,2633,101111010,9907,2013-02-13,12,RL,1,4.49
3838833466,211,0,0,10000,0,2012-08-05,0,,1,0
3838833466,211,96,9632,107675070,13092,2012-12-18,1,CT,1,25
3838833466,211,30,3006,107110070,8280,2013-02-10,64,OZ,1,5.45
3838833466,211,57,5710,103000030,12172,2013-06-18,5.3,OZ,1,1
3838834082,431,4,421,107046272,16934,2012-06-10,3.5,OZ,1,1.09
3838837540,12,58,5824,1078959272,25278,2013-02-22,14,OZ,1,4.99
3838840419,63,9,912,104157343,16706,2012-11-11,18,OZ,1,2.69
3838840419,63,99,9908,101111010,9907,2012-11-17,160,OZ,1,0.88
3838867312,166,36,3635,107478070,13856,2012-12-23,33.8,OZ,2,3
3838870916,184,64,6408,108312080,38385,2013-02-24,0.75,LT,1,3.99
3838871263,184,9,970,103800030,62065,2012-09-24,14.1,OZ,1,2.59
3838873275,96,29,2930,106414464,3342,2013-04-17,7.5,OZ,6,6
3838874067,96,10,1004,104300040,26232,2012-04-03,3.9,OZ,1,1.25
3838874067,96,0,0,10000,0,2012-08-20,0,,1,0
3838882001,214,97,9753,1063204565,0,2012-09-12,1,CT,1,2.98
3838882001,214,8,836,104139040,9659,2013-01-02,10,OZ,1,1.75
3838883815,214,97,9753,10000,0,2012-07-04,1,CT,1,0.78
3838883815,214,23,2301,1076738777,66981,2013-05-19,16,OZ,1,0.88
3838897224,214,58,5833,103477939,26663,2012-11-13,16,OZ,1,4.18
3838897224,214,63,6315,104122040,23511,2012-12-15,128,OZ,1,3.68
3838917617,214,8,818,105100050,14403,2012-07-14,24,OZ,1,1.83
3838917617,214,37,3709,104178949,11224,2013-05-27,2.25,OZ,12,3.36
3838925647,206,36,3618,104900040,23359,2013-03-24,144,OZ,2,9.96
3838925647,206,33,3305,102840020,18584,2013-05-05,9,OZ,2,7.98
3839005192,17,99,9908,103338333,33170,2012-12-26,16,OZ,1,1.99
3839005192,17,60,6011,102113020,15704,2012-12-30,16,OZ,1,1.5
3839005192,17,55,5555,107684070,32094,2013-04-27,16,OZ,1,1.99
3839031046,15,31,3101,107989373,12908,2013-01-09,0.7,OZ,1,5.25
3839034264,18,56,5616,102113020,10786,2012-05-01,8,OZ,1,2.5
3839034264,18,9,902,102840020,17248,2012-06-06,18,OZ,1,5.59
3839461114,285,14,1404,101115010,15530,2012-04-14,24,OZ,1,2.12
3839463165,106,1,106,101500010,7142,2013-04-21,7,OZ,2,3.3
3839494259,278,33,3302,104130343,38922,2012-08-19,19.8,OZ,1,3.79
3839567709,377,57,5706,107527070,12031,2012-05-27,32,OZ,1,3.29
3839567709,377,58,5837,107705272,15490,2012-10-28,5,OZ,1,3.99
3839575609,377,63,6315,1071754474,17653,2012-07-21,128,OZ,1,3.89
3839637778,507,51,5126,107007777,17950,2012-07-08,14,OZ,2,4.58
3839637778,507,92,9211,104155444,11347,2012-12-11,0.31,OZ,1,5.94
3839656796,507,17,1724,1073702575,2152,2012-12-02,24,OZ,1,12.99
3839674041,507,36,3626,104900040,17186,2013-04-05,42.2,OZ,1,1
3839727803,508,26,2609,104200040,5016,2012-07-11,40,CT,1,2.89
3839727803,508,4,416,101070010,56124,2013-01-18,1.85,OZ,2,1.38
3839727803,508,8,805,101300010,8164,2013-02-01,10,OZ,1,3.44
3839732658,508,99,9904,1071575676,5278,2012-06-30,16,OZ,1,1.79
3839732658,508,37,3703,108523989,11176,2013-02-25,10.75,OZ,1,0.69
3839878414,507,27,2705,105000050,6775,2012-08-13,36,OZ,1,6.28
3839881079,510,59,5907,102740020,16291,2013-05-24,45,OZ,1,3.03
3839885619,508,97,9753,1021008727,0,2012-09-24,1,CT,1,6.29
3839928404,508,63,6315,104148343,9547,2013-02-23,64,OZ,2,5.02
3839934005,508,1,106,1085269787,7918,2012-11-19,3.5,OZ,3,2.81
3839934005,508,26,2609,104116545,23664,2013-01-11,54,CT,1,2.8
3839969538,507,97,9744,102600020,5723,2012-03-07,1.26,OZ,1,2.4
3839981672,510,34,3410,107682878,19764,2013-02-14,1,OZ,1,1.35
3839991488,508,40,4005,107695070,23056,2013-01-07,0.85,OZ,1,4.19
3840013747,509,72,7209,103700030,26880,2012-11-01,43.7,YD,1,3.8
3840031368,507,4,411,108523989,11176,2013-01-12,8,OZ,1,1
3840034329,507,92,9214,107488777,23664,2012-04-29,25,CT,1,4.03
3840038909,507,8,818,105100050,14403,2012-04-20,24,OZ,1,1.98
3840038909,507,97,9727,1071272575,5000,2012-07-01,1,CT,1,20.99
3840038909,507,97,9731,1074677575,6388,2012-10-23,1,CT,1,7.47
3840038909,507,33,3303,102840020,10241,2012-11-27,6,OZ,1,2.3
3840040792,509,99,9908,1060580666,33170,2013-04-15,1,CT,1,2.28
3840043666,508,4,418,103400030,15113,2012-04-04,11,OZ,1,3.02
3840047042,508,3,307,1076172070,854,2013-06-06,16,OZ,1,1.42
3840054332,510,33,3303,102840020,10241,2013-06-08,9.5,OZ,1,2.63
3840095494,510,17,1726,101980010,19934,2013-03-22,28,CT,1,3.14
3840114382,510,72,7212,107502070,16897,2012-11-13,3,CT,1,36.89
3840115003,508,99,9908,103338333,33170,2012-09-14,16,OZ,1,1.56
3840182947,224,7,709,109955595,25747,2013-03-08,3.9,OZ,1,5.99
3840182947,224,26,2628,103700030,2248,2013-04-22,8,RL,1,11.99
3840182947,224,33,3307,104168444,22433,2013-04-26,7,OZ,1,4.98
3840213270,31,58,5827,107962171,20097,2013-03-06,24,OZ,1,8.49
3840216121,31,63,6315,102114020,19950,2012-05-28,128,OZ,1,3.69
3840232514,40,5,501,103800030,17050,2012-05-07,12,OZ,1,4.59
3840232514,40,75,7503,1030076636,145,2013-05-09,0.07,OZ,1,24.79
3840248611,21,63,6317,102529323,16410,2012-03-13,64,OZ,1,3.69
3840249177,21,7,709,109955595,7661,2012-03-12,3.9,OZ,1,8.49
3840251382,101,5,501,103800030,9891,2012-07-22,11,OZ,1,3.19
3840251382,101,11,1102,101360010,18845,2012-10-20,80,CT,1,3.29
3840252329,101,63,6328,107590070,2073,2012-06-03,24,OZ,2,6
3840252329,101,2,213,104144949,9916,2012-11-20,17.1,OZ,1,2
3840255177,77,41,4120,102400020,3988,2012-11-11,6,OZ,2,1.78
3840255177,77,1,106,101500010,29555,2012-11-20,6,OZ,1,1.69
3840255177,77,41,4107,107079676,3198,2012-12-30,14,OZ,1,3.69
3840259414,68,30,3006,103582636,6564,2012-12-02,32,OZ,1,1.69
3840259822,68,40,4004,104100040,10522,2012-11-25,8,OZ,1,3.39
3840269485,64,64,6401,103410030,8692,2012-04-26,24,OZ,2,3.18
3840269485,64,36,3601,101200010,13794,2012-05-18,50.7,OZ,1,1.19
3840269485,64,9,922,102430020,10577,2012-05-25,13,OZ,1,1.69
3840269485,64,36,3601,101200010,13794,2012-08-25,96,OZ,1,3.99
3840307681,71,99,9908,103338333,33170,2012-05-10,16,OZ,1,1.05
3840313892,26,9,907,101111010,9907,2012-06-09,14,OZ,2,2.38
3840313892,26,9,907,107341070,2437,2013-01-18,24,OZ,1,3.79
3840318029,83,5,501,101600010,3331,2012-06-25,21.6,OZ,1,5.79
3840322085,58,44,4404,105100050,13791,2013-05-17,9.5,OZ,1,2.5
3840340953,63,99,9909,101111010,28083,2012-10-11,16,OZ,1,1.39
3840340953,63,39,3903,103905939,17176,2013-03-29,12.5,OZ,1,8.49
3840354299,191,56,5607,101111010,9907,2012-09-22,8,OZ,1,1.79
3840354299,191,96,9609,1054812151,88199,2013-03-10,0,,1,-0.5
3840371064,96,79,7901,107480878,46830,2012-03-16,1,CT,1,7.99
3840371064,96,37,3707,102400020,3843,2012-11-19,32,OZ,2,4
3840371064,96,58,5823,107740070,2500,2012-11-26,2,OZ,2,1.98
3840371064,96,9,902,104400040,19783,2013-03-18,9,OZ,1,3
3840371064,96,4,411,102200020,10421,2013-03-25,14,OZ,1,2.49
3840372540,96,99,9909,103003434,7175,2012-07-16,5,OZ,1,3.99
3840378994,214,9,917,107373171,11786,2012-09-06,8,OZ,1,2.88
3840387356,214,51,5117,104280040,18599,2013-05-22,10.5,OZ,1,1.25
3840400509,214,8,817,102400020,4704,2012-07-11,26.5,OZ,1,0.89
3840411721,214,63,6313,102670020,4664,2012-05-21,12,OZ,1,1.58
3840411721,214,41,4109,105200050,19212,2013-03-11,28,OZ,5,7.5
3840415663,214,99,9904,1081204989,27736,2012-03-08,16,OZ,1,1.77
3840415663,214,33,3310,1085283484,56597,2013-02-04,6,OZ,1,2.98
3840420893,214,8,810,104114949,19908,2012-09-04,1,OZ,2,1.96
3840422326,206,26,2633,103040030,683,2012-10-10,12,RL,1,8.98
3840422326,206,29,2914,102100020,19279,2013-02-28,12,OZ,2,5.16
3840422595,206,8,814,102840020,18584,2012-09-19,15.5,OZ,1,3.29
3840422595,206,8,826,107550070,18204,2012-11-11,16.5,OZ,1,2.88
3840462162,46,30,3010,104100040,19975,2012-08-01,16,OZ,1,1.99
3840462162,46,75,7520,1071373373,11473,2012-09-17,625,CT,1,2.44
3840462162,46,5,501,103800030,6796,2012-10-15,19,OZ,1,3.69
3840509870,15,63,6311,104180040,19713,2012-04-16,64,OZ,1,1.99
3840509870,15,5,501,1085641686,1538,2012-08-26,12,OZ,1,3.5
3840516249,18,51,5119,107527878,6625,2012-10-07,29.3,OZ,1,5.99
3840516249,18,4,416,1060945464,2854,2012-12-07,0.53,OZ,1,1.34
3840516249,18,55,5552,102113020,15704,2013-04-16,48,OZ,1,3.99
3840943974,285,4,418,104000040,26517,2013-01-15,8,OZ,1,2
3840999614,377,51,5127,103100030,1358,2012-04-20,7.1,OZ,5,4.4
3840999614,377,27,2705,105000050,6775,2012-05-17,5.5,OZ,10,5.5
3841000179,377,99,9904,103338333,33170,2013-02-05,48,OZ,1,4.99
3841084777,507,26,2612,107682878,19764,2012-09-20,20,CT,4,5.16
3841107013,507,67,6702,1030813737,9259,2012-12-19,1.5,OZ,1,1.01
3841183748,508,92,9213,1073441878,81259,2012-11-29,0.78,OZ,1,9.99
3841217374,510,17,1705,107829171,3743,2012-12-17,28,OZ,1,5.24
3841330133,8,21,2108,104130343,38922,2013-03-10,64,OZ,2,4
3841339456,233,5,501,103800030,6790,2013-07-14,34,OZ,1,5.99
3841352368,31,58,5824,102781525,5557,2012-07-02,13,OZ,2,3.79
3841352368,31,29,2925,102114020,19950,2012-10-22,10,OZ,1,1.29
3841397720,101,64,6401,102124222,15087,2013-01-12,144,OZ,1,11.99
3841397720,101,57,5707,105215959,41981,2013-02-09,16,OZ,1,2.99
3841399916,77,3,302,107724171,17672,2012-03-16,9,OZ,1,5.49
3841405725,68,9,913,104812141,18322,2013-02-28,12,OZ,1,3.9
3841408960,70,9,921,107247070,9903,2013-07-13,4,OZ,2,2.18
3841453682,165,64,6409,108143484,12720,2012-06-19,0.75,LT,1,10.99
3841453682,165,9,907,1078142171,21825,2012-08-03,16,OZ,1,3.99
3841453682,165,9,918,101410010,13791,2012-10-08,6,OZ,1,3.19
3841453682,165,31,3101,105210050,11382,2013-01-03,1.1,OZ,1,5.89
3841474756,151,19,1908,105150050,16728,2012-12-29,16,OZ,1,3.65
3841478776,12,33,3305,102840020,5141,2013-01-12,11.5,OZ,1,2.5
3841478776,12,63,6311,104850040,18799,2013-06-02,46,OZ,1,4.29
3841478981,12,99,9908,101111010,20575,2013-03-08,80,OZ,1,3.99
3841485351,140,5,501,101111010,9907,2012-06-18,14,OZ,1,1.89
3841494397,191,56,5604,107580575,17344,2012-08-09,5,OZ,1,3.99
3841506203,166,99,9908,103338333,33170,2012-03-16,16,OZ,2,2.78
3841510891,96,55,5560,104154848,5603,2012-06-30,16.1,OZ,2,7
3841526771,214,58,5823,105190050,26456,2013-01-12,16,OZ,1,3.98
3841534498,214,35,3507,105170050,6335,2012-05-11,6.76,OZ,1,3.57
3841534498,214,9,907,104122040,23511,2012-10-06,11.75,OZ,1,1.68
3841549442,214,41,4107,104122040,20514,2012-05-15,16,OZ,1,0.62
3841549442,214,33,3305,102840020,5141,2012-08-01,11.5,OZ,1,2.68
3841549442,214,63,6315,104122040,23511,2013-02-11,64,OZ,1,1.98
3841553088,214,64,6401,101820010,2510,2013-03-21,24,OZ,1,1.19
3841561913,206,35,3509,1080575282,13392,2012-12-08,50,OZ,1,4.28
3841595088,46,31,3108,102150020,10238,2012-04-25,6,OZ,1,2.09
3841595088,46,59,5902,103450030,10165,2012-05-03,15,OZ,1,3.99
3841595088,46,71,7113,1074387777,15093,2012-11-15,10.1,OZ,1,15.99
3841619645,17,49,4901,102113020,15704,2012-10-14,80,OZ,1,4.19
3841626996,20,19,1908,104800141,16564,2012-08-14,16.3,OZ,1,2.99
3841626996,20,9,902,104400040,19783,2012-12-26,9.1,OZ,1,1.67
3841642303,15,91,9110,108500080,22139,2013-03-12,1.75,LT,1,12.59
3841645279,18,2,213,104144949,9916,2012-05-03,18.25,OZ,1,2.51
3841645279,18,21,2105,105200050,7054,2012-05-29,32,OZ,2,2.59
3841645279,18,18,1827,106233868,319,2012-11-21,8,OZ,1,1
3842094580,377,29,2908,1071754474,17649,2012-05-08,16,OZ,1,0
3842118389,85,9,907,1060788060,16965,2012-03-30,12,OZ,1,1.39
3842118389,85,29,2903,106414464,3342,2012-12-28,15,OZ,1,1
3842119649,85,36,3630,107800070,5208,2012-07-14,96,OZ,1,2.88
3842119649,85,41,4107,1060788060,16965,2012-12-21,8,OZ,1,0.75
3842119649,85,33,3303,102840020,10241,2012-12-27,10,OZ,2,8.58
3842119649,85,5,516,103800030,24525,2013-04-28,6.3,OZ,1,2.78
3842199314,507,5,520,103000030,14760,2012-06-22,42,OZ,1,3.85
3842230889,508,36,3603,104300040,4186,2012-11-02,192,OZ,3,7.98
3842272844,510,97,9753,1089326585,0,2012-05-02,1,CT,1,3.56
3842272844,510,33,3315,108523989,833,2012-07-13,2.5,OZ,1,1.05
3842380041,306,99,9909,107127979,6732,2013-04-02,8,OZ,1,1.99
3842406737,31,99,9908,107143070,5072,2012-07-21,16,OZ,1,2.5
3842431351,21,97,9799,1088632383,33170,2012-10-19,3,CT,1,5.99
3842431351,21,99,9908,1073639373,7308,2012-11-18,16,OZ,1,2.99
3842431351,21,30,3001,104800141,8178,2013-03-20,30,OZ,1,3.99
3842431351,21,58,5827,104119040,16347,2013-04-12,16,OZ,4,13.16
3842434285,101,9,907,1068826767,81691,2013-01-09,22,OZ,1,2.19
3842435096,101,72,7205,103500030,3830,2013-01-09,6.4,OZ,2,3
3842441821,68,29,2908,104600040,13023,2012-07-13,31,OZ,1,1.59
3842444770,68,26,2631,103600030,16048,2013-04-24,102,CT,1,4.49
3842471907,70,33,3307,107641070,10160,2012-03-03,9,OZ,1,3.19
3842471907,70,49,4904,104330141,12339,2012-03-31,16,OZ,1,2.99
3842471907,70,58,5823,103760030,8501,2013-04-27,8,OZ,1,3.49
3842471907,70,73,7302,1034969232,5579,2013-06-08,125,CT,1,3.99
3842490422,165,99,9902,102548424,12334,2012-03-19,8,OZ,1,2.19
3842490422,165,63,6315,104138343,10091,2012-07-11,64,OZ,1,3.79
3842490422,165,8,818,105100050,14403,2012-12-17,24,OZ,1,2.29
3842493941,143,9,901,101111010,9907,2012-09-27,32,OZ,1,2.17
3842495138,83,63,6315,101111010,9907,2012-07-17,128,OZ,1,2.24
3842495138,83,9,907,101111010,9907,2012-08-18,12,OZ,1,1.8
3842495138,83,55,5552,101111010,9907,2012-10-01,56,OZ,1,1.43
3842495138,83,3,303,101111010,9907,2013-01-03,3.4,OZ,1,2.51
3842495138,83,21,2105,105200050,7054,2013-01-24,32,OZ,1,1
3842495138,83,4,417,103400030,8247,2013-03-12,4.25,OZ,1,1.34
3842495801,143,36,3634,1078616272,7237,2012-03-11,20,OZ,5,6.45
3842507920,126,55,5559,101111010,9907,2013-03-20,16.5,OZ,1,2.1
3842511898,211,53,5307,101111010,9907,2012-12-01,12,OZ,1,1
3842511898,211,9,902,1082951585,27766,2013-01-06,5,OZ,1,3.25
3842512538,151,29,2914,106414464,3342,2013-05-01,7.5,OZ,1,1
3842531598,191,65,6502,101800010,14029,2012-03-19,14.1,OZ,1,3.49
3842531598,191,6,610,1081809484,15414,2012-12-28,16,OZ,2,3.98
3842531598,191,30,3007,104956848,25859,2013-04-08,32,OZ,1,7.99
3842532331,191,63,6315,101111010,85048,2012-05-13,128,OZ,2,10.98
3842560125,214,0,0,10000,0,2012-10-15,0,,3,60.94
3842595609,214,58,5814,104660040,885,2012-12-18,2.9,OZ,12,11.64
3842595609,214,38,3801,104122040,23511,2013-06-03,4,LB,1,2.32
3842617725,46,56,5620,102100020,9886,2012-06-08,9.6,OZ,1,3.19
3842627179,46,36,3632,104900040,1414,2012-12-02,144,OZ,1,3.67
3842686683,18,99,9902,107432676,1161,2012-04-21,14,OZ,4,7.96
3842686683,18,99,9908,102113020,15704,2012-12-16,160,OZ,2,4.98
3843121156,285,99,9909,1089520383,28840,2012-10-22,5,OZ,1,2.49
3843121156,285,31,3101,105210050,11382,2013-02-11,0.75,OZ,1,2.39
3843245439,507,9,902,101410010,45039,2012-12-19,6.6,OZ,1,1.99
3843278657,507,26,2632,107488777,23664,2013-05-19,720,CT,1,13.99
3843281856,507,97,9799,102571525,53850,2012-04-24,4,CT,1,2.97
3843281856,507,9,908,104500040,8511,2012-10-02,12.2,OZ,1,2.04
3843366378,510,97,9753,1049016040,0,2012-08-23,1,CT,1,9
3843471660,233,56,5616,104543141,34977,2012-08-15,8,OZ,4,11.92
3843508784,31,41,4121,102700020,8612,2013-04-12,15,OZ,1,1
3843528457,101,2,201,104144949,9916,2012-12-13,21,OZ,1,1.69
3843528665,101,63,6315,1068826767,81691,2012-07-05,32,OZ,1,0.91
3843528994,101,96,9609,1055480050,88199,2013-02-13,0,,1,-1
3843529043,101,53,5307,102880020,7907,2012-11-04,8,OZ,1,2.69
3843529263,101,26,2620,104200040,5016,2013-06-09,100,CT,1,2.49
3843531682,77,8,809,107078474,18552,2013-04-04,10.5,OZ,2,2.38
3843535720,68,26,2614,1072543979,23587,2013-03-04,16,CT,1,2.59
3843547476,370,9,970,104126848,7904,2013-04-05,22,OZ,1,1.98
3843547476,370,45,4514,1072543979,40679,2013-04-05,40,OZ,1,6.48
3843575838,64,58,5823,1072543979,40679,2012-04-22,24,OZ,1,4.69
3843575838,64,9,902,103010030,3744,2012-06-14,16,OZ,1,2.5
3843575838,64,21,2105,105200050,7054,2012-10-11,72,OZ,1,3.89
3843586550,83,63,6320,101111010,9907,2012-12-20,12,CT,1,1.69
3843620204,140,29,2914,102100020,9886,2013-02-10,7.25,OZ,2,2
3843624502,191,59,5902,107283070,18390,2012-05-13,16,OZ,1,1.67
3843642752,96,3,311,101122515,19197,2012-12-23,16,OZ,1,1.69
3843642752,96,73,7358,1030069636,2130,2013-03-24,80,CT,1,0.99
3843662222,214,59,5907,102700020,2012,2012-11-15,45,OZ,1,2.39
3843662222,214,96,9609,1050000050,88199,2012-11-20,0,,1,-1
3843688732,214,45,4511,102370020,18969,2012-11-27,25,OZ,1,6.98
3843688732,214,81,8101,102820020,11186,2013-03-19,1,CT,1,5.72
3843739208,46,56,5615,107027272,17891,2012-04-26,8,OZ,1,4.49
3843739208,46,95,9518,1064541666,25075,2012-09-12,1,CT,2,13.98
3843743103,46,53,5307,101450010,20864,2012-10-17,12,OZ,1,1.34
3843743103,46,55,5556,104154848,5603,2013-05-03,48,OZ,1,2.5
3843766496,14,5,501,101600010,85114,2012-10-16,16.2,OZ,1,4.59
3843766496,14,37,3705,1085832888,20002,2013-02-25,14.5,OZ,1,2.99
3843772580,88,91,9122,108438080,23948,2012-12-24,25.4,OZ,1,8.99
3843772580,88,8,818,103620030,14868,2013-05-23,23.9,OZ,2,3
3843777783,4,96,9609,1051500050,88199,2012-09-24,0,,1,-1
3843794324,360,34,3411,103700030,13056,2012-04-11,16,OZ,1,4.49
3843794324,360,9,901,103010030,6852,2012-06-05,11.5,OZ,1,3.69
3844295706,285,99,9908,103338333,33170,2013-01-11,16,OZ,2,2.75
3844295706,285,0,0,10000,0,2013-03-10,0,,1,3.69
3844353387,377,3,310,1083514484,107619,2012-03-19,16,OZ,1,8.99
3844367265,24,29,2925,101740010,11011,2012-04-30,32,OZ,1,3.29
3844367265,24,51,5124,107100777,5656,2012-05-22,32,OZ,1,3.69
3844414943,507,97,9748,107033070,1783,2012-10-18,1,CT,1,1.02
3844426415,507,97,9799,102571525,53850,2012-04-10,1,CT,1,1.19
3844426415,507,97,9753,1049054040,0,2012-06-14,1,CT,2,13.18
3844433048,507,34,3410,107418272,16853,2012-10-10,56,OZ,1,3.99
3844439865,507,9,912,104812141,18322,2012-03-08,20,OZ,1,2.82
3844439865,507,5,501,104240040,40317,2012-09-03,28,OZ,2,8.86
3844470287,508,73,7302,1035972636,23664,2012-05-20,50,CT,1,0.76
3844492925,508,71,7114,1030815131,3609,2013-06-12,6,OZ,1,3.54
3844512854,508,63,6315,104138343,10091,2013-02-18,64,OZ,2,7.28
3844557453,510,26,2622,101370010,8154,2012-06-01,34,CT,1,3.02
3844557453,510,9,907,107341070,13291,2012-09-26,12,OZ,1,2.82
3844573261,510,26,2633,105400050,16048,2012-03-20,4,RL,1,3.49
3844656079,306,59,5906,104060040,26155,2012-11-19,15,OZ,1,2.99
3844656548,306,5,501,101600010,3396,2012-04-24,13.5,OZ,1,3.89
3844665429,31,96,9609,1051090050,88199,2012-12-14,0,,1,-1
3844665429,31,63,6315,102114020,19950,2013-01-15,128,OZ,1,4.09
3844712176,31,49,4901,101312010,26885,2012-04-07,80,OZ,1,6.99
3844712176,31,49,4901,101312010,26885,2012-08-05,80,OZ,1,6.99
3844712176,31,4,416,103400030,20231,2012-12-01,1.4,OZ,1,1.09
3844712176,31,26,2622,101370010,8154,2013-03-21,17,CT,1,2
3844773059,21,19,1905,105150050,16728,2012-12-09,18,OZ,2,6.78
3844775040,101,51,5125,107265575,8089,2012-11-25,9,OZ,2,4
3844775040,101,51,5115,104111848,11376,2013-01-05,18.3,OZ,1,3
3844775100,101,9,902,104400040,12279,2012-04-03,16,OZ,1,2.69
3844775100,101,63,6320,1071514171,25530,2012-08-09,12,CT,1,2.29
3844775100,101,63,6320,1071514171,25530,2012-11-22,12,CT,1,2.49
3844779479,101,45,4509,1068826767,81691,2012-07-08,12,OZ,1,8.99
