4628552510,153,99,9908,103338333,33170,2012-06-29,8,OZ,1,1.99
4628553172,6,39,3903,103000030,1058,2012-04-01,24,OZ,1,3.99
4628555669,153,5,501,101600010,85114,2012-07-30,12.2,OZ,1,2.99
4628555669,153,9,912,102369828,68078,2013-04-17,22,OZ,1,2.89
4628555851,152,27,2706,105000050,6132,2012-11-05,3,OZ,9,5.4
4628555851,152,37,3705,104119646,14582,2013-01-14,18.5,OZ,2,5.58
4628556360,6,59,5907,102810020,12006,2012-12-10,16,OZ,1,2.69
4628560153,152,9,902,104400040,18775,2012-09-08,7.6,OZ,1,3.75
4628560153,152,28,2804,103900030,13296,2012-11-26,4,OZ,4,6
4628560609,153,41,4105,1068826767,81691,2012-09-25,28,OZ,1,1.49
4628560609,153,14,1415,103890030,5072,2012-11-13,15,OZ,1,1.85
4628560609,153,12,1206,108660080,2559,2013-01-08,5,OZ,3,5.97
4628560609,153,9,902,102410020,44209,2013-03-05,6,OZ,1,2.49
4628564375,152,36,3611,107572070,14196,2013-03-30,405.6,OZ,1,4.99
4628564912,6,97,9753,1020404424,0,2012-09-18,1,CT,1,8.94
4628564912,6,9,916,103361737,19613,2012-09-18,9.7,OZ,1,3.49
4628567450,153,59,5902,1068826767,81691,2013-03-22,16,OZ,1,3.39
4628568876,152,21,2105,104900040,14357,2013-02-07,160,OZ,1,5.49
4628569139,6,97,9741,104152040,16665,2012-08-16,50,CT,1,1.5
4628570788,153,97,9799,103338333,33170,2012-03-24,1,CT,1,3.99
4628570788,153,0,0,10000,0,2012-10-20,0,,1,2.49
4628572390,6,58,5825,104450040,8318,2012-12-21,13,OZ,1,4.49
4628574656,152,36,3611,107572070,14196,2012-03-09,101.4,OZ,2,2.78
4628574656,152,7,708,1088133484,5357,2012-03-09,12,OZ,1,9.99
4628574656,152,36,3618,104900040,23359,2012-10-13,42.2,OZ,1,1.09
4628574656,152,63,6315,107060070,29609,2012-11-18,32,OZ,1,2.09
4628574656,152,99,9908,103338333,33170,2012-11-18,1,CT,1,3.49
4628576852,152,59,5902,1068826767,81691,2013-01-11,16,OZ,1,3.99
4628576852,152,32,3203,1068826767,81691,2013-03-06,6,OZ,1,2.69
4628577164,153,29,2925,107571777,15284,2012-10-02,16,OZ,1,2.99
4628577164,153,59,5902,1068826767,81691,2013-03-18,16,OZ,1,2.39
4628577977,152,5,501,101862717,9496,2012-09-23,13.8,OZ,1,3.99
4628579084,153,96,9609,1054410050,88199,2012-08-03,0,,1,0
4628580246,152,41,4107,102400020,4704,2012-12-06,8,OZ,2,2.3
4628580416,153,51,5130,101380010,27474,2012-03-03,12.38,OZ,4,14
4628580416,153,26,2633,105400050,16048,2012-07-03,6,RL,1,5.59
4628580416,153,35,3509,102420020,14716,2013-02-04,10.8,OZ,2,11.58
4628591627,153,0,0,10000,0,2012-04-27,0,,1,4.06
4628594018,152,9,922,104500040,8511,2012-03-09,14,OZ,1,4.29
4628594018,152,26,2609,1068826767,7173,2012-12-28,45,CT,1,2.19
4628594018,152,41,4120,107294070,15064,2013-01-30,29,OZ,1,1.79
4628594018,152,97,9753,1020408222,0,2013-03-08,1,CT,1,1.49
4628595185,6,9,907,107341070,2437,2012-08-06,24,OZ,2,7.98
4628595850,152,63,6328,1068826767,81691,2013-03-26,24,OZ,1,4.79
4628596686,152,99,9908,102112020,20616,2012-03-25,80,OZ,2,7.98
4628596841,153,35,3509,1073291373,23643,2012-09-30,100,OZ,1,12.99
4628602604,152,73,7310,1018890111,79849,2012-07-07,30,CT,1,8.99
4628605276,153,7,709,109955595,7661,2012-12-10,4.02,OZ,1,8.49
4628605276,153,10,1010,103400030,15113,2013-03-15,7,OZ,1,2.79
4628607761,152,9,901,104400040,12885,2013-03-16,10.5,OZ,2,8.58
4628611278,152,26,2628,105400050,16048,2012-11-30,8,RL,1,9.99
4628611278,152,41,4121,107294070,18909,2013-03-08,28,OZ,2,3.18
4628612739,152,36,3635,1068826767,81691,2012-07-10,67.6,OZ,7,6.23
4628612739,152,30,3009,104100040,19975,2012-07-23,16,OZ,1,3.59
4628612739,152,42,4220,107433373,916,2013-01-27,24,OZ,1,5.29
4628614794,153,18,1890,107048575,8154,2012-04-05,1,CT,4,9.96
4628614794,153,74,7409,1075450272,73374,2012-04-12,4,CT,1,9.99
4628614794,153,99,9904,103338333,33170,2012-05-30,48,OZ,1,3.99
4628614794,153,5,516,101600010,6283,2012-10-22,7,OZ,1,2.99
4628615071,153,5,501,1088491282,16166,2012-03-26,13.5,OZ,1,3.39
4628615460,152,55,5564,101626414,21015,2012-06-16,80,OZ,1,25.99
4628615460,152,8,814,104600040,13023,2012-06-29,16,OZ,1,2.75
4628615460,152,17,1707,104159848,19708,2012-08-05,1,OZ,1,5.29
4628616658,152,72,7209,1030813737,14982,2013-01-30,28,CT,1,4.99
4628617742,152,33,3309,1068826767,12475,2013-02-01,9,OZ,1,2.39
4628619814,6,99,9909,107143070,5072,2012-08-09,5,OZ,2,7.38
4628619814,6,5,501,103800030,14900,2012-08-25,18.7,OZ,1,3.59
4628620539,152,29,2904,107142979,20299,2013-03-13,6.3,OZ,1,2.29
4628620539,152,58,5826,102531727,763,2013-03-30,8,OZ,2,9.98
4628626070,152,9,901,104400040,13243,2012-10-07,10.9,OZ,2,8.78
4628626070,152,9,901,104400040,3453,2013-01-20,14,OZ,1,3.75
4628626480,152,41,4107,107079676,3198,2012-04-07,14,OZ,1,2.99
4628626480,152,29,2907,104150141,13296,2012-07-24,21.3,OZ,1,4.35
4628626480,152,51,5125,101380010,10271,2012-12-10,9,OZ,1,3.59
4628626480,152,99,9909,107143070,5072,2012-12-22,14.9,OZ,4,19.96
4628627538,153,5,501,103800030,9891,2012-03-28,11,OZ,4,13.96
4628627538,153,37,3707,104800141,9814,2013-01-21,4.66,OZ,1,3.99
4628629944,153,5,516,103000030,14760,2012-04-06,6.1,OZ,1,3.25
4628629944,153,99,9908,101833717,26028,2012-10-05,12,OZ,1,2.99
4628629944,153,36,3611,1068826767,158,2012-11-23,405.6,OZ,1,3.99
4628629944,153,99,9904,1068826767,12475,2013-04-19,48,OZ,1,5.99
4628630382,152,22,2201,104460040,3718,2012-12-02,82,OZ,1,2.59
4628631130,6,58,5823,104450040,8318,2013-04-23,8,OZ,1,4.49
4628631371,6,9,902,101410010,45039,2012-09-29,8,OZ,1,2.39
4628631602,153,56,5607,102100020,13967,2012-10-01,16,OZ,1,4.99
4628631602,153,29,2902,104227242,648,2013-03-26,14.7,OZ,1,3.79
4628632830,153,26,2622,1068826767,16965,2012-11-13,100,CT,1,2.75
4628633765,152,9,902,103800030,17050,2013-01-19,4,OZ,1,3.79
4628637042,153,53,5307,1068826767,81691,2012-06-30,16,OZ,1,2
4628637042,153,56,5604,1068826767,33170,2013-03-22,4,OZ,1,1.89
4628638851,152,45,4511,107346171,1376,2012-03-12,10,OZ,1,4.99
4628638851,152,56,5609,104138343,10091,2012-06-04,16,OZ,1,2.79
4628638851,152,26,2629,1068826767,7173,2013-03-01,250,CT,2,4.58
4628638851,152,36,3632,104900040,6137,2013-03-13,42.2,OZ,1,1.19
4628639775,152,9,901,104400040,13243,2012-04-05,13.1,OZ,1,4.15
4628639775,152,57,5705,103663232,4568,2012-10-09,32,OZ,1,3.29
4628639775,152,28,2801,104470040,3640,2013-02-16,20,OZ,1,3.5
4628639781,6,33,3304,102840020,6777,2012-09-07,10.5,OZ,1,3.49
4628639781,6,9,901,1068826767,81691,2012-12-14,8.9,OZ,1,1
4628642084,153,27,2705,1068826767,3931,2012-10-25,5.5,OZ,12,4.68
4628643373,153,26,2628,103600030,9787,2012-10-15,1,RL,1,1.99
4628643373,153,9,907,102591121,67828,2013-02-25,20,OZ,2,8.58
4628650725,152,97,9753,1063204565,0,2012-12-07,1,CT,1,3.99
4628652293,153,53,5307,1068826767,81691,2012-11-15,16,OZ,2,3.34
4628653264,153,9,922,102430020,10577,2012-04-17,13,OZ,1,1.79
4628654701,152,63,6319,108390080,7368,2012-06-05,59,OZ,1,2.99
4628654701,152,56,5610,103798232,21692,2012-08-16,7,OZ,1,5.99
4628654701,152,16,1604,102200020,20100,2012-09-10,45,CT,2,7.98
4628654701,152,97,9753,1020402020,0,2012-09-10,1,CT,1,2.83
4628654701,152,44,4404,107045979,12587,2012-11-01,7.3,OZ,2,6.98
4628654701,152,99,9904,1068826767,7740,2012-12-28,32,OZ,1,3.49
4628657631,152,8,803,105440050,7686,2012-04-05,16,OZ,1,4.79
4628658752,152,54,5403,1082624686,19479,2012-03-25,8.4,OZ,1,4.49
4628660973,152,29,2905,107313070,2079,2012-06-11,10,OZ,1,4.69
4628661302,153,9,922,102430020,10577,2012-05-30,13.1,OZ,1,1.79
4628661302,153,33,3325,102840020,21452,2013-02-12,20,OZ,1,7.99
4628664914,6,67,6705,1088513181,22168,2012-04-17,2,CT,1,4.69
4628664914,6,36,3601,101200010,13794,2012-12-01,144,OZ,4,21.96
4628664914,6,55,5561,1079951272,3536,2013-02-06,14,OZ,1,4.49
4628665316,152,30,3006,104300040,7467,2013-03-09,32,OZ,1,5.29
4628669159,152,13,1306,105150050,14029,2012-11-19,5,LB,1,3.99
4628669768,152,63,6315,1068826767,81691,2013-02-14,128,OZ,1,3.49
4628669908,6,97,9734,103314939,33170,2012-07-27,1,CT,1,4.99
4628675980,153,16,1604,101254616,18738,2013-02-21,18,CT,1,1.29
4628677516,153,29,2927,107225171,12502,2013-01-20,6.09,OZ,1,1.79
4628678010,153,26,2609,104200040,5016,2012-09-21,35,CT,1,2.85
4628678010,153,21,2122,107349070,9528,2013-03-25,64,OZ,1,2.99
4628679244,152,99,9909,107143070,5072,2012-03-16,5,OZ,0,0
4628679244,152,23,2310,1068826767,20616,2012-05-18,16,OZ,1,1.79
4628679244,152,9,902,1068826767,20616,2012-07-01,4.4,OZ,1,2.29
4628680352,152,2,213,1064420969,5345,2013-02-16,16.1,OZ,1,3.99
4628682611,152,15,1506,103120030,12957,2012-04-14,5,OZ,1,2.99
4628685001,152,31,3101,1068826767,81691,2012-12-28,0.75,OZ,2,3.98
4628685407,152,55,5558,107585676,9798,2012-07-27,27,OZ,1,4.79
4628686357,153,33,3316,101600010,3397,2012-05-06,8.75,OZ,1,2.69
4628686357,153,20,2002,105100050,27873,2012-08-11,48,OZ,1,4.99
4628687125,6,99,9908,103338333,287,2013-01-03,80,OZ,1,3.49
4628688256,153,9,907,1068826767,81691,2012-06-30,12,OZ,1,1.25
4628690336,152,63,6312,103425636,20309,2012-04-22,64,OZ,1,1.99
4628690835,152,36,3632,107800070,4354,2013-02-15,67.6,OZ,1,1.89
4628691886,152,18,1837,104650040,14869,2012-07-22,17.5,OZ,1,4.29
4628691886,152,4,419,107726070,15624,2012-09-10,2,OZ,4,4.76
4628694416,6,64,6401,10948797,8159,2012-12-13,24,OZ,1,2.99
4628694416,6,99,9904,103338333,33170,2013-03-11,6,OZ,2,7.98
4628694416,6,25,2507,104157040,2017,2013-06-04,32,OZ,1,2.59
4628695306,6,63,6323,104138343,10091,2012-06-24,64,OZ,4,17.96
4628695306,6,63,6323,104138343,10091,2012-06-29,64,OZ,4,17.96
4628695306,6,23,2301,107680878,1393,2012-09-14,13.25,OZ,2,3.18
4628695306,6,97,9753,10000,0,2012-10-01,1,CT,1,6.04
4628697003,152,58,5823,1073643676,21197,2012-08-15,3,OZ,1,3.99
4628697009,6,25,2507,107235070,68047,2012-06-21,208,OZ,1,9.99
4628697305,153,56,5615,107835474,2675,2013-01-11,8,OZ,1,2.69
4628697422,6,9,901,104400040,12600,2012-05-26,2,OZ,1,0.79
4628700631,152,56,5616,104610040,15889,2012-03-09,6.67,OZ,1,3.79
4628700631,152,27,2704,103810030,14717,2012-10-18,7,OZ,1,3.19
4628703489,153,18,1890,107048575,8154,2012-04-25,3,CT,1,1.99
4628703489,153,26,2630,103600030,9787,2012-10-31,84,CT,1,2.19
4628705562,152,9,913,1083584181,6283,2012-11-11,12,OZ,1,3.99
4628706453,6,58,5823,104450040,8318,2012-09-04,8,OZ,2,7.98
4628711563,6,18,1813,102120020,16044,2012-03-15,1,RL,1,3.65
4628711563,6,58,5823,104470040,13310,2013-03-28,8,OZ,1,3.29
4628711805,152,56,5613,107104070,76668,2012-10-14,15,OZ,1,3.99
4628711805,152,8,811,1074747979,14926,2013-01-26,24,OZ,1,8.99
4628714433,152,9,907,101410010,13791,2012-09-10,16,OZ,1,3.99
4628714433,152,63,6309,104850040,18799,2013-02-07,12,OZ,1,1.49
4628715565,153,3,305,104161747,15609,2012-11-26,8.1,OZ,1,2.39
4628715890,152,8,814,102066222,12598,2012-03-18,16,OZ,1,2.99
4628716089,6,99,9909,1068826767,7173,2012-05-01,7,OZ,1,3.69
4628716314,152,26,2617,101090010,15232,2012-03-31,1,CT,1,8.99
4628716314,152,58,5812,1063690666,12339,2012-06-06,48,OZ,1,12.99
4628716314,152,60,6007,101800010,14029,2012-10-20,8,OZ,2,6.58
4628716314,152,57,5705,103663232,4568,2013-03-30,24,OZ,4,8.76
4628720158,153,12,1206,108000080,17292,2012-06-13,6.4,OZ,1,3.49
4628721612,152,97,9716,103910131,9256,2013-04-07,12,OZ,1,3.19
4628722855,152,63,6315,1068826767,12475,2012-12-20,64,OZ,4,15.16
4628722855,152,97,9753,1020315121,0,2013-02-24,1,CT,1,1.79
4628722855,152,9,922,103800030,17050,2013-04-15,4.4,OZ,1,3.19
4628723166,6,56,5609,109396696,13264,2012-03-02,16,OZ,1,4.59
4628723166,6,5,516,102190828,10187,2012-08-09,1.7,OZ,2,2.5
4628723166,6,63,6320,1068826767,12475,2013-06-01,12,CT,1,3.29
4628724296,6,37,3706,104227242,648,2012-10-13,14.3,OZ,1,3.29
4628724296,6,73,7304,1036382434,12163,2013-03-28,14,CT,1,13.99
4628731445,153,9,907,1068826767,81691,2012-03-26,12,OZ,1,1.69
4628731445,153,10,1011,107205070,20321,2013-03-04,15.2,OZ,1,3.99
4628732519,152,63,6315,1068826767,12475,2013-03-14,64,OZ,1,3.89
4628732773,6,16,1604,102200020,6021,2012-04-27,15,CT,1,1.29
4628735270,152,7,708,1078535777,24311,2012-04-01,12,OZ,1,11.49
4628735644,153,56,5616,1068826767,81691,2013-01-23,8,OZ,2,6.58
4628737005,153,5,501,101600010,15114,2012-08-27,13,OZ,1,3.29
4628737005,153,99,9908,1071651979,11085,2012-10-09,12,OZ,2,5.98
4628737005,153,9,907,107518575,11221,2013-01-19,15,OZ,1,3.49
4628737297,152,8,803,104150040,6714,2013-06-10,14,OZ,1,1.99
4628738297,6,73,7307,104116747,30343,2013-05-12,70,CT,1,36.99
4628738960,152,63,6320,1071514171,25530,2012-07-04,12,CT,1,3.49
4628742295,152,73,7302,1032586636,384,2012-06-12,24,CT,1,3.99
4628742295,152,26,2620,1068826767,20616,2012-08-30,50,CT,1,2.15
4628742295,152,12,1206,108000080,17292,2012-10-04,5,OZ,2,3.98
4628742295,152,9,901,104400040,13243,2012-12-10,14.3,OZ,1,4.39
4628749129,152,41,4107,1068826767,81691,2012-05-12,14.5,OZ,1,0.99
4628750639,6,4,418,101070010,19846,2013-03-09,10,OZ,2,5.38
4628750803,152,56,5616,1068826767,20614,2012-05-28,10,OZ,1,3.19
4628750803,152,99,9904,103338333,33170,2013-01-20,16,OZ,1,4.99
4628750803,152,26,2630,103600030,9787,2013-05-10,240,CT,1,2.29
4628754867,152,63,6320,1071514171,25530,2013-03-30,12,CT,2,7.38
4628758125,153,99,9904,1071575676,5278,2013-06-14,32,OZ,1,6.99
4628758336,152,9,918,107351070,17346,2012-03-11,9,OZ,1,3.19
4628758336,152,15,1504,1068826767,81691,2012-08-05,20,OZ,1,4.49
4628759637,152,74,7407,107033070,1783,2012-03-21,7,CT,1,6.29
4628759637,152,4,416,104126949,13467,2012-04-08,3.5,OZ,1,2.69
4628762670,152,4,405,1060069969,55864,2012-06-01,8,OZ,1,1.69
4628763414,152,5,501,101862717,9496,2012-06-12,16.3,OZ,1,3.99
4628763988,153,97,9753,1020308222,0,2012-08-28,1,CT,1,0.9
4628765004,6,73,7302,1030004535,18961,2012-06-05,24,CT,1,3.99
4628765004,6,9,907,1068826767,81691,2013-02-28,20,OZ,2,2
4628765477,153,30,3001,102100020,11761,2012-10-18,15,OZ,1,3.49
4628765477,153,36,3611,107572070,14196,2012-11-19,16.9,OZ,1,0.5
4628765477,153,9,907,107294575,15878,2012-12-13,20,OZ,1,3.99
4628765516,152,99,9909,102112020,20616,2012-06-11,6,OZ,1,3.69
4628769470,153,58,5823,104470040,13310,2012-09-16,9,OZ,1,4.49
4628772455,152,34,3410,104152040,2963,2013-01-17,7.5,OZ,1,1.49
4628775156,153,5,502,103800030,9543,2012-04-11,8,OZ,1,2.79
4628775156,153,63,6305,1068826767,81691,2012-05-09,64,OZ,1,2.89
4628775156,153,54,5402,101960010,1058,2013-04-21,14.8,OZ,1,2.99
4628776468,152,4,405,107349070,15938,2012-03-24,5,OZ,2,5.98
4628776468,152,31,3101,105210050,11382,2012-04-26,0.8,OZ,1,4.99
4628778249,152,99,9904,1068826767,12475,2012-10-14,48,OZ,2,11.98
4628780146,152,41,4107,1068826767,7173,2013-02-17,16,OZ,1,1.99
4628780835,153,67,6702,104152040,4141,2012-06-02,15,OZ,1,2.69
4628780835,153,56,5615,102100020,4218,2012-11-23,7,OZ,1,3.69
4628780835,153,63,6320,1071514171,25530,2013-01-29,12,CT,1,4.29
4628781300,152,58,5827,104470040,13310,2012-03-19,16,OZ,1,6.99
4628781300,152,17,1703,101980010,19934,2012-05-23,26,OZ,1,3.99
4628781300,152,25,2506,104127141,26189,2012-10-21,16,OZ,1,2.89
4628784763,153,3,311,105150050,14029,2012-05-05,13.5,OZ,1,3.69
4628784763,153,21,2117,108768484,2903,2012-05-05,60,OZ,2,5
4628784763,153,70,7001,107214070,5929,2013-02-05,0.7,OZ,1,5.49
4628785001,152,59,5907,102740020,16291,2012-06-22,16,OZ,1,1.79
4628786784,152,29,2920,101600010,1756,2012-10-24,6.6,OZ,2,4.3
4628786784,152,0,0,10000,0,2013-02-28,0,,1,0
4628787745,6,25,2508,1068826767,20616,2013-01-06,32,OZ,1,1.89
4628787745,6,56,5614,1068826767,81691,2013-03-10,16,OZ,1,4.99
4628788980,153,49,4901,1068826767,20616,2012-03-02,28,OZ,1,2.19
4628788980,153,5,502,101600010,1756,2012-09-11,8,OZ,1,2.39
4628788980,153,58,5831,107274575,13804,2012-12-09,16,OZ,1,3.69
4628792252,152,99,9908,102112020,20616,2012-09-03,6,OZ,1,3.49
4628792252,152,9,906,107035171,9567,2012-11-02,10,OZ,1,1.99
4628796368,6,58,5824,102836424,14418,2012-12-18,16,OZ,1,4.49
4628796368,6,64,6401,1072383070,10122,2013-05-06,22,OZ,1,5.99
4628797587,6,99,9909,107143070,5072,2012-09-02,14,OZ,1,1.99
4628797587,6,41,4121,1068826767,81691,2012-10-14,29,OZ,1,1.25
4628797587,6,9,907,1068826767,12475,2013-02-12,24,OZ,2,6.98
4628798475,152,27,2701,102310020,13705,2012-06-05,13.2,OZ,6,4.5
4628798578,152,21,2105,105200050,7054,2012-03-08,32,OZ,1,1.34
4628798578,152,99,9904,103338333,33170,2012-04-16,16,OZ,1,3.99
4628799958,152,41,4107,102400020,4704,2012-10-21,8.75,OZ,3,3.45
4628800588,152,37,3709,104178949,11224,2013-02-21,18,OZ,2,3.98
4628802169,152,33,3303,104126242,19971,2012-09-24,6.75,OZ,1,2
4628805689,153,22,2211,103320030,875,2012-11-17,40,CT,1,1.99
4628813230,152,5,516,104000040,9925,2012-09-14,8.3,OZ,1,3.19
4628813230,152,58,5823,1068826767,7173,2012-10-23,7,OZ,1,2.99
4628821505,153,41,4107,1068826767,81691,2012-07-16,14.75,OZ,3,2.85
4628825477,6,79,7901,103969737,14452,2012-11-20,1,CT,1,3.99
4628826017,152,67,6702,1030813737,9259,2012-03-23,15,OZ,1,3.99
4628826017,152,8,803,106414464,7770,2013-03-22,12,OZ,2,3.98
4628828101,153,31,3101,1068826767,7740,2012-09-02,5,OZ,1,1
4628828101,153,36,3604,1068826767,81691,2012-10-11,67.6,OZ,1,0.99
4628828101,153,26,2628,1068826767,7740,2012-10-23,1,RL,2,1
4628828101,153,57,5704,103663232,4568,2012-11-02,16,OZ,2,5.58
4628829966,152,36,3603,104300040,26420,2013-01-24,64,OZ,4,1
4628834791,152,97,9753,1024000020,0,2012-05-26,1,CT,1,0
4628835268,153,51,5117,1068826767,81691,2013-04-14,14.8,OZ,1,4.99
4628835506,152,26,2617,1068826767,7173,2012-05-15,1,CT,1,3.19
4628835506,152,63,6315,104410040,8481,2013-02-02,64,OZ,2,5.78
4628836864,6,9,907,107341070,2437,2012-03-04,24,OZ,2,8.98
4628836864,6,5,501,105844959,12466,2012-03-22,12.35,OZ,1,4.69
4628836864,6,5,501,103800030,6790,2013-05-14,1.5,OZ,1,1
4628838121,152,63,6315,1068826767,81691,2012-05-27,32,OZ,1,1.69
4628839740,152,63,6315,1068826767,81691,2012-10-27,128,OZ,1,3.99
4628843121,6,59,5902,103450030,10165,2012-03-29,16,OZ,2,8.98
4628843121,6,57,5704,103663232,4568,2012-08-10,24,OZ,2,3.78
4628843121,6,58,5834,104350040,14162,2012-08-31,16,OZ,1,6.49
4628843121,6,99,9904,103338333,33170,2012-12-24,80,OZ,1,5.99
4628844506,152,36,3611,107572070,14196,2012-05-18,405.6,OZ,1,5.99
4628844506,152,37,3707,102400020,3843,2012-07-20,14.5,OZ,2,2
4628844506,152,51,5130,101380010,27474,2012-10-26,11.75,OZ,3,11.67
4628845743,152,26,2604,1071441575,5991,2012-10-14,48,CT,1,2.99
4628850270,152,97,9753,1020409121,0,2012-05-30,1,CT,1,2.58
4628850270,152,63,6315,1068826767,12475,2012-10-14,64,OZ,1,3.79
4628850539,6,31,3101,107032878,13014,2012-09-23,16,OZ,1,7.99
4628850539,6,72,7203,103700030,16040,2012-09-28,25.4,OZ,1,4.19
4628850729,152,99,9904,1071575676,5278,2012-10-28,16,OZ,1,3.99
4628854579,152,99,9904,1081204989,27736,2012-06-04,1,CT,1,3.99
4628854579,152,27,2710,1068826767,3931,2013-02-17,20,LB,1,7.35
4628854579,152,5,501,101600010,3331,2013-03-20,1.3,OZ,1,1
4628854660,153,56,5604,104242141,2071,2012-04-12,8,OZ,1,8.29
4628856420,153,96,9609,1054410050,88199,2012-05-12,0,,1,0
4628856420,153,3,310,107045070,4913,2012-10-19,8,OZ,1,4.79
4628856420,153,17,1704,103700030,12071,2013-03-27,26,OZ,1,3.15
4628858117,152,99,9908,102112020,20616,2012-11-02,48,OZ,1,3.99
4628859713,152,99,9909,102112020,20616,2012-06-24,12,OZ,2,7.98
4628859713,152,23,2301,107130070,15474,2012-11-29,16,OZ,5,8.45
4628859713,152,99,9904,1068826767,12475,2012-12-31,48,OZ,1,5.99
4628861717,152,4,418,104000040,18946,2013-01-12,11.5,OZ,1,4.29
4628862392,153,7,707,1068826767,81691,2013-04-14,11,OZ,1,4.99
4628862392,153,36,3618,101200010,23361,2013-04-26,67.6,OZ,2,3.78
4628864067,152,41,4107,1068826767,81691,2013-03-05,15.25,OZ,3,2.55
4628865894,152,51,5134,104280040,18599,2013-01-04,44.5,OZ,1,9.99
4628868604,6,4,419,103746636,10488,2012-07-22,3.5,OZ,1,2.79
4628870848,153,55,5552,107756777,2347,2012-07-03,48,OZ,2,11.18
4628870848,153,36,3618,104900040,23359,2013-03-01,96,OZ,2,9.98
4628872187,6,58,5814,104470040,10837,2013-01-04,8.74,OZ,2,7
4628872187,6,9,902,104157040,2017,2013-03-30,4.25,OZ,1,2.99
4628874927,153,10,1012,102700020,23332,2012-03-16,13,OZ,1,1.39
4628875485,6,33,3313,102840020,10241,2013-03-22,15,OZ,1,3.69
4628881655,6,33,3308,102840020,3336,2012-07-26,9.25,OZ,1,3.49
4628883522,152,9,922,101600010,6283,2012-05-20,5.34,OZ,1,3.59
4628883522,152,26,2619,101370010,8154,2012-10-26,45,CT,1,8.79
4628884796,153,56,5621,1068826767,81691,2012-04-03,8,OZ,1,2.59
4628884796,153,13,1306,107101272,9680,2012-04-05,5,LB,1,4.29
4628884796,153,7,707,101114111,25747,2012-07-14,11,OZ,1,6.29
4628884796,153,9,907,1068826767,81691,2013-06-19,24,OZ,1,2.39
4628885392,152,36,3611,1068826767,7173,2012-07-11,192,OZ,1,3.99
4628898245,153,8,818,107764474,64256,2013-02-02,45,OZ,1,2.99
4628903454,6,32,3202,105150050,4307,2012-03-23,48,OZ,1,4.99
4628904293,152,5,501,1068826767,81691,2012-06-04,18.2,OZ,2,5.38
4628904293,152,58,5812,107495676,8144,2013-02-06,11,OZ,2,10.58
4628905700,153,0,0,10000,0,2012-04-05,0,,2,0
4628905700,153,55,5552,104410040,8481,2012-06-10,48,OZ,1,3.79
4628905700,153,9,907,104500040,20016,2012-07-23,9,OZ,1,3.29
4628905700,153,57,5704,105215959,41981,2012-08-29,32,OZ,2,8.78
4628905700,153,92,9210,102270020,4197,2012-10-24,0.39,OZ,1,7.99
4628905700,153,33,3303,104178040,19154,2012-12-15,8,OZ,2,7.38
4628905700,153,3,311,101600010,1756,2012-12-24,16,OZ,1,2.19
4628908204,152,9,901,102750020,837,2012-12-08,10,OZ,1,3.69
4628916052,152,36,3604,107800070,2829,2013-01-14,144,OZ,1,5.49
4628916052,152,19,1904,105850050,1862,2013-03-04,13,OZ,1,4.59
4628923169,6,63,6315,1068826767,81691,2012-03-04,64,OZ,1,2.59
4628923169,6,9,922,1089963282,19704,2012-06-03,5.7,OZ,1,3.59
4628923169,6,63,6320,1068826767,81691,2012-08-20,8,CT,1,1.59
4628925378,152,7,707,102550020,6550,2012-08-15,10.8,OZ,1,4.99
4628925378,152,51,5131,104227242,648,2012-11-19,9.5,OZ,1,4.59
4628926637,152,57,5710,1089470080,21065,2012-09-02,5.3,OZ,4,5
4628926637,152,63,6330,107060070,29609,2012-11-21,16,OZ,1,3.39
4628927897,6,18,1898,104133343,5379,2013-03-13,1,CT,1,5.29
4628929780,152,30,3008,104100040,19975,2012-05-20,16,OZ,2,7.58
4628929780,152,41,4121,107294070,18909,2012-12-16,28,OZ,1,1.99
4628930911,153,97,9747,102120020,52,2012-05-16,1,CT,1,2.89
4628932404,152,57,5710,107835474,2675,2012-10-13,32,OZ,1,4.99
4628933752,153,9,907,1060699161,63479,2012-11-10,16,OZ,1,3.69
4628935767,153,56,5609,102100020,2321,2012-06-03,3.9,OZ,2,2
4628935835,6,21,2106,104175545,10177,2012-09-05,64,OZ,1,3.39
4628935835,6,26,2628,104200040,2308,2012-09-26,3,RL,1,5.75
4628939616,152,65,6502,101800010,14029,2012-10-15,14.1,OZ,1,3.29
4628945113,152,34,3405,101111111,5168,2013-01-14,8,OZ,1,3.49
4628951725,153,55,5558,1068826767,81691,2012-06-24,30,OZ,1,2.79
4628952109,6,9,907,101410010,13791,2012-09-24,16,OZ,1,3.79
4628954280,153,18,1890,107048575,8154,2012-03-04,1,CT,1,2.99
4628955849,6,51,5132,1068826767,81691,2012-08-17,15,OZ,2,7.98
4628956181,6,43,4302,107027272,15085,2012-10-21,13,OZ,1,4.99
4628956181,6,63,6323,1074236575,8499,2013-01-07,64,OZ,1,4.59
4628956382,153,56,5607,1068826767,81691,2013-03-10,8,OZ,1,1.99
4628956747,152,53,5307,1068826767,81691,2012-10-17,16,OZ,2,3.34
4628956747,152,99,9909,1068826767,81691,2013-03-12,5,OZ,1,3.69
4628960704,153,59,5907,1068826767,81691,2012-08-06,16,OZ,1,1.89
4628960704,153,56,5617,1068826767,7740,2012-09-20,10.66,OZ,1,1
4628962360,152,57,5705,107047070,20230,2012-12-02,6,OZ,5,4.45
4628963005,153,26,2609,1068826767,7173,2012-07-03,12,CT,1,1
4628964074,152,21,2113,108768484,2903,2012-08-11,60,OZ,2,7
4628964074,152,35,3509,107261373,401,2012-08-20,100,OZ,1,10.49
4628964074,152,21,2113,108768484,2903,2012-10-04,60,OZ,2,7
4628964074,152,23,2301,107680878,1393,2013-03-15,12,OZ,1,1.79
4628964481,6,56,5609,102100020,2321,2012-12-09,24,OZ,1,4.19
4628964481,6,99,9908,103338333,33170,2013-02-09,16,OZ,2,7.98
4628964481,6,36,3603,1068826767,20616,2013-05-04,384,OZ,1,2
4628964711,152,30,3001,104800141,8178,2012-08-03,16.5,OZ,1,4.19
4628966426,152,7,708,1088133484,5357,2012-03-18,24,OZ,1,16.98
4628966426,152,8,811,107680878,1393,2012-06-02,24,OZ,2,5.98
4628967315,153,57,5705,1068826767,81691,2013-05-05,32,OZ,1,1.99
4628967315,153,9,902,1068826767,7740,2013-05-24,16,OZ,1,1
4628967794,153,8,811,107680878,1393,2012-05-29,24,OZ,1,2.99
4628967818,153,9,907,107341070,2437,2013-03-27,18,OZ,1,3.99
4628968259,6,57,5705,103663232,4568,2013-04-14,6,OZ,3,2.37
4628969694,152,41,4108,1068826767,81691,2012-06-17,15.5,OZ,2,2.5
4628970830,153,9,907,107519979,2771,2012-03-19,13,OZ,1,3.49
4628970830,153,5,502,101600010,86101,2012-10-20,5,OZ,1,2.49
4628971306,153,99,9909,102112020,20616,2012-06-08,12,OZ,1,3.99
4628971306,153,0,0,10000,0,2012-08-02,0,,1,0
4628971306,153,63,6305,1068826767,81691,2013-01-15,59,OZ,1,2.79
4628972080,153,41,4107,1068826767,81691,2013-05-06,14.5,OZ,2,2.18
4628972372,152,63,6315,1068826767,81691,2012-04-30,128,OZ,1,3.99
4628972372,152,33,3305,102840020,5141,2012-12-30,11.5,OZ,1,4.29
4628972372,152,21,2105,104900040,14357,2013-04-12,32,OZ,3,3.57
4628972733,152,9,901,1068826767,12475,2012-04-21,7,OZ,1,3.15
4628972733,152,33,3303,102840020,10241,2012-05-15,6,OZ,1,2.49
4628972733,152,4,412,101900010,10421,2012-05-19,13,OZ,1,3.19
4628972733,152,8,807,1075733979,17380,2012-06-16,18,OZ,1,3.99
4628972928,152,33,3303,104178040,19154,2012-07-14,10,OZ,1,4.29
4628972928,152,97,9753,1020404424,0,2012-07-22,1,CT,1,8.64
4628973674,152,73,7309,1030013232,6454,2012-08-25,4,CT,1,4.69
4628973674,152,99,9908,107774575,14997,2013-06-08,5,OZ,2,5.98
4628973915,153,10,1004,104300040,26232,2012-08-29,1.3,OZ,1,1.29
4628973915,153,54,5401,103800030,5618,2012-12-22,12.3,OZ,1,3.59
4628974670,6,36,3630,107800070,5208,2013-06-09,50.7,OZ,1,1.19
4628974670,6,58,5899,107117474,22410,2013-07-05,16,OZ,1,2.5
4628974670,6,97,9753,10000,0,2013-07-17,1,CT,1,0.74
4628976127,152,99,9904,1076101070,11786,2012-12-21,1,CT,1,4.99
4628981328,6,51,5128,101450010,20864,2012-07-30,10,OZ,2,5
4628981328,6,99,9908,103338333,33170,2013-01-18,13,OZ,1,2.5
4628981328,6,71,7113,1060308464,7034,2013-03-13,8.5,OZ,1,5.79
4628981328,6,21,2119,1061300868,867,2013-04-25,128,OZ,1,3.29
4628981328,6,19,1904,107326070,7383,2013-05-23,24,OZ,1,7.79
4628981542,153,33,3303,102840020,10241,2012-11-02,1.25,OZ,2,1
4628983112,152,37,3706,104119646,14582,2012-11-12,18.5,OZ,4,9.4
4628983112,152,64,6401,101820010,2510,2013-03-14,24,OZ,2,3.98
4628986713,152,29,2928,107142979,20299,2012-09-24,8,OZ,1,1.89
4628986877,153,56,5615,107835474,2675,2013-03-02,8,OZ,1,3.59
4628987898,152,9,908,107203070,5812,2012-07-29,14,OZ,1,3.99
4628987898,152,36,3612,106827464,30855,2013-01-06,640,OZ,1,5.99
4628988764,153,9,902,105785858,21643,2012-09-13,12.3,OZ,1,4.29
4628989495,152,18,1828,106233868,319,2012-09-29,0.27,OZ,1,2.95
4628990199,153,8,810,104800141,9814,2012-06-11,1.3,OZ,2,3
4628990199,153,99,9908,102112020,20616,2012-07-30,16,OZ,1,1.99
4628991624,153,45,4514,1068826767,12475,2012-05-31,24,OZ,2,19.98
4628993836,152,33,3301,102840020,16680,2012-11-06,9,OZ,1,3.99
4628994576,152,9,907,107518575,11221,2013-01-06,15,OZ,1,3.49
4628999396,153,4,422,107034676,9886,2012-03-07,14,OZ,2,6.58
4629001888,152,37,3706,104119646,14582,2012-04-15,18.5,OZ,1,2.29
4629001888,152,9,912,104812141,18322,2012-06-18,20,OZ,2,9.38
4629001888,152,63,6316,1068826767,81691,2012-12-30,16,OZ,2,4.38
4629001888,152,5,501,103800030,17050,2013-03-02,12,OZ,1,4.39
4629002786,6,36,3634,1073951070,16807,2012-05-20,20,OZ,5,6.25
4629004436,153,63,6305,101630010,6509,2012-05-21,59,OZ,2,7.18
4629005692,153,4,418,103400030,1991,2012-06-17,9.6,OZ,2,8.98
4629005692,153,14,1416,1068826767,81691,2012-10-04,29,OZ,2,3.78
4629005692,153,28,2805,1068826767,81691,2013-01-11,10,OZ,1,3.19
4629005872,153,8,801,101300010,8164,2012-03-06,32,OZ,1,2.79
4629007784,152,4,416,103701434,24266,2012-03-11,3,OZ,1,2.99
4629007784,152,97,9735,102708424,8530,2012-07-07,1,CT,1,1.25
4629011663,153,33,3318,107027373,33170,2012-11-13,20,OZ,1,2.29
4629013684,6,63,6321,107890272,18730,2013-02-19,8,OZ,1,3.5
4629016556,152,8,818,1068826767,81691,2012-09-03,26,OZ,1,2.99
4629017045,6,58,5827,104470040,13310,2012-08-26,22,OZ,1,8.69
4629017045,6,5,501,103000030,45635,2013-03-24,18,OZ,2,7.98
4629020608,152,5,520,107246373,11377,2012-10-28,16,OZ,1,5.69
4629020915,153,36,3634,1073951070,16807,2012-06-17,20,OZ,4,5
4629020915,153,9,907,101410010,13791,2013-02-17,16,OZ,1,4.29
4629020915,153,36,3634,1073951070,16807,2013-03-17,20,OZ,3,4.17
4629021213,153,56,5615,102100020,4218,2012-06-24,7,OZ,1,3.69
4629024683,152,45,4509,1074616777,22809,2013-01-06,4,OZ,2,2.58
4629025435,6,33,3307,102900020,14112,2012-04-28,9.75,OZ,1,7.69
4629026134,152,41,4105,102400020,4704,2012-05-11,14.5,OZ,2,2.9
4629026134,152,59,5902,103450030,10165,2012-05-23,16,OZ,1,4.79
4629026134,152,63,6315,104410040,8481,2012-07-13,64,OZ,1,2.89
4629026134,152,9,903,104138747,60,2012-08-03,15,OZ,2,4
4629026134,152,99,9904,103338333,33170,2012-08-07,48,OZ,1,5.99
4629026134,152,56,5609,104410040,8481,2012-12-27,24,OZ,1,3.79
4629026134,152,63,6315,104410040,8481,2013-01-02,64,OZ,1,2.89
4629026134,152,5,516,103000030,14760,2013-01-11,6.5,OZ,1,3.29
4629029672,153,67,6705,107830070,14142,2012-10-03,1,CT,2,7.35
4629030269,152,0,0,10000,0,2012-04-12,0,,2,0
4629031210,6,9,902,101410010,45039,2012-05-05,30,OZ,1,8.49
4629031210,6,58,5823,104450040,8318,2012-09-30,8,OZ,1,3.99
4629031210,6,10,1011,104300040,26232,2013-03-02,12.5,OZ,1,2.79
4629031564,152,31,3101,1068826767,81691,2013-03-28,0.75,OZ,1,1.99
4629033531,152,27,2704,1080702080,14717,2012-09-11,24,OZ,1,13.99
4629033531,152,74,7407,104740040,7196,2012-12-03,4,CT,2,16.98
4629033531,152,5,517,103800030,17050,2013-07-10,4.4,OZ,1,3.29
4629033955,153,8,838,102700020,11091,2012-10-03,15,OZ,2,3.78
4629037360,153,33,3303,102068525,2892,2013-01-27,8.5,OZ,1,3.79
4629037360,153,56,5614,1068826767,81691,2013-05-21,24,OZ,1,6.49
4629038879,152,41,4107,108060282,16031,2012-08-24,14,OZ,4,20.76
4629038879,152,99,9908,1064819666,25891,2012-09-26,80,OZ,1,4.99
4629038879,152,63,6315,1068826767,81691,2012-11-12,128,OZ,1,3.69
4629041174,153,63,6305,104850040,18799,2012-11-28,89,OZ,1,5.29
4629042184,152,45,4511,107274575,13804,2013-02-15,26,OZ,1,9.99
4629042184,152,63,6305,104850040,18799,2013-05-29,59,OZ,1,3.69
4629043832,153,57,5704,107047070,20230,2013-02-27,6,OZ,5,4
4629043832,153,25,2504,1068826767,81691,2013-03-09,12,OZ,3,3.57
4629045614,6,5,516,102190828,3073,2013-03-30,6.2,OZ,2,7.98
4629046326,152,58,5833,1072217575,21052,2012-09-08,10,OZ,4,29.16
4629046601,6,21,2113,102800020,56490,2013-03-16,54,OZ,1,2.5
4629049315,6,75,7520,1030052131,27166,2012-11-22,300,CT,1,2.69
4629049315,6,6,603,102800020,12545,2012-12-16,10.9,OZ,1,3.99
4629051242,153,18,1842,107173676,10390,2012-03-03,1,CT,1,5.29
4629051242,153,99,9909,1068826767,7173,2012-04-17,12,OZ,1,3.99
4629051242,153,15,1504,104114343,17593,2012-07-09,6,OZ,1,2.99
4629051242,153,9,906,104300040,16249,2012-07-18,5.5,OZ,1,1.99
4629051242,153,36,3601,104900040,3809,2012-08-02,144,OZ,1,5.99
4629051446,153,4,416,104000040,11698,2012-05-21,3.36,OZ,1,1.39
4629051446,153,36,3635,107478070,13856,2012-12-05,25.3,OZ,1,1.79
4629051446,153,53,5307,1068826767,20616,2013-04-02,16,OZ,1,2.29
4629051957,152,99,9904,1066529060,52314,2012-05-23,16,OZ,1,3.99
4629053536,152,36,3603,104300040,4371,2012-05-29,256,OZ,1,3.59
4629053536,152,58,5824,102836424,14418,2012-11-20,16,OZ,1,4.49
4629054505,153,73,7304,1030003131,15393,2012-04-13,4,OZ,1,6.39
4629055313,152,57,5710,1089470080,21065,2013-03-26,5.3,OZ,2,2.9
4629058444,152,5,502,101600010,101199,2012-04-22,5.4,OZ,2,5.78
4629059472,6,23,2301,107680878,1393,2012-08-15,16,OZ,3,5.07
4629059472,6,36,3618,104900040,23359,2012-12-20,96,OZ,1,4.49
4629061023,152,9,918,101410010,13791,2012-05-16,6,OZ,1,3.69
4629062048,152,63,6321,107890272,18730,2013-03-02,8,OZ,1,3.5
4629062481,6,14,1404,101480010,12021,2012-10-03,24,OZ,2,5.98
4629062481,6,10,1011,104300040,26232,2012-11-14,15.5,OZ,2,5.18
4629063151,152,57,5710,1089470080,21065,2012-05-19,5.3,OZ,6,7.5
4629063151,152,57,5710,1089470080,21065,2013-03-06,32,OZ,1,6.49
4629063234,153,51,5126,101380010,27474,2013-04-22,15.5,OZ,2,9.38
4629064639,6,55,5565,1045040,10091,2012-06-30,32,OZ,1,3.99
4629066444,6,59,5902,1068826767,81691,2012-03-17,16,OZ,1,3.49
4629066444,6,36,3601,104900040,3809,2012-03-17,67.6,OZ,3,5.97
4629066444,6,25,2507,102800020,12545,2012-03-20,16,OZ,1,1.69
4629066444,6,21,2113,108768484,2903,2012-03-25,60,OZ,1,3.5
4629066444,6,30,3008,104133545,43106,2012-03-28,1.5,OZ,2,0.78
4629066444,6,16,1604,102200020,13228,2012-03-31,14,CT,2,2.58
4629066444,6,12,1205,104800040,38150,2012-04-01,5,OZ,2,2.78
4629066444,6,64,6401,108992484,20251,2012-04-07,288,OZ,1,19.49
4629066444,6,4,410,107097070,13717,2012-04-10,3.38,OZ,1,1.59
4629066444,6,63,6305,1068826767,81691,2012-04-11,64,OZ,1,3
4629066444,6,29,2924,101740010,11748,2012-04-18,14,OZ,1,2.45
4629066444,6,57,5710,1089470080,21065,2012-04-20,5.3,OZ,4,5
4629066444,6,63,6305,104850040,18799,2012-04-21,128,OZ,1,7.79
4629066444,6,9,901,106731262,19527,2012-04-26,14.1,OZ,1,3.19
4629066444,6,33,3305,102840020,18584,2012-05-14,13,OZ,1,3.99
4629066444,6,4,410,107339070,23682,2012-05-20,3.3,OZ,1,1.09
4629066444,6,56,5613,1068826767,81691,2012-06-06,32,OZ,1,3.99
4629066444,6,8,810,104600040,13023,2012-06-08,1,OZ,2,1.9
4629066444,6,21,2105,105200050,7054,2012-06-15,32,OZ,4,5.96
4629066444,6,18,1831,102146626,20787,2012-06-17,24,CT,1,1.29
4629066444,6,58,5823,1068826767,12475,2012-06-18,7,OZ,1,4.99
