562102498,21,36,3604,107800070,16023,2013-01-14,144,OZ,1,4.73
562104198,21,63,6315,104119040,16347,2012-12-22,64,OZ,1,2.59
562106849,21,72,7214,101254616,18738,2012-03-04,18,CT,2,2.12
562107487,21,3,305,101990010,3603,2012-04-27,8.1,OZ,1,1.79
562107487,21,74,7407,104740040,7196,2012-06-09,3,CT,2,18.98
562108808,21,63,6318,107738777,11064,2012-04-08,17,OZ,1,2.99
562109675,21,63,6315,105215959,41981,2012-05-05,64,OZ,1,3.99
562109675,21,5,501,104119040,16347,2012-05-24,14.5,OZ,2,5.58
562109675,21,36,3634,105200050,14597,2012-06-05,24,OZ,6,6
562109675,21,26,2634,104200040,14813,2012-12-27,6,RL,1,5.69
562109675,21,29,2908,103900030,13296,2012-12-31,16,OZ,1,1.25
562109675,21,36,3634,1073951070,16807,2013-02-21,20,OZ,3,3
562116081,21,45,4509,104168242,61023,2012-11-05,32,OZ,1,5.99
562116081,21,63,6399,102300020,16431,2013-04-03,16,OZ,1,1.69
562119488,21,58,5835,107080070,9078,2013-01-05,16,OZ,2,4.38
562120026,21,55,5556,102073525,18893,2012-10-02,48,OZ,1,3.29
562120723,21,26,2628,1081697080,16473,2012-03-24,3,RL,1,2.99
562126620,21,9,907,104119040,16347,2012-04-21,18,OZ,2,3.98
562126620,21,63,6317,104119040,16347,2012-07-06,64,OZ,1,2.99
562128071,21,36,3601,101200010,13794,2012-11-11,144,OZ,1,4.37
562128100,21,8,807,102700020,8612,2013-01-02,21.6,OZ,2,2.5
562128242,21,96,9609,1054400050,88199,2013-02-20,0,,1,-1
562128948,21,59,5902,102100020,2321,2013-01-14,8,OZ,2,3.98
562129212,21,9,903,104119646,14582,2012-09-21,15,OZ,1,1.89
562131117,21,72,7208,103500030,3830,2012-07-27,1,CT,2,1.32
562131117,21,58,5827,104119040,16347,2012-07-30,16,OZ,1,2.89
562131117,21,37,3708,104100040,10522,2013-01-09,4.9,OZ,1,1.39
562131744,21,99,9909,107143070,5072,2012-04-09,9.9,OZ,1,3.99
562131744,21,63,6312,102500020,11749,2012-10-17,59,OZ,1,1.99
562134344,21,8,811,104112949,3635,2012-10-08,24,OZ,4,10
562135234,21,99,9908,104119040,16347,2012-05-20,10,OZ,1,1.99
562135234,21,21,2105,105200050,7054,2012-09-17,32,OZ,4,4
562135234,21,57,5710,103663232,4568,2013-01-05,5.3,OZ,3,3
562136709,21,9,901,104400040,85927,2012-06-06,8.8,OZ,1,3.5
562137165,21,75,7501,101700010,4912,2012-11-30,12,OZ,1,2.99
562138135,21,72,7212,107094272,75834,2013-01-11,1,CT,2,9.98
562139233,21,18,1837,107128171,1936,2012-09-27,4,CT,2,3.98
562140458,21,12,1206,108660080,2559,2013-02-12,5,OZ,0,0
562140497,21,63,6320,104119040,16347,2012-09-11,12,CT,1,2.49
562140497,21,25,2506,105000050,32115,2012-10-30,16,OZ,1,2.39
562147228,21,60,6010,104119040,16347,2012-10-07,7.5,OZ,2,1.38
562147228,21,33,3314,103000030,14760,2012-10-28,4.47,OZ,1,2.49
562147228,21,27,2712,103270030,7966,2013-04-26,1,CT,1,5.99
562148249,21,15,1506,102840020,5646,2012-07-25,2.88,OZ,1,1.09
562151128,21,55,5555,107684070,32094,2012-05-11,16,OZ,1,4.29
562151128,21,19,1905,1080406686,8240,2012-10-19,12,OZ,1,3.79
562153472,21,15,1506,1079042979,22943,2012-04-26,17,OZ,1,2.99
562153472,21,99,9904,103338333,33170,2013-03-25,48,OZ,1,5.99
562154018,21,97,9736,104110040,13409,2012-04-07,133,CT,1,1.49
562154018,21,28,2801,104470040,3640,2012-07-22,24,OZ,1,3.49
562154018,21,9,902,104400040,19783,2012-12-07,8.1,OZ,1,3.49
562154797,21,21,2105,105200050,7054,2013-03-13,160,OZ,1,5.99
562154831,21,25,2506,105000050,32115,2013-03-06,32,OZ,1,3.89
562155098,21,10,1011,102400020,4704,2012-04-14,6.5,OZ,1,1.69
562162203,21,49,4901,102880020,7907,2012-11-19,20,OZ,2,4.98
562162203,21,63,6319,102073525,18893,2012-12-11,64,OZ,1,1.67
562162203,21,33,3301,104126242,19971,2012-12-28,6.5,OZ,1,2.48
562162982,21,73,7357,10400040,13312,2013-03-17,100,CT,1,-1
562164293,21,9,907,107341070,888,2012-06-11,24,OZ,1,4.49
562164293,21,73,7307,104110040,3614,2013-04-22,20,CT,3,53.67
562165774,21,26,2609,101370010,8154,2012-06-10,40,CT,1,2.79
562165774,21,41,4108,104133141,7531,2012-12-24,15.5,OZ,3,2.25
562180672,21,57,5710,103663232,4568,2012-09-08,5.3,OZ,2,1.76
562180672,21,2,214,103000030,1058,2012-11-03,32,OZ,1,2.5
562181011,21,1,104,101500010,7142,2012-03-05,128,OZ,1,1.29
562181011,21,5,516,101600010,6283,2013-03-23,7,OZ,5,18.45
562183488,21,9,907,103967737,16347,2012-10-26,16,OZ,1,1.29
562184044,21,97,9799,101864313,11534,2012-07-09,4,CT,1,3.59
562184044,21,38,3801,104920040,5098,2013-03-09,2,LB,1,2.29
562184044,21,8,801,104119040,16347,2013-05-28,24,OZ,1,1
562185120,21,55,5558,107585676,9798,2013-03-29,16,OZ,2,6.38
562192342,21,29,2904,101530010,13610,2012-04-28,5.8,OZ,3,4
562194153,21,30,3001,104800141,8178,2012-07-03,30,OZ,4,18.36
562194153,21,8,810,104139040,9659,2012-08-29,1,OZ,2,1.98
562194153,21,14,1416,102400020,4704,2012-12-04,15.25,OZ,1,1.89
562194153,21,99,9901,104322242,26099,2012-12-26,0.67,OZ,1,1.99
562195024,21,25,2504,104119040,16347,2013-04-04,12,OZ,2,1.78
562195500,21,99,9908,103338333,33170,2012-03-04,16,OZ,1,2.49
562195500,21,63,6319,104119040,16347,2012-03-11,128,OZ,1,1.79
562195547,21,97,9753,1020120020,0,2012-12-08,1,CT,1,7.89
562196263,21,36,3611,107572070,14196,2012-07-11,142.2,OZ,1,2.99
562196763,21,35,3504,103700030,4628,2012-11-23,24,OZ,1,3.79
562197389,21,99,9904,103338333,33170,2012-03-22,16,OZ,1,2.49
562197389,21,26,2630,106343565,16050,2012-05-07,264,CT,2,3.18
562197389,21,63,6315,104119040,16347,2012-12-16,128,OZ,2,8.38
562197389,21,41,4107,107079676,3198,2012-12-20,14,OZ,1,2.99
562200575,21,37,3708,104100040,10522,2012-11-11,2.2,OZ,2,2.94
562201672,21,36,3627,101200010,16391,2012-12-04,67.6,OZ,1,1.5
562207542,21,63,6305,102500020,11749,2012-03-07,59,OZ,1,1.99
562207542,21,9,902,101410010,45039,2013-01-14,6.6,OZ,2,4.18
562210215,21,18,1827,104650040,7249,2012-05-20,9,OZ,2,2.78
562210215,21,5,519,103000030,14760,2012-07-21,11.9,OZ,1,3.99
562210215,21,99,9904,103338333,33170,2013-01-06,80,OZ,1,7.99
562210916,21,56,5607,104119040,16347,2012-05-13,8,OZ,2,2.67
562210916,21,19,1908,104800141,16564,2012-09-02,15,OZ,1,3.39
562213555,21,99,9908,103338333,33170,2012-03-05,8,OZ,1,1.99
562213555,21,5,516,105844959,12466,2012-11-06,7.05,OZ,2,6.58
562213555,21,99,9908,103338333,33170,2013-02-11,32,OZ,1,2.99
562219590,21,63,6315,104119040,16347,2012-11-04,64,OZ,2,4.18
562220515,21,21,2117,108768484,2903,2012-04-22,60,OZ,2,5.18
562220996,21,53,5305,104119040,16347,2012-05-18,10,OZ,1,1.25
562221192,21,1,106,101500010,7142,2012-06-03,14,OZ,1,2.99
562221192,21,45,4511,107057575,27210,2013-03-25,35,OZ,1,4.49
562222293,21,51,5125,102580020,16668,2012-06-08,9,OZ,1,2.5
562222293,21,14,1410,103732333,12209,2012-12-19,21,OZ,1,1.99
562223824,21,56,5615,107835474,2675,2012-04-07,8,OZ,1,3.29
562223824,21,5,502,103485636,19713,2013-01-12,6.4,OZ,1,2.89
562226050,21,31,3101,1072995575,5118,2012-06-16,15,OZ,1,3.19
562226610,21,99,9908,103338333,33170,2012-12-02,80,OZ,1,3.49
562226610,21,9,913,104812141,18322,2013-02-17,13,OZ,1,1.49
562227212,21,9,907,104500040,1574,2012-10-07,16,OZ,1,3.69
562237016,21,95,9518,1072047373,7848,2012-04-06,1,CT,3,2.97
562237016,21,8,836,104119040,16347,2012-05-24,32,OZ,1,0.99
562237016,21,45,4509,104440040,7504,2013-02-08,7.6,OZ,1,2.49
562237016,21,21,2103,101480010,12021,2013-02-08,64,OZ,1,3.39
562238903,21,10,1013,103890030,5072,2012-04-02,16,OZ,1,2.5
562239566,21,9,907,101410010,13791,2012-12-08,16,OZ,1,2.14
562243195,21,23,2301,102409424,4649,2012-10-13,16,OZ,2,3.98
562243700,21,63,6305,102500020,16489,2012-12-13,59,OZ,1,3.59
562245750,21,35,3509,103320030,875,2012-05-10,45,OZ,1,2.99
562246287,21,35,3504,103500030,330,2013-02-07,30,OZ,1,2.19
562246428,21,4,418,102800020,16558,2012-09-15,4.65,OZ,1,3.79
562246437,21,9,903,107050676,3860,2012-08-07,18,OZ,1,0.99
562246437,21,5,504,109742191,22339,2012-12-02,2.29,OZ,2,2
562247132,21,32,3204,104173646,6305,2012-09-24,25.3,OZ,1,5.49
562247141,21,51,5126,104164646,3173,2012-07-30,14,OZ,6,20.94
562247141,21,51,5117,104280040,18599,2012-09-11,9.8,OZ,6,10
562247249,21,57,5710,1068954464,6086,2013-03-01,17.6,OZ,3,11.97
562247367,21,26,2619,104119040,16347,2012-08-04,20,CT,1,4.19
562247367,21,36,3604,107297979,16095,2012-12-02,144,OZ,1,4.5
562247367,21,9,918,101410010,13791,2013-01-04,8.6,OZ,2,5.98
562247367,21,63,6316,107148171,6765,2013-02-12,16,OZ,2,4.58
562247367,21,29,2928,104100040,9814,2013-02-22,5.7,OZ,1,1.23
562247880,21,97,9753,1020990929,0,2012-03-03,1,CT,1,1.62
562247880,21,62,6202,102484222,2542,2013-02-14,9,OZ,1,1.99
562254172,21,63,6320,104119040,16347,2012-08-19,18,CT,1,2.49
562254172,21,35,3506,107261373,72513,2013-04-03,12.6,OZ,1,3.79
562254172,21,51,5126,102113121,11151,2013-04-28,13,OZ,1,1.99
562259128,21,26,2607,104119040,16347,2012-04-26,1,CT,1,1.29
562260826,21,9,907,107341070,13291,2012-07-14,12,OZ,1,2.49
562260826,21,97,9753,10000,0,2013-04-20,1,CT,1,0.63
562263876,21,99,9908,104119040,16347,2012-08-14,16,OZ,1,1.67
562263876,21,42,4230,103534232,25206,2012-12-24,3.5,OZ,1,2.69
562263876,21,34,3405,101700010,4912,2013-01-20,12,OZ,1,2.49
562265168,21,55,5552,107064070,2014,2012-08-11,56,OZ,1,3.29
562265168,21,33,3303,104178040,19154,2013-01-12,8,OZ,2,4
562266379,21,26,2609,104119040,16347,2012-08-10,48,CT,1,2.99
562266379,21,33,3303,102840020,10241,2012-09-26,10,OZ,3,6.42
562266379,21,63,6315,104119040,16347,2013-01-28,128,OZ,2,7.7
562266904,21,99,9908,103338333,33170,2012-07-12,4,OZ,1,1.49
562268080,21,99,9904,1071575676,5278,2012-07-31,16,OZ,2,5.98
562273548,21,59,5902,101570010,9542,2012-07-03,16,OZ,1,2.99
562273548,21,10,1012,102700020,23332,2012-07-14,13,OZ,2,2
562273548,21,35,3504,103500030,13470,2012-07-19,10,OZ,1,1.09
562273548,21,5,519,103000030,14760,2012-09-13,12.3,OZ,1,2.99
562273548,21,9,922,102430020,10577,2012-10-24,13,OZ,1,1.79
562273548,21,63,6315,104119040,16347,2012-10-24,128,OZ,1,3.82
562281703,21,6,601,104119040,16347,2012-09-22,20,OZ,1,2.49
562283405,21,57,5707,107047070,20230,2012-03-16,16,OZ,1,2.49
562283405,21,33,3305,102840020,5141,2012-04-28,11.5,OZ,2,6
562283405,21,97,9753,10000,0,2012-09-26,1,CT,1,0.89
562283405,21,6,606,105000050,3001,2012-10-14,17.7,OZ,1,6.99
562283405,21,36,3603,104300040,26420,2013-03-14,256,OZ,1,2.99
562283630,21,26,2619,104119040,16347,2013-02-22,40,CT,1,5.85
562286028,21,99,9904,1071648979,52903,2012-07-30,16,OZ,1,3.49
562286028,21,63,6320,104119040,16347,2012-11-18,12,CT,1,1.79
562286339,21,26,2632,103600030,8583,2012-07-28,320,CT,1,9.99
562286339,21,69,6909,103600030,14191,2013-04-14,7.3,OZ,1,2.99
562287027,21,36,3612,1064252464,12670,2013-02-06,128,OZ,1,1
562287860,21,33,3303,102840020,10241,2012-03-25,10.5,OZ,1,2.14
562288955,21,27,2705,105000050,6775,2012-05-01,5.5,OZ,20,10.6
562288955,21,63,6315,104119040,16347,2012-06-12,128,OZ,1,3.99
562288955,21,27,2705,105000050,6775,2012-09-17,5.5,OZ,10,5.5
562290543,21,63,6320,107954878,10165,2012-04-23,12,CT,1,2.5
562290642,21,9,913,104812141,18322,2012-03-22,24,OZ,1,2.49
562290642,21,56,5614,104171646,6769,2012-11-02,10,OZ,4,15.96
562290642,21,25,2506,104127141,26189,2012-11-23,16,OZ,4,8.12
562291558,21,37,3706,104119646,14582,2013-01-04,18,OZ,1,1.67
562291974,21,21,2117,107630171,755,2012-12-02,54,OZ,1,2.99
562291974,21,41,4121,102700020,8612,2013-02-24,8,OZ,1,0.5
562294149,21,9,902,102410020,44209,2013-01-31,13.7,OZ,1,3.49
562294149,21,33,3313,102840020,10241,2013-03-15,15,OZ,1,3
562297179,21,36,3611,1064252464,12670,2013-02-18,405.6,OZ,2,7
562297643,21,33,3307,104119040,16347,2013-02-14,8,OZ,1,5.99
562298349,21,55,5567,1078978575,16558,2012-04-23,16,OZ,1,5.99
562298349,21,9,907,107265979,13545,2012-05-20,18,OZ,1,2.99
562298598,21,95,9518,1061029060,6015,2012-06-27,1,CT,1,2.59
562298598,21,33,3305,102840020,5141,2013-02-28,11.5,OZ,1,3
562300973,21,25,2506,105000050,32115,2012-10-26,32,OZ,1,3.89
562300973,21,99,9908,103338333,33170,2013-03-30,32,OZ,1,1.79
562301833,21,5,501,108634181,27627,2013-05-01,14,OZ,2,7.98
562302801,21,5,516,101862717,9496,2012-05-29,7.4,OZ,1,3.89
562305695,21,71,7114,102240020,18715,2012-11-24,11,OZ,1,4.19
562308725,21,27,2707,101780010,93964,2012-05-05,3.5,LB,2,7.98
562314851,21,25,2506,104119040,16347,2013-02-26,32,OZ,1,2.99
562318730,21,63,6318,103239434,9851,2012-08-03,14,OZ,1,2.99
562318730,21,23,2301,107680878,1393,2012-08-09,16,OZ,4,5.6
562318730,21,17,1703,104119040,16347,2012-11-14,64,OZ,1,1.39
562319532,21,9,922,102560020,18051,2012-03-08,10.5,OZ,2,7
562320045,21,9,907,101410010,13791,2012-06-10,16,OZ,1,2.79
562320045,21,29,2904,101600010,7860,2013-01-25,5.2,OZ,2,3.78
562324188,21,51,5125,101380010,10271,2013-03-03,9,OZ,1,3.29
562324188,21,19,1904,1084076282,7284,2013-03-21,12,OZ,1,2.49
562325254,21,33,3302,102389626,14268,2013-04-14,19.2,OZ,2,11.58
562325704,21,20,2002,101480010,12021,2012-04-21,32,OZ,1,2.19
562325704,21,99,9904,103338333,33170,2012-07-12,16,OZ,1,2.49
562325704,21,63,6320,1085281080,10165,2012-12-01,12,CT,1,3.19
562329545,21,59,5902,103450030,10165,2012-03-25,16,OZ,1,3.64
562329545,21,63,6315,104119040,16347,2012-05-23,128,OZ,1,5.69
562330337,21,11,1111,1063748060,1011,2012-06-13,8,OZ,2,11.58
562333565,21,41,4106,104119040,16347,2012-10-26,13.25,OZ,1,2.39
562333719,21,51,5115,101960010,3174,2012-03-02,5.08,OZ,2,2.5
562333719,21,51,5124,104133141,7531,2012-11-01,12,OZ,2,7.98
562335108,21,56,5621,1087145989,75560,2012-03-26,8,OZ,1,5.99
562335108,21,9,902,104400040,15335,2013-02-01,15.1,OZ,1,3.79
562341202,21,29,2928,105480050,19039,2012-09-09,8.8,OZ,1,1.99
562341202,21,7,707,101114111,25747,2013-02-23,12,OZ,1,5.99
562343640,21,78,7802,107001171,12696,2012-12-01,1,CT,3,6.57
562343824,21,36,3614,104133141,7531,2012-04-29,15,OZ,2,4.38
562346381,21,29,2914,104119040,16347,2012-04-24,12,OZ,1,1.67
562346381,21,53,5305,102000020,7655,2013-01-28,10,OZ,2,3.33
562346381,21,49,4901,104119040,16347,2013-02-04,26,OZ,1,2.5
562350110,21,23,2301,1071006979,7075,2012-04-12,9,OZ,4,5.96
562350110,21,19,1908,104119040,16347,2012-07-16,16,OZ,2,9.98
562350110,21,97,9753,107336171,0,2012-07-20,1,CT,1,4.99
562350110,21,51,5106,102392323,5494,2012-12-29,7,OZ,1,3.99
562355919,21,22,2207,103496939,20390,2012-08-21,22,OZ,1,3.39
562355919,21,26,2633,105400050,16048,2012-12-31,12,RL,1,10.69
562360863,21,28,2805,104119040,16347,2012-09-23,6,OZ,1,0.99
562360863,21,21,2106,101480010,12021,2013-01-27,64,OZ,1,3.39
562360971,21,97,9753,10000,0,2013-04-02,1,CT,1,0
562364313,21,28,2804,103150030,25139,2012-06-11,12,OZ,1,1.67
562364313,21,57,5703,103663232,4568,2012-06-18,6,OZ,3,2.25
562364313,21,9,907,107130575,11013,2012-11-18,20,OZ,1,3.99
562364313,21,32,3204,104179040,1698,2012-12-18,17,OZ,1,6.99
562364313,21,8,809,101300010,8164,2013-03-11,12,OZ,1,1.99
562369451,21,59,5902,101570010,9542,2012-04-06,16,OZ,2,5.38
562369451,21,71,7112,107124979,21913,2013-01-03,9,OZ,1,3.19
562369451,21,45,4511,102370020,18969,2013-02-14,25,OZ,1,8.99
562370010,21,63,6317,102529323,16410,2012-06-13,64,OZ,1,3.69
562370010,21,5,516,101600010,12426,2012-06-25,7.1,OZ,1,3.69
562370010,21,33,3308,104178040,19154,2013-01-20,8.5,OZ,1,2
562374702,21,41,4105,102400020,4704,2012-03-04,14.5,OZ,10,10
562376032,21,26,2609,101370010,8154,2012-05-11,40,CT,1,2.79
562376032,21,58,5823,107354171,54457,2012-12-22,6,OZ,1,5.99
562378973,21,22,2207,104650040,16355,2012-04-07,14,OZ,1,3.19
562378973,21,36,3618,104900040,23359,2012-08-20,20,OZ,1,1.69
562378973,21,59,5906,104060040,26155,2013-02-24,15,OZ,1,2.99
562379062,21,25,2506,104410040,8481,2013-01-06,32,OZ,1,3.99
562379062,21,8,809,104119040,16347,2013-01-12,10.5,OZ,3,2
562381183,21,21,2119,108390080,12546,2012-05-31,67.6,OZ,1,1.5
562381704,21,35,3504,107261373,17576,2012-07-05,20,OZ,1,1.29
562381704,21,63,6315,104138343,10091,2012-09-06,96,OZ,1,6.19
562381812,21,9,907,107133070,25887,2012-10-15,20,OZ,1,3.99
562381812,21,21,2112,1075379272,12769,2012-11-20,64,OZ,2,6.98
562382586,21,41,4106,104119040,16347,2013-05-07,8,OZ,2,3.98
562388117,21,63,6332,104850040,61745,2012-12-08,59,OZ,3,9
562394146,21,31,3107,104780040,162,2012-03-02,4.5,OZ,1,3.69
562395349,21,5,501,103800030,6790,2012-10-13,12.2,OZ,1,3.59
562397332,21,58,5812,1063000363,25246,2012-07-03,48,OZ,1,9.99
562397332,21,63,6314,107170070,1142,2013-01-21,16,OZ,1,1.49
562399084,21,63,6320,104119040,16347,2012-11-11,18,CT,1,3.49
562409090,21,51,5128,104119040,16347,2012-04-25,12,OZ,1,1.67
562411933,21,25,2506,105000050,32115,2012-10-11,16,OZ,1,2.99
562411933,21,63,6315,104119040,16347,2012-12-24,128,OZ,2,7.38
562411933,21,14,1404,101480010,12021,2013-03-07,46,OZ,3,8.97
562411933,21,57,5710,1089470080,21065,2013-03-15,14,OZ,2,5.98
562411933,21,56,5607,104119040,16347,2013-03-20,8,OZ,1,1.18
562412971,21,63,6311,102500020,16489,2012-05-21,59,OZ,1,3.49
562412971,21,56,5615,103651434,7627,2012-09-30,8,OZ,2,3.08
562415593,21,33,3305,107260070,8245,2013-03-05,13,OZ,1,1.99
562422648,21,9,907,104812141,18322,2012-03-04,16,OZ,2,8.38
562422648,21,75,7520,104119040,16347,2012-04-29,80,CT,1,1.99
562426188,21,99,9909,1088804888,52680,2013-01-17,5,OZ,1,2.99
562427044,21,40,4004,102070020,15068,2012-10-02,8,OZ,1,3.39
562427044,21,9,970,103800030,62065,2012-12-02,14.1,OZ,3,8.07
562431647,21,33,3303,102840020,10241,2012-03-27,8.5,OZ,2,6.58
562431709,21,57,5710,1089470080,21065,2012-03-02,5.3,OZ,3,4
562433598,21,51,5134,107047575,7217,2012-12-09,8,OZ,2,3.98
562433598,21,21,2105,105200050,7054,2013-01-20,64,OZ,2,4
562434545,21,36,3601,104900040,3809,2012-12-23,60,OZ,3,10
562434545,21,51,5125,102580020,16668,2013-03-10,9.25,OZ,1,2.93
562442309,21,97,9753,10000,0,2012-08-14,1,CT,1,2.83
562444210,21,99,9909,107774575,14997,2012-03-18,7,OZ,1,2.5
562445821,21,12,1207,1079852575,16784,2012-09-21,6.5,OZ,4,6.36
562455080,21,73,7356,107631474,51917,2013-02-10,9,OZ,1,8.99
562455387,21,99,9908,103338333,33170,2012-11-06,4,OZ,1,1.79
562455653,21,63,6305,104119040,16347,2012-03-05,64,OZ,1,2.5
562457651,21,36,3601,104900040,3809,2012-08-05,67.6,OZ,3,4.5
562457651,21,41,4107,104119040,16347,2013-02-02,15,OZ,1,0.75
562463163,21,63,6314,107170070,1142,2012-08-11,16,OZ,1,1.34
562464072,21,9,907,107133070,25887,2012-04-11,20,OZ,1,3.99
562464072,21,12,1206,108000080,17292,2012-11-06,5,OZ,4,5.96
562464072,21,2,201,1064420969,5345,2012-12-23,16.5,OZ,1,1.89
562464856,21,36,3612,106827464,30855,2012-03-07,320,OZ,2,6.58
562464856,21,41,4107,102000020,7655,2012-11-17,15.25,OZ,4,4.6
562468873,21,31,3101,105210050,11382,2012-07-27,1.75,OZ,1,4.69
562468873,21,26,2613,103600030,8583,2012-08-02,27,CT,1,11.29
562468873,21,56,5615,102100020,4218,2012-11-11,7,OZ,1,2.49
562469215,21,99,9908,105783656,17665,2012-04-18,17.6,OZ,1,1.5
562469215,21,19,1908,104530040,13915,2012-10-24,16.3,OZ,1,2.69
562469626,21,33,3310,1075535575,7457,2012-07-30,7,OZ,1,3.99
562469689,21,23,2301,1085501989,2237,2012-03-10,16,OZ,3,3
562470696,21,26,2619,102990020,7468,2012-11-24,34,CT,1,3.59
562472665,21,56,5617,104119040,16347,2012-07-19,12,OZ,1,1.99
562475233,21,99,9909,107774575,14997,2012-04-22,6,OZ,1,2.5
562475233,21,99,9909,107774575,14997,2012-06-10,6,OZ,2,6.98
562475233,21,57,5710,1068954464,6086,2012-06-24,5.3,OZ,6,10.14
562475940,21,4,417,104179545,9319,2012-09-05,9,OZ,2,5.98
562475940,21,30,3001,104800141,8178,2012-12-13,128,OZ,1,15.99
562475960,21,41,4108,104119646,14582,2012-03-23,19,OZ,1,1.25
562475960,21,9,901,104400040,13243,2012-06-26,15.5,OZ,1,4.49
562475960,21,23,2301,102409424,4649,2012-09-28,16,OZ,2,3.58
562475960,21,59,5906,104060040,26155,2012-10-22,15,OZ,1,2.99
562475960,21,59,5906,104060040,26155,2013-02-20,45,OZ,1,6.99
562475960,21,9,907,107341070,888,2013-03-01,12,OZ,1,2.49
562482132,21,25,2506,104127141,26189,2012-04-12,32,OZ,1,3.69
562482132,21,28,2805,104119040,16347,2013-03-29,6,OZ,4,3.52
562483659,21,99,9904,103338333,33170,2012-06-23,16,OZ,1,2.99
562483659,21,99,9908,1071651979,11085,2012-11-18,12,OZ,1,2.99
562486879,21,96,9609,10991380090,88199,2012-09-29,0,,1,-1
562486879,21,9,907,107130575,11013,2013-01-02,20,OZ,1,1.99
562487200,21,5,501,101862717,9496,2012-08-05,13.1,OZ,1,3.29
562494016,21,36,3632,104900040,6137,2012-09-12,67.6,OZ,1,1.5
562494135,21,74,7407,107033070,1783,2012-10-20,3,CT,2,10.98
562494135,21,9,907,104119040,16347,2012-12-15,20,OZ,2,2.54
562494135,21,57,5710,107047070,20230,2013-01-19,16,OZ,1,2.69
562494135,21,63,6315,104119040,16347,2013-02-27,32,OZ,1,1.39
562499626,21,21,2103,101480010,12021,2012-11-17,64,OZ,1,2.5
562499626,21,45,4509,1068907666,51701,2013-03-07,32,OZ,1,8.99
562499722,21,23,2301,107680878,1393,2012-03-08,16,OZ,4,5.6
562501097,21,30,3001,104119040,16347,2012-05-24,30,OZ,1,2.49
562501097,21,17,1703,101920010,10882,2012-06-16,40,OZ,1,2.59
562502259,21,26,2622,104119040,16347,2012-11-02,20,CT,2,3.38
562502619,21,36,3604,107800070,2829,2012-10-26,67.6,OZ,1,1.36
562502619,21,8,822,104600040,13023,2013-03-15,10,OZ,1,1.69
562502619,21,97,9753,10000,0,2013-03-18,1,CT,1,0
562503568,21,18,1890,1076506070,3718,2013-03-01,1,CT,1,2.49
562503874,21,55,5552,107064070,2014,2012-04-03,56,OZ,1,4.99
562504127,21,71,7114,102240020,18715,2012-06-01,11,OZ,1,4.19
562504127,21,34,3499,1089419585,71241,2012-06-16,1,CT,1,0.99
562504127,21,59,5905,1079645171,13101,2012-09-24,8,OZ,1,1.88
562504127,21,33,3305,102840020,5141,2012-11-06,2.13,OZ,1,1.09
562504177,21,99,9904,1081204989,27736,2012-04-06,16,OZ,1,2.49
562504177,21,35,3504,103500030,13470,2012-10-11,25,OZ,1,3.29
562507721,21,58,5812,107389070,17549,2012-06-08,80,OZ,1,6.49
562507721,21,9,901,104119040,16347,2012-12-06,16,OZ,1,1.99
562512797,21,60,6011,101800010,14029,2012-10-23,16.3,OZ,1,2.06
562512797,21,26,2635,104119040,16347,2012-12-13,100,CT,1,1.99
562512867,21,14,1411,103890030,5072,2012-12-18,20,OZ,1,1.5
562515159,21,36,3611,107572070,14196,2012-04-26,101.4,OZ,2,5
562515159,21,36,3601,104900040,3809,2012-07-03,60,OZ,1,3.59
562515159,21,63,6319,102073525,18893,2012-07-27,64,OZ,1,1.79
562515159,21,4,416,104000040,11698,2013-01-07,3.36,OZ,1,1.5
562517797,21,33,3318,102840020,15441,2012-11-16,16,OZ,1,2.79
562518950,21,36,3611,107572070,14196,2012-04-29,101.4,OZ,1,1
562522035,21,23,2301,107680878,1393,2012-11-05,9,OZ,1,1.64
562522035,21,63,6312,105360050,18699,2013-02-11,59,OZ,1,2.99
562526098,21,99,9909,107143070,5072,2012-05-20,12,OZ,1,1.67
562526352,21,5,501,1088491282,86364,2013-03-19,16,OZ,1,3.19
562528734,21,8,807,101340919,17823,2012-08-18,18,OZ,1,1.67
562528734,21,21,2117,103120030,12957,2012-11-26,48,OZ,1,3.49
562528734,21,35,3507,103700030,3068,2012-12-08,8.45,OZ,1,3.99
562530976,21,9,903,104138747,60,2012-04-28,24,OZ,1,2.29
562530976,21,32,3204,1085501989,2237,2012-09-09,67.6,OZ,1,10.99
562536211,21,15,1506,103120030,12957,2013-01-12,10,OZ,1,4.19
562536211,21,33,3303,102840020,10241,2013-04-27,10,OZ,1,2.5
562536751,21,99,9909,107127979,6732,2013-01-19,6,OZ,1,3.49
562536751,21,10,1012,102700020,23332,2013-04-14,13,OZ,2,2.67
562536883,21,99,9904,103338333,33170,2012-12-30,6,OZ,1,2.5
562536883,21,21,2117,101480010,12021,2013-04-19,54,OZ,1,2.99
562539630,21,56,5615,102100020,4218,2012-04-02,8,OZ,1,2.49
562539630,21,5,517,103800030,69260,2012-09-23,10.4,OZ,2,6.98
562539630,21,49,4902,104119040,16347,2012-11-25,32,OZ,1,1.77
562540524,21,41,4120,104119040,16347,2012-09-03,6,OZ,2,0.99
562543143,21,26,2619,102990020,7468,2012-12-12,8,CT,1,0.99
562544913,21,99,9908,104119040,33170,2012-08-20,32,OZ,1,2.49
562544913,21,96,9609,1050000050,88199,2012-12-30,0,,3,-3.5
562544913,21,41,4106,104119040,16347,2013-02-17,8,OZ,1,2.49
562546463,21,5,501,101600010,3789,2012-08-20,11.8,OZ,1,3.19
562547373,21,41,4107,102000020,7655,2012-08-14,15.25,OZ,1,1.39
562547373,21,63,6315,105215959,41981,2012-10-01,64,OZ,2,8.38
562548377,21,55,5567,104100040,7459,2012-05-08,18,OZ,1,3.19
562548377,21,55,5552,102073525,18893,2012-11-04,48,OZ,2,7.98
562551837,21,70,7002,1088438989,4419,2012-12-23,8,CT,1,1.49
562551837,21,5,516,101600010,6283,2013-01-12,7,OZ,1,3.69
562551837,21,33,3303,107260070,8245,2013-04-06,10.5,OZ,1,2.5
562553385,21,57,5707,103663232,4568,2013-02-17,14,OZ,1,3.19
562553957,21,99,9908,1082934989,11481,2012-05-28,12,OZ,1,3.99
562553957,21,75,7503,105005151,2166,2012-12-19,0.42,OZ,1,4.09
562553957,21,41,4105,107294070,18909,2013-02-08,28,OZ,1,0.98
562556746,21,99,9909,1088804888,52680,2012-12-01,5,OZ,2,5.98
562557649,21,31,3101,104133141,7531,2013-01-13,4.5,OZ,1,1.79
562557790,21,9,910,101410010,13791,2012-10-03,5.9,OZ,1,2.99
562557790,21,14,1415,102130020,10383,2013-02-16,15,OZ,2,2.67
562559630,21,8,810,104800141,9814,2012-10-14,0.92,OZ,1,2.29
562566533,21,96,9609,1053663252,88199,2013-01-15,0,,1,-1
562567360,21,97,9753,1023807626,0,2013-04-02,1,CT,1,3.52
562568532,21,26,2628,105400050,16048,2012-10-21,10,RL,1,10.29
562568532,21,9,907,107130575,11013,2012-11-18,20,OZ,1,3.99
562568532,21,8,818,107050676,3860,2013-02-15,26,OZ,2,1.98
562568532,21,58,5827,104470040,13310,2013-03-06,12,OZ,1,4.99
562570263,21,59,5906,104060040,26155,2012-03-06,15,OZ,1,3.29
562570263,21,58,5824,107778272,9260,2012-05-02,12,OZ,2,7.98
562571475,21,33,3316,104178040,19154,2012-04-19,12,OZ,1,2
562571475,21,97,9753,1023807929,0,2012-08-20,1,CT,1,4
562571558,21,54,5402,102392323,5494,2012-05-28,12.7,OZ,1,3.99
562571558,21,97,9712,106025868,2393,2012-06-04,1,CT,1,8.99
562571558,21,99,9904,1071575676,5278,2012-06-04,6,OZ,1,2.99
562571558,21,58,5828,103100030,1358,2012-08-06,9.6,OZ,1,2.99
562577702,21,17,1704,101920010,10882,2013-01-01,32,OZ,1,2.99
562581010,21,13,1306,101600010,7366,2012-03-27,5,LB,1,2.39
562584495,21,56,5615,103651434,25010,2013-03-22,16,OZ,1,5.99
562586181,21,11,1102,104119040,16347,2012-04-20,200,CT,1,1.59
562586181,21,63,6315,104119040,16347,2013-03-08,128,OZ,2,7.98
562587924,21,33,3302,104119040,16347,2012-05-10,9,OZ,2,3.98
562588961,21,21,2119,101200010,10522,2013-01-18,144,OZ,1,4.38
562589820,21,8,815,107210171,10069,2012-04-23,8,OZ,1,1.79
562590796,21,5,501,104119040,16347,2012-03-31,17.3,OZ,1,1.99
562592413,21,9,908,104126141,5244,2012-08-01,11.5,OZ,1,2.59
562592413,21,30,3001,104800141,8178,2013-01-19,30,OZ,1,3.99
562593817,21,28,2804,104119040,16347,2012-03-12,32,OZ,1,2.69
562593817,21,16,1601,102200020,9347,2012-08-26,45,CT,1,2.5
562597049,21,28,2805,104119040,16347,2012-05-21,6,OZ,1,0.88
562600312,21,9,901,104400040,11047,2012-09-11,8,OZ,6,17.94
562600312,21,29,2925,104119040,16347,2013-02-07,80,OZ,1,2.99
562601124,21,9,913,104812141,18322,2012-07-26,24,OZ,1,2.89
562602811,21,37,3705,105100050,2820,2012-06-14,18.8,OZ,1,2.59
562607875,21,69,6901,107940070,5168,2012-07-25,2.6,OZ,1,4.19
562611774,21,26,2629,104303242,11116,2013-01-09,250,CT,1,2.69
562611774,21,4,419,104000040,5168,2013-02-11,9.5,OZ,1,2.99
562615490,21,99,9904,103338333,33170,2012-05-20,16,OZ,1,3.99
562615490,21,36,3618,104900040,23359,2012-12-23,20,OZ,1,1.79
562615490,21,17,1707,106233868,32453,2013-02-11,16,OZ,1,5.19
562622709,21,69,6901,107940070,17521,2012-05-27,6,OZ,1,2.99
562625094,21,33,3325,102840020,21452,2012-04-10,20,OZ,1,6.99
562628431,21,56,5620,104119040,16347,2012-08-18,8,OZ,2,3.76
562628431,21,59,5907,102900020,2012,2012-10-26,16,OZ,1,0.99
562628431,21,35,3508,103700030,18371,2012-12-09,75,OZ,1,10.99
562628431,21,56,5620,104119040,16347,2013-03-09,8,OZ,3,5.97
562631097,21,51,5124,107100777,5656,2012-09-11,32,OZ,1,3.69
562631097,21,26,2628,104119040,16347,2013-05-31,1,RL,1,0.79
562633379,21,3,302,103400030,8247,2012-11-17,12,OZ,1,2.19
562633647,21,45,4513,102265525,2626,2012-11-04,32,OZ,1,7.49
562635162,21,63,6315,104119040,16347,2012-05-08,64,OZ,1,2.49
562638433,21,63,6320,104119040,16347,2012-03-18,18,CT,1,2.89
562639620,21,30,3001,102100020,11761,2012-07-20,22,OZ,1,4.49
562639620,21,75,7507,107050171,12554,2013-03-02,8,OZ,1,4.79
562639620,21,5,501,103800030,4352,2013-04-16,14.1,OZ,1,3.59
562640722,21,21,2105,105200050,7054,2012-11-27,32,OZ,3,4
562640722,21,33,3303,104119040,16347,2013-02-08,8,OZ,1,1.39
562645342,21,63,6305,101630010,6509,2012-05-10,59,OZ,2,5.98
562645342,21,5,516,103800030,17050,2012-07-11,4.76,OZ,1,3.29
562645342,21,4,416,1070865676,24127,2012-09-19,3.5,OZ,1,2.99
562645342,21,41,4107,104119040,16347,2013-02-09,15,OZ,2,0.98
562645525,21,9,916,104400040,19783,2012-04-29,5.5,OZ,1,3.49
562645525,21,49,4901,101312010,26885,2012-08-06,32,OZ,1,3.5
562645525,21,29,2904,101600010,7860,2012-08-07,5.5,OZ,1,2
562645525,21,5,516,101862717,9496,2012-08-25,6.7,OZ,1,3.89
562645525,21,54,5402,103800030,5618,2012-11-13,14.8,OZ,1,2.99
562645525,21,25,2509,104119040,16347,2012-11-18,16,OZ,1,1.49
562645525,21,36,3631,104900040,1414,2012-12-12,20,OZ,2,3.58
562645525,21,58,5812,1063690666,12339,2013-04-04,14,OZ,1,1.99
562650611,21,37,3703,105100050,2820,2013-01-10,10.75,OZ,4,3.4
562659166,21,29,2925,104119040,16347,2012-08-12,32,OZ,1,2.89
562659166,21,53,5307,102880020,7907,2013-02-17,14,OZ,1,1.48
562659166,21,36,3601,101200010,13794,2013-03-10,144,OZ,3,13.14
562659248,21,10,1011,104300040,26232,2013-03-09,14.5,OZ,1,2.69
562659248,21,9,922,103800030,17050,2013-05-21,4.44,OZ,1,3.19
562660021,21,0,0,10000,0,2013-02-12,0,,1,-2.61
562660051,21,55,5558,107585676,9798,2012-06-16,27,OZ,1,3.69
562661460,21,56,5616,102100020,4218,2012-04-06,7,OZ,1,2.49
562661460,21,63,6313,107357070,8185,2012-10-13,12,OZ,2,5.58
562661460,21,57,5707,1081829080,21065,2013-04-25,18,OZ,3,8.07
562663600,21,9,914,107518575,11221,2013-01-11,15,OZ,1,3.49
562663783,21,57,5710,1089470080,21065,2012-03-24,5.3,OZ,10,10
562663783,21,63,6399,1088112282,43288,2012-05-31,8.99,OZ,1,5.45
562663783,21,9,907,109247494,94794,2012-10-02,12,OZ,1,2.89
562663783,21,22,2211,103700030,2246,2013-02-03,120,CT,1,6.69
562669579,21,55,5552,107756777,2347,2012-08-31,48,OZ,1,4.49
562669579,21,51,5117,1069899767,18981,2013-02-25,10,OZ,1,7.99
562673193,21,26,2629,104119040,16347,2012-05-09,250,CT,1,1.88
562673826,21,67,6703,104116747,1331,2012-03-23,4,OZ,1,4.59
562673826,21,35,3508,107261373,19976,2012-05-10,50,OZ,1,5.99
562673826,21,9,918,101410010,13791,2012-05-31,5.75,OZ,1,3.69
562673826,21,9,904,107067878,15523,2012-08-23,5,OZ,1,1.25
562673826,21,99,9908,107266878,52135,2012-09-13,18,OZ,1,2.99
562674652,21,33,3321,107332171,17710,2012-03-02,13,OZ,-1,-2.79
562674652,21,40,4004,107243777,2410,2012-12-23,8,OZ,1,1.99
562675900,21,26,2609,1089445080,743,2012-07-14,100,CT,1,2.99
562675900,21,31,3101,107032878,13014,2012-09-08,6,OZ,1,3.79
562675900,21,58,5824,102836424,14418,2012-11-18,16,OZ,2,7.58
562675900,21,26,2629,104119040,16347,2012-11-18,250,CT,1,1.49
562675900,21,21,2108,104119040,16347,2013-02-15,64,OZ,4,6.76
562676854,21,43,4302,104119040,16347,2012-07-04,8,OZ,1,1.29
562676854,21,99,9909,107143070,5072,2012-12-02,14,OZ,1,1.67
562677051,21,7,702,102800020,18041,2012-06-09,7,OZ,1,8.99
562677051,21,36,3630,107800070,5208,2013-01-04,144,OZ,3,14.25
562678174,21,95,9518,1072047373,7848,2012-04-03,1,CT,1,2.59
562680956,21,96,9609,10992529393,88199,2012-06-09,0,,1,-0.55
562680956,21,33,3321,107332171,17710,2012-08-25,13,OZ,1,2.49
562680956,21,26,2628,103700030,2248,2012-11-24,15,RL,2,35.56
562680956,21,49,4901,107271474,11375,2013-06-15,19,OZ,1,1.99
562681542,21,63,6315,104119040,16347,2013-03-05,128,OZ,1,4.49
562686133,21,58,5824,104450040,8318,2012-05-05,14,OZ,1,3.49
562686133,21,99,9904,1066529060,52314,2012-10-21,16,OZ,1,2.49
562686133,21,51,5125,101380010,10271,2013-03-17,9,OZ,1,2.74
562686426,21,55,5558,107585676,9798,2013-01-07,27,OZ,1,3.99
562688889,21,99,9904,103338333,33170,2012-06-09,16,OZ,1,2.49
562688889,21,36,3604,107800070,16023,2012-10-19,33.8,OZ,1,1.39
562688889,21,25,2506,104410040,8481,2012-10-27,16,OZ,1,2.39
562691322,21,18,1841,103700030,17864,2012-10-08,12,CT,1,5.19
562692083,21,63,6315,104119040,16347,2012-09-14,128,OZ,1,3.79
562692083,21,8,814,102840020,18584,2012-12-23,15,OZ,1,3
562692083,21,41,4121,104119040,16347,2013-06-07,29,OZ,1,0.88
562692083,21,36,3635,101657111,17037,2013-06-20,17,OZ,10,10
562692083,21,10,1010,105260050,6520,2013-07-08,16,OZ,1,2.29
562692167,21,63,6315,104119040,16347,2013-02-10,64,OZ,1,2.1
562693238,21,44,4405,1067667060,4746,2012-06-17,13.2,OZ,1,5.49
562693238,21,26,2617,104119040,16347,2012-11-03,1,CT,1,0.99
562693238,21,55,5552,102073525,18893,2013-02-23,48,OZ,1,3.19
562697970,21,22,2210,102420020,14716,2012-10-05,100,OZ,1,2.99
562697970,21,3,311,101600010,1756,2012-11-04,12,OZ,1,1.99
562697970,21,2,208,105150050,14029,2012-11-16,14,OZ,2,3.98
562704153,21,73,7308,103660232,15274,2012-07-13,19,CT,1,1.69
562704350,21,25,2506,105000050,32115,2012-04-24,64,OZ,1,6.99
562704350,21,9,902,104400040,19783,2013-06-03,9,OZ,2,7.38
562704838,21,9,917,102733121,9966,2012-05-06,27.5,OZ,1,1.99
562704838,21,25,2509,104119040,16347,2012-07-08,16,OZ,1,1.49
562706590,21,36,3604,107800070,2829,2012-07-12,67.6,OZ,1,1.5
562707954,21,19,1910,10980090,12851,2012-10-23,13,OZ,1,4.49
562709601,21,56,5607,104119040,16347,2012-08-20,8,OZ,2,2.5
562711083,21,99,9908,104525545,11481,2012-10-26,24,OZ,1,4.99
562711187,21,55,5567,107064070,19704,2012-10-26,24,OZ,1,5.69
562711187,21,7,709,107017777,18928,2013-02-10,1.36,OZ,1,5.49
562711187,21,56,5610,107050676,3860,2013-03-02,5,OZ,1,4.99
562711901,21,57,5705,103663232,4568,2013-01-31,24,OZ,2,3.33
562713033,21,63,6315,104119040,16347,2012-06-21,32,OZ,1,1.59
562714231,21,51,5125,105010050,8089,2012-04-27,11,OZ,1,3.33
562714231,21,51,5125,105010050,8089,2012-07-25,12,OZ,1,3.33
562714341,21,36,3634,1078616272,7237,2012-08-12,33.8,OZ,3,4
562716522,21,55,5552,102073525,18893,2012-08-15,48,OZ,1,3.99
562718998,21,8,814,102840020,18584,2012-06-16,15.5,OZ,1,3
562718998,21,72,7205,105310050,804,2012-09-29,5.6,OZ,1,2.99
562720004,21,56,5613,104119040,16347,2012-03-11,16,OZ,1,2.49
562720004,21,27,2704,104119040,16347,2012-11-04,2.8,OZ,1,0.99
562720004,21,26,2630,104119040,16347,2013-01-20,144,CT,1,0.8
562720004,21,26,2629,1081697080,16473,2013-04-07,140,CT,1,0.99
562720004,21,27,2705,105000050,6775,2013-04-14,5.5,OZ,6,3.12
562721408,21,4,418,103400030,8247,2012-11-06,4.4,OZ,2,3.33
562723958,21,97,9753,1020110424,0,2013-01-06,1,CT,1,9.07
562723958,21,9,902,104400040,8463,2013-01-22,12.2,OZ,1,3.99
562723958,21,5,501,101600010,3396,2013-03-03,14,OZ,1,3.5
562725302,21,55,5552,107756777,2347,2012-04-23,48,OZ,1,4.09
562725740,21,33,3308,102840020,3336,2012-03-02,9.75,OZ,1,3
562725740,21,63,6399,102300020,16431,2012-10-19,16,OZ,2,3.38
562725740,21,0,0,10000,20405,2013-01-18,0,,1,9.57
562725740,21,41,4107,104122444,15440,2013-03-01,15,OZ,1,1.29
562726113,21,63,6320,104119040,16347,2012-03-17,12,CT,1,1.79
562726113,21,21,2106,105100050,27873,2012-09-01,64,OZ,1,1.99
562726762,21,4,412,107279979,19735,2012-05-03,5.5,OZ,1,1.79
562726762,21,18,1822,104119040,16347,2012-07-23,33,OZ,1,2
562726768,21,33,3305,103068434,41540,2012-08-03,14,OZ,1,2.19
562726768,21,27,2705,104119040,22090,2012-09-06,22,OZ,2,3.18
562726768,21,63,6321,104082242,15667,2012-10-21,17,OZ,1,3.99
562726995,21,99,9908,1073447575,52605,2012-12-09,16,OZ,1,2
562732463,21,0,0,10000,20405,2012-09-08,0,,1,6.9
562733422,21,21,2117,108768484,2903,2012-12-19,60,OZ,1,2.69
562733422,21,36,3604,107800070,2829,2013-03-27,67.6,OZ,1,1.5
562733524,21,26,2609,104200040,5016,2012-06-29,35,CT,2,5.56
562733524,21,26,2626,101258717,7245,2012-07-17,1,CT,1,3.29
562733524,21,74,7407,104740040,7196,2012-09-25,12,CT,1,7.99
562734372,21,36,3632,107153777,14200,2012-05-03,33.8,OZ,1,0.9
562734372,21,8,836,104119646,14582,2012-08-02,25,OZ,1,3.69
