496261428,21,28,2805,104119040,16347,2012-07-13,6,OZ,3,2.64
496261428,21,45,4511,107274575,13804,2013-03-17,24,OZ,1,6.99
496261788,21,51,5122,108298888,19799,2012-06-20,11,OZ,1,3.99
496262155,21,28,2804,1085501989,2237,2012-04-16,12,OZ,1,1.59
496263481,21,33,3305,102840020,5141,2012-10-28,11.5,OZ,1,2.14
496265402,21,36,3611,104119040,16347,2012-08-11,405.6,OZ,1,3.33
496265402,21,45,4508,104440040,7504,2013-03-08,19,OZ,1,4.24
496265596,21,9,922,104126141,5244,2012-09-06,12,OZ,1,2.59
496266052,21,26,2629,104119040,16347,2013-03-20,250,CT,1,1.49
496267983,21,23,2301,107130070,15474,2012-04-22,16,OZ,3,4.47
496267983,21,71,7113,106799060,6324,2013-04-21,13,OZ,4,7.96
496269244,21,28,2805,104119040,16347,2012-04-20,6,OZ,1,0.99
496269244,21,9,913,104812141,18322,2012-11-01,24,OZ,1,4.99
496269244,21,45,4511,102370020,18969,2012-11-08,22,OZ,1,8.99
496270100,21,8,803,104150040,6714,2013-03-18,8,OZ,1,1.19
496270923,21,63,6320,1074199474,58508,2013-01-16,12,CT,2,5.58
496271276,21,7,707,107103878,25424,2012-04-04,11.3,OZ,2,8.98
496271276,21,53,5307,101450010,20864,2012-04-06,19,OZ,1,2.99
496271276,21,5,501,103800030,6790,2012-11-20,17,OZ,1,3.89
496271276,21,21,2119,108390080,7368,2013-05-02,18.5,OZ,3,3
496271349,21,26,2619,101370010,8154,2012-08-22,22,CT,1,5.49
496271349,21,8,818,107764474,64256,2012-10-02,24,OZ,2,2
496271665,21,59,5902,103450030,10165,2012-03-25,16,OZ,1,3.64
496271815,21,21,2106,103619232,15852,2012-08-02,32,OZ,2,2.78
496271815,21,21,2121,105385959,9582,2013-01-05,11.5,OZ,4,3.56
496271818,21,51,5125,101380010,10271,2012-07-15,10,OZ,2,5.54
496271818,21,5,516,103000030,14760,2012-09-20,6.1,OZ,1,2.5
496271818,21,63,6315,104119040,16347,2013-04-15,64,OZ,1,2.19
496271886,21,63,6315,104119040,16347,2012-07-20,128,OZ,1,3.89
496271886,21,53,5307,104119040,16347,2013-01-13,24,OZ,1,1.99
496272173,21,4,419,104000040,5168,2012-04-30,1.3,OZ,3,1.02
496272173,21,33,3308,104126242,92654,2012-05-18,8.5,OZ,1,1.99
496272173,21,92,9212,102270020,4197,2012-08-25,0.01,OZ,1,5
496272284,21,63,6320,104119040,16347,2012-03-10,12,CT,3,3.87
496272284,21,25,2506,104127141,26189,2012-05-06,16,OZ,2,3.38
496272284,21,63,6319,102073525,18893,2012-05-20,64,OZ,3,5
496272284,21,99,9908,103338333,33170,2012-08-26,13,OZ,2,4
496272284,21,37,3708,107107272,382,2013-03-16,6,OZ,1,2.49
496272717,21,57,5710,1068954464,6086,2012-08-16,6,OZ,3,5
496273459,21,2,202,104144949,7168,2013-02-13,18,OZ,2,5
496273932,21,63,6312,102500020,11749,2012-03-17,59,OZ,1,2.29
496273932,21,2,214,104144949,9916,2012-05-30,28,OZ,1,2.29
496273932,21,99,9909,107774575,14997,2012-07-11,5,OZ,1,2.5
496273932,21,36,3635,107169878,225,2012-09-19,144,OZ,1,3.79
496273932,21,19,1905,105150050,16728,2013-02-27,12,OZ,1,2.99
496274044,21,33,3307,102900020,14112,2013-04-06,8,OZ,1,4.99
496274450,21,71,7113,102240020,18715,2012-11-24,32,OZ,4,19.96
496274450,21,72,7205,103500030,3830,2013-02-15,4.6,OZ,1,2.88
496274699,21,33,3303,104126242,19971,2012-08-21,6.5,OZ,1,2
496274699,21,63,6305,104850040,18799,2012-10-11,59,OZ,1,2.99
496277270,21,9,907,109247494,94794,2012-09-27,21,OZ,1,4.19
496277270,21,23,2301,107680878,1393,2012-11-24,16,OZ,1,1.5
496277671,21,31,3101,102198525,21532,2012-03-23,0.5,OZ,1,1.99
496277746,21,4,418,103400030,15113,2012-10-13,10.5,OZ,1,2.5
496277746,21,4,418,102800020,4346,2013-03-28,10,OZ,1,3.99
496277746,21,33,3304,101566515,15385,2013-04-10,6,OZ,1,3.19
496277869,21,97,9745,107575575,18536,2012-07-27,1,CT,2,1.98
496278066,21,5,519,104119040,16347,2012-05-31,12.4,OZ,1,1.69
496278176,21,55,5552,102983929,6763,2012-05-27,48,OZ,1,3.04
496278176,21,16,1601,105964252,5315,2012-11-26,72,CT,1,2.59
496278360,21,41,4108,104133141,7531,2012-08-25,15.5,OZ,1,0.75
496278360,21,7,707,104300040,11339,2012-11-11,11.5,OZ,1,4.09
496278360,21,26,2622,104119040,16347,2012-12-13,100,CT,1,1.39
496278360,21,41,4106,104119040,16347,2013-02-08,8,OZ,1,2.49
496279382,21,9,901,104119040,16347,2012-10-06,27,OZ,1,2.99
496279922,21,72,7203,104116747,193,2012-07-14,18,OZ,1,4.99
496279922,21,28,2805,104119040,16347,2012-08-25,2,OZ,1,0.88
496280579,21,7,707,102550020,6550,2013-02-09,10.8,OZ,1,3.99
496280579,21,26,2633,105400050,16048,2013-03-08,12,RL,1,9.39
496280861,21,96,9609,1051410050,88199,2012-05-06,0,,1,-1
496280861,21,51,5126,101380010,27474,2012-08-19,8.38,OZ,1,3.33
496280861,21,58,5827,103760030,8501,2012-12-30,12,OZ,1,6.79
496280861,21,51,5126,101380010,27474,2013-02-17,12.88,OZ,1,2.8
496280861,21,63,6324,1089533484,54278,2013-03-10,16,OZ,1,6.49
496280886,21,36,3612,107572070,14196,2013-01-13,128,OZ,2,2
496282067,21,99,9908,107878373,26033,2012-07-28,12,OZ,1,1.99
496282258,21,9,907,107133070,25887,2012-06-29,11,OZ,1,1.5
496282258,21,17,1704,102570020,27327,2012-07-12,22,OZ,1,3.49
496282258,21,33,3305,1081422686,56884,2012-08-15,11,OZ,1,3.49
496283022,21,18,1898,103980030,5962,2012-09-30,8,CT,1,2.99
496283022,21,8,818,108634181,27627,2013-01-05,25,OZ,1,5.99
496283022,21,99,9909,1088804888,52680,2013-02-14,16,OZ,1,5.99
496283249,21,3,311,101600010,1756,2012-07-08,15.5,OZ,1,2.19
496283249,21,33,3318,104119040,16347,2013-02-03,16,OZ,2,2
496283374,21,74,7402,105100959,1372,2013-04-01,10,OZ,1,1.29
496283477,21,33,3305,103068434,41540,2013-01-01,14,OZ,1,1.99
496283770,21,73,7302,1030004535,12020,2012-06-17,80,CT,1,10.79
496284079,21,56,5613,104119040,16347,2013-01-30,48,OZ,1,5.99
496284113,21,36,3638,106827464,30855,2012-10-13,101.4,OZ,1,1.25
496284250,21,59,5902,103450030,10165,2012-03-28,16,OZ,2,7.28
496284250,21,99,9908,107878373,26033,2012-12-23,12,OZ,1,1.99
496285049,21,97,9799,102316727,5507,2013-03-29,1,CT,1,1.29
496285252,21,33,3307,103432535,22583,2012-03-03,16,OZ,1,7.49
496285252,21,51,5125,107265575,8089,2012-04-15,9,OZ,1,2.5
496285252,21,33,3318,104119040,16347,2012-11-14,16,OZ,1,1.59
496285252,21,63,6315,104119040,16347,2012-12-13,128,OZ,1,3.49
496285252,21,27,2704,103810030,14717,2013-01-24,21,OZ,1,9.69
496285252,21,33,3308,104126242,92654,2013-03-02,8.5,OZ,1,1.99
496285604,21,8,818,107764474,64256,2012-10-05,24,OZ,3,3
496285767,21,71,7106,103700030,8047,2012-06-02,13.5,OZ,1,5.99
496285767,21,58,5832,107232272,27348,2012-11-12,12,OZ,1,3.49
496285939,21,37,3706,104119646,14582,2012-10-24,19,OZ,6,10.74
496286565,21,30,3010,104100040,19975,2012-03-24,16,OZ,1,2.49
496287236,21,36,3632,107169878,19563,2012-08-13,67.6,OZ,1,0.99
496287447,21,72,7203,104119040,16347,2012-03-26,50.7,OZ,1,2.99
496287738,21,99,9909,107127979,6732,2012-06-26,8,OZ,1,1.99
496287738,21,99,9908,103338333,33170,2012-10-06,16,OZ,2,2.99
496287738,21,96,9609,1054173757,88199,2012-10-06,0,,1,-1
496287738,21,36,3612,104119040,16347,2012-11-30,128,OZ,3,2.37
496287804,21,36,3603,104138747,60,2013-01-19,512,OZ,2,9.98
496288269,21,26,2629,104119040,16347,2012-04-03,250,CT,1,1.69
496288269,21,38,3802,104920040,5098,2012-04-24,1,LB,2,2.78
496288516,21,26,2632,103600030,8583,2013-01-14,56,CT,1,1.99
496288516,21,63,6321,104082242,15667,2013-02-04,10,OZ,2,5
496288617,21,33,3305,102840020,5141,2012-05-25,10.5,OZ,1,2.5
496288617,21,57,5707,103663232,4568,2013-01-14,37.2,OZ,1,5.69
496288617,21,97,9753,1085229888,0,2013-04-09,1,CT,2,4.38
496289929,21,57,5710,1081829080,21065,2013-03-08,5.3,OZ,2,2
496289929,21,36,3604,107252171,19411,2013-04-16,33.8,OZ,1,0.89
496291527,21,53,5307,104119040,16347,2013-03-12,12,OZ,1,1.24
496291608,21,97,9799,104878949,4913,2012-04-06,750,CT,1,0.99
496291625,21,18,1802,104613545,17898,2012-07-07,1,CT,1,0.99
496291625,21,38,3801,104119040,16347,2012-10-20,5,LB,1,2.99
496291802,21,36,3635,107169878,225,2013-01-01,144,OZ,1,2.5
496291802,21,29,2903,106414464,3342,2013-02-06,15,OZ,1,1
496291802,21,41,4107,103710030,10383,2013-04-21,15,OZ,2,1.98
496291893,21,36,3611,107572070,14196,2012-03-15,405.6,OZ,1,5.49
496291893,21,63,6320,1071514171,25530,2012-05-26,12,CT,1,2.99
496291893,21,3,311,1064420969,5345,2013-02-14,12,OZ,1,1.99
496291893,21,65,6501,107891373,66738,2013-03-16,6,OZ,1,2.29
496292490,21,35,3504,103700030,4628,2013-02-06,9,OZ,2,2.98
496292974,21,9,916,107110575,33327,2012-03-26,4.15,OZ,2,3.98
496292974,21,63,6315,104119040,16347,2012-09-12,16,OZ,1,0.79
496292974,21,99,9908,104119040,16347,2013-05-16,16,OZ,1,1.69
496292974,21,8,809,101300010,8164,2013-05-31,12,OZ,1,1.99
496293617,21,49,4901,101312010,26885,2012-09-20,28,OZ,1,3.59
496293617,21,99,9908,104119040,16347,2012-10-04,10,OZ,1,2.49
496293668,21,9,918,107351070,17346,2013-02-02,12,OZ,1,2.5
496293712,21,51,5126,101380010,27474,2012-05-09,9.88,OZ,1,3.5
496293712,21,9,908,107203070,5812,2012-11-10,21,OZ,1,2.99
496294360,21,33,3305,102840020,5141,2012-06-08,11.5,OZ,1,3
496294360,21,26,2622,104119040,16347,2013-02-14,20,CT,1,2
496295063,21,58,5812,105450050,1322,2012-04-13,16,OZ,1,4.69
496295063,21,63,6324,1079233878,20952,2012-09-26,17,OZ,1,5.99
496295209,21,9,918,101410010,13791,2012-04-01,7.2,OZ,1,2.5
496295209,21,36,3612,102658222,14181,2012-09-07,128,OZ,1,0.99
496295278,21,21,2119,108390080,7368,2012-05-16,18.5,OZ,2,2.5
496295278,21,27,2710,1063384363,19010,2013-02-06,5,LB,1,9.99
496296716,21,63,6332,104850040,61745,2012-09-05,59,OZ,1,3
496296716,21,63,6315,104138343,10091,2012-12-02,96,OZ,1,6.19
496297075,21,9,901,1081612080,36616,2012-05-17,12,OZ,1,2.99
496297527,21,32,3202,102700020,19737,2013-02-09,64,OZ,1,4.99
496297527,21,9,902,101410010,45039,2013-03-08,6.6,OZ,1,2.09
496297527,21,97,9736,102316727,5507,2013-03-14,5,CT,1,1.99
496297527,21,21,2117,102500020,26108,2013-04-11,67.5,OZ,1,2
496297568,21,95,9518,1072047373,7848,2012-03-02,1,CT,1,2.59
496297683,21,33,3314,103000030,14760,2013-03-25,6.06,OZ,1,2.99
496297706,21,63,6320,1074199474,58508,2012-10-23,12,CT,1,3.29
496297850,21,55,5567,104100040,7459,2012-07-11,18,OZ,2,6.28
496298001,21,21,2119,1085454888,107549,2013-04-04,20,OZ,1,1
496298136,21,63,6316,104119040,16347,2013-02-08,16,OZ,1,1.49
496298420,21,0,0,10000,0,2012-05-15,0,,1,-1.36
496298420,21,21,2114,103084939,16381,2012-11-03,7,OZ,1,2.29
496299017,21,56,5615,102100020,4218,2012-03-10,8,OZ,2,7.98
496299017,21,18,1802,104613545,17898,2012-03-22,4,CT,1,4.99
496299017,21,53,5307,101450010,20864,2012-11-09,12,OZ,2,4.38
496299017,21,16,1604,102200020,13228,2013-02-01,42,CT,2,5.58
496299412,21,0,0,10000,0,2012-10-18,0,,1,3.79
496299412,21,38,3802,104119040,16347,2012-11-05,2,LB,1,1.79
496299412,21,40,4005,107073474,25373,2012-12-17,1.7,OZ,1,2.79
496299412,21,47,4701,102500020,11749,2013-01-22,12,OZ,2,5.98
496299708,21,47,4706,107120272,5072,2013-01-06,4,OZ,2,3.18
496299708,21,63,6320,104119040,16347,2013-02-18,18,CT,1,3.49
496300324,21,45,4517,1070463979,2468,2012-09-29,32,OZ,1,9.99
496300324,21,51,5129,101450010,20864,2012-10-18,10,OZ,1,2
496300681,21,26,2622,101370010,8154,2013-01-14,13,CT,1,2.62
496300753,21,59,5902,102100020,2321,2012-12-23,8,OZ,1,2.49
496300753,21,21,2106,105100050,27873,2013-04-02,64,OZ,4,7.96
496301139,21,63,6325,104119040,16347,2013-01-16,16,OZ,1,5.99
496301173,21,56,5615,103651434,7627,2012-07-24,8,OZ,1,1.33
496301663,21,57,5710,103663232,4568,2013-01-04,5.3,OZ,6,6
496301663,21,49,4903,107271474,11375,2013-02-20,19,OZ,4,6.96
496302446,21,5,520,104119040,16347,2013-01-05,18,OZ,1,1.99
496303360,21,27,2707,1082927484,11516,2012-12-29,3.15,LB,1,5.29
496303360,21,97,9753,1020001020,0,2013-03-17,1,CT,1,3.14
496303360,21,63,6312,102500020,16487,2013-03-29,59,OZ,1,2.99
496305808,21,95,9518,107000070,7848,2012-03-28,1,CT,1,0.99
496306189,21,41,4107,102000020,10265,2012-06-29,15,OZ,1,2.29
496306189,21,9,922,102560020,18051,2012-11-09,12,OZ,1,2.99
496306189,21,99,9908,103338333,33170,2013-01-19,16,OZ,1,1.79
496306197,21,21,2106,104119040,16347,2012-03-02,64,OZ,1,2.49
496306197,21,21,2106,104119040,16347,2012-03-09,64,OZ,1,2.49
496306197,21,31,3101,103384434,1257,2012-10-26,0.25,OZ,1,1.69
496306197,21,59,5902,103450030,10165,2012-10-26,16,OZ,1,3.95
496306197,21,5,501,103800030,9891,2013-02-23,11,OZ,2,6.98
496306234,21,9,907,101410010,13791,2013-01-08,16,OZ,1,3.79
496307228,21,56,5615,103651434,7627,2012-07-07,8,OZ,2,2.76
496307228,21,55,5567,107064070,2014,2012-11-23,27.6,OZ,1,3
496307228,21,51,5123,103620030,52004,2013-02-11,22,OZ,1,7.99
496307679,21,63,6313,107357070,8185,2012-08-11,12,OZ,1,1.17
496308382,21,9,970,103800030,62065,2012-06-10,14,OZ,1,2.69
496308382,21,29,2925,101740010,47096,2012-12-02,14,OZ,1,2.59
496308382,21,25,2506,104410040,8481,2013-03-10,16,OZ,3,5
496308526,21,58,5832,107274575,13804,2012-12-22,12,OZ,3,11.97
496308547,21,49,4901,104119040,16347,2012-11-13,32,OZ,1,2.5
496309795,21,58,5831,103077131,343,2012-11-19,14,OZ,1,4.49
496309795,21,51,5125,102580020,16668,2013-02-13,9,OZ,1,3.19
496311097,21,9,902,102410020,44209,2012-11-21,13.7,OZ,1,3.49
496311188,21,36,3601,104900040,3809,2012-06-19,67.6,OZ,1,1.69
496311196,21,99,9908,103338333,33170,2012-07-23,16,OZ,2,2.99
496311196,21,37,3703,105100050,2820,2012-12-01,10.75,OZ,1,1.67
496311196,21,63,6315,104119040,16347,2013-03-20,64,OZ,1,2.49
496311375,21,55,5558,107585676,9798,2012-06-23,24,OZ,3,11.07
496311595,21,63,6320,1071514171,25530,2012-07-29,12,CT,2,5.6
496311595,21,36,3618,104900040,23359,2012-10-28,240,OZ,2,11.98
496311595,21,71,7113,107050171,12554,2012-11-18,6,OZ,1,8.49
496311595,21,9,917,102514727,18874,2012-11-25,12.7,OZ,1,2.99
496311595,21,23,2310,107466575,674,2013-03-24,42,OZ,1,9.99
496312014,21,34,3406,101700010,4912,2012-05-18,32,OZ,1,3.99
496312014,21,9,903,104138747,60,2012-07-07,8,OZ,1,1.49
496312014,21,99,9909,107774575,14997,2012-08-18,5,OZ,1,2.5
496312014,21,5,502,101600010,1756,2012-09-01,8,OZ,4,10
496312014,21,9,917,104335444,25412,2013-01-19,16,OZ,3,5.91
496312323,21,97,9753,1020201020,0,2012-03-24,1,CT,1,25.75
496312323,21,26,2629,104119040,16347,2012-03-30,250,CT,1,1.69
496312323,21,26,2617,104119040,16347,2012-04-06,1,CT,2,5.58
496312323,21,9,907,104500040,20016,2012-04-13,16,OZ,1,2.99
496312323,21,30,3006,107110070,8280,2012-06-16,16,OZ,2,3.33
496312323,21,35,3509,102420020,14716,2012-08-25,50,OZ,1,2.99
496312323,21,56,5607,102100020,13967,2012-09-22,8,OZ,1,2.3
496312323,21,41,4120,107294070,15064,2012-12-01,6,OZ,1,0.85
496312323,21,41,4105,106414464,70939,2013-01-11,10,OZ,2,2.38
496312685,21,64,6401,107199070,4043,2012-07-28,216,OZ,1,12.99
496312685,21,63,6320,104119040,16347,2012-11-05,18,CT,1,2.48
496312685,21,23,2301,107680878,1393,2012-11-11,16,OZ,1,1.39
496312685,21,9,907,104119040,16347,2013-01-23,16,OZ,1,1.69
496312685,21,64,6401,107199070,4043,2013-03-20,144,OZ,1,9.99
496313331,21,9,970,103800030,62065,2012-07-19,14.7,OZ,2,5.38
496313404,21,79,7902,103540030,46090,2012-06-18,0,,1,2.5
496313421,21,5,501,103000030,58434,2013-01-26,13,OZ,2,5.38
496314560,21,55,5559,1085181989,17635,2013-05-25,15,OZ,1,2.49
496315291,21,63,6315,104119040,16347,2012-09-07,128,OZ,1,3.09
496315354,21,23,2301,107680878,1393,2012-05-22,16,OZ,2,2.8
496315354,21,58,5827,104470040,13310,2013-03-18,16,OZ,1,4.99
496315437,21,97,9745,104310040,11411,2012-11-11,1,CT,1,1.69
496315891,21,22,2201,104119040,16347,2012-03-27,96,OZ,1,1.89
496315891,21,26,2615,107830070,14142,2012-04-24,18,CT,1,3.99
496315891,21,3,302,102800020,30272,2012-07-14,12,OZ,1,3.39
496316026,21,97,9753,10000,0,2013-04-20,1,CT,1,0.62
496318461,21,44,4402,104145848,5602,2012-03-10,5.2,OZ,1,2.99
496319272,21,63,6321,104082242,15667,2012-12-16,10,OZ,1,1.99
496319272,21,23,2301,107680878,1393,2013-01-10,16,OZ,1,1.49
496319288,21,57,5705,1088303888,19704,2012-03-25,6,OZ,4,3.16
496319288,21,56,5620,104119040,16347,2013-01-28,12,OZ,2,6.78
496319639,21,30,3010,107020070,13948,2012-03-27,16,OZ,1,1.88
496319639,21,8,801,101300010,8164,2012-03-27,20,OZ,1,1.99
496319639,21,73,7344,104119040,16347,2012-05-26,72,CT,1,2.49
496319639,21,51,5126,101380010,27474,2013-02-20,19,OZ,1,3.19
496319703,21,97,9753,1021837525,0,2012-06-15,1,CT,2,14.94
496319703,21,62,6201,107349171,9883,2012-09-09,22,OZ,2,5.54
496319703,21,36,3634,1078616272,7237,2013-02-22,101.4,OZ,1,5.49
496320603,21,72,7208,103500030,3830,2012-09-06,1,CT,4,4.96
496320872,21,19,1908,104530040,13915,2012-08-22,16.3,OZ,2,4.78
496321155,21,33,3316,101600010,3397,2012-04-22,7,OZ,1,2.69
496321155,21,26,2628,103040030,17034,2012-05-28,8,RL,1,9.08
496321155,21,99,9904,103338333,33170,2013-01-27,80,OZ,1,5.99
496321155,21,53,5305,104119040,16347,2013-02-03,10,OZ,2,2.5
496321339,21,63,6316,102100020,2321,2012-08-05,16,OZ,1,2.49
496321339,21,33,3303,102840020,10241,2012-08-19,2.88,OZ,1,1.49
496321339,21,41,4106,104119040,16347,2012-11-18,8,OZ,1,1.99
496321339,21,35,3513,102420020,14716,2013-05-20,50,OZ,1,3.29
496321994,21,9,902,101410010,45039,2012-04-08,8,OZ,1,2.19
496321994,21,26,2609,101370010,8154,2012-11-13,20,CT,1,1.99
496322885,21,58,5824,107778272,9260,2012-05-20,19,OZ,1,4.99
496322885,21,36,3611,1064252464,12670,2012-11-12,405.6,OZ,1,3.5
496322885,21,36,3611,1064252464,12670,2012-12-11,405.6,OZ,1,2.99
496323028,21,41,4110,104780040,33381,2012-05-22,28,OZ,1,1.58
496323028,21,30,3010,104119040,16347,2013-05-07,16,OZ,1,1.39
496323459,21,33,3305,1081422686,56884,2012-08-24,11,OZ,2,6.98
496323735,21,99,9908,103338333,33170,2012-05-15,16,OZ,1,1.99
496323913,21,33,3313,102840020,18584,2012-06-16,23,OZ,1,4.99
496323913,21,30,3010,102100020,9886,2012-08-22,16,OZ,5,13.45
496324247,21,33,3318,1067852363,7326,2012-12-21,14.1,OZ,1,5.99
496324577,21,72,7209,104119040,16347,2012-07-30,100,YD,1,0.99
496324577,21,10,1010,103400030,8247,2013-03-23,24,OZ,1,2.29
496325741,21,13,1302,103997838,2082,2012-08-13,16,OZ,1,2.99
496325741,21,25,2506,105000050,32115,2012-10-20,32,OZ,1,3.49
496325741,21,4,416,103400030,20231,2012-10-27,1.2,OZ,4,2.76
496326580,21,63,6320,104119040,16347,2012-06-30,18,CT,1,3.29
496326580,21,23,2310,107466575,674,2013-03-09,13,OZ,2,3.48
496327631,21,33,3318,107781777,1235,2012-10-19,10,OZ,1,3.49
496327631,21,17,1708,102570020,27327,2012-11-12,1.34,OZ,1,4.25
496327825,21,17,1707,104159848,19708,2012-10-22,1,OZ,1,4.79
496327825,21,11,1114,1070662474,13528,2013-01-09,32,OZ,1,3.99
496327979,21,9,907,104500040,20016,2012-05-23,12,OZ,1,1.29
496328170,21,26,2630,103600030,9787,2012-06-14,174,CT,1,1.99
496328170,21,36,3612,104119040,16347,2013-03-07,128,OZ,1,0.79
496328170,21,31,3101,105210050,11382,2013-03-07,0.9,OZ,1,2.49
496328259,21,21,2117,103642636,11751,2012-06-05,9.8,OZ,2,3.33
496329760,21,63,6319,108390080,7368,2012-03-25,59,OZ,1,2.99
496329760,21,47,4704,102500020,11749,2012-05-18,12,OZ,1,2.29
496329891,21,95,9518,1061029060,6015,2012-09-03,1,CT,1,1.99
496329920,21,5,516,101862717,9496,2013-02-25,7.4,OZ,3,11.67
496329943,21,96,9609,1051360050,88199,2012-03-18,0,,2,-1
496330317,21,9,907,104119040,16347,2012-09-02,12,OZ,1,1.15
496330317,21,97,9753,1074069575,0,2012-11-21,1,CT,1,1.79
496330317,21,9,907,104119040,16347,2012-12-12,15,OZ,1,1.99
496330335,21,37,3709,107066272,12673,2012-03-30,3,OZ,1,0.2
496330335,21,43,4302,104119040,16347,2012-08-27,6.5,OZ,1,1.69
496330335,21,9,901,104400040,8463,2012-10-20,12,OZ,1,5.99
496330504,21,51,5125,101380010,10271,2012-05-06,6,OZ,1,2.99
496330504,21,11,1102,1072277676,17117,2012-05-31,100,CT,1,2.99
496330504,21,21,2108,104119040,16347,2012-06-06,64,OZ,1,1.88
496330504,21,55,5567,107585676,9798,2013-03-07,27,OZ,1,3.19
496330681,21,54,5401,101960010,1058,2012-11-11,12.3,OZ,1,1.99
496330905,21,9,916,103361737,19613,2012-07-04,4.9,OZ,1,1.49
496331116,21,27,2713,105000050,11668,2012-06-24,5.5,OZ,12,8
496331116,21,99,9908,104119040,16347,2012-07-25,16,OZ,2,5
496331116,21,11,1102,104480040,22777,2012-09-08,200,CT,1,2.49
496331116,21,22,2207,106233868,15197,2013-01-02,32,OZ,2,5.58
496331588,21,99,9908,1074419474,26680,2012-11-11,10,OZ,1,2
496331635,21,63,6320,104119040,16347,2012-05-05,18,CT,1,1.88
496331635,21,71,7114,1060308464,7034,2012-06-23,6.8,OZ,1,3.79
496331635,21,97,9748,107033070,1783,2012-08-11,10,CT,1,0.88
496331635,21,58,5823,104119040,16347,2013-03-30,9,OZ,1,2.99
496333428,21,28,2804,1072745272,10026,2012-06-16,7,OZ,1,2.09
496333428,21,9,908,107626575,35722,2012-07-14,24,OZ,1,3.49
496333675,21,58,5815,104750040,2359,2013-01-23,4,OZ,1,3.5
496334286,21,58,5823,103503232,23232,2012-03-25,4,OZ,1,2.99
496334673,21,72,7205,103500030,3830,2012-04-16,3,OZ,2,1.98
496334673,21,26,2609,1089445080,743,2012-06-14,100,CT,1,1.64
496335217,21,21,2105,104900040,14357,2012-05-19,32,OZ,9,9
496335217,21,26,2608,104142646,4913,2012-10-17,288,CT,2,13.98
496335217,21,54,5401,101960010,1058,2013-01-17,12.3,OZ,2,3.98
496335517,21,38,3801,104920040,5098,2013-01-05,4,LB,1,2.79
496335805,21,9,922,107203070,5812,2013-04-03,8.5,OZ,1,2.49
496335831,21,53,5305,101450010,20864,2012-04-03,9,OZ,1,1.45
496335831,21,1,106,101500010,7142,2012-07-22,14,OZ,2,5.98
496335831,21,56,5616,104610040,15889,2013-06-07,7.5,OZ,2,6.48
496336106,21,59,5910,103377636,16650,2012-05-24,15,OZ,1,3.49
496336106,21,63,6315,104119040,16347,2012-08-27,128,OZ,1,3.99
496336106,21,54,5401,101960010,1058,2013-03-23,12.3,OZ,1,1.99
496336376,21,29,2925,101740010,47096,2012-11-10,14,OZ,1,2.49
496337682,21,99,9908,103338333,33170,2012-03-08,16,OZ,1,2
496337682,21,4,418,104000040,26517,2013-02-04,11.4,OZ,1,2.99
496338007,21,9,907,107133070,25887,2012-06-30,20,OZ,1,1.99
496338007,21,96,9609,1057261353,88199,2012-08-18,0,,1,-1
496338007,21,51,5124,107960676,10195,2012-12-15,5,OZ,3,3.75
496338415,21,75,7520,1030052131,27166,2012-09-01,625,CT,1,4.29
496339837,21,45,4515,107254575,61490,2012-03-04,18,OZ,1,8.49
496339837,21,36,3611,104119040,16347,2012-09-16,405.6,OZ,1,3.77
496339837,21,10,1013,104119040,16347,2013-02-23,16,OZ,2,3.76
496340891,21,26,2609,103770030,3447,2012-05-27,36,CT,1,2.99
496340891,21,72,7203,104119040,16347,2012-09-23,50.7,OZ,1,2.79
496341011,21,25,2507,1074236575,8499,2013-03-03,144,OZ,1,16.49
496341218,21,8,818,107764474,64256,2013-03-23,24,OZ,1,1.25
496341501,21,63,6315,104119040,16347,2012-08-18,32,OZ,2,2.97
496341691,21,51,5116,107192171,25673,2012-10-20,28.2,OZ,1,6.39
496342324,21,14,1415,102400020,4704,2012-05-12,15,OZ,1,2.19
496342710,21,63,6305,102500020,11749,2012-09-13,59,OZ,2,5.98
496342784,21,63,6315,104119040,16347,2013-01-15,32,OZ,1,1.5
496343687,21,9,916,1089477181,23207,2013-03-02,4.5,OZ,1,4.99
496343709,21,51,5126,101380010,27474,2012-09-07,19,OZ,2,7
496343709,21,30,3002,104800141,8178,2013-02-21,30,OZ,1,3.99
496344104,21,57,5705,103663232,4568,2012-04-03,24,OZ,3,6
496344104,21,33,3310,108266686,14265,2012-11-04,6.25,OZ,1,2.99
496344558,21,63,6309,104850040,18799,2012-08-11,48,OZ,1,4.29
496344558,21,51,5126,101380010,27474,2013-02-23,12,OZ,1,2.29
496344958,21,7,707,104300040,11339,2012-05-14,11.5,OZ,1,4.39
496344958,21,36,3611,108265787,4687,2012-06-06,405.6,OZ,1,4.49
496344958,21,33,3318,104119040,16347,2013-03-22,10,OZ,1,1.59
496345041,21,63,6320,104119040,16347,2012-12-23,12,CT,1,1.89
496345530,21,55,5552,102073525,18893,2012-03-16,48,OZ,1,3.29
496345530,21,9,907,104500040,20016,2012-10-16,20,OZ,1,1.99
496345530,21,36,3631,104900040,1414,2013-01-02,144,OZ,1,4.3
496346059,21,35,3504,107261373,72513,2013-02-19,25,OZ,1,2.99
496346284,21,18,1828,101980010,15181,2012-09-16,7.5,OZ,1,1
496346284,21,41,4107,102000020,7655,2012-11-04,15.25,OZ,4,4.6
496346301,21,21,2119,101200010,10522,2012-06-29,67.6,OZ,2,2.7
496346301,21,97,9731,1074677575,5000,2012-11-03,1,CT,1,9.99
496346301,21,36,3611,107572070,14196,2013-01-04,96,OZ,2,4
496346301,21,14,1410,104119040,16347,2013-02-22,29,OZ,1,1.99
496346313,21,23,2301,104148646,10814,2012-04-20,16,OZ,3,2.67
496346313,21,72,7205,103700030,4294,2012-04-20,4.2,OZ,1,2.88
496346313,21,28,2803,104119040,16347,2012-11-17,10,OZ,1,1.29
496346481,21,9,905,104119040,16347,2012-05-04,6,OZ,1,1.19
496346481,21,55,5552,102073525,18893,2012-08-04,48,OZ,1,3.29
496346481,21,73,7326,1075942777,92856,2012-08-25,60,CT,2,10.98
496346481,21,73,7311,1030006535,375,2012-09-08,10,OZ,1,8.89
496346701,21,99,9909,107127979,6732,2013-03-20,12,OZ,2,4.98
496347323,21,36,3604,107800070,2829,2013-01-31,67.6,OZ,1,1.5
496347801,21,29,2908,103900030,13296,2012-03-13,16,OZ,2,2.38
496347801,21,9,911,107209272,9316,2012-04-20,2.63,OZ,1,1.79
496347801,21,13,1306,104119040,16347,2012-05-23,5,LB,1,1.99
496347801,21,33,3307,101030010,5740,2012-07-26,12,OZ,2,4
496348374,21,5,501,101600010,3331,2012-04-30,21.6,OZ,1,4.59
496348374,21,9,970,103800030,62065,2012-08-24,14.1,OZ,1,2.69
496348374,21,72,7214,101254616,18738,2012-10-20,18,CT,2,2.1
496348523,21,72,7205,103500030,3830,2012-12-10,6,OZ,1,3.59
496348747,21,23,2301,107680878,1393,2012-06-24,16,OZ,3,4.2
496348747,21,56,5613,103114232,25202,2012-12-22,8,OZ,1,2.99
496349286,21,67,6703,1030813737,9259,2012-06-22,14,OZ,2,5.98
496349286,21,59,5902,104119040,16347,2012-09-30,16,OZ,1,2.99
496349286,21,21,2112,1089435787,70293,2012-10-20,33.8,OZ,1,5.99
496349286,21,3,304,105210050,11382,2013-03-03,1,OZ,1,2.79
496349347,21,56,5607,102100020,13967,2012-10-13,8,OZ,1,0.99
496349674,21,9,907,1081075787,15976,2012-05-22,5.3,OZ,1,4.99
496349674,21,37,3705,105100050,2820,2012-10-13,18.4,OZ,1,1.89
496351363,21,33,3303,104178040,19154,2012-06-26,10,OZ,1,1.88
496351363,21,51,5115,107192171,18492,2013-03-04,20.5,OZ,1,4.49
496351641,21,51,5130,101380010,27474,2013-02-01,11.75,OZ,2,7
496352017,21,69,6901,107940070,4696,2012-09-05,5.4,OZ,1,5.69
496352017,21,2,201,101600010,1756,2012-11-20,15.25,OZ,2,2.98
496352017,21,4,405,104119040,16347,2012-12-16,10.5,OZ,2,1.98
496352095,21,55,5552,102983929,6763,2012-07-23,48,OZ,1,2.99
496352095,21,33,3319,107797575,27417,2013-01-06,9,OZ,1,4.29
496352108,21,54,5402,1067984464,68282,2012-03-23,24,OZ,1,1.99
496352108,21,9,970,103800030,62065,2012-05-15,14.7,OZ,3,8.07
496352108,21,56,5610,108430282,14275,2013-01-26,8,OZ,2,5
496352108,21,21,2108,104119040,16347,2013-02-15,64,OZ,1,1.69
496353171,21,63,6315,104119040,16347,2012-06-27,64,OZ,1,1.85
496353847,21,9,901,104400040,13243,2012-04-22,15.25,OZ,1,3.99
496353847,21,99,9908,1078670575,27139,2012-12-31,80,OZ,1,2.99
496354049,21,69,6901,101700010,15288,2012-03-07,5.2,OZ,1,4.49
496354049,21,9,901,103010030,6852,2012-04-22,10,OZ,1,3.69
496354061,21,45,4517,1070463979,2468,2012-06-29,32,OZ,1,9.49
496354061,21,29,2903,106414464,3342,2012-10-26,14.75,OZ,4,4
496354061,21,9,902,101862717,9496,2013-02-23,7.9,OZ,1,3.29
496354858,21,9,907,104119040,16347,2012-04-05,12,OZ,1,0.5
496354858,21,56,5615,102100020,4218,2012-04-07,8,OZ,3,7.47
496354858,21,10,1011,102400020,4704,2012-08-07,7,OZ,1,1.69
496354858,21,29,2921,102970020,8711,2012-11-10,3.8,OZ,3,3
496354858,21,36,3632,101480010,8019,2013-01-07,128,OZ,3,6.87
496354917,21,54,5401,103800030,5618,2012-08-01,12.3,OZ,1,2.99
496354917,21,19,1910,10980090,12851,2012-12-05,26.5,OZ,1,7.49
496355005,21,41,4107,104119040,6164,2012-04-04,15.25,OZ,3,2
496355005,21,32,3202,102700020,19737,2012-09-27,128,OZ,2,15.98
496355277,21,8,818,105100050,14403,2012-10-10,24,OZ,2,4.58
496355773,21,57,5710,107047070,20230,2012-04-12,6,OZ,3,3.6
496355773,21,33,3303,107260070,8245,2012-05-02,10,OZ,1,2.14
496355773,21,63,6315,104119040,16347,2012-06-04,64,OZ,1,2.05
496355773,21,9,901,1066973161,4499,2013-02-19,32,OZ,1,2.49
496355911,21,63,6305,1085541585,61747,2012-07-12,59,OZ,1,1.99
496355911,21,33,3310,1072049575,18213,2012-12-09,4.5,OZ,2,2.5
496355915,21,57,5710,107047070,20230,2012-03-07,12,OZ,1,2.5
496356547,21,26,2617,104119040,16347,2012-03-14,1,CT,1,1.09
496356547,21,33,3303,104126242,19971,2012-04-29,9,OZ,1,1.99
496356547,21,95,9518,1072047373,7848,2012-05-12,1,CT,1,1.99
496356547,21,26,2614,103600030,9878,2012-07-12,22,CT,2,1.98
496356547,21,63,6315,104119040,16347,2012-07-12,128,OZ,1,3.33
496356547,21,97,9753,1020001323,0,2012-11-25,1,CT,2,5.86
496356576,21,99,9909,1074069575,13414,2012-03-20,22,OZ,1,2
496356696,21,19,1908,104800141,16564,2012-09-06,16.3,OZ,1,2.99
496356696,21,26,2631,103600030,16048,2013-01-16,51,CT,1,2.29
496356696,21,30,3002,103377636,16651,2013-01-16,16,OZ,1,1.99
496358360,21,99,9908,103338333,33170,2012-05-20,16,OZ,1,1.29
496358411,21,21,2105,105200050,7054,2012-03-21,64,OZ,1,2.29
496358949,21,8,801,101300010,8164,2012-10-13,40,OZ,1,2.79
496359218,21,35,3504,107261373,17576,2012-10-25,20,OZ,1,1
496359306,21,24,2407,103900030,10383,2012-06-08,5,OZ,3,2
496359306,21,18,1898,101280010,14963,2012-06-30,12,CT,2,9.98
496359306,21,58,5823,104350040,14162,2013-01-13,9,OZ,1,2.99
496359767,21,41,4120,104119040,16347,2012-09-18,6,OZ,2,1.18
496360245,21,56,5607,102100020,13967,2012-03-12,10,OZ,1,2.99
496360245,21,41,4108,104119040,16347,2012-09-09,15.5,OZ,3,2.97
496361017,21,99,9909,1088804888,52680,2012-09-16,5,OZ,1,2.99
496361537,21,16,1604,102200020,6021,2013-04-14,45,CT,2,5.18
496361627,21,55,5558,104119040,16347,2012-03-03,84,OZ,1,5.99
496361717,21,70,7002,1030813737,25162,2012-11-01,10,CT,2,5.58
496361795,21,41,4105,107174272,15482,2012-04-11,28,OZ,1,1.39
496361795,21,72,7212,1076687878,875,2013-02-24,1,CT,1,7.99
496361795,21,11,1111,1085591989,16945,2013-02-24,6.15,OZ,1,2.99
496362413,21,25,2504,104119040,16347,2013-02-04,12,OZ,8,7.12
496362632,21,28,2804,103150030,25139,2012-06-15,12,OZ,1,1.67
496362632,21,18,1828,106233868,319,2013-03-07,2,CT,1,1.29
496363328,21,19,1904,104119040,16347,2012-12-24,12,OZ,1,3.99
496363703,21,56,5617,102100020,9886,2012-06-26,12,OZ,1,2.99
496364829,21,63,6315,104119040,16347,2012-11-18,128,OZ,1,3.89
496365224,21,9,913,104812141,18322,2012-07-22,12,OZ,1,3.99
496365224,21,35,3504,103700030,4628,2012-12-03,9,OZ,1,1.59
496365387,21,21,2119,107336070,867,2012-07-05,128,OZ,7,13.93
496365387,21,21,2119,1061300868,867,2012-08-06,42,OZ,3,2.97
496365387,21,49,4901,101312010,26885,2012-11-04,4.25,OZ,4,5
496366736,21,30,3001,104800141,8178,2012-04-03,16.5,OZ,1,3.99
496366736,21,45,4511,107274575,13804,2012-09-27,27,OZ,1,4.19
496366736,21,9,918,101410010,13791,2013-02-13,6,OZ,1,3.1
496366736,21,9,901,1081075787,15976,2013-05-15,7,OZ,1,3.74
496366935,21,58,5831,107274575,13804,2013-02-27,16,OZ,4,9.08
496366996,21,17,1709,101920010,10882,2012-10-05,24,OZ,1,1.99
496366996,21,58,5827,104119040,16347,2012-11-02,16,OZ,1,2.99
496366996,21,8,810,105210050,11382,2013-02-07,1.37,OZ,1,1.89
496367424,21,9,901,1061930969,34939,2012-08-20,7,OZ,1,2.99
496367506,21,9,901,103010030,3454,2012-06-29,14.5,OZ,2,6.38
496367506,21,65,6503,107042777,12137,2012-11-17,16,OZ,1,2.99
496367644,21,4,416,103400030,8247,2012-04-06,3.52,OZ,1,2
496367644,21,14,1405,103120030,12957,2012-08-09,14,OZ,1,1.49
496367644,21,11,1112,102898929,26666,2012-10-12,9,OZ,1,4.69
496367644,21,33,3307,104119040,16347,2013-01-13,16,OZ,1,4.49
496367644,21,22,2207,1075703777,13386,2013-01-27,45,OZ,1,6.99
496367782,21,25,2506,104410040,8481,2012-07-29,16,OZ,1,2.39
496367782,21,23,2301,1089766080,15775,2012-09-09,16,OZ,2,2.98
496367782,21,18,1850,102120020,16044,2013-03-29,3,CT,2,3.98
496367866,21,9,902,103010030,18457,2012-03-04,8,OZ,1,3.99
496367866,21,72,7205,103700030,4294,2013-01-24,3.5,OZ,2,1.98
496368004,21,53,5307,1071157575,16108,2013-02-02,14,OZ,1,2.49
496368369,21,99,9908,104119040,16347,2012-04-06,40,OZ,1,7.99
496369327,21,4,417,107097070,7422,2012-04-20,3.3,OZ,1,1.29
496369363,21,36,3618,104900040,23359,2012-07-15,144,OZ,2,9.98
496369363,21,36,3618,101200010,23361,2012-08-10,144,OZ,1,4.59
496369600,21,2,202,105150050,14029,2012-06-25,19.5,OZ,1,1.15
496369600,21,21,2106,104175545,10177,2012-07-30,64,OZ,1,2.5
496369600,21,99,9908,103338333,33170,2012-11-10,16,OZ,1,2.99
496369688,21,54,5401,103800030,5618,2012-05-28,10.7,OZ,2,4.5
496369688,21,99,9908,104119040,16347,2012-06-05,16,OZ,1,0.84
496369695,21,63,6320,104119040,4170,2012-05-16,12,CT,1,1.89
496370294,21,36,3638,106827464,30855,2012-05-16,101.4,OZ,2,4
496370294,21,26,2629,104119040,16347,2013-03-01,250,CT,1,1.69
496371313,21,35,3509,109451494,20153,2012-07-21,62.5,OZ,2,4.64
496372595,21,9,901,104400040,3453,2012-06-13,13.72,OZ,2,4.38
496372595,21,27,2702,107119070,23292,2013-01-22,14,LB,1,17.49
496372595,21,26,2628,103700030,2248,2013-04-19,12,RL,1,19.29
496372623,21,63,6321,104082242,15667,2012-11-20,10,OZ,1,2.5
496372623,21,58,5811,102263525,19442,2013-01-07,32,OZ,2,16.98
496372785,21,63,6320,104119040,16347,2012-03-27,18,CT,2,4.18
496372785,21,59,5907,102740020,16291,2012-05-16,15,OZ,1,1.99
496372785,21,8,838,102700020,11091,2012-07-31,15,OZ,1,1
496372785,21,23,2301,107130070,15474,2012-11-24,12,OZ,4,5.16
496373254,21,30,3010,107110070,8280,2012-06-02,16,OZ,1,3.69
496373557,21,49,4904,104119040,16347,2012-09-22,20,OZ,1,2.29
496373557,21,58,5823,104470040,13310,2013-03-17,7.5,OZ,1,4.19
496373853,21,41,4110,103940030,71386,2012-05-25,16,OZ,3,5
496373853,21,35,3504,103700030,4628,2012-09-08,25,OZ,1,2.49
496373934,21,21,2106,105100050,27873,2012-08-10,64,OZ,1,1.99
496373934,21,5,501,101600010,3331,2012-10-05,17,OZ,1,4.29
496374730,21,23,2301,102682525,7171,2012-08-20,16,OZ,1,2.99
496374794,21,9,907,104119040,16347,2013-03-15,20,OZ,1,1.39
496375245,21,55,5558,107585676,9798,2012-08-15,27,OZ,1,3.49
496375245,21,9,901,104400040,12600,2012-12-24,14,OZ,1,4.49
496375292,21,5,501,1088491282,8459,2012-09-03,18,OZ,1,3.99
496376048,21,58,5824,102265525,2626,2013-03-02,14,OZ,1,2.99
496376927,21,53,5307,104119040,16347,2012-03-15,16,OZ,1,1.67
496376927,21,96,9609,1051600050,88199,2012-05-01,0,,1,-1
496376927,21,36,3601,101200010,13794,2012-12-31,67.6,OZ,1,1.5
496377316,21,63,6315,104119040,16347,2012-09-30,128,OZ,1,3.99
496377378,21,67,6703,1030813737,9259,2012-03-20,6.5,OZ,1,2.99
496377378,21,17,1709,101920010,10882,2012-05-11,24,OZ,1,2.29
496377378,21,33,3313,102840020,18584,2012-05-17,15,OZ,1,3
496377378,21,57,5705,103663232,4568,2012-06-12,24,OZ,1,2
496377378,21,57,5710,104119040,16347,2012-07-11,6,OZ,1,0.88
496377378,21,12,1206,108660080,2559,2012-09-15,5,OZ,3,5.37
496377776,21,36,3632,107800070,23209,2012-03-02,67.6,OZ,1,1.37
496377776,21,56,5610,104119040,16347,2012-04-07,16,OZ,1,5.49
496377776,21,99,9904,103338333,33170,2012-06-06,16,OZ,2,4.98
496377776,21,30,3010,104119040,16347,2012-08-07,16,OZ,1,1.67
496377776,21,18,1813,107535373,5324,2012-08-17,1,RL,1,1.49
496377776,21,36,3604,107380070,6226,2012-12-01,20,OZ,2,0.99
496377776,21,99,9908,104119040,16347,2013-03-26,5,LB,1,3.99
496377778,21,25,2506,104127141,26189,2012-09-30,32,OZ,1,3.24
496377778,21,41,4121,104119040,16347,2013-02-03,15,OZ,2,1.36
496378258,21,99,9908,103338333,33170,2012-10-16,32,OZ,1,1.79
496378258,21,54,5403,101800010,14029,2012-11-16,10,OZ,3,10
496378847,21,4,416,103400030,9739,2012-12-05,1.5,OZ,1,0.69
496378847,21,36,3601,104900040,3809,2013-01-03,144,OZ,3,12.9
496379793,21,26,2610,104142646,6615,2012-09-22,50,CT,1,0.5
496380924,21,8,801,101300010,8164,2012-04-14,40,OZ,1,2.49
496380924,21,34,3405,104184040,20187,2012-04-25,4.25,OZ,2,1.76
496380924,21,21,2119,101200010,10522,2012-08-30,144,OZ,4,19.24
496380950,21,63,6316,104119040,16347,2012-05-15,16,OZ,1,1.49
496380950,21,57,5704,107047070,20230,2012-09-07,6,OZ,8,6
496380950,21,56,5610,104119040,16347,2012-11-27,16,OZ,1,4.99
496380950,21,25,2507,108425383,68621,2012-12-08,32,OZ,4,9.96
496381262,21,36,3604,107800070,2829,2012-04-07,67.6,OZ,1,1.29
496382231,21,35,3504,103500030,13470,2013-01-10,25,OZ,2,5.38
496382349,21,58,5831,103927232,26234,2012-07-14,20,OZ,1,4.99
496382349,21,58,5828,103077131,343,2012-09-16,8,OZ,2,6.98
496382454,21,73,7303,1030057333,27642,2012-05-06,3,CT,3,17.97
496382454,21,33,3303,107260070,8245,2012-06-03,10.5,OZ,2,8.58
496382713,21,33,3311,102840020,27521,2012-06-04,10.5,OZ,1,3
496384125,21,29,2914,104119040,16347,2013-01-02,36.25,OZ,1,2.39
496384125,21,53,5307,102880020,7907,2013-02-20,12,OZ,1,1.48
496384125,21,23,2301,104148646,10814,2013-04-13,16,OZ,7,4.83
496384967,21,21,2106,103120030,12957,2012-04-18,64,OZ,1,2.99
496384967,21,63,6323,1085225181,8247,2012-10-13,12,OZ,2,2.5
496384967,21,10,1012,102700020,23332,2012-11-06,13,OZ,1,1.25
496384967,21,35,3508,103700030,18371,2012-11-06,150,OZ,1,21.99
496385037,21,58,5823,103503232,23232,2012-04-29,4,OZ,1,4.99
496385365,21,8,811,103620030,1698,2012-06-14,24,OZ,1,2.69
