4619070392,152,57,5709,105215959,41981,2012-08-08,10,OZ,4,7.16
4619070392,152,26,2633,105400050,16048,2013-02-10,12,RL,1,11.29
4619070757,153,40,4005,107231070,1841,2013-02-25,0.91,OZ,1,3.19
4619071435,6,51,5126,1073891272,2225,2012-08-12,15,OZ,2,7.58
4619071435,6,21,2105,105200050,7054,2012-11-25,160,OZ,1,7.29
4619072792,153,9,901,104400040,8463,2012-08-13,10,OZ,1,3.15
4619072961,153,36,3604,107800070,16023,2012-05-31,144,OZ,1,5.29
4619073186,153,26,2628,103040030,17034,2012-10-28,2,RL,1,3.49
4619073593,6,40,4005,103291737,27804,2012-05-08,1.13,OZ,1,4.49
4619073593,6,56,5620,107717272,102504,2012-10-08,7,OZ,1,3.69
4619075759,6,25,2506,104127141,26189,2012-04-14,16,OZ,4,9.16
4619075759,6,28,2803,1068826767,81691,2012-09-01,16,OZ,1,1.39
4619075759,6,58,5828,103100030,1358,2013-03-02,6.4,OZ,8,12
4619077613,153,57,5705,103663232,4568,2013-01-26,48,OZ,1,5.99
4619077613,153,56,5611,104175747,10216,2013-04-05,12,OZ,1,5.49
4619078197,153,60,6012,101800010,14029,2012-12-29,13,OZ,1,3.29
4619078197,153,5,502,103800030,9543,2013-06-08,8,OZ,3,8.37
4619079616,152,45,4511,102370020,18969,2013-01-13,25,OZ,1,8.49
4619080352,152,37,3708,104100040,10522,2013-02-23,2.2,OZ,1,1.67
4619082039,153,9,907,1060699161,63479,2012-07-23,16,OZ,1,3.69
4619082039,153,33,3309,103886737,11610,2012-11-27,18,OZ,1,2.99
4619082039,153,63,6328,102016929,16492,2013-01-09,16,OZ,2,7.38
4619083071,152,5,501,107061777,1370,2012-07-05,10,OZ,1,3.99
4619083559,152,54,5402,101960010,1058,2012-08-05,14.5,OZ,1,3.19
4619083559,152,26,2622,1068826767,7740,2013-02-14,150,CT,1,1
4619084014,6,9,907,1068826767,81691,2012-05-12,15,OZ,2,4.38
4619084014,6,63,6315,1068826767,81691,2012-09-16,128,OZ,1,3.59
4619085055,6,64,6406,108500080,1387,2012-10-26,0.75,LT,1,11.99
4619086223,6,63,6305,104850040,18799,2012-12-04,59,OZ,2,8.38
4619086281,6,63,6332,104850040,61745,2012-03-05,59,OZ,1,4.19
4619091410,152,53,5305,102000020,7655,2012-12-18,10,OZ,2,5
4619091999,152,8,811,103620030,1698,2012-09-18,15,OZ,1,3.25
4619092857,152,36,3601,104900040,3809,2012-03-25,8,OZ,1,4.29
4619093129,152,21,2106,103120030,12957,2012-07-27,64,OZ,1,3.99
4619093129,152,5,501,101600010,3331,2012-10-08,21.6,OZ,1,4.99
4619093962,152,72,7208,1030004131,26880,2012-05-30,1,CT,2,7.18
4619093962,152,26,2634,103700030,3293,2012-10-27,24,RL,1,17.99
4619094443,152,9,907,107220171,33536,2013-01-19,18,OZ,1,2.99
4619094443,152,36,3635,1068826767,81691,2013-03-02,33.8,OZ,4,2.67
4619094607,152,7,708,101114111,25747,2012-05-24,11,OZ,2,12.58
4619094910,6,31,3111,1078735979,6734,2012-08-27,3.5,OZ,2,4.98
4619099698,152,29,2928,107107272,19376,2012-10-27,8,OZ,4,9.96
4619099698,152,9,922,102430020,10577,2012-12-04,7.91,OZ,2,3.58
4619099698,152,97,9753,1085229888,0,2013-03-12,1,CT,1,4.99
4619100990,153,8,816,1068826767,81691,2012-12-31,16,OZ,1,3.99
4619101315,153,37,3707,1061144363,9742,2012-03-18,32,OZ,1,3.29
4619101315,153,9,907,107133070,25887,2012-06-11,20,OZ,1,3.99
4619101315,153,63,6314,1068826767,81691,2012-10-17,16,OZ,1,2.29
4619101315,153,25,2509,1068826767,81691,2012-12-18,32,OZ,1,2.69
4619102099,152,27,2704,107000272,14717,2012-12-30,3,CT,1,3.19
4619102984,153,82,8201,1064515060,37094,2012-03-02,16,OZ,1,9.99
4619104626,152,8,838,104174040,7430,2012-12-06,8,OZ,1,1.99
4619106548,6,58,5811,102263525,19442,2013-02-03,12,OZ,1,5.19
4619106872,152,63,6311,104850040,5072,2012-05-06,59,OZ,1,3.59
4619107031,6,9,901,1076482777,26900,2012-06-02,8,OZ,1,4.99
4619107031,6,53,5307,102000020,7655,2012-06-30,12,OZ,1,2.75
4619108037,153,43,4302,107027272,15085,2013-05-30,6.5,OZ,1,2.39
4619108082,153,57,5705,107047070,20230,2012-04-09,6,OZ,7,5.6
4619108082,153,29,2906,102548424,12334,2012-09-21,12,OZ,1,2.99
4619108082,153,99,9908,102112020,20616,2012-11-25,16,OZ,1,1.99
4619109051,153,97,9753,1060420969,0,2012-12-22,1,CT,1,1.5
4619109149,152,25,2506,105000050,32115,2012-07-18,32,OZ,1,3.99
4619109149,152,8,805,102816020,104251,2013-03-11,2,OZ,1,2.09
4619109697,152,73,7311,1031011939,1488,2012-05-06,12,OZ,1,8.49
4619109697,152,29,2927,1068826767,20616,2012-12-09,5.8,OZ,2,4
4619109782,152,9,907,107340272,1413,2012-10-28,24,OZ,1,5.59
4619110036,6,2,214,104144949,9916,2012-06-20,32,OZ,1,2.99
4619110582,152,36,3601,104900040,3809,2012-10-06,144,OZ,1,5.99
4619110582,152,30,3007,107184070,11154,2013-02-21,12,OZ,1,3.99
4619111036,6,30,3008,102727121,2349,2013-05-27,12,OZ,1,3.99
4619112150,153,60,6001,101800010,14029,2012-10-22,11,OZ,1,3.69
4619113251,153,49,4901,1068826767,20616,2012-05-02,32,OZ,1,2.49
4619113251,153,55,5567,107064070,19704,2012-07-20,21,OZ,1,5.49
4619113251,153,35,3509,102420020,14716,2012-08-17,50,OZ,2,9.5
4619113496,6,9,901,103010030,3454,2012-04-19,14.2,OZ,1,4.15
4619113496,6,21,2106,1068826767,81691,2012-06-26,64,OZ,1,2.79
4619115534,152,8,807,101340919,17823,2013-01-14,28,OZ,1,2.99
4619118694,152,33,3305,107797575,7566,2012-08-02,10,OZ,1,2.99
4619118748,6,54,5403,105100050,1058,2012-10-24,6,OZ,1,1.85
4619118748,6,8,803,104150040,6714,2013-04-13,8,OZ,1,1.69
4619120525,152,9,913,104812141,18322,2012-06-25,12,OZ,3,11.97
4619120525,152,11,1112,1075928373,2083,2013-02-21,10,OZ,1,4.19
4619121590,152,29,2928,104133141,7531,2013-04-14,8,OZ,1,2.29
4619121590,152,36,3634,105200050,14597,2013-07-07,24,OZ,2,1.98
4619122163,152,5,501,101600010,7400,2012-05-20,12,OZ,1,3.79
4619122163,152,26,2628,1068826767,20616,2012-05-28,1,RL,1,1
4619122163,152,18,1890,107048575,8154,2012-09-22,1,CT,1,3.29
4619123451,152,56,5616,1068826767,81691,2012-06-10,10,OZ,1,3.19
4619123451,152,5,501,103800030,758,2012-10-16,8.7,OZ,1,3.69
4619123451,152,73,7356,104152040,2963,2013-01-08,365,CT,1,8.99
4619123513,152,32,3203,106414464,13474,2013-03-19,5,OZ,2,7.58
4619123573,152,51,5115,101960010,3174,2012-05-26,5.6,OZ,1,1.25
4619123573,152,21,2113,102500020,11749,2012-07-07,67.5,OZ,1,3.49
4619124111,153,99,9909,107143070,5072,2012-12-11,8,OZ,1,1.5
4619124111,153,63,6320,1068826767,81691,2013-05-09,12,CT,1,1.69
4619129452,152,36,3634,1078616272,7237,2012-03-15,20,OZ,2,3
4619129452,152,57,5710,1089470080,21065,2012-08-03,5.3,OZ,9,11.25
4619129452,152,21,2112,1089899989,19445,2012-10-04,16.9,OZ,4,11.16
4619129452,152,0,0,10000,0,2013-03-07,0,,1,3.99
4619129452,152,59,5905,102900020,6455,2013-03-14,16,OZ,1,2.69
4619133803,153,60,6001,105000050,30272,2012-05-23,16.5,OZ,1,3.69
4619139086,6,58,5823,104450040,8318,2012-07-28,9,OZ,1,3.99
4619143685,6,97,9753,10000,0,2012-10-21,1,CT,1,2.37
4619143685,6,5,501,1065585262,1074,2013-06-29,14,OZ,1,4.99
4619148660,152,63,6325,1068826767,81691,2012-07-21,16,OZ,1,6.49
4619148660,152,41,4108,104133141,7531,2013-01-23,15.5,OZ,1,0.99
4619148660,152,33,3310,1068826767,12475,2013-01-29,8,OZ,1,3.99
4619151031,153,36,3604,107800070,16023,2012-12-15,60,OZ,1,3.99
4619151031,153,64,6401,101820010,2510,2013-03-09,216,OZ,1,13.99
4619155570,152,63,6315,105215959,41981,2012-03-07,64,OZ,1,3.99
4619155570,152,75,7501,107704373,17223,2012-10-22,26.2,OZ,1,5.49
4619156118,152,36,3634,1073951070,16807,2012-05-16,20,OZ,1,1.25
4619157546,152,24,2406,103760030,17027,2012-10-13,7,OZ,2,4.3
4619161693,152,9,901,104400040,18112,2012-08-01,8,OZ,1,2.79
4619162326,6,55,5557,107457070,26051,2012-07-28,3.6,OZ,8,12
4619162661,153,55,5556,107756777,2347,2012-04-06,48,OZ,1,5.79
4619164705,153,63,6320,1068826767,81691,2012-10-28,12,CT,1,2.09
4619164753,152,10,1006,1068826767,81691,2012-03-15,16,OZ,1,2.49
4619165950,152,4,418,102800020,4346,2012-09-23,11.5,OZ,2,7.98
4619166924,6,57,5710,1089470080,21065,2012-03-18,5.3,OZ,4,5
4619169270,6,17,1703,103700030,101494,2012-05-24,2,CT,2,8.78
4619169270,6,73,7357,103160434,12423,2012-12-02,180,CT,1,19.99
4619169270,6,4,419,107726070,15624,2013-03-22,1,OZ,3,1.77
4619169532,152,63,6315,107047272,26467,2012-08-14,64,OZ,1,1.89
4619171836,152,36,3611,101200010,803,2012-12-04,20,OZ,1,1.59
4619174345,153,32,3202,102250626,17063,2012-05-16,14,OZ,1,7.99
4619176839,153,54,5403,102580020,16668,2012-09-06,4.44,OZ,1,3
4619176839,153,55,5552,104410040,8481,2012-10-15,48,OZ,2,7.98
4619176839,153,21,2106,105100050,27873,2013-02-06,64,OZ,2,5
4619176839,153,29,2907,104600040,13023,2013-02-11,4.7,OZ,1,1.89
4619177879,6,51,5115,101960010,3174,2012-04-29,5.9,OZ,2,2.5
4619178131,153,25,2509,107545777,7025,2013-02-09,16,OZ,1,1.99
4619182502,6,44,4404,101800010,14029,2012-08-26,25,OZ,3,11.97
4619183173,6,36,3611,107929878,5984,2012-11-14,67.2,OZ,2,11.98
4619184133,153,54,5402,103800030,5618,2012-05-14,14.8,OZ,1,3.19
4619184133,153,33,3303,1068826767,81691,2012-08-12,9,OZ,1,2.5
4619184133,153,3,302,104300040,1292,2012-11-21,8,OZ,1,3.49
4619186327,152,10,1011,104300040,26232,2013-03-14,15.5,OZ,1,2.99
4619187299,152,26,2633,1068826767,33170,2012-08-02,1,RL,4,3
4619187299,152,56,5613,107104070,76668,2012-10-10,32,OZ,1,6.99
4619187299,152,4,410,102363727,11350,2012-10-26,60,OZ,1,11.49
4619188304,153,2,201,105150050,14029,2013-01-19,15.25,OZ,1,1.79
4619188365,153,4,418,103400030,2689,2012-03-07,4,OZ,3,6.57
4619188365,153,63,6305,104850040,18799,2013-02-13,59,OZ,1,3.69
4619191542,152,3,310,107699171,33170,2012-03-23,12,OZ,1,6.99
4619195050,6,0,0,10000,0,2012-11-17,0,,2,0
4619195196,152,12,1202,108660080,2559,2013-01-18,5,OZ,1,3.19
4619195196,152,57,5710,1068954464,6086,2013-01-18,17.6,OZ,1,4.29
4619195196,152,2,213,107151878,8349,2013-02-27,10,OZ,1,3.79
4619197807,153,21,2112,1089435787,70293,2013-01-15,33.8,OZ,1,5.99
4619197807,153,57,5710,103663232,4568,2013-04-09,21.2,OZ,2,7.98
4619220505,152,26,2628,1068826767,20616,2012-06-21,1,RL,1,1
4619221706,153,32,3204,104173646,6305,2012-08-16,50.7,OZ,1,16.49
4619221706,153,23,2310,1068826767,12475,2013-01-05,13.25,OZ,1,1.5
4619221706,153,45,4514,1068826767,12475,2013-02-28,24,OZ,1,9.99
4619221993,152,21,2105,105200050,7054,2012-04-11,64,OZ,2,5.18
4619222052,152,8,821,104139040,9659,2012-07-29,10,OZ,1,2.29
4619222052,152,33,3302,1068826767,81691,2012-10-07,8.7,OZ,1,3.29
4619222344,153,41,4106,102880020,7907,2013-01-19,16,OZ,1,3.79
4619223839,153,63,6315,104410040,8481,2012-07-09,128,OZ,1,4.69
4619223839,153,11,1111,10834686,27393,2012-10-22,40,OZ,1,6.99
4619224230,153,58,5830,107091979,7981,2012-12-11,48,OZ,1,14.99
4619224230,153,29,2928,107142979,20299,2013-02-14,8,OZ,2,4
4619225068,152,28,2804,104600040,13023,2012-07-21,4.5,OZ,1,1.69
4619225068,152,58,5815,104242141,2071,2012-07-21,6.5,OZ,1,4.99
4619225068,152,25,2506,105000050,32115,2012-07-21,16,OZ,1,2.99
4619225068,152,58,5824,104450040,8318,2012-08-24,13.5,OZ,1,4.49
4619225068,152,63,6320,1068826767,81691,2012-10-06,12,CT,1,2.69
4619225068,152,59,5902,1068826767,81691,2012-10-20,16,OZ,1,3.99
4619225068,152,21,2118,107618373,16756,2013-02-16,16,OZ,2,2.5
4619226022,153,21,2113,102500020,11749,2012-07-03,67.5,OZ,1,3.49
4619226022,153,2,202,101600010,1756,2012-07-24,17.5,OZ,1,2.33
4619226022,153,4,416,103400030,9739,2012-09-25,3.92,OZ,1,1.99
4619226022,153,63,6321,104082242,15667,2012-10-23,10,OZ,1,4.49
4619226651,152,29,2914,102100020,9886,2013-06-12,4.1,OZ,1,1.69
4619226753,153,57,5705,1068826767,81691,2012-03-28,6,OZ,3,1.5
4619226753,153,5,501,101600010,9773,2012-04-25,18,OZ,1,4.79
4619227659,153,51,5129,101380010,27474,2012-04-05,24,OZ,1,8.29
4619227659,153,99,9904,1081204989,27736,2013-01-16,16,OZ,1,4.99
4619227942,153,29,2914,1068826767,81691,2013-01-21,12,OZ,2,4.18
4619228274,153,2,202,1064420969,5345,2012-08-12,18.3,OZ,2,4.18
4619228274,153,59,5907,1068826767,81691,2012-09-04,16,OZ,1,1.19
4619229312,152,1,106,101500010,29555,2012-10-01,4.23,OZ,2,3.18
4619233772,153,54,5403,101800010,14029,2012-04-28,11.5,OZ,1,2.75
4619234720,153,57,5704,1068826767,81691,2012-05-12,32,OZ,1,2.59
4619234720,153,9,901,104400040,13243,2012-05-12,15.35,OZ,1,3.79
4619234720,153,9,902,104400040,15335,2012-05-19,15.1,OZ,1,3.85
4619234720,153,8,807,104760040,19679,2012-06-02,18,OZ,1,2.99
4619234720,153,56,5620,104610040,15889,2012-07-08,8,OZ,2,7.58
4619234720,153,63,6315,107545777,7025,2013-02-24,32,OZ,1,1.99
4619235164,153,63,6320,1071514171,25530,2013-02-15,6,CT,1,2.29
4619236897,152,63,6305,101630010,6509,2012-09-02,59,OZ,1,3.39
4619236897,152,56,5613,107104070,76668,2012-09-09,16,OZ,6,29.94
4619237004,152,56,5614,104610040,15889,2013-02-21,9,OZ,1,4.38
4619237004,152,26,2631,103600030,4139,2013-03-22,20,CT,1,2.69
4619238162,6,63,6305,102500020,16489,2013-02-05,59,OZ,1,3.89
4619238162,6,63,6320,1071514171,25530,2013-05-07,12,CT,1,3.99
4619238788,152,18,1890,107048575,8154,2012-04-05,2,CT,1,4.99
4619238788,152,36,3632,107169878,19563,2012-08-10,67.6,OZ,1,1.39
4619240734,152,33,3318,1068826767,81691,2012-10-29,16,OZ,1,2.29
4619243788,152,33,3307,101411313,23033,2012-11-17,7,OZ,1,3.99
4619243788,152,30,3008,102727121,2349,2013-01-19,12,OZ,1,3.69
4619244162,152,9,908,107203070,5812,2012-06-14,11.5,OZ,2,8.98
4619244162,152,33,3307,102900020,14112,2012-09-21,14,OZ,1,9.15
4619248934,152,2,201,105150050,14029,2013-01-26,15.25,OZ,2,3.18
4619248934,152,4,410,103080030,17028,2013-01-27,10.4,OZ,1,2.5
4619249200,153,49,4905,1068826767,81691,2012-10-21,24,OZ,1,2.99
4619249200,153,9,908,107203070,5812,2012-12-07,17,OZ,2,13.38
4619249200,153,9,908,1080833080,569,2013-03-06,16,OZ,1,2.99
4619250801,153,56,5614,1068826767,81691,2012-11-14,24,OZ,1,5.99
4619250801,153,58,5827,103760030,8501,2013-03-30,12,OZ,1,7.49
4619251007,152,7,709,109955595,7661,2013-05-19,4.02,OZ,1,8.49
4619251232,152,59,5910,103377636,16650,2012-05-24,15,OZ,1,3.59
4619251232,152,73,7344,1030014939,80272,2012-08-18,30,CT,1,4.59
4619251232,152,53,5307,1068826767,81691,2012-10-03,16,OZ,2,3.34
4619251232,152,19,1908,105150050,9189,2013-01-17,18,OZ,1,3.69
4619252257,6,33,3311,102840020,27521,2012-10-05,10.5,OZ,1,3.99
4619253521,152,9,907,102591121,67828,2013-03-26,24,OZ,1,4.59
4619254245,152,99,9908,102112020,20616,2012-08-28,16,OZ,1,1.99
4619254245,152,69,6901,107940070,4696,2013-01-27,0.5,OZ,1,1.5
4619254330,153,99,9904,1081204989,27736,2012-03-27,16,OZ,1,3.99
4619254645,6,41,4110,103940030,71386,2013-02-02,22,OZ,1,2.39
4619256859,153,51,5134,104280040,18599,2012-10-06,19.8,OZ,1,4.39
4619256859,153,51,5121,104369545,10274,2012-12-15,9,OZ,2,6
4619257932,152,99,9904,103338333,33170,2013-01-06,64,OZ,1,4.99
4619257932,152,14,1410,103900030,10383,2013-03-03,15,OZ,2,4.38
4619258872,152,51,5125,101380010,10271,2012-05-21,9,OZ,3,10.77
4619258872,152,41,4108,104133141,7531,2012-07-15,15.5,OZ,6,7.14
4619259619,153,29,2927,107225171,12502,2012-04-10,6.09,OZ,4,7
4619260226,152,23,2301,107130070,15474,2013-05-10,16,OZ,3,5.07
4619261219,153,11,1102,1068826767,81691,2012-07-19,400,CT,1,6.99
4619261829,152,10,1011,104300040,26232,2012-05-26,22.5,OZ,1,4.29
4619261829,152,21,2119,1061300868,867,2012-11-09,128,OZ,2,6.58
4619263360,152,26,2628,103700030,2248,2012-08-22,15,RL,1,16.79
4619263360,152,0,0,10000,0,2012-11-20,0,,1,1.99
4619268235,152,29,2928,101740010,11748,2013-01-06,8.8,OZ,1,2.05
4619268657,152,57,5703,103663232,4568,2012-09-12,6,OZ,2,1.6
4619268657,152,29,2925,101740010,3008,2013-01-30,48,OZ,1,3.49
4619269152,153,21,2106,105100050,27873,2012-07-18,64,OZ,2,5
4619269353,152,17,1703,103700030,12071,2012-03-15,32,OZ,1,2.99
4619269353,152,26,2628,1068826767,81691,2012-12-31,3,RL,1,2.49
4619270278,152,15,1506,107102676,3419,2012-07-11,5,OZ,2,4
4619271918,6,36,3601,101200010,13794,2012-05-21,67.6,OZ,1,1.99
4619271918,6,21,2119,101200010,10522,2012-09-09,128,OZ,2,7.38
4619274690,153,36,3634,1078616272,7237,2012-06-20,20,OZ,20,30
4619275081,152,19,1905,1068826767,81691,2012-09-15,18,OZ,1,2.79
4619275081,152,95,9518,1061029060,7848,2012-10-28,1,CT,1,3.99
4619276040,6,59,5902,1068826767,81691,2012-06-19,16,OZ,1,3.99
4619276040,6,99,9909,107143070,5072,2012-10-16,9,OZ,1,3.69
4619278418,153,9,902,104950848,16730,2012-11-28,7.2,OZ,1,3.99
4619281014,152,8,803,106414464,7770,2012-05-12,8,OZ,1,1.59
4619282292,152,97,9753,1020405626,0,2013-03-12,1,CT,1,3.59
4619282292,152,29,2920,1068826767,81691,2013-03-18,6.6,OZ,3,5
4619283462,152,21,2119,1061300868,867,2012-12-18,128,OZ,1,3.29
4619284268,152,9,920,104400040,15335,2012-09-26,9.5,OZ,2,8.5
4619290325,153,9,901,104400040,3453,2012-04-19,13.72,OZ,1,4.15
4619290325,153,9,917,104411545,3167,2012-10-10,10,OZ,1,2.99
4619291617,152,99,9904,1071575676,5278,2013-05-13,6,OZ,1,7.49
4619291920,6,9,913,104812141,18322,2013-04-29,12,OZ,1,4.49
4619292866,152,97,9753,1020401121,0,2013-03-10,1,CT,1,1.39
4619293316,6,27,2707,101780010,3108,2012-07-24,3.15,LB,1,4.99
4619293316,6,26,2622,102570020,20361,2012-10-05,42,CT,1,3.69
4619293316,6,36,3635,104150848,27294,2013-01-10,202.8,OZ,1,11.99
4619293557,6,41,4108,103940030,71386,2012-04-25,15,OZ,2,2.18
4619293557,6,9,907,107101070,15998,2013-01-04,22,OZ,1,3.69
4619293557,6,27,2713,102310020,3223,2013-01-12,3.5,OZ,2,1.5
4619293557,6,33,3304,1089359484,58277,2013-02-10,5,OZ,4,7.96
4619293557,6,73,7305,1030008535,273,2013-05-06,0.5,OZ,2,13.98
4619299776,153,51,5133,107320272,9303,2013-01-11,22.5,OZ,1,6.99
4619300495,152,5,501,1068826767,20616,2013-01-26,10.6,OZ,1,2.79
4619301732,153,21,2113,102500020,11749,2013-05-11,67.5,OZ,1,2.99
4619304239,152,58,5833,103760030,8501,2012-04-28,24,OZ,1,7.99
4619304239,152,75,7504,104152040,2963,2012-11-03,4,OZ,1,6.49
4619304239,152,96,9609,1057173050,88199,2013-03-28,0,,1,0
4619305026,152,8,803,105440050,7686,2012-06-18,8,OZ,1,3.29
4619305026,152,96,9632,107675070,532,2012-06-18,1,CT,2,50
4619305026,152,20,2002,105100050,27873,2012-09-23,46,OZ,1,3.79
4619305026,152,21,2106,103120030,12957,2013-01-23,64,OZ,1,3.49
4619305468,152,16,1604,107339070,11515,2013-02-03,14,CT,1,1.49
4619305468,152,56,5621,1068826767,33170,2013-06-04,8,OZ,1,2.49
4619309452,152,53,5307,1068826767,81691,2012-06-17,20,OZ,1,2
4619310185,153,9,907,101410010,13791,2012-07-31,16,OZ,2,7.18
4619310185,153,17,1726,104460040,3718,2012-12-19,35,CT,1,3.89
4619310185,153,63,6320,1071514171,25530,2013-02-04,6,CT,1,2.89
4619313241,152,31,3111,1078735979,6734,2012-04-13,3.5,OZ,1,2.49
4619313241,152,23,2301,107130070,15474,2012-12-12,12,OZ,2,3.98
4619313241,152,79,7901,107447070,45779,2012-12-16,1,CT,1,4.99
4619317286,153,54,5403,107790070,9200,2013-02-03,20.4,OZ,2,13.38
4619317286,153,33,3312,103700030,14494,2013-03-10,5.82,OZ,1,3.19
4619317286,153,51,5121,104369545,10274,2013-03-10,8,OZ,1,3.33
4619319683,152,5,501,1088491282,16363,2012-12-18,16.4,OZ,1,3.99
4619321807,152,26,2633,105400050,16048,2012-09-08,20,RL,1,16.99
4619322892,153,9,907,1068826767,81691,2012-05-22,16,OZ,1,0.99
4619322892,153,26,2628,1068826767,20616,2012-06-21,1,RL,1,1
4619323019,152,63,6315,104410040,8481,2012-05-15,64,OZ,1,3.19
4619323019,152,9,907,101410010,13791,2012-05-24,16,OZ,1,3.59
4619323019,152,9,907,101410010,13791,2012-10-13,16,OZ,1,3.59
4619323019,152,63,6320,1068826767,81691,2013-02-16,18,CT,1,3.49
4619323019,152,58,5824,1073643676,21197,2013-03-23,7.5,OZ,3,14.97
4619323019,152,58,5827,1068826767,81691,2013-04-08,16,OZ,3,11.97
4619323448,153,9,907,1083584181,6283,2012-03-11,24,OZ,1,4.29
4619323448,153,8,803,1068826767,7740,2012-07-28,16,OZ,1,0.75
4619323448,153,33,3308,102840020,3336,2012-11-11,9.75,OZ,1,3.49
4619324316,152,36,3604,107297979,16095,2012-09-28,60,OZ,1,3.49
4619326223,6,19,1905,1068826767,81691,2012-06-26,18,OZ,1,2.79
4619326223,6,9,902,1068826767,81691,2012-09-11,14.4,OZ,0,0
4619326223,6,51,5126,101380010,27474,2012-09-15,12,OZ,1,3.29
4619327628,152,25,2506,105000050,32115,2012-03-03,32,OZ,2,9.58
4619328337,6,37,3706,104119646,14582,2012-09-08,18.5,OZ,2,4.78
4619328337,6,14,1416,1068826767,7173,2013-04-10,15,OZ,1,1.39
4619328337,6,26,2630,103700030,14647,2013-05-12,96,CT,1,1
4619329041,152,29,2905,107313070,2079,2012-10-14,15,OZ,1,2.79
4619331837,152,23,2301,107680878,1393,2012-12-12,13.25,OZ,2,3.1
4619331837,152,37,3703,105100050,2820,2012-12-14,10.75,OZ,10,18.9
4619331837,152,63,6305,104850040,18799,2013-01-17,59,OZ,2,7.98
4619332170,153,53,5305,102000020,7655,2012-03-04,10,OZ,3,6
4619332170,153,12,1202,108660080,2559,2013-02-23,5,OZ,1,2.39
4619332212,152,5,516,1068826767,81691,2012-11-30,8.4,OZ,2,5
4619333010,152,9,908,1070957272,15984,2012-04-04,14,OZ,1,8.99
4619333881,153,99,9909,102112020,20616,2012-03-09,7,OZ,1,3.69
4619333881,153,26,2607,1068826767,20616,2012-04-13,1,CT,1,1.29
4619334181,152,16,1604,102200020,13228,2012-06-22,14,CT,2,2.58
4619335135,6,51,5121,104369545,10274,2012-03-04,9,OZ,1,2.67
4619335829,6,25,2507,102432121,13575,2012-10-26,32,OZ,2,5
4619336429,6,9,907,107347272,6562,2013-04-07,24,OZ,1,5.79
4619339625,153,56,5609,104410040,8481,2012-03-16,16,OZ,1,2.99
4619339625,153,9,902,103010030,3744,2012-11-09,14,OZ,1,3.69
4619339625,153,50,5002,103100030,1358,2012-12-07,7,OZ,1,1
4619341729,6,26,2608,1068826767,16965,2013-01-31,24,CT,2,3.38
4619341729,6,51,5126,101380010,27474,2013-02-08,12.88,OZ,1,3.79
4619342484,152,4,418,103400030,15113,2012-04-01,12,OZ,1,3.69
4619342484,152,56,5616,104610040,15889,2013-02-24,7,OZ,1,3.99
4619342484,152,25,2506,105000050,32115,2013-04-21,32,OZ,1,4.59
4619343222,152,63,6311,1082415080,22328,2012-12-26,16,OZ,3,13.47
4619343708,152,9,905,1068826767,81691,2012-03-24,6,OZ,2,3.5
4619343708,152,27,2710,104460040,6743,2013-06-05,20,LB,1,11.99
4619343907,6,55,5559,1068826767,7173,2012-03-27,21,OZ,1,1.5
4619344488,153,36,3632,104900040,6137,2012-09-24,67.6,OZ,1,1.69
4619344488,153,9,907,1068826767,81691,2012-11-05,24,OZ,1,2.59
4619345558,152,31,3110,103760030,8501,2012-07-15,4.3,OZ,1,4.79
4619346068,152,28,2805,104133141,7531,2012-12-09,2.5,OZ,1,2.49
4619346399,153,33,3318,107797575,27417,2012-11-20,10,OZ,1,2.99
4619346488,153,41,4105,107294070,18909,2012-11-15,28,OZ,1,1.33
4619346510,152,37,3705,105100050,2820,2012-11-14,18.6,OZ,1,2.19
4619347801,152,29,2928,101740010,3008,2013-03-10,5,OZ,5,4
4619347801,152,31,3108,101360010,4916,2013-03-26,22,OZ,1,1.99
4619348880,6,37,3707,1068826767,81691,2012-06-10,14.5,OZ,2,1.78
4619348880,6,51,5129,102000020,7655,2012-09-23,12,OZ,1,2.39
4619348880,6,9,902,102410020,44209,2013-03-04,7,OZ,2,5.98
4619349430,152,28,2806,105410050,19509,2012-03-03,32,OZ,1,2.99
4619349430,152,3,303,107116979,1756,2012-03-28,2.2,OZ,2,5.98
4619349430,152,27,2713,101780010,31044,2012-06-16,3,OZ,16,12.8
4619349430,152,59,5902,1068826767,81691,2012-09-25,16,OZ,2,5.98
4619351878,153,23,2301,107680878,1393,2013-05-08,16,OZ,2,3.38
4619356201,152,25,2509,103450030,10165,2012-08-26,32,OZ,1,2.99
4619356201,152,58,5824,107778272,9260,2012-12-23,13.5,OZ,2,7.98
4619359249,152,17,1709,102570020,27327,2012-04-23,12,CT,1,4.69
4619359723,152,55,5558,1085673282,93384,2012-06-23,16.5,OZ,1,3.99
4619359723,152,0,0,10000,0,2012-06-24,0,,1,4.34
4619359723,152,99,9904,1068826767,12475,2012-09-30,48,OZ,1,5.99
4619360439,6,9,907,107225070,12465,2012-05-30,24,OZ,1,4.19
4619361254,152,5,517,103800030,17050,2013-02-08,4.4,OZ,1,2.99
4619361504,152,9,901,107241777,2592,2013-04-01,14.1,OZ,1,3.39
4619362614,152,30,3001,1068826767,7740,2012-04-30,30,OZ,1,2
4619362614,152,63,6323,107545777,7025,2012-12-13,64,OZ,1,4.29
4619362614,152,97,9753,1020401121,0,2013-01-05,1,CT,1,1.93
4619363931,6,26,2626,101258717,7245,2013-01-23,1,CT,1,3.49
4619363931,6,14,1411,103890030,5072,2013-03-23,20,OZ,2,3
4619365392,153,60,6012,101800010,14029,2012-04-15,13,OZ,2,5.98
4619365392,153,5,501,103800030,11732,2012-09-09,15.2,OZ,2,7.98
4619365392,153,63,6317,102529323,16410,2013-02-22,64,OZ,1,3.99
4619368980,152,36,3635,1068826767,81691,2012-05-04,33.8,OZ,3,2
4619368980,152,36,3635,107252171,19411,2012-12-07,33.8,OZ,3,2.67
4619368980,152,18,1854,104129444,27270,2013-02-16,15,CT,1,3.49
4619370595,152,33,3307,102900020,14112,2012-11-16,16,OZ,1,4.69
4619370885,6,63,6320,1068826767,81691,2012-12-24,8,CT,1,1.69
4619373286,152,9,912,101410010,13791,2013-01-30,21,OZ,1,4.49
4619375558,153,23,2301,101510010,23948,2012-04-06,16,OZ,1,2.09
4619375558,153,3,305,103320030,875,2012-07-16,16,OZ,1,0.89
4619375558,153,9,907,107341070,888,2012-10-05,32,OZ,1,4.39
4619375558,153,9,918,105565353,4580,2013-01-25,12.3,OZ,1,3.75
4619375558,153,27,2704,1078518474,27206,2013-03-15,1,OZ,1,3.99
4619375714,152,63,6317,104157040,2017,2012-04-19,64,OZ,1,3.59
4619375714,152,10,1013,103890030,5072,2012-04-27,16,OZ,1,2.85
4619376471,152,11,1114,1070662474,4368,2012-05-29,16,OZ,1,3.29
4619377284,152,33,3303,104126242,19971,2012-12-30,8.75,OZ,1,3.99
4619377573,152,54,5403,102580020,16668,2012-06-05,8,OZ,1,3
4619379991,152,32,3202,102700020,19737,2012-09-01,48,OZ,1,4.99
4619381134,153,36,3611,107572070,14196,2012-05-24,405.6,OZ,1,4.99
4619381134,153,39,3903,1064420969,74550,2013-01-20,24,OZ,1,3.69
4619381134,153,97,9753,1020401121,0,2013-01-20,1,CT,1,0.92
4619381134,153,33,3302,102389626,14268,2013-05-26,32,OZ,1,6.79
4619383919,152,26,2609,1068826767,7173,2012-10-31,100,CT,1,3.29
4619384472,153,9,907,1060699161,63479,2013-02-18,8,OZ,1,1.99
4619384489,6,15,1506,103120030,12957,2012-04-21,5,OZ,1,2.99
4619387847,6,63,6315,1068826767,81691,2012-04-11,128,OZ,1,3.99
4619388528,6,4,419,104000040,5168,2013-02-06,8.87,OZ,1,4.09
4619389068,152,75,7533,104138848,32219,2012-11-03,2,CT,1,5.99
4619389068,152,99,9908,105783656,17665,2012-12-17,17.6,OZ,1,3.99
4619389368,152,34,3411,107940070,17521,2012-09-26,12,OZ,1,2.5
4619389533,153,72,7205,105310050,804,2012-07-19,4.6,OZ,1,2.99
4619389533,153,8,805,105160050,10267,2012-11-16,10,OZ,1,3.59
4619390025,152,36,3612,1068826767,158,2012-08-10,128,OZ,1,0.95
4619390025,152,46,4606,1068826767,81691,2012-10-17,16,OZ,2,7.98
4619390025,152,26,2633,1068826767,33170,2013-02-16,12,RL,1,7.49
4619393311,152,45,4514,1068826767,12475,2012-09-18,24,OZ,1,9.99
4619395754,152,9,907,107341070,888,2012-09-23,16,OZ,1,3.69
4619395754,152,56,5607,102100020,13967,2012-11-10,12,OZ,1,4.49
4619397639,6,21,2106,103120030,12957,2012-11-10,64,OZ,1,3.19
4619397639,6,56,5615,1068826767,81691,2013-02-04,24,OZ,1,6.99
4619397639,6,9,902,1068826767,81691,2013-02-26,16,OZ,1,1.99
4619397639,6,64,6401,108066080,4098,2013-05-03,72,OZ,1,9.49
4619404408,152,56,5607,102100020,13967,2012-05-20,8,OZ,1,3.19
4619404408,152,23,2301,1068826767,7173,2013-03-17,16,OZ,1,1
4619404408,152,49,4901,1068826767,7173,2013-04-21,80,OZ,1,5.99
4619404408,152,63,6315,1068826767,81691,2013-06-09,128,OZ,3,11.67
4619404616,152,36,3611,107572070,14196,2012-05-25,405.6,OZ,1,5.49
4619405109,153,97,9753,1076402575,0,2012-07-31,1,CT,1,5.99
4619406346,153,56,5614,107104070,76668,2013-03-26,12,OZ,1,4.19
4619410140,6,3,311,1064420969,5345,2012-09-21,16,OZ,1,1.99
4619411884,152,4,418,103400030,8247,2012-05-14,9.3,OZ,1,4.79
4619412200,152,58,5837,104470040,13310,2013-03-18,2.52,OZ,1,3.99
4619412483,6,30,3010,104100040,19975,2012-11-01,16,OZ,2,5.98
4619412621,153,9,908,107203070,5812,2012-10-07,15,OZ,1,4.69
4619412621,153,55,5558,102983929,6763,2013-03-11,6,OZ,2,2.5
4619416148,6,25,2508,102529323,16410,2012-05-20,32,OZ,1,2.69
4619416148,6,4,415,107339070,11515,2012-06-02,1.32,OZ,1,0.99
4619416148,6,55,5558,102983929,6763,2013-05-19,6,OZ,2,2.5
4619418988,153,31,3110,103760030,8501,2012-06-11,3,OZ,1,2.99
4619418988,153,26,2633,1068826767,7740,2012-09-03,4,RL,5,5
4619418988,153,28,2805,1068826767,81691,2013-03-17,6,OZ,1,1.34
4619421993,152,56,5620,1068826767,12475,2013-03-13,6,OZ,1,3.29
4619421993,152,81,8101,102820020,11186,2013-03-31,1,CT,1,9.28
4619423831,152,63,6315,1068826767,81691,2012-05-28,128,OZ,1,4.29
4619425180,6,99,9904,1071575676,5278,2012-09-24,6,OZ,1,3.99
4619428676,152,36,3611,107572070,14196,2012-10-06,405.6,OZ,1,4.99
4619428676,152,72,7205,105310050,804,2012-11-06,5.6,OZ,1,3.09
4619428676,152,45,4511,1068826767,81691,2013-01-14,6,OZ,1,2.99
4619428676,152,63,6315,1068826767,81691,2013-02-15,128,OZ,1,3.49
4619429522,6,30,3008,104133545,43106,2012-07-01,16,OZ,2,7.18
4619429522,6,5,502,107912676,17470,2013-04-16,4.95,OZ,1,3.99
4619429533,153,10,1004,104300040,26232,2012-05-20,3.8,OZ,1,1.19
4619429533,153,54,5402,1068826767,81691,2012-09-03,16,OZ,1,2.5
4619432288,153,4,416,104000040,16765,2012-07-07,3.4,OZ,1,1.39
4619432288,153,9,902,101410010,45039,2012-07-27,6.6,OZ,1,2.39
4619433290,153,63,6315,104410040,8481,2012-06-01,64,OZ,1,3.19
4619433290,153,63,6314,104410040,8481,2013-04-13,16,OZ,1,2.39
4619433305,152,56,5621,1068826767,81691,2012-10-13,8,OZ,1,2.99
4619433305,152,9,902,1068826767,7740,2013-01-20,12,OZ,1,1
4619435103,153,8,810,105210050,11382,2012-10-14,0.87,OZ,1,1.59
4619435436,6,21,2117,108768484,2903,2012-11-08,60,OZ,2,7
4619436416,153,22,2201,104460040,3718,2012-06-03,82,OZ,1,2.29
4619440677,153,41,4107,1068826767,81691,2012-09-23,15,OZ,3,2.85
4619443413,6,97,9753,1075166676,0,2012-10-19,1,CT,1,3.99
4619443413,6,3,311,104420949,5345,2012-12-06,0.1,OZ,1,1
4619443643,152,97,9753,107146474,0,2012-10-07,1,CT,1,2.49
4619443643,152,63,6312,101405414,12973,2012-11-26,12,OZ,2,5.98
4619447210,6,9,901,102750020,837,2012-06-30,13,OZ,1,3.49
4619447210,6,9,907,107341070,2437,2012-07-14,24,OZ,2,9.18
4619447210,6,58,5831,107274575,13804,2012-09-16,24,OZ,1,10.49
4619447210,6,8,805,1067264262,11889,2012-09-30,9.1,OZ,1,6.79
4619448725,6,29,2928,104100040,9814,2013-04-20,5.7,OZ,3,4
4619449172,152,51,5126,102113121,11151,2012-09-07,15,OZ,1,3.99
4619449172,152,51,5127,1065827666,8605,2013-04-18,14,OZ,1,3.79
4619449172,152,33,3321,1068826767,81691,2013-05-02,13,OZ,1,3
4619450765,152,7,707,1068826767,81691,2012-09-18,11,OZ,1,3.79
4619450765,152,73,7308,1031254636,7853,2012-09-21,30,CT,2,3
4619451640,6,63,6305,102500020,16489,2013-04-10,59,OZ,1,3.99
4619452268,152,99,9904,10505037252,3457,2012-10-22,1,CT,1,3.99
4619455114,152,5,501,103800030,17050,2012-04-24,17.5,OZ,1,4.79
4619455114,152,10,1012,102700020,23332,2012-10-22,13,OZ,1,1.67
4619455114,152,8,805,102484222,2542,2012-12-12,7,OZ,1,5.49
4619455114,152,99,9909,1068826767,81691,2013-02-10,7,OZ,1,4.99
4619455114,152,36,3634,1078616272,7237,2013-02-25,20,OZ,4,6
4619457723,6,5,516,103000030,14760,2012-03-24,6.5,OZ,3,8.97
4619457723,6,51,5116,1068826767,81691,2012-06-02,26.9,OZ,1,5.39
4619457723,6,37,3710,107126272,17931,2012-09-08,15,OZ,2,4.98
4619457723,6,58,5826,102265525,2626,2012-12-02,6,OZ,1,1.69
4619457723,6,26,2633,1068826767,33170,2013-03-16,4,RL,1,2
4619458194,152,73,7304,1032390030,30125,2013-03-12,12,OZ,1,7.69
4619458223,6,97,9753,10000,0,2012-04-10,1,CT,1,3.08
4619458223,6,36,3601,104900040,3809,2012-06-13,67.6,OZ,1,1.99
4619458911,153,57,5704,107047070,20230,2012-11-02,4,OZ,4,3
4619459146,152,5,501,101600010,3331,2012-10-27,9,OZ,1,3.69
4619459592,152,49,4901,1068826767,81691,2013-04-29,22.5,OZ,2,5.38
4619459592,152,97,9753,1023200121,0,2013-05-21,1,CT,1,0.64
4619459592,152,51,5115,107192171,25673,2013-05-21,18.3,OZ,1,6.29
4619459998,153,41,4121,102700020,8612,2013-01-10,8,OZ,3,2.67
4619460018,6,25,2506,104127141,26189,2012-10-19,32,OZ,1,3.49
4619460018,6,36,3601,104900040,3809,2013-03-06,144,OZ,1,6.49
4619460441,152,3,310,107045070,4913,2012-12-21,2.25,OZ,1,1.99
4619462857,6,32,3202,102700020,19737,2012-08-31,128,OZ,1,11.69
4619462857,6,13,1306,1068826767,81691,2012-11-30,5,LB,1,2.69
4619463240,153,36,3631,104900040,1414,2012-04-01,67.6,OZ,1,1.69
4619464518,152,99,9908,103338333,33170,2012-05-17,13,OZ,1,2.5
4619464892,153,8,810,104140949,3957,2012-04-13,1.1,OZ,1,0.99
4619464892,153,56,5620,1068826767,81691,2012-07-14,6,OZ,1,2.79
4619465371,153,99,9908,102112020,20616,2012-03-10,16,OZ,1,1.89
4619465371,153,99,9909,1068826767,81691,2012-10-14,10,OZ,1,3.69
4619465371,153,36,3603,104300040,26420,2013-05-29,64,OZ,4,1
4619467706,153,99,9904,1081204989,27736,2012-05-29,16,OZ,2,8.98
4619467706,153,4,418,103400030,20231,2012-12-10,19.75,OZ,1,5.99
4619467986,6,99,9904,103338333,33170,2012-07-04,48,OZ,1,3.99
4619467986,6,38,3802,104920040,5098,2012-08-04,2,LB,1,2.29
4619468918,152,57,5704,107047070,20230,2012-09-04,4,OZ,1,0.89
4619471385,152,27,2713,101780010,30972,2012-03-14,10,OZ,7,12.53
4619471603,153,27,2702,102310020,13705,2012-05-01,16.3,LB,1,14.49
4619471603,153,97,9753,1020408020,0,2012-11-17,1,CT,1,5.23
4619481196,153,99,9904,1081204989,27736,2012-08-09,32,OZ,1,8.99
4619484190,6,32,3204,1068826767,81691,2012-11-27,17,OZ,1,5.19
4619486912,152,4,418,102800020,4346,2012-11-11,4.4,OZ,1,2.19
4619488544,153,21,2119,107336070,867,2012-11-18,128,OZ,1,3.29
4619489510,6,9,902,104400040,8463,2013-01-28,14.4,OZ,1,3.95
4619490046,152,72,7209,106830565,26880,2012-12-09,75,CT,1,3.79
4619490046,152,56,5604,104242141,2071,2013-01-06,8,OZ,1,7.99
4619491289,153,57,5705,103663232,4568,2012-08-13,6,OZ,6,4
4619491289,153,26,2633,103040030,683,2012-09-01,9,RL,1,5.49
4619493954,152,9,908,107203070,5812,2012-07-29,15.5,OZ,1,4.99
4619493954,152,5,501,101600010,18586,2012-09-01,18.25,OZ,1,4.39
4619493954,152,8,810,105210050,11382,2012-09-27,1.25,OZ,1,1.29
4619493954,152,73,7304,1032390030,30125,2012-10-05,12,OZ,3,23.07
4619495125,6,73,7318,1034152030,2963,2012-06-15,32,CT,1,7.19
4619495125,6,3,309,1068826767,81691,2013-03-27,7,OZ,1,1.99
4619495125,6,5,501,1088491282,8459,2013-04-11,18,OZ,2,9.98
4619496301,6,41,4107,1068826767,7173,2012-06-17,16,OZ,1,1.99
4619496301,6,63,6320,1068826767,81691,2013-02-16,18,CT,1,3.19
4619500249,152,2,202,104144949,7168,2012-08-27,20,OZ,1,2.99
4619501820,152,55,5566,107239272,25845,2012-08-10,24,OZ,1,1
4619501820,152,36,3601,101200010,13794,2013-06-20,67.6,OZ,2,3.78
4619503969,152,15,1504,104114343,17593,2012-07-21,20,OZ,1,4.99
4619503969,152,23,2301,108060282,16031,2012-11-30,16,OZ,1,3.29
4619506547,153,33,3304,102840020,6777,2012-03-19,10.5,OZ,2,6.98
4619509049,152,17,1719,104129444,14048,2012-04-02,48,OZ,1,4.59
4619511032,152,63,6320,1071514171,25530,2012-03-18,12,CT,1,3.59
4619516365,152,8,835,104133545,43106,2012-07-16,16,OZ,1,2.99
4619518426,6,56,5620,102100020,9886,2012-03-25,7,OZ,1,3.69
4619520144,152,18,1828,107617171,10612,2012-12-10,3,CT,1,2.69
4619523462,152,22,2210,103500030,17523,2012-12-22,56,OZ,1,3.85
4619523462,152,99,9904,103338333,33170,2013-04-06,128,OZ,1,7.99
4619528038,153,33,3303,108411484,9596,2013-01-04,8.5,OZ,1,3.99
4619529277,152,63,6315,1068826767,81691,2012-05-06,128,OZ,1,3.99
4619531227,152,58,5899,107232272,27348,2012-07-16,20.8,OZ,1,6.99
4619533022,152,9,912,104812141,18322,2012-05-22,20,OZ,1,4.69
4619533022,152,99,9909,107143070,5072,2012-06-08,9,OZ,1,2.99
4619533022,152,58,5812,105450050,1322,2012-08-17,16,OZ,2,9.98
4619534397,153,37,3705,105100050,2820,2013-01-21,18.8,OZ,1,3
4619534397,153,5,501,1088491282,8471,2013-04-07,12.5,OZ,1,3.59
4619539922,153,27,2705,105000050,6775,2012-12-14,5.5,OZ,25,13.75
4619541201,152,36,3601,1068826767,14905,2012-04-15,67.6,OZ,1,0.89
4619541201,152,36,3636,1068826767,20614,2013-02-11,192,OZ,1,2.99
4619543205,152,63,6315,107045272,6176,2012-09-21,64,OZ,1,3.79
4619546841,152,28,2805,1068826767,81691,2012-11-21,6,OZ,4,6.36
4619548608,153,56,5607,1068826767,81691,2012-11-20,8,OZ,2,3.98
4619549331,152,21,2103,101480010,12021,2012-10-07,64,OZ,1,2.99
4619549441,153,45,4509,1069171565,55299,2012-08-22,6,OZ,2,7.98
4619549441,153,99,9908,1075166676,52506,2012-10-16,10.5,OZ,1,3.99
4619551757,153,45,4509,1068826767,7173,2012-08-03,32,OZ,1,17.98
4619551757,153,4,416,102800020,1214,2012-12-20,3.9,OZ,1,1.99
4619551757,153,4,418,103400030,57369,2013-01-21,12,OZ,1,4.19
4619553402,153,29,2928,107142979,20299,2012-05-13,8,OZ,4,8.6
4619553402,153,33,3308,102840020,3336,2012-12-01,12,OZ,1,4.29
4619553777,152,14,1410,104164242,16879,2012-11-16,12,OZ,2,7.18
4619556127,152,63,6305,101630010,6509,2012-11-28,59,OZ,2,7.38
4619559259,152,58,5812,101590010,1366,2012-08-12,16,OZ,1,3.29
4619559259,152,51,5115,104111848,11376,2012-12-15,18.9,OZ,1,4.49
4619563028,153,72,7205,103500030,3830,2012-10-18,4,OZ,1,2.99
4619565371,6,79,7901,1072527474,45636,2012-12-28,1,CT,1,2.99
4619567850,153,45,4509,1068826767,7173,2012-08-09,16,OZ,1,11.99
4619568493,152,58,5807,104242141,2071,2012-06-03,8,OZ,1,5.99
4619568493,152,31,3101,1068826767,20614,2013-01-23,2.5,OZ,1,2.99
4619574108,152,26,2628,103600030,9787,2012-03-11,8,RL,1,14.49
4619574108,152,10,1012,102700020,23332,2012-05-06,13,OZ,0,0
4619574108,152,26,2626,101258717,7245,2012-06-13,1,CT,1,3.69
4619574384,6,4,419,1074759979,7168,2012-07-04,5.32,OZ,2,8.58
4619574384,6,58,5815,104750040,2359,2012-12-19,6,OZ,1,3.99
4619574393,153,33,3312,103700030,14494,2012-04-01,6.41,OZ,2,3.98
4619574393,153,99,9909,102112020,20616,2012-04-01,12,OZ,1,3.99
4619574393,153,63,6315,107545777,7025,2013-01-09,128,OZ,1,4.79
4619574393,153,96,9632,107675070,53392,2013-03-27,1,CT,3,75
