713896941,12,25,2506,105000050,32115,2012-12-02,64,OZ,1,6.49
713897965,83,79,7901,1072527474,45338,2012-03-28,1,CT,1,2.99
713897965,83,8,810,104600040,13023,2012-07-17,1,OZ,1,0.79
713897965,83,9,922,102430020,10577,2012-09-12,12.5,OZ,2,3.33
713897965,83,96,9632,107675070,18020,2012-11-13,1,CT,1,25
713898016,2,26,2622,102570020,20361,2012-04-29,100,CT,1,3.99
713898597,12,4,416,103400030,15113,2012-10-28,1.5,OZ,1,0
713898597,12,57,5704,107527070,12031,2012-12-02,32,OZ,1,3.29
713899693,83,57,5707,103663232,4568,2012-05-27,10.5,OZ,1,2.49
713905272,83,36,3611,101200010,803,2012-08-03,144,OZ,1,3.99
713905272,83,72,7203,1031254737,10554,2013-03-17,16.9,OZ,1,3.99
713912612,165,55,5558,107585676,9798,2012-04-15,27,OZ,1,2.5
713912612,165,56,5604,1088455484,13107,2013-02-10,5.3,OZ,1,1.69
713912612,165,97,9781,10000,8255,2013-03-11,1,CT,1,-1.05
713912825,98,99,9904,1071575676,5278,2013-04-13,16,OZ,1,1.5
713918352,143,53,5307,101111010,9907,2012-07-10,12,OZ,2,2.29
713918352,143,0,0,10000,0,2013-01-15,0,,1,-1.27
713918528,165,58,5831,107203676,7953,2012-05-26,16,OZ,1,3
713918528,165,63,6315,109396696,13264,2012-07-04,64,OZ,1,3.99
713918528,165,58,5831,107203676,7953,2012-07-20,20.8,OZ,1,4.99
713918894,12,27,2707,101901414,8664,2013-01-12,6.8,LB,3,48.87
713918894,12,9,907,1065752262,25738,2013-04-10,19.2,OZ,2,5.98
713919909,143,72,7203,103700030,4294,2012-07-26,33.8,OZ,1,5.49
713919909,143,28,2804,10930090,12157,2012-08-21,12,OZ,1,2.29
713919909,143,41,4107,101111010,9907,2012-10-12,14.5,OZ,1,0.67
713919909,143,9,907,102412626,8097,2013-01-29,12,OZ,1,1
713921736,143,33,3303,101111010,9907,2012-03-02,11,OZ,1,1.99
713926139,12,0,0,10000,0,2013-02-22,0,,2,0
713926139,12,29,2923,101356212,713,2013-03-29,7.25,OZ,1,4.49
713926139,12,58,5824,101111010,9907,2013-06-15,14,OZ,4,14.76
713929533,26,33,3303,102840020,10241,2012-04-06,10.5,OZ,1,2.99
713932477,89,8,826,101121010,17930,2012-05-18,2,OZ,1,1.49
713932477,89,6,601,107092070,17882,2012-11-03,7.3,OZ,1,0.99
713933688,12,63,6305,104850040,18799,2013-01-15,128,OZ,2,14.58
713940182,191,9,922,102430020,10577,2012-04-21,13.1,OZ,1,1.79
713951231,83,97,9753,107176575,0,2012-10-13,1,CT,2,9.58
713951231,83,63,6315,101111010,9907,2013-02-22,128,OZ,1,2.49
713951695,151,18,1898,103980030,5782,2012-12-23,8,CT,1,5.99
713952608,143,96,9609,1053700050,88199,2012-03-17,0,,2,-0.5
713952608,143,32,3202,101111010,9907,2012-11-09,32,OZ,1,1.99
713952608,143,5,519,103000030,14760,2013-04-29,15.1,OZ,1,2.5
713954629,12,26,2621,101111010,9907,2012-12-15,200,CT,1,2.69
713955706,89,79,7901,107224676,20014,2012-05-17,1,CT,1,1.79
713955706,89,92,9204,101111010,9907,2012-06-21,6,OZ,1,1
713955706,89,12,1206,108000080,17292,2012-08-05,5,OZ,2,4.98
713955706,89,21,2117,108768484,2903,2013-03-01,60,OZ,1,2.5
713955706,89,4,418,103400030,15113,2013-04-24,4.4,OZ,1,1.25
713965715,143,9,902,101111010,9907,2012-09-12,15,OZ,1,1
713967344,63,32,3203,102240020,1298,2012-04-17,5,OZ,1,1.69
713967344,63,8,818,105100050,14403,2012-09-11,24,OZ,0,0
713967575,143,7,707,102550020,6550,2012-07-24,10.3,OZ,1,4.79
713971663,431,58,5823,104470040,13310,2012-04-17,7,OZ,1,3.44
713971663,431,63,6319,107077878,14720,2012-09-23,16,OZ,1,0.99
713971663,431,58,5832,102265525,2626,2013-01-27,24,OZ,1,9.49
713971663,431,0,0,10000,0,2013-04-08,0,,1,0
713972259,431,99,9909,101111010,28083,2012-05-09,6,OZ,1,3.59
713972259,431,99,9904,103338333,33170,2013-03-17,6,OZ,1,3.29
713977537,83,63,6324,1070405171,4429,2012-07-02,12,OZ,1,3.99
713978318,2,13,1306,101600010,7366,2013-01-06,5,LB,1,3.29
713980617,165,33,3350,102620020,16611,2012-03-16,4.48,OZ,1,3.99
713980617,165,7,709,102550020,6550,2012-12-09,3.81,OZ,1,8.79
713982370,133,9,917,107373171,11786,2012-08-25,12,OZ,1,5.55
713982370,133,36,3636,104300040,4371,2012-09-13,169,OZ,2,3.98
713983585,63,58,5831,103927232,26234,2012-03-27,20,OZ,1,5.49
713983585,63,63,6315,101111010,6848,2012-11-15,128,OZ,2,2.67
713983585,63,55,5558,101111010,4020,2013-02-04,37,OZ,1,3.49
713984891,165,57,5705,107047070,20230,2012-04-15,6,OZ,2,1.2
713984891,165,99,9909,107127979,6732,2013-06-18,6,OZ,1,3.99
713987146,26,7,708,1088133484,5357,2012-05-14,12,OZ,1,10.39
713989254,143,58,5823,104450040,8318,2013-03-17,9,OZ,1,3.27
713989353,211,9,970,103800030,62065,2012-08-04,14.1,OZ,1,1.67
713992256,83,56,5621,101111010,9907,2012-04-06,8,OZ,1,2.99
713992256,83,74,7402,1084105888,16559,2012-05-13,8.4,OZ,2,4.18
713992256,83,26,2613,103600030,8583,2012-07-09,12,CT,1,9.49
713998445,26,56,5699,104175747,10216,2012-11-18,4.5,OZ,1,3.79
713998445,26,58,5823,101111010,9907,2013-04-17,9,OZ,1,2.69
714001047,63,55,5556,101111010,9907,2012-12-05,48,OZ,1,2.69
714001047,63,65,6502,101800010,14029,2013-03-06,14.1,OZ,1,2.7
714001047,63,55,5562,101111010,9907,2013-03-22,48,OZ,1,2.5
714003433,26,9,907,101111010,9907,2012-08-09,14.5,OZ,1,1.79
714003433,26,36,3628,101200010,12029,2012-10-17,20,OZ,1,1.69
714003433,26,22,2211,101111010,5981,2012-11-26,80,CT,1,2.44
714005924,26,71,7114,1064663060,27345,2012-04-03,10.6,OZ,1,19.99
714005924,26,9,907,1078142171,21825,2012-12-03,12,OZ,1,2.99
714005924,26,63,6328,107590070,2073,2013-02-18,24,OZ,4,10.76
714005924,26,4,410,107920070,20031,2013-04-02,18.7,OZ,1,2.72
714008110,23,56,5616,101111010,20588,2012-07-04,8,OZ,1,5.99
714008110,23,36,3614,107065575,11134,2013-06-20,33.8,OZ,1,6.49
714009830,83,59,5906,104060040,26155,2013-06-08,16,OZ,1,2.29
714009830,83,36,3604,107800070,19315,2013-06-08,67.6,OZ,1,1
714010658,191,79,7901,107098979,43868,2012-07-18,1,CT,1,4.99
714011389,83,30,3008,102100020,9886,2013-04-05,16,OZ,1,2.5
714011766,89,63,6315,103377636,16650,2012-07-03,64,OZ,1,3.99
714011907,63,63,6321,104082242,15667,2012-10-04,10,OZ,0,0
714011907,63,62,6201,1078279676,33170,2012-11-04,23,OZ,1,3.99
714011907,63,99,9904,103338333,33170,2012-12-26,6,OZ,2,3
714012067,23,26,2622,101111010,9907,2012-03-07,75,CT,1,3.99
714014565,126,30,3008,104133545,43106,2012-03-02,24,OZ,1,4.99
714017598,143,9,912,1067852363,7326,2012-05-28,20.8,OZ,1,5.99
714018452,23,36,3618,104900040,23359,2012-04-28,144,OZ,1,6.99
714018452,23,59,5910,103377636,16650,2012-11-09,15,OZ,1,2.79
714018452,23,79,7901,107098979,45040,2013-04-15,1,CT,1,4.99
714021906,58,0,0,10000,0,2012-06-01,0,,1,0
714022389,26,53,5307,101111010,9907,2013-04-26,12,OZ,5,5.98
714022389,26,56,5609,101111010,9907,2013-05-25,16,OZ,1,2.07
714024864,63,58,5823,105190050,26456,2012-08-19,9,OZ,2,5
714024864,63,63,6319,102073525,18893,2012-10-21,64,OZ,2,2.67
714034482,26,63,6320,1071514171,25530,2012-08-26,12,CT,1,2.69
714034482,26,37,3703,105100050,2820,2012-08-31,10.75,OZ,4,6.32
714034482,26,4,416,102800020,1214,2012-12-19,3.9,OZ,1,1
714034564,89,56,5620,101111010,9907,2012-03-05,16,OZ,1,6.29
714037434,63,31,3108,102360424,18914,2012-04-21,1.4,OZ,1,1.79
714037434,63,60,6012,101111010,9907,2012-12-28,12.4,OZ,2,2.5
714038323,89,97,9753,10000,0,2012-03-19,1,CT,1,4.4
714038323,89,57,5705,107047070,20230,2012-11-26,6,OZ,1,0.6
714038323,89,37,3706,104119646,14582,2012-12-17,18.5,OZ,1,1.25
714038323,89,9,907,105172151,26411,2013-02-27,16,OZ,1,1.49
714038323,89,64,6409,101813818,3240,2013-03-21,0.75,LT,1,9.99
714039814,191,25,2509,101111010,6678,2012-10-21,16,OZ,1,0.88
714043789,83,99,9908,103338333,33170,2012-08-06,32,OZ,1,3.49
714048320,126,56,5615,101111010,9907,2013-02-27,8,OZ,1,1.99
714050477,431,53,5307,101111010,9907,2012-05-16,12,OZ,4,3.96
714050477,431,97,9745,107890878,92194,2012-09-01,1,CT,1,2
714050477,431,73,7304,104126040,9907,2012-10-18,4,OZ,1,2.09
714050477,431,8,801,101111010,9907,2013-02-15,36,OZ,2,2.56
714050477,431,0,0,10000,0,2013-07-15,0,,1,0
714051032,143,36,3611,108265787,4687,2012-04-03,405.6,OZ,1,4.99
714055294,26,36,3627,104900040,23363,2013-02-01,67.6,OZ,1,1.5
714055294,26,44,4405,105100050,13791,2013-02-01,12.5,OZ,1,3.99
714055402,26,96,9609,1052277656,88199,2012-06-04,0,,1,-1
714056018,83,36,3611,101111010,9907,2013-04-20,540.8,OZ,1,3.69
714063986,26,41,4107,103470030,6754,2012-05-01,15,OZ,1,0.99
714063986,26,41,4120,102700020,8612,2013-01-27,6,OZ,1,0.99
714071624,2,4,418,104000040,16765,2012-10-30,11.18,OZ,1,2.5
714080741,26,4,410,107920070,20031,2012-10-15,6,OZ,1,1
714082088,26,92,9204,107417070,15743,2013-02-06,0.31,OZ,1,3.96
714082088,26,45,4515,107254575,61490,2013-03-14,9,OZ,2,9.78
714082248,191,33,3307,101111010,9907,2013-04-25,12,OZ,1,2
714082436,26,54,5403,107590070,2073,2012-07-09,13.5,OZ,1,3.41
714085875,151,36,3630,107800070,23561,2012-08-26,144,OZ,1,4.34
714085875,151,21,2112,107065070,100,2013-06-14,13.5,OZ,2,3.5
714085905,26,56,5621,101111010,9907,2013-02-19,8,OZ,2,3.88
714087239,431,5,520,103000030,14760,2012-03-02,18,OZ,1,2.59
714090288,26,56,5609,101111010,9907,2013-04-01,16,OZ,1,1
714090288,26,63,6314,101111010,9907,2013-07-23,16,OZ,1,1
714090400,12,33,3305,102840020,18584,2013-03-22,10,OZ,1,2.5
714091449,89,72,7215,103320030,875,2012-08-16,2.5,OZ,1,4.99
714091449,89,34,3406,103700030,8993,2012-11-13,38.8,OZ,1,3.99
714091449,89,0,0,10000,0,2013-02-23,0,,2,0
714096702,126,26,2630,101111010,9907,2012-04-18,45,CT,1,1.19
714096702,126,56,5609,104148343,6283,2012-07-11,16,OZ,1,2.99
714099189,83,99,9909,101111010,85048,2012-11-30,16,OZ,1,6.99
714099468,26,23,2301,107680878,1393,2012-12-03,13.25,OZ,1,1.38
714103223,126,0,0,10000,0,2012-12-27,0,,2,0
714103323,143,58,5814,104470040,10837,2012-11-15,4.4,OZ,1,1.58
714103323,143,36,3601,101200010,13794,2013-02-22,67.6,OZ,1,1.5
714103323,143,51,5125,101380010,10271,2013-03-23,9.13,OZ,1,1.98
714103662,26,63,6315,101111010,9907,2012-06-22,64,OZ,2,2.5
714108132,83,96,9609,1051793959,88199,2012-12-19,0,,1,-1
714110650,431,36,3632,101111010,1814,2012-10-14,67.6,OZ,1,0.79
714110650,431,21,2105,105200050,7054,2013-02-03,32,OZ,3,3
714110650,431,9,907,101111010,9907,2013-05-13,12,OZ,1,0.88
714110650,431,57,5705,101111010,9907,2013-06-02,6,OZ,1,0.4
714112047,83,10,1011,101111010,9907,2012-06-07,10,OZ,1,1.49
714112047,83,63,6313,101111010,9907,2013-01-18,7.5,OZ,1,2.49
714112047,83,6,601,107092070,17882,2013-03-01,19,OZ,1,4.79
714112047,83,27,2707,101780010,3108,2013-03-07,3.15,LB,1,4.79
714117073,58,57,5710,103663232,4568,2012-07-27,21.2,OZ,1,3.99
714117073,58,36,3631,101200010,12170,2013-05-11,67.6,OZ,1,1
714120058,89,96,9631,107675070,11273,2012-03-09,1,CT,1,28.95
714120058,89,5,516,101111010,9907,2013-01-12,7.4,OZ,2,3.49
714120058,89,73,7304,104126040,9907,2013-01-26,36,CT,1,2.96
714120077,12,26,2622,101111010,9907,2012-11-10,17,CT,1,1.89
714120773,12,0,0,10000,0,2012-09-23,0,,1,0
714120773,12,0,0,10000,0,2013-03-01,0,,3,0
714122253,26,27,2705,101111010,13891,2012-03-05,5.5,OZ,1,0.19
714124308,431,58,5823,107010070,9243,2012-04-11,8,OZ,2,5.98
714124308,431,27,2709,105849656,29292,2012-04-18,3,OZ,1,1.65
714124308,431,56,5620,101111010,9907,2012-07-25,8,OZ,1,1.89
714124308,431,72,7203,103700030,4294,2013-03-06,33.8,OZ,1,4
714125684,63,64,6401,107231171,5150,2012-03-29,144,OZ,1,14.99
714125684,63,35,3509,103320030,875,2012-10-29,75,OZ,1,3.49
714125684,63,9,907,1061407464,489,2013-06-03,16,OZ,1,2.69
714126746,143,54,5403,102580020,16668,2013-01-26,8,OZ,1,1.88
714127219,89,7,707,102550020,6550,2013-05-04,10.3,OZ,1,5.19
714128155,211,33,3309,102840020,18584,2013-05-11,20,OZ,1,4.48
714135669,89,63,6315,101111010,9907,2012-05-04,128,OZ,1,2.68
714135669,89,59,5906,104060040,26155,2012-07-23,15,OZ,1,2.74
714135669,89,56,5621,101111010,9907,2012-11-03,8,OZ,2,3.88
714135669,89,9,907,101111010,9907,2013-01-04,14.5,OZ,1,1.5
714135669,89,5,501,101111010,9907,2013-01-18,12.2,OZ,1,1.99
714135669,89,45,4514,101111010,9907,2013-03-01,48,OZ,1,7.99
714137357,83,37,3703,101111010,9907,2012-04-10,10.5,OZ,8,8
714137357,83,55,5556,101111010,9907,2013-01-16,48,OZ,2,4.6
714138143,89,95,9519,1072047373,7848,2012-10-30,6,CT,2,7.98
714140703,191,59,5906,104060040,26155,2012-07-22,15,OZ,1,2.97
714140703,191,58,5825,101111010,9907,2013-02-10,16,OZ,1,3.89
714145434,26,97,9753,1020441323,0,2012-07-13,1,CT,1,1.07
714145434,26,5,516,101600010,6283,2013-06-29,5.85,OZ,1,3.49
714147910,165,56,5611,107981373,2252,2012-11-02,6.5,OZ,1,7.99
714147910,165,5,519,103000030,14760,2012-12-09,11.9,OZ,1,2.29
714147910,165,63,6320,1074236575,8499,2013-02-04,12,CT,1,4.79
714148107,12,29,2906,1076566777,711,2013-01-07,8.2,OZ,1,3.69
714155443,63,63,6305,101630010,95925,2013-03-29,59,OZ,1,2.69
714156314,143,63,6314,101111010,9907,2012-09-03,8,OZ,1,1.09
714163020,26,53,5307,102000020,7655,2012-06-28,12,OZ,1,2.29
714163020,26,9,902,102410020,44209,2012-08-16,13.7,OZ,1,2.5
714163020,26,9,904,101111010,9907,2013-02-07,5,OZ,1,1
714163221,12,5,502,101600010,101199,2012-09-29,5.4,OZ,1,2.99
714164005,83,49,4901,101312010,26885,2012-06-27,26,OZ,1,3.29
714164554,63,8,814,101111010,9907,2012-05-22,26,OZ,1,2.69
714164554,63,36,3631,101111010,1814,2013-01-18,67.6,OZ,2,1.68
714164554,63,14,1416,101111010,9907,2013-04-26,29,OZ,1,1.38
714164957,26,2,211,101600010,1910,2012-08-02,40,OZ,1,3.89
714165570,126,25,2507,108425383,15248,2013-05-08,32,OZ,2,4.14
714165717,133,5,504,101111010,85048,2012-08-20,1.94,OZ,1,0.71
714165717,133,96,9609,1057339050,88199,2012-12-19,0,,2,-1
714165717,133,9,912,101111010,9907,2013-02-26,22,OZ,1,1.79
714165717,133,5,501,101600010,3331,2013-06-09,9,OZ,1,2.5
714170101,83,56,5617,101111010,9907,2012-06-20,12,OZ,1,1.39
714170101,83,59,5902,101111010,9907,2013-03-01,16,OZ,3,8.37
714171489,191,97,9753,10978037595,0,2013-01-26,1,CT,1,5.39
714171644,126,9,906,104300040,16249,2012-12-09,6,OZ,1,2.79
714174589,165,29,2905,107090070,4697,2012-10-13,15,OZ,1,1.59
714180388,126,29,2928,107142979,20299,2013-01-29,8,OZ,1,1.49
714180388,126,9,907,101111010,9907,2013-02-13,16,OZ,2,1.76
714180397,98,99,9909,107143070,5072,2012-04-21,6,OZ,1,3.29
714180397,98,9,907,107763373,17614,2012-08-18,16,OZ,1,2.19
714180397,98,18,1828,106233868,319,2012-09-15,6.17,OZ,2,9.98
714180397,98,51,5125,101380010,10271,2012-09-15,8,OZ,1,2.38
714180397,98,26,2633,103040030,683,2012-09-15,4,RL,1,1.17
714180397,98,54,5403,107229070,18158,2012-11-03,3.2,OZ,1,1.29
714192871,26,9,922,104500040,8511,2012-04-15,14,OZ,1,4.29
714192871,26,56,5618,101111010,9907,2012-08-25,12,OZ,1,1.88
714193704,151,64,6401,1078615070,17345,2012-09-20,67.2,OZ,1,8.79
714193704,151,36,3631,107800070,23209,2012-12-03,20,OZ,1,1.69
714195139,63,36,3634,1078616272,7237,2013-01-31,20,OZ,1,1
714195780,63,26,2634,103700030,3293,2012-05-05,12,RL,1,7.97
714195780,63,36,3629,101111010,1814,2012-07-29,144,OZ,1,2.5
714198140,191,56,5615,107283070,18390,2012-03-02,32,OZ,1,6.99
714198140,191,63,6323,101111010,6678,2012-08-01,64,OZ,1,2.29
714200270,83,58,5823,107681979,54678,2012-07-03,8,OZ,1,2.29
714200270,83,97,9753,1021337929,0,2012-09-21,1,CT,1,8.13
714200270,83,4,419,1074759979,7168,2012-10-05,5.25,OZ,1,3.5
714200270,83,72,7208,107094272,75834,2012-12-22,2,CT,2,2
714200807,12,33,3318,102840020,15441,2012-06-01,16,OZ,1,3.29
714200807,12,0,0,10000,0,2013-01-25,0,,1,0
714203789,191,63,6315,101111010,12028,2012-08-20,128,OZ,1,2.49
714206157,211,29,2905,101111010,9907,2013-01-15,14,OZ,1,0.99
714206157,211,97,9753,1082608888,0,2013-04-30,1,CT,1,4.29
714208062,211,55,5567,1078978575,16558,2012-03-20,5.8,OZ,2,2.98
714208518,89,37,3703,101111010,9907,2013-02-17,10.75,OZ,3,3.27
714212405,126,28,2805,101111010,20588,2012-08-30,3.5,OZ,1,2.79
714216338,26,29,2914,102100020,19279,2013-01-09,2.19,OZ,3,3
714216839,165,22,2207,103496939,20390,2012-05-02,22,OZ,1,3.59
714218902,191,0,0,10000,0,2012-08-07,0,,1,0
714221353,83,58,5823,101111010,9907,2013-06-07,16,OZ,1,1.25
714221434,83,96,9609,1053000050,88199,2012-05-10,0,,1,-1
714223294,12,51,5121,104369545,8522,2012-04-01,9,OZ,1,2.09
714223294,12,36,3628,101200010,12029,2012-05-24,20,OZ,1,1.59
714223294,12,36,3611,106827464,30855,2013-02-11,192,OZ,1,3.39
714223294,12,63,6315,104126040,9698,2013-03-25,64,OZ,1,1.99
714226081,12,63,6313,1061611262,23016,2012-07-22,12,OZ,1,4.99
714226081,12,99,9908,103338333,33170,2013-01-16,1,CT,1,0.93
714226715,12,9,907,103149333,34759,2012-06-29,12,OZ,1,3.5
714226715,12,5,501,1088491282,8459,2013-03-09,18,OZ,1,3.17
714231162,63,25,2507,104157040,2017,2012-04-22,32,OZ,1,2.99
714231162,63,9,901,104400040,13243,2013-03-05,14.3,OZ,1,2.77
714232233,12,25,2509,103450030,10165,2012-08-20,32,OZ,1,3.39
714232233,12,63,6313,1061611262,23016,2012-09-01,14,OZ,1,3.99
714232233,12,0,0,10000,0,2012-09-29,0,,3,0
714233065,83,43,4302,101111010,9907,2013-06-21,8,OZ,2,2
714237683,63,55,5561,101111010,9907,2012-07-07,128,OZ,1,4.99
714240847,83,33,3303,102840020,10241,2012-10-25,10,OZ,1,2
714253574,63,0,0,10000,0,2012-05-06,0,,3,0
714253574,63,36,3612,101111010,9907,2012-06-10,128,OZ,2,1.58
714253574,63,9,917,105045555,33329,2013-01-10,8,OZ,1,1.59
714253574,63,5,501,101600010,3789,2013-02-17,11.8,OZ,1,0.99
714253574,63,28,2804,107538676,5735,2013-03-13,11,OZ,1,2.79
714255025,191,9,908,101111010,33170,2012-04-13,35,OZ,1,3.99
714255025,191,9,901,104400040,13243,2012-10-30,15.25,OZ,1,3.19
714255025,191,0,0,10000,0,2013-02-11,0,,2,0
714260266,12,56,5699,104175747,10216,2013-01-25,7.5,OZ,1,4.49
714260363,12,37,3709,104178949,11224,2012-03-28,2.25,OZ,3,0.9
714260363,12,49,4901,101111010,9907,2012-09-04,20,OZ,1,2.99
714260363,12,36,3630,107800070,5208,2013-01-08,144,OZ,1,4.99
714260363,12,59,5907,102900020,2012,2013-04-21,16,OZ,1,0.97
714260646,58,0,0,10000,0,2012-10-05,0,,1,0
714260646,58,0,0,10000,0,2013-01-27,0,,1,0
714260918,26,56,5615,101111010,9907,2012-03-28,8,OZ,1,2.89
714260918,26,99,9904,105410757,33170,2012-03-28,48,OZ,1,4.49
714261160,12,51,5125,101380010,10271,2012-06-27,8.5,OZ,1,2.77
714261160,12,5,501,101600010,3331,2012-07-23,21.6,OZ,1,5.99
714261160,12,59,5907,102900020,2012,2012-10-27,16,OZ,2,1.58
714261908,98,26,2619,101111010,9907,2012-11-28,120,CT,1,11.69
714271409,26,96,9609,1053700050,88199,2012-06-28,0,,8,-5.75
714271409,26,37,3707,105260353,13414,2013-01-05,32,OZ,1,3.69
714272967,89,8,814,101111010,9907,2012-04-09,16,OZ,1,1.79
714272967,89,33,3318,107797575,27417,2012-04-09,16,OZ,1,3.29
714272967,89,17,1712,107440575,17149,2012-04-17,14,OZ,1,5.59
714273975,431,25,2509,103450030,10165,2012-09-18,16,OZ,1,1.69
714273975,431,99,9908,1068896262,53503,2012-12-23,7,OZ,2,4
714273975,431,29,2930,106414464,3342,2013-01-13,7.5,OZ,4,4
714273975,431,25,2509,103450030,10165,2013-01-20,32,OZ,2,5.5
714274730,191,39,3903,101111010,6678,2012-03-20,24,OZ,1,1.89
714274730,191,58,5823,101111010,9907,2012-05-12,9,OZ,1,2.99
714277431,89,0,0,10000,20405,2012-03-11,0,,2,-1
714277431,89,63,6315,104138343,10091,2012-08-12,64,OZ,1,4.14
714277431,89,96,9609,1055280050,88199,2012-08-26,0,,1,-2
714278731,26,5,501,103800030,6796,2012-07-08,15,OZ,1,3.69
714278731,26,19,1908,104530040,13915,2012-07-22,28,OZ,1,5.49
714278731,26,97,9731,1074677575,32530,2012-10-24,1,CT,1,5.99
714278731,26,4,416,104000040,26517,2012-12-22,3.2,OZ,3,3
714279876,26,9,913,104812141,18322,2012-09-15,13,OZ,1,3.99
714282470,143,4,411,104000040,17287,2012-04-05,14,OZ,1,2.99
714282470,143,36,3625,104900040,23359,2012-06-25,144,OZ,1,0
714282470,143,7,709,101111010,9907,2013-01-04,4.44,OZ,1,5.99
714282470,143,56,5621,101111010,9907,2013-02-09,8,OZ,1,2.5
714282470,143,9,901,104400040,12600,2013-02-23,2,OZ,2,1.18
714282470,143,30,3006,107110070,8280,2013-03-30,16,OZ,1,1.69
714282601,89,34,3403,103500030,8919,2012-06-20,11.25,OZ,1,2.34
714286292,58,0,0,10000,0,2012-08-17,0,,2,0
714286292,58,64,6407,108590484,11845,2012-09-12,0.75,LT,1,3.49
714286292,58,57,5704,101111010,9907,2013-01-08,6,OZ,4,1.6
714288856,191,9,902,104400040,18775,2013-01-27,7.6,OZ,2,3.34
714288856,191,21,2119,101200010,10522,2013-06-26,18.5,OZ,1,1.39
714288856,191,41,4105,101111010,6678,2013-07-03,14.5,OZ,1,0.69
714290734,63,60,6011,101800010,14029,2012-08-31,16.3,OZ,1,1.49
714290734,63,51,5128,101450010,20864,2012-10-25,10,OZ,1,2.79
714292944,151,58,5835,107229070,18158,2013-02-05,16,OZ,1,3.19
714295241,83,96,9632,107675070,8409,2012-03-10,1,CT,1,25
714295241,83,63,6305,104850040,18799,2012-06-06,59,OZ,1,3.29
714298153,89,99,9908,101111010,9907,2012-10-29,10,OZ,1,1.99
714302464,63,5,501,101111010,9907,2012-04-10,18,OZ,1,3.24
714311431,126,58,5828,107790070,9200,2012-03-31,9.6,OZ,1,4.49
714311431,126,25,2509,103450030,10165,2012-08-20,16,OZ,1,1.79
714313415,89,51,5115,107192171,25673,2012-05-09,33.6,OZ,1,4.99
714313415,89,44,4404,101111010,9907,2012-08-31,13,OZ,1,1.5
714313415,89,51,5116,101111010,9907,2013-01-30,29.6,OZ,1,3
714317345,2,16,1604,102200020,20100,2013-02-06,45,CT,1,0.99
714317345,2,15,1504,104114343,17593,2013-05-15,6,OZ,1,2.49
714319868,2,0,0,10000,0,2012-12-17,0,,1,0
714319868,2,5,516,1060265262,9673,2013-01-05,1.4,OZ,1,1.5
714325324,12,0,0,10000,0,2012-05-04,0,,1,0
714325324,12,59,5902,101111010,9698,2012-06-08,16,OZ,1,2.5
714325324,12,45,4511,107527878,6625,2012-11-03,24,OZ,1,7.49
714325324,12,99,9908,101111010,9907,2013-01-18,160,OZ,1,2.59
714325983,63,35,3508,103700030,18371,2012-03-06,50,OZ,2,15.98
714325983,63,18,1890,105209252,43069,2012-11-21,3,CT,1,1.59
714327050,12,30,3001,104800141,1707,2012-03-12,48,OZ,1,7.29
714327050,12,36,3629,101200010,23360,2012-11-09,144,OZ,1,4.99
714327050,12,51,5117,104280040,18599,2012-12-09,10.4,OZ,1,1.33
714330023,143,59,5907,101111010,9907,2012-04-09,15,OZ,1,1.89
714330023,143,9,907,101111010,9907,2012-08-09,20,OZ,1,1
714330023,143,27,2707,101111010,13891,2012-09-02,16,LB,1,8.99
714330023,143,12,1205,104800040,38150,2013-03-07,5,OZ,1,0.97
714331266,26,63,6319,102073525,18893,2013-04-27,64,OZ,4,3.96
714333713,431,99,9909,101111010,28083,2012-05-12,10,OZ,1,2.39
714333713,431,73,7344,104126040,9907,2012-07-07,42,CT,1,18.87
714333745,12,58,5812,105161151,3828,2013-02-03,16,OZ,1,5.99
714333745,12,63,6315,107290474,11570,2013-02-23,32,OZ,1,3.69
714336291,23,9,907,107222070,6669,2012-08-12,15,OZ,1,1.99
714337551,165,33,3315,104114343,17593,2012-03-26,6,OZ,1,3.39
714337551,165,9,912,104812141,18322,2013-03-21,20,OZ,1,3.99
714341099,26,58,5833,101111010,9907,2013-05-29,16,OZ,1,3.24
714341275,89,63,6315,101111010,9907,2012-04-13,64,OZ,1,1.79
714341275,89,26,2629,103600030,9787,2012-10-30,65,CT,1,2.99
714341275,89,0,0,10000,0,2012-12-24,0,,1,0
714341275,89,28,2803,105410050,19509,2013-05-21,9,OZ,1,1
714341275,89,56,5621,101111010,9907,2013-05-31,8,OZ,1,2.18
714344214,191,59,5902,101111010,6678,2013-01-02,16,OZ,1,2.49
714353241,89,25,2507,1074236575,8499,2012-06-25,8,OZ,6,6
714353241,89,23,2301,101510010,4255,2013-04-18,16,OZ,1,1
714353861,26,97,9753,107675373,0,2012-09-07,1,CT,0,0
714362964,26,26,2622,101111010,9907,2012-07-19,50,CT,1,1.89
714362964,26,56,5617,101111010,9907,2012-10-10,12,OZ,1,1.99
714362964,26,22,2211,101111010,5981,2012-10-25,80,CT,1,2.57
714362964,26,19,1908,101111010,9907,2012-12-06,18,OZ,1,2.5
714364793,12,28,2806,101111010,9907,2012-03-21,24,OZ,1,2.99
714364793,12,26,2630,101111010,9907,2012-03-27,640,CT,1,4.99
714364793,12,81,8101,102820020,11186,2012-06-29,10,CT,1,46.63
714364793,12,27,2702,101780010,30972,2012-09-19,15.5,LB,1,15.99
714367571,26,53,5307,101111010,9907,2012-06-29,12,OZ,2,1.89
714367571,26,34,3403,101700010,4912,2012-09-30,6.4,OZ,2,1.76
714372647,12,33,3305,1085277282,56884,2013-02-11,5.5,OZ,4,4
714381003,211,37,3705,105100050,2820,2012-09-29,18.8,OZ,2,2.5
714381003,211,74,7407,1084105888,15983,2012-11-24,4,CT,1,7.99
714381929,83,33,3305,102840020,18584,2013-02-02,13,OZ,1,2.49
714381929,83,95,9518,1061029060,7848,2013-02-17,1,CT,1,2.79
714382493,89,17,1726,101920010,10882,2013-03-24,35,CT,1,1.69
714383781,431,9,907,107225070,12465,2012-09-04,20,OZ,1,2.74
714392425,83,28,2806,105410050,19509,2012-04-16,32,OZ,1,3.89
714392425,83,75,7520,1030052131,27166,2012-06-13,375,CT,1,2.38
714392425,83,2,201,1064420969,5345,2012-10-25,16.5,OZ,1,1
714393828,151,8,837,101111010,9907,2012-10-17,12.7,OZ,1,2.69
714393828,151,56,5609,101111010,9907,2013-01-13,24,OZ,1,1.69
714393828,151,51,5115,107218070,18520,2013-03-09,7.42,OZ,3,3
714394062,2,11,1111,1063748060,1011,2013-02-17,6,OZ,1,6.99
714396509,89,36,3627,101200010,16391,2012-05-03,144,OZ,1,4
714396509,89,33,3308,102840020,3336,2012-11-30,9.75,OZ,1,2
714400329,12,33,3399,101111010,9698,2012-10-07,10.5,OZ,1,3.99
714403255,63,97,9753,10000,0,2013-02-09,1,CT,1,0.89
714418756,12,28,2804,10930090,12157,2012-03-06,12,OZ,1,2.89
714418756,12,37,3703,105100050,2820,2012-04-15,10.75,OZ,3,4.5
714421455,211,8,807,101340919,17823,2012-05-06,18,OZ,1,1.5
714421893,83,10,1010,101111010,9907,2012-08-15,12,OZ,1,1.79
714423908,26,27,2704,107119070,4502,2012-03-22,9,CT,1,3.69
714423908,26,26,2634,103600030,4139,2012-04-16,12,RL,2,11.98
714423908,26,96,9609,1054447353,88199,2012-05-13,0,,1,-1
714423908,26,99,9908,103338333,33170,2012-09-04,16,OZ,1,0.99
714424207,143,9,904,101111010,9907,2012-08-07,5,OZ,1,1
714424207,143,82,8201,104157343,6678,2013-01-16,1,CT,1,1
714425838,12,63,6315,104126040,9698,2013-06-11,64,OZ,1,1.99
714426084,89,26,2615,107301070,17990,2013-01-08,36,CT,1,5.99
714426084,89,0,0,10000,0,2013-03-02,0,,1,0
714426958,191,9,907,101111010,4181,2012-04-23,24,OZ,3,6
714426958,191,72,7203,103700030,4294,2013-02-27,16.9,OZ,1,4.99
714428500,89,26,2622,101111010,9907,2012-04-16,50,CT,1,1.79
714428500,89,31,3101,101111010,20588,2012-05-29,1.29,OZ,1,3
714431473,126,51,5126,102113121,11151,2012-04-04,13,OZ,1,2.69
714435581,89,97,9744,104126040,12987,2013-01-17,1,CT,1,1.29
714442977,12,7,708,101291919,16123,2012-10-21,12,OZ,1,6.99
714442977,12,39,3903,105150050,8604,2013-03-30,27.6,OZ,1,3.29
714448339,431,99,9904,107143070,5072,2012-09-22,16,OZ,1,2.5
714448339,431,47,4701,102500020,11749,2013-04-03,12,OZ,3,7.47
714448339,431,36,3604,101111010,9907,2013-04-08,33.8,OZ,1,0.99
714448983,151,57,5707,107047070,20230,2013-02-23,12,OZ,1,2
714448983,151,0,0,10000,0,2013-03-16,0,,1,0
714454131,2,5,501,101600010,3331,2012-06-10,14,OZ,1,3.99
714454131,2,0,0,10000,0,2012-07-01,0,,1,0
714454131,2,29,2928,104100040,9814,2013-03-03,5.7,OZ,1,1
714454131,2,31,3111,101411313,23033,2013-03-17,3.5,OZ,1,2.5
714454131,2,18,1890,107289474,15335,2013-04-21,4,CT,1,4.99
714454146,431,29,2928,105480050,19039,2012-06-16,8.8,OZ,2,3.98
714454146,431,55,5556,102073525,18893,2012-09-15,48,OZ,2,5.98
714454146,431,97,9753,1020443323,0,2013-01-13,1,CT,1,3.99
714455054,126,69,6901,101904515,1342,2012-07-05,3.5,OZ,1,3.91
714455054,126,33,3302,102389626,14268,2012-12-13,9.6,OZ,1,3.39
714455054,126,9,922,101111010,9907,2013-02-28,4,OZ,1,2.5
714456574,12,21,2105,104900040,14357,2012-03-23,32,OZ,2,2
714456574,12,96,9609,1054150050,88199,2012-04-06,0,,2,-0.6
714459479,83,33,3307,102900020,14112,2012-04-12,4.75,OZ,1,2.59
714459479,83,59,5902,103450030,10165,2013-03-31,8,OZ,1,2.19
714460314,89,31,3101,101111010,9907,2012-06-08,0.75,OZ,1,2.19
714460314,89,0,0,10000,0,2012-06-18,0,,2,0
714460314,89,3,311,1064420969,5345,2012-09-05,16,OZ,1,1.99
714460314,89,71,7114,1060308464,7034,2012-10-12,8.5,OZ,1,3.69
714461929,26,63,6320,101111010,9907,2012-07-19,12,CT,1,1.49
714461929,26,5,501,101111010,9907,2012-10-25,14,OZ,1,1.99
714465503,12,14,1416,102400020,4704,2012-09-08,15,OZ,1,1.49
714465503,12,99,9904,1071575676,5278,2012-09-19,16,OZ,1,3.99
714465503,12,15,1504,1083509888,17678,2012-10-07,32,OZ,1,3.99
714465503,12,9,916,103010030,47346,2013-03-13,9.5,OZ,2,3.98
714465639,12,63,6315,104126040,9698,2012-05-17,128,OZ,1,2.99
714465639,12,36,3612,101111010,9907,2012-09-22,128,OZ,1,0.79
714465639,12,33,3318,107797575,27417,2012-11-17,10,OZ,1,2.29
714466732,23,57,5704,107283070,18390,2013-04-13,6,OZ,8,4.8
714467770,63,18,1829,1064412464,21858,2013-04-12,1,CT,1,1.09
714467770,63,16,1604,101254616,17473,2013-07-10,14,CT,2,1
714469869,98,33,3303,102840020,10241,2012-06-30,10.5,OZ,3,6.87
714469869,98,51,5125,107265575,8089,2012-10-10,9.5,OZ,1,2.77
714469869,98,0,0,10000,0,2013-01-06,0,,1,0
714470673,26,9,907,107371171,34753,2012-04-23,16,OZ,1,2.39
714470673,26,0,0,10000,0,2012-07-10,0,,2,0
714471479,23,9,903,104139040,9659,2013-02-13,16,OZ,1,3.69
714471592,26,30,3010,102100020,9886,2012-04-26,16,OZ,1,2.89
714471592,26,37,3707,105260353,13414,2012-12-11,32,OZ,2,5.38
714471592,26,3,305,101111010,9907,2013-03-17,8.1,OZ,1,1.39
714473341,126,25,2504,105000050,3001,2012-11-20,12,OZ,1,1.19
714477376,83,54,5401,103800030,5618,2012-12-04,12.3,OZ,1,2.38
714477376,83,36,3604,107800070,2829,2012-12-15,67.6,OZ,1,1
714477376,83,30,3010,104133545,43106,2012-12-28,16,OZ,1,1.99
714477376,83,41,4110,103940030,71386,2013-05-16,28,OZ,1,1.67
714478953,165,75,7507,1078852171,73798,2013-02-03,10,OZ,1,19.99
714478953,165,4,410,107053878,2081,2013-05-04,5.05,OZ,1,1.34
714479374,26,18,1898,104133343,5379,2012-10-10,2,CT,1,5.99
714479374,26,36,3636,103120030,12957,2012-10-10,169,OZ,1,2.5
714485323,143,5,501,101600010,2173,2012-10-12,9.6,OZ,1,1.98
714485323,143,49,4901,101312010,26885,2012-11-24,28,OZ,1,2.5
714485543,89,5,501,101600010,3331,2012-03-05,8.9,OZ,1,3.09
714485543,89,58,5826,107187171,13310,2012-05-02,12,OZ,1,0
714485543,89,63,6316,101111010,9907,2012-07-24,8,OZ,1,1.19
714485543,89,26,2614,103700030,514,2013-01-11,40,CT,1,5.99
714485543,89,7,707,101111010,9907,2013-02-19,11.5,OZ,1,4.79
714485543,89,35,3504,103500030,13470,2013-06-01,25,OZ,1,2.77
714485703,126,99,9908,101111010,9907,2012-03-20,10,OZ,1,2.99
714485703,126,63,6320,101111010,9907,2012-05-01,12,CT,1,1.25
714485703,126,21,2114,1081097989,18822,2012-06-04,160,OZ,2,5.58
714485703,126,37,3706,104119646,14582,2012-09-09,19,OZ,1,1
714485703,126,9,902,101111010,9907,2013-02-27,7.5,OZ,1,1.99
714485945,83,27,2704,103810030,29945,2012-11-18,6,OZ,2,7.58
714488727,126,96,9609,1052100050,88199,2012-11-19,0,,1,-1
714488727,126,8,807,104150040,3133,2012-12-22,18,OZ,1,2.49
714488727,126,58,5838,101111010,9907,2013-01-28,8,OZ,1,2.5
714490392,89,8,814,101111010,20588,2012-08-17,24,OZ,1,2.99
714490392,89,19,1908,101111010,9907,2012-08-29,18,OZ,1,2.5
714490392,89,18,1898,101111010,9907,2012-10-01,4,CT,2,6.58
714490392,89,58,5835,107387575,7286,2012-12-15,16,OZ,2,7
714490392,89,19,1908,101111010,9907,2012-12-23,18,OZ,2,5
714490392,89,36,3618,104900040,23359,2013-01-04,144,OZ,1,4
714491427,143,51,5134,107008575,26885,2013-03-24,14,OZ,1,3.99
714492358,58,63,6323,101111010,9907,2012-06-18,64,OZ,1,1.34
714494353,12,9,902,103010030,20332,2012-05-12,16,OZ,1,2.99
714495145,211,63,6399,102301222,27492,2012-09-20,7,OZ,1,5.49
714497132,165,96,9632,107675070,87377,2012-04-07,1,CT,2,50
714497132,165,9,908,107203676,7953,2013-03-01,20,OZ,1,2.99
714497328,89,96,9632,1088590989,8990,2013-02-14,1,CT,1,15
714497621,89,92,9215,107124979,21913,2012-05-08,1,OZ,1,19.99
714497621,89,25,2503,105000050,32115,2012-09-13,35.3,OZ,1,6.29
714503604,431,0,0,10000,0,2012-04-29,0,,1,0
714503604,431,29,2902,101490010,19995,2013-02-14,15,OZ,1,1.25
714505508,126,99,9908,103338333,33170,2012-08-23,16,OZ,1,1.25
714509211,83,63,6313,101111010,9907,2012-05-30,16,OZ,1,1.25
714509264,89,92,9204,101111010,9907,2012-05-31,6,OZ,1,1
714509264,89,33,3310,102840020,6911,2012-06-24,6.5,OZ,1,3.49
714511118,126,51,5125,102580020,16668,2012-03-24,9,OZ,6,15.36
714511118,126,26,2634,103700030,3293,2012-10-23,12,RL,1,7.99
714511794,126,51,5125,102580020,16668,2012-10-30,10.5,OZ,1,1.79
714512886,126,9,922,102430020,10577,2012-09-14,10.15,OZ,1,1.79
714517948,151,51,5115,107218070,18520,2012-11-10,15.6,OZ,1,1.99
714517948,151,8,810,101111010,9907,2013-02-19,1,OZ,1,0.69
714517948,151,8,810,101111010,9907,2013-07-09,1,OZ,1,0.59
714517948,151,33,3312,102840020,10241,2013-07-24,5.5,OZ,1,1
714518687,143,64,6401,101820010,2510,2013-06-02,144,OZ,1,12.49
714520787,126,9,907,101111010,9907,2012-07-16,11,OZ,1,0.5
714520787,126,72,7214,101254616,18738,2013-02-16,18,CT,1,0.79
714522402,12,58,5823,101111010,20588,2013-01-28,8,OZ,2,7
714522402,12,63,6320,101111010,9698,2013-06-22,12,CT,2,2.18
714523299,12,56,5616,104610040,15889,2012-05-11,8,OZ,1,1.99
714523299,12,37,3708,102520020,8617,2012-05-19,20,OZ,1,3.69
714523299,12,73,7303,104126040,9907,2012-11-09,2,CT,1,4.99
714523299,12,5,504,1072225272,3695,2012-11-27,1.41,OZ,1,1
714523299,12,41,4107,101111010,9907,2012-12-15,14.5,OZ,1,0.79
714526850,126,9,902,101111010,9907,2012-03-16,16,OZ,1,1.39
714527370,151,58,5823,104470040,13310,2012-04-12,9,OZ,1,4.39
714527370,151,57,5710,103663232,4568,2012-04-27,5.3,OZ,1,1
714527370,151,9,901,104157343,9698,2012-10-30,18,OZ,1,2.88
