459833340,101,99,9908,1068826767,7173,2012-11-19,80,OZ,1,4.99
459833340,101,73,7340,1030004535,8755,2013-03-08,8,OZ,1,8.99
459833340,101,55,5552,102073525,18893,2013-06-24,48,OZ,2,5
459834944,101,56,5613,1068826767,81691,2012-11-01,32,OZ,1,4.99
459834944,101,56,5609,1068826767,81691,2013-02-14,16,OZ,1,2.35
459837518,101,63,6315,1068826767,81691,2012-11-14,128,OZ,1,3.67
459838235,101,41,4108,103940030,71386,2012-05-04,15.5,OZ,1,0.99
459838235,101,53,5307,1068826767,81691,2012-08-15,16,OZ,7,11.17
459839950,101,56,5610,107027777,25673,2012-05-12,6,OZ,1,3.99
459841606,101,51,5125,107265575,8089,2012-03-30,10,OZ,1,2.5
459841606,101,63,6315,1068826767,81691,2012-10-05,128,OZ,1,3.64
459841606,101,29,2923,104100040,9814,2013-04-11,4.8,OZ,1,1
459849170,77,56,5615,107357070,8185,2012-03-30,8,OZ,2,4
459857383,101,29,2925,1068826767,7173,2012-09-19,32,OZ,1,1.5
459863965,101,26,2630,1068826767,7173,2012-07-21,160,CT,2,2
459863965,101,14,1405,103120030,12957,2012-11-16,14,OZ,2,2.4
459863965,101,63,6315,1068826767,81691,2012-11-23,32,OZ,1,1.09
459863965,101,63,6320,1068826767,81691,2012-12-08,12,CT,1,1.89
459863965,101,5,501,101600010,3331,2013-05-30,18,OZ,1,3.69
459863965,101,20,2002,1068826767,81691,2013-06-14,46,OZ,1,2.5
459868176,101,63,6315,1068826767,81691,2013-03-19,64,OZ,1,1.82
459872130,101,29,2920,101600010,1756,2012-04-03,13.75,OZ,1,2.15
459872130,101,27,2710,103320030,875,2012-12-23,30,LB,1,10.69
459872130,101,23,2301,101510010,23948,2013-02-28,12,OZ,1,1.25
459872828,101,4,419,107726070,15624,2013-04-11,2,OZ,1,1
459873915,77,56,5613,107403070,16922,2012-11-11,48,OZ,1,8.49
459876472,77,19,1908,107078474,18552,2013-03-07,18,OZ,1,2.5
459876472,77,29,2925,101122515,19197,2013-03-07,16,OZ,1,0.59
459881202,101,29,2921,1068826767,81691,2012-06-19,4.9,OZ,2,2.9
459881202,101,9,907,1068826767,81691,2012-12-28,12,OZ,1,1
459893846,101,99,9904,1071575676,5278,2013-01-14,6,OZ,1,3.99
459893846,101,73,7312,101571818,12960,2013-07-06,30,CT,1,11.99
459899376,101,0,0,10000,20405,2013-03-11,0,,2,-17.94
459900306,101,56,5611,104400040,5518,2012-09-27,8,OZ,1,4.19
459900306,101,58,5834,107892979,10635,2013-02-08,37.4,OZ,1,14.99
459908302,101,75,7520,1030052131,27166,2013-02-27,500,CT,1,3
459908302,101,51,5115,102066222,12598,2013-06-09,13.3,OZ,1,5.5
459911712,101,23,2301,107680878,1393,2013-01-06,16,OZ,1,1.35
459914594,77,9,907,104500040,20016,2012-04-02,20,OZ,2,5.98
459914594,77,44,4404,107045979,12587,2012-09-10,7.3,OZ,2,6.98
459914594,77,33,3303,107078474,18552,2013-01-09,10,OZ,1,2
459914594,77,72,7205,105310050,804,2013-01-22,8.2,OZ,2,1.98
459914594,77,19,1908,105150050,9189,2013-05-20,16,OZ,1,3.69
459914594,77,4,416,101121515,3616,2013-06-09,2.1,OZ,3,3
459915993,77,36,3601,104900040,3809,2013-01-12,96,OZ,1,5
459917966,101,9,901,104400040,13243,2012-10-20,15.35,OZ,1,3
459917966,101,56,5604,1068826767,7173,2013-06-16,8,OZ,1,3.99
459918200,101,49,4905,1068826767,81691,2013-04-22,24,OZ,1,3
459918200,101,7,709,1068826767,81691,2013-04-28,4.02,OZ,2,10.99
459918437,101,35,3509,107261373,401,2012-10-05,150,OZ,1,12.49
459918437,101,97,9753,1020409121,0,2013-03-12,1,CT,1,1.73
459933300,101,4,418,104000040,26517,2013-02-06,12.6,OZ,1,3
459935731,101,63,6320,1071514171,25530,2012-12-04,12,CT,2,4.98
459935731,101,63,6320,1068826767,81691,2013-04-27,18,CT,1,2.58
459943583,101,24,2403,103760030,8501,2012-08-26,10,OZ,5,12.5
459943583,101,33,3303,102840020,10241,2012-08-26,10.5,OZ,1,3.5
459943583,101,41,4107,1068826767,81691,2012-10-06,29,OZ,4,5
459952650,101,64,6408,101834111,1387,2012-04-25,1.5,LT,1,12.99
459952650,101,56,5616,104610040,15889,2012-08-22,7.5,OZ,1,2.69
459952650,101,54,5403,107790070,9200,2012-09-19,20.4,OZ,1,6.29
459952650,101,7,707,101114111,25747,2012-09-21,12,OZ,2,5.99
459952650,101,96,9609,1056401454,88199,2013-03-03,0,,2,-1
459952650,101,64,6408,1076943474,1808,2013-03-23,0.75,LT,1,7.99
459952866,101,54,5401,1068826767,81691,2013-02-12,12.3,OZ,1,2
459952866,101,51,5115,107192171,25673,2013-02-27,22.1,OZ,1,5
459952866,101,9,902,102410020,44209,2013-04-08,6,OZ,1,2
459956932,101,69,6901,107940070,1141,2012-08-24,2.7,OZ,1,3.79
459956932,101,26,2633,1068826767,33170,2013-01-14,12,RL,1,5.49
459963486,101,0,0,10000,0,2012-05-21,0,,57,4.33
459963486,101,96,9609,1052100050,88199,2012-09-04,0,,2,-1.5
459987174,101,8,801,101300010,8164,2012-08-05,40,OZ,1,2.5
459987174,101,63,6315,107047272,26467,2012-11-11,64,OZ,1,1.91
459987174,101,9,907,107225070,12465,2013-01-21,20,OZ,1,2.99
459993769,101,37,3707,1068826767,81691,2012-05-11,32,OZ,1,1.29
459993769,101,53,5307,102000020,7655,2012-06-10,11,OZ,2,4.28
459993769,101,5,501,101600010,10797,2012-07-29,11.5,OZ,1,2.5
459993769,101,74,7402,1084105888,16559,2012-08-12,7,OZ,2,4.98
459993769,101,5,501,101600010,85114,2013-05-27,12.2,OZ,2,5.09
460002046,101,58,5827,107024777,6176,2013-07-11,12,OZ,1,3.49
460002355,101,44,4404,107002272,15242,2012-04-04,12,OZ,1,2.59
460002355,101,55,5558,1068826767,81691,2012-06-02,38.4,OZ,1,2.5
460004352,101,9,922,102560020,18051,2013-04-28,14.25,OZ,1,3.49
460008356,101,36,3631,1068826767,7740,2012-06-11,101.4,OZ,1,1
460008356,101,28,2806,10930090,12157,2013-01-02,128,OZ,1,5.49
460008356,101,56,5610,1068826767,81691,2013-05-29,8,OZ,1,3.29
460020034,101,14,1404,1068826767,81691,2012-12-12,24,OZ,1,2.09
460022820,101,99,9908,103338333,33170,2013-03-14,1,CT,74,1.85
460030016,101,29,2928,105480050,19039,2012-03-03,6,OZ,1,1.38
460030016,101,21,2119,107618373,16756,2012-03-10,16,OZ,1,1.29
460030016,101,21,2119,101200010,10522,2012-06-09,202.8,OZ,1,4.99
460030016,101,21,2119,107618373,16756,2012-11-24,16,OZ,1,1.29
460038979,101,99,9909,107143070,5072,2012-10-14,5,OZ,1,2.5
460041763,101,36,3611,1068826767,158,2012-11-30,591.5,OZ,4,19.96
460044263,101,35,3509,107261373,401,2012-04-01,100,OZ,1,8.99
460046203,77,26,2629,103680030,3679,2012-07-22,200,CT,1,1.29
460047499,101,21,2112,1068826767,12475,2012-08-31,32,OZ,1,4.89
460047970,101,25,2506,1068826767,81691,2012-06-01,32,OZ,1,2.29
460047970,101,35,3504,103500030,13470,2012-11-06,25,OZ,1,2.5
460047970,101,56,5620,107717272,102504,2013-01-04,7,OZ,1,3.99
460050086,101,8,818,107490878,21215,2012-03-25,24,OZ,2,2
460050086,101,8,836,1068826767,81691,2012-11-14,128,OZ,1,2.99
460050086,101,9,902,104400040,19783,2013-02-16,8.1,OZ,1,2.5
460050263,101,97,9753,1020406525,0,2012-03-02,1,CT,1,2.47
460050263,101,97,9753,1075166676,0,2013-01-25,1,CT,1,2.49
460055433,101,5,516,101600010,12426,2012-07-29,8.9,OZ,2,5
460055433,101,41,4107,1068826767,7173,2012-09-16,16,OZ,1,1.66
460055433,101,25,2506,105000050,32115,2012-11-11,32,OZ,1,3.09
460055684,101,4,412,101070010,9275,2012-11-29,7,OZ,2,3.38
460056321,77,1,106,105220050,1569,2012-08-08,5,OZ,1,2
460056321,77,63,6315,107078474,18552,2012-08-16,128,OZ,2,4.58
460056321,77,58,5822,104450040,8318,2012-08-25,14,OZ,1,4.69
460056321,77,73,7326,103680030,18533,2013-02-03,60,CT,1,5.99
460078502,77,8,810,105210050,11382,2012-04-22,0.87,OZ,4,7.16
460078502,77,30,3010,104100040,19975,2012-08-30,24,OZ,1,3.49
460080501,101,56,5621,1068826767,81691,2013-02-10,8,OZ,1,2.39
460087453,101,27,2707,105000050,6775,2012-07-01,1.01,LB,1,1.99
460087453,101,27,2707,105000050,6775,2013-04-13,1.01,LB,1,1.99
460096482,101,25,2505,1068826767,81691,2012-05-31,32,OZ,2,3.96
460096482,101,33,3315,104114343,17593,2013-01-18,8,OZ,1,3.49
460099404,101,33,3307,1068826767,81691,2012-03-22,8.75,OZ,2,10.3
460099404,101,58,5807,104750040,2359,2012-12-28,6,OZ,1,3.99
460100453,101,9,901,104400040,12600,2012-03-28,14,OZ,1,3.75
460100453,101,9,901,1068826767,81691,2012-06-07,9.4,OZ,1,2.5
460106561,101,59,5902,1068826767,81691,2012-07-31,16,OZ,1,2.49
460107157,101,99,9904,105410757,33170,2012-12-09,80,OZ,1,6.99
460109054,101,46,4606,1068826767,81691,2012-12-22,16,OZ,1,2.89
460112907,101,26,2622,102570020,20361,2012-07-18,18,CT,1,2.5
460112907,101,60,6007,101800010,14029,2012-12-30,12,OZ,2,4.98
460116940,101,2,202,101600010,1756,2012-03-21,18.4,OZ,1,2.69
460116940,101,36,3618,101200010,23361,2012-07-24,67.6,OZ,4,7.56
460116940,101,41,4107,102400020,4704,2012-09-09,14.75,OZ,1,1
460131824,101,54,5402,1068826767,81691,2012-09-07,16.5,OZ,1,2.09
460137882,101,57,5705,103663232,4568,2012-12-23,24,OZ,4,7.96
460138842,101,5,501,101862717,9496,2012-08-23,14,OZ,1,3.49
460144911,101,97,9781,10000,8255,2012-06-18,1,CT,1,-0.12
460144911,101,26,2617,101090010,15232,2012-07-27,1,CT,2,11.1
460144911,101,56,5613,103114232,25202,2012-09-11,16,OZ,1,7.99
460144911,101,12,1207,108660080,2559,2012-09-16,5,OZ,2,3.58
460144911,101,5,501,103800030,4352,2012-10-03,14.1,OZ,1,3.29
460144911,101,9,902,103010030,18457,2013-02-01,8,OZ,1,3.19
460144911,101,9,907,1068833969,6434,2013-03-18,10.2,OZ,1,3.99
460148819,101,63,6320,1068826767,81691,2012-11-15,18,CT,1,2.79
460148819,101,33,3303,104178040,19154,2013-07-03,10,OZ,2,4.29
460149907,101,8,818,1068826767,16481,2013-01-25,25,OZ,2,7.18
460149907,101,36,3611,106827464,30855,2013-04-21,192,OZ,1,3.49
460149907,101,57,5710,1068954464,6086,2013-04-21,5.3,OZ,1,1.49
460152246,101,56,5621,1068826767,81691,2012-10-31,8,OZ,1,2
460162879,101,40,4001,104300040,4371,2012-05-08,256,OZ,1,2
460162879,101,54,5402,107374474,12201,2013-03-05,16,OZ,1,2.49
460164568,101,26,2609,1068826767,7173,2012-08-13,45,CT,1,2
460164568,101,9,905,104300040,17447,2012-11-04,6,OZ,2,3
460164568,101,9,907,107294575,15878,2013-02-14,12,OZ,1,2.69
460164568,101,51,5199,1068826767,7173,2013-06-02,112,LB,1,1.99
460167420,101,96,9609,1056233858,88199,2012-03-27,0,,2,-1
460167420,101,5,517,103800030,17050,2013-03-03,4.86,OZ,2,4.98
460171202,101,63,6312,107774171,3738,2013-05-03,64,OZ,1,2.59
460171202,101,97,9753,1076163575,0,2013-05-04,1,CT,1,3.99
460171202,101,31,3111,1068826767,81691,2013-05-13,6,OZ,1,2.99
460171585,77,0,0,10000,20405,2013-01-06,0,,1,-9.62
460171585,77,33,3314,103000030,14760,2013-01-13,3.52,OZ,3,5
460171678,101,63,6315,1068826767,81691,2013-01-12,32,OZ,1,1.07
460173193,77,9,901,104400040,13243,2012-12-21,15.25,OZ,2,7.98
460175397,101,60,6012,1068826767,81691,2013-02-05,12.4,OZ,2,3.78
460187555,101,13,1306,1068826767,81691,2012-06-21,2,LB,1,1.29
460189143,101,41,4107,102000020,7655,2012-11-16,11,OZ,4,5.96
460191088,77,57,5704,104667545,20216,2012-05-24,16,OZ,1,2.5
460191088,77,9,970,103800030,62065,2012-07-25,14.1,OZ,1,2.5
460191088,77,11,1111,103800030,17050,2012-08-09,9.5,OZ,1,4.99
460193946,101,26,2628,1068826767,20616,2012-10-13,1,RL,1,1
460199666,101,73,7302,1034152030,2963,2012-05-20,100,CT,1,3.99
460199666,101,29,2905,104118848,6915,2012-06-09,15,OZ,1,0.99
460199666,101,2,213,101600010,1756,2012-09-21,12.75,OZ,1,3.49
460199666,101,56,5610,104610040,15889,2013-01-18,5,OZ,1,3.49
460204072,77,5,501,1088491282,8459,2012-06-30,14.5,OZ,2,5
460206594,101,57,5710,1068954464,6086,2013-03-21,5.3,OZ,1,1.49
460208211,77,55,5567,104154848,5603,2012-10-09,5.8,OZ,1,1.69
460208211,77,4,419,107726070,15624,2013-01-22,1,OZ,2,1
460208211,77,6,606,105000050,3001,2013-03-12,12.6,OZ,1,5.49
460225613,101,36,3634,1073951070,16807,2012-10-25,20,OZ,1,1
460227757,101,21,2118,108079383,6926,2012-07-19,16.9,OZ,3,3
460227757,101,51,5125,102580020,16668,2012-12-09,4.9,OZ,1,2.5
460227757,101,3,304,105210050,11382,2012-12-09,1,OZ,1,2.79
460237883,101,9,917,107373171,11786,2012-03-04,17.5,OZ,1,2.49
460237883,101,1,106,101500010,7142,2012-08-31,6,OZ,4,2.92
460239752,101,33,3318,107010474,18491,2012-08-26,10,OZ,1,1
460240988,101,15,1506,104114343,17593,2012-04-09,6,OZ,1,3.99
460240988,101,26,2617,101090010,15232,2012-07-22,1,CT,2,7.1
460240988,101,45,4509,1068826767,81691,2013-02-03,16,OZ,1,8.49
460241035,101,8,836,1068826767,81691,2012-04-09,32,OZ,1,1.29
460241473,101,18,1837,104650040,14869,2013-07-06,30,OZ,1,8.29
460250331,101,58,5823,104470040,13310,2012-08-01,16,OZ,2,9.98
460253823,101,4,410,1073402777,24012,2012-11-18,3,OZ,1,1.64
460263055,101,26,2628,103040030,17034,2012-03-16,6,RL,1,5.99
460263055,101,63,6330,1068826767,81691,2012-09-14,16,OZ,1,1.5
460263055,101,17,1707,104159848,19708,2013-05-16,1,OZ,1,4.35
460266176,101,15,1505,1080276383,17674,2012-06-07,7,OZ,1,2.99
460266176,101,58,5831,107274575,13804,2012-09-05,96,OZ,1,10.99
460266176,101,51,5125,101380010,10271,2013-05-05,7.25,OZ,2,6.58
460267226,101,9,922,101600010,6283,2012-09-13,5.34,OZ,1,2.5
460277895,101,9,908,107203070,5812,2012-03-05,13.5,OZ,1,4.49
460277895,101,21,2117,108768484,2903,2012-03-26,60,OZ,2,5
460277895,101,29,2914,102100020,9886,2012-07-30,5.5,OZ,5,6.25
460277937,101,36,3612,1068826767,158,2012-04-11,128,OZ,1,0.79
460278628,101,23,2301,103340030,15474,2012-11-11,12,OZ,1,1
460289710,101,33,3305,102840020,18584,2012-07-02,9,OZ,1,3.5
460289710,101,3,303,107116979,2732,2012-12-01,2.2,OZ,1,1.99
460289710,101,46,4606,1068826767,81691,2013-03-18,10,OZ,1,4.39
460298052,101,49,4901,1068826767,81691,2013-04-04,32,OZ,1,2
460320865,101,95,9518,1061029060,7848,2012-06-22,1,CT,1,4.49
460320865,101,26,2615,1078212676,12348,2012-09-18,20,CT,1,4.99
460322082,101,23,2301,103340030,15802,2012-09-22,12,OZ,1,1
460322265,77,27,2704,1063913969,30106,2012-12-14,64,OZ,1,4.79
460326488,101,58,5831,107274575,13804,2012-12-23,60,OZ,1,9.99
460326488,101,17,1709,101920010,10882,2013-01-13,24,OZ,2,3.98
460332291,101,99,9908,103338333,33170,2012-05-04,8,OZ,1,1.99
460332291,101,0,0,10000,20405,2012-07-02,0,,1,-5.82
460332291,101,96,9609,1051015858,88199,2013-01-15,0,,1,-1
460333108,101,37,3707,105260353,13414,2012-04-12,32,OZ,1,2.79
460338721,101,96,9609,1050057353,88199,2012-04-15,0,,1,-1
460338721,101,69,6901,102220020,17067,2012-10-17,3,OZ,1,2.69
460357654,101,63,6315,1068826767,81691,2012-03-13,128,OZ,1,3.52
460357654,101,5,501,101600010,3331,2012-11-27,12.8,OZ,1,2.79
460357654,101,9,907,1068826767,81691,2012-12-10,20,OZ,2,3
460365767,101,30,3001,104800141,8178,2012-09-12,30,OZ,1,5.39
460365767,101,26,2628,103700030,2248,2012-11-06,1,RL,2,4.18
460375233,101,37,3707,1068826767,20616,2013-01-08,32,OZ,1,2.49
460375233,101,63,6315,1068826767,12475,2013-02-14,128,OZ,1,5.99
460375233,101,65,6503,107042777,12137,2013-02-25,16,OZ,1,4.39
460382469,101,96,9609,1053600050,88199,2012-08-12,0,,2,-2
460392489,77,96,9609,1055000050,88199,2012-10-10,0,,1,-1
460392489,77,7,708,1076211171,17286,2012-11-14,12,OZ,2,17.98
460396156,77,11,1102,1072277676,17117,2012-05-10,200,CT,1,5.49
460401259,101,73,7316,1030800434,11898,2012-03-07,0.16,OZ,1,10.99
460401259,101,57,5707,107047070,20230,2012-06-15,16,OZ,2,4
460401259,101,96,9609,1054300050,88199,2012-11-02,0,,1,-1
460410542,101,49,4901,101312010,26885,2012-05-09,28,OZ,1,3
460416923,101,9,901,103420030,15315,2012-03-04,18,OZ,1,2.79
460416923,101,9,904,1078735979,6734,2012-10-06,4.5,OZ,1,1
460416923,101,0,0,10000,0,2012-12-30,0,,1,2.72
460416923,101,25,2506,104410040,8481,2013-02-23,32,OZ,1,2.19
460422864,101,23,2301,1076738777,5261,2012-04-30,13.25,OZ,1,1.99
460424961,101,16,1604,102200020,13228,2012-03-28,42,CT,2,4
460424961,101,72,7205,103500030,3830,2012-10-28,5.8,OZ,1,3.34
460424961,101,97,9781,10000,8255,2013-01-08,1,CT,1,-1.02
460425194,101,9,911,107209272,9316,2012-07-12,1.6,OZ,1,2.25
460427596,101,21,2119,108390080,12546,2012-05-05,20,OZ,1,1.59
460427596,101,63,6319,102073525,18893,2012-07-11,128,OZ,2,5.98
460434411,101,96,9609,1053600050,88199,2012-06-24,0,,1,-0.5
460434411,101,99,9904,1066529060,52314,2012-08-16,16,OZ,1,2.99
460435570,101,97,9753,1020413525,0,2012-11-25,1,CT,1,1.85
460435688,101,8,814,103760030,25412,2012-11-02,16,OZ,1,1.67
460435688,101,97,9748,104152040,16665,2012-11-24,2,CT,1,1.03
460435688,101,38,3801,104920040,5098,2012-11-24,4,LB,1,2.39
460435688,101,33,3301,104126242,19971,2013-03-08,6.5,OZ,1,2.5
460445306,101,63,6315,1068826767,81691,2012-08-16,32,OZ,2,1.96
460445306,101,8,807,107245777,19570,2013-01-25,12,OZ,1,4.19
460448679,101,97,9753,1081204989,0,2012-10-21,1,CT,1,3.99
460448679,101,99,9904,1071575676,5278,2013-02-03,16,OZ,1,3.99
460448679,101,55,5552,104154848,5603,2013-05-13,48,OZ,1,4.99
460450675,101,97,9753,1020401121,0,2012-03-28,1,CT,1,1.82
460457322,101,63,6315,1068826767,81691,2012-06-22,64,OZ,1,1.63
460463548,101,26,2628,1068826767,7740,2012-09-26,1,RL,3,1.5
460472230,77,3,304,102353525,10703,2012-12-16,0.25,OZ,1,2.99
460472230,77,32,3202,102700020,19737,2013-02-23,48,OZ,1,4.99
460481328,101,9,907,1068826767,81691,2012-03-24,22,OZ,1,1.89
460481328,101,58,5830,107091979,7981,2012-08-23,8,OZ,1,3.49
460481328,101,41,4105,1068826767,81691,2012-12-17,14.5,OZ,2,1
460488399,101,30,3008,104133545,43106,2012-05-16,9,OZ,1,1.89
460488399,101,28,2806,10930090,12157,2012-11-01,16,OZ,1,2.59
460488450,101,45,4508,101116212,12131,2012-12-12,24.6,OZ,1,5.49
460489972,101,40,4005,107231070,1841,2012-03-22,0.96,OZ,1,2.69
460489972,101,33,3309,107373171,11786,2013-05-09,13,OZ,1,2.5
460489972,101,63,6305,104850040,18799,2013-06-14,59,OZ,1,3.99
460490525,77,9,907,107341070,888,2012-09-16,24,OZ,1,4.49
460494512,101,26,2630,103600030,9787,2012-06-21,184,CT,1,1.69
460498038,101,41,4107,104125545,7678,2012-07-27,16,OZ,2,2.9
460498038,101,63,6315,1068826767,81691,2013-01-13,32,OZ,1,1.17
460503475,101,49,4901,101312010,26885,2012-08-17,32,OZ,1,3
460512973,101,57,5704,107047070,20230,2012-12-01,6,OZ,4,3
460512973,101,34,3411,107940070,17521,2013-01-12,12,OZ,1,2
460519836,77,4,418,103400030,15113,2012-11-08,10.5,OZ,1,1.69
460519836,77,58,5823,107078474,18552,2013-02-08,9,OZ,1,3
460539277,101,8,814,107260070,8245,2013-01-31,16,OZ,2,6
460539364,101,9,913,104812141,18322,2012-09-11,12,OZ,2,3.99
460539364,101,96,9609,1051600050,88199,2012-12-30,0,,2,-1
460539364,101,41,4107,107067070,18955,2013-01-25,15,OZ,1,1.99
460549859,101,25,2509,103450030,10165,2012-10-14,32,OZ,1,2.79
460549859,101,12,1205,108000080,17292,2013-01-24,2.6,OZ,2,3.14
460553420,101,56,5614,107403070,16922,2012-03-24,12,OZ,1,4.29
460553420,101,58,5814,104470040,10837,2012-10-27,4.2,OZ,1,1.67
460554279,101,32,3203,1068826767,81691,2012-04-26,6,OZ,1,2
460555245,101,53,5307,1068826767,20616,2012-05-07,16,OZ,1,1.89
460555245,101,63,6315,1068826767,81691,2013-02-08,128,OZ,1,3.8
460555245,101,18,1890,107048575,8154,2013-02-08,3,CT,1,1.69
460560055,77,63,6319,104850040,10522,2012-08-27,59,OZ,2,5
460561989,77,33,3305,102840020,18584,2012-07-29,10,OZ,1,3.34
460566847,101,38,3802,104920040,5098,2013-03-21,2,LB,1,1.89
460566847,101,27,2702,101780010,95301,2013-04-04,16.5,LB,1,19.29
460571140,77,8,826,104133545,43106,2012-06-23,16,OZ,1,2
460571140,77,56,5620,102100020,13967,2013-06-22,8,OZ,1,3.49
460583707,101,29,2924,101740010,11748,2013-03-29,14,OZ,1,1.99
460583707,101,5,518,101862717,9496,2013-05-26,7,OZ,2,6
460594483,77,9,904,107078474,18552,2012-03-04,5,OZ,2,4
460594483,77,26,2628,103040030,17034,2012-10-14,6,RL,1,5.99
460596765,101,41,4105,102400020,4704,2012-08-31,14.5,OZ,1,1
460596765,101,63,6323,104190040,4664,2013-01-26,64,OZ,1,2.69
460597594,101,56,5607,102100020,13967,2012-12-03,8,OZ,1,2.15
460611763,77,43,4302,107078474,18552,2012-10-10,8,OZ,1,1.19
460611763,77,36,3634,1078616272,7237,2013-02-05,33.8,OZ,1,1.34
460616780,77,29,2904,101530010,13610,2012-06-08,4.8,OZ,1,1
460616780,77,95,9518,1072047373,7848,2012-10-19,1,CT,1,1.99
460617467,101,33,3303,102840020,10241,2012-05-23,10.5,OZ,1,4.29
460617467,101,4,410,107920070,20031,2013-01-08,12,OZ,1,2.5
460623067,77,4,416,103400030,8247,2013-03-26,1.2,OZ,3,2.25
460623067,77,21,2106,105100050,27873,2013-04-21,64,OZ,3,8.07
460623906,101,26,2609,1068826767,7173,2012-07-28,150,CT,1,4.1
460623906,101,72,7210,107666070,6414,2012-12-28,2.4,OZ,1,4.49
460623906,101,29,2914,102100020,19279,2013-06-08,12,OZ,1,2.29
460627212,101,79,7901,107547070,44821,2012-12-17,1,CT,1,2.99
460630607,101,8,818,103620030,14868,2012-03-10,26,OZ,1,2.29
460630607,101,9,907,105040050,95440,2012-07-13,12,OZ,1,2
460630607,101,9,921,107203070,5812,2012-08-26,3.5,OZ,2,2
460630607,101,63,6315,1068826767,81691,2013-05-24,32,OZ,1,1.09
460644060,77,3,310,107045070,4913,2012-08-20,6,OZ,1,3.79
460644230,77,97,9781,10000,8255,2012-08-14,1,CT,1,-2.89
460644611,101,5,518,101600010,7400,2012-08-11,6.36,OZ,1,2.5
460648433,77,18,1836,107078474,18552,2012-10-26,32,OZ,1,3.99
460648433,77,99,9909,107127979,6732,2013-02-22,5,OZ,1,2.5
460650317,77,97,9781,10000,8255,2012-04-15,1,CT,1,-0.67
460650317,77,55,5552,107078474,18552,2012-09-05,48,OZ,1,2.79
460650317,77,0,0,10000,20405,2012-11-29,0,,2,-12.4
460650317,77,10,1012,102700020,23332,2013-01-07,13,OZ,1,1
460650616,77,33,3308,102840020,3387,2012-12-15,4.5,OZ,1,2
460656571,77,30,3007,107020070,11244,2012-11-27,12,OZ,2,4.29
460656758,101,26,2628,103700030,2248,2012-08-14,8,RL,2,16.98
460657083,101,10,1011,104300040,26232,2012-11-09,14.5,OZ,1,1.84
460662491,101,63,6319,107047474,6965,2012-07-11,128,OZ,1,2.99
460662491,101,3,311,1064420969,5345,2012-10-14,16,OZ,1,1.5
460662620,101,13,1306,107101272,9680,2013-02-23,5,LB,1,3.99
460662620,101,9,913,107147979,1505,2013-06-14,12,OZ,1,2.09
460663863,101,38,3801,1068826767,81691,2012-04-07,4,LB,1,2.39
460663863,101,56,5615,102100020,4218,2012-06-10,8,OZ,1,3.49
460663863,101,9,901,104400040,12885,2012-09-23,10.5,OZ,1,3.79
460663939,101,36,3618,104900040,23359,2012-03-28,20,OZ,1,1.59
460663939,101,12,1206,108660080,2559,2012-06-05,12,OZ,2,7.18
460670146,101,53,5307,1068826767,81691,2012-11-24,16,OZ,2,2.5
460673871,101,96,9609,1052927454,88199,2012-07-14,0,,1,-1
460673871,101,36,3611,108265787,4687,2013-03-01,473.2,OZ,1,3.99
460675592,101,51,5125,105010050,8089,2012-10-16,10.5,OZ,1,2
460675592,101,26,2634,104200040,14813,2013-02-14,6,RL,1,3.99
460676953,101,51,5125,101380010,10271,2012-03-20,8.5,OZ,1,2
460676953,101,57,5703,1068826767,81691,2012-11-04,6,OZ,3,3
460676953,101,21,2112,1080276383,17674,2013-03-02,48,OZ,1,3.49
460679247,101,41,4110,103940030,71386,2012-06-07,28,OZ,1,1.75
460680538,101,63,6399,1068826767,7173,2012-06-20,32,OZ,1,1.39
460680538,101,5,501,1068826767,81691,2013-05-26,11.5,OZ,1,2.49
460680640,101,5,520,103000030,14760,2012-08-18,42,OZ,1,3.79
460680640,101,97,9753,1023230424,0,2012-09-26,1,CT,1,5.01
460680640,101,3,309,1068826767,81691,2013-03-21,7,OZ,1,1.79
460685630,101,9,901,1068826767,81691,2012-06-21,9,OZ,1,2.49
460690297,77,17,1724,107048171,32487,2012-03-21,32,OZ,1,3.99
460690297,77,9,907,107078474,18552,2012-07-25,20,OZ,1,1
460694588,77,63,6330,107078474,18552,2012-05-12,16,OZ,2,4.98
460694588,77,33,3350,102620020,16611,2012-08-19,4.2,OZ,1,4.39
460698393,101,53,5307,1068826767,81691,2012-09-30,16,OZ,2,2.5
460698393,101,96,9609,1054180050,88199,2013-01-31,0,,1,-1
460699845,77,69,6901,107940070,17521,2012-03-18,2.6,OZ,2,4
460710062,101,36,3604,107800070,2829,2012-05-25,67.6,OZ,2,2
460710062,101,35,3504,103700030,4628,2012-07-17,24,OZ,1,2.79
460710865,77,99,9908,101833717,26028,2012-12-14,12,OZ,1,2.99
460712990,101,99,9904,103338333,33170,2012-10-19,80,OZ,1,4.99
460712990,101,8,818,103620030,14868,2012-11-14,16,OZ,1,1.67
460712990,101,26,2609,1068826767,17698,2013-01-25,15,CT,2,2.38
460721115,77,50,5001,102113121,11151,2012-04-21,16.5,OZ,2,7.38
460721115,77,97,9753,1020111828,0,2013-02-23,1,CT,1,14.66
460721711,101,55,5564,101626414,21015,2012-04-16,26,OZ,1,10.99
460721711,101,30,3001,104800141,8178,2012-08-03,8,OZ,1,2.49
460721711,101,21,2117,108768484,2903,2012-08-21,60,OZ,2,5
460721711,101,37,3707,105100050,2820,2013-01-21,10.5,OZ,1,1.79
460728964,101,8,807,101300010,9031,2012-11-20,19,OZ,1,2.29
460732107,77,97,9799,107079272,8183,2013-03-29,1,CT,1,1.99
460737392,101,9,907,107518575,11221,2012-05-21,15,OZ,1,3.49
460737392,101,33,3305,107797575,27417,2012-10-29,16,OZ,1,3.29
460737392,101,7,708,104133141,7531,2012-11-18,8.8,OZ,1,3.5
460737392,101,74,7402,104152040,2963,2013-01-19,7,OZ,2,3.68
460739888,101,70,7002,104152040,2963,2012-06-28,20,CT,1,3.49
460739888,101,0,0,10000,20405,2013-02-24,0,,1,-1.05
460742734,101,99,9904,1071575676,5278,2012-12-19,6,OZ,1,2.99
460742734,101,53,5307,1068826767,81691,2013-01-29,32,OZ,1,2.39
460742734,101,9,902,103010030,18457,2013-03-20,12,OZ,1,3.5
460742734,101,27,2701,101113212,491,2013-06-04,13,OZ,1,0.65
460746688,101,9,902,103010030,3744,2012-08-28,15,OZ,2,6
460749371,77,16,1604,102200020,13228,2012-10-24,14,CT,2,3.33
460749371,77,9,920,103010030,9530,2013-03-26,11,OZ,1,2.5
460759677,101,97,9753,10000,0,2012-05-02,1,CT,161,3.2
460759677,101,56,5607,1068826767,81691,2012-09-18,8,OZ,1,1.25
460760056,101,49,4901,107194777,26972,2012-05-11,21.2,OZ,1,2.29
460760056,101,9,920,107641070,10160,2012-05-18,11,OZ,1,2.5
460760056,101,8,815,103900030,13296,2012-08-01,8,OZ,1,1.89
460760056,101,8,810,104600040,13023,2012-08-01,1,OZ,2,1.78
460760056,101,37,3705,105100050,2820,2013-03-30,18.8,OZ,3,4.5
460760263,77,63,6315,107078474,18552,2013-04-30,64,OZ,1,1.95
460760882,101,63,6320,1068826767,81691,2012-06-30,18,CT,1,2.19
460760882,101,97,9753,1020466424,0,2012-07-24,1,CT,1,0.93
460760882,101,37,3705,105100050,2820,2012-10-27,18.8,OZ,4,6
460760882,101,9,902,104400040,15335,2013-05-15,15.1,OZ,1,2.99
460760882,101,9,907,1068826767,7173,2013-05-19,12,OZ,1,1.5
460765831,101,63,6317,104157040,2017,2012-06-01,64,OZ,1,3.09
460777533,101,97,9753,1020406525,0,2012-04-12,1,CT,1,0.92
460777533,101,63,6320,1068826767,81691,2012-09-05,12,CT,1,1.89
460777654,101,70,7002,1030813737,25162,2012-03-31,20,CT,1,2.79
460777654,101,56,5612,102100020,9886,2013-02-02,6.4,OZ,2,6.98
460777654,101,9,902,104400040,12279,2013-03-16,14.4,OZ,1,2.99
460782779,77,36,3612,107572070,14196,2012-08-10,128,OZ,1,1
460787692,101,51,5115,101960010,3174,2012-07-06,5.6,OZ,4,5.47
460788296,101,72,7205,107732676,18502,2013-02-18,4.7,OZ,2,6
460788728,101,35,3504,103500030,13470,2013-01-06,10,OZ,1,1.65
460791954,77,5,501,107078474,18552,2012-06-03,13,OZ,1,2.8
460791954,77,55,5559,107078474,18552,2012-08-12,21,OZ,1,1.99
460791954,77,11,1111,103800030,17050,2012-12-22,40,OZ,2,13.98
460791954,77,99,9908,103338333,33170,2013-02-03,16,OZ,2,3.98
460793359,101,3,303,105210050,2732,2012-03-22,2.5,OZ,1,1.89
460793359,101,21,2119,1061300868,867,2012-08-14,128,OZ,1,2.5
460794053,101,26,2617,1068826767,7740,2012-09-21,1,CT,1,0.75
460796640,101,60,6010,101800010,14029,2012-04-13,6,OZ,1,0.96
460796640,101,25,2509,1068826767,81691,2013-03-29,32,OZ,1,2.49
460807400,77,4,421,104000040,16565,2012-12-14,14,OZ,1,3.49
460809541,77,97,9781,10000,8255,2012-07-23,1,CT,1,-0.4
460809990,101,37,3711,102880020,7907,2012-06-15,18.8,OZ,1,1.95
460812560,77,37,3709,107066272,12673,2013-01-15,3,OZ,6,2
460826551,101,8,802,104150040,6667,2013-03-20,12,OZ,1,2.41
460836865,101,8,836,101300010,8164,2012-06-26,32,OZ,1,1.69
460836865,101,20,2002,105100050,27873,2012-06-26,46,OZ,1,3.49
460836865,101,25,2506,105000050,32115,2012-07-01,16,OZ,1,2
460836865,101,59,5906,104060040,26155,2013-01-27,15,OZ,2,4
460840794,101,99,9909,107143070,5072,2012-12-12,9,OZ,1,2.99
460840794,101,26,2633,103040030,683,2013-04-23,24,RL,1,11.99
460848055,77,37,3705,105100050,2820,2012-10-19,18.6,OZ,2,4.36
460850791,77,73,7357,103076838,17627,2012-04-13,60,CT,2,9.99
460862894,101,16,1604,101254616,4806,2012-04-02,60,CT,1,2.5
460862894,101,36,3601,104900040,3809,2012-04-21,60,OZ,1,3.49
460862894,101,32,3202,1068826767,81691,2012-04-21,24,OZ,1,2.99
460865103,77,56,5607,107078474,18552,2012-06-25,8,OZ,1,2.39
460866170,101,25,2505,105000050,32115,2012-11-15,16,OZ,1,2.19
460866170,101,27,2701,102310020,13705,2013-04-30,13.2,OZ,5,4.25
460868730,101,63,6315,107047272,26467,2012-04-04,128,OZ,2,7.32
460868730,101,26,2609,1068826767,20616,2012-08-08,35,CT,1,2
460876369,101,17,1726,104650040,14149,2013-03-21,25,CT,1,3
460878377,101,11,1102,1068826767,81691,2012-03-04,80,CT,1,2.69
460878377,101,53,5307,1068826767,81691,2013-03-24,16,OZ,1,1.34
460878377,101,63,6321,1068826767,7173,2013-05-16,10,OZ,1,3.29
460878377,101,9,920,103010030,9530,2013-06-17,11.04,OZ,2,5.09
460881396,101,51,5125,107265575,8089,2012-03-03,9.4,OZ,2,4
460890157,77,26,2608,107078474,18552,2012-07-21,24,CT,1,1
460890157,77,5,501,107078474,18552,2012-10-13,12.2,OZ,1,2.79
460893268,101,63,6315,1068826767,81691,2012-03-05,128,OZ,1,2.8
460893268,101,2,201,101600010,1756,2013-03-09,16,OZ,1,2.29
460914960,101,5,501,101600010,3331,2012-05-28,12,OZ,1,3.09
460918384,101,12,1206,108660080,2559,2012-04-07,5,OZ,2,2
460918384,101,5,516,103000030,14760,2013-01-31,6.7,OZ,2,4.44
460918406,101,9,920,107260070,8245,2012-06-02,11,OZ,1,2.99
460918406,101,41,4107,102000020,7655,2012-11-19,14.5,OZ,2,1
460930556,77,70,7001,103680030,18533,2012-12-04,16,OZ,1,0.89
460940812,77,30,3007,107020070,11244,2012-05-08,12,OZ,1,4.29
460943284,101,5,501,101600010,9773,2012-11-24,12,OZ,1,3.39
460943284,101,99,9908,1068826767,7173,2013-02-23,80,OZ,1,3.49
460943766,77,26,2630,103600030,9787,2012-07-18,50,CT,1,1.67
460948823,101,63,6332,102500020,11749,2012-06-08,59,OZ,2,6
460948823,101,63,6305,101630010,6509,2012-10-01,128,OZ,1,5.89
460948823,101,63,6315,107047474,6965,2012-11-12,64,OZ,1,2.79
460953925,77,8,807,107460979,9524,2012-05-20,18,OZ,2,3
460953925,77,29,2923,104100040,9814,2013-01-13,4.3,OZ,1,1
460956904,101,0,0,10000,20405,2012-11-05,0,,1,-2
460956904,101,22,2211,1068826767,7173,2013-01-10,80,CT,1,2.59
460958305,101,34,3410,107418272,16853,2012-08-26,11.25,OZ,2,2.5
460958305,101,4,419,1074759979,7168,2013-03-04,4.58,OZ,1,3.99
460958305,101,3,304,105210050,11382,2013-03-17,1,OZ,2,6.58
460958356,101,57,5710,1089470080,21065,2013-04-01,14,OZ,2,5.98
460958789,101,45,4508,102802929,18738,2012-08-23,12,OZ,1,4.99
460960232,101,10,1004,104300040,26232,2013-03-17,14.1,OZ,1,3.29
460961967,101,63,6319,107654575,17876,2012-04-01,128,OZ,1,2.55
460961967,101,44,4402,103100030,1358,2012-09-09,7,OZ,1,1
460961967,101,81,8101,101230010,15736,2012-11-24,1,CT,3,18.57
460961967,101,29,2903,106414464,3342,2013-02-10,14.75,OZ,2,2
460961967,101,96,9609,1051380050,88199,2013-05-13,0,,1,-1
460961967,101,9,920,107641070,10160,2013-06-09,12,OZ,1,2.5
460963121,101,15,1504,104114343,17593,2012-08-29,15,OZ,1,3.49
460963509,77,6,610,1081809484,15414,2012-03-10,16,OZ,1,1.67
460964765,101,12,1206,1068826767,81691,2012-05-20,9,OZ,1,3.19
460968681,77,5,516,103000030,14760,2012-04-03,6.1,OZ,2,6
460979002,77,51,5115,107218070,15035,2012-08-12,11.5,OZ,1,3.29
460979002,77,58,5824,107778272,9260,2013-04-13,19,OZ,1,5.99
460980573,77,56,5604,107790171,14428,2012-03-28,4,OZ,2,5.59
460980573,77,27,2706,105000050,6132,2012-08-01,3,OZ,8,5.67
460980573,77,47,4701,102500020,11749,2012-08-08,12,OZ,2,5.58
460980573,77,8,816,1061611262,23016,2013-03-06,10,OZ,1,2.99
460986451,101,41,4105,102700020,8612,2012-04-06,14.5,OZ,1,1.75
460986451,101,8,826,104150040,6667,2012-04-26,5,OZ,1,0.99
460986451,101,29,2908,104600040,13023,2012-06-13,16,OZ,1,1.45
460986451,101,13,1306,1068826767,81691,2013-01-10,5,LB,1,2.29
460991733,77,2,202,1064420969,5345,2012-06-02,18,OZ,1,1.67
460991733,77,57,5705,107047070,20230,2012-06-30,4,OZ,1,0.67
460991733,77,9,907,107078474,18552,2012-10-21,16,OZ,1,1.09
460992764,101,10,1011,104300040,26232,2012-04-05,19.5,OZ,2,5.98
460992764,101,31,3101,105210050,11382,2012-07-06,1.62,OZ,1,4.79
460992764,101,53,5305,102000020,7655,2012-09-20,10,OZ,1,1.59
460992764,101,9,907,107518575,11221,2012-12-06,18,OZ,1,3.49
460996216,101,9,908,107203070,5812,2012-06-12,16,OZ,1,6.49
460996493,101,99,9904,1071575676,5278,2012-03-31,32,OZ,1,4.79
460998701,77,21,2119,1061300868,867,2012-10-16,20,OZ,1,1
461000566,77,41,4107,102400020,4704,2012-04-09,8,OZ,2,1.78
461004124,101,67,6703,1030008535,58516,2012-03-25,1.5,OZ,1,2.69
461010172,101,96,9609,1057790050,88199,2012-11-01,0,,1,-1
461010711,101,63,6317,104157040,2017,2013-02-15,64,OZ,1,2.59
461011997,101,36,3635,1068826767,81691,2013-03-07,120,OZ,1,1.77
461013425,101,36,3636,104300040,29501,2012-04-22,192,OZ,1,3.99
461013425,101,27,2705,1068826767,20616,2012-06-03,5.5,OZ,1,0.38
461013425,101,63,6321,104411545,3167,2012-08-06,8,OZ,2,6
461014430,77,6,609,107007474,7315,2012-03-13,46,OZ,2,21.98
461015389,101,36,3635,101657111,17037,2012-03-03,17,OZ,4,4
461015389,101,29,2928,107142979,20299,2012-08-26,8,OZ,1,1.5
461015389,101,63,6399,1068826767,7173,2012-10-25,32,OZ,1,1.39
461015389,101,5,501,103800030,17050,2013-01-14,17.5,OZ,1,4.19
461015389,101,41,4110,103940030,71386,2013-07-19,28,OZ,1,1.67
461015389,101,63,6315,1068826767,81691,2013-07-22,32,OZ,1,1.09
461019034,101,3,310,107699171,33746,2012-08-15,16,OZ,1,8.49
461019548,101,96,9609,1051254757,88199,2012-04-03,0,,1,-4
461019548,101,97,9753,1023230424,0,2012-07-22,1,CT,1,4.54
461019548,101,15,1504,104114343,17593,2012-09-09,20,OZ,1,4.29
461019548,101,0,0,10000,20405,2013-03-24,0,,2,-19
461020871,101,35,3504,103700030,4628,2012-04-29,24,OZ,1,2.88
461020871,101,56,5610,1068826767,81691,2012-08-16,8,OZ,1,2.99
461022945,77,3,311,101600010,1756,2012-04-06,12,OZ,1,1.79
461022945,77,28,2805,107299979,98643,2013-01-04,5.75,OZ,2,2.79
461023008,77,23,2301,107078474,18552,2013-05-24,16,OZ,1,1.25
461026153,101,27,2707,1082927484,11516,2012-06-16,16,LB,1,10.99
461026153,101,33,3308,102840020,3336,2012-08-26,12,OZ,1,4.29
461026153,101,24,2406,103760030,17027,2012-11-23,12,OZ,1,2.5
461034392,101,74,7402,104740040,7196,2012-03-13,7,OZ,1,1.59
461034392,101,73,7302,1034152030,2963,2012-05-02,50,CT,2,4
461034392,101,26,2608,1068826767,16965,2013-02-01,24,CT,1,1.15
461038438,101,12,1204,104800040,38150,2012-09-27,4,OZ,2,6.38
461038438,101,63,6315,1068826767,81691,2012-10-24,128,OZ,2,7.55
461038438,101,97,9753,1020820626,0,2012-11-12,1,CT,1,15.54
461038438,101,37,3705,104119646,14582,2013-02-26,19,OZ,1,2.29
461050548,101,73,7311,1031011939,1488,2012-12-28,16,OZ,1,10.99
461052533,101,72,7205,103320030,875,2012-04-07,6,OZ,1,2.79
461052533,101,31,3111,1078735979,6734,2012-06-24,3.5,OZ,1,2.5
461052533,101,8,818,103620030,14868,2012-12-07,45,OZ,2,4
461052533,101,63,6315,1068826767,81691,2013-04-11,128,OZ,1,3.62
461056423,101,9,901,103010030,6852,2012-03-10,11.5,OZ,1,2
461056423,101,36,3626,1068826767,81691,2012-08-26,67.6,OZ,1,0.79
461056423,101,5,502,101600010,101199,2012-10-11,5.4,OZ,1,1.99
461056423,101,29,2914,102100020,19279,2012-12-09,12,OZ,2,4
461063893,101,9,920,103010030,9530,2012-04-16,11.04,OZ,1,2.5
461063893,101,58,5823,102055929,16173,2012-10-17,16,OZ,1,5.49
461063893,101,33,3304,102840020,6777,2012-11-30,10.5,OZ,1,3
461065816,101,33,3308,102840020,3336,2013-02-02,9.75,OZ,1,3.49
461065816,101,99,9908,101228919,53151,2013-03-09,8,OZ,2,2
461066365,77,8,810,104150141,13296,2013-03-06,1.25,OZ,3,3
461067720,101,58,5824,107778272,9260,2012-10-28,14,OZ,1,3.99
461068698,77,8,810,104600040,13023,2013-03-02,1,OZ,8,8.72
461070534,101,27,2707,101901414,8664,2012-12-31,6.8,LB,1,13.29
461070534,101,23,2301,108912585,14816,2013-02-13,8,OZ,1,2.79
461070534,101,28,2803,107236878,4715,2013-05-25,25.5,OZ,1,5.69
461072533,101,49,4901,101312010,26885,2012-07-07,4.25,OZ,1,1
461072533,101,12,1205,104800040,38150,2012-11-17,5.6,OZ,1,1.99
461072958,77,25,2506,105000050,32115,2012-05-23,16,OZ,1,2.79
461073145,101,0,0,10000,0,2013-05-07,0,,1,2.49
461073740,101,37,3703,1068826767,81691,2013-02-14,10.5,OZ,2,1.98
461074709,101,4,416,104000040,26517,2012-06-03,3.27,OZ,1,1.25
461074709,101,36,3611,1068826767,158,2012-06-08,591.5,OZ,2,7.98
461075054,101,92,9211,104155444,11347,2012-03-25,0.3,OZ,1,7.19
461075054,101,58,5827,1068826767,81691,2012-07-14,12,OZ,2,7.98
461075054,101,59,5906,103450030,10165,2012-10-01,15,OZ,1,2.39
461075054,101,16,1604,107339070,11515,2012-10-16,15,CT,1,1.49
461075054,101,26,2628,103700030,2248,2013-02-08,8,RL,1,13.29
461088608,101,58,5812,107091979,7981,2012-03-02,16,OZ,2,3.29
461088608,101,19,1908,102900020,14112,2013-02-04,15,OZ,1,3.29
461089398,101,9,907,1068826767,81691,2013-04-13,24,OZ,1,1.89
