3288731255,214,73,7344,1036461333,29414,2012-11-13,1.36,OZ,5,5.65
3288731255,214,79,7901,107480878,6462,2012-11-13,1,CT,1,6.99
3288731255,214,22,2210,103500030,17523,2012-11-13,150,OZ,10,65.8
3288731255,214,58,5807,107317070,13069,2012-11-13,9,OZ,1,3.98
3288731255,214,26,2609,104122040,20514,2012-11-14,100,CT,2,3.36
3288731255,214,51,5124,107960676,10195,2012-11-15,32,OZ,2,5.58
3288731255,214,58,5814,104660040,885,2012-11-15,2.6,OZ,9,8.73
3288731255,214,9,970,103800030,62065,2012-11-15,22,OZ,1,2.85
3288731255,214,26,2635,104122040,20514,2012-11-16,50,CT,4,3.96
3288731255,214,51,5121,104369545,10274,2012-11-16,9,OZ,1,1.72
3288731255,214,97,9733,107565676,26223,2012-11-18,25,CT,1,2
3288731255,214,16,1604,101254616,17473,2012-11-18,14,CT,1,0.99
3288731255,214,71,7115,10501583353,35281,2012-11-19,3.38,OZ,1,3.87
3288731255,214,58,5826,102265525,2626,2012-11-19,12,OZ,1,1.97
3288731255,214,65,6503,102770020,12137,2012-11-20,16,OZ,1,2.65
3288731255,214,56,5622,1074236575,8499,2012-11-20,6,OZ,1,3.98
3288731255,214,5,501,104122040,20514,2012-11-21,12.9,OZ,1,2.15
3288731255,214,29,2925,103520030,15256,2012-11-21,32,OZ,1,1.44
3288731255,214,99,9909,107143070,5072,2012-11-21,24,OZ,2,5.56
3288731255,214,7,707,102550020,6550,2012-11-21,11.3,OZ,4,16.12
3288731255,214,33,3310,102840020,51688,2012-11-23,3.5,OZ,1,2
3288731255,214,57,5704,103663232,4568,2012-11-23,16,OZ,13,25.94
3288731255,214,9,970,103800030,62065,2012-11-24,14.1,OZ,1,1.98
3288731255,214,3,310,107045070,4913,2012-11-24,2.25,OZ,1,1.42
3288731255,214,56,5619,102100020,19279,2012-11-25,16,OZ,2,7.66
3288731255,214,73,7302,1030057333,250,2012-11-26,20,CT,1,3.48
3288731255,214,17,1706,101980010,19934,2012-11-26,67.6,OZ,1,4.88
3288731255,214,36,3611,101200010,803,2012-11-26,540.8,OZ,6,29.9
3288731255,214,26,2628,103700030,2248,2012-11-27,1,RL,2,2.94
3288731255,214,9,907,104122040,20514,2012-11-27,18.25,OZ,1,1.48
3288731255,214,51,5126,107007777,17950,2012-11-28,14,OZ,1,2
3288731255,214,26,2606,104122040,20514,2012-11-29,100,CT,1,1.49
3288731255,214,58,5814,104470040,10837,2012-11-29,3.4,OZ,2,2.76
3288731255,214,22,2211,103700030,2246,2012-12-01,80,CT,1,4.17
3288731255,214,8,830,107142979,20299,2012-12-02,3,OZ,1,0.98
3288731255,214,37,3711,105260353,13414,2012-12-02,17.6,OZ,1,2.89
3288731255,214,8,814,103390737,911,2012-12-02,16,OZ,1,3.59
3288731255,214,97,9753,1020408222,0,2012-12-03,1,CT,1,4.68
3288731255,214,9,902,104400040,19783,2012-12-05,15,OZ,1,3.88
3288731255,214,36,3627,107800070,23362,2012-12-05,144,OZ,5,15
3288731255,214,58,5824,104122040,20514,2012-12-07,12,OZ,3,3.75
3288731255,214,9,901,1070897171,10653,2012-12-07,13.5,OZ,3,10.05
3288731255,214,97,9753,1020406626,0,2012-12-07,1,CT,1,1.26
3288731255,214,43,4302,104122040,20514,2012-12-08,16,OZ,2,2.96
3288731255,214,9,920,104400040,15335,2012-12-09,6,OZ,1,2.68
3288731255,214,54,5401,103800030,5618,2012-12-09,12.6,OZ,2,4.64
3288731255,214,9,902,104400040,15335,2012-12-09,11.3,OZ,1,2.78
3288731255,214,30,3002,104800141,8178,2012-12-10,15,OZ,1,2.98
3288731255,214,57,5705,104122040,23511,2012-12-10,6,OZ,4,1.72
3288731255,214,4,418,101070010,19846,2012-12-10,12,OZ,1,1.74
3288731255,214,33,3313,102840020,6777,2012-12-11,3.13,OZ,1,1.29
3288731255,214,33,3305,1071826272,49572,2012-12-11,20,OZ,1,4.98
3288731255,214,36,3601,101200010,13794,2012-12-11,288,OZ,1,6.97
3288731255,214,51,5122,108298888,19799,2012-12-12,9.5,OZ,3,11.34
3288731255,214,4,423,107279979,19735,2012-12-12,2.75,OZ,1,1.98
3288731255,214,5,502,101600010,107416,2012-12-14,4.5,OZ,1,2
3288731255,214,25,2503,105000050,32115,2012-12-14,35.3,OZ,1,5.48
3288731255,214,22,2207,104460040,3718,2012-12-15,49.2,OZ,1,4.34
3288731255,214,28,2805,107365171,11166,2012-12-15,7,OZ,2,8.64
3288731255,214,21,2121,105385959,9582,2012-12-16,11.5,OZ,7,2.52
3288731255,214,35,3504,103700030,6947,2012-12-17,30,OZ,1,1.97
3288731255,214,27,2701,102310020,13705,2012-12-17,13.2,OZ,13,8.84
3288731255,214,5,504,1072225272,3695,2012-12-17,2.4,OZ,7,8
3288731255,214,36,3631,104122040,23511,2012-12-18,20,OZ,4,2
3288731255,214,11,1112,102898929,26666,2012-12-19,10,OZ,1,3.27
3288731255,214,96,9632,1079936676,52482,2012-12-19,1,CT,1,25
3288731255,214,72,7205,103500030,3830,2012-12-21,6,OZ,15,38.03
3288731255,214,32,3202,105150050,4307,2012-12-22,64,OZ,1,5.36
3288731255,214,8,805,107047575,59325,2012-12-22,6,OZ,1,0.67
3288731255,214,33,3302,102389626,14268,2012-12-22,19.2,OZ,1,3.58
3288731255,214,36,3627,107800070,23362,2012-12-22,144,OZ,1,3
3288731255,214,47,4704,102500020,11749,2012-12-22,12,OZ,3,3.54
3288731255,214,31,3108,102460020,11990,2012-12-22,8,OZ,1,1
3288731255,214,4,416,104000040,26517,2012-12-23,2,OZ,3,6
3288731255,214,1,106,1081851282,23989,2012-12-23,4,OZ,12,17.76
3288731255,214,51,5117,104122040,23511,2012-12-23,15,OZ,2,7.96
3288731255,214,33,3307,107641070,10160,2012-12-23,1.38,OZ,2,1
3288731255,214,32,3201,105010050,885,2012-12-23,16,OZ,37,47.36
3288731255,214,56,5617,102100020,9886,2012-12-24,6,OZ,1,2.67
3288731255,214,4,419,1074759979,7168,2012-12-24,3.17,OZ,1,2.48
3288731255,214,22,2201,104460040,3718,2012-12-24,30,OZ,1,1.75
3288731255,214,58,5823,101590010,1366,2012-12-26,16,OZ,9,10.75
3288731255,214,75,7501,1030052131,14250,2012-12-26,3.9,OZ,1,4
3288731255,214,18,1890,107830070,14142,2012-12-26,1,CT,1,2.73
3288731255,214,29,2925,102392626,5069,2012-12-26,80,OZ,1,2.99
3288731255,214,97,9799,101249515,861,2012-12-27,1,CT,1,14.97
3288731255,214,10,1007,104122040,20514,2012-12-28,3.4,OZ,6,3.36
3288731255,214,38,3802,107210070,26172,2012-12-29,2,LB,1,1.86
3288731255,214,73,7304,1030003131,15393,2012-12-31,4,OZ,1,5.64
3288731255,214,2,201,1064420969,5345,2013-01-01,16.5,OZ,22,23.2
3288731255,214,51,5122,104122040,23511,2013-01-01,16,OZ,1,1.67
3288731255,214,36,3635,102113626,107125,2013-01-01,12,OZ,24,12
3288731255,214,97,9799,101258717,7245,2013-01-01,3,CT,1,2.28
3288731255,214,56,5610,102100020,9886,2013-01-01,8,OZ,1,3.5
3288731255,214,35,3506,103700030,3068,2013-01-02,16.5,OZ,1,5.97
3288731255,214,4,416,101070010,56124,2013-01-02,1.85,OZ,3,2.01
3288731255,214,64,6401,101820010,9683,2013-01-02,40,OZ,5,7.78
3288731255,214,95,9517,1060267060,10490,2013-01-02,4,CT,1,0.5
3288731255,214,78,7802,1078471676,46222,2013-01-02,1,CT,2,5
3288731255,214,51,5115,107192171,25673,2013-01-03,22.1,OZ,1,4.98
3288731255,214,39,3903,107218878,64994,2013-01-03,8,OZ,1,1.14
3288731255,214,63,6315,101400010,2199,2013-01-04,64,OZ,12,31.42
3288731255,214,4,410,1072522676,4652,2013-01-04,5.92,OZ,1,1.28
3288731255,214,31,3101,107175878,49914,2013-01-04,4,OZ,1,2.29
3288731255,214,36,3603,104300040,26420,2013-01-04,320,OZ,18,15.04
3288731255,214,63,6315,104122040,20449,2013-01-05,128,OZ,1,5.19
3288731255,214,35,3509,103700030,6947,2013-01-05,137,OZ,1,14.97
3288731255,214,28,2804,107639777,9982,2013-01-05,7,OZ,5,3.65
3288731255,214,58,5836,107050575,54979,2013-01-05,38,OZ,11,76.92
3288731255,214,71,7102,104815545,13864,2013-01-06,15,OZ,3,3
3288731255,214,58,5823,104122040,23511,2013-01-06,24,OZ,1,7.48
3288731255,214,21,2109,104180040,19713,2013-01-07,64,OZ,3,9.84
3288731255,214,36,3604,104122040,20514,2013-01-07,72,OZ,1,1.25
3288731255,214,72,7205,103700030,4294,2013-01-07,11.6,OZ,2,11.36
3288731255,214,17,1704,1079271676,875,2013-01-07,32,OZ,5,9.45
3288731255,214,73,7302,1030004535,12020,2013-01-08,100,CT,1,8.67
3288731255,214,12,1206,108000080,17292,2013-01-09,4.5,OZ,2,3
3288731255,214,32,3202,104122040,20514,2013-01-09,48,OZ,46,117.84
3288731255,214,36,3612,102259222,13400,2013-01-10,128,OZ,8,8.18
3288731255,214,8,803,104122040,20514,2013-01-10,8,OZ,7,4.06
3288731255,214,31,3101,104122040,20514,2013-01-10,6,OZ,6,10.84
3288731255,214,75,7503,104138848,1993,2013-01-11,0.35,OZ,1,1.52
3288731255,214,8,838,102700020,11091,2013-01-11,15,OZ,12,12
3288731255,214,58,5835,107011070,13378,2013-01-11,32,OZ,1,5.78
3288731255,214,58,5814,104470040,10837,2013-01-12,10.7,OZ,15,35.56
3288731255,214,97,9753,1075166676,0,2013-01-12,1,CT,2,5.36
3288731255,214,41,4109,103760030,4979,2013-01-12,7.5,OZ,2,1.96
3288731255,214,56,5611,104175747,14459,2013-01-13,12,OZ,2,5.64
3288731255,214,9,918,101410010,13791,2013-01-13,7.5,OZ,2,5.36
3288731255,214,36,3632,109047898,62260,2013-01-13,50.7,OZ,1,1.25
3288731255,214,9,908,102430020,10577,2013-01-13,20.98,OZ,1,3.5
3288731255,214,74,7405,104740040,7196,2013-01-13,3,CT,1,13.27
3288731255,214,23,2301,104133141,7531,2013-01-13,7,OZ,3,1.2
3288731255,214,11,1102,1089081282,8714,2013-01-13,1,CT,1,4.69
3288731255,214,41,4108,1088439585,27519,2013-01-13,15,OZ,4,2.96
3288731255,214,8,803,104122040,20514,2013-01-14,24,OZ,2,2.58
3288731255,214,36,3611,102259222,13400,2013-01-14,202.8,OZ,1,2.46
3288731255,214,9,922,102430020,10577,2013-01-15,13.1,OZ,1,1.64
3288731255,214,7,707,104300040,7161,2013-01-15,12,OZ,1,6.48
3288731255,214,33,3308,102840020,3336,2013-01-16,9.75,OZ,17,39.36
3288731255,214,57,5707,107047070,20230,2013-01-16,16,OZ,6,11.12
3288731255,214,51,5122,104122040,20514,2013-01-16,16,OZ,6,11.82
3288731255,214,4,416,102800020,2631,2013-01-17,3.9,OZ,4,3.8
3288731255,214,8,814,104122040,23511,2013-01-17,16,OZ,4,7.64
3288731255,214,26,2631,103600030,4139,2013-01-17,36,CT,1,2.48
3288731255,214,29,2904,101530010,13610,2013-01-19,4.8,OZ,3,2.88
3288731255,214,27,2704,102310020,13705,2013-01-19,24,OZ,1,3.16
3288731255,214,36,3618,104900040,23359,2013-01-20,101.4,OZ,9,27.1
3288731255,214,58,5824,105018757,6985,2013-01-20,10,OZ,3,2.92
3288731255,214,97,9734,107666676,8760,2013-01-21,1,CT,1,4
3288731255,214,10,1007,104300040,26232,2013-01-21,0.3,OZ,2,1.24
3288731255,214,9,917,104856444,7755,2013-01-22,15,OZ,14,20.72
3288731255,214,71,7115,107279070,16838,2013-01-22,14,OZ,1,6.34
3288731255,214,27,2705,105000050,6775,2013-01-22,5.5,OZ,38,17.15
3288731255,214,34,3411,103700030,8993,2013-01-22,24,OZ,1,3.47
3288731255,214,63,6315,104122040,23511,2013-01-22,64,OZ,111,229.37
3288731255,214,9,908,107235979,2011,2013-01-22,6,OZ,2,2
3288731255,214,64,6409,108308585,15597,2013-01-24,0.75,LT,1,11.99
3288731255,214,97,9753,1020453929,0,2013-01-24,1,CT,2,3.96
3288731255,214,8,822,104477444,2519,2013-01-24,8.25,OZ,1,1.63
3288731255,214,41,4110,103940030,71386,2013-01-24,28,OZ,3,5.42
3288731255,214,37,3707,105100050,17812,2013-01-24,32,OZ,1,1.98
3288731255,214,18,1827,104650040,7249,2013-01-24,9.7,OZ,2,2
3288731255,214,36,3611,1089888686,6893,2013-01-24,33.8,OZ,1,1.79
3288731255,214,9,917,104856444,7755,2013-01-25,22.5,OZ,3,6.24
3288731255,214,8,810,104122040,23511,2013-01-25,1,OZ,10,2.8
3288731255,214,8,809,103900030,10383,2013-01-25,15,OZ,2,2.96
3288731255,214,33,3301,107942676,15276,2013-01-25,3.5,OZ,2,2.56
3288731255,214,26,2611,103600030,4814,2013-01-26,18,CT,1,11.64
3288731255,214,53,5309,104122040,23511,2013-01-26,6,CT,14,18.3
3288731255,214,71,7106,103700030,8047,2013-01-26,1.7,OZ,3,4.95
3288731255,214,25,2504,102800020,12547,2013-01-26,7.6,OZ,6,8.04
3288731255,214,8,826,1078192373,65486,2013-01-26,6,OZ,8,4.24
3288731255,214,74,7404,102220020,26596,2013-01-26,5,OZ,3,14.49
3288731255,214,63,6313,104122040,23511,2013-01-26,8,OZ,16,14.08
3288731255,214,26,2620,104200040,5016,2013-01-27,100,CT,1,2.97
3288731255,214,73,7303,1031144434,153,2013-01-27,4,OZ,2,9.84
3288731255,214,33,3301,108372484,57438,2013-01-27,8,OZ,1,3
3288731255,214,5,517,103800030,17050,2013-01-27,4.4,OZ,14,39.41
3288731255,214,34,3410,101700010,4912,2013-01-27,52,OZ,1,3.95
3288731255,214,97,9753,1022100323,0,2013-01-27,1,CT,3,11.55
3288731255,214,29,2907,107373171,11786,2013-01-27,13.2,OZ,19,35.16
3288731255,214,26,2614,103600030,9878,2013-01-27,50,CT,1,3.97
3288731255,214,9,901,104400040,8463,2013-01-28,10,OZ,5,14
3288731255,214,58,5831,103927232,26234,2013-01-28,16,OZ,1,3.98
3288731255,214,33,3305,102840020,15870,2013-01-28,16,OZ,2,5.96
3288731255,214,58,5814,104470040,10837,2013-01-28,8.74,OZ,1,3.24
3288731255,214,22,2210,107261373,22666,2013-01-29,64,OZ,5,7.85
3288731255,214,26,2609,104200040,5016,2013-01-29,40,CT,1,3.47
3288731255,214,63,6315,1074236575,8499,2013-01-29,128,OZ,1,5.58
3288731255,214,55,5558,107585676,9798,2013-01-30,16,OZ,1,2.92
3288731255,214,17,1708,104122040,20514,2013-01-31,4,OZ,19,13.93
3288731255,214,31,3101,105210050,11382,2013-01-31,2.62,OZ,2,5.52
3288731255,214,31,3107,105210050,17081,2013-01-31,5.25,OZ,1,1.28
3288731255,214,23,2301,107680878,1393,2013-01-31,16,OZ,18,20.14
3288731255,214,33,3318,104122040,20514,2013-01-31,10,OZ,1,1.48
3288731255,214,49,4901,104122040,20514,2013-01-31,30,OZ,1,1.9
3288731255,214,5,501,104122040,20514,2013-02-01,20,OZ,13,25.6
3288731255,214,51,5134,104280040,18599,2013-02-01,44.5,OZ,6,41.88
3288731255,214,6,601,105133656,10036,2013-02-01,9,OZ,1,2
3288731255,214,22,2210,103700030,6947,2013-02-01,64,OZ,4,13.96
3288731255,214,97,9753,1022703121,0,2013-02-01,1,CT,1,1.99
3288731255,214,17,1707,104460040,3718,2013-02-02,36.8,OZ,1,3.69
3288731255,214,59,5902,104720040,3239,2013-02-02,16,OZ,3,8.94
3288731255,214,92,9213,1071934676,82313,2013-02-02,8.5,OZ,1,39.99
3288731255,214,31,3108,102360424,18914,2013-02-02,1.15,OZ,9,8.91
3288731255,214,27,2712,103907939,17560,2013-02-02,1,CT,1,4.17
3288731255,214,51,5126,102113121,11151,2013-02-03,13,OZ,14,32.72
3288731255,214,5,501,101600010,85114,2013-02-03,43.75,OZ,12,83.76
3288731255,214,58,5812,101590010,1366,2013-02-03,48,OZ,17,60.04
3288731255,214,36,3603,107089373,74538,2013-02-03,169,OZ,1,1.92
3288731255,214,92,9208,102457626,47891,2013-02-03,12,CT,4,4
3288731255,214,28,2803,104122040,20514,2013-02-03,10,OZ,26,19.48
3288731255,214,23,2301,108939787,14840,2013-02-03,16,OZ,2,1.98
3288731255,214,25,2502,104175646,15677,2013-02-03,96,OZ,1,2.88
3288731255,214,41,4107,1087694181,13478,2013-02-03,15,OZ,8,10.39
3288731255,214,36,3618,104900040,23359,2013-02-04,96,OZ,15,55
3288731255,214,99,9901,1071170272,53404,2013-02-04,0.66,OZ,1,2.47
3288731255,214,10,1007,104300040,26232,2013-02-04,0.6,OZ,1,1.08
3288731255,214,37,3709,107066272,12673,2013-02-04,72,OZ,1,3.42
3288731255,214,9,903,104139040,9659,2013-02-04,8,OZ,1,1.52
3288731255,214,11,1114,1070662474,4368,2013-02-04,16,OZ,1,2.25
3288731255,214,59,5907,102700020,2012,2013-02-04,45,OZ,13,31.14
3288731255,214,26,2617,104122040,23511,2013-02-04,1,CT,57,103.72
3288731255,214,60,6010,104122040,20514,2013-02-04,12,OZ,16,14.97
3288731255,214,9,902,104400040,15335,2013-02-05,12.73,OZ,6,15
3288731255,214,18,1890,105114151,16044,2013-02-05,1,CT,3,8.91
3288731255,214,58,5814,102781525,885,2013-02-05,10.2,OZ,12,24
3288731255,214,7,703,104300040,11339,2013-02-05,7.2,OZ,1,2.88
3288731255,214,21,2112,107045070,17674,2013-02-05,32,OZ,2,4.68
3288731255,214,36,3601,104900040,3809,2013-02-05,144,OZ,56,205.39
3288731255,214,73,7360,103367434,12484,2013-02-05,120,CT,1,29.99
3288731255,214,73,7302,105084454,30195,2013-02-05,50,CT,4,6
3288731255,214,72,7209,104770141,4800,2013-02-05,30,CT,1,0.92
3288731255,214,34,3411,107418272,16853,2013-02-05,18,OZ,1,3.47
3288731255,214,8,810,107109272,19849,2013-02-05,3.03,OZ,1,1.88
3288731255,214,58,5811,104122040,23511,2013-02-05,10,OZ,15,19.2
3288731255,214,28,2803,10930090,12157,2013-02-06,8,OZ,1,0.98
3288731255,214,36,3603,107239272,8019,2013-02-06,135.2,OZ,2,1.92
3288731255,214,31,3101,107175878,2139,2013-02-06,3.5,OZ,2,5.96
3288731255,214,58,5833,1075363373,27319,2013-02-06,8,OZ,3,14.37
3288731255,214,72,7208,103500030,3830,2013-02-06,1,CT,46,47.21
3288731255,214,29,2923,104100040,9814,2013-02-06,4.5,OZ,2,1.96
3288731255,214,73,7304,1036382434,12163,2013-02-06,14,CT,2,22.94
3288731255,214,5,501,101862717,9496,2013-02-06,12,OZ,3,8.34
3288731255,214,55,5552,107189979,2010,2013-02-06,64,OZ,59,308.81
3288731255,214,63,6305,104122040,20514,2013-02-06,128,OZ,41,129.88
3288731255,214,51,5122,104122040,23511,2013-02-06,32,OZ,2,20.54
3288731255,214,97,9753,107675373,0,2013-02-07,1,CT,1,9.97
3288731255,214,26,2606,1077000979,8722,2013-02-07,100,CT,1,6.99
3288731255,214,7,708,107059474,2700,2013-02-07,10,OZ,1,1.99
3288731255,214,97,9731,1065356969,1770,2013-02-07,1,CT,2,28.46
3288731255,214,19,1905,104122040,20514,2013-02-07,32,OZ,4,8.86
3288731255,214,17,1703,104129444,14048,2013-02-07,24,OZ,1,1.86
3288731255,214,23,2301,108912585,14816,2013-02-07,8,OZ,2,4.78
3288731255,214,32,3202,107339171,10732,2013-02-08,128,OZ,3,28.15
3288731255,214,41,4107,104122040,20514,2013-02-08,16,OZ,1,0.69
3288731255,214,31,3101,107199878,18517,2013-02-08,8,OZ,2,2.26
3288731255,214,51,5119,102370020,78850,2013-02-08,28,OZ,2,15.74
3288731255,214,34,3411,107940070,17521,2013-02-08,12,OZ,8,12
3288731255,214,36,3632,104122040,23511,2013-02-08,144,OZ,31,82.77
3288731255,214,4,416,104000040,16765,2013-02-08,1.76,OZ,1,0.68
3288731255,214,13,1306,107023373,13915,2013-02-08,5,LB,1,2.69
3288731255,214,9,917,104122040,23511,2013-02-09,30,OZ,11,15.18
3288731255,214,12,1206,108660080,2559,2013-02-09,5,OZ,2,2.18
3288731255,214,64,6401,108066080,11836,2013-02-09,144,OZ,3,35.31
3288731255,214,39,3903,104122040,20514,2013-02-09,12,OZ,9,9.39
3288731255,214,75,7503,108307888,2997,2013-02-09,0.25,OZ,1,1
3288731255,214,9,921,102430020,10577,2013-02-10,3,OZ,9,4.5
3288731255,214,21,2116,104300040,26420,2013-02-10,40.5,OZ,13,13
3288731255,214,92,9210,107124979,21913,2013-02-10,0.5,OZ,4,39.38
3288731255,214,2,202,105150050,14029,2013-02-10,17.5,OZ,3,5.34
3288731255,214,9,902,104400040,15335,2013-02-10,14.2,OZ,2,5
3288731255,214,25,2503,105000050,32115,2013-02-11,35.3,OZ,31,169.88
3288731255,214,78,7801,107420070,10310,2013-02-11,1,CT,1,3.75
3288731255,214,58,5824,104122040,23511,2013-02-12,12,OZ,2,5.66
3288731255,214,58,5824,105018757,6985,2013-02-12,10,OZ,3,2.94
3288731255,214,26,2630,103700030,14647,2013-02-12,56,CT,7,10.29
3288731255,214,36,3603,1075417777,9778,2013-02-12,32,OZ,8,2
3288731255,214,21,2119,1061300868,867,2013-02-12,23,OZ,9,8.64
3288731255,214,36,3601,104900040,3809,2013-02-12,42.2,OZ,9,9.63
3288731255,214,9,917,104122040,23511,2013-02-12,12,OZ,1,0.88
3288731255,214,8,814,104156545,13412,2013-02-13,16,OZ,8,14.8
3288731255,214,42,4220,102520020,8617,2013-02-13,15.5,OZ,2,4.38
3288731255,214,4,418,101121515,17857,2013-02-13,7,OZ,4,4
3288731255,214,92,9207,107846272,50858,2013-02-13,1,CT,1,2.98
3288731255,214,28,2804,107888373,3689,2013-02-13,7,OZ,3,3.57
3288731255,214,29,2930,106414464,3342,2013-02-13,7.5,OZ,1,0.86
3288731255,214,71,7115,102240020,18715,2013-02-13,32,OZ,3,10.11
3288731255,214,36,3626,104122040,20514,2013-02-14,288,OZ,3,14.31
3288731255,214,29,2925,104122040,20514,2013-02-14,32,OZ,1,1.18
3288731255,214,34,3403,101700010,4912,2013-02-14,12,OZ,1,2.24
3288731255,214,3,302,102800020,30272,2013-02-14,11.5,OZ,1,2.26
3288731255,214,12,1205,108000080,17292,2013-02-14,9,OZ,3,9.04
3288731255,214,4,419,107726070,15624,2013-02-14,1,OZ,11,5.5
3288731255,214,4,421,107339070,23682,2013-02-14,3,OZ,5,4.95
3288731255,214,4,417,103400030,15113,2013-02-14,2.5,OZ,1,1.29
3288731255,214,36,3632,102113626,107125,2013-02-14,20,OZ,13,12.74
3288731255,214,92,9212,107417070,26732,2013-02-14,0.13,OZ,11,10.23
3288731255,214,92,9204,107417070,26732,2013-02-14,0.45,OZ,27,25.11
3288731255,214,5,501,104122040,20514,2013-02-15,17,OZ,3,6
3288731255,214,8,836,104122040,20514,2013-02-15,32,OZ,1,1.24
3288731255,214,33,3310,102840020,12188,2013-02-15,4.75,OZ,1,2
3288731255,214,71,7113,107940070,17521,2013-02-15,32,OZ,2,5.76
3288731255,214,73,7344,1030014939,80272,2013-02-15,12,OZ,1,5.98
3288731255,214,95,9517,1061029060,33170,2013-02-15,6,CT,1,1.99
3288731255,214,75,7501,101910010,9158,2013-02-15,3,OZ,1,1.84
3288731255,214,37,3704,104133141,7531,2013-02-16,2.82,OZ,2,1.98
3288731255,214,29,2914,102100020,9886,2013-02-16,3.6,OZ,1,2
3288731255,214,64,6409,1081140585,22126,2013-02-16,0.75,LT,1,9.36
3288731255,214,72,7205,103500030,3830,2013-02-16,5.8,OZ,1,3.47
3288731255,214,33,3315,102900020,14112,2013-02-17,8.75,OZ,3,14.94
3288731255,214,10,1010,105150050,16728,2013-02-17,19,OZ,1,3.07
3288731255,214,97,9730,103228131,8179,2013-02-17,1,CT,1,5
3288731255,214,36,3603,1075417777,9778,2013-02-17,35.2,OZ,6,1.2
3288731255,214,71,7114,102240020,18715,2013-02-17,11,OZ,3,10.44
3288731255,214,29,2907,104122040,20514,2013-02-17,4.6,OZ,1,0.98
3288731255,214,23,2301,101270010,16555,2013-02-17,7,OZ,1,0.98
3288731255,214,9,907,104122040,23511,2013-02-17,12,OZ,13,21.84
3288731255,214,8,822,107942676,15276,2013-02-18,107,OZ,1,8.48
3288731255,214,32,3202,107339171,10732,2013-02-18,48,OZ,1,2.92
3288731255,214,9,908,107432373,1866,2013-02-18,8.82,OZ,2,4.48
3288731255,214,17,1719,104122040,23511,2013-02-19,12,OZ,1,3.27
3288731255,214,9,921,102560020,18051,2013-02-19,4,OZ,2,2
3288731255,214,19,1905,105150050,16728,2013-02-19,20,OZ,5,10.8
3288731255,214,54,5403,107790070,9200,2013-02-20,34,OZ,1,7.85
3288731255,214,27,2705,105000050,6775,2013-02-20,132,OZ,1,10.98
3288731255,214,29,2928,105480050,19039,2013-02-20,6,OZ,2,2
3288731255,214,36,3632,107800070,4354,2013-02-20,96,OZ,1,3.97
3288731255,214,11,1102,1072277676,17117,2013-02-20,100,CT,2,4.36
3288731255,214,73,7349,104122040,23511,2013-02-21,60,CT,1,8.97
3288731255,214,15,1505,1080276383,17674,2013-02-21,7,OZ,1,2.38
3288731255,214,59,5907,102740020,16291,2013-02-21,15,OZ,3,6.54
3288731255,214,26,2622,102570020,20361,2013-02-21,40,CT,1,3.96
3288731255,214,9,907,107373171,11786,2013-02-21,15,OZ,1,2.84
3288731255,214,31,3101,107079676,3198,2013-02-22,1.75,OZ,1,1.67
3288731255,214,9,901,107232070,17320,2013-02-22,10.8,OZ,2,5.78
3288731255,214,3,311,105150050,14029,2013-02-22,16,OZ,4,5.76
3288731255,214,58,5814,102781525,885,2013-02-22,5.4,OZ,2,5
3288731255,214,73,7309,103700030,11551,2013-02-22,120,CT,1,12.84
3288731255,214,26,2628,103700030,2248,2013-02-22,8,RL,8,72.18
3288731255,214,63,6320,102862121,6175,2013-02-22,12,CT,13,40.01
3288731255,214,4,410,101121515,17857,2013-02-23,1,OZ,4,0.24
3288731255,214,51,5122,1065827666,8605,2013-02-23,7.6,OZ,1,2.15
3288731255,214,16,1604,102200020,13228,2013-02-24,55,CT,1,3.04
3288731255,214,4,418,104000040,26517,2013-02-24,9.9,OZ,1,2.48
3288731255,214,21,2117,102800020,56490,2013-02-24,54,OZ,2,5
3288731255,214,37,3704,104800141,9814,2013-02-24,3.5,OZ,3,2.94
3288731255,214,69,6903,107295979,25910,2013-02-24,6,OZ,2,12.03
3288731255,214,51,5125,102580020,16668,2013-02-25,9,OZ,7,12.43
3288731255,214,26,2613,103700030,13481,2013-02-25,96,CT,1,24.94
3288731255,214,54,5403,107011070,13378,2013-02-26,14.4,OZ,1,3.78
3288731255,214,9,902,104122040,20514,2013-02-26,9.5,OZ,1,1.54
3288731255,214,19,1905,103732333,12209,2013-02-26,17,OZ,1,1.82
3288731255,214,58,5824,104280444,54201,2013-02-26,30,OZ,1,5.99
3288731255,214,3,304,105210050,11382,2013-02-27,2,OZ,2,7.11
3288731255,214,63,6317,102529323,16410,2013-02-27,64,OZ,10,26.46
3288731255,214,56,5617,104122040,20514,2013-02-27,12,OZ,4,9.92
3288731255,214,10,1012,104122040,23511,2013-02-27,14,OZ,8,7.12
3288731255,214,51,5126,102113121,11151,2013-02-28,13,OZ,1,2.48
3288731255,214,36,3618,104900040,23359,2013-02-28,96,OZ,2,8.54
3288731255,214,19,1904,104122040,20514,2013-02-28,12,OZ,2,5.96
3288731255,214,31,3108,105210050,11382,2013-03-01,2.12,OZ,3,5.94
3288731255,214,6,605,104552949,127,2013-03-01,18,OZ,3,7.77
3288731255,214,8,816,104082242,15667,2013-03-01,4.1,OZ,1,2.28
3288731255,214,41,4110,107032070,18670,2013-03-01,15.5,OZ,4,3.36
3288731255,214,57,5704,103663232,4568,2013-03-02,48,OZ,3,16.44
3288731255,214,18,1841,104178545,12907,2013-03-02,1,CT,1,9.98
3288731255,214,58,5833,103477939,26663,2013-03-02,16,OZ,6,20.58
3288731255,214,97,9753,104339646,0,2013-03-02,1,CT,1,9.99
3288731255,214,9,902,1068670060,6978,2013-03-03,18.6,OZ,3,8.62
3288731255,214,29,2902,104122040,20514,2013-03-03,19,OZ,1,1.69
3288731255,214,97,9753,1022034525,0,2013-03-03,1,CT,1,10.6
3288731255,214,33,3310,107110373,56704,2013-03-04,3,OZ,1,1.87
3288731255,214,99,9909,107143070,5072,2013-03-04,12,OZ,1,2.98
3288731255,214,57,5710,107047070,20230,2013-03-04,12,OZ,2,4
3288731255,214,18,1854,101650010,27270,2013-03-04,10,CT,2,4.73
3288731255,214,27,2702,101780010,14717,2013-03-04,4,LB,1,4.47
3288731255,214,5,501,101600010,10797,2013-03-04,11.5,OZ,3,7.42
3288731255,214,42,4220,104122040,23511,2013-03-05,16,OZ,21,23.84
3288731255,214,41,4108,104122040,23511,2013-03-05,15,OZ,8,12
3288731255,214,9,902,104400040,44236,2013-03-05,7.5,OZ,0,0
3288731255,214,29,2908,104122040,20514,2013-03-06,16.5,OZ,1,0.59
3288731255,214,37,3705,104122040,20514,2013-03-06,18.8,OZ,6,8.28
3288731255,214,51,5126,102113121,11151,2013-03-06,14,OZ,8,19.84
3288731255,214,9,907,107225070,12465,2013-03-06,20,OZ,35,90.91
3288731255,214,71,7113,1081655989,25033,2013-03-06,14.2,OZ,1,1.84
3288731255,214,17,1721,104159848,19708,2013-03-07,16,OZ,1,4.39
3288731255,214,8,838,102700020,11091,2013-03-07,15,OZ,1,1
3288731255,214,73,7311,104122040,23511,2013-03-07,12,OZ,1,4.94
3288731255,214,69,6901,107732676,18502,2013-03-07,2.25,OZ,1,1.79
3288731255,214,36,3627,104900040,23363,2013-03-07,67.6,OZ,2,3.34
3288731255,214,16,1604,101254616,4806,2013-03-08,48,CT,3,8.04
3288731255,214,2,212,101330010,11211,2013-03-08,7.6,OZ,2,1.92
3288731255,214,35,3506,103700030,3068,2013-03-08,75,OZ,2,10.33
3288731255,214,36,3611,1060004969,30909,2013-03-08,50.7,OZ,1,1.29
3288731255,214,97,9753,1020459626,0,2013-03-08,1,CT,1,1.88
3288731255,214,9,911,107209272,9316,2013-03-08,7,OZ,1,1.98
3288731255,214,64,6401,107199070,4043,2013-03-08,216,OZ,1,15.27
3288731255,214,45,4512,104122040,20514,2013-03-09,14,OZ,1,7.33
3288731255,214,64,6401,1063625161,17409,2013-03-09,22,OZ,1,7.49
3288731255,214,69,6901,107940070,4696,2013-03-09,2.7,OZ,4,9.73
3288731255,214,14,1404,1089000080,11289,2013-03-09,12.8,OZ,4,9.12
3288731255,214,51,5134,104280040,18599,2013-03-10,19.8,OZ,1,3.18
3288731255,214,25,2506,104127141,26189,2013-03-10,16,OZ,2,3.36
3288731255,214,29,2902,101490010,19995,2013-03-10,19,OZ,2,4.25
3288731255,214,13,1302,104146040,14062,2013-03-11,32,OZ,1,1.48
3288731255,214,54,5403,107790070,9200,2013-03-11,12.8,OZ,2,11.94
3288731255,214,58,5823,104122040,20514,2013-03-11,2,OZ,6,3.48
3288731255,214,33,3305,1075752878,1381,2013-03-11,4,OZ,7,8.96
3288731255,214,50,5001,102113121,11151,2013-03-11,16,OZ,3,7.44
3288731255,214,9,917,104122040,23511,2013-03-12,25.5,OZ,2,2.76
3288731255,214,2,211,101600010,1910,2013-03-12,60,OZ,1,4.38
3288731255,214,32,3203,106414464,13474,2013-03-12,5,OZ,1,2.62
3288731255,214,36,3632,104122040,20514,2013-03-13,72,OZ,18,22.5
3288731255,214,9,918,101410010,13791,2013-03-13,6.25,OZ,1,2.68
3288731255,214,73,7330,104122040,23511,2013-03-14,16,CT,1,2.18
3288731255,214,21,2113,102500020,11749,2013-03-14,60,OZ,3,11.07
3288731255,214,36,3632,104122040,20514,2013-03-14,67.6,OZ,3,2.22
3288731255,214,4,411,104000040,17287,2013-03-14,14,OZ,1,2.28
3288731255,214,4,416,102800020,4346,2013-03-14,1.55,OZ,5,4.76
3288734368,214,4,416,103400030,452,2012-09-01,1.61,OZ,1,0.79
3288734368,214,79,7903,107148676,46194,2012-12-04,1,CT,0,0
3288742411,214,4,410,1074491171,23861,2012-11-20,0.59,OZ,1,0.2
3288742411,214,33,3311,102840020,27521,2012-12-19,10.5,OZ,1,3.48
3288784994,46,56,5620,102100020,9886,2013-01-13,7,OZ,2,5
3288797970,46,9,902,103010030,45064,2013-01-28,11,OZ,1,2.72
3288819309,3,40,4004,1079452272,18071,2012-12-20,1.8,OZ,1,3.5
3288819309,3,23,2301,1089505989,1393,2013-02-03,16,OZ,2,4
3288819309,3,57,5710,1089470080,21065,2013-06-09,5.3,OZ,7,7
3288829567,4,35,3504,103700030,4628,2012-05-23,19,OZ,1,2.69
3288829567,4,36,3601,104900040,3809,2012-07-11,240,OZ,1,5.99
3288829567,4,10,1010,103400030,8247,2012-08-16,24,OZ,2,4
3288829567,4,5,501,103800030,6796,2013-01-02,15,OZ,1,4.59
3288841110,15,63,6305,102500020,11749,2012-06-14,59,OZ,2,5
3289036382,14,5,516,101600010,12426,2012-10-21,7.2,OZ,1,3
3289528622,42,9,907,104149747,19710,2012-05-24,19,OZ,1,1.79
3289848744,508,57,5710,103663232,4568,2012-06-24,5.3,OZ,3,3.21
3289848744,508,21,2116,1069963262,15391,2012-08-25,10.1,OZ,2,2.1
3289858628,508,51,5125,101380010,10271,2012-03-03,9.88,OZ,1,2.35
3289858628,508,0,0,10000,0,2012-03-03,0,,1,-1
3289858628,508,92,9204,109500898,21346,2012-05-18,0.46,OZ,1,8.18
3289858628,508,99,9908,1060580666,11481,2012-07-05,5.5,OZ,1,1.18
3289866768,508,44,4406,1082624686,19487,2012-06-23,8,OZ,1,4.5
3289866768,508,57,5710,1089470080,21065,2012-08-25,14,OZ,1,1.55
3289875783,508,22,2211,103700030,5174,2012-08-05,105,CT,1,4.89
3289879781,508,63,6311,104180040,19713,2013-02-08,59,OZ,1,1.93
3290002925,21,5,501,103800030,4086,2012-04-07,18,OZ,1,3.39
3290002925,21,17,1719,101920010,10882,2012-12-31,19,OZ,1,6.49
3290002925,21,99,9908,107878373,26033,2013-03-03,12,OZ,1,1.99
3290026665,101,63,6320,1068826767,81691,2012-11-28,18,CT,1,2.79
3290026665,101,56,5610,1068826767,81691,2012-12-30,6,OZ,1,2
3290026703,101,5,520,1068826767,81691,2012-04-13,18,OZ,1,1.59
3290026703,101,63,6319,107654575,17876,2012-10-04,128,OZ,1,2
3290027642,101,63,6311,105110959,30774,2012-10-26,64,OZ,1,3.99
3290027830,101,14,1415,103890030,5072,2012-11-03,11,OZ,1,1.19
3290027830,101,72,7211,1031015838,14213,2013-05-21,40,CT,1,3.29
3290040802,64,32,3204,104179040,1698,2012-10-04,17,OZ,1,3.49
3290093445,165,35,3509,103320030,875,2012-04-18,125,OZ,1,10.49
3290093445,165,63,6315,107203676,7953,2012-09-25,128,OZ,1,2.89
3290093467,165,56,5621,107203676,7953,2013-01-16,8,OZ,1,2.89
3290093467,165,1,106,102392323,5494,2013-02-23,4,OZ,4,3.96
3290093467,165,49,4901,101312010,26885,2013-04-11,32,OZ,2,3.75
3290094961,165,97,9781,10000,8255,2012-11-16,1,CT,1,-1.05
3290099368,143,44,4401,105100050,13791,2013-04-02,19.6,OZ,1,4.79
3290102528,98,9,901,104400040,3453,2013-03-31,3.5,OZ,1,1
3290102696,126,72,7205,103500030,3830,2012-03-20,6,OZ,1,3.05
3290103357,98,97,9707,107169171,15583,2013-04-27,1,CT,3,23.97
3290103357,98,58,5815,101111010,9907,2013-07-15,7,OZ,1,3
3290112232,126,33,3302,101111010,9907,2012-04-14,9,OZ,2,2
3290113410,98,79,7903,107148676,17274,2012-03-15,1,CT,1,3.99
3290113410,98,97,9799,104122646,5981,2012-04-08,1,CT,1,6.99
3290117525,12,55,5558,101111010,4020,2012-03-08,36.8,OZ,1,4.99
3290117525,12,41,4105,101111010,9907,2012-05-03,14.5,OZ,4,2.76
3290121691,12,0,0,10000,0,2013-02-15,0,,1,0
3290121691,12,55,5552,102073525,18893,2013-07-11,48,OZ,2,5
3290123143,63,29,2902,103760030,8501,2013-02-17,15,OZ,1,1
3290153038,96,33,3319,102840020,10241,2013-02-05,9,OZ,1,3
3290153646,96,21,2119,1061300868,867,2012-04-01,128,OZ,1,3.49
3290154012,96,51,5124,102708626,5108,2012-04-11,6,OZ,2,2.58
3290154596,96,18,1898,104133343,5379,2012-04-04,2,CT,1,8.99
3290154596,96,96,9632,107675070,101702,2012-05-06,1,CT,1,50
3290154596,96,96,9632,107675070,8990,2012-08-01,1,CT,1,25
3290154658,96,58,5810,107389070,17549,2012-08-11,16,OZ,1,3.19
3290154706,96,51,5121,104369545,10274,2012-06-10,9,OZ,5,10
3290162870,214,36,3601,104122040,23511,2012-04-19,144,OZ,1,2.25
3290162870,214,30,3008,104100040,19975,2012-08-21,16,OZ,1,1.76
3290162870,214,57,5707,103663232,4568,2013-01-17,37.2,OZ,1,4.58
3290188017,214,31,3111,104150040,6714,2012-11-21,6,OZ,2,5.24
3290192471,214,41,4107,103710030,10383,2012-04-06,28,OZ,1,1.19
3290192471,214,45,4508,104440040,7504,2012-04-15,18.2,OZ,1,3.98
